25 22 335 7809
4604 4149 2084 2934 161 161 2760 1044 1608 184 1953 1681 381 3860 4400 797 4204 3906 1235 2344 262 671 
4411 1086 4184 2781 137 4542 1199 2975 751 3122 4011 103 141 1287 1758 4604 4824 2657 277 2786 16 1938 
4447 1229 1348 3180 1510 2230 3515 4010 575 608 4686 4313 2397 3398 2796 3606 2870 62 4768 1877 4335 1677 
814 3115 794 2843 3685 3016 1939 4312 4887 609 3777 4216 2247 2191 3352 3340 3232 447 752 1779 2833 2277 
1541 4162 1213 2535 3671 2477 2976 4540 1192 4420 4157 2430 917 4897 4355 260 1208 384 1421 1375 569 346 
4295 2936 691 1253 2731 2098 1662 3144 1795 4395 4369 3632 2610 1724 2357 4191 2329 3972 4673 2136 4771 4174 
3214 2788 1997 1454 2207 629 4348 2152 4234 3419 1419 2494 139 4504 3486 2546 409 2628 2997 3134 2416 167 
4715 3696 1395 2138 294 4608 2798 2576 1267 793 4110 2312 3791 2999 1928 3034 4336 3829 200 4740 1542 2474 
2713 3465 1468 4702 3544 103 4319 4033 4072 1201 1237 2845 883 1962 2725 1330 4580 264 2052 3940 4294 2150 
3019 1656 4204 3827 3487 624 3245 3982 980 3205 3422 2578 3343 4117 2306 1611 4199 3043 166 4332 3273 910 
3491 486 3778 3665 1025 4451 2934 3900 4166 3588 3381 1907 614 3683 3051 1069 4248 2069 4161 4043 1876 4822 
4699 2923 2977 301 2058 4293 4282 4145 3137 4065 1029 3712 1338 2408 853 4587 264 3744 513 1879 431 28 
1609 455 2169 1213 1474 188 468 12 4316 2293 3788 498 4573 2695 4851 4785 1201 252 3112 1645 1441 1944 
3882 1174 3744 723 392 802 4009 3313 3442 3701 265 2733 2737 3160 3676 18 1111 4158 2377 2326 1804 52 
2257 2280 541 4810 4365 1665 1332 4887 3123 29 4251 167 4207 833 954 3670 4037 4326 4597 3836 961 522 
799 525 127 297 3721 2543 2069 923 4377 1745 1770 3321 1405 4890 1866 2983 3381 3604 4767 4738 3669 782 
1581 4668 2779 1430 3341 1226 3296 1533 282 849 3666 4318 479 4398 2269 3550 88 1526 4698 1923 799 1807 
354 3945 1661 1021 829 2478 1725 3553 2666 1625 1451 3527 3431 2708 4897 1146 2299 1957 3443 898 4153 1447 
2338 4646 3110 223 545 695 2164 3384 962 1910 1988 3588 4514 2843 4880 4682 3209 3497 3040 665 3597 861 
1761 2447 16 4821 188 4546 2746 1560 147 2659 4170 2148 3055 2424 3532 4425 2654 2367 1418 4281 969 3838 
2658 739 2853 1622 1702 2578 1237 3507 965 4697 3699 3810 1765 396 4658 4238 1355 2620 701 3492 4738 3355 
2963 1624 4697 1587 427 1264 3505 463 824 66 4188 2316 4086 3112 2405 1659 2561 3488 4361 1685 4761 2106 
1218 2549 2925 3727 3997 4061 3948 358 3750 3143 2962 608 962 2282 439 2964 1903 2833 4571 759 4772 3016 
3768 169 4906 2859 2300 2205 4677 978 3185 4240 3332 4647 1968 2443 3994 3695 742 2955 3744 3427 3794 319 
2349 3936 2699 1512 1518 2268 1667 2417 4697 3958 1887 2528 767 4272 2390 1856 32 927 4491 395 343 723 
7 6 8
5 17 31
16 15 37
13 4 23
12 14 11
3 2 40
13 7 32
19 8 7
23 16 38
6 12 6
2 16 15
23 20 14
5 12 15
10 5 37
23 6 16
6 16 39
10 14 4
15 11 19
4 5 10
14 19 8
12 17 24
8 20 16
10 2 38
20 18 28
11 13 36
14 10 14
6 13 19
6 17 34
6 9 17
4 14 35
17 17 14
18 5 17
17 6 17
6 14 28
19 14 38
12 17 20
18 11 23
9 8 38
10 3 22
13 20 25
1 18 12
2 11 20
16 5 8
6 20 33
23 8 7
17 7 13
4 8 3
18 11 20
23 15 20
1 2 19
9 13 10
1 10 13
7 20 29
7 9 37
4 9 28
9 19 23
7 12 28
23 5 39
3 7 22
14 17 2
1 19 28
8 5 28
2 8 10
8 4 12
23 11 7
1 8 19
10 19 21
14 17 30
18 20 15
12 1 8
9 12 20
3 20 13
3 10 5
3 19 33
9 13 10
17 15 11
23 11 23
12 2 35
23 8 23
12 2 37
6 17 40
6 12 7
18 19 20
16 10 38
22 1 16
16 14 15
15 4 2
4 13 27
19 11 6
20 2 26
9 15 23
9 19 32
10 7 31
4 3 29
16 3 33
10 7 18
17 1 26
6 14 27
1 3 11
5 19 4
11 7 26
1 14 36
22 7 23
21 17 7
1 10 28
13 16 35
2 17 26
7 11 34
5 11 18
5 11 9
16 18 12
6 17 39
18 20 17
15 13 32
7 18 14
4 12 22
7 18 26
15 16 27
12 9 38
16 5 30
16 13 39
19 6 36
19 3 29
23 20 39
1 3 21
3 17 38
17 6 31
15 18 5
1 9 31
14 2 25
3 4 10
1 1 27
10 1 2
3 17 31
5 15 11
3 11 20
17 10 34
3 4 19
5 16 22
1 8 38
1 3 40
17 18 9
1 20 4
2 13 20
14 8 17
18 5 10
3 1 11
2 19 9
5 14 26
5 13 18
8 7 29
17 2 6
14 8 33
22 17 5
11 18 31
11 3 26
19 13 2
18 3 23
12 15 36
9 5 21
4 1 1
12 14 5
8 5 34
7 15 15
2 20 24
3 16 15
9 9 30
20 13 27
18 2 9
19 15 37
15 14 27
12 13 33
17 2 2
5 4 40
1 3 7
11 2 8
4 20 24
11 16 24
9 17 38
10 14 7
17 2 27
6 10 8
5 3 13
9 16 26
20 10 35
14 13 5
17 18 25
9 9 21
23 1 4
22 16 13
10 13 39
1 17 20
10 10 25
7 3 5
10 7 4
18 9 27
21 19 24
22 19 12
2 6 19
3 3 31
20 7 8
7 2 5
4 10 3
15 20 17
13 6 25
23 4 19
10 14 37
12 2 14
9 20 28
22 2 12
21 7 22
12 10 24
9 5 7
15 5 33
6 18 2
11 9 6
1 19 26
19 8 13
21 3 9
12 4 38
18 6 23
23 14 37
10 17 37
5 10 19
17 4 40
4 1 39
5 14 37
10 20 23
20 10 35
2 15 36
5 8 29
12 3 26
15 13 28
19 20 20
23 12 6
15 13 11
14 20 24
6 14 37
13 17 18
8 4 34
1 19 8
6 1 5
14 17 8
1 19 34
18 6 40
18 7 12
16 1 9
5 4 40
19 14 4
15 13 35
19 8 28
23 3 2
17 2 26
5 3 39
4 19 10
13 1 30
16 16 15
4 13 25
19 16 39
13 13 32
6 15 9
11 3 4
1 15 29
15 4 6
18 17 25
5 9 24
13 13 34
4 12 37
6 11 33
11 18 1
10 5 32
2 8 26
11 8 5
21 4 35
13 15 40
4 17 27
17 17 40
4 15 31
21 16 20
18 17 7
9 1 3
1 1 10
18 6 29
17 17 5
5 18 26
18 6 39
22 3 27
14 3 29
17 15 32
12 12 13
8 10 18
13 1 10
19 20 4
23 1 21
12 11 31
9 9 23
5 4 3
10 18 22
16 19 6
1 12 17
17 1 12
7 1 36
4 11 40
16 15 6
7 18 1
19 14 36
20 2 36
9 7 32
4 1 38
11 20 29
21 18 38
16 1 2
15 16 31
13 19 2
20 16 2
23 14 15
23 13 24
11 5 23
16 15 38
20 4 33
18 12 8
2 20 12
7 7 15
4 13 32
21 18 20
19 9 34
16 11 29
22 12 22
17 11 14
20 2 4
17 15 37
16 13 1
20 13 29
20 7 27
11 14 38
7 3 7
16 18 12
10 13 6
8 19 3
4 6 38
16 12 20
14 1 17
3 16 35
21 9 7
23 5 28
22 20 36
6 13 21
7 18 28
8 6 33
4 15 10
1 16 7
5 1 10
18 19 33
5 16 40
22 5 40
16 5 8
23 9 13
12 5 17
13 15 29
6 7 37
20 7 28
12 1 26
9 18 29
9 12 13
11 11 11
20 6 2
15 13 29
19 2 38
14 6 32
2 11 13
22 1 19
21 5 30
4 7 21
6 13 31
22 16 20
13 6 20
7 15 29
7 7 34
23 2 6
10 11 37
6 16 33
4 16 38
1 15 3
17 19 14
22 2 40
16 6 11
10 7 17
2 19 12
14 19 26
18 20 7
5 5 6
17 2 2
20 9 28
19 17 30
7 18 10
8 4 21
5 1 22
11 20 11
11 9 5
12 3 18
11 19 19
17 17 15
20 19 26
10 2 8
16 10 31
12 13 9
7 12 5
16 1 29
23 7 18
21 18 34
22 4 14
20 13 11
16 7 17
4 19 10
14 14 26
6 2 35
15 15 38
5 4 4
5 2 26
9 4 25
3 4 20
2 20 25
23 11 32
9 15 13
22 16 27
6 9 26
8 3 28
7 2 38
16 17 36
2 15 13
22 6 14
6 19 37
5 13 24
22 2 9
7 3 30
9 13 5
14 4 24
20 1 38
21 4 19
9 10 33
13 13 36
5 13 18
22 19 31
11 7 34
15 17 4
1 8 25
17 15 7
20 3 31
10 18 37
15 8 11
20 16 24
7 3 36
6 3 35
22 17 12
23 14 16
17 16 35
23 11 17
12 1 11
16 3 23
2 8 32
20 13 36
8 6 11
8 6 9
12 9 31
23 1 35
21 20 25
8 15 37
3 17 11
1 16 3
7 10 20
19 15 9
2 2 4
4 1 6
2 16 37
6 17 1
4 8 29
18 10 29
4 17 38
16 9 9
22 18 6
3 4 32
2 11 25
7 19 30
7 6 9
9 11 31
23 15 16
3 5 13
11 18 24
6 4 9
22 3 10
16 9 24
19 5 11
12 20 6
18 13 4
15 17 11
5 10 23
22 2 5
20 1 20
2 1 32
16 12 5
11 3 12
19 2 17
14 3 35
4 4 5
16 4 28
5 9 18
9 18 34
6 4 40
19 18 13
22 15 17
7 17 8
4 9 15
12 10 22
14 13 10
15 9 24
15 5 8
14 20 32
18 15 22
19 18 21
4 5 18
11 8 2
1 12 20
8 7 5
1 16 29
5 6 9
4 14 15
3 15 15
3 1 16
14 16 40
18 1 12
22 14 14
4 16 18
15 12 2
4 11 10
6 1 36
19 5 13
18 13 26
19 2 29
19 9 18
14 11 10
1 3 15
15 3 20
22 9 36
4 12 24
21 6 10
20 14 4
3 10 31
21 17 13
10 6 30
10 11 40
13 19 31
1 16 35
3 9 2
7 3 25
16 7 18
3 6 14
5 5 38
14 18 30
4 12 18
5 16 14
20 19 3
9 6 28
12 17 35
6 9 31
19 3 17
15 1 31
18 5 39
22 7 17
11 11 14
18 1 24
9 11 9
8 5 6
18 9 40
5 3 7
9 11 15
17 8 16
6 2 11
8 18 37
13 20 7
12 14 37
7 16 27
18 2 39
6 7 2
11 20 25
1 14 10
9 18 1
1 7 26
4 13 33
2 8 40
13 3 3
10 17 21
18 16 20
2 2 4
2 13 28
4 12 15
23 5 13
23 11 6
10 1 21
19 5 25
19 15 15
13 7 11
14 3 10
15 14 18
19 3 18
15 11 30
15 6 26
22 20 10
4 17 30
8 7 25
8 2 6
10 7 11
22 11 35
1 9 38
14 1 9
4 14 17
3 12 29
5 10 25
10 6 37
8 9 23
22 17 18
22 16 20
4 3 12
4 1 4
19 6 30
7 6 21
14 18 25
10 19 4
21 5 3
17 16 28
21 19 19
12 18 4
9 8 23
20 12 6
3 2 12
14 10 23
11 14 2
14 20 17
11 11 4
6 16 38
2 20 8
7 2 27
20 4 17
8 20 1
13 5 2
15 9 34
9 15 40
22 20 32
21 17 28
18 20 7
14 8 32
8 20 4
23 4 14
16 9 8
2 8 10
20 8 21
3 3 15
4 6 14
12 15 29
4 12 12
3 17 2
21 9 39
10 20 4
16 10 15
3 12 5
6 2 9
3 7 19
14 12 20
9 2 18
10 4 9
13 4 24
13 10 18
23 10 11
8 13 4
1 2 2
6 20 23
5 16 25
5 16 5
21 6 40
17 13 13
18 17 6
9 17 23
23 1 39
10 12 22
9 4 4
17 5 26
2 10 37
23 3 33
23 20 16
12 13 7
5 13 34
10 7 17
4 2 2
23 2 5
6 15 21
9 4 22
7 1 22
2 13 37
7 17 10
14 8 9
20 9 18
11 15 6
23 7 23
2 3 5
20 17 9
19 13 37
11 13 34
8 1 24
22 16 35
8 14 2
9 18 37
1 6 30
23 4 18
17 4 30
17 15 26
22 10 23
2 4 16
13 16 27
9 9 32
5 1 31
16 4 21
14 17 16
23 16 15
2 10 9
13 19 15
8 16 23
17 6 4
8 5 19
4 1 23
20 4 29
11 16 39
15 4 28
6 11 39
14 8 25
11 3 12
2 8 38
4 9 40
6 3 3
8 6 13
2 5 26
21 20 7
16 9 22
20 11 38
4 20 5
16 17 32
9 3 39
6 7 34
22 13 39
8 16 8
5 3 9
23 7 25
17 1 5
20 16 5
14 10 33
11 1 17
6 12 19
1 8 38
1 3 15
17 3 3
2 3 18
10 4 15
4 5 11
5 11 1
11 6 40
2 7 11
9 18 13
15 3 28
8 16 34
15 12 11
4 6 38
22 6 36
11 18 37
9 2 4
14 3 28
15 16 25
13 9 35
8 8 16
20 3 3
1 9 39
20 4 4
13 3 39
5 20 12
5 10 9
21 7 7
8 7 27
22 3 19
10 4 15
9 13 28
16 20 28
11 6 32
5 5 23
21 8 19
10 17 34
1 13 25
5 4 19
10 18 23
11 5 17
14 2 17
1 14 13
21 6 16
6 16 3
14 19 17
14 17 19
11 16 4
9 20 3
4 8 15
7 20 1
19 2 35
21 2 40
20 16 33
6 10 16
14 20 11
4 11 8
12 18 13
18 6 31
23 9 20
4 18 6
11 19 23
9 5 18
5 1 12
14 7 5
18 10 4
12 5 37
12 17 20
20 10 12
1 9 40
17 13 27
19 10 2
14 7 30
1 12 37
22 16 31
3 11 29
5 7 15
2 12 38
12 19 15
19 10 21
8 18 38
14 10 12
13 13 1
13 9 40
23 1 27
22 3 30
1 15 12
22 17 22
21 12 6
2 15 21
15 20 8
8 18 40
21 6 38
7 19 37
3 9 30
7 5 32
15 14 8
4 12 27
2 16 2
11 7 39
6 14 13
7 20 21
10 16 19
6 9 37
17 18 1
3 5 11
17 6 9
16 6 22
12 3 2
1 17 40
5 20 15
4 18 30
19 5 40
18 6 4
13 18 3
21 15 33
6 10 33
5 12 7
17 18 36
1 6 28
7 1 1
3 18 32
14 19 31
17 14 6
2 6 40
11 5 12
19 16 21
10 13 14
11 5 14
11 20 12
8 11 11
7 7 35
14 15 36
6 12 17
21 6 12
9 15 30
6 3 15
15 6 10
6 20 4
9 6 30
9 17 3
3 13 28
23 2 37
1 3 6
21 6 9
18 5 33
18 12 33
16 20 25
5 10 15
9 16 10
14 10 33
4 12 17
9 11 3
9 1 24
21 3 7
3 9 25
22 13 38
6 17 18
18 16 20
22 6 29
22 12 38
5 16 30
1 1 8
11 3 20
4 8 31
18 17 10
17 1 33
18 3 23
23 9 35
17 9 7
19 8 12
15 12 37
9 20 38
2 3 31
17 2 39
14 18 31
12 9 28
4 15 27
9 4 19
17 1 18
23 16 11
5 5 27
11 1 27
1 15 38
17 1 11
16 12 16
1 15 22
3 12 36
14 14 33
8 8 36
11 8 24
7 8 7
12 14 32
12 3 24
9 17 5
1 19 3
9 19 5
19 18 26
22 11 26
6 7 18
21 8 4
21 9 7
22 7 14
12 14 11
9 17 16
17 14 31
21 12 20
8 10 28
4 6 16
4 10 37
15 8 38
8 18 31
21 20 15
22 8 8
2 20 2
21 3 27
16 17 2
21 3 39
20 2 39
13 17 18
3 1 32
17 4 19
11 4 1
23 14 35
4 7 1
19 1 15
6 5 14
2 11 10
13 9 15
21 8 5
14 14 14
3 15 15
21 10 3
19 14 36
16 4 3
23 3 33
4 2 14
3 1 15
21 6 35
2 15 13
20 11 7
6 6 4
2 9 27
5 12 3
11 18 11
5 19 32
4 6 23
5 3 9
18 15 14
21 13 13
2 16 8
11 18 38
5 7 13
3 15 28
3 19 13
16 5 16
9 1 6
6 20 29
12 17 2
18 3 33
1 2 15
3 20 3
5 19 30
4 3 16
1 18 17
15 2 18
5 2 13
11 9 31
18 14 3
2 16 4
13 13 1
5 16 5
2 15 33
18 3 18
2 5 11
5 19 35
10 3 26
20 10 31
7 16 16
9 19 25
13 8 32
22 20 25
18 8 16
21 8 31
20 15 12
17 6 23
21 4 37
16 9 22
11 19 20
17 6 5
17 13 6
10 5 2
9 4 32
9 1 13
7 8 16
7 16 38
17 12 30
10 13 15
12 9 40
7 6 5
15 15 24
1 5 10
21 11 40
7 1 20
14 8 31
4 11 24
16 10 33
1 14 36
13 3 31
13 3 10
14 12 29
23 20 37
11 3 18
6 17 17
8 16 24
18 3 33
10 2 35
21 13 29
15 5 32
10 5 18
3 18 28
22 8 27
5 5 26
1 19 31
5 1 29
17 11 23
13 9 17
22 16 22
10 6 16
19 8 7
11 18 17
3 10 28
15 8 19
21 6 4
4 11 37
15 16 3
17 3 26
1 17 24
17 17 5
11 1 22
23 4 10
6 13 40
20 13 32
22 2 31
8 13 14
22 17 13
13 6 33
19 14 21
22 16 39
8 8 25
9 10 17
10 13 32
5 4 25
21 11 5
2 7 4
22 13 6
15 5 19
2 3 12
22 11 20
12 12 23
14 11 10
3 11 37
20 6 36
17 2 4
13 4 27
7 14 8
5 6 39
13 16 2
15 16 12
21 4 40
1 14 14
5 4 28
12 16 40
21 18 11
19 13 40
5 10 23
9 7 30
1 12 23
1 16 40
2 17 5
12 14 27
14 1 7
2 16 2
11 10 20
19 2 17
12 16 9
19 10 11
15 13 17
21 4 34
5 16 36
7 5 1
22 14 18
14 1 36
8 5 3
5 18 16
19 17 13
13 19 32
5 12 7
21 15 32
8 1 37
5 14 1
18 8 17
2 19 37
2 6 20
9 9 19
12 20 6
22 4 10
10 11 25
13 15 10
16 16 6
19 4 30
11 17 9
6 8 8
11 18 15
1 5 3
21 11 14
12 20 36
11 17 13
19 1 10
22 5 3
23 16 17
19 7 40
18 8 34
16 2 39
8 19 5
18 15 28
8 3 29
12 10 10
6 20 20
14 2 22
22 9 40
3 19 17
14 3 1
8 7 6
18 7 23
3 15 30
6 6 11
13 12 39
2 7 26
6 18 26
23 1 17
23 9 1
5 2 24
16 10 19
1 10 32
1 17 23
19 18 31
10 11 10
1 8 5
10 16 6
12 10 20
13 3 2
1 13 9
1 6 3
4 14 34
1 4 39
13 19 20
18 20 32
8 6 31
11 19 25
20 19 8
8 10 39
22 6 40
6 15 24
23 14 7
3 9 5
12 10 31
8 5 11
10 11 33
14 13 3
15 19 16
11 2 22
15 3 24
17 10 28
22 14 16
5 12 30
2 8 11
16 8 24
16 8 11
17 16 14
21 14 8
10 11 37
10 19 25
15 15 19
8 2 23
2 7 12
22 12 2
11 10 7
22 5 13
12 3 39
23 11 2
3 3 7
9 6 39
17 7 24
16 3 8
15 3 17
8 12 36
1 6 6
13 16 11
5 19 26
5 12 16
19 13 30
23 18 36
16 5 15
9 14 33
9 15 33
15 1 4
15 15 10
6 5 12
13 19 14
14 3 30
20 2 32
14 13 19
12 15 26
13 15 32
15 2 15
4 15 8
7 7 26
17 3 33
8 11 13
4 13 31
9 15 13
1 7 21
2 11 3
12 13 31
15 1 30
16 3 7
18 3 12
17 17 19
5 19 13
10 3 1
2 16 9
16 17 12
8 10 20
22 1 8
23 15 24
7 14 9
13 14 17
7 7 18
13 5 8
22 6 21
2 15 23
6 1 36
10 9 13
20 9 32
15 1 28
8 13 40
16 17 36
11 10 27
4 9 12
1 6 22
21 16 19
6 7 11
10 17 21
5 20 27
20 14 19
7 2 38
14 9 37
20 14 15
10 2 6
14 6 21
1 19 30
23 3 12
2 5 9
17 10 20
9 18 21
17 13 24
5 14 25
23 19 19
13 5 40
5 17 15
23 9 20
1 20 12
22 7 38
15 10 25
11 9 19
3 2 6
19 7 26
5 18 3
18 14 22
23 4 2
19 13 6
5 11 7
10 3 30
2 11 8
21 7 12
22 6 29
21 20 21
12 12 31
10 20 31
18 12 35
5 6 19
15 16 25
6 19 20
8 8 37
22 6 12
2 15 11
22 15 16
21 3 20
6 7 18
9 3 26
7 17 3
4 12 15
20 1 32
4 1 16
3 2 14
13 15 38
3 19 35
11 12 21
13 10 13
4 17 14
12 14 32
15 2 24
16 4 29
17 14 15
14 6 3
10 15 34
11 18 38
22 17 10
21 17 18
19 18 21
18 17 29
16 6 20
18 8 33
13 1 14
16 9 31
1 4 5
19 6 9
20 1 11
11 5 6
22 17 28
10 13 30
18 20 9
3 14 1
17 13 3
4 18 31
5 1 5
7 2 14
17 3 12
17 9 28
13 19 36
10 5 6
22 14 13
4 3 38
22 9 6
14 19 11
14 14 34
11 12 17
23 12 17
5 13 14
9 20 40
1 3 1
14 13 24
14 8 21
5 8 7
1 9 22
7 6 22
1 19 13
21 7 6
23 16 34
8 20 31
1 10 15
14 4 23
12 4 4
4 9 14
13 13 40
22 11 11
12 19 26
7 20 22
12 5 4
15 18 39
13 8 26
22 18 32
4 4 29
18 9 23
14 14 8
2 20 10
16 18 6
4 3 26
3 7 3
16 20 25
8 14 40
18 18 35
22 10 4
17 13 39
17 1 8
4 17 17
11 17 26
11 8 28
15 19 11
16 5 22
13 15 13
18 18 4
14 6 32
22 7 37
18 13 17
9 16 15
11 9 7
4 20 3
6 12 38
8 9 10
21 15 12
8 3 30
23 9 33
18 9 26
11 10 24
10 20 6
20 9 39
18 5 39
1 10 16
22 15 9
23 16 13
10 8 8
13 6 19
3 18 10
13 11 25
18 10 37
21 4 8
10 11 11
5 18 37
2 9 29
3 14 38
4 9 17
16 19 21
17 2 19
12 6 38
9 9 30
6 16 32
5 2 27
7 12 15
4 16 13
5 20 24
20 9 38
23 9 20
16 2 36
16 13 6
7 20 31
17 5 17
6 20 38
19 16 24
16 11 28
7 6 22
22 19 7
7 16 11
18 2 37
7 14 39
21 14 24
8 13 32
9 8 36
5 8 34
9 20 13
19 8 23
7 1 37
13 19 4
10 19 6
15 13 34
11 9 39
9 1 7
21 17 15
6 12 18
4 13 27
20 18 30
15 20 11
10 15 3
3 6 26
22 19 28
17 10 16
18 13 36
6 7 21
14 9 8
18 6 18
1 15 1
4 15 10
14 16 32
5 3 29
18 17 2
7 10 26
22 3 12
20 16 8
20 12 15
21 2 32
8 18 39
9 19 3
16 7 26
20 8 6
11 15 15
11 8 5
14 7 4
15 14 31
4 16 36
20 2 40
9 20 37
19 7 4
17 15 31
16 7 19
10 3 4
1 19 38
5 12 3
6 7 16
23 5 21
20 12 19
19 4 35
4 1 32
21 9 37
16 16 14
17 20 15
7 20 3
14 17 2
15 13 34
1 19 40
10 19 8
11 16 15
9 10 15
12 9 34
12 18 18
8 7 9
5 5 15
20 1 40
1 1 39
1 4 29
6 11 30
10 5 1
17 8 4
10 19 27
5 6 21
2 6 22
17 20 40
8 1 10
4 5 26
10 1 40
21 17 36
12 1 26
13 7 5
7 20 10
11 17 38
4 4 6
8 19 3
14 4 4
12 14 13
13 11 26
11 19 7
8 1 23
2 17 37
6 11 39
10 17 33
7 2 13
15 11 29
12 14 16
11 7 16
9 19 31
16 1 34
10 6 12
23 15 1
19 8 27
2 5 22
18 3 29
16 17 7
2 4 13
17 8 36
17 13 3
23 13 17
13 8 18
5 13 27
16 13 20
20 2 29
19 11 34
14 8 6
14 18 7
22 16 38
23 6 7
1 19 14
12 3 3
1 7 17
11 14 16
6 10 21
5 14 27
23 19 37
1 14 13
18 18 22
21 7 31
4 1 28
21 11 9
22 7 4
16 5 8
11 11 8
2 4 12
5 6 26
23 11 30
18 10 38
10 6 6
8 10 30
6 19 16
9 9 4
3 13 17
22 7 23
8 12 11
3 4 16
8 9 21
16 5 31
17 3 2
16 20 37
6 5 18
6 19 8
3 1 19
10 10 27
8 8 14
3 5 24
22 11 29
16 19 2
6 3 17
13 19 12
11 8 8
12 2 32
7 2 39
5 5 3
13 4 26
3 2 17
22 14 28
12 13 20
14 6 10
11 14 29
9 15 3
21 4 30
23 18 31
14 13 32
1 8 32
22 2 35
2 5 5
3 12 17
3 10 29
3 11 8
5 20 18
21 18 32
18 13 28
17 15 20
18 20 13
23 8 29
13 1 3
6 7 14
3 15 26
22 16 29
7 4 33
20 11 26
2 12 26
16 16 29
11 20 25
4 13 10
17 20 33
1 14 2
11 5 26
8 2 29
3 19 3
18 3 33
12 8 9
21 19 28
13 12 10
20 10 23
6 8 16
22 13 4
21 3 7
12 5 36
19 20 24
3 12 4
3 7 37
6 13 33
6 13 5
23 11 12
19 6 2
17 20 26
2 12 16
12 1 37
15 18 13
20 17 10
14 11 20
5 8 15
2 8 15
17 5 23
15 11 22
4 10 25
9 10 15
5 11 11
14 4 25
5 15 12
12 19 6
9 19 36
11 7 18
10 18 25
23 13 19
3 5 9
2 19 8
13 9 34
3 10 29
15 10 22
19 9 34
3 2 39
17 10 26
22 5 26
9 5 15
20 14 3
21 9 34
12 11 35
7 9 33
11 6 32
19 18 1
21 10 27
15 19 22
16 9 20
12 17 19
5 4 27
18 14 7
8 6 12
1 7 7
23 11 7
2 8 28
2 4 30
15 7 21
13 14 35
3 14 39
10 14 13
5 2 38
4 2 13
8 4 37
1 8 5
11 16 38
11 15 33
22 6 7
5 1 30
8 18 6
10 8 16
19 11 23
20 13 38
19 18 35
18 13 8
1 15 23
18 5 32
20 20 33
7 10 38
15 15 2
16 11 22
5 5 15
16 13 29
14 17 15
8 1 16
13 16 7
19 10 39
8 15 35
21 7 20
3 13 21
16 19 11
17 16 20
5 8 11
12 3 21
16 8 23
8 14 34
16 4 26
12 1 26
1 14 10
10 8 34
17 15 36
9 3 17
2 19 1
10 12 27
20 3 13
8 5 23
5 17 11
8 6 25
1 16 39
12 15 11
2 3 17
5 14 30
14 1 8
9 10 38
20 20 10
9 9 10
1 6 2
10 18 30
3 7 23
20 19 17
16 20 21
11 18 15
10 14 31
21 8 16
14 14 38
16 11 7
4 20 16
6 6 32
17 10 30
6 15 9
23 4 2
22 2 19
7 17 27
3 7 12
11 2 39
13 4 1
7 20 19
11 7 12
5 10 8
20 6 5
16 7 39
4 10 12
4 16 19
7 16 16
23 5 5
9 5 22
9 13 15
6 4 37
12 12 36
9 19 4
14 2 9
20 9 31
5 9 9
8 10 32
14 11 37
22 8 10
19 4 4
19 1 3
1 1 26
15 4 21
18 4 5
4 15 6
8 20 38
1 20 4
21 3 20
21 12 40
12 11 4
19 5 14
3 11 30
21 2 9
18 13 20
2 14 3
9 18 23
23 17 14
19 17 21
15 11 2
15 9 36
14 15 23
21 4 28
19 2 37
15 20 24
2 1 35
14 5 23
21 19 17
17 8 26
2 11 6
4 15 12
11 10 25
22 7 18
19 1 32
9 19 32
16 8 5
19 14 9
23 11 16
10 10 13
19 16 21
12 2 29
11 17 38
4 1 29
1 16 26
10 17 29
15 1 15
16 11 12
7 10 4
8 7 20
13 10 32
4 14 6
1 13 33
7 13 25
21 10 2
21 12 27
22 5 21
7 3 32
4 4 13
21 11 39
2 18 4
9 4 33
14 17 21
12 13 24
5 9 3
15 3 30
23 14 37
18 9 7
19 7 37
4 15 23
12 16 11
10 9 20
20 13 36
14 16 31
18 15 37
5 4 1
10 4 33
4 20 30
2 12 5
17 2 26
6 16 27
7 1 19
9 9 25
6 4 23
4 8 31
8 6 10
2 13 24
12 4 37
16 3 17
13 2 6
17 3 15
13 14 35
7 1 14
3 19 14
13 4 16
18 5 15
1 5 15
20 11 30
18 19 30
22 4 21
11 13 20
9 9 21
22 3 21
16 12 13
6 3 21
4 10 5
18 4 16
9 9 27
23 14 40
2 11 28
2 7 27
10 10 8
21 4 21
6 12 18
22 7 9
23 19 12
14 19 3
21 12 20
12 2 26
20 20 1
14 8 31
10 18 26
14 4 6
5 13 25
19 18 8
18 13 17
10 17 10
17 7 27
14 17 1
3 10 32
3 3 15
10 9 36
9 4 37
5 5 10
21 18 25
17 14 6
4 9 37
20 16 40
17 14 3
13 6 30
4 15 24
21 7 4
11 11 1
19 10 7
2 12 9
22 18 13
2 18 27
18 10 6
2 11 15
2 13 1
8 5 33
5 9 21
8 4 14
7 5 16
7 10 25
14 17 23
2 16 8
9 11 36
7 20 24
20 9 7
10 17 4
16 5 17
13 15 38
18 18 27
22 17 17
4 16 35
12 17 10
2 14 29
9 15 8
13 10 2
8 2 28
15 16 33
20 6 13
19 11 9
17 18 4
15 13 21
1 3 40
8 11 19
6 1 2
22 1 15
22 15 23
11 20 24
13 20 26
2 1 3
6 14 38
15 2 13
23 4 28
23 20 5
16 6 22
19 14 25
13 19 13
6 8 16
6 15 7
13 11 12
22 5 5
15 20 33
15 10 40
4 4 1
19 4 9
17 6 30
6 13 22
21 13 11
21 17 13
23 10 15
15 14 21
8 18 28
23 16 40
17 13 9
18 9 2
5 4 5
9 13 5
19 2 4
22 9 26
23 15 32
14 13 18
13 13 39
16 17 5
13 2 13
21 10 10
11 16 16
21 8 27
13 4 10
2 4 1
11 18 9
17 1 23
20 10 14
8 8 1
11 6 22
4 9 26
11 6 18
10 15 19
16 10 13
18 11 6
7 15 13
16 19 15
18 4 13
21 9 35
2 5 14
3 8 32
10 9 2
15 18 32
6 13 15
21 4 11
15 15 1
4 15 34
22 6 33
6 8 25
4 14 35
23 5 7
1 15 27
17 1 32
22 6 38
23 4 37
22 16 37
9 16 34
1 11 33
1 1 37
11 10 12
22 14 1
23 6 3
8 3 22
15 17 39
9 10 16
15 20 33
2 4 7
3 4 39
11 19 21
8 7 2
1 7 6
2 6 2
8 9 10
17 1 20
14 12 22
10 12 35
20 5 22
6 16 18
6 4 7
5 18 20
8 20 37
15 20 28
6 17 10
6 2 25
11 14 1
16 1 29
3 7 22
8 20 26
10 6 19
12 17 21
6 12 40
23 6 9
17 4 11
17 3 29
14 17 23
6 16 34
6 8 16
5 16 2
2 14 6
3 5 36
18 4 12
12 11 18
19 3 13
6 15 7
16 19 40
3 18 32
2 4 15
6 5 26
7 4 8
10 10 12
1 5 37
19 6 28
7 12 12
5 7 37
20 18 37
23 12 8
12 6 34
22 17 14
10 14 36
21 19 20
6 7 14
19 17 4
11 3 19
13 10 22
18 6 40
14 4 9
12 19 8
8 4 40
14 6 26
23 5 23
6 10 22
6 12 22
16 7 12
18 7 10
1 18 2
3 8 37
5 2 37
4 9 21
16 19 12
17 12 4
8 10 10
2 4 27
4 2 27
19 8 36
10 16 30
19 16 3
17 4 30
16 5 16
21 20 27
1 14 26
8 19 38
7 1 12
4 4 8
11 11 20
11 2 21
19 5 8
5 2 18
3 2 8
20 2 19
9 2 33
13 4 8
8 9 10
1 18 23
9 1 22
13 6 20
1 3 30
14 4 4
18 16 10
1 19 32
22 16 3
20 12 25
8 7 11
19 2 14
3 12 21
5 11 18
3 8 40
22 4 18
3 19 14
13 15 12
7 20 20
20 8 28
10 16 14
3 13 1
19 8 24
22 20 31
14 1 16
12 7 1
20 4 1
12 17 33
13 13 7
11 3 10
9 15 11
17 18 14
3 9 5
21 15 8
15 15 40
9 20 35
4 11 26
13 20 11
2 20 34
19 13 2
1 1 27
19 10 24
4 3 18
17 14 4
1 19 25
16 6 9
1 4 17
15 17 15
3 11 27
4 8 15
16 3 29
13 11 32
6 20 5
13 16 31
19 20 31
12 8 33
19 10 14
14 5 20
15 12 20
12 12 24
12 18 17
18 11 36
11 3 31
8 10 1
13 3 23
8 4 25
18 2 16
3 18 6
12 17 7
14 11 24
5 12 13
11 8 2
15 3 22
18 3 11
11 10 1
12 19 9
11 14 26
20 10 14
13 20 14
11 4 28
13 8 36
12 17 15
6 12 1
6 13 15
1 9 34
6 1 14
3 12 15
18 13 12
9 16 2
12 12 5
17 17 23
5 6 2
15 1 17
11 20 36
7 10 1
14 12 30
20 5 21
9 18 27
22 13 19
8 8 38
16 16 17
16 10 23
8 18 33
2 12 12
18 18 11
8 19 27
12 15 15
22 8 18
4 3 30
5 8 30
7 19 20
19 7 1
2 8 10
11 1 4
13 11 10
10 3 25
13 10 1
18 13 39
5 5 32
14 15 39
18 19 35
16 18 35
2 20 39
17 19 38
16 20 16
3 6 2
4 12 15
8 10 26
11 10 7
6 8 31
13 5 21
4 17 7
19 10 3
4 4 31
11 12 32
4 17 8
1 8 18
10 19 8
12 12 13
3 16 8
22 20 7
13 7 35
12 11 30
11 2 13
5 18 3
9 12 23
17 6 20
13 7 1
4 15 28
4 13 24
21 19 10
5 16 3
12 4 27
21 20 6
2 19 19
3 20 29
19 5 4
15 9 25
2 12 1
23 12 30
3 20 32
5 16 38
13 16 35
12 1 20
14 19 8
13 16 31
22 10 36
1 20 33
12 5 26
23 8 6
18 5 24
13 17 36
8 17 6
9 1 11
8 13 14
11 20 22
2 8 32
10 13 14
8 10 30
16 20 38
6 9 11
21 17 38
22 10 29
17 17 13
22 3 31
9 1 19
6 7 28
23 4 26
1 13 34
10 19 3
5 16 5
11 8 21
16 6 32
16 14 5
17 15 24
8 5 12
3 5 16
11 11 8
16 9 17
13 11 5
17 17 23
7 14 30
9 16 27
18 16 13
3 14 9
4 1 7
8 7 8
9 19 8
15 7 9
8 14 37
8 3 26
13 20 29
17 7 37
22 13 26
16 15 24
23 14 8
14 1 11
4 9 20
10 5 40
21 11 16
1 10 38
22 11 25
11 5 9
22 4 29
12 19 5
20 4 30
14 6 20
11 2 27
13 11 9
22 14 6
23 16 27
3 17 8
2 18 14
14 16 9
21 11 33
23 17 10
2 20 24
5 9 14
8 13 19
21 5 11
3 2 34
13 2 17
17 17 31
20 19 34
8 4 37
18 15 33
14 16 6
16 3 14
16 14 24
16 2 15
22 14 24
12 7 31
3 5 7
19 20 18
12 13 1
2 13 19
4 2 34
22 8 25
2 10 16
10 17 33
8 18 29
13 4 26
11 15 34
17 9 40
11 3 15
12 7 6
6 5 13
1 5 11
8 7 33
15 19 18
7 10 15
12 7 21
16 11 27
11 7 21
12 20 31
21 5 15
12 6 24
9 5 30
19 18 19
15 8 20
19 3 11
15 4 3
19 11 4
6 20 33
13 2 25
18 5 39
20 14 12
4 19 18
21 15 38
15 1 36
23 14 22
16 18 24
10 14 18
10 19 29
9 4 40
15 14 5
5 9 3
5 13 7
3 12 8
18 1 6
18 5 30
14 1 11
19 7 11
14 2 32
9 11 11
22 2 30
6 10 9
5 15 28
3 10 8
17 15 35
1 5 23
6 16 9
21 19 38
22 19 12
18 18 40
4 8 2
2 19 29
1 15 12
6 6 5
5 17 23
23 11 20
15 8 21
4 11 18
22 13 16
21 3 16
22 7 13
22 17 10
18 9 3
1 5 5
13 12 33
10 1 34
10 16 2
11 4 31
18 10 20
13 11 3
14 17 30
5 15 32
22 20 32
11 11 11
19 19 18
22 4 6
22 4 40
10 20 37
14 15 15
14 12 28
7 10 19
6 7 34
1 2 36
17 8 25
23 19 6
10 15 12
7 11 32
21 15 38
15 7 27
12 14 31
22 13 10
19 18 24
2 14 28
5 6 18
22 3 17
10 16 35
16 13 26
22 2 4
5 16 8
17 19 8
7 2 22
1 5 27
14 9 34
17 17 25
22 2 14
12 18 37
6 17 32
19 17 26
14 9 32
9 19 36
7 18 21
13 4 20
13 14 36
1 15 10
14 9 27
14 13 28
23 10 30
21 3 4
4 19 3
21 9 31
10 16 28
14 4 26
6 10 1
5 3 22
15 9 6
20 17 33
23 7 24
12 4 37
10 12 27
13 2 27
14 7 35
5 7 37
8 13 35
14 10 38
3 14 17
13 17 2
17 2 36
12 2 11
7 9 35
14 10 14
8 9 23
12 18 33
20 13 28
8 7 6
17 3 17
12 1 11
14 3 17
11 14 18
14 19 10
6 20 7
7 4 30
16 4 11
8 9 4
1 20 4
14 17 9
14 20 11
6 3 28
15 18 3
1 18 28
11 6 8
15 2 39
6 10 21
7 8 21
8 14 19
19 5 7
20 12 27
23 1 9
10 11 5
6 11 3
22 2 10
17 12 18
23 17 12
13 10 6
6 16 3
8 15 12
6 6 5
22 9 3
22 13 11
21 16 12
3 12 18
20 9 9
10 11 34
17 8 4
18 9 27
20 10 38
21 14 33
1 16 28
8 14 11
22 18 11
16 7 22
9 1 25
3 3 36
3 12 21
19 17 32
21 8 5
20 7 5
13 13 13
1 12 40
16 4 39
6 13 5
8 10 40
22 7 12
9 12 38
20 1 14
13 15 7
2 13 16
2 3 21
19 7 40
20 1 6
7 11 27
8 2 1
2 13 29
20 4 17
10 9 19
18 11 5
10 16 21
13 19 15
10 8 6
23 4 29
15 15 2
14 4 4
5 13 34
12 10 16
23 7 2
7 12 19
10 14 32
10 5 35
22 12 13
5 4 40
21 6 37
20 12 19
15 15 30
14 16 40
6 10 27
9 11 25
10 10 22
20 1 22
18 5 28
18 11 28
21 14 38
6 14 17
19 8 10
12 19 29
16 14 14
19 5 35
7 16 8
10 20 25
11 2 9
7 17 16
21 3 12
15 16 17
13 13 27
5 12 11
15 6 24
23 12 35
20 18 6
18 5 16
20 2 13
12 18 2
23 10 17
4 10 4
17 3 9
4 12 24
12 11 2
21 19 25
5 6 29
17 15 3
10 2 38
16 2 9
5 10 31
22 7 4
21 20 19
19 19 26
11 2 17
20 18 37
10 17 8
20 16 6
4 6 34
9 15 19
21 19 37
12 1 4
20 6 34
17 16 11
7 3 24
17 1 22
16 18 15
6 20 20
22 9 1
9 15 39
10 20 6
12 15 10
8 12 24
21 2 2
16 15 16
2 1 35
1 13 13
15 9 30
5 14 18
23 5 36
11 12 20
20 11 6
18 8 23
7 17 37
7 20 21
8 19 18
23 3 4
22 18 34
9 13 2
19 8 36
17 17 11
1 6 10
4 8 24
19 2 33
13 6 20
9 13 40
21 1 38
18 8 22
21 17 4
3 6 21
18 4 40
7 11 35
21 2 39
23 11 27
17 20 4
8 12 16
3 7 7
8 6 3
21 8 11
19 2 4
3 2 19
14 18 27
22 1 20
17 13 17
2 8 22
15 14 23
3 9 28
20 16 4
21 4 19
8 7 35
23 18 37
11 14 25
20 1 26
1 12 37
4 1 15
5 6 32
16 14 3
4 3 24
23 14 28
3 15 3
8 17 16
17 9 14
13 15 14
17 10 37
20 18 13
11 11 36
9 16 22
14 10 35
15 14 37
8 6 8
12 18 26
18 2 34
2 6 3
19 9 9
18 1 35
16 1 36
15 11 14
3 10 4
12 4 34
12 8 40
1 7 8
1 3 18
2 11 23
15 3 32
13 7 11
18 9 2
2 3 7
21 3 38
5 8 26
18 10 32
20 19 21
19 17 28
14 4 23
19 15 4
21 18 39
9 4 17
23 2 35
9 16 26
18 10 31
5 5 20
23 5 25
23 19 27
21 7 31
17 13 30
17 19 24
12 17 1
16 11 5
11 18 35
5 5 23
4 19 38
6 18 33
3 12 4
20 9 37
21 6 37
3 19 14
5 4 3
3 1 22
10 16 39
23 20 22
18 1 2
16 3 8
11 5 20
20 14 18
2 16 25
23 17 18
3 11 24
13 8 7
11 19 36
3 18 3
10 13 3
13 20 28
2 10 39
8 4 32
16 14 26
13 16 25
1 15 4
9 19 1
22 4 36
18 7 8
5 1 39
18 5 2
10 15 1
20 3 20
11 10 26
18 4 34
1 12 2
20 3 10
13 14 35
11 3 2
19 10 17
2 20 29
6 1 35
13 3 8
4 11 29
21 3 7
4 15 32
23 7 28
2 20 15
15 13 39
3 8 33
21 6 36
18 17 2
15 8 21
3 9 14
20 9 2
10 10 36
14 16 2
5 3 15
15 15 33
14 7 1
1 16 32
6 13 22
12 10 10
11 7 33
21 20 4
12 17 7
18 9 29
2 13 11
21 17 12
2 11 5
22 11 6
4 12 15
17 6 1
22 4 39
1 7 28
8 15 26
8 16 10
10 13 10
1 17 15
20 5 2
22 16 16
15 19 36
10 11 36
4 7 36
14 14 7
23 14 40
9 4 16
15 17 22
2 14 9
19 13 34
5 19 8
16 2 8
11 12 34
18 20 40
8 19 31
17 7 3
5 13 28
1 7 35
9 19 38
9 19 30
19 2 1
4 6 16
2 10 24
11 6 40
5 4 15
21 14 14
21 7 21
18 4 38
2 2 39
1 16 30
11 2 28
9 12 2
12 18 11
5 3 15
8 18 20
12 18 11
9 2 39
3 5 29
18 1 12
15 6 17
23 18 14
19 12 22
21 3 9
14 18 8
3 20 14
22 8 26
6 19 17
2 14 13
1 6 40
11 3 38
16 9 5
21 11 7
10 14 11
7 11 5
20 9 23
9 11 1
13 12 12
1 14 23
15 4 31
23 2 18
18 3 39
8 10 24
16 16 1
22 5 15
13 16 40
23 9 28
23 18 23
10 9 11
2 17 25
19 13 8
16 11 27
20 18 14
19 9 28
22 15 16
3 4 26
18 2 20
17 4 8
3 15 21
12 3 7
4 13 3
15 3 17
1 14 22
15 11 23
16 13 5
8 8 15
8 5 6
1 14 31
13 15 13
9 13 33
18 4 6
2 19 21
6 2 35
15 16 22
2 1 29
17 17 5
19 16 31
12 10 31
8 3 14
23 10 7
13 3 35
6 9 13
22 11 26
16 9 8
20 5 36
22 19 30
17 2 34
6 6 28
14 3 15
7 17 26
15 18 34
8 15 30
8 8 35
19 6 12
23 17 26
22 8 16
9 11 27
17 20 13
7 5 20
20 3 40
19 17 28
9 19 39
20 4 40
21 13 35
17 9 39
23 16 39
8 15 5
21 13 30
5 15 3
14 10 40
3 9 5
1 15 27
8 7 23
1 16 14
14 8 30
11 18 37
4 11 14
1 12 27
6 6 14
12 20 5
21 14 35
4 1 27
6 10 11
14 18 4
17 13 1
2 16 20
6 3 12
18 6 22
5 19 40
3 16 20
1 2 21
23 20 31
20 14 36
19 8 12
16 17 16
16 14 5
21 5 34
15 10 5
3 13 15
19 8 14
13 10 35
2 18 36
12 4 13
16 8 1
21 20 14
4 20 22
1 10 30
9 4 4
17 17 32
14 13 4
16 4 17
3 13 26
5 19 24
1 9 29
14 19 30
5 4 16
15 13 4
19 2 7
7 11 11
17 14 14
22 9 22
2 5 12
13 6 4
15 7 13
6 4 39
6 3 31
11 10 38
1 6 14
6 19 24
20 3 13
23 13 22
14 4 4
19 18 12
9 3 22
23 6 22
21 5 12
13 3 27
11 19 18
21 4 1
9 8 9
3 20 25
2 16 4
14 9 34
11 20 24
20 6 3
14 15 33
4 19 19
3 16 7
21 3 4
20 17 29
2 20 27
15 3 3
7 2 11
9 19 16
4 14 6
22 8 32
10 6 34
18 19 33
3 6 38
2 4 40
2 3 4
10 14 22
23 5 11
6 15 8
6 7 9
5 10 34
11 17 18
9 3 20
21 20 2
10 10 16
22 7 23
16 16 19
16 4 8
21 8 14
21 15 5
18 19 26
19 6 40
4 3 29
2 16 6
4 10 27
22 7 25
23 12 10
16 16 4
19 20 38
14 12 5
20 19 35
7 18 21
16 2 29
23 3 3
1 5 29
22 8 40
2 11 1
20 14 3
22 2 29
20 17 5
15 19 13
10 11 25
18 12 4
20 8 1
7 16 23
20 14 25
1 17 37
13 1 2
14 14 5
5 7 33
23 4 23
17 18 4
22 18 40
2 16 12
16 7 19
18 6 14
18 19 19
16 18 16
8 3 35
13 14 29
1 1 11
12 7 36
14 18 37
7 5 39
3 10 26
17 20 37
1 10 7
2 9 28
12 10 2
12 17 21
9 16 19
9 18 8
3 2 19
5 1 7
12 1 23
18 2 35
8 10 33
11 20 1
3 20 21
17 15 36
10 12 21
10 6 32
9 18 17
18 8 39
11 19 32
3 9 26
17 11 5
5 17 15
5 14 19
23 11 39
2 16 30
13 13 37
17 4 36
9 19 5
21 4 25
12 20 20
5 8 10
23 17 27
21 11 6
11 1 37
1 5 34
2 18 9
2 11 32
6 20 39
1 18 40
13 11 2
20 16 19
8 16 35
1 1 12
7 12 25
14 15 25
12 6 31
20 11 6
7 10 1
2 14 10
21 6 21
21 9 27
18 4 5
9 2 32
19 12 10
18 13 39
4 11 30
11 6 37
23 10 4
9 2 34
6 1 22
4 9 38
17 11 32
1 8 13
7 8 7
17 8 40
22 17 37
6 3 3
16 20 23
10 6 16
17 7 19
3 10 28
20 2 8
12 1 40
14 14 2
4 5 29
15 6 33
2 10 26
7 11 8
13 12 34
2 19 21
12 3 18
19 3 20
8 4 24
7 6 11
11 19 33
15 3 30
9 11 2
17 1 12
2 6 25
23 4 20
1 2 11
17 3 18
7 20 7
16 3 7
11 3 17
8 14 29
2 4 32
21 13 4
23 10 14
15 20 32
20 13 39
3 7 21
1 10 25
3 16 26
13 20 36
22 16 31
13 7 19
14 13 31
19 17 22
17 3 18
17 18 20
21 5 22
14 7 38
2 3 12
7 3 1
12 7 10
19 9 16
13 6 6
15 4 10
16 17 28
8 2 39
2 1 26
5 7 25
17 18 24
22 6 16
2 16 20
21 11 21
20 15 39
13 11 39
10 11 26
14 19 13
1 20 4
15 3 33
22 14 17
16 16 22
1 6 40
8 16 40
15 3 3
23 20 36
18 13 13
22 20 20
13 7 33
8 9 34
14 19 24
14 1 33
10 20 40
16 2 12
12 20 11
8 14 6
17 3 31
15 5 19
15 20 17
4 10 22
20 7 30
3 8 3
16 11 5
17 11 12
15 2 21
15 19 35
12 14 16
9 13 1
18 20 31
1 16 15
4 13 16
11 5 31
21 8 30
2 5 9
12 6 21
3 4 7
2 12 12
16 2 37
14 8 40
18 13 31
23 8 37
10 14 22
14 7 37
3 12 14
9 4 20
6 3 7
8 4 16
13 16 15
15 3 40
14 19 3
10 12 8
22 18 21
11 20 21
23 12 7
17 15 36
19 13 13
9 1 18
6 10 14
19 15 29
16 11 32
3 8 39
3 18 5
14 2 5
19 1 11
11 4 21
3 12 20
9 9 4
8 4 21
18 18 2
11 5 30
21 10 26
7 20 2
4 19 19
10 1 21
6 4 9
3 10 10
20 11 39
1 12 29
3 9 17
6 11 2
1 2 22
4 7 12
23 12 18
23 19 1
11 1 8
15 8 32
11 8 1
10 11 37
10 5 26
4 20 33
19 5 33
15 13 28
4 5 21
13 11 24
6 19 11
1 1 31
8 8 22
1 17 37
5 7 27
19 7 29
21 15 9
20 4 39
12 15 33
11 4 27
19 19 3
4 12 21
7 18 22
10 16 2
7 20 23
6 2 18
6 16 7
11 6 20
4 10 37
11 17 37
11 20 22
15 18 19
19 11 29
10 4 14
15 20 26
6 9 5
17 19 32
12 17 35
12 16 30
5 6 15
15 15 17
13 17 16
23 10 32
4 19 15
19 12 38
15 17 19
15 15 35
14 14 29
1 5 19
21 17 34
5 18 38
21 17 21
9 6 19
18 9 39
17 15 20
9 3 37
21 11 17
5 20 26
2 5 34
15 20 3
11 16 6
4 13 5
9 7 31
10 16 22
11 7 13
7 1 5
12 19 35
9 14 14
5 5 5
13 20 32
17 14 40
15 18 20
10 5 17
5 1 8
23 8 6
10 4 29
9 1 5
7 17 23
20 9 31
12 15 28
2 15 31
8 2 36
3 15 10
14 14 35
3 8 40
2 18 1
15 18 26
20 10 24
5 13 28
20 20 40
12 10 34
4 17 9
5 17 29
18 13 27
8 10 7
16 9 7
12 20 11
7 19 40
21 10 9
2 13 19
5 5 36
17 18 29
11 19 6
19 20 36
8 5 13
23 9 16
23 6 5
17 4 3
17 17 30
12 17 16
2 14 10
14 17 3
12 15 17
7 4 25
2 13 12
9 20 22
20 12 7
23 19 37
15 17 10
6 4 23
20 10 8
7 19 21
6 15 29
23 13 25
19 3 36
7 17 9
19 6 35
2 20 29
16 13 35
2 10 16
2 10 38
6 17 8
23 16 14
16 16 6
2 20 24
9 3 36
1 7 22
4 6 12
5 2 2
14 8 29
22 18 10
17 12 12
18 13 2
5 10 3
18 18 2
23 9 25
10 16 23
22 11 19
8 14 23
11 7 25
6 17 5
1 14 25
12 5 40
9 1 20
23 19 12
15 15 33
20 17 5
1 8 3
6 1 22
22 10 26
15 11 28
19 1 17
10 14 40
19 12 21
17 7 22
20 17 25
23 2 26
8 18 35
4 20 2
2 1 6
20 18 37
4 1 24
19 13 12
2 3 30
15 6 27
19 10 14
1 17 4
15 17 35
20 9 18
21 10 9
14 6 7
8 11 20
19 3 36
12 5 21
7 7 14
23 3 2
20 3 9
11 8 35
20 14 31
14 13 2
7 16 7
1 17 8
2 10 7
9 5 12
13 8 39
17 11 26
13 20 35
20 8 28
13 19 33
20 15 9
15 16 10
23 17 30
20 18 9
11 10 7
18 5 29
21 18 5
6 8 4
17 15 31
6 11 15
18 5 12
18 14 11
4 18 4
23 14 24
17 2 22
7 13 15
12 5 39
5 11 40
9 9 23
11 5 28
21 17 19
23 8 6
11 12 21
11 1 39
12 19 21
15 13 11
14 14 1
18 16 12
12 11 39
21 20 17
17 6 4
6 3 16
7 7 12
11 12 20
21 9 5
15 16 23
4 17 25
12 2 24
22 4 9
14 1 36
6 9 32
5 11 1
17 12 19
19 1 32
15 2 8
18 11 35
15 3 26
16 15 9
16 6 35
23 17 20
13 5 29
16 15 14
10 1 1
4 4 28
12 8 38
23 17 32
5 3 36
9 18 22
1 15 16
14 7 38
5 2 18
6 3 33
19 15 11
1 10 10
13 18 34
14 11 20
20 17 22
9 4 38
6 12 2
8 9 25
5 2 22
23 17 29
4 19 28
1 18 24
10 9 32
8 16 34
4 17 38
17 13 11
14 7 6
12 12 2
2 4 30
1 13 39
5 5 20
3 1 21
10 16 14
6 11 19
14 14 19
18 13 18
4 17 11
7 16 17
17 2 40
15 14 2
5 14 5
20 16 14
9 4 38
21 19 34
14 4 26
22 11 12
6 16 33
10 14 37
6 12 13
17 6 26
22 8 12
13 3 32
3 6 12
1 18 19
9 19 32
16 4 6
12 19 30
8 15 23
16 1 31
13 5 14
12 6 20
16 9 4
18 15 22
12 16 30
6 9 12
17 7 36
2 3 29
17 3 22
4 12 4
4 7 26
10 10 31
17 6 2
12 6 40
21 1 5
23 12 12
20 8 27
4 1 10
1 15 9
16 8 24
22 9 13
8 9 32
17 13 25
19 16 7
6 15 35
16 8 35
11 12 18
21 15 21
6 1 23
21 19 38
22 19 17
2 8 24
20 12 3
17 4 15
22 9 9
19 6 32
15 12 13
21 14 30
14 2 30
20 7 4
13 12 19
1 18 11
13 18 2
21 6 28
5 4 33
11 14 2
23 18 29
19 16 38
3 8 25
1 4 6
9 13 12
15 10 14
20 19 2
3 20 20
1 18 28
9 14 33
1 11 11
8 5 11
22 15 30
15 7 20
22 15 21
14 10 39
6 3 40
4 3 18
23 18 15
11 8 8
23 13 35
10 14 17
9 17 21
15 19 39
3 8 13
2 2 4
5 2 26
13 2 20
10 1 27
13 13 25
13 16 16
7 8 21
13 1 37
9 7 22
6 17 38
1 2 3
15 4 29
2 19 7
22 19 7
12 20 22
6 8 20
19 14 10
8 15 15
21 10 19
16 4 38
7 14 30
4 2 21
19 7 34
23 15 39
17 7 17
15 5 16
23 13 32
7 4 17
2 19 32
19 17 22
20 5 4
11 19 39
22 16 38
9 11 40
6 13 31
8 2 35
11 2 20
8 3 22
5 4 24
22 10 32
8 7 15
4 14 11
22 6 26
13 1 31
10 16 4
8 2 10
12 2 28
5 12 31
23 16 25
17 1 3
4 4 40
12 2 24
16 18 40
7 17 5
21 4 31
2 13 24
16 11 32
5 14 20
14 4 32
2 14 4
21 14 39
23 10 7
10 11 29
2 8 33
22 20 20
10 2 26
20 5 11
15 12 37
6 16 32
3 13 38
16 15 4
10 2 37
19 16 18
14 1 35
21 18 9
11 6 34
15 15 22
5 1 37
21 7 10
14 2 11
10 10 12
21 5 31
15 20 1
12 17 26
22 8 15
12 7 7
14 7 9
16 8 8
13 1 4
23 20 30
16 6 20
12 5 3
16 18 9
15 12 16
1 20 4
12 18 31
23 5 18
6 20 4
11 20 8
9 5 31
15 12 7
1 9 16
23 14 24
11 9 40
14 1 24
14 5 10
18 2 36
23 8 34
20 18 7
12 10 30
13 9 9
2 1 33
3 12 3
20 5 22
19 4 19
11 18 19
1 2 3
18 2 3
20 16 39
20 19 33
23 10 13
7 9 22
19 6 9
19 4 40
17 12 38
3 19 15
1 12 15
11 6 28
2 9 23
22 7 10
19 12 10
14 16 39
2 5 17
5 11 14
22 16 29
15 17 26
23 5 38
17 13 38
7 10 40
19 5 24
20 18 26
10 3 12
10 12 26
9 16 27
22 13 29
8 15 13
10 10 17
5 19 39
13 3 20
20 3 20
14 12 27
6 2 5
8 16 27
3 20 26
8 10 25
23 12 27
8 3 32
20 10 27
5 20 37
6 6 35
8 3 21
22 9 1
12 8 2
3 10 5
12 8 25
18 1 27
21 7 32
4 18 15
14 15 28
18 19 25
17 1 22
22 13 33
5 16 4
11 1 22
12 10 11
16 20 6
20 7 29
12 19 27
3 13 30
8 11 39
14 14 20
5 6 11
21 9 18
23 13 22
1 2 12
16 16 6
18 11 23
7 13 1
8 11 38
19 14 32
3 15 12
3 4 34
19 2 28
8 3 4
2 18 39
3 17 5
13 7 21
20 13 29
2 18 21
5 17 38
14 20 40
13 15 11
10 13 8
2 18 8
8 2 21
10 1 15
8 14 16
7 12 19
21 6 14
1 16 25
4 13 2
6 12 30
6 15 39
5 16 24
12 9 36
4 12 32
12 6 15
17 10 5
23 6 40
19 10 9
20 18 34
6 4 29
14 15 4
6 8 11
1 9 11
9 11 34
19 6 5
12 20 7
1 6 14
21 6 22
22 3 5
6 16 34
22 2 5
1 3 39
5 16 10
4 14 22
21 19 18
3 11 17
8 18 2
16 7 33
22 5 34
1 20 31
20 18 33
8 11 3
19 14 25
15 20 13
5 6 10
3 11 16
1 9 19
10 9 10
5 7 10
22 2 9
8 11 38
19 16 1
6 12 12
16 18 10
11 9 28
10 19 27
22 11 30
23 6 25
7 14 23
10 3 21
6 5 28
17 8 7
7 9 3
22 18 17
11 16 4
12 5 24
17 10 3
15 13 9
21 1 11
14 9 31
4 2 2
18 20 26
14 14 34
10 6 10
18 17 1
10 14 28
22 8 30
4 12 29
8 12 6
6 14 26
14 6 15
18 17 18
4 1 36
20 10 2
16 17 30
17 3 29
12 6 15
21 2 18
6 8 23
20 6 14
8 2 7
19 17 1
16 3 28
17 13 24
18 18 5
3 14 11
15 14 31
17 16 27
12 3 14
16 10 21
6 20 34
13 9 35
2 11 3
5 8 14
16 5 34
9 20 22
15 3 37
13 6 10
23 14 21
18 4 3
15 1 27
11 6 8
17 1 1
4 14 26
16 12 36
21 20 13
9 17 35
10 17 11
13 9 16
17 10 8
16 20 32
18 11 6
20 16 4
6 19 19
13 8 30
8 1 26
1 17 36
13 8 9
7 18 30
5 1 33
3 14 23
7 9 35
22 19 4
9 10 18
22 19 15
2 8 17
2 11 17
9 9 33
10 4 33
11 9 37
4 7 14
18 10 6
1 12 10
9 20 36
18 10 14
5 3 8
13 10 10
11 6 15
12 6 27
10 13 1
3 17 36
17 4 11
13 4 38
17 3 25
16 9 32
10 15 27
21 19 34
19 20 14
21 10 19
12 3 28
20 19 4
21 6 5
22 10 4
18 8 18
8 19 5
6 14 30
21 4 39
20 12 40
12 14 7
18 6 14
19 15 27
7 19 19
12 15 35
14 15 27
21 2 11
6 5 21
8 5 7
6 5 23
10 5 13
5 14 23
10 16 5
1 8 39
18 14 8
16 14 15
10 18 13
15 5 3
6 20 12
17 2 11
14 12 20
10 4 37
20 1 39
20 2 24
3 7 34
21 8 10
18 5 11
19 7 6
11 13 40
22 17 14
1 1 3
13 4 2
23 8 6
17 2 2
6 3 4
20 17 5
8 19 6
9 20 15
18 6 37
5 2 26
6 18 23
16 15 35
15 12 23
23 18 16
15 14 17
13 20 14
17 5 29
5 6 9
23 19 15
17 19 34
14 15 12
12 13 23
3 2 16
3 18 34
1 4 3
17 17 17
18 1 20
22 5 12
11 5 31
22 19 37
3 5 25
3 6 26
2 15 27
23 5 7
5 17 19
23 15 33
18 2 19
8 13 20
6 5 9
17 5 4
10 1 40
16 14 29
22 4 21
8 17 38
6 16 39
14 5 39
23 9 40
16 11 18
4 1 27
4 2 9
12 14 25
8 3 32
13 4 25
19 11 22
23 2 8
17 12 8
6 13 7
12 17 21
2 12 39
16 8 37
11 17 40
5 18 18
5 17 15
1 4 32
19 12 30
5 4 15
11 16 10
16 6 7
6 16 29
21 1 30
12 19 5
1 11 8
22 8 38
16 18 25
13 16 35
22 14 22
11 6 22
13 15 26
7 14 14
12 10 24
8 4 12
5 6 20
22 8 24
6 7 4
22 2 35
1 16 4
5 3 23
8 15 3
16 7 18
19 1 24
1 3 25
3 18 23
21 9 34
1 16 31
7 19 17
15 16 32
10 3 15
4 14 6
23 13 32
16 19 7
20 5 36
17 17 38
19 10 1
23 10 14
13 10 12
19 4 7
2 1 23
23 13 29
5 14 13
23 15 3
20 3 14
13 9 11
7 8 7
14 12 2
5 14 7
19 12 7
9 18 15
7 12 24
1 13 24
20 3 22
3 9 15
21 4 27
15 6 26
22 12 2
12 1 29
9 4 26
8 3 40
12 6 33
8 11 16
18 14 39
23 4 37
1 1 18
3 13 13
3 15 30
23 13 29
7 2 9
3 3 7
23 16 10
16 3 7
17 4 22
17 15 14
4 1 13
11 7 30
21 12 31
17 4 1
9 15 15
12 20 3
13 20 2
1 15 13
10 5 30
1 8 9
1 17 23
8 1 16
10 16 1
12 7 25
7 7 19
13 19 29
8 18 27
1 3 4
10 12 35
2 15 2
22 15 30
9 8 29
12 13 29
10 10 39
7 1 10
9 5 12
14 10 35
8 2 4
1 19 36
12 7 22
9 1 4
22 15 8
18 9 17
15 16 38
22 3 30
2 16 17
12 16 6
6 13 28
5 3 30
18 19 10
3 15 16
6 10 5
9 6 16
21 11 38
5 17 20
11 16 17
9 15 8
20 20 8
11 7 39
21 3 10
3 11 22
12 14 3
4 12 34
19 7 15
20 8 15
17 9 35
15 2 10
23 20 3
22 11 4
2 6 7
18 14 27
11 16 32
17 5 26
16 6 16
20 7 3
1 8 39
3 5 12
19 19 3
15 17 7
22 1 3
11 19 8
15 9 27
3 14 1
22 19 33
16 15 38
15 1 24
11 7 5
22 2 10
22 1 7
11 7 15
3 12 40
21 4 30
23 10 11
9 20 37
3 19 8
11 9 16
19 5 13
18 12 40
4 20 21
7 8 32
1 20 40
17 9 13
8 13 20
15 4 22
20 14 2
23 18 17
22 13 23
6 1 29
23 20 8
3 2 4
19 19 30
12 20 11
16 19 6
10 4 40
20 18 8
2 3 35
12 15 32
13 3 21
1 11 35
20 10 39
10 6 26
3 9 21
5 4 28
11 20 40
12 15 21
23 7 16
17 11 19
18 6 39
14 13 8
23 3 10
8 19 24
3 5 3
3 10 1
2 17 35
13 4 18
9 1 16
5 3 19
8 7 31
3 18 40
16 12 20
11 14 14
16 13 32
11 8 40
14 8 32
5 8 18
9 18 31
13 19 13
13 2 24
7 3 3
8 15 8
4 20 29
13 10 34
21 12 31
10 10 38
22 12 29
7 2 6
13 11 21
5 4 8
4 11 1
15 4 27
15 4 26
11 4 34
22 8 20
17 1 2
20 6 3
11 13 19
20 14 39
8 16 26
20 17 18
10 18 13
16 16 32
17 19 28
11 8 20
18 16 18
23 2 32
12 3 19
7 16 20
14 15 1
22 7 26
7 7 30
3 1 33
20 7 15
11 4 1
8 1 7
14 20 34
18 11 30
6 12 7
19 15 36
1 9 3
13 5 8
12 1 18
17 4 12
14 6 6
2 14 33
9 16 2
6 20 15
18 15 38
20 19 3
2 9 16
1 15 8
1 4 34
14 1 39
2 14 14
8 5 39
17 18 9
15 8 18
3 5 24
2 9 17
7 1 6
7 17 38
21 13 26
1 15 27
9 6 19
10 13 14
17 5 37
15 11 24
8 3 23
2 13 13
21 4 10
21 16 31
21 9 25
21 14 21
9 16 36
5 12 5
11 20 25
6 18 33
3 7 9
6 19 17
13 12 1
12 12 12
23 4 21
8 12 36
21 20 23
8 5 17
15 15 2
14 19 9
19 7 9
3 20 33
17 6 33
1 20 15
17 5 23
10 9 36
22 1 17
18 14 22
9 1 31
10 20 10
15 20 15
7 15 10
20 11 26
5 12 19
12 9 21
11 8 13
10 17 27
23 7 7
18 9 17
7 6 11
5 5 33
10 16 6
11 2 30
18 15 25
21 16 3
17 15 2
15 11 23
17 16 37
12 8 4
6 5 16
3 13 17
19 6 15
9 4 27
9 8 29
3 1 10
7 16 9
6 2 27
12 15 19
3 14 22
1 14 3
21 13 27
7 13 36
7 2 38
3 16 20
11 1 23
2 5 26
1 3 7
15 15 38
8 3 12
11 6 27
12 15 19
20 12 12
5 8 23
6 1 4
12 7 2
8 18 11
10 14 23
20 8 12
1 3 17
1 15 22
4 12 17
19 4 38
4 12 28
14 12 38
18 20 4
3 3 16
1 7 33
19 2 31
5 9 16
21 17 1
3 9 5
23 18 5
17 15 28
15 12 28
1 12 16
14 19 31
20 4 28
18 20 17
11 17 24
4 12 23
20 3 7
5 13 12
8 3 37
7 7 8
12 18 20
18 18 19
6 3 16
10 5 17
2 15 1
15 4 9
10 8 38
5 9 2
23 14 16
3 8 1
23 11 17
9 15 6
22 19 10
22 12 13
13 11 23
15 7 29
18 8 28
22 15 10
13 3 39
2 1 37
18 11 21
17 11 36
14 15 39
2 5 23
11 9 26
1 12 6
16 1 11
21 17 38
8 9 19
14 9 4
21 13 4
11 5 23
19 4 33
23 12 15
9 6 14
2 1 2
10 13 26
17 9 16
5 8 34
19 9 40
14 10 1
23 5 17
16 3 19
5 12 1
8 5 14
19 18 24
15 9 39
22 20 4
9 17 15
20 2 9
14 18 8
16 19 13
18 13 26
1 1 37
16 19 16
1 8 35
13 4 31
22 2 2
16 1 31
15 18 36
16 3 14
10 3 24
15 14 9
8 4 38
3 1 22
12 19 11
15 6 12
19 11 21
12 11 13
9 17 25
19 20 15
3 14 30
3 19 9
4 4 36
7 2 11
11 3 5
7 1 25
23 11 24
10 11 14
19 15 27
5 7 19
11 9 16
22 4 1
4 10 17
3 13 23
4 1 10
6 1 37
13 2 31
6 20 2
19 20 17
20 6 8
8 3 1
13 13 20
17 18 21
21 16 37
11 5 20
8 17 35
14 19 15
1 14 18
18 5 12
20 6 27
15 7 20
5 20 30
22 5 2
14 11 31
2 7 15
7 10 9
7 6 5
14 8 38
5 19 34
10 13 26
16 16 29
2 8 29
8 14 11
17 9 29
7 15 10
23 9 40
2 12 9
16 14 19
5 10 10
1 11 4
9 19 5
21 16 28
4 18 24
7 20 1
4 11 28
11 15 8
16 14 38
5 8 28
11 4 2
1 18 40
1 17 35
17 14 25
13 16 25
22 5 15
13 10 6
8 4 21
12 14 32
15 6 19
1 14 33
6 11 39
18 7 6
1 4 18
11 16 7
12 8 12
4 16 33
2 12 38
11 13 1
18 11 17
13 12 12
20 8 16
23 17 13
9 5 24
9 6 12
11 2 16
10 1 24
14 3 22
8 12 22
5 15 20
13 5 29
15 17 30
17 15 26
22 14 19
10 6 36
11 17 38
14 9 40
11 20 27
21 8 35
21 5 32
16 10 32
16 12 33
17 20 21
13 13 5
12 19 2
13 10 6
18 6 33
4 12 34
10 9 24
12 4 10
18 6 10
14 13 35
14 10 23
12 3 8
18 14 12
13 11 30
1 4 14
13 4 15
2 17 7
22 14 23
12 6 14
1 6 4
11 10 14
3 1 17
4 3 26
20 13 14
4 5 29
13 20 8
16 12 19
15 8 39
20 5 10
20 13 6
15 19 36
8 7 38
8 18 16
11 7 12
6 8 16
4 17 23
12 12 36
7 12 29
6 17 33
1 11 32
18 9 20
8 10 1
14 4 16
17 19 21
17 16 22
22 6 7
3 18 10
19 15 1
1 14 10
20 18 1
17 11 10
4 10 30
9 20 6
8 14 17
18 16 36
8 4 4
8 9 1
4 10 39
1 19 24
11 14 26
3 5 5
9 9 12
17 15 33
18 2 37
19 6 12
23 18 20
6 6 10
4 17 23
10 7 29
13 15 23
12 5 32
21 5 24
1 1 1
13 2 16
11 4 13
5 5 23
7 17 7
5 8 38
4 20 37
3 17 29
9 16 15
15 14 8
22 4 3
10 15 18
13 2 4
8 5 9
22 7 5
20 10 6
23 14 29
20 20 6
11 17 33
4 18 24
1 1 7
12 16 11
9 16 6
7 12 35
13 12 31
6 10 32
6 5 5
16 5 7
3 2 39
8 5 40
6 13 26
10 16 18
8 9 1
23 19 40
22 5 18
22 12 27
22 4 9
6 11 37
19 11 4
18 12 24
23 5 35
9 4 31
10 12 31
4 7 30
20 2 1
13 20 4
1 17 33
5 19 19
21 14 10
19 20 32
1 14 26
7 14 37
15 11 5
1 15 37
12 19 9
2 11 39
3 8 11
6 20 24
6 19 8
8 18 27
11 7 31
19 16 25
6 17 8
3 14 32
15 5 31
3 13 4
5 17 29
23 17 37
18 12 37
19 13 15
14 15 7
8 2 26
10 2 11
22 9 10
15 8 32
22 18 36
23 4 40
8 20 4
23 5 7
7 14 4
11 16 39
12 12 33
15 4 17
9 12 34
8 1 7
13 9 23
4 1 5
17 19 23
6 8 31
11 5 5
9 11 7
14 16 10
22 8 12
17 9 14
1 4 7
21 13 13
2 3 13
4 20 6
23 7 27
19 4 18
20 15 18
20 1 29
19 5 23
8 1 2
19 5 32
16 3 20
1 8 38
22 4 26
3 18 40
18 13 24
13 9 20
23 12 4
21 1 31
2 7 15
7 20 37
15 3 37
10 13 33
15 1 1
21 11 7
18 8 33
21 10 12
5 14 6
20 8 38
16 12 27
8 7 22
3 14 34
18 15 23
1 20 38
5 6 9
1 16 9
13 4 19
8 15 23
3 12 23
19 3 26
17 18 4
15 18 30
10 13 17
20 1 25
12 4 14
9 4 1
17 6 34
10 8 31
9 20 29
11 2 25
11 10 7
2 12 3
5 6 27
1 15 16
1 17 29
13 1 28
20 18 17
8 15 10
22 4 7
10 4 35
9 15 39
14 6 10
21 1 16
11 15 16
22 3 17
10 8 10
13 9 27
17 6 21
5 6 1
3 9 18
11 20 36
6 7 17
23 1 34
17 18 15
2 20 32
17 6 5
13 3 31
2 10 18
19 3 12
18 17 25
12 17 6
16 18 21
9 19 15
9 2 35
9 7 4
10 9 1
7 4 40
18 11 5
11 12 26
8 3 32
17 4 6
22 19 14
20 5 18
14 6 5
9 13 37
1 4 29
17 5 25
10 17 35
8 2 30
1 20 5
22 14 18
12 16 34
22 18 7
22 4 19
11 20 40
11 1 10
2 5 35
14 19 5
6 16 4
12 14 7
2 14 22
12 11 3
6 8 23
23 2 29
7 7 29
17 10 31
11 7 9
6 3 34
19 15 26
5 7 24
4 2 14
15 19 39
22 6 34
13 2 31
1 20 5
10 8 33
17 6 31
11 14 17
23 14 7
12 19 16
10 17 3
10 5 2
6 14 34
14 5 6
8 9 33
19 16 10
23 17 9
21 7 28
6 17 10
11 4 4
4 7 6
23 10 33
18 4 31
8 1 10
3 15 24
7 13 15
23 11 21
17 9 5
17 10 17
1 17 19
7 3 12
11 15 6
11 9 6
18 9 16
2 13 28
17 16 14
18 8 6
15 6 33
15 19 7
13 7 17
8 18 24
11 6 9
18 7 21
23 12 23
10 20 8
19 17 32
1 8 38
10 8 8
16 7 2
16 7 30
5 18 13
12 6 28
12 8 25
5 7 15
9 2 5
23 20 12
23 11 3
4 15 31
6 16 31
4 16 39
6 6 23
17 7 20
12 6 7
5 20 31
9 13 19
10 4 17
16 18 31
9 11 6
7 20 4
2 8 29
15 12 31
10 10 31
16 6 23
17 6 40
20 19 14
23 19 28
20 1 21
6 13 28
21 1 9
15 8 6
6 7 27
23 19 35
2 14 8
2 1 31
16 19 17
16 4 4
18 7 36
6 10 4
17 6 39
5 18 1
19 2 21
10 5 31
16 4 12
16 3 5
10 6 14
5 12 34
21 15 12
21 3 7
1 2 4
20 14 18
19 13 22
18 12 19
8 15 3
17 20 20
15 14 37
23 20 3
10 1 19
12 6 2
19 20 20
22 2 6
20 2 16
10 7 38
20 19 36
18 9 6
5 7 8
21 13 35
22 16 7
23 14 5
14 17 36
16 4 21
1 18 20
4 17 18
4 10 11
7 17 13
18 8 25
7 10 9
14 7 5
1 5 31
20 13 13
23 16 29
9 8 8
8 6 7
10 18 26
3 11 29
18 19 34
10 9 5
11 17 29
1 9 12
11 12 5
1 11 34
4 9 39
14 19 32
4 14 33
5 8 5
1 14 18
6 16 22
8 1 18
11 5 29
10 18 38
19 10 37
21 5 3
1 15 30
3 13 10
10 1 25
18 9 26
22 3 33
16 20 32
17 19 16
1 9 34
17 13 2
20 20 13
18 10 24
18 3 30
9 4 23
1 13 37
22 3 29
10 16 39
12 14 39
7 14 32
20 2 39
15 13 21
21 13 8
17 14 2
9 20 3
9 7 14
3 19 5
15 4 13
8 4 20
19 2 30
19 12 5
7 6 14
8 11 10
22 4 21
12 9 39
6 1 35
15 2 19
6 17 10
5 6 17
23 4 14
22 15 16
21 12 34
21 5 15
19 4 31
10 2 17
18 12 28
15 3 12
1 20 22
7 3 11
22 3 20
2 14 39
11 4 11
23 11 12
15 8 2
13 19 27
13 7 12
2 15 23
8 4 12
14 11 22
15 13 27
19 15 32
8 13 28
8 2 3
7 1 29
4 6 9
7 7 22
18 6 7
6 3 32
22 16 29
7 20 2
23 15 34
9 1 16
23 17 39
17 19 27
19 1 4
7 15 29
2 1 36
2 2 17
1 12 21
10 12 28
3 20 37
11 7 35
18 17 29
1 20 28
5 9 27
23 8 23
2 17 3
17 18 3
14 9 2
12 8 1
11 3 28
13 20 28
8 12 29
14 3 5
23 10 4
10 12 28
22 10 29
7 19 4
12 4 14
23 8 15
20 2 21
10 1 27
2 15 9
10 5 12
11 20 24
23 16 19
10 1 1
11 3 35
6 7 5
12 6 11
1 6 21
5 15 7
12 7 20
3 2 21
5 17 31
20 1 40
5 18 27
4 19 36
4 10 20
1 13 15
10 4 13
11 20 12
21 3 21
12 3 38
21 5 9
12 13 24
19 2 35
23 4 37
21 12 40
15 17 21
2 5 36
16 20 3
5 10 13
1 8 5
1 10 15
14 4 16
6 4 33
14 19 36
7 15 9
6 5 38
8 20 35
4 4 15
3 10 13
23 6 11
20 4 37
18 8 23
23 14 40
12 11 3
22 14 39
18 18 27
5 3 23
10 3 30
15 15 29
17 13 10
1 11 22
8 7 28
13 20 25
13 18 19
14 13 2
15 13 9
2 7 22
3 7 12
12 13 9
22 6 4
5 12 4
23 15 28
17 6 8
13 5 10
14 5 23
1 7 36
15 18 10
9 1 11
9 16 20
21 10 21
17 3 31
14 9 40
13 13 1
1 7 39
17 7 19
19 20 16
16 4 25
1 7 20
17 6 4
3 8 19
23 19 21
20 6 20
10 7 11
4 4 35
3 15 20
4 20 34
14 19 17
2 11 25
1 12 9
20 10 14
17 13 22
11 1 6
6 19 24
3 16 12
10 1 11
14 10 29
9 13 36
4 16 2
15 8 28
3 7 31
7 1 31
2 5 20
6 9 26
17 18 18
15 20 1
10 3 29
6 15 19
10 18 38
22 6 24
15 3 4
19 11 28
13 13 1
6 18 31
16 19 17
1 1 30
21 6 34
16 1 25
17 19 3
3 7 8
13 8 3
22 5 23
16 16 16
2 12 10
13 14 21
8 6 10
6 2 29
19 3 35
14 9 32
12 13 38
4 6 37
18 16 32
3 19 36
18 18 5
10 15 24
7 15 10
13 5 13
2 15 31
20 5 16
9 6 29
16 3 14
3 12 25
17 5 1
5 2 1
23 11 31
1 5 18
20 7 33
8 16 16
9 17 31
18 9 18
17 17 11
12 17 27
23 1 7
15 14 23
15 14 23
19 10 1
9 14 13
6 15 31
4 2 17
22 3 1
22 5 13
19 17 3
17 4 39
22 14 16
10 3 5
7 12 5
8 14 12
6 8 3
1 14 3
23 1 29
13 10 38
19 6 36
17 4 15
14 15 3
4 5 16
7 6 36
23 19 1
9 11 26
18 19 28
18 5 2
11 16 3
1 18 25
20 2 14
6 4 1
4 14 6
4 9 14
22 1 16
8 14 28
22 20 6
15 8 23
4 8 18
10 5 2
20 18 39
1 11 11
6 19 14
3 9 7
17 4 20
13 7 8
7 10 15
7 7 32
3 18 31
5 13 32
18 6 30
20 19 14
22 2 23
5 11 15
1 11 39
14 13 1
14 18 2
3 2 9
8 1 16
11 6 12
9 17 7
7 14 33
18 16 39
12 5 19
5 15 3
8 15 16
1 19 38
6 18 38
20 17 29
17 4 39
14 8 25
22 17 5
21 18 34
22 16 37
23 17 8
21 5 1
3 5 22
17 19 22
14 1 2
1 9 20
11 1 28
3 7 26
5 20 35
6 5 8
13 20 8
20 11 18
11 8 21
4 13 22
1 18 30
7 1 21
16 11 40
22 5 4
15 8 17
14 6 36
19 15 3
16 15 23
5 3 22
20 17 38
23 12 7
21 7 24
22 19 4
16 3 37
19 2 1
2 18 9
18 1 30
2 10 27
9 3 2
19 9 34
17 8 12
13 3 19
5 9 23
7 5 6
5 11 35
18 16 7
10 13 25
9 8 22
11 14 16
4 8 23
13 9 13
16 10 12
17 2 8
12 8 22
7 3 31
9 7 20
19 15 17
14 17 4
6 6 14
11 5 38
8 19 12
11 1 22
2 20 26
22 2 37
7 12 34
22 10 40
7 5 23
2 8 14
6 13 11
7 16 24
19 10 29
9 19 19
17 3 31
2 2 28
3 6 36
8 6 15
1 4 2
3 7 12
16 13 13
5 9 39
11 18 23
19 7 13
18 9 38
11 7 2
7 8 26
5 15 6
3 1 7
2 4 33
16 9 20
10 11 33
9 10 13
21 4 38
22 19 13
5 13 36
17 19 18
11 1 11
9 10 28
7 9 15
2 9 4
10 5 35
18 14 28
22 12 29
11 9 4
17 2 30
23 2 20
10 17 6
17 18 30
18 3 15
14 13 31
16 4 34
17 5 13
12 19 13
13 20 6
19 19 34
8 20 20
21 10 39
4 2 33
10 18 24
12 9 35
1 15 37
19 8 15
9 11 14
8 18 10
1 10 36
4 20 3
12 8 4
10 9 13
6 13 40
20 3 11
8 17 14
6 2 18
1 16 9
13 11 19
23 12 26
14 9 18
10 13 7
6 10 18
15 5 39
12 2 36
15 1 8
4 1 31
6 2 39
7 16 13
2 7 29
12 15 19
2 1 19
1 2 29
1 3 19
22 8 9
10 18 22
9 14 3
18 13 33
5 10 9
4 17 36
17 3 28
4 19 18
11 16 1
16 17 35
8 1 2
23 3 22
23 10 5
4 11 38
3 15 38
5 17 33
17 16 25
16 6 18
20 15 33
8 19 18
4 15 40
5 7 25
1 1 23
17 15 7
6 17 27
5 11 18
8 8 36
8 20 32
21 18 38
5 18 18
9 5 27
7 5 10
15 8 37
8 7 34
1 8 9
14 5 15
6 2 34
9 15 3
21 17 2
10 9 4
19 20 15
12 7 13
18 18 6
6 5 36
21 12 4
13 10 34
3 12 4
12 6 9
3 5 30
2 10 37
1 19 37
3 14 19
8 11 22
12 10 18
5 6 10
2 10 29
21 3 34
10 7 23
21 18 11
3 17 12
5 2 20
19 17 37
13 8 22
22 12 25
15 10 22
19 16 3
17 20 27
2 11 24
17 9 10
3 3 16
1 4 16
6 20 5
17 11 9
10 19 28
2 12 31
7 9 5
15 16 34
23 8 20
5 10 21
1 11 24
18 6 1
9 15 39
22 9 37
12 9 23
13 11 35
14 5 14
12 8 27
18 9 10
2 15 23
9 3 4
4 18 13
21 7 26
23 4 7
16 16 10
8 15 27
4 1 38
4 13 16
11 13 36
21 6 39
12 20 30
15 7 11
21 14 5
1 2 28
10 4 25
19 18 24
9 20 20
16 10 38
7 7 15
18 19 26
5 15 24
17 17 6
1 20 11
6 13 22
20 8 13
14 8 30
8 14 37
11 5 6
5 4 29
2 5 6
3 2 17
1 7 15
11 11 19
12 10 38
1 10 7
18 9 9
11 9 23
12 1 37
17 9 22
21 2 40
23 19 2
7 17 3
20 12 2
11 6 28
19 8 15
3 4 8
7 17 38
13 5 9
14 8 1
14 6 31
21 13 38
6 18 18
22 13 26
2 1 24
8 15 31
14 20 34
15 14 18
17 15 22
8 7 8
6 4 1
5 20 29
5 3 39
18 1 25
8 17 30
9 3 15
5 11 20
8 1 11
18 9 4
11 5 20
3 18 7
1 3 28
20 10 27
23 18 12
16 13 40
23 7 17
10 12 14
1 5 17
21 17 36
1 20 9
3 1 3
2 11 30
23 19 13
20 13 27
4 13 3
22 7 36
21 19 1
18 10 36
5 2 36
6 20 30
6 15 18
15 18 26
21 3 37
20 19 27
1 18 7
12 3 28
23 18 40
9 1 14
21 18 26
23 6 35
3 15 40
20 1 9
13 13 9
22 7 35
18 20 27
19 1 31
11 3 27
3 16 26
11 19 27
8 11 14
21 4 27
14 19 10
20 17 22
16 8 14
20 9 15
2 1 22
5 17 40
1 14 19
14 15 35
1 1 11
7 7 40
18 13 38
11 5 17
3 11 5
7 18 30
23 12 35
14 7 23
20 19 39
13 3 16
19 12 40
21 6 17
14 17 11
4 10 19
21 16 29
7 3 30
11 9 16
6 13 10
14 8 20
23 11 1
7 4 25
20 3 20
2 15 35
22 18 7
10 17 26
9 5 27
4 19 32
11 5 27
15 15 28
23 15 35
19 4 35
18 2 7
11 10 32
7 1 7
2 15 33
22 17 27
4 19 28
22 19 28
14 13 18
18 12 4
4 16 15
2 1 24
21 5 40
4 3 14
11 9 6
2 9 15
14 9 12
11 2 31
3 10 3
11 6 6
16 3 10
14 20 12
8 5 38
18 3 38
10 12 14
4 16 12
17 5 3
16 4 24
21 6 30
11 18 13
12 3 16
1 2 32
7 18 19
9 6 38
12 3 30
17 10 35
5 2 7
4 18 37
22 12 9
16 19 15
13 3 25
2 8 3
3 3 40
16 8 10
23 13 32
21 17 9
8 15 31
20 16 4
15 4 18
23 9 2
22 4 17
4 8 15
11 20 23
6 18 27
3 16 30
8 2 26
17 6 9
21 19 34
19 2 40
20 10 18
4 4 1
12 15 16
2 13 21
14 11 20
19 16 22
15 2 39
2 7 37
4 17 23
10 19 35
3 16 12
9 6 16
20 13 6
21 16 7
1 19 8
22 6 35
16 19 35
16 8 9
8 17 27
23 12 21
7 3 35
10 2 31
18 1 39
13 1 34
20 6 40
20 15 4
10 3 7
20 9 32
14 3 16
4 19 22
4 16 16
22 17 18
8 14 10
12 7 29
7 18 36
4 4 8
21 5 36
7 10 15
11 6 24
10 19 39
11 15 3
20 7 18
7 15 6
20 2 33
12 17 32
15 13 6
12 8 16
13 14 32
2 10 4
11 8 21
13 15 12
15 17 28
13 15 21
8 11 10
5 12 28
15 10 7
2 14 23
22 19 4
2 20 24
19 7 30
6 20 26
15 13 34
2 17 14
3 19 5
12 18 10
15 9 4
13 13 34
9 10 25
18 11 39
21 20 23
8 16 40
21 13 5
13 13 29
3 2 26
15 7 17
22 1 25
1 3 13
21 4 33
11 10 9
9 15 29
2 13 37
15 1 26
22 19 1
23 12 20
13 15 16
13 8 36
3 20 14
8 17 20
4 7 16
19 18 14
22 3 5
3 5 30
3 17 30
1 4 10
22 6 15
9 11 31
9 6 17
4 2 4
7 19 34
6 17 10
8 3 30
10 18 36
18 4 27
12 13 3
21 16 39
11 18 18
7 20 1
10 14 1
23 20 5
4 5 39
23 9 6
21 5 5
20 13 18
5 5 26
11 19 17
1 10 10
2 20 20
16 4 16
12 11 26
8 17 7
23 20 13
17 20 4
2 14 23
1 6 14
6 16 38
13 11 28
3 3 4
3 5 33
8 10 8
20 2 37
17 5 22
8 1 9
23 4 22
15 10 1
22 1 1
3 16 8
17 6 13
20 13 9
23 1 23
14 7 11
4 6 11
18 11 7
6 20 22
20 14 32
18 15 32
9 19 23
15 11 30
18 5 39
16 19 38
1 11 8
4 18 28
21 1 9
12 12 27
14 4 15
17 18 24
5 3 16
22 6 4
11 7 27
7 6 32
19 10 7
18 6 24
4 5 33
20 9 27
21 14 34
15 7 28
5 13 30
16 20 15
12 17 37
8 7 10
19 4 6
5 11 17
18 5 40
18 13 9
19 5 29
6 18 21
10 12 32
15 3 5
1 16 11
7 18 31
6 9 4
7 18 25
21 19 32
18 16 3
5 18 26
15 18 20
7 14 27
7 14 22
13 7 22
7 16 8
21 13 40
10 5 30
23 18 15
4 20 16
21 16 17
15 6 8
5 8 28
8 17 7
9 10 15
9 11 5
22 16 17
10 1 27
17 4 35
3 17 31
23 1 20
5 11 24
3 2 18
9 12 10
1 16 28
11 6 6
12 2 33
21 20 8
4 14 20
17 7 7
3 14 9
23 7 4
2 11 19
10 19 40
2 1 25
16 17 35
21 1 29
22 17 22
2 20 33
3 14 17
8 18 34
2 4 25
1 17 34
10 18 26
2 17 23
20 7 29
14 12 14
17 11 9
22 13 22
2 20 20
8 3 22
5 2 10
6 14 19
17 9 15
10 5 2
10 18 19
19 10 1
1 2 31
19 1 36
2 5 3
2 18 32
11 14 40
1 4 34
10 11 21
16 15 27
12 5 6
4 6 3
20 1 31
8 15 37
18 6 33
19 12 7
23 16 9
7 12 27
21 15 18
3 11 20
14 9 33
10 7 38
17 11 6
15 3 9
23 15 32
5 11 36
19 12 15
11 16 35
21 5 22
12 7 2
13 1 5
4 19 16
15 7 8
2 3 3
5 15 35
20 2 24
8 8 29
13 20 30
1 3 38
12 4 15
18 19 6
21 16 15
16 17 34
13 12 20
14 10 39
10 14 15
9 16 29
1 4 13
23 2 12
10 4 13
9 8 3
13 11 36
6 7 32
11 11 25
17 5 35
14 17 30
6 12 8
22 17 15
15 4 35
3 17 25
9 17 20
10 11 36
5 16 32
2 3 16
11 10 31
1 20 32
7 8 23
1 11 15
1 16 27
4 10 7
2 1 30
7 18 8
11 9 3
9 20 25
23 16 37
6 17 16
14 10 36
1 20 34
10 10 23
18 6 29
20 4 30
19 4 32
15 13 4
10 19 30
12 9 35
14 6 23
22 15 29
12 9 10
3 9 2
8 13 30
20 15 31
18 15 13
20 15 7
3 4 30
2 3 16
7 5 36
23 12 5
3 5 1
11 12 23
1 17 12
14 14 37
16 18 31
7 2 2
17 11 33
8 14 36
9 5 37
14 20 30
16 18 10
17 11 37
5 11 7
4 4 17
8 16 8
1 13 38
16 3 39
11 5 40
9 8 16
19 14 8
6 18 7
23 9 40
4 2 15
17 11 33
5 13 25
15 16 26
14 17 4
1 8 16
22 12 38
4 5 11
15 8 36
22 6 8
2 4 4
19 10 31
23 6 24
1 1 25
21 15 23
3 3 25
11 17 28
16 10 13
16 17 21
12 2 32
7 11 19
15 12 2
5 10 2
16 8 9
18 16 2
15 14 5
9 12 8
17 14 33
18 3 16
11 13 11
7 11 17
16 9 29
20 9 37
16 2 18
3 18 24
4 7 27
16 17 40
16 1 23
5 4 25
7 11 14
4 18 1
2 2 31
13 4 15
6 10 9
16 20 15
17 7 26
8 6 12
20 4 26
15 8 11
16 7 1
12 17 19
21 11 30
8 2 31
10 8 29
22 20 8
18 19 11
9 8 33
2 15 13
15 4 7
22 18 17
5 2 13
13 19 38
2 3 30
11 15 10
21 9 1
16 11 12
16 7 26
23 7 32
15 6 13
13 10 20
6 5 29
5 9 32
1 19 8
10 9 19
22 17 15
23 5 9
5 1 21
7 13 34
7 10 11
3 9 24
4 10 8
13 12 24
23 2 13
11 7 23
3 8 29
20 8 38
19 20 28
14 13 3
17 9 7
7 17 23
18 4 1
17 5 17
6 20 1
3 4 21
18 3 32
18 14 2
19 3 19
20 2 13
17 19 35
8 2 37
2 11 12
17 14 26
11 18 20
9 1 35
8 4 28
2 11 39
11 13 40
2 15 31
17 18 5
22 7 4
9 18 10
11 15 38
11 19 35
17 12 38
20 20 37
1 12 3
9 7 19
15 9 22
6 7 18
9 7 8
22 10 31
17 6 3
17 1 30
7 19 40
6 2 36
8 15 9
17 14 23
22 4 28
7 15 21
1 16 21
12 17 12
3 9 24
23 17 4
19 3 27
9 9 9
15 4 2
15 9 12
5 5 20
9 16 35
8 16 4
15 4 34
20 10 4
18 19 34
6 7 20
6 7 13
14 20 36
5 8 14
12 7 21
22 13 38
18 8 38
7 7 2
2 5 23
20 3 32
12 17 2
11 7 26
17 9 21
15 1 23
10 8 33
2 5 35
3 15 13
1 19 26
13 4 27
8 18 6
19 9 35
15 16 37
19 1 5
17 14 5
9 4 15
8 10 29
3 20 27
15 4 11
7 11 29
20 12 28
2 18 38
11 14 36
15 18 31
11 14 1
20 13 36
15 14 11
2 2 27
12 19 3
15 7 32
14 3 36
23 5 2
21 12 19
14 19 18
21 4 14
23 8 25
10 13 27
3 10 20
23 5 34
12 12 40
1 12 30
20 2 9
22 5 9
19 20 11
13 19 21
21 20 15
2 20 23
16 1 3
14 5 15
20 8 16
17 16 37
16 9 17
6 2 40
7 5 10
1 14 16
7 8 24
1 18 17
2 8 6
17 3 20
12 2 39
20 16 12
19 6 9
9 19 19
18 14 38
21 6 39
12 20 8
13 6 31
10 8 15
16 15 3
6 4 5
15 19 38
21 14 23
2 8 24
1 15 20
2 14 20
1 6 8
16 10 34
16 17 34
16 1 24
3 11 17
5 7 16
20 17 6
12 1 13
23 9 30
18 4 28
7 9 16
2 15 13
16 17 7
1 17 10
9 8 38
11 11 30
21 19 37
7 11 21
12 9 5
3 16 39
12 10 10
7 3 14
2 11 21
19 16 26
12 10 37
19 20 6
14 19 22
16 15 4
11 15 33
9 5 15
20 1 4
23 9 8
12 16 20
22 15 36
14 15 23
10 6 19
9 5 35
2 11 28
20 6 21
20 17 11
5 7 25
4 20 33
6 10 5
20 14 1
2 16 5
20 14 16
14 10 8
7 19 29
16 17 36
3 14 39
2 1 31
20 8 3
9 8 28
13 15 1
12 16 23
11 7 39
21 15 8
11 11 20
21 7 13
5 12 38
17 9 26
17 8 28
16 3 27
19 2 32
15 2 12
1 5 3
14 12 31
23 7 30
10 1 14
16 18 24
4 11 39
20 10 18
3 10 9
13 13 9
14 4 12
3 13 28
16 8 40
4 3 38
9 17 10
3 19 13
10 11 2
15 4 30
19 4 26
11 6 39
21 4 15
19 17 14
19 8 11
7 20 36
13 13 39
2 7 31
14 5 23
8 16 25
15 1 26
12 2 28
1 7 32
9 16 22
8 9 3
12 9 18
1 10 39
15 18 19
20 11 39
19 11 16
3 11 30
21 1 21
10 12 8
23 2 24
22 9 35
1 17 4
2 9 37
7 9 19
17 3 37
18 1 12
17 19 20
8 10 6
22 6 22
9 4 33
13 18 14
19 5 15
7 10 22
1 16 36
4 14 1
14 20 28
19 18 8
18 15 23
11 7 38
8 9 17
6 3 7
3 19 4
12 8 39
18 13 22
22 14 3
18 11 19
7 4 32
17 13 18
17 18 9
15 15 13
15 18 36
3 1 26
10 10 11
20 1 26
17 19 21
18 2 17
23 10 38
13 1 37
10 15 35
3 6 24
2 6 38
14 15 9
5 6 28
3 13 2
10 16 25
11 11 3
2 3 31
12 18 26
22 11 10
23 6 29
5 9 8
18 9 21
6 7 4
11 13 18
2 6 17
20 1 11
8 17 40
3 3 13
9 3 2
7 8 13
15 20 14
5 19 15
12 15 10
9 18 30
23 17 34
3 9 25
22 14 3
9 5 3
12 19 14
3 5 6
20 10 34
2 19 30
14 14 23
13 4 3
5 11 34
9 5 17
22 7 25
2 10 29
22 18 1
20 13 4
1 8 24
6 7 33
17 7 38
5 9 6
19 2 6
1 18 1
18 18 39
5 6 40
22 2 11
19 10 40
17 16 14
16 12 11
12 2 18
22 4 22
14 19 18
8 12 18
8 20 29
20 10 26
23 5 40
1 1 20
6 9 17
15 4 34
19 13 12
7 18 25
13 5 9
19 17 24
13 9 34
4 17 14
2 1 22
12 12 12
8 1 39
18 5 22
20 6 35
6 3 4
23 4 4
5 14 2
20 4 1
20 16 9
12 3 13
8 17 6
4 14 40
3 14 14
9 7 18
2 7 38
3 10 9
2 7 3
5 20 7
5 19 29
18 12 31
8 14 23
10 4 18
5 10 31
3 7 29
3 6 12
23 7 15
23 9 16
16 7 38
11 3 29
8 7 13
18 2 11
7 19 13
13 3 17
20 1 16
5 8 26
20 7 23
12 14 8
13 12 33
21 2 2
4 10 38
21 20 1
23 4 28
12 20 28
2 4 9
3 14 13
3 14 2
17 13 14
11 10 38
18 7 32
5 18 1
14 17 2
12 2 40
17 15 12
18 7 12
16 6 23
16 1 15
1 7 4
16 13 40
1 14 38
16 9 13
8 14 28
11 20 13
12 4 14
1 2 9
9 2 10
2 20 13
20 3 23
14 8 20
20 12 8
10 18 20
17 9 25
5 4 35
14 8 32
7 2 15
1 2 14
3 4 10
17 3 31
15 11 35
7 19 4
11 18 40
15 16 25
21 16 4
20 5 36
3 2 37
10 13 10
9 15 12
3 3 38
9 3 25
5 9 4
15 19 23
8 20 7
20 20 3
17 11 31
11 17 25
23 4 30
15 12 18
1 5 5
12 20 28
9 10 26
10 12 16
2 15 6
19 7 3
13 14 35
10 4 14
4 5 29
5 15 25
23 15 17
16 15 16
22 1 19
5 17 4
6 5 32
4 12 26
22 4 11
23 12 37
1 14 26
8 9 20
23 11 27
13 7 19
11 3 12
15 3 30
22 1 30
9 19 37
22 3 4
17 18 37
7 4 15
19 13 7
19 17 10
3 16 2
21 8 15
15 4 17
18 15 7
3 15 35
19 20 22
17 20 24
15 12 25
9 5 13
14 6 38
5 10 27
10 11 22
19 3 2
12 12 4
7 3 37
19 20 36
9 10 1
18 3 10
22 16 25
18 2 14
22 8 3
8 9 24
23 6 33
1 12 29
11 14 1
10 6 25
7 3 22
3 9 21
7 10 27
7 20 18
8 19 35
13 20 4
6 15 2
19 11 19
14 9 24
3 11 23
8 9 25
23 20 14
4 19 1
7 11 35
15 15 19
8 6 15
4 10 3
8 17 7
16 13 32
13 2 37
1 18 17
23 16 19
6 12 14
18 19 2
17 14 9
20 9 6
3 20 28
21 5 28
6 6 12
9 20 21
5 7 3
4 14 9
15 13 39
15 10 33
7 4 22
15 16 38
22 8 22
22 16 4
15 3 32
7 19 14
20 1 6
14 15 33
13 13 29
23 10 2
1 20 11
16 11 14
13 4 22
21 15 25
2 14 13
12 1 24
21 11 37
14 6 14
1 4 28
18 14 24
4 10 20
19 5 27
11 14 14
14 6 27
18 14 27
8 3 24
20 9 34
20 2 36
11 8 17
3 20 40
6 20 25
14 10 40
13 1 34
5 17 28
9 15 5
3 20 36
21 4 25
18 12 40
1 16 17
13 16 37
4 6 14
16 15 3
3 9 20
14 16 22
11 15 2
19 17 3
4 18 27
1 19 5
3 14 6
1 18 37
9 6 8
17 12 29
2 15 30
4 8 14
16 2 7
18 20 36
12 10 12
8 4 18
4 1 40
1 11 4
13 7 15
16 6 27
16 11 22
3 18 40
2 20 28
20 19 22
17 9 10
11 12 28
17 16 28
9 17 14
9 3 15
1 7 39
22 16 28
3 7 17
8 1 28
18 1 30
22 1 11
3 17 16
1 1 6
9 4 19
3 16 23
9 5 21
2 6 16
18 16 16
22 3 28
13 9 19
15 19 19
14 8 39
9 15 37
16 3 24
23 14 15
19 9 25
20 19 38
23 5 30
19 15 35
15 18 9
21 14 10
12 18 21
12 7 36
13 5 37
16 7 6
23 8 15
23 1 28
11 19 4
6 15 4
21 19 21
6 10 17
11 12 22
15 4 16
14 9 7
8 16 40
16 6 18
17 14 37
7 10 32
12 18 22
6 20 11
10 10 24
4 17 37
18 3 2
7 18 24
7 17 10
15 10 24
1 19 29
3 13 30
17 9 13
16 19 14
7 19 5
3 13 17
9 10 37
19 17 22
17 17 18
2 13 17
22 5 18
3 7 17
16 4 20
14 7 37
14 20 21
14 15 18
18 17 36
23 8 17
1 7 39
15 9 30
12 10 8
7 18 38
14 1 2
8 15 35
8 12 36
5 11 10
17 6 34
22 5 18
17 17 16
3 10 20
8 19 35
12 18 23
23 17 4
18 10 14
7 16 14
16 12 8
12 8 34
20 9 26
22 11 5
6 15 9
10 18 33
12 17 34
9 19 5
18 19 34
22 12 35
17 12 7
1 1 3
10 15 9
5 8 13
22 7 23
15 19 23
6 19 23
18 1 9
10 15 3
12 18 22
15 11 13
12 20 1
22 12 2
22 1 28
2 9 17
9 4 22
23 7 5
17 10 40
9 12 24
9 18 9
12 13 34
2 13 15
8 12 38
20 9 34
8 2 27
15 11 39
16 17 34
6 13 5
16 8 5
22 5 18
15 13 33
3 10 4
3 11 21
1 7 4
6 9 17
12 13 15
4 15 11
9 15 32
6 9 17
10 11 12
6 17 24
15 9 34
23 18 13
13 9 16
19 19 31
12 11 14
23 17 37
5 2 11
17 9 27
14 19 21
12 8 23
4 6 7
13 16 25
2 5 10
20 2 28
23 19 1
7 1 18
10 2 18
22 14 33
14 3 8
16 11 14
4 19 32
10 18 21
21 3 31
16 19 31
17 8 7
20 19 9
19 14 1
10 10 3
7 17 17
17 5 8
10 11 24
3 16 26
9 9 15
22 19 4
6 19 12
3 1 2
18 11 4
5 17 30
18 12 18
1 9 14
10 13 15
8 15 6
6 4 14
20 9 15
22 7 30
17 9 34
12 19 8
1 17 39
4 3 30
17 5 8
11 7 31
1 2 35
2 5 32
21 6 16
1 5 18
22 7 6
6 11 25
7 1 16
1 17 26
2 18 22
5 20 34
23 8 29
3 4 33
4 9 24
4 14 40
15 10 27
6 6 37
17 17 4
5 15 37
16 16 5
19 19 28
14 1 33
6 17 37
4 20 2
12 11 24
9 5 1
17 1 4
20 3 2
3 17 20
8 18 13
12 14 37
18 4 17
8 8 25
3 12 26
5 3 6
5 2 32
9 9 12
7 6 39
4 10 4
16 15 27
4 4 8
22 20 8
6 5 29
6 12 4
8 2 5
21 15 13
17 7 33
5 7 32
11 7 29
6 9 9
7 13 6
13 17 12
23 12 10
9 5 1
16 11 34
4 18 21
15 2 29
18 8 26
7 5 28
12 15 24
8 6 21
2 15 40
12 15 25
5 15 23
11 2 40
19 3 34
22 10 16
18 18 33
23 2 7
9 4 21
12 8 24
3 19 21
3 19 36
19 8 22
21 11 3
3 7 38
14 14 3
9 18 21
9 7 4
6 5 5
23 14 1
2 15 24
4 5 22
16 11 22
15 16 8
2 3 3
19 12 7
5 13 7
21 6 1
2 11 34
16 13 14
17 13 35
6 1 19
12 14 16
16 15 10
6 8 20
2 11 21
12 19 25
4 10 3
1 5 21
15 5 37
17 17 3
21 9 19
22 7 38
16 13 38
14 20 25
19 3 10
23 12 4
18 1 4
8 15 23
23 7 20
14 15 27
23 11 35
7 5 8
9 11 21
22 20 17
23 19 29
3 16 25
8 3 22
9 17 35
9 19 13
4 12 9
3 1 17
22 4 8
4 7 25
12 1 29
8 14 12
3 2 22
8 7 40
5 6 10
1 13 4
17 11 4
14 20 32
21 12 18
20 19 40
5 14 22
23 11 24
7 20 21
15 14 23
19 5 24
15 7 1
19 7 9
11 18 20
8 13 19
8 16 10
4 6 37
17 7 26
7 1 8
6 1 35
16 10 9
4 7 29
14 17 6
4 19 5
14 18 4
19 11 21
20 19 34
6 19 40
10 7 40
2 4 40
4 15 11
4 12 33
19 3 19
22 8 15
8 10 24
13 1 15
12 16 19
8 11 35
5 8 2
10 14 17
18 7 16
6 18 35
3 8 33
4 7 33
20 20 3
9 16 10
3 6 27
17 12 10
7 9 9
10 11 17
13 1 28
16 2 18
22 3 6
3 4 15
6 5 23
7 19 2
17 18 29
7 12 11
14 12 16
23 10 16
18 12 13
18 5 3
4 14 23
9 14 11
1 7 2
5 18 28
17 13 31
19 5 17
17 4 34
18 19 13
18 16 37
7 17 38
7 6 21
1 4 21
5 9 36
15 8 34
12 1 28
22 10 14
17 10 22
1 12 34
20 3 27
18 9 10
4 7 4
20 4 1
18 1 17
21 15 8
11 19 24
5 17 18
4 14 12
23 12 13
23 7 7
10 17 19
11 9 21
8 15 36
7 14 1
6 16 19
4 14 24
4 1 35
1 16 4
20 19 9
22 15 18
22 8 2
6 14 4
19 16 16
15 6 30
14 3 25
14 12 14
8 6 2
3 14 22
5 5 11
16 11 1
19 5 29
9 13 39
15 8 26
3 15 12
6 13 21
9 15 1
8 10 4
10 20 24
7 19 14
5 1 28
22 7 32
8 11 5
21 18 15
3 16 37
6 9 34
13 2 15
2 18 7
7 13 32
10 10 6
22 9 11
23 2 6
21 16 18
14 4 30
22 1 13
9 17 28
2 2 7
15 7 15
22 12 40
3 19 22
19 4 33
10 1 27
11 8 18
2 10 14
1 3 11
11 12 36
9 5 16
5 8 28
14 3 12
22 5 30
19 20 39
21 18 29
18 14 8
20 8 27
1 12 33
20 6 10
19 5 13
22 5 33
8 3 19
4 4 5
15 20 22
17 14 27
4 18 29
7 13 16
12 7 5
22 7 32
22 15 18
2 17 35
8 20 39
4 8 34
20 13 10
14 9 24
7 4 25
18 17 9
16 5 16
12 11 13
7 3 18
15 9 25
10 5 15
21 11 4
2 3 34
13 12 17
22 15 34
10 7 31
14 15 19
5 14 34
23 19 31
5 1 14
21 12 20
18 17 9
16 15 11
3 9 20
9 20 27
7 1 22
20 9 16
22 14 36
18 12 27
10 17 5
4 6 40
6 19 21
15 10 24
16 9 35
7 18 15
10 12 21
19 7 16
6 11 21
14 8 1
17 5 3
17 6 38
16 13 37
1 14 1
19 8 10
21 5 20
8 11 39
11 2 30
13 7 28
11 7 34
3 12 36
18 12 37
9 11 8
2 13 21
22 3 36
20 4 5
4 15 26
8 9 28
12 6 38
22 13 4
14 2 33
3 16 10
23 15 14
8 10 7
1 4 27
10 4 9
3 7 11
20 11 9
16 6 3
10 4 25
19 10 13
1 1 14
17 19 25
20 1 28
5 4 23
8 17 12
6 13 38
8 9 16
2 15 6
1 16 22
2 16 24
19 15 38
17 3 27
9 12 22
11 14 39
22 19 30
20 9 26
7 10 19
19 13 3
9 12 2
14 13 14
21 4 21
3 20 33
11 4 18
9 16 8
12 1 37
18 18 30
21 16 11
12 2 10
20 19 6
23 11 5
13 5 31
21 14 40
4 15 5
19 15 32
15 20 15
16 17 19
5 14 29
3 11 1
2 9 29
14 20 3
18 3 34
15 19 24
16 9 11
10 6 29
22 19 6
15 12 15
10 9 32
14 13 26
19 12 23
22 2 29
18 11 10
21 8 13
13 14 6
13 7 2
11 12 38
17 5 8
2 13 15
11 10 1
5 11 18
5 4 3
21 7 8
2 8 13
18 12 18
1 4 14
23 17 25
15 16 20
22 5 32
19 13 21
15 10 5
6 15 5
8 3 12
13 10 6
23 8 17
23 7 16
16 18 19
4 18 3
23 15 34
16 16 14
21 11 36
20 13 18
1 4 22
19 7 15
15 11 23
1 11 13
9 18 38
11 11 39
20 13 8
11 19 22
5 20 16
15 12 38
10 16 32
6 14 6
11 6 20
12 6 13
15 4 34
18 16 17
19 5 39
12 19 14
9 2 27
18 19 22
18 13 25
10 5 37
14 5 23
9 15 38
14 10 1
3 6 31
13 15 15
20 7 17
19 11 38
6 18 21
1 6 14
20 3 40
19 9 34
16 6 20
6 1 38
12 18 34
19 1 20
6 11 32
9 18 30
8 8 13
14 10 23
2 8 7
3 16 6
2 20 40
6 18 35
