86 19 1093 521
1999 4369 3677 455 3294 1339 262 1009 4807 2165 774 1861 2016 4829 3970 1631 1596 3050 3952 
3320 4580 4739 2162 2324 504 3064 1819 2658 433 167 4144 2639 3109 832 2517 3308 4161 2412 
205 4040 2999 1317 2943 3340 4006 3559 4211 2906 3107 1542 2543 3163 443 3616 2732 3000 3594 
1488 1520 1940 3903 2809 1077 3326 1505 1288 2930 2914 4082 4059 92 1799 510 975 138 132 
2869 3336 3436 2531 909 642 974 3521 3269 643 4368 986 79 139 3909 3748 4719 1967 291 
966 468 3510 4535 4872 2527 3325 1226 932 3878 338 4020 4169 161 3169 4540 1162 1391 257 
2278 584 287 2437 2533 1116 3830 2149 3871 1846 425 1767 2554 1745 2058 1231 2225 1455 775 
1708 1314 4174 2451 1303 2050 905 3530 3191 3309 2340 4804 622 3867 1829 3873 1853 2971 2668 
1866 4396 3200 1769 3443 415 3314 2216 2491 537 4289 3999 4795 871 2934 19 3265 3118 416 
4068 494 3128 2094 17 1251 4603 1562 228 1136 3703 1388 4351 4541 2561 236 2676 767 3986 
2073 1943 3432 3181 2741 3017 4840 4494 3621 2614 3451 3144 4469 3825 2053 2003 205 1608 2195 
1622 4636 3574 2734 2721 3553 707 3867 2312 310 45 3083 2230 3206 2659 24 919 3684 3044 
381 1731 1884 4678 3058 3756 394 4387 4216 3957 236 3263 4591 1811 3094 1333 4708 1934 2524 
4241 1648 2310 2934 4273 2014 4414 3285 3756 4429 477 98 4798 1749 909 4445 246 4413 862 
1803 4023 4663 796 905 669 355 2787 4769 1325 552 2871 1206 183 4552 2945 4900 1714 2090 
2880 4144 3898 2007 739 4650 3274 3618 744 407 3736 2897 3046 4453 813 1023 4769 931 1074 
1738 1754 147 3922 4295 1895 1820 465 800 1591 4615 241 42 1530 2661 3857 1809 561 433 
1759 3802 1981 339 1645 3451 2945 990 4517 183 4161 4129 2239 4247 3931 1917 1986 1317 2452 
1513 928 1782 3792 2754 2527 4522 1441 1367 775 102 2911 726 2571 3683 663 3096 3467 4001 
3735 1813 673 4319 3421 1228 2011 4672 2801 2445 1610 3288 4054 3881 3455 1602 1365 4142 154 
3145 2395 676 3254 3917 632 2180 3928 60 2225 3055 736 4617 2759 3272 4118 3057 809 1920 
4225 751 790 1073 4906 1432 2287 2325 124 1539 739 1258 3251 4265 748 2151 3567 1921 2633 
2935 2936 2727 2508 3480 797 3188 869 1185 1037 1149 1568 4432 1328 1854 1767 3243 3803 4312 
4733 3822 2695 1444 3509 3067 2751 1562 3206 3182 97 212 2501 2349 4704 4271 4302 1718 2997 
2129 3199 678 32 3285 2926 618 2327 1693 4771 1248 4478 3346 4032 36 4708 2154 2917 1374 
2476 3568 2647 2694 1398 550 2242 1966 3288 100 814 104 608 1609 1555 2755 1122 123 4815 
1887 3170 1257 3866 303 4007 3246 1159 3339 3625 4231 1167 2108 3447 707 4149 3187 2082 4294 
2942 2799 3056 4796 4463 3410 3567 3802 2143 1895 262 4548 2225 2640 2439 3572 3912 1749 2545 
4680 528 767 4576 3033 3451 3923 4116 2167 3252 4187 4035 2883 1562 3846 2074 1084 3392 2804 
3644 3673 607 4461 4893 949 3272 3752 3579 4788 3270 2174 2027 2858 1422 2294 846 4605 3411 
2532 1830 495 4649 1836 4551 3830 3647 1822 1229 2741 2514 244 4540 573 2406 4253 1713 3534 
4399 2958 3651 1188 2228 3561 1200 2053 450 2138 4582 3591 4117 1160 410 1115 2893 4396 396 
4047 2965 1925 4765 1115 2076 4690 4205 1277 303 3369 4072 3155 1102 1181 2899 2323 2854 166 
1671 1929 124 87 320 1580 1084 2627 4266 4073 3531 4886 2896 3590 1576 418 2450 1082 1956 
145 2878 4630 2091 4901 2595 3570 4774 275 858 1271 270 918 491 4715 3965 4451 2647 2172 
793 2653 3928 1707 1371 3940 349 1032 1716 2748 1965 4317 2278 3120 2561 2132 736 1953 331 
122 1982 1998 3474 28 4556 4037 3553 3983 3032 1939 2377 2367 1261 3986 2006 2044 4063 4487 
64 4764 3815 3674 3724 3596 351 3725 2808 4240 4545 2184 123 3749 3163 3306 2058 1809 174 
2289 1023 4071 2880 2265 2160 4784 3213 2360 1173 4414 3013 2766 3020 1415 833 2938 1409 2825 
3541 1081 2647 4195 4867 4573 3005 2511 4349 2678 2456 4593 4624 4160 2795 1514 2735 669 4314 
1702 2898 3078 3181 799 4317 155 4258 3900 3225 2542 3343 3986 4163 763 3725 1878 3809 1920 
2924 2755 4017 2756 1555 776 916 2351 1664 2011 402 475 4778 4425 819 4511 4185 2904 2124 
1532 4291 2694 1433 370 1172 218 4595 3663 4872 4391 3983 4153 2289 2890 1558 4424 4204 2560 
3575 2309 1434 4314 3294 2568 2999 375 1889 2435 1113 1845 2220 157 2142 1627 3097 4617 3487 
4413 4422 982 2800 3355 4374 4081 4240 2697 1881 2096 2166 4861 3365 2969 2144 38 1486 992 
3233 4507 2116 481 4142 2576 2740 2983 4306 1011 2894 454 2065 644 3504 4743 3817 2446 2341 
3157 1245 4062 1632 4744 3292 3345 1444 3234 1222 4103 795 4283 2379 4156 1012 2221 1415 729 
605 3285 641 1583 2605 1214 3028 4618 1369 1131 2476 2045 1732 4171 4127 3131 1146 4241 3122 
3892 636 4773 761 3095 3187 4118 3534 3093 524 4471 3366 4786 4080 3525 274 4783 3000 2807 
444 2848 2726 3059 641 4716 2631 271 3703 3295 2917 3732 1808 3873 2838 1341 1328 2856 3104 
3993 1375 3126 291 1619 92 671 2465 233 147 4446 1857 3050 132 857 4613 1057 3280 2313 
2130 4403 2262 4893 1500 3131 2668 4070 2743 3637 1884 3795 4619 126 3068 1614 3931 986 3224 
873 701 4412 3772 4230 2997 2636 612 4001 4360 3588 785 3509 1222 1579 2161 1049 4033 543 
2158 2203 2393 1668 944 1930 618 2785 1393 4905 2043 201 848 1688 1309 4378 2023 1959 2051 
2416 4662 4425 3884 187 1516 3746 3124 375 546 4124 2986 4708 672 2396 2453 1858 3853 948 
2202 38 3007 3807 546 112 1831 491 2250 3315 4147 4600 2849 1915 2719 3530 504 4226 1871 
519 3019 2341 4897 4803 4032 4574 4769 1356 4519 1664 1888 994 719 1134 4021 4177 1232 4212 
2987 4427 911 4158 1403 360 729 3962 1583 1385 3485 3806 1678 77 3529 2052 805 999 1249 
3792 1223 293 4837 4632 1587 3387 4519 2702 1108 4838 3153 4597 1556 1134 4216 606 521 604 
1386 961 468 2043 2805 2067 1212 853 2012 3071 4264 3485 2543 2539 896 3344 3960 2367 1404 
1855 3431 281 3835 1222 324 3445 4017 4188 765 3649 4495 4609 1726 1570 2562 497 2846 4834 
4344 2617 3577 843 2495 3555 2395 162 539 2542 2924 1834 3884 4401 3069 1072 4118 32 263 
1424 1820 1767 2788 733 4392 4735 1362 4716 3319 257 3413 4577 3306 2157 1035 1115 3794 701 
4834 3950 4619 3197 647 4883 4569 2489 1564 3613 803 840 4540 2020 2250 4554 1139 4341 1789 
2619 625 4233 4475 2745 1575 4804 3887 4880 166 377 402 2121 3539 4831 4266 1506 2357 3695 
1724 259 1816 3185 976 3398 368 2394 1706 1751 4801 3801 3039 2104 4704 4522 4789 2829 4534 
1575 2849 3344 2115 1831 1206 3857 2358 3293 1550 2592 4746 1962 2392 866 476 3336 2887 1483 
2407 163 4312 1623 3227 1621 55 3380 4511 3136 1807 266 4516 542 874 1112 1714 3184 1952 
2544 2761 2229 681 559 1942 2980 273 3841 2648 4138 4615 2462 2695 1402 2554 4672 3395 2047 
1324 3263 2868 3998 4656 2583 3886 913 2030 3527 1726 366 804 3497 2311 1008 434 3883 2516 
3879 3823 3681 3522 1459 4144 3982 212 482 3238 2528 4402 848 446 1589 2724 2430 3957 4676 
2296 244 4667 4821 3815 2272 406 616 4161 574 2499 3215 3603 868 1887 4363 626 2169 670 
1291 2256 316 772 2571 2666 822 4696 3937 1491 823 1765 3936 4646 450 3337 941 742 2632 
1384 1622 3282 4865 1455 4124 559 611 4049 781 2407 1368 2033 673 2557 4447 680 4773 3269 
4031 1107 1079 1312 1014 3539 1901 883 351 1734 3604 4086 2103 1968 607 3308 3859 473 2252 
2735 3427 3813 609 3738 33 3975 4723 4704 551 234 4271 3117 363 2192 3550 945 2809 1527 
2230 910 4132 2364 1675 4590 2187 3735 823 309 1945 3737 3803 1477 2413 1804 3290 1843 4305 
16 3728 2710 3968 4612 58 4721 1409 4672 3946 3582 3710 3487 105 2136 1634 2343 2172 2328 
375 3886 4386 2093 3421 298 3148 3057 3394 795 4753 3654 1481 2368 2595 1986 4456 184 4904 
1815 2077 3344 4150 1387 4784 3825 2257 2340 3770 208 3897 3804 1213 3440 3208 4627 4114 3047 
865 4021 1999 1965 3344 94 948 360 4882 2358 2373 2525 2604 487 2226 1269 4577 457 3043 
59 4116 3961 765 3969 1684 672 4098 1957 556 3987 3826 714 3400 2066 1155 2373 2096 376 
2835 3398 2972 1894 1983 2742 4441 2342 118 1579 4446 2916 4664 715 2488 21 20 1174 1686 
3579 2093 3285 4432 4628 406 4198 4346 3244 419 3463 2412 3838 2188 1844 3760 1963 1085 3239 
3987 3589 1812 524 3279 26 219 138 4554 461 1501 3701 3571 3738 1572 2930 2579 4389 4645 
1010 1259 988 1220 1190 3885 2395 4173 2624 1672 3719 1470 802 1718 249 2363 1323 3625 826 
83 13 31
16 14 6
61 15 32
20 9 3
43 15 32
8 13 16
8 14 11
41 7 8
17 2 12
76 9 39
6 12 13
73 5 14
24 3 30
70 11 22
62 2 15
62 16 1
65 1 18
40 4 8
14 12 14
4 11 23
41 4 3
8 13 12
60 13 26
44 7 15
64 9 10
59 7 33
52 12 32
32 16 36
82 6 14
44 14 33
31 1 5
31 16 32
9 15 19
76 10 36
8 7 21
54 17 14
65 8 38
59 5 1
50 6 39
38 10 25
46 11 18
80 2 5
21 10 18
52 15 24
74 8 15
35 11 25
1 12 10
42 12 15
22 1 28
70 15 27
8 17 32
81 2 1
33 7 27
64 11 4
51 8 39
25 17 5
74 4 37
74 12 25
13 1 34
46 3 7
17 5 36
35 10 36
41 10 40
69 2 32
77 1 19
11 11 26
72 6 34
31 8 13
80 10 26
35 17 22
14 3 17
63 14 35
64 1 7
19 14 10
81 10 1
83 17 36
72 13 27
22 15 33
32 9 31
81 11 22
53 12 14
81 14 9
7 6 40
23 8 9
70 9 28
24 3 33
49 1 10
27 4 27
28 11 31
31 4 10
37 9 38
52 15 8
64 13 6
47 5 22
33 9 20
60 11 31
52 13 38
62 7 10
41 14 8
5 4 22
5 14 17
70 17 23
62 10 30
14 9 38
35 15 24
26 7 13
4 11 17
3 9 15
55 7 26
4 13 37
54 3 29
57 15 32
33 16 35
30 13 9
13 6 6
48 13 7
24 15 17
66 4 37
44 13 40
73 8 14
42 14 2
67 4 36
50 6 28
19 13 32
54 12 32
35 17 2
64 13 2
60 1 24
47 12 34
57 8 10
80 6 28
82 14 23
43 12 21
71 7 23
67 15 15
76 15 14
73 5 2
22 5 12
58 11 13
84 8 4
32 6 7
24 9 1
81 12 39
56 12 21
46 15 28
28 12 25
33 6 23
6 17 2
73 4 39
21 6 21
84 16 14
6 7 29
12 5 38
3 4 7
35 13 33
65 5 37
81 16 10
70 13 14
58 5 37
84 6 4
40 15 27
49 17 23
37 13 19
3 8 9
10 1 29
69 5 22
24 16 8
49 11 31
82 10 9
21 17 33
57 16 27
39 5 24
31 10 15
42 11 18
42 11 9
50 17 3
77 6 34
65 9 21
69 1 9
58 10 17
29 11 15
66 9 11
34 7 12
10 4 26
19 5 2
4 2 31
70 14 3
51 12 11
59 10 11
32 6 3
31 3 34
44 1 10
76 2 14
52 3 16
26 8 18
4 7 5
20 11 22
1 7 1
77 11 1
46 11 12
12 15 26
42 12 8
82 2 37
52 12 12
80 15 16
60 12 26
18 8 4
5 4 40
59 5 4
13 6 18
39 7 15
41 15 8
49 16 32
12 2 15
30 10 13
55 7 21
12 15 30
71 6 26
45 6 26
33 5 34
47 17 35
82 3 23
83 1 12
39 1 12
78 4 9
51 4 13
28 10 3
18 2 21
30 1 30
9 16 9
52 8 5
37 8 27
48 13 16
37 3 25
39 16 15
72 8 24
43 10 13
14 11 18
72 17 9
18 14 16
28 2 1
63 15 20
58 11 29
23 6 10
6 10 4
41 17 34
26 5 4
39 17 24
3 11 8
76 9 14
70 17 29
78 2 3
15 12 13
56 11 11
81 14 28
78 17 13
6 10 22
31 17 35
12 4 22
75 14 14
61 12 30
21 6 17
27 16 14
74 2 37
64 13 36
13 14 24
81 13 1
45 7 31
64 17 20
21 4 23
30 3 32
55 4 23
43 8 28
10 2 36
67 9 25
38 7 34
72 5 24
36 3 10
33 6 23
29 17 32
39 2 10
50 15 24
75 10 11
81 4 40
41 12 22
60 11 17
32 9 9
81 12 40
46 14 2
34 13 37
76 15 10
50 7 20
34 3 29
7 10 32
77 15 4
52 2 4
24 5 11
5 17 31
44 15 15
11 1 20
27 8 33
58 4 18
28 3 13
35 14 34
46 1 10
71 4 32
73 2 21
15 8 37
48 2 5
21 3 13
49 1 11
22 2 27
22 6 34
6 12 4
4 16 7
38 5 32
39 1 26
80 7 32
50 12 16
63 15 28
57 5 34
55 8 35
31 1 9
19 6 14
39 16 29
15 16 10
43 10 36
63 1 19
66 12 26
67 13 33
82 8 29
38 17 14
38 7 23
4 17 4
77 15 20
36 9 33
79 17 39
46 13 13
71 8 34
62 12 32
69 5 8
41 7 7
2 6 34
68 14 21
58 5 20
25 16 32
44 10 19
84 4 17
81 9 35
29 2 2
22 8 19
6 7 22
49 13 20
58 12 26
2 6 8
50 3 28
39 3 38
59 3 24
80 3 37
20 15 31
21 16 37
39 9 26
54 8 22
25 12 30
15 14 15
35 16 18
68 1 24
4 7 29
15 2 24
7 1 31
72 13 37
15 17 5
69 5 29
55 17 19
56 4 32
69 7 37
70 5 7
26 4 1
25 15 1
43 7 31
79 13 21
71 16 32
40 10 22
4 7 10
12 11 16
2 6 5
46 10 27
16 14 23
17 12 24
23 1 5
44 7 2
65 17 35
43 10 25
80 6 37
37 16 12
16 16 40
40 14 16
29 8 37
49 8 31
75 10 40
72 11 26
4 14 13
72 9 9
14 3 2
16 17 24
21 8 8
12 2 23
26 8 17
20 17 13
69 7 8
22 12 13
15 9 28
71 10 17
34 9 23
14 1 12
11 15 22
19 4 19
66 9 35
49 5 11
13 12 31
57 8 24
9 8 4
84 16 36
61 3 20
2 8 7
60 3 33
8 8 8
43 17 28
77 12 31
8 17 1
21 13 37
2 5 12
79 5 13
43 4 25
32 7 40
11 5 22
8 3 34
7 4 10
75 7 35
49 15 20
63 1 6
83 8 27
52 12 18
54 8 26
23 7 20
36 14 18
72 9 34
23 5 19
6 5 37
43 7 39
54 7 19
46 7 11
25 4 34
38 12 35
69 16 15
38 16 15
71 4 8
53 8 36
59 2 24
65 4 14
34 16 15
3 11 18
4 14 26
15 7 22
33 6 16
4 17 38
62 16 35
54 10 13
50 2 34
60 13 27
44 3 8
60 5 29
59 10 8
39 12 32
46 7 23
36 13 17
78 1 21
20 2 12
46 9 31
37 16 19
4 12 18
26 12 7
29 3 15
72 8 4
36 2 25
15 4 39
54 5 8
74 3 23
78 16 17
17 2 15
41 5 13
16 17 9
17 15 29
35 10 13
44 7 15
38 15 15
81 17 23
74 10 18
20 8 40
2 1 19
21 12 36
27 12 35
36 14 22
12 14 12
24 11 9
60 11 12
7 8 15
56 16 1
64 16 15
80 2 4
76 5 22
26 14 1
47 16 22
16 1 16
76 8 39
61 8 12
3 17 7
60 1 25
5 13 39
20 2 3
51 12 13
