56 75 50 8955
1343 3748 14 3322 3723 2756 4059 4580 2374 2040 4200 2749 2647 2414 2018 3939 3692 1021 304 4366 515 4177 3034 2504 1315 3368 4710 4067 2846 89 2483 817 3847 3900 1614 1312 2129 764 445 1198 4614 4522 1012 3037 4266 2552 4467 2961 1081 4474 926 3339 633 834 4098 3965 3109 50 1520 342 4331 939 1763 1914 2173 4674 4344 206 857 3863 4430 4791 2344 3463 4697 
3546 2806 4049 4266 2186 4309 2598 1012 156 2503 3350 2213 2449 1578 1881 2297 4067 4812 2481 2207 1684 208 4276 1192 475 179 1040 3038 1763 1137 1028 3911 726 3799 4146 1310 4623 3017 4522 3790 941 3823 638 653 4477 1370 1344 1966 3714 833 1506 3911 761 333 3021 3543 3820 3562 3081 579 1979 545 771 2127 1823 3836 383 2194 1630 1495 4206 1143 2852 3953 906 
3177 1734 3947 2133 3954 3204 4345 100 695 3882 4196 3374 4045 2885 2665 3569 2498 1674 2524 3093 2860 189 2821 895 1921 4731 471 689 788 4000 4234 3066 3384 3190 1925 517 1129 2733 1678 1859 1628 3316 4904 1421 4412 1583 2766 4804 449 1489 1489 1905 1026 826 2759 1648 1132 255 4613 4876 788 4792 4616 3669 4708 4749 4035 2228 2071 423 1933 4427 4766 2721 48 
4060 342 2360 407 850 2696 1234 89 2136 13 3044 2848 4083 66 3207 1868 3438 4489 705 1526 159 2426 4220 2518 1373 4656 94 3294 3064 1521 3018 1042 3321 1966 4472 1467 1004 2040 768 1707 4154 591 3951 722 4599 3535 4552 2814 2348 2375 777 1648 262 1198 2816 534 4666 279 672 4678 335 1859 4200 4499 905 1618 3492 1265 597 3764 2113 4191 4114 837 3169 
4695 4856 2637 3039 2846 3031 4154 3227 2638 3191 4427 2976 1603 2998 3786 1508 3895 2324 1916 3455 4025 4558 1634 1848 180 2010 915 2989 4599 436 2188 3870 3148 3697 1781 3939 4385 4248 3470 1701 4460 1683 4851 2515 269 3016 1349 4034 1945 1373 1843 4327 3238 1159 4174 972 899 2623 4698 1371 282 1499 2019 337 3729 106 2851 4312 1108 303 2634 2541 2345 4854 849 
4694 3390 1140 2449 4836 3635 4151 371 2592 613 4541 2265 4488 1993 3585 2603 1280 984 271 2148 1058 288 2283 378 3998 2608 68 4287 4080 578 3485 4186 118 3651 2897 4896 4655 4717 2140 412 2758 56 1632 1480 3017 2514 211 1059 188 2967 4055 3863 4036 4725 3645 2456 3134 1474 3144 4279 1660 3008 231 4871 3761 3303 4285 271 3914 4763 2150 1172 1500 3095 2725 
3629 4309 2919 3003 702 2157 3563 1764 4175 2726 1675 4156 3864 896 405 1739 485 3678 4788 1852 944 111 4829 3757 185 4369 1647 4162 1296 1712 2304 4770 1482 902 2318 1096 2280 2794 2250 1021 3098 3003 2413 3481 4532 364 1337 3376 2835 4756 29 2875 93 2244 2831 735 79 2183 1974 4891 3240 3286 446 4893 4118 2701 1849 430 3979 4845 2959 2781 2349 2145 1979 
257 4713 4816 701 918 474 4236 494 4777 2887 4324 1645 246 3030 1828 3311 2576 4159 12 1444 437 4698 2187 4375 4344 4867 695 2893 1684 380 3351 1238 2402 1397 543 611 2631 3650 1396 1602 2091 1941 3920 4781 4086 700 1814 2164 2994 2731 2216 2577 32 3356 4549 708 300 4678 212 2182 2326 3328 2075 756 4339 635 4588 1668 4657 3519 1701 3570 4044 1903 1061 
686 3203 4498 1234 3163 2202 2301 1804 2601 1587 1927 242 1158 1727 4802 1002 63 2460 2895 2994 807 4650 1705 1018 1893 3927 1780 4665 4369 3510 1466 3402 3633 709 4469 2642 82 4801 544 2249 1293 911 4793 2467 4604 2894 720 3994 2075 1920 4450 3893 2604 451 2083 912 1785 2487 2338 2753 3714 1100 1107 3226 2737 1823 2915 1458 2184 4225 4866 789 220 1549 1352 
2579 3098 3604 147 857 3992 2972 2460 379 949 2599 3655 675 806 3252 4185 1094 3372 1067 2249 4667 392 124 228 1087 2983 3457 19 1260 4739 1360 3618 221 2383 818 3209 1824 1469 2082 1238 1622 2617 3114 550 387 4887 2092 412 4133 3799 3539 2748 3154 2935 4245 1565 4777 4140 2670 244 3650 2713 4800 1739 378 4444 1098 3444 1064 924 2526 2628 3213 1860 2636 
2491 3763 860 733 2940 3493 2003 2881 3405 386 2739 2080 230 3789 1380 2789 4642 4673 3260 2147 4052 1862 1081 4881 4729 2060 2237 3702 4702 459 1235 4799 581 4645 718 1292 4783 1374 428 1976 1008 933 721 4625 1497 1099 1033 484 2769 4481 3219 3843 4845 1716 3010 1773 225 119 2274 1491 1693 2890 4262 2036 2905 4123 3799 2025 2331 872 2364 3235 2188 252 688 
2835 3545 2028 3502 3982 1050 4785 3850 2560 2361 850 1582 1373 1556 411 4545 4523 4744 1002 4401 1805 2767 4370 4289 4116 4160 2423 3686 829 4210 3340 4894 4114 4126 1189 2655 1109 1429 3315 4252 192 3316 1095 334 1615 607 2930 674 2679 189 2819 4656 143 2041 3717 4860 79 1865 1474 513 3549 1486 505 1036 1429 3558 63 1141 2057 831 4196 908 1777 4150 3486 
3664 2443 1153 3372 2107 516 2157 3080 4108 539 1455 2734 2125 2586 920 2076 2994 91 3114 3164 4363 2439 4037 1300 2437 67 1664 152 3157 839 2895 2869 1825 1106 2702 153 4434 2917 3498 2655 370 4644 1897 1757 2721 1027 3766 2304 1321 3962 2636 2464 3018 1068 378 4248 4108 1952 3930 36 887 254 2474 3334 1255 3379 277 2643 1940 1962 1435 4679 3061 4191 2047 
4520 1421 2588 3915 503 1562 1615 2928 2634 2602 4179 1385 1699 2108 1031 3474 3685 2060 43 523 573 2220 1708 114 1419 3388 4231 4846 2122 4418 3552 2131 3430 4559 1057 886 2754 3924 4709 3115 1653 3361 699 3436 2369 1187 298 1249 2496 2852 1094 36 4659 2190 3582 2284 3463 12 527 3567 872 122 4314 4005 353 795 755 1668 2173 1841 689 1406 2551 3102 543 
4503 697 2045 2508 4016 832 3126 301 1640 353 436 2333 4148 4858 3351 524 2615 4848 1552 881 2660 4131 1696 2491 3800 3529 1878 2599 4054 1429 1332 1288 4691 1771 4387 1495 1754 4352 3528 1634 1991 1743 3857 3049 127 3937 998 42 3749 2344 267 1803 3453 4826 243 544 4184 89 777 2112 1251 1211 4623 149 3104 3377 1426 4113 212 4663 3807 3930 3193 291 4623 
729 2308 931 1774 3449 2940 2586 2311 3326 1366 3085 4062 467 4215 684 2909 2193 3033 2112 3798 2299 834 3781 93 4397 774 4398 2360 4614 3850 2324 3156 3747 3463 3763 3735 3180 3781 25 39 3372 682 1532 1287 3816 1447 4109 4665 1977 2923 3139 1349 1002 279 920 3284 3054 1151 4324 1900 4641 1134 4034 2919 4654 104 755 2592 4591 2712 3548 3978 2039 1598 2281 
1138 3910 2072 4142 4567 2482 1588 4811 874 3073 786 2640 3125 3681 2206 1468 1657 4862 3885 2017 1549 1194 2055 3163 1371 3032 4874 3216 2400 3331 2751 785 2233 2408 329 682 4801 3743 2335 3310 2641 1671 409 3836 4862 402 1292 3171 594 3622 2828 124 2799 3855 4054 736 1680 1346 1986 1929 532 3408 77 495 1317 2617 3245 2328 4181 3168 2914 553 379 4204 3808 
4033 2983 1032 1521 3170 1854 471 828 2846 314 535 2675 1806 1121 4092 449 4213 2185 4566 1592 4256 3223 4020 2687 767 2135 21 3264 785 3789 2670 1960 1688 2660 2473 2664 2996 3730 1113 252 123 1832 845 4684 1092 1707 3196 1678 1336 2404 1036 4196 2022 2653 2933 2551 297 3912 1136 4667 3510 3487 4018 2100 4413 3210 1620 3062 310 1660 3972 1376 2371 700 3224 
2308 2640 4820 4027 3246 1743 954 316 1110 3898 1487 4185 3070 4469 2524 3344 346 2533 865 2933 89 1226 2394 2609 2776 2952 1249 2685 1999 3243 2532 2485 3637 4783 2486 3691 1273 3920 2323 1619 325 903 2815 4626 1048 3959 1102 1638 1568 932 4883 4850 3003 4630 1934 775 3050 122 3112 4520 3195 2413 4076 3494 553 1022 4175 4860 3821 4784 2248 53 190 470 1296 
2352 1120 4861 2187 3451 1286 2760 679 1192 3949 811 4449 2149 2112 3386 3647 1019 1584 176 2715 1757 1572 1740 1131 1422 1427 4397 4876 1822 514 4353 4139 2268 3739 4309 3134 68 2703 1066 2713 4627 2207 3962 1830 67 1987 698 1929 3567 2424 3089 2288 4446 2228 3239 519 4549 2553 2101 1938 1457 199 2473 4315 3262 4179 1619 2555 2961 57 1442 1327 2259 92 4042 
4028 2014 1842 4764 2929 1782 4543 1419 544 3645 767 2093 2007 1403 1667 3683 2159 4361 996 2287 3985 1315 2577 857 3077 2943 4734 2695 3638 3139 1049 3940 471 3787 2358 4612 2363 1539 1174 1732 2309 4718 373 943 64 3258 2445 366 3082 1596 2687 572 4860 3628 487 4842 628 4055 4006 3246 2149 3701 4067 3988 1108 4083 1519 1701 2161 506 1639 1900 4490 2012 2823 
798 2186 1749 2999 2918 3328 4677 4390 551 4685 4781 3567 553 4347 4776 4293 3855 3390 3423 4219 2378 276 718 1435 3149 2658 4119 335 1628 1895 4769 3354 4377 4252 4746 1929 3494 1374 3205 2192 827 4745 3311 987 4586 3823 52 2152 1765 3880 2117 4230 1715 593 2767 1684 1487 922 3569 865 4415 4083 579 1469 1065 1396 4853 706 2396 457 2116 2704 252 3900 4818 
4867 2016 1255 4159 590 774 1620 3337 2763 2098 3771 4722 3681 4637 93 4023 2178 1136 4437 3351 3162 2101 111 3034 2369 1765 4902 1362 3544 4019 3640 1798 2731 4093 734 1285 2097 2939 3902 4319 3542 313 2666 1093 1571 3418 360 167 645 3847 4363 4505 4763 3488 2178 4063 1656 491 2983 1308 4440 1578 4572 3695 4296 4262 3661 239 2916 1491 2055 1840 1185 63 3938 
2212 3751 3971 947 1974 3156 2419 4413 3796 2521 4024 4510 3393 860 155 4897 4467 4865 4580 4122 4484 1278 4011 477 2184 3222 4390 1301 4209 2576 3822 2945 2280 1708 2619 3342 2898 2240 796 1535 2160 3395 71 237 4663 2402 2388 3570 3745 2892 2737 374 475 1932 735 2829 3897 3844 290 2850 373 450 1003 3965 2529 3796 1142 1040 3189 1413 575 2243 686 2788 1129 
605 4115 2638 2564 388 1322 175 4221 2026 4445 3103 1333 3451 2251 4194 4146 1914 3757 2116 1466 2432 1315 1622 3680 4812 138 2548 514 2720 808 2691 2557 4198 749 1586 4310 2752 4256 3256 3775 371 2192 2718 2730 979 4825 1435 1126 1642 4229 589 1640 2706 128 1369 166 598 4046 4278 2162 4439 833 1660 3601 1698 2794 4079 944 3255 1706 1595 1059 1305 3419 3693 
3017 1485 2538 667 4469 3788 4580 864 876 2767 1035 2439 4877 1736 1517 1610 2022 1612 3481 715 2158 1454 1108 2543 2243 4191 2189 728 612 4663 733 4366 4025 1640 2305 1839 1852 600 4340 3300 4321 4630 447 1822 3113 4397 3274 1478 4526 4164 161 670 558 2389 2603 201 3626 4082 3454 2747 3247 4374 3384 4858 417 2495 2126 2588 987 2232 4417 2941 2520 1486 3703 
4590 2002 3063 102 312 1948 3129 563 675 2779 2424 1195 1202 671 132 2787 2709 3565 4546 3612 4858 4308 4901 1688 2299 2948 1683 3152 4753 1243 374 1690 1315 4131 2320 3320 2034 4531 978 4681 2898 3077 3229 3875 1970 4851 1710 3637 963 3399 2472 3035 2628 2511 1235 4403 2496 1217 4665 3412 892 3533 1967 2583 613 1995 476 3170 2985 3249 3964 560 3721 350 1503 
4113 3390 1698 951 3869 2009 1979 2262 1049 147 3205 2669 1068 3553 1553 1888 1299 3092 2783 1197 1106 4115 3081 3810 1936 2567 2385 997 2468 869 3921 1072 578 4602 3292 3390 4839 4780 2022 307 4063 4559 530 3951 3743 2630 3896 1377 587 2784 1540 3788 2926 2257 2267 2841 4189 417 4342 2542 2087 1755 1351 1717 2390 2938 3977 1012 2102 3947 2353 1353 1651 1467 4109 
3319 2466 2638 185 3208 3887 1036 2125 4833 1264 702 4456 3722 3351 4601 571 2342 4241 3659 971 3928 1293 4866 991 436 1833 2251 1540 1516 2734 2935 1186 4034 1582 2827 2809 4876 127 517 3390 2879 3739 3883 4329 2065 3795 1844 2931 4069 138 4527 2144 176 3856 3879 1641 3319 4185 4458 2769 1911 4386 3629 3305 2446 3405 395 777 2981 2269 3589 3588 546 1632 4672 
1620 2079 53 2466 2771 195 643 295 1050 1719 1196 3687 2280 2681 2563 2744 327 3914 1064 1872 1097 1774 2898 3129 418 1044 2948 1821 4479 1473 4072 4671 2924 2648 1371 3263 4736 1091 2171 3042 2596 2925 3625 3455 2830 68 3726 2495 1623 738 4864 2330 3603 2621 3186 4068 3601 3845 4826 1034 1954 3579 4856 1436 226 4221 3565 600 2999 1651 2813 1562 4153 729 3030 
3849 2912 4324 119 345 1429 4548 3302 321 419 4510 2887 1486 1887 3188 3186 3461 2383 3362 4388 1418 4552 2235 1325 4732 2819 3040 80 1566 113 601 167 4519 4116 2202 2219 2629 1447 1290 1616 1651 3464 3743 4272 509 1296 4091 4039 943 997 1411 3440 4730 2450 1360 1724 1453 4124 1369 4573 3404 2377 4157 3789 2800 3688 3689 3517 963 1699 4751 2602 4470 1773 2287 
3045 1254 4212 3198 4266 3641 683 4249 3046 944 1895 1569 4668 3169 1016 2092 979 620 3263 2881 1592 3439 4138 363 620 2956 2943 4039 2366 1962 824 3190 3859 2885 2298 2718 2375 1378 2612 2906 718 411 1018 134 4159 3192 2104 1330 3396 4224 3344 2475 993 151 4486 3374 4776 433 519 494 2007 949 4272 2308 2742 4007 51 1092 689 4605 2992 1702 2580 3098 2155 
4647 591 4763 3061 2719 4074 4493 1307 4340 2526 2496 2520 4246 730 2598 3908 1719 918 2528 1829 876 161 4274 367 4481 3859 3293 840 4172 2439 2966 2632 3161 4467 2300 4508 1185 1792 2596 4635 2975 3867 284 3189 609 4797 1815 3631 2140 1123 3531 2450 4586 602 2331 1148 279 3900 544 2087 204 1271 3355 1469 4167 2144 3070 1717 2241 2048 4241 2325 4202 186 2697 
3711 3551 1669 4309 3062 3985 3027 4108 159 4302 3583 4773 2916 451 754 3338 399 3409 3440 4211 2403 4286 1197 1084 47 3312 3784 4757 2514 523 419 251 4414 2102 40 3304 2468 297 2400 1837 4790 2097 781 2034 2966 2802 4476 4694 3333 1511 4333 323 3449 1290 3516 1221 2201 782 2032 4787 2747 1592 665 1468 1202 2436 1258 2374 3878 3262 3280 1759 458 4209 3800 
4300 537 2461 4343 1362 911 1065 3729 396 2374 3444 4122 473 1605 3168 1584 2719 657 2218 2916 2182 3738 4600 3504 828 2475 271 2707 3138 3253 533 4546 246 3210 4599 2896 2942 4017 4800 786 3245 3403 883 1010 4721 1518 1419 2489 3030 979 592 703 164 963 72 2293 4814 3709 4299 1175 2143 2560 4130 540 297 231 4065 2198 3019 729 4886 58 4610 649 1904 
1319 2625 1062 4140 1474 1368 4182 3037 268 1181 1328 4837 2002 452 2443 2618 4515 659 1604 3760 1850 2720 759 552 1124 532 2068 1926 4034 303 1965 1883 4222 4455 2082 538 4389 245 1232 590 3769 1768 764 594 4124 1689 2516 4723 2498 1623 419 947 54 133 4738 287 3670 2765 769 673 2004 378 124 2426 4648 3729 2525 3000 681 1467 3875 695 3499 2636 867 
4587 1643 1383 3235 3298 2568 681 4543 4163 2116 1942 4394 4242 3988 161 4791 2073 4247 422 4024 2339 3121 3792 848 2687 2788 4684 2649 1338 1839 3697 3810 3456 4037 2004 1795 92 1099 3574 636 4640 1801 4107 1659 2477 2055 1165 3433 1433 3948 3073 2514 4517 2130 1508 1654 4760 3459 2262 4519 693 3030 319 3585 1020 4707 3471 1816 3631 4869 645 1929 2404 1306 4226 
2321 4002 953 4588 3294 2510 4035 1568 2951 4474 3724 1584 2941 1127 2905 4785 3135 3102 1274 404 2963 3582 3527 2006 3510 3648 4774 1378 1788 4141 4722 3152 1592 4164 483 2598 1742 3432 1149 3709 2378 4579 3425 2720 4194 3220 2864 4081 4222 1774 4355 3489 2284 1555 1224 14 4876 644 4652 1555 2013 2677 2910 2923 308 2267 1803 4535 816 3439 229 3158 4028 133 77 
4574 982 2488 1902 1170 3184 1915 4595 679 4173 1320 4779 2492 4113 2369 2342 637 3156 1792 3720 1036 2752 806 3488 3155 2758 1049 928 954 751 963 2010 1266 399 726 1732 1140 3145 975 20 295 4771 4408 4654 4859 3264 1930 1363 780 964 3055 4617 622 1004 1032 3718 891 1854 3252 4857 3758 3774 339 132 595 3415 2421 61 4349 4806 4431 2067 856 907 2598 
2246 1611 3281 1224 4220 2165 3651 3688 840 2268 4607 4645 3690 3047 2019 1628 4442 3725 4072 3925 1055 389 3163 3423 4260 3746 2431 3583 401 4481 3379 3653 4262 1107 315 1297 2037 4459 1394 549 4592 1951 2873 2003 2454 2413 1292 3585 2423 3690 3578 1145 2626 376 4040 449 2162 3025 657 3581 2471 2115 2474 4371 3625 2368 2837 3726 4607 4600 747 242 1741 4900 1900 
763 2773 4305 2064 1133 3162 4397 3509 1479 105 579 2847 1802 2682 1699 3131 3681 780 4086 3302 4069 799 2515 974 3424 3078 704 1492 1057 2860 1485 4022 1848 3516 3832 2929 4568 286 2732 3721 3385 3354 943 537 124 4163 997 2368 3218 187 3282 3558 4581 1840 523 781 2281 2456 2103 4104 628 2381 3129 3180 1131 3062 3585 1560 3898 4753 1002 3289 3645 1357 2175 
505 262 3148 1195 235 3910 2328 3251 1917 1695 2977 2201 929 4412 1435 1401 3748 4820 2681 1045 1124 2154 3943 3154 3707 79 637 2722 2309 3032 1457 2923 3193 4276 4375 160 268 3580 1069 3436 2741 2303 913 1900 20 2848 2855 1661 199 3541 190 4600 331 663 4002 4569 4030 3185 151 4736 27 3409 1235 3068 1918 2556 2600 2931 1198 915 3678 320 2420 3585 4351 
4643 235 1739 881 714 4083 1675 2127 2503 3053 4676 3481 4264 2441 2399 1878 361 3997 1146 792 3349 4435 472 4841 3113 1518 1436 4225 4510 1434 2806 2649 484 2394 588 3707 1193 252 2246 353 3613 1795 1869 3535 970 2085 931 4143 3357 1254 1370 1573 1307 1815 2148 4853 4706 368 204 2306 240 2944 3457 4294 3787 2248 4211 3591 2191 574 604 361 584 407 1694 
1064 4830 3642 3161 4898 4519 4222 4031 1510 3160 2254 361 2918 1056 4538 42 3394 4097 2803 3000 3108 632 2701 4516 2005 1949 4857 4333 2482 3321 2109 313 4379 3636 849 3006 2842 2995 4741 999 1189 2598 2406 1964 2372 4026 2415 1595 809 2472 396 1451 4475 347 2746 2716 1720 1762 2188 492 3917 171 3638 665 1089 3803 1753 2910 4655 4533 2826 3786 1441 4905 4036 
635 2449 900 2832 4395 3024 2947 901 1389 3790 66 2333 3358 110 1316 2908 2471 2000 3636 423 4356 708 3950 2186 4665 4068 1348 2336 3888 2165 3309 2508 4748 2150 705 1661 4274 3382 3587 4080 4279 441 4409 3562 4680 3282 147 3204 80 3576 4206 2781 4773 97 4023 4568 1449 1349 2214 2988 2958 2366 649 988 2776 445 3364 3519 1782 51 2677 4092 3131 3207 2286 
3297 4900 2232 322 4829 3958 1315 3830 4338 1021 4025 934 3630 498 4423 89 3380 102 1425 2875 1376 3410 2586 4370 604 2046 2496 4771 329 878 2590 3734 1710 4815 4126 555 1746 3013 244 1595 679 3288 2852 124 2768 2896 1806 4649 350 4897 1596 3970 1365 3413 3162 684 1759 1139 4877 3470 4582 582 3164 4467 2246 1844 1106 1335 2298 1478 1402 243 4324 236 445 
3855 2215 4189 474 2569 4248 2638 1915 1497 2524 786 4663 2762 3950 3089 4777 4629 429 1764 3253 662 3014 4876 4019 1490 3606 3300 1431 4108 2117 1112 4114 730 3145 1135 1251 2305 1547 4108 3152 3570 4903 4274 2980 3708 4183 3799 3548 1780 1846 2857 336 63 4107 1360 3872 870 1481 2650 3177 3579 2057 692 1072 526 3198 4564 4825 1720 1966 3472 4175 2750 2864 4884 
3526 3543 2836 706 2986 1789 348 4887 2570 13 1437 4011 3115 4255 1577 161 3029 4887 2942 4240 4723 1666 3031 4474 4288 1028 3532 1102 4443 170 1741 2539 4281 410 3321 3649 3231 2733 1553 1677 2348 1012 1409 740 4048 1992 2355 785 3976 2316 4443 4699 4174 4007 4293 46 3400 2258 2948 3116 2825 1481 1423 4544 4562 2595 3166 2878 1892 2404 4168 679 69 1894 2506 
3817 3345 851 3779 3084 491 644 3700 305 3173 3257 3926 1489 1780 152 2307 2553 2543 4222 755 792 324 2582 1029 1979 4194 3134 4702 926 4650 1139 2611 2250 2515 2214 2539 4437 3837 4504 2946 3630 1467 1313 4393 3707 919 3684 2316 968 2638 1117 3179 3884 276 1325 32 3021 55 3153 3408 1613 944 4298 2644 3594 4884 1082 3188 2578 4907 4069 3655 2839 1893 3130 
627 388 1624 4899 1651 1851 468 4201 3982 2277 4029 4346 2518 2739 1183 3864 1642 2103 1699 3256 1631 3484 3993 1009 1121 3257 1974 1170 1916 2585 3988 111 2505 4225 2678 2890 2436 370 320 1564 3286 2860 1068 4367 1144 4633 1002 3648 455 3153 2733 808 2794 493 2636 861 1062 4624 284 2328 4626 2419 3724 3722 4654 4656 732 4483 2247 3748 3657 3521 650 1249 349 
4352 582 2891 4400 2691 404 4474 3035 2169 1271 2415 3714 2404 2487 2444 3056 3222 2819 935 4274 1931 1572 332 1222 1663 2040 3854 585 1812 703 2314 2316 2588 1262 1850 4805 4136 2592 3507 1595 2802 2453 4374 2312 4410 970 1429 3722 3772 108 1126 3495 177 3982 3410 1106 4112 608 23 1748 3526 403 2726 1553 3481 3925 2361 1682 1765 1130 328 357 1978 2352 2453 
3508 2890 549 3301 3885 4852 3163 2281 2242 4761 2505 970 2231 4383 57 3503 2841 2541 2019 4130 450 187 717 4101 4560 3199 1326 3780 3492 2855 3493 3657 2202 2361 2823 979 3097 1333 3605 2893 4105 2556 1163 956 1420 3091 2712 3924 4258 1202 2836 3045 4501 2554 1791 4192 3978 427 4798 4527 3206 3984 2632 2792 3375 3822 2171 3387 4575 838 329 4804 1667 755 3107 
944 1390 1031 4342 697 2557 3816 788 1586 4129 2602 4347 1959 2464 361 714 3230 1062 1843 4194 4675 4362 3767 1798 2694 2532 4534 3454 3864 3198 4132 2462 2236 3293 2327 3321 1328 2758 1575 1315 4714 1825 25 2091 4900 2629 2711 2353 759 1139 4388 643 3467 2867 4221 1601 1570 132 3846 295 1421 1758 3336 1908 674 475 4092 1200 1371 2452 2800 948 4008 1324 4411 
820 1594 1395 3590 1595 4317 4401 1742 3071 2429 1285 4396 1968 2478 4180 2889 959 2340 4342 3602 2078 3186 2872 2031 4517 4792 1655 717 1511 1864 2902 4396 931 4423 143 344 3033 496 4308 1796 4416 607 2464 3379 3894 3080 1426 2937 1868 4435 3437 796 1985 1449 3823 2153 3320 1467 4066 1251 1058 2620 4792 1735 760 426 1387 2501 513 3059 3238 3339 2702 338 1782 
4040 530 2676 4702 2805 4410 3838 3710 2781 675 687 2009 4321 4826 4704 4867 3048 726 4903 938 2509 1140 1377 1776 4753 3898 3941 741 4721 1007 1286 54 3464 4247 62 2277 466 509 1589 920 3003 97 681 118 1713 4597 1785 4239 3225 3021 102 4457 4642 1384 1982 1013 358 3353 3883 2617 3927 3755 596 2960 4215 1435 2422 1543 786 3522 1644 1253 4313 4312 2518 
4737 1125 3047 3741 2504 4338 1521 1470 3743 1357 1400 3009 2210 666 3460 184 1816 4789 4430 4079 2106 2318 1621 1130 425 4889 1964 320 2689 4802 310 1855 2963 382 3566 3240 1393 2983 1212 941 3084 549 122 1341 3657 1978 4659 182 4671 4814 3919 4321 1400 968 4512 2696 4111 740 2654 1459 2081 4470 3768 3011 3949 1286 2080 2317 1641 4112 842 686 810 1284 72 
10 25 22
7 25 37
43 10 34
7 15 21
24 57 33
18 51 29
37 47 40
36 63 19
24 27 19
12 27 25
11 50 40
47 25 11
43 3 34
19 29 36
24 66 13
10 28 2
22 47 6
32 42 20
42 44 30
36 50 30
43 58 29
44 4 18
41 50 2
25 28 5
34 54 11
7 14 21
19 43 35
4 9 36
15 73 7
7 73 12
36 45 12
27 70 7
13 3 3
12 21 36
48 6 22
18 12 34
47 71 11
22 71 36
42 41 34
46 4 31
45 50 18
25 73 35
32 39 9
50 36 26
16 24 36
48 63 22
43 65 22
52 17 14
19 58 10
46 62 13
13 64 33
20 15 17
9 29 7
42 71 25
41 33 25
46 73 15
4 22 15
50 49 7
18 13 39
5 27 6
11 24 18
39 46 38
29 70 38
40 4 14
26 63 7
39 9 29
8 9 26
38 7 21
53 46 20
54 2 2
1 5 27
32 50 3
25 28 10
6 51 7
5 69 26
1 67 17
39 57 3
8 47 19
5 36 32
13 51 2
54 20 11
42 61 7
49 13 27
29 14 33
19 7 3
25 43 24
22 58 17
54 11 37
26 36 13
19 41 12
4 65 40
20 5 23
8 14 36
44 51 35
30 44 5
40 73 5
5 6 5
8 35 15
22 43 36
44 68 4
41 39 28
30 28 39
9 53 14
43 31 27
12 33 6
24 33 13
49 70 11
54 39 30
54 71 28
28 23 27
47 14 34
12 22 9
30 63 4
31 6 14
34 68 22
16 12 37
11 19 30
24 47 12
21 3 27
21 25 40
19 67 22
54 49 23
19 68 6
25 48 32
41 73 28
11 18 33
3 51 4
41 47 20
12 56 7
11 48 9
44 14 24
37 73 4
54 30 19
39 16 21
24 12 29
17 46 24
9 38 30
4 25 22
16 41 4
4 59 28
2 2 31
27 45 8
9 14 11
10 66 35
2 1 31
10 42 12
30 8 19
9 4 35
37 71 29
9 7 26
40 27 6
17 25 38
15 72 14
6 58 38
23 35 32
26 50 11
45 48 39
12 8 36
16 51 21
14 14 18
42 9 1
32 27 2
34 66 11
12 12 2
49 70 15
15 49 10
24 10 32
11 39 32
23 59 12
14 22 2
26 16 26
44 72 30
11 9 18
14 63 14
24 7 26
12 71 28
19 25 2
15 51 25
43 12 6
36 38 1
19 14 9
5 44 25
42 70 18
13 32 17
53 71 25
5 38 19
1 10 17
17 10 36
54 32 18
29 33 40
26 8 27
44 50 37
37 4 21
54 49 3
11 73 17
3 18 21
34 20 21
29 24 18
4 67 5
15 48 23
23 15 19
26 13 24
41 30 2
30 32 21
5 41 36
24 36 7
42 63 34
27 71 8
26 19 13
20 20 12
43 21 29
14 30 12
11 19 2
12 10 5
20 43 17
27 1 4
36 19 26
8 39 40
30 58 22
7 2 39
30 67 8
7 32 12
4 44 2
23 34 37
12 73 22
16 18 19
19 28 29
26 43 26
14 29 29
41 73 11
52 68 14
46 31 15
17 52 19
10 4 26
44 46 2
51 34 30
25 61 11
19 66 11
5 70 36
25 11 31
8 71 21
5 72 12
32 58 4
22 42 30
39 48 31
30 63 14
16 23 40
11 22 16
35 62 12
14 67 13
34 41 40
52 11 9
31 27 40
22 16 12
11 24 6
50 12 40
34 71 8
4 67 38
43 19 6
41 72 33
54 18 23
1 55 7
52 44 5
49 7 28
39 2 7
48 54 20
18 34 18
36 13 20
30 6 1
12 39 32
49 60 32
28 33 17
21 48 23
49 68 16
30 67 15
3 58 12
9 70 36
11 22 19
52 33 4
22 29 28
5 8 13
17 70 24
40 8 18
42 14 10
15 17 26
42 8 34
26 29 19
41 47 31
5 69 15
21 21 32
1 64 33
35 57 23
32 44 37
7 11 27
2 37 6
11 71 11
36 33 27
26 47 32
46 2 29
39 47 32
26 58 17
43 13 28
11 37 27
47 60 18
42 67 36
52 38 5
15 54 21
9 5 34
7 5 23
19 52 14
19 66 34
31 44 21
10 60 5
31 68 36
12 12 8
31 1 4
35 71 25
19 2 25
53 59 38
50 37 37
43 25 8
40 62 36
15 49 24
4 21 29
50 44 28
4 59 9
12 51 27
52 54 26
43 2 2
41 56 7
45 46 39
29 32 7
4 45 15
10 43 8
25 47 12
33 44 19
28 38 9
9 43 6
40 29 16
36 8 24
20 51 19
41 53 24
10 41 7
7 66 11
20 30 18
19 28 1
28 22 7
49 21 7
15 2 39
43 19 26
27 29 14
13 39 15
21 68 12
16 8 13
45 45 14
13 24 38
3 16 31
18 8 19
3 26 38
35 9 30
44 69 12
15 4 17
1 45 1
36 17 35
39 47 18
1 23 26
9 45 27
9 20 30
3 17 28
33 53 30
37 40 36
33 11 23
41 7 31
24 19 1
23 7 17
27 59 39
3 31 26
51 39 27
32 72 6
28 15 10
29 15 22
37 28 13
5 14 5
42 48 23
32 64 26
25 12 32
32 55 4
46 16 14
18 16 12
45 22 29
4 49 9
50 63 1
12 8 30
19 64 22
4 43 32
31 58 38
42 56 2
35 54 19
19 2 1
39 35 24
46 11 5
9 69 25
17 8 15
24 62 16
38 1 25
26 50 2
48 71 18
12 22 17
17 30 3
42 65 33
39 58 15
20 46 1
44 12 13
48 34 15
39 71 22
35 73 9
4 1 11
30 27 30
43 7 32
31 61 17
44 13 40
48 50 21
34 66 29
2 61 17
12 9 15
23 65 12
20 57 40
39 11 32
50 26 8
48 34 17
25 20 36
14 12 14
20 6 25
18 35 40
10 14 21
44 44 19
34 71 25
13 11 25
13 47 31
20 16 21
3 56 23
49 18 8
21 72 10
41 27 24
14 15 6
15 36 19
22 6 34
51 15 9
35 38 34
43 30 19
6 48 39
50 71 9
54 65 5
27 14 31
54 61 5
14 33 5
53 24 26
32 5 37
4 50 40
47 3 36
52 11 40
38 62 6
32 46 28
30 6 9
19 16 15
21 70 34
20 23 3
15 5 7
41 52 32
38 19 14
9 7 5
9 53 30
17 11 19
37 60 11
32 22 15
44 56 13
32 24 23
42 13 27
18 33 36
51 7 29
33 49 23
34 32 21
47 61 40
8 3 32
35 70 9
47 7 32
34 25 6
45 24 1
3 19 22
21 73 5
31 72 39
37 44 35
42 36 39
24 65 33
39 21 8
30 39 27
16 12 28
43 52 16
47 67 10
32 62 17
14 66 23
12 73 26
44 40 6
2 9 9
44 64 27
33 52 13
13 66 35
8 36 4
9 38 2
24 58 14
26 70 1
37 33 23
22 64 19
7 45 13
35 73 9
27 65 38
3 50 19
9 7 32
41 18 15
45 13 33
5 19 29
47 31 12
1 51 11
26 22 25
32 49 7
3 17 15
24 67 27
53 25 35
18 4 17
39 31 3
15 72 1
53 43 22
23 14 9
19 62 20
25 35 16
33 63 22
48 55 3
35 37 30
49 54 31
47 46 20
25 24 13
2 34 18
14 67 35
31 11 39
30 9 31
44 62 8
54 22 30
47 69 1
25 5 3
33 40 27
14 35 15
32 2 10
44 24 7
52 3 2
9 41 6
24 12 36
25 48 27
43 41 22
43 16 35
13 2 22
8 4 13
53 72 14
35 7 40
45 8 10
15 25 16
1 12 5
29 63 22
15 61 15
25 5 3
28 21 29
44 3 37
41 70 26
28 44 5
38 42 27
34 70 38
25 36 16
40 32 23
32 58 17
30 57 3
21 46 8
36 21 4
37 72 32
31 33 3
11 40 16
10 23 32
49 42 32
26 53 21
44 11 3
53 68 22
49 12 18
23 73 23
23 24 37
15 1 3
9 44 7
39 44 7
31 1 2
22 60 40
47 60 6
36 49 39
40 69 31
21 59 25
26 55 40
1 4 38
35 42 34
53 39 2
51 37 11
15 3 39
44 60 29
12 56 36
3 3 29
14 51 13
30 65 37
1 17 13
36 64 15
12 46 18
14 57 25
49 21 21
12 5 37
27 44 9
27 66 40
15 54 30
50 53 18
50 15 9
40 65 3
34 35 12
52 9 20
15 6 14
45 29 28
52 30 11
2 11 37
16 44 15
4 60 11
7 19 9
15 48 4
50 12 18
14 47 34
4 73 29
41 41 37
5 57 33
14 26 23
28 73 30
49 48 38
49 9 21
24 16 20
29 26 21
25 49 32
9 31 7
54 72 14
6 11 22
33 30 36
22 3 15
49 47 16
16 35 16
42 37 1
26 35 35
6 18 18
14 60 31
44 55 39
45 4 17
40 63 3
53 20 4
51 4 2
11 7 33
38 68 32
25 49 14
11 35 21
53 5 28
54 36 10
54 6 7
14 16 30
2 71 21
10 19 5
12 28 23
41 63 37
51 60 7
10 46 5
21 61 38
31 4 13
42 26 1
26 63 15
15 39 31
19 12 29
48 55 39
4 30 12
11 26 16
31 39 2
42 57 11
53 6 23
20 54 5
41 56 7
28 73 7
36 55 10
48 11 31
26 28 9
30 40 38
53 58 4
35 25 2
35 28 22
35 26 8
15 71 39
35 61 24
12 39 32
1 34 19
48 3 33
11 72 4
8 7 25
27 17 3
45 13 40
29 62 39
20 34 4
45 25 38
14 68 12
26 68 26
47 44 33
15 67 34
47 33 33
12 21 6
18 23 18
3 23 18
27 44 7
33 68 21
32 57 25
14 35 8
2 48 28
22 62 23
23 43 14
5 61 22
44 41 13
40 61 36
40 24 36
34 20 34
48 69 9
16 26 6
9 64 28
13 11 5
36 9 26
1 44 1
37 13 27
34 67 17
14 33 34
35 18 8
38 63 13
44 30 36
1 11 9
48 9 4
26 73 33
42 8 33
37 71 3
29 8 26
5 44 30
31 54 9
41 29 13
30 2 35
10 72 25
10 50 7
28 14 38
27 70 6
3 47 31
26 4 8
27 58 33
5 36 1
14 40 38
20 58 8
39 9 24
44 3 7
27 65 19
34 23 30
22 49 21
26 57 19
36 61 36
51 9 7
25 41 20
16 27 21
30 56 28
31 35 23
41 66 31
19 54 34
26 15 38
10 33 39
8 72 18
30 70 27
14 33 10
8 45 10
30 20 6
28 60 1
7 60 34
15 5 7
18 72 16
37 61 24
7 13 38
6 38 10
54 33 9
19 19 23
47 14 4
38 57 35
38 12 21
3 15 23
2 48 28
37 11 15
10 53 36
34 12 10
41 34 14
16 40 21
6 16 34
22 12 31
8 35 5
54 40 25
1 9 10
26 15 34
26 33 14
38 1 17
17 44 10
23 71 16
11 45 7
7 73 4
5 41 17
29 53 16
36 61 19
16 30 22
54 68 12
35 63 10
51 59 8
51 73 6
17 19 36
20 42 11
26 22 12
50 48 18
3 71 29
21 58 20
35 18 38
18 47 11
21 38 27
44 6 22
52 4 16
46 40 35
13 9 3
46 39 10
13 47 25
11 73 35
21 49 5
40 63 3
49 23 1
51 33 9
48 30 6
39 12 9
4 7 12
24 37 32
9 41 30
34 31 32
36 59 17
48 69 29
7 48 4
54 64 20
41 65 34
44 13 34
7 12 13
35 55 14
1 66 39
49 4 16
35 18 8
33 31 10
16 20 13
19 40 13
45 8 15
6 24 40
50 33 6
21 26 33
17 41 3
25 68 33
30 73 24
43 24 4
21 3 29
1 24 22
47 12 23
24 68 15
46 13 20
28 46 25
50 70 24
1 29 16
28 20 28
20 61 17
8 3 38
5 62 22
30 27 1
16 67 31
27 24 19
40 36 24
41 13 8
44 29 25
16 37 1
35 69 17
42 24 14
4 56 18
10 2 18
41 52 40
16 14 23
1 20 32
22 64 9
45 58 21
26 24 4
8 18 7
35 31 9
23 63 31
24 18 10
13 14 20
9 41 25
7 18 13
16 59 14
26 69 26
1 32 12
22 2 36
23 26 18
32 27 11
42 6 15
48 71 23
46 54 34
23 17 40
34 54 20
39 2 35
17 27 12
33 18 39
9 54 15
54 61 35
3 15 11
52 71 15
15 40 20
31 52 8
15 13 20
13 12 3
54 47 18
53 73 8
1 63 29
18 65 5
49 10 7
34 2 7
10 72 39
21 58 1
34 13 7
10 20 25
23 37 1
29 60 12
22 18 7
34 41 22
28 26 19
24 19 25
47 36 10
10 59 40
41 18 39
2 35 7
13 63 4
32 61 28
6 12 37
44 9 33
3 22 13
29 24 26
36 67 19
2 40 29
53 8 28
47 38 30
47 44 35
51 53 27
9 7 12
33 43 5
11 40 40
36 11 20
44 22 22
47 45 35
1 4 25
35 37 28
36 56 17
12 41 29
53 17 35
24 4 17
45 14 1
19 65 4
53 13 26
36 29 36
19 1 18
52 49 17
15 48 30
26 17 8
32 15 5
15 28 40
17 64 19
34 16 4
31 7 27
50 66 5
41 3 28
19 26 19
6 72 34
53 52 35
6 51 10
2 68 6
27 69 4
41 69 22
12 32 36
48 57 3
26 53 5
49 33 9
47 72 8
50 73 23
4 38 27
27 20 8
38 31 11
47 49 27
41 71 17
13 57 26
44 60 17
4 11 28
14 65 38
35 12 3
34 54 39
38 48 38
33 65 23
13 22 20
49 37 12
17 44 17
25 50 23
14 70 17
8 41 39
28 70 2
4 25 12
4 48 38
21 15 8
51 11 31
5 48 31
11 61 6
27 4 3
4 64 28
22 67 29
16 18 9
16 72 37
27 66 24
4 40 24
36 23 5
14 62 35
35 25 33
37 20 30
31 27 17
24 23 21
20 49 6
17 38 17
44 70 17
44 24 31
38 40 28
47 65 3
6 31 23
43 54 30
52 71 15
41 72 2
47 3 38
19 64 6
49 4 26
24 32 2
42 10 23
9 37 7
22 28 5
26 20 32
14 21 21
11 42 25
51 72 36
30 26 38
12 54 29
38 6 15
2 55 38
35 55 29
27 56 30
13 65 40
9 5 10
46 5 18
8 57 40
36 71 19
6 20 18
41 23 14
4 47 28
4 39 25
52 39 24
42 22 28
35 73 24
17 21 22
30 51 5
15 9 23
15 29 9
36 14 12
22 28 4
27 11 4
17 10 39
2 70 7
34 69 29
25 23 11
46 43 2
50 12 18
38 32 21
32 71 8
32 3 28
52 38 1
39 3 32
5 61 5
2 38 11
30 69 23
12 4 34
50 20 22
21 10 32
35 62 36
2 11 28
29 56 14
13 5 38
49 17 26
15 40 26
49 7 6
51 11 14
43 27 15
21 1 17
14 52 34
22 54 32
36 73 34
11 52 23
21 45 6
36 67 16
47 37 5
38 12 1
23 9 18
43 50 1
43 46 22
45 71 27
22 71 30
18 20 37
6 33 39
42 48 18
43 46 17
50 9 6
49 8 37
49 69 36
13 37 14
41 47 27
17 35 24
27 25 39
35 63 27
39 51 10
7 64 7
48 43 30
34 70 38
49 51 29
28 39 26
30 46 26
14 12 40
54 24 21
52 73 17
47 10 34
9 15 18
8 21 2
18 37 6
14 41 21
46 16 12
15 56 34
38 23 33
16 41 3
48 58 9
51 32 30
27 58 34
9 39 18
20 43 4
2 4 15
39 8 7
51 13 20
54 15 23
17 8 34
1 61 6
19 65 23
38 49 2
10 29 3
17 35 24
34 48 39
8 30 1
47 8 36
50 46 29
44 28 6
25 34 34
26 12 7
1 3 18
46 45 26
20 54 39
4 14 39
33 61 8
19 7 11
2 12 20
37 7 32
42 13 34
1 41 17
53 33 17
17 37 13
53 34 40
27 34 6
46 48 31
13 73 6
7 41 26
4 51 39
52 67 21
35 43 5
14 38 26
46 26 26
49 14 26
28 25 5
20 58 14
32 2 11
25 22 27
29 52 12
53 14 8
38 25 38
51 73 25
43 40 6
27 39 26
49 58 15
36 67 28
46 38 22
19 18 3
29 59 19
3 34 23
35 7 28
12 15 12
25 2 4
51 71 4
45 62 36
29 52 3
15 24 18
18 19 6
34 44 31
19 22 27
46 60 31
13 68 23
1 22 12
52 23 33
3 32 1
4 38 16
49 21 6
25 68 12
51 50 12
52 23 20
15 21 14
45 66 15
45 1 25
28 60 29
35 65 18
31 71 36
6 72 1
48 7 15
9 12 38
54 67 19
21 43 22
4 63 11
16 51 4
12 2 4
36 23 9
48 15 9
34 56 16
2 60 25
19 27 32
41 49 35
39 19 33
14 13 21
33 34 16
21 9 1
38 62 33
34 59 9
9 70 11
4 10 24
16 72 13
10 3 9
46 8 17
49 71 28
24 52 2
44 26 12
24 62 13
29 3 33
5 50 2
40 55 19
50 39 8
9 9 13
28 19 34
8 28 17
3 18 10
44 56 13
43 68 22
16 59 13
17 73 33
28 63 19
12 35 16
13 1 5
33 70 21
54 35 31
9 29 20
10 66 28
41 38 32
41 68 2
33 47 29
8 34 31
25 7 37
21 43 24
1 67 20
46 23 26
47 14 6
25 54 34
6 73 40
27 14 27
17 3 12
8 35 11
4 61 13
37 19 9
28 21 30
24 48 26
53 65 27
18 40 37
9 66 5
15 2 12
7 52 9
41 26 2
15 64 12
10 56 37
15 11 4
8 45 6
52 27 6
4 35 15
29 56 13
53 25 18
10 38 30
4 59 39
10 39 32
26 54 22
12 57 6
3 21 39
41 21 3
12 21 40
30 37 31
40 29 18
1 41 25
10 19 14
41 37 17
38 44 29
30 10 34
29 10 16
22 35 10
10 42 21
8 53 29
2 7 36
53 34 7
41 70 30
10 3 29
28 39 19
7 29 9
10 24 35
35 19 32
29 31 37
27 72 13
45 46 25
23 10 38
21 64 16
54 44 34
15 53 30
29 61 1
49 49 33
4 28 22
39 51 26
33 11 35
18 20 28
4 58 3
17 52 9
43 48 29
29 18 32
2 14 4
26 52 36
34 5 17
15 68 16
20 47 37
17 48 35
25 14 33
47 2 10
43 41 32
5 34 28
50 16 6
2 60 20
12 20 6
11 28 10
42 23 18
39 31 35
53 47 31
36 30 32
46 17 15
30 7 29
33 44 15
31 4 31
44 30 10
12 34 10
21 55 8
1 46 24
33 73 15
35 14 37
25 48 20
41 25 14
17 13 5
30 30 38
46 35 16
27 27 30
4 61 15
24 59 34
25 4 36
26 46 13
38 56 2
2 42 14
31 36 4
10 49 9
4 39 18
35 21 11
44 18 2
11 13 34
11 43 22
33 49 31
29 21 21
33 27 35
42 59 13
51 57 10
47 38 24
49 44 35
44 15 3
27 45 23
9 21 39
13 64 23
16 26 7
25 35 13
42 41 23
34 67 40
25 47 30
35 45 17
14 7 17
48 4 32
1 46 39
7 50 7
25 9 24
25 17 8
37 34 34
7 17 27
46 48 4
35 38 19
42 3 1
53 46 7
23 23 23
21 47 8
21 27 8
1 32 33
36 62 17
34 68 35
52 8 35
14 7 38
32 15 17
18 71 22
48 59 4
47 72 9
1 35 2
9 5 3
37 60 27
28 34 4
39 5 15
32 39 9
3 29 32
6 48 26
37 71 39
6 8 31
51 11 12
5 41 38
22 23 11
50 58 3
15 56 14
4 11 27
47 6 26
50 63 30
35 49 21
47 43 3
34 71 38
25 64 17
42 17 23
8 48 8
18 29 36
13 27 25
8 37 16
52 71 33
16 16 1
5 10 21
2 39 13
32 29 17
23 44 35
10 61 32
21 19 1
48 54 12
23 21 16
43 22 40
54 12 9
45 56 28
16 47 15
46 64 16
48 30 11
15 73 39
29 8 4
19 66 11
41 39 30
20 52 36
52 17 10
26 49 37
8 40 37
10 44 23
47 67 33
11 72 17
6 53 15
26 38 29
29 36 39
10 16 33
17 28 24
36 62 31
11 1 1
27 19 19
19 32 29
25 18 19
12 44 3
35 6 3
1 17 15
7 73 15
25 50 32
30 21 23
42 55 21
5 26 36
32 47 24
42 13 24
49 53 32
26 3 12
19 24 6
15 25 32
8 32 15
27 27 21
10 8 10
12 35 8
54 48 35
12 46 36
37 58 22
11 5 16
2 12 34
38 34 32
52 64 17
34 55 6
15 22 40
4 43 34
24 31 26
22 59 1
31 67 15
22 42 11
25 26 35
30 50 25
49 56 10
35 4 39
13 68 21
15 47 1
6 6 28
45 11 3
9 24 28
45 69 29
45 73 17
17 13 27
54 47 37
40 23 19
6 33 21
42 56 34
16 41 15
23 12 37
4 40 12
10 24 28
10 31 26
49 31 19
46 63 33
6 22 29
50 20 19
21 58 33
34 30 23
54 51 33
30 15 14
41 61 4
52 17 15
19 17 2
18 7 23
20 21 28
51 22 17
19 71 3
22 19 2
28 1 1
49 30 19
3 28 32
48 65 16
32 12 10
12 20 1
21 56 1
46 32 2
2 65 15
46 50 33
13 5 11
42 64 10
28 70 32
18 41 7
49 30 11
34 4 21
49 14 29
33 28 4
3 42 2
33 46 14
27 58 13
38 6 26
38 52 33
14 4 22
21 44 10
28 43 22
14 25 16
26 6 19
6 33 12
40 64 25
29 54 6
44 62 9
27 14 40
24 58 34
24 26 2
7 43 40
1 4 25
32 35 33
41 36 19
24 56 1
34 52 16
24 31 33
50 41 20
17 41 22
26 43 11
10 6 26
48 18 2
20 73 17
24 73 11
23 19 39
43 21 14
29 30 17
3 6 11
2 60 38
26 70 18
20 55 27
10 28 27
14 14 35
32 4 27
29 45 33
45 1 33
7 45 40
53 65 37
24 47 12
38 68 19
46 66 29
18 18 1
22 19 19
18 35 13
47 35 30
35 18 17
25 50 21
21 72 5
16 33 30
17 37 33
22 35 39
16 65 11
53 11 15
32 57 5
6 38 28
9 6 34
4 58 10
29 59 8
11 21 14
13 34 34
48 29 5
25 32 38
5 39 18
21 43 38
49 57 23
43 37 13
45 12 8
5 51 27
37 31 15
22 41 39
41 17 12
40 16 20
39 72 40
46 9 6
14 10 33
14 45 10
5 24 32
20 16 32
13 61 29
2 44 2
49 43 22
4 17 33
14 7 35
36 33 3
44 23 4
49 49 14
12 65 10
13 35 14
41 16 9
36 70 12
6 73 27
34 72 5
6 21 12
38 2 28
28 61 19
8 1 22
40 18 8
14 4 33
26 65 5
53 70 19
42 1 2
3 52 38
13 13 25
31 40 26
6 7 30
17 16 24
11 55 32
22 66 14
27 59 39
30 8 35
17 9 2
48 52 36
47 39 9
2 34 15
50 9 34
54 45 18
30 50 17
47 43 18
27 58 9
28 43 40
10 2 4
21 39 2
51 38 21
42 3 32
16 22 3
27 70 1
17 9 37
23 37 5
40 42 2
18 52 25
33 18 30
6 9 11
32 2 30
32 52 29
10 30 39
46 47 39
40 43 30
52 36 26
9 24 27
50 16 14
30 16 7
30 59 1
12 67 37
44 23 13
7 64 17
26 68 23
39 23 26
41 57 3
6 24 40
44 71 19
2 64 1
7 66 11
48 47 26
22 62 9
53 27 26
52 41 11
1 33 20
52 34 3
40 10 25
3 57 19
52 4 39
42 66 18
47 1 40
4 53 5
35 40 34
13 70 7
44 1 11
34 23 14
19 66 6
44 28 31
1 13 18
29 19 2
34 27 21
10 10 31
39 12 6
23 21 26
27 34 3
27 19 15
47 37 20
43 57 13
54 58 29
25 56 18
23 47 21
12 7 24
44 20 38
4 54 36
50 27 25
20 51 30
28 12 25
44 52 9
46 19 14
2 31 15
8 50 6
14 32 33
14 35 37
54 11 34
21 61 30
10 1 28
24 14 7
12 45 4
28 39 22
44 64 20
24 37 7
34 20 22
31 65 36
34 68 14
7 7 5
30 43 9
21 65 25
45 72 4
19 1 15
14 54 39
5 1 19
32 47 11
10 39 21
4 14 36
5 72 25
34 47 28
37 29 16
12 38 35
28 49 3
28 3 16
4 16 13
13 23 38
32 65 12
16 50 32
3 61 8
27 32 3
9 17 27
10 56 23
9 34 23
18 16 31
27 19 5
19 56 36
52 33 25
40 68 34
39 54 25
37 27 7
45 66 25
1 49 25
44 25 9
42 70 14
6 10 33
24 69 24
38 24 32
36 26 2
20 22 20
12 13 24
9 11 4
38 5 10
40 46 1
27 8 11
18 44 38
32 27 38
45 70 3
5 15 8
20 30 6
17 8 6
9 69 39
37 36 23
15 32 22
23 72 2
32 14 21
28 6 8
24 49 10
44 13 5
18 23 5
10 41 31
10 71 25
11 40 31
17 62 25
25 16 14
35 49 13
26 67 9
20 1 33
9 14 32
43 64 3
50 26 15
34 43 22
6 52 32
2 1 13
11 19 38
28 62 26
35 63 27
10 69 39
6 66 24
32 62 13
44 34 25
30 36 2
2 70 15
32 18 35
34 24 29
28 68 12
41 2 38
46 23 9
44 24 35
46 63 5
32 29 10
3 3 31
5 37 1
13 60 21
40 20 35
7 37 20
36 7 30
7 48 19
20 26 26
19 50 3
9 13 39
32 12 34
34 51 1
14 61 25
46 13 30
46 40 21
15 1 32
5 12 34
37 1 6
45 15 35
32 5 28
7 5 19
36 17 15
52 27 40
1 17 19
13 70 16
51 58 18
39 50 9
53 65 22
2 18 18
34 30 20
14 37 33
10 62 12
16 4 27
24 62 23
4 64 13
30 7 31
17 25 18
2 43 4
35 45 13
48 44 4
7 30 13
48 24 9
16 66 15
30 9 1
37 22 39
10 67 22
41 48 15
33 70 31
10 57 39
26 35 18
21 54 2
5 48 27
51 24 38
29 56 20
2 64 29
32 68 25
49 41 21
35 25 2
40 13 28
29 31 24
30 16 7
48 34 31
8 4 19
35 31 30
48 15 27
34 24 8
42 50 1
42 52 1
3 35 6
12 56 40
36 11 1
27 12 17
44 22 3
25 49 20
11 7 17
40 35 26
4 38 37
45 58 2
49 33 16
3 66 7
17 18 4
18 62 35
26 35 18
25 27 35
3 51 4
46 69 14
46 31 3
49 34 6
29 32 14
17 15 28
32 40 9
19 65 23
8 49 12
24 73 21
11 14 33
13 72 39
36 4 9
3 36 18
28 39 33
48 33 9
23 58 26
7 22 2
2 21 26
49 24 2
45 2 23
53 15 39
49 29 19
32 23 1
22 57 33
51 67 5
45 67 18
16 34 16
17 58 34
42 54 7
26 58 28
52 29 19
50 64 8
31 13 18
36 13 34
17 34 36
44 64 11
22 52 33
45 6 22
2 45 14
39 2 36
41 55 39
37 49 36
20 15 3
7 29 21
7 10 25
6 31 6
21 11 6
35 10 20
9 24 28
27 50 3
26 2 14
41 73 2
52 21 33
45 49 36
53 58 26
24 9 9
51 50 1
53 58 30
53 5 33
1 69 30
33 23 34
13 47 23
5 33 28
43 38 30
34 31 19
22 34 22
52 49 30
44 17 16
50 69 40
15 68 5
11 7 34
44 47 17
39 61 16
9 17 2
40 36 3
8 73 32
21 73 10
32 27 18
42 11 8
17 64 8
34 54 16
23 20 3
6 66 14
1 48 40
5 31 2
7 62 28
50 59 18
18 24 17
31 4 8
28 47 33
53 73 7
10 34 29
13 6 21
44 73 20
33 64 19
4 69 37
23 41 19
32 37 28
35 17 12
8 28 36
15 42 39
45 6 35
8 16 12
5 7 15
49 13 34
22 65 6
42 29 9
10 44 3
54 47 21
19 70 28
39 50 37
5 57 36
28 42 38
44 1 19
3 50 23
7 1 1
14 15 27
31 73 8
11 24 39
10 23 6
4 4 4
21 22 1
50 67 34
38 31 32
12 71 32
35 34 23
50 11 38
9 6 20
39 71 16
29 22 6
50 7 40
7 33 38
20 70 37
40 40 3
38 52 13
6 42 8
48 7 12
36 30 4
15 4 19
26 17 36
20 48 15
12 4 24
25 28 37
31 70 9
20 53 7
29 73 34
12 55 8
7 36 27
40 46 8
49 51 7
27 5 26
2 56 19
41 40 20
37 30 1
2 30 26
8 46 7
4 44 6
47 16 27
35 39 29
18 42 32
40 26 39
30 61 33
24 58 16
20 52 32
1 40 40
49 62 25
21 71 28
21 50 11
52 18 36
53 4 24
19 4 21
41 47 26
7 7 16
54 67 32
36 11 40
19 15 19
34 70 34
47 52 9
37 1 20
7 3 29
41 35 6
22 45 9
30 25 28
54 69 8
45 18 35
8 25 29
4 1 32
17 20 15
18 63 6
50 10 33
20 5 36
5 17 37
23 58 19
43 35 26
33 28 26
26 60 3
27 33 9
34 53 18
44 3 1
40 29 13
53 55 25
2 43 2
31 26 28
53 11 28
15 8 13
12 28 15
9 12 20
21 38 2
53 2 28
12 46 6
19 72 17
14 30 20
10 12 7
32 22 13
39 17 35
39 61 6
20 1 6
3 24 15
42 19 7
19 56 36
46 48 40
19 14 34
44 49 27
30 52 18
7 8 9
52 54 28
19 49 11
7 20 12
27 24 12
24 8 10
16 62 32
44 20 39
29 41 2
50 39 34
21 51 19
26 43 12
36 66 20
2 35 25
19 18 36
37 67 2
6 16 37
9 71 3
54 10 24
44 54 27
29 46 1
18 25 26
40 64 33
53 32 38
32 24 24
12 56 37
15 14 27
46 67 33
19 3 11
54 8 11
4 49 4
15 29 2
22 33 39
28 9 23
17 51 9
18 5 31
13 37 7
20 22 18
40 51 33
44 69 25
20 11 19
26 44 36
45 5 34
11 42 7
33 68 35
28 9 3
26 28 30
3 34 10
37 1 31
34 61 31
24 37 15
33 26 8
15 47 6
5 48 25
40 14 14
41 35 4
22 9 2
16 68 24
49 67 39
17 21 38
15 32 31
15 20 20
15 34 39
8 43 26
5 9 28
2 26 9
7 34 6
48 48 24
40 22 17
10 36 15
43 5 26
38 63 25
1 28 6
35 40 12
20 35 18
24 3 35
50 19 1
3 15 34
24 42 30
17 42 10
30 1 18
26 31 10
3 39 14
36 67 17
11 19 6
26 7 13
25 53 8
14 9 1
11 53 15
23 54 35
18 46 23
51 65 35
43 18 37
40 65 5
17 29 10
39 68 23
34 45 23
45 58 27
6 62 37
14 14 39
30 50 1
13 32 28
11 42 17
17 19 17
38 46 38
10 4 14
7 2 16
26 72 2
54 21 21
8 60 39
38 65 6
33 37 34
11 16 9
12 51 27
27 10 34
5 48 24
16 42 39
53 23 2
45 55 38
21 16 28
45 13 6
54 72 18
41 49 33
25 70 28
7 44 4
3 27 26
54 6 14
34 4 9
39 73 12
47 9 16
54 67 17
27 65 35
31 8 20
14 30 9
26 19 38
5 30 15
27 18 7
33 3 30
14 12 31
46 35 5
14 48 22
16 63 14
25 57 13
1 17 29
25 32 33
2 4 34
38 8 40
12 72 20
35 48 31
6 58 2
36 49 8
28 40 11
50 54 24
37 44 28
25 71 25
25 16 25
7 33 20
50 71 15
17 52 2
21 37 33
7 37 22
44 23 24
10 24 19
30 62 28
9 46 6
29 32 32
42 4 2
40 2 18
37 7 21
21 11 8
35 19 4
29 70 5
49 32 29
18 53 26
8 46 25
24 31 13
29 71 3
52 39 24
4 48 32
54 26 19
42 65 24
30 16 29
40 46 4
13 36 3
21 50 34
47 27 10
36 56 38
40 13 1
3 60 1
33 55 17
3 60 16
16 66 15
39 21 33
28 53 37
53 5 13
42 62 19
31 18 23
18 58 18
1 40 40
19 7 15
28 42 24
19 36 40
46 24 13
33 50 32
43 39 12
43 25 28
6 44 26
37 57 2
5 47 32
28 72 26
52 22 19
35 20 22
1 25 34
44 7 38
52 31 32
37 63 32
11 18 12
2 52 34
27 29 36
7 57 27
35 32 20
20 45 14
33 16 40
41 29 1
49 44 12
30 47 18
13 33 38
39 51 4
26 43 22
30 48 38
16 73 17
36 57 40
52 45 12
25 46 5
9 10 30
3 37 4
33 28 16
37 37 35
30 51 16
45 38 27
47 68 39
18 53 26
25 68 10
29 46 36
20 45 14
51 39 24
53 43 26
49 73 4
23 71 14
43 63 21
19 42 35
16 24 13
23 32 10
25 63 25
1 11 21
39 19 22
6 3 10
7 63 30
14 20 39
7 41 36
50 50 38
35 7 20
25 44 14
38 52 35
1 17 32
35 58 17
9 29 20
46 69 29
20 63 25
23 28 36
38 2 2
49 17 39
14 35 1
12 24 19
17 13 6
19 24 20
25 52 18
30 26 13
49 61 8
27 11 5
29 13 15
40 18 33
19 52 5
4 43 12
14 34 30
4 52 20
19 57 14
23 63 8
40 13 20
13 51 16
42 29 24
11 54 22
21 10 6
42 20 24
5 69 20
22 28 2
51 1 19
4 35 5
15 30 3
17 28 38
53 35 3
9 18 38
19 33 32
34 64 26
19 55 22
24 45 34
9 73 8
24 3 5
39 29 15
10 34 34
15 43 28
33 4 26
45 56 36
51 4 23
13 47 12
49 13 27
8 71 24
43 18 13
13 60 28
22 62 28
7 29 6
54 8 26
26 26 1
7 42 38
11 32 20
9 71 14
30 58 34
48 71 12
4 10 14
29 5 23
41 56 5
35 41 35
17 55 8
4 40 33
23 24 36
33 7 19
9 2 7
8 4 40
3 39 30
29 24 20
53 43 2
41 30 2
21 70 32
3 57 9
18 15 3
20 11 26
16 34 23
25 15 17
18 55 31
11 43 31
38 40 31
39 37 18
1 68 24
16 13 11
26 29 30
48 48 31
6 46 5
48 15 35
25 8 17
29 19 12
34 34 23
11 66 9
43 28 25
41 30 30
17 71 16
15 12 20
3 44 6
39 54 29
1 44 28
9 19 34
9 12 12
30 68 31
11 11 34
20 14 27
42 58 17
41 64 25
41 59 12
45 11 5
40 57 33
39 10 37
31 57 7
33 21 22
14 70 14
21 32 10
3 16 34
36 57 35
10 49 24
8 21 33
12 10 1
35 18 3
10 18 14
39 65 16
47 65 14
26 37 33
1 62 6
25 2 22
21 1 17
35 69 35
38 12 16
34 50 33
19 16 18
1 60 8
38 69 7
45 26 8
21 62 37
21 30 7
52 8 40
23 51 26
42 20 11
51 61 22
15 2 40
4 73 30
35 14 10
16 69 12
9 11 16
13 39 35
36 37 1
24 34 6
27 52 23
38 11 38
3 65 11
54 63 17
49 38 8
27 60 12
27 6 36
16 5 39
5 66 20
33 66 37
10 46 16
7 37 35
34 24 23
41 61 9
31 59 38
9 26 16
14 7 34
24 54 40
49 45 17
37 42 31
27 51 36
28 1 1
30 31 5
26 57 31
40 13 38
45 49 27
14 48 38
41 10 29
5 11 7
42 5 12
5 47 2
3 54 29
2 13 8
48 21 6
51 50 25
39 52 15
33 67 23
38 6 13
20 22 33
23 17 34
35 17 22
46 37 14
27 56 33
9 14 24
31 52 25
17 35 26
21 31 33
26 59 1
13 67 12
49 60 27
52 1 17
7 51 28
11 73 3
17 62 25
31 18 34
52 12 21
19 49 13
48 44 37
3 63 6
17 43 40
48 52 18
28 14 33
45 14 28
42 30 38
47 58 1
17 21 31
36 58 13
29 7 29
31 9 31
12 55 22
17 40 30
16 2 6
23 39 12
22 70 16
20 24 36
27 29 38
41 22 38
37 55 17
11 33 34
2 3 40
28 65 24
53 28 16
19 72 22
27 9 37
36 17 1
24 46 1
31 10 2
23 69 31
43 37 33
40 46 23
49 27 35
2 38 16
35 42 1
22 38 27
9 53 37
27 23 6
14 45 16
53 53 7
15 59 1
53 69 12
48 54 1
32 12 27
19 1 1
47 11 14
44 54 9
4 7 16
34 3 10
53 10 12
54 54 4
3 36 6
46 5 18
7 43 36
28 70 37
52 54 26
24 59 15
21 46 37
54 58 39
28 35 5
49 33 37
29 14 37
51 51 24
35 11 20
26 46 11
40 26 7
3 68 14
31 7 34
50 31 9
49 15 1
45 30 22
28 63 21
14 59 11
31 71 37
26 62 26
40 30 23
1 47 36
44 35 10
17 45 36
36 55 18
29 48 28
52 51 23
13 65 23
17 19 25
29 68 9
23 55 19
24 15 23
50 42 11
24 31 30
29 56 29
51 63 12
3 64 6
1 17 13
46 54 20
30 69 4
7 39 9
6 21 15
20 43 30
53 4 27
20 40 40
41 69 23
47 1 12
50 36 32
36 45 33
48 48 36
9 14 27
8 51 30
3 3 26
5 9 31
1 56 22
36 37 32
29 16 14
37 27 15
37 58 20
10 49 36
1 43 2
5 13 38
32 68 19
35 48 21
25 6 21
45 59 18
21 33 10
53 19 8
35 35 38
12 21 15
25 3 2
15 38 34
31 50 9
39 56 20
34 68 3
12 19 11
28 37 36
17 33 11
2 16 29
9 46 4
3 54 10
46 47 33
38 45 11
53 54 36
38 8 40
25 67 34
9 51 4
45 28 14
24 1 4
12 36 5
54 57 7
17 9 5
52 46 13
21 42 25
1 7 25
26 27 37
28 13 26
12 58 4
47 55 38
52 46 26
23 17 14
42 29 40
39 22 4
4 29 32
18 1 15
14 1 24
43 55 10
37 11 32
36 20 33
46 68 15
38 39 7
18 20 34
15 17 29
6 27 9
4 14 34
1 65 10
8 22 5
16 54 34
43 5 34
31 8 17
31 67 19
14 27 40
19 13 29
1 52 12
32 61 32
6 2 34
39 49 1
11 59 4
33 12 19
11 72 15
20 6 25
42 58 23
37 53 36
6 62 1
20 59 29
33 53 31
44 36 35
12 41 5
42 50 20
34 69 9
6 55 16
10 62 1
54 62 4
27 2 33
4 10 30
2 60 25
16 6 33
2 73 34
1 37 28
22 13 7
24 23 21
53 2 28
51 17 38
33 43 9
2 33 18
3 66 20
1 3 7
34 17 23
40 44 28
15 29 29
7 37 16
41 7 17
4 31 16
25 25 13
44 60 39
18 18 12
44 43 1
10 32 6
54 7 40
22 64 35
31 39 8
14 20 26
42 42 26
35 67 12
12 32 8
17 29 25
49 28 16
41 54 26
47 3 8
46 48 10
2 36 30
51 43 9
4 21 14
28 47 28
49 18 32
33 26 11
32 5 38
16 70 30
2 59 25
19 50 33
30 42 10
40 33 5
3 69 22
32 25 18
28 1 8
22 41 11
27 33 31
4 35 5
39 20 1
36 15 32
6 30 23
1 62 10
41 36 16
31 6 29
24 39 11
26 15 12
24 26 15
38 52 40
39 4 30
43 19 25
27 15 37
30 10 5
25 67 35
14 15 37
39 15 36
4 58 30
3 6 19
22 15 8
32 54 33
33 2 24
30 64 9
3 63 38
45 50 4
2 12 38
42 55 10
54 15 30
17 9 11
45 40 31
9 57 1
26 1 40
45 16 29
45 39 16
34 39 14
54 47 35
20 32 14
22 59 1
14 23 6
25 32 11
25 10 32
35 31 32
52 60 13
50 54 32
54 73 29
12 50 24
28 40 39
4 44 23
31 64 20
24 60 18
15 44 9
19 66 10
32 70 10
8 33 25
8 2 24
35 48 2
26 10 27
51 2 8
19 28 30
43 32 31
12 11 39
34 42 16
32 39 21
25 29 21
54 64 25
50 18 31
21 15 33
28 50 5
1 47 19
41 59 32
24 21 6
35 45 8
46 53 22
14 34 34
44 44 40
19 66 20
21 29 36
43 73 13
15 52 3
50 20 37
54 20 26
53 10 4
4 55 39
36 48 29
18 57 7
36 23 12
50 6 35
9 10 16
47 29 39
47 32 7
41 18 2
31 24 24
22 72 37
16 54 15
46 45 7
15 4 28
28 29 5
22 5 29
10 14 5
46 1 8
12 52 20
21 8 2
17 58 6
31 62 20
22 47 1
15 7 15
41 40 40
52 12 28
21 27 28
8 2 6
34 5 12
38 39 19
7 16 30
28 3 26
6 2 20
22 36 2
14 61 17
19 20 5
38 15 30
51 32 24
19 32 15
10 34 3
35 58 8
14 8 24
2 43 11
14 58 4
28 67 11
14 19 9
39 37 24
1 44 35
19 67 19
21 61 15
1 47 31
32 22 28
27 35 14
27 29 6
38 34 3
28 56 16
19 19 11
3 20 34
1 41 24
33 68 36
37 41 15
37 53 4
23 27 2
30 52 31
7 19 30
34 70 8
10 45 13
37 48 3
16 35 2
5 2 21
52 24 28
8 2 19
12 63 27
38 54 13
52 61 15
19 27 13
5 37 35
47 35 12
39 47 13
4 33 39
41 27 20
51 21 19
42 22 2
20 53 3
22 3 30
4 73 32
2 33 3
44 32 23
10 13 1
7 12 38
28 24 8
25 23 18
12 50 7
32 39 33
39 39 39
34 38 8
52 45 19
44 2 11
17 2 19
37 51 4
11 47 9
13 8 32
27 1 20
38 15 16
17 14 4
48 66 29
47 41 18
29 16 7
34 65 23
52 57 21
31 22 39
54 45 15
3 14 2
18 37 22
16 3 10
34 68 30
3 3 1
6 39 17
27 38 16
6 71 10
11 25 22
7 6 30
28 63 1
50 59 2
31 66 19
2 48 36
17 7 23
53 39 9
49 62 6
31 25 11
24 8 28
17 13 3
19 13 13
22 28 15
40 30 24
45 61 13
45 24 9
53 17 20
25 71 36
2 72 24
38 51 17
16 54 6
28 52 5
8 15 26
2 10 9
11 67 36
12 44 27
44 27 18
49 12 18
39 55 40
21 29 1
41 66 27
10 20 12
34 67 13
25 55 31
11 55 32
33 31 10
8 53 6
29 55 10
30 26 29
14 60 2
31 38 14
21 7 14
13 15 36
19 41 9
19 70 20
51 50 36
54 27 25
21 44 40
50 59 33
2 14 16
25 71 4
30 34 11
19 23 20
30 43 9
43 21 25
26 47 24
1 58 12
30 22 15
41 23 12
12 44 11
33 31 19
47 4 22
13 26 23
31 18 6
34 61 35
13 45 34
52 15 22
4 12 30
28 30 22
15 45 29
3 6 2
11 19 27
37 68 1
44 51 35
39 20 34
42 62 38
51 43 29
31 59 19
45 72 12
13 41 5
11 62 9
16 7 26
21 23 25
32 58 3
19 17 24
16 30 25
24 5 24
54 52 30
24 7 19
29 27 33
39 7 16
29 52 8
39 45 8
42 32 12
48 26 35
23 49 40
17 12 33
5 7 38
48 17 37
7 1 15
14 61 40
5 22 13
23 48 22
44 58 15
25 44 35
4 44 18
46 46 9
41 31 13
46 6 18
19 27 31
10 63 31
18 33 29
41 56 31
18 30 7
5 28 30
49 50 32
26 32 11
52 48 39
23 26 31
13 10 39
46 30 32
40 48 31
39 34 19
20 68 9
1 25 9
40 24 30
6 15 32
39 63 25
11 31 40
42 8 4
34 28 23
6 16 12
29 16 17
15 42 17
29 26 39
26 12 6
45 23 15
31 22 8
50 54 8
50 8 37
35 4 17
28 50 9
17 63 4
43 5 7
16 25 19
51 3 12
34 26 6
21 10 7
25 65 8
43 35 34
32 8 40
24 55 13
8 28 13
24 37 16
5 26 37
9 72 22
34 24 9
38 42 11
33 20 3
47 64 28
31 59 10
1 17 34
49 34 34
36 18 30
6 55 7
19 71 10
3 43 19
23 56 36
51 11 39
4 2 10
16 16 37
23 25 12
45 65 28
14 72 3
20 26 14
27 63 21
41 21 39
9 52 25
54 10 12
40 2 6
19 42 16
29 43 23
24 34 27
1 15 33
45 12 1
10 68 30
18 59 1
35 17 3
7 9 17
18 37 39
8 68 22
25 62 5
53 50 9
6 35 29
48 37 20
54 47 8
16 58 19
41 64 30
32 70 23
29 30 28
26 7 18
33 9 16
7 60 40
20 62 8
24 67 29
30 9 16
5 21 10
3 16 27
6 65 18
2 53 21
37 34 10
2 11 7
26 56 2
16 26 14
20 57 2
34 54 2
18 20 7
34 70 13
8 10 21
12 30 28
10 32 35
6 47 38
15 57 33
19 25 22
11 39 18
45 18 35
47 3 33
23 24 40
3 13 10
42 55 40
12 37 23
27 25 18
52 68 24
14 40 33
42 57 37
22 25 18
39 62 32
4 18 15
49 39 5
45 3 10
11 5 31
35 8 39
26 23 2
15 50 2
45 40 9
32 13 26
12 12 27
15 28 29
26 46 7
36 26 38
45 26 9
38 36 10
19 52 39
16 42 24
27 10 17
45 5 11
20 2 20
36 37 6
4 45 35
7 6 15
27 69 15
40 43 19
1 19 6
2 33 34
28 38 36
30 42 5
6 27 5
29 44 27
5 40 26
30 70 34
52 39 1
24 44 18
12 44 37
23 67 26
22 34 40
22 49 32
29 45 10
36 8 30
5 2 1
46 23 39
22 60 21
41 37 2
42 70 6
21 64 22
9 69 11
22 14 19
31 55 40
13 63 9
14 29 26
7 24 7
48 39 4
17 17 11
24 11 31
25 51 1
4 2 5
33 63 14
43 8 35
42 68 22
12 52 39
19 56 24
15 67 13
11 39 8
44 5 2
20 44 13
54 41 27
35 63 12
54 35 14
22 70 39
32 18 4
4 52 28
18 4 22
43 37 11
29 52 40
28 37 35
18 54 27
10 59 21
27 57 15
44 8 40
11 57 36
35 62 15
53 2 28
25 37 37
11 61 5
22 47 36
19 7 5
49 52 26
33 31 25
7 46 29
5 6 9
46 72 24
25 63 8
14 62 13
51 14 15
27 41 11
54 33 8
44 33 3
48 11 22
15 9 11
49 53 13
44 19 3
51 40 6
24 16 13
49 28 35
3 45 9
52 14 6
31 47 11
46 6 1
10 4 37
9 61 11
31 22 31
43 70 36
50 65 7
44 28 35
31 45 12
1 44 31
37 72 10
25 48 25
10 56 36
24 10 15
6 58 21
48 63 22
8 26 27
30 9 22
10 41 5
14 20 5
9 52 31
5 56 2
48 66 36
34 41 35
50 31 14
27 60 10
17 41 12
40 7 38
34 61 29
47 66 10
15 6 6
51 18 3
37 1 21
2 25 4
18 58 40
38 22 37
36 9 1
36 11 8
3 25 19
19 2 10
8 10 10
22 28 19
54 13 39
14 71 6
36 6 9
31 37 14
1 42 3
23 7 6
46 43 7
5 42 22
22 26 11
51 40 18
24 56 33
51 42 2
1 63 33
41 26 11
11 31 33
1 19 38
38 46 20
50 40 28
50 32 29
11 5 10
19 44 5
38 19 14
2 31 20
28 39 16
27 58 22
29 52 32
13 30 5
15 3 32
28 66 22
48 4 7
4 1 32
28 3 27
48 7 17
1 21 18
28 46 33
11 20 19
40 71 21
39 3 7
18 20 32
10 69 28
34 51 9
21 59 23
34 73 26
5 49 34
27 30 39
50 60 15
12 16 36
39 17 21
5 72 16
48 57 17
40 29 33
44 50 31
52 48 11
31 42 10
47 40 1
36 25 12
35 61 11
13 10 6
19 71 30
51 7 39
11 66 18
51 50 10
6 20 26
9 50 32
45 46 3
43 9 32
16 14 24
44 45 36
32 35 13
38 21 37
49 19 38
23 46 36
23 43 39
14 29 11
40 47 29
30 16 1
29 16 36
44 58 26
19 21 8
27 60 8
12 67 3
32 7 34
16 49 15
47 8 11
38 34 7
11 20 12
18 21 23
34 16 21
17 28 8
9 28 3
43 16 31
35 55 2
20 51 19
14 8 4
43 5 31
13 70 6
45 60 1
28 53 35
51 40 13
33 31 8
11 5 30
35 49 22
46 16 25
9 1 36
42 32 32
6 56 6
31 58 4
43 7 36
12 2 17
53 45 23
18 36 22
31 26 20
16 63 26
44 56 12
44 19 32
17 49 4
10 7 32
9 14 36
32 39 6
39 64 37
22 37 22
16 49 5
10 10 38
7 72 15
46 30 4
44 45 38
33 60 20
41 37 16
12 30 39
24 42 27
53 3 10
14 65 1
1 37 32
48 30 31
28 30 13
46 5 14
54 73 5
20 9 16
53 28 34
50 37 29
4 39 16
10 28 5
25 34 9
27 1 31
42 3 15
37 58 34
39 55 10
38 25 15
27 64 11
42 23 17
6 67 15
53 73 17
8 73 30
18 31 3
25 34 18
13 68 29
36 60 40
17 70 37
17 56 23
49 56 38
34 41 7
42 31 40
49 17 31
36 17 37
40 60 16
39 44 3
49 51 18
40 9 32
42 54 28
28 27 23
18 40 38
13 58 5
30 32 4
48 29 16
11 14 6
25 54 31
32 19 27
23 66 34
14 17 24
8 44 35
54 73 13
6 19 13
17 7 38
51 8 14
16 64 28
52 26 35
20 9 33
33 66 28
44 45 12
34 70 1
42 42 28
28 71 36
23 56 36
29 26 36
52 71 15
14 53 16
16 7 27
33 61 2
17 61 27
51 72 6
32 26 39
36 27 32
15 10 11
46 41 27
6 56 20
53 69 20
52 59 19
44 25 27
33 5 31
25 65 23
19 26 15
39 45 8
7 30 27
19 4 29
22 4 11
42 60 31
38 71 13
29 60 37
24 62 5
23 47 24
7 60 10
47 28 2
37 30 10
32 28 2
8 13 39
42 15 24
53 45 40
20 4 14
42 33 26
31 8 1
21 72 32
28 14 8
18 40 32
7 25 7
40 42 40
43 1 34
8 33 2
40 21 30
4 55 19
38 66 8
14 4 13
31 4 8
32 57 8
51 50 14
40 73 36
18 19 2
26 61 14
30 19 17
54 64 14
49 26 24
4 16 16
29 53 15
39 36 39
20 73 39
45 5 7
13 56 5
18 2 25
53 12 20
34 38 15
48 56 21
48 24 5
50 7 32
14 37 33
52 46 24
5 9 11
27 45 14
9 62 39
7 40 6
31 12 21
8 63 5
6 6 25
14 26 1
27 39 15
29 71 37
31 56 16
30 61 14
29 64 11
17 15 5
46 29 36
47 56 26
30 10 14
23 39 1
51 56 15
48 23 37
23 48 21
5 4 16
27 35 10
48 16 20
33 27 25
34 55 22
46 58 36
11 7 18
24 71 30
10 32 38
3 73 1
50 23 33
20 14 40
42 39 16
6 65 28
30 44 22
17 27 15
17 58 34
26 1 35
39 31 24
50 21 30
45 44 23
28 1 35
32 56 10
37 8 7
6 42 9
36 54 30
35 60 20
42 45 1
20 5 4
31 33 13
3 11 28
31 40 11
14 54 17
5 30 20
28 8 34
51 4 22
12 65 31
30 20 21
18 2 20
15 18 19
14 41 38
36 37 30
4 34 31
19 58 16
49 54 1
47 6 11
53 54 4
18 47 40
16 46 15
4 63 11
2 51 37
13 58 10
38 34 5
53 60 9
38 2 13
49 43 20
16 14 32
40 27 21
9 15 20
31 15 28
28 8 27
17 20 9
5 54 12
52 73 16
11 13 26
3 32 38
22 25 13
13 70 20
18 24 6
28 58 2
21 37 9
14 41 3
45 33 40
33 9 35
24 61 7
31 49 17
22 40 37
28 6 30
35 4 32
36 20 22
54 22 21
23 1 30
29 4 31
52 35 24
24 13 30
2 31 3
32 28 23
30 9 18
48 6 38
35 68 22
27 38 4
5 53 6
50 60 5
18 23 12
38 63 29
12 14 29
30 34 19
4 10 21
54 67 29
3 36 31
2 20 25
34 48 22
9 2 38
34 16 7
8 70 29
19 55 4
40 19 22
42 19 19
25 50 15
12 66 24
15 50 36
47 5 33
30 31 37
51 26 12
2 17 9
16 28 14
46 18 2
26 47 27
51 36 13
10 61 21
4 54 23
6 4 36
52 59 37
37 8 27
5 18 6
7 61 22
28 18 20
15 43 31
26 5 25
23 42 12
1 43 9
41 22 8
33 21 20
16 32 8
11 30 25
34 64 10
45 12 12
40 7 3
6 36 13
1 4 20
53 20 7
37 13 25
32 51 3
37 31 17
36 52 26
24 60 9
2 57 8
17 72 3
5 8 16
28 55 33
20 61 15
9 61 32
13 53 22
27 43 35
54 38 34
9 56 11
16 26 27
3 53 32
41 43 8
7 8 6
23 30 1
34 1 38
47 67 2
41 15 9
19 32 36
9 64 8
41 60 35
16 22 2
10 2 37
38 70 36
4 17 10
54 7 18
10 72 31
50 53 37
1 16 11
47 49 11
24 55 6
52 17 28
13 10 19
21 24 33
37 23 28
25 41 37
37 63 3
38 6 14
20 32 7
44 69 25
13 52 22
18 23 11
6 29 10
15 15 31
3 55 12
45 44 1
52 54 28
26 65 16
14 41 23
4 40 29
43 51 30
54 15 40
22 5 14
29 30 8
26 29 10
15 58 38
39 35 35
40 57 37
14 39 24
14 29 10
36 52 21
19 44 11
22 2 16
39 31 27
17 72 35
48 26 38
42 9 13
46 63 15
32 26 32
54 38 5
29 11 40
37 57 1
46 34 11
33 34 1
17 36 16
45 56 23
30 17 7
45 40 38
45 21 8
1 71 36
6 50 27
7 40 28
6 41 28
52 47 35
32 10 14
26 37 8
43 5 14
41 31 38
8 6 25
21 68 6
17 26 32
30 8 20
32 46 4
39 25 7
36 4 15
27 37 38
52 69 28
3 38 39
36 19 13
42 70 8
14 14 27
41 34 34
41 25 28
38 64 35
4 43 32
8 15 3
51 30 21
4 22 16
17 64 15
25 71 1
21 39 2
5 66 4
34 59 8
45 8 20
37 70 22
53 6 21
30 71 26
2 60 14
44 25 33
13 8 3
10 40 29
19 3 40
36 46 1
42 8 22
11 18 38
39 29 38
26 70 25
6 39 18
4 32 13
14 48 32
34 66 35
24 43 35
32 9 26
46 16 13
52 19 13
6 21 8
3 41 29
53 12 12
34 52 34
12 43 12
47 65 5
34 51 3
13 67 24
51 62 23
44 55 33
43 54 3
7 28 31
25 9 8
31 34 23
42 18 11
5 41 4
16 61 25
19 8 28
37 61 19
11 27 24
35 45 13
6 52 11
14 73 39
53 15 12
12 23 32
18 54 10
17 3 12
46 71 38
52 3 16
17 5 21
14 72 37
23 46 32
32 57 39
51 52 34
28 27 21
13 4 27
17 71 25
3 1 5
54 53 13
2 47 2
8 36 21
52 66 7
54 63 22
18 23 14
12 25 34
17 63 12
51 24 22
26 11 3
53 58 29
54 6 37
34 6 18
10 72 37
43 42 1
52 36 20
26 46 40
7 38 9
18 35 11
49 34 9
12 60 38
43 48 13
23 38 33
35 29 21
17 2 13
12 59 29
18 33 39
9 51 3
20 6 13
36 54 38
16 19 6
10 2 23
6 1 6
34 60 28
40 20 30
34 53 40
26 15 8
51 62 34
39 53 25
26 10 21
45 44 20
40 53 37
53 15 13
42 26 20
31 43 17
7 69 6
45 52 31
44 63 18
12 66 32
2 15 13
8 60 29
27 10 27
8 38 32
37 12 28
12 55 25
5 52 1
11 71 22
5 5 7
25 45 38
3 8 13
11 1 38
47 46 36
21 68 39
21 34 19
52 26 7
25 57 23
37 58 32
41 38 31
26 44 19
51 41 29
24 34 27
44 66 11
19 72 14
32 39 12
12 22 23
22 18 18
5 41 30
5 52 38
1 63 15
26 61 27
33 45 26
21 42 15
54 70 1
35 3 16
24 72 27
14 55 7
34 66 31
20 46 17
28 39 7
25 4 6
30 1 39
36 38 30
4 52 29
20 9 8
43 42 14
9 40 3
41 44 24
11 56 6
23 41 19
2 27 26
35 67 10
33 51 37
33 68 1
9 29 39
47 50 28
43 12 23
22 46 7
28 43 40
17 6 5
7 1 30
49 39 13
20 14 4
51 4 23
12 52 34
40 4 23
6 32 21
11 33 32
47 72 40
31 45 30
46 3 21
20 26 36
43 53 34
27 11 6
42 44 12
48 18 22
35 43 6
23 39 35
14 35 30
53 9 27
28 53 17
52 70 20
29 37 10
37 24 24
35 40 29
10 69 37
54 56 31
14 5 39
33 28 20
10 44 12
48 73 10
31 68 3
50 15 4
20 49 5
21 64 40
49 43 3
51 36 4
39 73 8
40 62 26
50 64 11
37 21 18
42 33 36
54 35 30
30 10 7
6 20 22
37 73 18
16 41 18
6 9 27
7 64 7
11 66 35
45 62 39
32 36 27
16 33 7
43 33 23
36 51 8
4 54 22
31 5 30
50 15 11
54 42 8
17 1 19
27 31 3
11 14 21
53 36 39
15 46 2
48 6 9
48 56 37
12 43 5
48 34 5
29 52 29
3 52 8
27 55 11
20 43 10
13 46 4
52 37 4
11 58 5
51 3 15
44 37 19
12 61 34
45 66 3
43 34 29
11 10 24
17 47 7
39 29 22
30 32 33
1 68 23
30 4 16
10 4 24
9 43 7
23 59 12
50 9 14
1 48 36
10 28 17
4 23 26
38 5 5
25 20 33
50 53 18
13 53 3
3 10 6
42 43 2
35 70 12
2 51 14
11 53 25
33 29 20
42 6 3
13 49 6
28 17 23
43 1 2
13 25 37
38 28 6
32 35 33
25 21 38
43 27 39
32 73 29
47 4 38
4 71 11
37 3 26
14 72 35
27 3 12
38 2 34
25 56 37
31 3 39
18 56 34
12 6 34
21 59 13
12 44 10
8 57 24
17 55 28
32 25 3
30 60 13
13 36 29
51 62 35
14 42 11
19 72 17
40 3 39
11 73 40
16 15 31
29 66 12
15 44 40
20 44 24
51 18 34
20 57 31
28 46 34
44 56 40
16 48 38
48 56 37
43 34 35
13 53 22
29 14 24
37 8 22
26 67 35
14 51 25
9 64 10
50 12 19
10 7 3
26 36 24
39 49 26
31 20 6
14 23 16
51 72 12
25 69 33
26 2 31
39 54 11
30 26 5
8 54 17
11 23 21
20 14 37
50 6 6
35 33 28
26 19 21
31 33 38
17 54 37
31 10 19
37 42 38
1 38 16
24 16 5
25 54 4
26 10 14
53 9 25
46 46 21
44 19 33
9 43 22
8 45 37
12 13 13
54 51 21
19 22 27
36 35 18
9 43 35
38 28 26
11 67 33
11 66 2
37 7 1
39 31 21
32 53 2
44 2 28
32 55 35
32 40 35
19 61 24
12 47 17
8 8 18
3 41 26
18 61 14
29 9 15
33 7 3
2 62 22
34 68 31
43 63 40
20 2 11
27 59 38
30 67 24
34 31 23
8 15 13
42 7 7
1 62 33
14 70 27
22 35 21
13 66 40
15 20 35
29 33 8
47 70 18
7 65 22
27 12 40
6 73 11
24 14 5
36 26 7
43 68 17
25 7 39
40 9 7
17 62 26
9 50 31
21 22 6
1 25 10
23 30 39
9 68 15
40 24 24
45 49 34
23 27 15
19 61 38
43 68 31
48 1 24
48 15 13
27 13 27
46 23 21
35 29 24
3 11 25
43 9 5
23 31 12
27 32 34
54 8 9
33 49 22
46 49 20
41 5 10
47 32 36
24 25 39
38 44 25
37 30 1
2 42 12
33 42 1
53 56 6
2 10 29
21 44 1
17 44 9
39 30 35
6 1 27
40 8 4
44 20 32
51 19 13
29 73 2
50 52 14
25 70 12
3 3 36
36 49 39
45 12 34
23 38 14
33 72 7
50 68 11
37 2 31
2 15 3
54 2 18
34 73 37
45 72 25
51 20 38
44 14 19
46 42 24
53 43 5
51 31 12
21 53 8
32 13 39
38 66 25
53 65 5
1 61 31
47 30 27
18 31 16
41 2 12
45 42 19
8 50 32
42 24 7
8 46 20
7 70 2
37 37 39
3 3 31
33 45 20
46 12 26
3 41 29
1 48 33
5 55 24
45 57 10
40 51 24
19 5 30
23 51 17
9 45 18
19 54 35
25 64 16
46 54 15
4 71 35
41 64 37
2 33 24
31 12 22
20 17 28
31 63 36
23 20 39
12 12 33
45 3 13
14 4 37
33 31 2
53 20 2
22 16 36
54 61 3
54 68 7
35 34 10
50 70 28
27 15 4
5 4 30
16 10 4
53 57 17
35 2 26
33 46 7
49 46 17
39 33 17
26 35 16
48 28 3
10 19 24
27 19 12
37 40 26
48 28 23
33 29 15
5 43 30
33 62 20
38 18 22
26 43 21
10 61 24
50 37 23
5 72 19
10 48 1
43 32 3
14 38 17
10 18 18
32 2 31
40 3 26
51 60 38
42 61 39
7 3 40
5 9 18
27 46 3
43 47 21
47 27 27
22 10 9
10 8 12
26 25 32
20 70 31
27 37 3
33 70 25
5 1 9
35 21 22
25 1 10
30 54 1
35 35 12
6 34 13
48 16 17
9 67 24
30 73 24
34 44 19
23 25 33
40 70 35
50 15 36
46 60 14
7 67 3
42 55 31
22 32 26
49 6 40
26 67 5
11 67 40
38 6 40
44 48 32
18 57 32
44 67 34
18 56 38
51 38 16
3 39 11
26 56 16
38 8 1
27 71 37
10 67 22
34 67 6
39 29 1
10 54 26
22 65 17
22 13 22
23 47 22
53 33 14
49 70 30
14 24 32
10 45 11
7 70 35
35 20 16
11 11 22
12 60 15
47 57 31
52 3 21
25 37 13
14 1 38
4 26 24
38 2 27
36 56 35
24 15 29
32 11 24
23 9 3
37 20 11
29 41 11
46 12 26
52 6 37
47 21 23
14 12 19
48 63 36
42 6 22
10 51 28
41 4 21
14 21 6
39 1 35
5 65 35
40 26 37
52 54 10
15 16 22
26 49 24
27 7 40
54 28 3
38 37 19
52 48 39
11 35 11
35 1 4
26 6 13
53 67 5
33 16 38
14 8 12
12 7 23
52 68 34
26 62 33
27 51 17
25 57 35
14 48 27
17 57 4
28 43 5
32 37 29
41 2 20
3 62 2
32 45 10
32 72 32
19 71 11
50 39 4
47 46 27
11 11 28
1 56 14
7 66 29
34 39 38
12 40 18
4 50 8
19 4 4
3 6 24
5 32 26
45 41 12
3 60 14
30 22 35
30 25 31
27 28 16
52 50 23
8 28 11
1 6 15
34 64 22
22 47 12
31 60 38
25 51 1
37 44 39
21 28 24
25 21 39
25 28 37
20 21 39
9 1 11
30 9 2
50 46 1
16 46 22
25 44 26
4 10 36
42 27 21
29 42 32
20 18 12
12 71 2
40 44 32
6 22 27
18 39 12
7 24 16
40 12 18
42 34 35
17 7 8
16 69 23
22 51 31
22 47 10
18 54 26
38 62 4
8 68 19
37 72 30
18 16 3
45 46 5
8 22 28
17 34 28
13 30 6
10 60 13
50 36 2
52 39 19
16 53 29
14 34 10
50 53 2
6 7 29
9 55 12
54 52 32
19 4 11
30 14 23
1 23 27
46 41 23
32 29 37
51 64 11
46 66 11
26 33 17
1 2 6
5 60 31
30 65 35
40 19 36
34 30 1
16 9 19
17 66 21
9 49 34
37 55 39
23 2 28
26 48 19
30 29 5
5 57 29
19 56 27
17 15 40
33 60 39
20 34 32
53 63 38
30 11 36
23 41 3
39 44 12
51 52 20
33 59 6
43 65 30
1 7 39
23 10 34
13 36 15
47 55 5
23 55 22
41 56 38
26 18 23
26 72 23
46 33 27
45 38 32
8 17 35
44 13 23
24 14 21
8 40 30
33 60 3
15 61 24
3 4 31
18 51 18
12 6 20
46 19 20
49 61 9
29 65 21
23 50 8
2 23 17
23 52 9
41 47 29
21 51 10
13 69 33
41 31 17
16 40 15
37 68 14
8 16 6
23 23 6
6 24 10
48 24 23
28 66 6
15 9 27
34 9 12
28 57 26
30 5 30
17 64 40
30 48 16
24 59 6
40 25 40
12 37 21
49 59 3
28 18 32
41 44 2
30 33 31
22 45 23
10 33 32
18 22 30
50 29 22
15 1 31
32 4 2
4 18 2
39 40 3
17 37 34
48 37 16
30 60 36
28 45 10
37 21 9
22 61 16
43 62 10
24 19 4
30 3 22
40 35 13
47 27 21
11 39 18
34 66 24
46 49 17
19 13 9
13 6 24
13 49 12
5 43 25
26 13 24
13 11 20
7 70 14
52 30 13
7 17 19
7 28 27
36 24 5
38 53 11
14 57 37
51 64 8
48 13 3
46 48 17
54 24 25
33 46 19
19 36 20
9 3 31
35 38 2
16 37 36
25 38 40
46 13 29
27 30 4
7 7 31
15 15 35
3 2 11
49 67 19
15 61 18
12 10 6
2 72 28
9 73 7
15 56 8
24 42 34
38 39 36
25 33 4
33 73 15
1 51 12
31 43 4
34 72 34
24 23 25
50 55 31
25 13 30
41 47 24
20 34 17
8 60 20
30 12 22
18 3 1
17 41 32
39 37 32
14 4 12
47 66 34
20 23 12
52 11 31
27 22 20
3 8 38
42 63 24
19 67 33
25 65 19
54 30 19
39 16 6
50 38 35
31 1 7
36 46 26
4 14 35
47 44 5
35 53 40
31 68 8
34 10 8
31 63 28
2 69 11
26 29 11
5 71 14
40 58 12
25 3 40
18 25 40
21 56 26
6 22 21
42 62 6
32 70 10
14 61 34
45 3 29
50 55 19
48 25 23
23 22 33
41 14 1
40 12 28
41 8 28
23 67 29
23 8 7
48 40 17
29 45 28
24 69 28
17 9 5
29 55 24
42 73 25
40 24 10
49 70 37
11 43 29
18 24 15
13 9 35
9 25 26
45 38 1
23 48 26
11 1 22
39 19 7
9 25 36
38 58 26
38 50 19
6 68 27
4 26 21
21 20 22
38 71 9
33 3 19
3 13 27
51 54 3
4 16 6
23 48 8
32 40 19
51 12 30
28 48 19
11 49 28
50 5 20
41 31 23
32 22 34
4 35 32
23 49 39
47 39 14
32 7 1
41 67 5
50 33 35
19 39 7
41 40 9
10 10 12
5 49 31
22 36 25
10 60 17
4 64 25
50 71 37
39 50 34
12 38 24
3 4 3
20 36 6
42 46 3
27 65 36
26 13 32
2 65 24
25 61 4
47 71 23
12 62 16
43 35 23
50 29 40
37 36 5
3 45 2
19 23 20
1 15 22
33 70 9
27 64 29
9 52 16
14 8 37
7 63 30
23 11 16
14 27 2
4 6 19
51 64 12
6 50 32
37 42 6
32 3 29
42 45 18
15 60 28
38 8 37
42 71 28
10 27 19
2 36 24
12 28 14
38 11 15
17 45 11
41 18 39
30 68 8
50 63 32
17 40 12
17 59 21
1 72 13
3 39 8
5 2 28
45 45 12
1 30 19
6 33 10
21 24 32
6 61 6
30 41 31
43 13 10
12 19 35
21 17 38
20 8 21
41 60 6
9 34 36
34 38 13
37 5 27
35 8 30
19 57 24
9 15 31
48 57 38
15 49 16
26 51 23
1 14 32
14 66 18
48 56 26
48 10 6
9 63 21
30 67 23
47 20 20
15 19 6
5 72 18
20 71 24
9 10 16
37 41 14
8 55 12
39 35 36
51 50 29
35 31 29
35 68 25
39 11 2
44 19 40
33 13 40
7 39 33
15 36 13
33 64 39
53 63 16
12 7 24
1 50 4
10 53 20
21 34 21
8 6 7
34 53 28
18 63 21
8 19 23
51 9 33
46 18 35
48 52 29
34 41 11
38 28 27
26 36 13
18 68 28
37 7 24
42 24 24
15 35 7
6 24 34
50 58 30
33 37 24
38 47 38
22 44 2
41 56 5
5 62 5
2 31 22
22 38 3
33 4 13
7 18 2
13 68 30
19 65 29
45 33 34
44 61 17
16 5 35
30 59 27
17 27 12
38 32 8
4 34 30
51 69 35
17 14 9
4 35 23
7 63 29
20 27 28
27 40 33
36 10 32
42 73 5
20 27 14
16 33 31
14 27 29
19 7 10
36 42 39
39 54 28
29 2 21
3 16 5
34 34 8
31 51 19
13 45 14
9 26 23
39 60 9
7 30 22
6 49 18
18 14 40
47 31 25
7 9 4
43 39 29
52 32 28
41 12 38
29 68 1
13 50 8
11 53 19
7 14 12
6 29 35
20 2 7
7 40 20
37 22 25
7 68 18
2 62 4
33 29 14
50 28 12
49 2 39
12 59 35
41 49 12
38 62 26
29 4 10
46 47 13
32 15 4
11 54 40
33 60 5
16 13 14
23 14 14
40 56 30
43 45 31
24 63 16
16 32 39
9 54 36
20 33 23
12 69 24
42 36 23
44 55 23
35 42 8
54 19 4
38 1 35
31 35 1
6 11 38
24 59 30
18 66 4
37 42 17
4 45 13
54 23 26
47 30 14
49 64 7
36 6 16
26 12 32
37 19 7
26 70 32
43 26 32
11 42 38
46 5 32
2 71 24
33 59 35
42 10 12
17 73 2
11 17 32
28 68 33
45 26 40
38 42 27
33 49 30
43 69 36
19 45 28
19 33 39
9 10 35
6 25 30
17 34 40
4 32 35
18 24 38
44 71 38
30 3 15
13 64 8
40 20 10
27 56 23
44 25 27
21 71 19
28 69 10
43 57 37
35 55 12
10 24 11
16 12 7
32 5 22
17 73 28
25 44 31
6 70 37
5 24 4
39 64 27
22 28 14
40 72 25
11 53 33
18 22 16
16 52 12
23 65 17
2 45 4
16 70 1
5 28 10
23 19 9
48 55 35
13 44 6
9 61 32
44 13 20
28 56 17
46 21 7
26 53 20
7 24 34
1 11 35
44 71 38
24 63 33
47 15 33
18 66 16
47 71 7
4 12 14
19 6 14
30 22 12
36 18 14
35 21 31
35 12 22
19 24 38
2 52 19
20 35 33
18 45 6
36 9 32
25 53 21
30 2 9
18 24 24
7 57 28
3 50 25
20 55 13
23 30 11
31 60 27
9 30 7
41 13 2
12 64 18
20 11 19
53 60 40
48 6 30
26 38 14
39 61 19
44 65 26
26 47 37
45 25 27
22 61 3
2 51 5
18 47 1
47 55 5
3 6 13
19 22 17
54 51 24
32 21 32
38 39 34
15 41 38
19 24 40
2 52 36
47 45 34
37 9 31
36 56 25
31 67 4
45 10 20
39 20 38
46 23 28
21 34 11
33 34 13
50 45 16
29 5 4
48 36 8
34 9 11
45 24 37
2 32 22
37 63 7
32 8 7
35 9 11
7 59 29
2 72 33
27 49 7
4 2 4
27 10 7
29 71 34
30 63 22
14 46 30
31 17 9
10 17 40
44 13 6
25 46 13
28 17 18
44 22 5
25 19 15
7 23 12
27 41 34
3 36 26
2 3 8
1 70 2
10 6 23
29 26 31
49 5 19
2 64 27
15 51 30
9 20 8
18 65 36
33 60 15
50 49 30
50 4 17
4 39 32
52 73 37
23 18 40
18 56 22
9 48 37
33 21 32
29 50 38
52 1 21
16 12 6
22 8 15
11 8 3
49 15 5
25 72 10
15 35 38
50 46 5
45 37 1
23 60 24
28 30 11
5 68 29
51 4 7
34 7 22
48 49 18
48 55 11
38 62 23
29 22 27
10 62 6
13 65 20
24 72 24
1 4 23
5 55 8
49 1 32
49 28 5
50 36 34
20 21 31
13 61 33
17 49 27
43 69 26
41 14 16
44 35 22
39 28 21
12 43 2
32 20 17
53 45 30
31 8 23
26 34 30
27 24 26
31 5 39
45 35 19
3 26 10
21 17 23
8 8 8
11 16 40
20 68 25
35 41 33
25 16 3
21 35 34
45 19 12
54 45 23
44 36 16
20 28 13
44 65 37
11 34 11
50 10 26
29 49 8
18 50 15
35 51 35
8 32 11
7 42 2
47 33 11
14 27 29
20 43 38
20 71 7
5 1 3
14 66 24
8 40 28
45 18 11
49 25 37
35 42 9
38 34 38
42 43 35
11 1 29
26 57 25
2 8 14
39 63 25
14 22 13
4 31 14
47 30 37
3 62 22
35 53 25
3 21 27
30 68 37
24 70 5
44 1 23
44 63 5
54 41 28
36 47 10
11 12 7
23 39 2
14 72 26
35 9 11
15 3 37
46 4 14
22 62 40
44 32 2
53 7 2
39 48 24
2 69 18
39 9 37
27 27 21
52 41 15
26 43 37
49 58 6
43 73 11
26 12 20
42 68 18
22 11 24
52 25 9
53 49 38
3 28 33
29 5 7
46 63 6
10 64 36
11 9 10
40 4 5
29 20 5
41 18 37
45 20 1
7 34 37
43 28 2
54 49 9
34 72 24
39 59 33
49 2 36
46 8 8
6 5 28
2 57 37
44 67 12
23 15 1
26 8 38
34 47 29
16 19 29
23 46 33
39 65 10
41 28 10
23 65 20
1 40 14
25 14 15
40 51 24
33 12 27
49 27 2
50 43 8
45 36 22
12 68 7
50 34 9
15 40 27
54 1 19
46 61 6
6 41 27
48 49 34
4 38 14
34 50 24
17 51 36
30 8 27
46 19 7
32 57 35
53 10 17
36 39 30
43 16 32
21 71 12
37 27 15
16 58 3
22 39 2
37 72 15
18 30 20
1 32 13
41 64 25
24 12 7
40 39 38
46 64 14
22 5 33
40 47 39
5 43 17
26 38 22
4 54 3
18 37 24
16 39 21
33 44 16
43 57 13
53 42 24
41 55 28
27 43 18
31 35 31
24 63 2
19 27 35
25 10 7
51 62 17
12 51 8
30 4 10
26 46 19
49 23 3
26 32 28
27 50 16
4 50 23
43 65 23
30 15 18
49 25 12
4 17 17
41 13 7
7 71 10
46 55 25
14 28 31
18 32 26
36 36 1
37 1 14
10 36 18
44 66 6
53 50 5
44 43 31
18 17 18
9 47 39
42 50 18
12 32 15
21 58 38
18 44 30
35 12 16
40 24 10
46 12 7
25 40 39
4 27 29
39 60 14
40 61 30
29 25 10
11 42 19
38 10 24
15 13 2
4 12 26
38 7 34
9 32 32
16 51 38
6 1 11
11 10 5
45 42 13
35 60 17
45 40 21
45 41 2
17 59 2
34 51 30
26 5 31
33 59 15
42 8 38
3 52 37
20 19 15
21 39 21
32 60 2
16 42 30
44 20 4
49 25 31
28 1 28
26 70 30
39 69 24
26 3 26
11 21 15
8 69 19
44 63 26
44 31 17
23 13 3
28 21 19
51 21 31
29 21 14
9 28 17
31 32 26
39 47 7
25 33 5
16 23 3
54 39 33
9 70 4
37 27 30
37 49 12
21 44 37
6 1 21
10 12 29
39 43 34
15 64 19
47 64 34
2 59 23
52 62 12
4 43 37
27 59 26
53 8 8
10 64 38
49 48 22
29 49 27
41 18 27
1 42 28
53 33 38
39 44 15
26 62 33
33 71 23
6 67 24
38 1 20
3 8 32
19 54 31
22 19 15
31 52 26
46 18 12
14 30 19
49 69 38
6 34 25
33 72 20
37 13 13
14 31 34
23 14 30
6 15 38
14 70 10
3 26 40
34 69 39
54 65 29
47 44 15
38 5 2
29 38 32
41 59 11
6 58 21
14 50 25
53 65 27
10 58 20
36 30 19
18 20 33
11 43 31
25 50 20
52 64 34
46 26 38
35 45 18
53 9 28
16 40 6
12 28 34
19 36 30
32 5 21
29 6 27
24 37 6
5 60 20
11 73 38
28 33 40
28 2 30
53 3 34
36 57 12
54 16 17
53 16 25
35 59 30
4 32 1
4 1 35
52 14 4
23 72 21
38 19 23
2 57 27
7 65 13
30 11 39
30 67 18
26 72 36
34 52 6
31 36 34
33 18 33
5 17 4
6 69 33
36 57 30
13 61 36
29 5 19
53 4 38
24 20 38
42 60 23
28 10 18
16 7 8
13 49 12
45 64 32
14 67 9
37 70 13
39 26 5
21 60 1
48 21 31
13 63 37
41 54 8
54 22 13
38 51 31
50 48 34
10 45 28
21 70 35
51 66 31
46 2 30
26 37 34
37 52 15
8 56 29
23 50 26
5 17 3
50 72 17
49 25 36
4 9 29
13 52 15
36 52 22
44 60 13
52 17 36
1 3 22
51 67 33
2 71 23
7 35 32
54 58 32
14 37 36
29 33 23
17 58 7
36 11 21
54 6 30
36 12 31
9 7 17
32 17 36
21 44 16
24 12 24
4 48 8
29 33 17
19 32 31
4 37 27
2 25 8
13 61 27
18 60 37
39 63 2
20 4 12
45 63 20
28 38 28
10 53 6
19 47 34
29 39 11
47 27 14
23 65 13
46 41 1
32 30 10
9 68 38
34 71 17
8 11 12
38 39 16
40 2 20
26 55 7
15 52 26
54 41 38
15 23 15
35 21 5
46 32 12
49 36 40
39 11 12
9 13 38
24 68 5
34 17 35
13 70 29
18 46 21
14 42 37
31 26 21
19 26 33
30 31 13
30 36 8
46 48 38
41 58 32
29 48 19
40 73 2
42 72 7
28 14 4
51 32 25
6 56 26
31 58 37
10 22 36
48 1 35
1 25 17
34 36 32
16 62 32
3 61 35
53 21 23
12 5 24
29 40 7
41 12 11
3 60 12
6 16 20
35 73 38
33 38 3
2 17 19
38 47 11
4 28 4
42 52 28
1 3 10
21 42 37
53 8 27
42 27 27
51 19 21
27 35 25
37 41 39
26 61 31
15 17 33
52 19 3
38 67 14
6 38 37
30 73 2
15 61 34
53 25 11
16 22 18
50 24 24
13 40 32
7 72 30
23 1 28
7 43 23
37 6 25
51 51 5
41 17 37
23 27 2
1 46 21
35 29 2
30 55 2
35 66 17
10 70 1
49 25 21
26 37 7
4 7 30
10 18 32
33 71 34
44 26 16
11 41 38
4 31 36
36 10 34
47 35 36
30 62 31
39 11 29
36 56 19
1 5 15
5 56 3
7 4 1
21 43 29
5 33 25
1 72 10
27 72 21
25 44 6
43 63 16
34 36 21
21 43 4
28 30 20
39 1 9
49 40 19
46 53 6
39 59 7
54 36 30
36 55 33
3 52 12
34 45 26
34 21 34
43 60 36
38 59 29
29 43 26
19 2 29
38 63 6
38 45 13
15 21 10
29 39 38
15 6 4
27 34 22
40 45 33
27 16 1
52 56 22
1 62 29
9 18 33
24 57 18
50 40 23
41 71 28
24 62 37
16 51 18
35 19 4
45 13 5
54 13 25
48 38 27
20 34 22
33 57 13
32 29 4
41 58 20
22 20 1
17 64 29
6 59 38
42 23 16
4 66 31
32 64 23
6 24 28
15 33 34
42 48 26
23 30 38
28 37 3
5 12 13
2 27 21
49 50 22
30 39 9
43 60 15
49 23 14
2 40 16
6 3 1
52 65 20
36 50 11
33 22 16
29 62 24
13 4 4
2 28 37
24 19 14
12 43 3
35 57 31
33 42 9
25 12 4
46 40 17
16 55 28
29 69 33
47 4 14
28 18 36
27 35 12
6 59 5
37 10 4
12 34 28
11 65 11
15 32 36
31 50 34
9 32 23
11 40 18
18 5 12
24 58 33
23 33 33
28 17 10
49 54 13
22 69 30
34 13 36
20 33 36
43 57 38
8 23 37
47 7 9
34 45 36
3 44 24
48 41 19
32 3 35
38 61 23
27 29 28
37 22 38
39 59 21
34 36 33
38 64 34
30 10 36
50 9 15
9 20 38
44 14 25
11 28 4
40 43 10
52 52 7
14 58 20
23 33 37
28 46 31
45 61 21
53 33 28
19 36 2
3 20 38
42 26 32
45 14 36
33 67 5
23 49 29
24 22 30
35 33 11
22 10 34
7 70 14
47 19 10
7 20 7
54 65 14
51 32 9
39 57 28
20 53 35
27 1 25
38 68 20
43 20 25
34 56 37
22 72 9
8 63 11
54 70 12
13 43 19
24 66 23
32 20 7
28 46 16
6 73 37
2 56 38
9 32 8
53 32 24
28 67 16
40 41 9
30 1 15
33 67 38
39 46 20
51 28 4
25 62 11
13 57 29
7 28 34
6 5 18
24 37 12
39 31 14
6 70 37
34 6 1
27 32 7
53 15 18
39 70 2
30 69 40
39 25 27
13 67 23
9 68 33
16 43 2
43 64 16
25 3 20
14 26 3
29 73 9
41 6 30
2 17 13
38 43 7
21 60 34
15 24 31
28 37 36
9 36 24
2 36 37
28 26 34
33 2 37
52 9 23
2 33 12
8 7 30
26 17 39
23 24 39
32 26 15
39 38 32
33 53 13
32 12 5
50 18 6
11 48 35
27 56 12
9 49 38
13 30 15
24 50 8
40 35 24
48 57 15
37 21 40
42 26 27
43 69 38
34 53 8
31 62 15
36 48 21
12 44 6
2 25 38
40 20 9
51 18 4
18 50 11
38 38 33
37 31 19
29 28 34
51 65 5
50 24 25
50 60 23
49 69 3
18 61 9
9 31 36
2 12 21
7 66 29
52 55 25
34 39 18
48 20 30
11 22 29
9 7 21
30 37 36
36 28 30
43 53 32
19 10 2
38 31 27
39 25 27
36 33 18
42 67 20
14 28 5
51 42 31
47 16 11
54 27 20
49 40 36
12 67 9
47 30 34
41 9 6
49 53 21
48 17 23
48 41 17
21 67 6
43 18 27
9 40 11
43 23 18
16 55 3
43 55 5
50 49 5
44 8 7
6 17 28
28 5 10
4 40 3
40 5 5
18 69 7
25 20 11
29 56 29
47 31 40
38 24 36
46 37 22
25 57 15
40 52 7
51 19 39
29 71 13
50 45 39
48 17 39
16 68 7
53 25 11
42 37 18
15 15 23
5 55 21
2 24 21
50 68 4
23 73 26
47 72 8
35 19 32
15 64 38
30 3 4
24 23 32
11 7 9
43 48 7
51 6 29
7 23 38
4 54 11
30 70 29
2 9 7
30 37 10
42 20 12
27 64 11
47 30 18
34 18 8
5 33 12
29 27 23
1 53 15
41 59 39
15 11 4
27 17 33
19 23 19
10 62 4
54 36 25
12 62 17
1 33 19
34 54 10
35 45 37
24 29 10
44 68 37
54 71 25
45 27 2
24 31 4
41 48 10
45 51 39
30 70 22
8 10 2
50 13 4
8 14 29
49 24 29
13 9 7
38 39 34
32 9 5
39 69 39
36 21 4
28 34 22
45 29 35
9 53 33
49 72 4
29 71 25
15 36 29
28 50 30
28 31 10
19 33 39
10 48 29
20 23 39
34 16 38
4 61 34
38 19 24
35 46 6
11 9 31
52 34 33
9 38 34
23 52 27
21 51 15
20 30 21
12 48 34
21 69 25
36 24 17
53 44 30
43 69 34
9 36 9
16 63 13
12 59 11
39 6 9
52 50 11
18 57 37
32 39 11
4 41 22
29 42 27
49 8 9
2 2 3
52 31 18
49 61 30
48 68 7
7 30 2
52 56 18
51 63 2
54 70 1
5 49 13
5 38 7
30 13 14
47 36 24
39 42 1
27 6 13
11 23 11
34 46 32
20 39 11
54 47 21
1 16 12
39 61 15
42 63 7
50 49 12
20 4 21
51 71 21
37 55 13
7 58 38
2 71 27
7 48 13
39 51 14
17 71 35
15 62 31
31 49 8
43 69 4
39 72 34
5 9 15
19 45 36
46 31 34
5 55 18
51 28 37
54 22 35
23 57 28
36 72 31
8 72 40
14 8 27
42 28 25
25 16 38
35 11 26
48 45 23
43 60 22
25 9 26
7 25 25
4 13 31
31 47 40
34 55 40
28 44 38
23 12 26
52 41 18
44 13 37
6 52 33
8 17 23
25 49 21
20 47 36
18 10 40
13 4 2
36 67 3
14 25 30
27 11 15
10 2 22
45 10 16
11 57 29
17 2 31
14 37 6
11 57 34
14 66 35
7 22 28
36 32 38
49 43 19
21 10 27
14 24 24
41 48 29
53 25 37
6 7 13
35 20 27
43 31 37
20 62 25
23 40 40
33 25 22
15 27 24
44 10 30
28 16 14
40 63 22
31 43 38
36 28 11
34 9 36
52 17 11
13 32 16
28 12 26
35 3 10
17 61 5
16 19 32
49 57 18
19 24 12
10 58 38
32 19 25
43 39 39
45 2 4
16 35 11
33 52 32
20 18 4
28 32 12
11 48 39
35 53 14
50 36 36
27 69 6
44 52 26
29 11 18
22 65 1
41 13 38
8 8 3
43 10 35
32 51 14
54 70 28
13 19 3
23 47 2
52 57 25
8 27 10
23 47 33
4 24 35
39 5 3
6 5 33
39 58 34
37 71 1
53 42 9
29 12 31
37 52 13
38 16 33
22 60 39
43 47 1
41 8 8
34 6 22
35 59 23
3 15 23
4 26 7
51 40 36
6 21 16
5 37 25
35 45 16
51 52 17
54 17 31
40 46 27
7 54 25
42 34 23
48 45 37
27 38 28
52 53 18
31 29 26
33 4 10
49 64 26
51 42 23
35 26 17
6 46 34
10 69 37
22 73 6
47 57 14
53 34 29
39 42 7
51 22 33
1 68 6
3 26 10
40 62 12
28 9 3
26 72 12
16 19 30
35 15 22
4 11 28
25 31 34
25 61 19
29 26 31
21 72 40
23 45 30
27 21 16
6 8 4
7 44 9
30 52 22
35 35 21
34 39 18
54 33 13
3 30 18
31 68 34
22 9 25
51 3 4
47 23 8
52 6 25
50 14 26
12 54 31
45 58 15
52 2 3
40 63 37
20 20 11
45 64 9
36 72 23
13 71 35
18 25 23
30 62 2
14 52 32
2 39 5
10 31 2
9 36 17
27 13 16
1 29 2
30 65 28
4 22 33
27 25 33
25 48 17
39 35 29
13 64 29
22 35 30
13 55 38
11 41 37
28 46 20
44 25 31
19 15 8
25 16 15
24 37 15
24 56 13
33 3 30
15 53 30
5 35 31
26 48 9
45 1 3
6 33 19
34 69 13
30 8 16
54 31 25
33 12 19
29 66 36
12 10 39
52 21 39
51 60 37
54 6 35
48 23 36
1 51 16
48 60 1
47 3 17
22 71 11
40 70 20
8 43 5
7 6 38
48 71 39
42 71 26
12 73 8
5 28 19
50 18 33
44 58 37
49 10 12
50 17 21
9 25 24
23 29 38
6 43 22
54 54 15
13 72 38
4 50 35
50 2 17
42 68 9
1 35 7
17 45 5
47 45 4
14 27 31
15 21 20
21 52 21
4 69 16
10 30 28
8 29 27
15 36 25
44 13 12
11 12 31
9 40 10
52 35 18
8 67 38
31 20 29
39 21 37
39 6 19
1 45 15
20 48 16
43 58 20
25 15 39
50 38 38
54 47 2
1 11 17
36 68 14
11 32 28
21 14 19
49 41 33
21 34 25
7 71 40
17 33 10
16 6 8
32 20 27
11 34 29
46 62 5
52 2 34
43 26 15
40 32 32
32 41 13
32 25 7
50 40 2
3 6 7
30 39 40
15 5 36
12 56 25
9 60 33
48 21 19
29 65 27
23 36 39
27 40 25
37 42 28
47 48 8
6 67 31
39 67 20
7 53 32
15 63 38
53 47 8
36 66 19
19 63 8
19 61 37
31 22 22
46 51 29
10 5 22
37 29 18
19 67 29
4 60 28
12 72 4
22 57 13
1 53 35
42 10 17
21 41 35
31 43 25
54 52 15
24 29 26
23 15 31
54 13 21
45 7 31
36 59 26
34 72 38
7 48 19
4 55 33
28 56 5
35 17 12
17 53 37
26 10 22
23 10 8
14 50 10
54 31 30
51 33 38
17 15 3
20 64 18
48 19 9
36 17 7
32 7 32
24 44 25
52 62 36
13 44 12
24 58 10
35 22 30
39 22 24
1 73 37
17 51 29
4 65 17
49 7 9
7 56 33
1 5 6
32 34 5
49 40 15
49 20 15
49 48 24
7 60 36
11 34 13
50 33 15
48 1 4
48 49 4
34 62 5
19 56 15
46 62 21
50 32 25
27 10 7
49 15 16
46 44 32
35 46 29
3 59 30
28 28 34
1 47 21
2 60 6
4 37 36
30 70 33
51 36 3
35 30 30
41 47 38
5 6 3
30 21 25
31 7 7
38 46 33
23 30 17
26 43 39
31 67 27
36 24 27
4 57 11
36 51 24
6 41 39
50 6 14
49 23 28
1 61 21
8 10 28
26 7 35
37 39 17
22 33 31
30 31 11
19 9 35
7 61 10
17 6 25
38 10 21
18 42 24
38 10 19
49 66 27
31 16 2
1 6 35
40 29 13
30 18 30
10 26 4
1 30 9
18 64 37
50 43 11
38 57 7
11 24 21
40 46 30
40 66 37
19 4 37
51 5 2
21 5 29
30 29 5
46 17 34
7 15 32
15 41 30
20 69 26
25 48 10
41 1 2
18 31 12
18 20 35
1 48 26
18 70 37
50 58 34
51 16 37
10 38 33
22 57 17
33 49 24
25 18 22
27 14 27
53 8 14
21 46 20
17 7 30
5 22 8
46 22 24
14 63 26
20 8 31
46 51 6
7 29 30
8 22 28
41 24 11
15 65 39
39 50 36
33 14 14
13 15 40
16 30 29
27 62 40
38 43 29
32 66 3
44 54 32
48 23 6
38 23 37
9 64 10
24 2 3
48 39 31
25 56 8
53 32 25
52 68 31
26 65 5
42 46 25
43 52 35
22 26 18
44 33 4
16 33 20
24 37 14
33 28 13
48 55 4
40 59 32
50 49 17
49 19 25
1 18 24
28 67 24
39 67 36
19 70 14
45 60 12
38 45 29
14 45 26
35 50 38
9 63 33
25 61 34
29 62 38
43 31 26
21 54 3
49 66 16
24 54 4
16 63 1
36 20 28
20 45 5
7 24 15
28 42 33
49 7 30
26 8 15
43 21 6
41 14 26
33 69 25
49 52 24
30 27 7
25 64 40
41 3 28
7 62 22
31 12 3
24 12 7
5 48 11
31 52 28
19 72 24
34 36 6
33 28 2
28 28 35
43 33 22
1 27 38
25 61 3
3 64 9
39 52 17
36 42 2
37 9 7
52 62 6
32 12 40
34 51 27
22 36 20
54 38 36
43 27 5
25 5 34
2 72 27
35 65 34
53 23 9
34 65 15
38 31 35
49 42 13
16 17 25
44 42 36
52 34 22
41 59 32
16 38 26
8 22 9
7 27 32
4 71 28
29 67 38
53 65 18
1 27 39
44 28 12
45 37 38
27 42 16
52 11 21
46 60 5
5 38 17
36 25 7
12 62 30
19 16 22
13 26 23
38 26 23
53 4 12
34 35 33
4 61 37
22 2 32
24 33 40
50 65 11
50 17 6
48 34 37
39 67 6
6 73 29
5 54 34
43 32 1
8 63 16
28 46 1
25 5 9
30 71 28
36 63 10
11 42 23
13 12 39
4 30 39
43 65 17
23 73 40
33 24 27
20 23 23
41 26 34
9 71 10
45 73 23
28 72 14
37 28 19
48 6 23
32 60 21
39 17 24
42 20 32
2 73 15
29 69 38
4 62 12
12 68 12
53 68 15
37 34 9
34 9 12
4 9 14
35 40 35
9 31 30
10 39 34
28 23 18
44 18 36
17 71 38
46 23 10
33 24 30
18 60 33
27 43 21
28 11 34
54 36 4
44 69 1
12 20 20
35 9 4
54 51 2
26 45 23
32 31 17
10 62 16
36 16 20
35 36 27
10 6 34
54 60 9
17 7 21
22 70 16
31 24 31
32 64 34
32 55 19
13 45 34
32 47 9
37 63 39
34 6 18
15 26 34
52 44 16
8 5 1
25 18 9
43 45 21
48 72 22
12 67 22
43 2 7
52 39 30
49 71 23
19 18 36
44 56 7
43 24 40
27 64 19
38 52 35
37 1 40
1 20 8
49 56 37
49 49 17
22 70 14
20 44 5
44 30 16
7 43 1
1 33 25
18 64 22
45 46 35
6 48 38
48 64 37
34 48 10
15 6 5
29 27 1
29 13 6
4 27 25
30 51 23
31 67 5
32 39 35
35 69 27
3 38 37
7 61 39
2 55 37
47 21 2
9 59 34
43 23 38
25 4 17
23 4 3
11 29 25
23 71 7
37 59 8
23 71 24
48 73 6
28 5 32
50 50 15
49 5 16
40 10 25
36 69 15
22 66 28
9 25 4
2 33 21
36 39 24
30 63 3
37 22 36
52 33 32
25 6 12
24 25 35
16 63 16
28 48 26
19 10 30
48 7 25
18 19 18
45 63 1
8 49 15
20 44 31
33 6 33
50 27 32
10 11 18
26 43 40
19 27 4
19 46 37
17 18 3
2 40 40
47 68 36
5 54 12
49 24 10
13 42 16
4 53 36
8 64 19
47 41 14
20 47 35
32 50 37
46 41 28
11 39 7
34 69 36
53 1 10
49 51 3
47 43 1
49 40 37
28 14 12
54 52 28
5 72 36
6 46 24
28 14 3
1 49 39
39 6 8
24 5 14
9 4 22
52 72 32
10 54 15
15 57 40
12 54 39
49 2 18
6 57 8
25 25 34
10 29 31
43 3 36
45 29 13
4 59 21
36 39 38
49 23 33
40 71 6
44 37 13
22 64 30
12 17 16
51 25 14
16 41 38
37 39 13
14 24 6
52 15 26
2 31 2
2 61 39
51 23 31
52 69 18
31 39 26
38 1 1
53 58 18
28 29 36
20 18 21
53 45 21
26 42 17
14 27 17
45 56 28
21 69 15
38 70 35
22 33 20
11 50 36
27 62 9
15 44 8
52 13 9
27 46 10
40 47 1
23 69 34
23 22 15
25 35 32
37 62 23
43 70 9
1 56 15
45 73 20
21 1 25
1 55 3
29 65 30
21 27 40
26 41 32
39 32 23
49 15 2
52 20 29
36 68 13
41 17 12
40 41 20
29 28 7
3 54 19
43 32 8
20 13 12
39 14 31
53 31 22
26 25 4
42 58 23
50 42 32
49 19 32
36 1 3
5 4 22
9 56 34
12 65 5
50 23 32
35 26 35
53 22 24
54 57 22
38 29 6
13 15 23
37 24 1
14 40 39
17 4 24
9 24 19
10 46 23
37 73 5
46 72 12
54 20 5
35 54 15
7 40 7
20 31 19
48 24 16
51 51 12
25 39 16
6 24 22
52 61 15
18 26 33
3 61 22
21 29 9
48 15 39
11 67 33
31 62 3
39 32 31
41 45 28
28 3 39
32 32 22
49 29 2
33 68 27
18 27 29
4 64 35
28 32 21
13 39 7
45 43 29
20 64 40
52 67 10
31 18 40
34 61 35
48 29 36
9 41 26
7 64 13
3 9 14
34 57 30
24 53 3
34 47 22
36 24 8
54 4 31
36 51 34
10 33 28
24 28 9
7 70 25
32 60 30
6 33 37
48 1 7
48 63 10
2 30 12
51 55 5
19 15 22
54 47 36
42 11 12
54 23 11
18 67 6
30 23 2
29 55 16
41 14 8
27 15 26
18 24 19
9 61 24
10 9 12
36 51 25
3 40 15
50 31 11
48 4 37
19 58 29
42 55 13
52 16 31
1 26 34
28 48 40
11 26 31
8 22 35
16 60 36
48 68 7
44 58 33
7 73 39
11 30 8
49 35 23
3 55 7
30 72 36
5 59 8
39 7 34
32 20 9
49 35 4
20 10 1
30 27 24
8 27 16
9 25 38
17 33 33
51 51 29
5 8 10
34 39 34
3 71 10
44 73 39
29 10 10
32 56 14
38 48 33
23 48 2
31 14 25
25 49 18
50 11 23
3 63 19
25 62 1
12 65 21
26 66 33
36 65 38
51 60 40
6 49 30
16 2 14
23 18 4
43 40 19
8 7 24
24 17 3
50 1 33
50 62 20
42 27 25
31 30 38
20 3 17
44 69 33
45 39 19
52 7 36
34 45 8
6 51 5
39 49 28
54 35 36
20 52 17
53 15 36
25 9 15
14 64 19
4 41 35
7 64 13
12 61 1
38 49 17
44 44 2
29 58 19
23 28 26
38 35 39
2 33 20
37 51 32
4 49 14
9 41 1
54 2 9
23 34 40
28 5 15
32 17 34
44 23 33
48 27 16
24 16 24
37 58 26
17 73 26
27 13 31
40 7 8
21 12 25
31 49 17
34 45 11
2 60 12
48 28 1
42 45 3
22 63 3
40 11 13
7 16 11
21 4 20
33 35 40
54 69 27
7 73 20
42 11 40
13 15 15
17 4 9
1 10 20
12 37 8
2 5 9
35 8 28
42 9 32
6 58 9
2 57 18
28 45 11
5 65 5
23 20 13
36 15 6
13 39 28
54 14 24
40 20 19
47 31 20
19 51 30
17 6 24
2 16 24
20 28 26
11 47 30
21 5 33
17 62 40
35 26 20
52 43 37
40 46 6
29 33 38
17 43 5
39 35 4
32 21 31
2 43 3
19 61 32
43 8 34
49 33 12
52 5 39
33 47 7
24 41 33
49 24 36
4 47 29
7 2 17
23 62 37
38 24 25
41 18 6
5 15 33
41 55 35
19 38 23
30 11 34
21 32 20
37 40 19
2 71 5
18 70 6
18 54 35
47 24 17
38 29 7
3 2 40
52 22 5
18 37 15
24 61 15
31 73 6
10 71 22
35 13 10
28 53 22
49 29 8
45 41 9
38 35 8
9 35 16
36 14 21
31 42 19
10 55 21
13 25 19
52 67 18
10 19 21
36 46 9
27 25 5
43 1 33
6 15 33
1 33 10
37 56 18
22 70 17
35 60 16
7 24 20
14 17 26
54 58 39
48 11 6
50 23 40
43 66 27
47 22 25
49 12 12
41 54 2
50 6 24
43 28 22
23 10 34
38 19 5
5 50 18
51 13 19
17 64 14
41 63 8
40 33 26
31 71 37
47 1 32
6 24 13
31 10 3
48 40 19
47 58 32
44 18 15
26 4 30
49 29 2
35 41 22
51 51 40
47 20 3
54 63 26
51 51 32
24 25 21
11 29 22
7 6 9
8 33 25
6 17 15
36 6 13
1 69 8
28 2 17
38 51 27
51 69 7
2 38 28
22 5 17
1 73 39
4 11 16
33 52 21
40 56 10
30 4 40
51 50 20
18 62 15
39 1 14
34 68 25
17 65 5
32 41 16
10 1 17
33 12 39
17 2 13
20 8 32
33 14 12
5 46 29
37 25 24
36 4 6
7 49 24
53 68 9
52 12 8
3 2 9
35 65 35
39 6 5
4 1 14
38 3 21
36 44 29
34 17 28
6 36 34
23 37 16
48 25 17
41 33 23
9 29 3
48 16 39
19 55 30
4 29 16
54 64 10
37 17 12
18 42 12
10 39 8
13 60 3
13 2 39
54 36 25
29 16 25
21 36 4
8 69 8
10 45 27
30 34 36
13 70 36
15 13 18
34 2 18
9 14 30
1 57 7
12 28 23
2 24 27
36 52 36
16 20 6
53 28 13
35 34 11
23 72 33
6 54 17
17 64 32
21 24 6
14 35 1
13 67 21
14 66 8
46 15 2
5 48 25
36 34 13
28 16 26
49 1 32
23 2 35
27 8 16
19 4 1
44 32 38
22 70 26
4 62 29
2 6 2
20 33 32
12 37 23
25 67 12
14 69 31
44 7 22
11 60 21
10 43 27
14 28 26
18 50 2
37 34 15
21 71 24
53 56 17
9 43 13
17 58 36
7 13 36
27 9 38
46 57 23
18 71 15
11 43 36
52 52 12
48 67 24
16 2 2
16 29 2
3 50 15
45 41 4
32 73 18
43 11 1
11 17 14
42 19 20
19 14 37
12 33 17
49 52 15
43 3 11
10 46 20
48 3 25
1 3 12
28 5 25
9 24 13
33 65 22
21 66 9
11 53 22
50 16 11
22 14 26
14 29 32
22 3 36
45 31 37
24 59 33
33 28 22
33 44 12
42 30 2
43 7 27
24 27 22
41 65 7
8 31 23
51 6 16
25 47 14
11 17 36
9 62 34
52 6 5
17 6 10
52 35 35
49 66 9
54 49 17
19 70 11
41 24 39
25 63 10
43 59 13
26 21 16
50 60 6
6 31 16
8 71 39
5 67 19
31 70 32
35 35 26
6 37 6
24 47 6
23 5 21
10 42 24
17 10 33
45 37 36
25 63 23
19 44 39
45 47 39
5 48 28
16 33 12
24 3 34
49 41 7
26 53 10
29 61 4
40 7 27
37 34 36
11 3 39
44 61 35
28 23 29
47 5 29
19 69 2
26 6 11
54 21 32
23 6 3
52 4 17
34 12 33
34 53 10
53 37 39
50 15 2
29 64 6
16 66 21
45 71 28
13 72 20
42 19 15
38 7 28
13 50 19
44 17 6
10 7 23
38 49 14
37 59 5
9 67 35
6 39 34
42 10 1
23 72 18
28 2 3
38 32 26
10 69 32
24 22 31
26 33 23
54 50 34
10 20 23
49 73 39
30 12 25
38 20 25
44 12 10
32 18 15
14 65 21
49 22 15
33 47 7
20 6 33
38 15 21
20 34 36
43 72 24
30 8 8
24 17 8
24 8 22
42 35 1
13 43 13
48 54 33
10 63 5
44 28 19
44 58 23
5 64 22
5 17 36
28 5 27
33 25 5
47 12 20
14 65 27
1 11 13
46 18 37
4 68 2
19 43 39
21 61 40
14 25 29
21 11 40
23 51 6
25 25 36
28 29 25
1 31 33
18 33 22
7 40 20
45 2 31
45 20 7
50 66 17
51 69 18
18 26 7
29 70 8
51 56 23
42 42 21
30 35 9
31 26 21
19 34 18
29 42 34
48 57 40
47 46 33
53 48 36
46 42 34
38 27 34
12 42 32
43 48 38
5 72 32
3 11 30
43 71 24
8 18 5
14 9 19
53 39 30
40 21 13
53 72 27
42 64 15
42 73 12
15 38 32
34 62 11
45 14 28
24 40 8
51 5 30
16 39 30
18 2 28
48 45 28
7 20 16
39 73 11
24 41 23
30 48 37
4 42 34
14 6 10
22 72 25
45 50 23
44 67 39
23 70 37
8 26 25
27 58 9
22 6 31
43 71 19
23 53 25
29 53 39
8 55 9
33 44 24
54 33 9
3 60 40
41 71 34
17 45 37
43 66 8
41 44 20
21 50 37
36 67 12
15 30 2
24 2 27
45 21 31
32 3 12
13 62 29
24 13 16
3 52 15
39 37 32
21 14 26
48 32 35
25 20 32
34 69 4
41 15 9
15 71 27
30 48 5
7 49 19
35 60 27
6 56 1
22 52 8
30 13 15
24 4 32
5 43 27
16 19 25
39 14 19
32 47 35
35 57 9
49 70 13
31 35 38
53 60 24
4 70 24
2 54 23
46 50 31
41 71 15
1 41 26
25 38 35
2 73 40
54 12 14
52 57 28
23 40 15
22 25 40
49 21 2
49 63 15
37 19 4
51 68 1
3 72 5
18 70 28
10 57 17
19 21 8
10 13 8
48 43 38
32 51 12
19 18 6
12 2 32
5 35 33
22 45 8
8 60 39
36 49 20
36 8 20
13 1 28
43 31 36
37 45 17
26 18 9
35 49 4
35 39 15
13 58 1
26 64 4
27 36 21
22 42 20
24 59 40
18 2 19
5 10 23
43 55 34
2 31 6
12 39 29
4 69 1
19 26 11
24 55 3
23 11 5
46 11 6
27 1 3
25 48 4
34 48 23
13 63 20
3 53 39
16 2 33
52 52 33
9 47 15
32 30 3
40 35 32
25 46 15
3 53 33
4 16 39
42 40 16
48 51 24
51 60 16
24 4 18
38 26 11
28 25 24
44 38 38
30 32 27
38 62 39
9 68 29
13 54 13
45 9 15
46 69 25
38 58 40
3 29 16
48 72 20
31 21 18
25 66 37
19 66 12
10 67 30
14 8 14
4 48 11
16 10 24
40 56 15
23 14 6
49 72 23
28 54 10
12 9 24
31 8 24
52 39 32
33 50 29
38 50 24
41 72 29
34 26 34
45 19 12
34 25 26
24 25 31
45 25 22
22 7 11
16 5 18
14 7 1
30 61 27
22 30 6
6 19 28
1 13 5
35 8 29
1 42 29
46 24 3
40 64 36
22 34 6
10 73 16
20 12 9
9 60 27
34 4 34
20 26 38
40 37 8
44 67 37
51 24 18
44 70 15
27 55 10
50 5 22
47 70 38
16 60 34
49 9 36
43 44 27
7 9 36
24 35 29
46 23 19
1 44 12
54 61 28
29 67 38
29 13 32
6 54 6
14 36 2
27 18 18
38 63 9
30 69 2
3 50 2
34 57 33
27 10 23
10 30 7
43 72 33
39 66 18
45 49 24
21 34 20
16 56 38
53 26 2
46 48 24
26 50 1
9 22 36
52 23 35
6 27 5
21 65 5
12 50 20
45 3 30
25 73 20
16 54 30
31 5 14
29 18 26
36 38 20
3 17 37
26 14 37
4 1 21
30 30 40
23 25 28
54 32 27
18 64 35
15 22 15
52 16 29
23 29 39
7 35 18
50 19 33
34 2 12
41 7 37
40 55 11
46 61 14
45 34 3
46 9 6
2 17 16
43 25 26
47 13 14
7 42 2
2 30 30
17 12 14
35 1 33
6 16 38
50 7 36
44 56 13
31 72 35
4 1 30
3 59 21
18 1 16
34 8 6
4 19 8
12 15 17
38 28 11
11 3 25
10 45 5
12 6 25
29 45 12
24 15 27
28 69 40
6 17 12
14 45 30
9 60 38
12 33 36
6 34 37
9 46 24
31 39 33
23 7 38
35 68 17
51 15 34
43 42 5
40 41 21
4 19 18
22 43 4
44 67 25
45 1 20
4 49 35
21 10 39
41 12 34
50 18 1
1 16 40
47 39 25
35 35 23
20 53 36
13 56 9
10 63 16
18 68 6
37 15 39
49 64 15
44 57 37
27 33 12
34 14 38
24 71 15
4 37 36
19 61 1
14 58 6
39 32 23
9 69 30
18 31 5
6 53 7
5 4 37
21 54 2
31 9 28
8 36 32
3 29 28
27 54 26
12 30 29
2 3 33
31 58 23
5 29 4
6 27 8
11 48 11
30 6 29
22 73 1
36 64 21
37 49 12
37 29 40
10 17 34
49 62 20
54 57 35
37 46 40
53 13 11
38 33 24
52 63 38
26 34 9
4 11 40
25 26 24
45 71 38
42 12 16
19 11 14
23 1 5
52 61 28
3 68 20
1 66 26
22 70 17
1 45 17
13 12 27
27 72 37
13 22 21
16 35 16
48 32 40
5 9 5
20 33 2
27 73 28
16 27 23
39 11 36
42 23 10
7 32 11
42 25 5
13 17 1
35 21 37
33 45 10
48 44 37
30 28 2
41 21 17
10 28 36
24 8 38
52 33 27
9 29 40
39 37 20
14 29 2
54 63 11
47 41 38
12 3 11
8 63 18
7 70 39
53 15 35
4 49 34
35 28 5
21 61 5
26 14 35
51 59 35
10 31 1
52 5 8
29 40 21
3 31 35
52 45 38
5 39 8
53 53 5
52 47 17
54 66 1
44 68 32
38 40 8
34 25 1
24 42 21
6 8 18
46 45 29
24 8 37
9 65 1
34 4 27
13 35 9
37 13 13
32 24 36
9 4 39
39 22 3
42 61 23
38 56 28
4 41 35
26 18 11
42 47 10
48 7 10
41 4 26
15 46 19
54 4 33
11 33 21
43 22 21
41 4 6
1 24 8
11 24 22
21 45 5
31 40 7
6 42 10
52 2 22
9 67 12
42 20 39
33 61 26
48 66 34
50 40 6
4 70 4
27 43 10
1 47 21
33 42 7
42 47 22
50 71 36
36 12 3
45 26 9
36 11 1
46 12 31
37 66 11
18 11 29
33 27 10
17 56 29
9 54 9
28 9 13
14 32 24
26 21 26
13 44 29
50 50 24
33 52 26
2 26 26
39 44 4
18 24 30
48 53 34
5 56 26
32 23 8
26 60 36
11 5 29
39 16 19
25 50 25
46 60 28
21 8 32
4 26 9
3 38 29
38 18 12
24 49 14
39 20 17
3 64 12
21 46 38
53 62 10
54 7 3
1 73 26
32 33 20
1 38 25
51 52 27
33 30 20
53 53 31
20 26 7
54 31 32
29 60 34
34 34 7
27 1 37
3 52 27
30 4 25
7 50 3
17 62 6
3 56 32
23 14 38
9 72 22
34 37 31
7 26 8
28 15 13
23 51 40
27 66 28
29 52 31
31 57 31
49 41 3
3 49 15
23 20 40
25 18 9
17 56 12
27 13 12
17 53 20
4 37 30
22 32 8
54 30 32
21 10 23
40 40 2
1 56 8
1 60 35
23 14 8
42 66 38
9 14 2
21 61 12
17 55 23
40 69 33
16 53 10
30 39 33
7 22 1
18 22 4
28 36 8
37 22 24
31 26 28
10 51 31
15 51 9
17 16 27
43 67 32
36 54 26
30 32 16
26 57 39
31 47 36
24 10 39
7 58 2
5 39 10
46 33 10
21 15 32
41 25 21
18 64 40
31 28 29
16 49 38
38 28 8
25 10 27
53 34 40
52 38 40
4 67 14
41 22 2
43 53 35
8 45 27
35 54 3
3 11 35
1 40 4
18 17 18
29 24 30
5 53 18
12 39 3
19 19 31
42 18 30
21 9 8
24 42 5
13 5 18
44 30 19
32 11 31
21 35 12
23 1 34
31 8 10
14 52 12
24 29 36
40 71 31
10 1 29
23 25 6
39 34 24
16 38 8
50 32 40
27 60 21
28 55 19
26 49 14
40 41 39
43 71 9
33 60 1
29 8 13
39 51 33
42 51 18
46 55 34
38 30 31
1 66 35
43 28 4
47 32 38
37 9 3
51 16 21
42 32 8
12 19 21
9 17 35
13 14 14
41 22 24
21 33 2
47 54 16
7 11 3
51 70 30
27 9 4
16 62 37
48 43 32
39 57 26
29 22 4
11 28 34
29 1 38
24 12 15
1 70 9
17 18 8
10 44 13
46 12 17
52 40 21
50 6 10
17 66 5
10 70 33
12 2 31
23 25 18
53 52 20
36 7 36
12 19 40
9 5 23
25 50 25
3 31 8
31 34 3
43 18 37
43 36 32
16 41 22
22 16 30
43 41 27
32 8 36
36 18 7
22 42 20
12 26 20
15 16 35
20 49 26
36 19 14
35 54 12
29 32 2
13 11 12
21 28 25
43 68 26
4 69 10
10 47 13
5 14 39
13 71 28
16 72 8
26 73 25
32 35 5
42 70 16
9 28 4
4 8 8
31 31 28
37 10 32
14 70 3
36 58 20
32 49 27
30 53 38
52 73 12
17 61 18
39 13 7
23 31 29
9 7 29
50 61 28
47 23 32
20 4 35
37 20 35
3 30 22
27 60 21
1 71 34
30 20 3
48 37 5
25 5 24
12 20 23
2 11 13
47 36 1
34 48 28
3 27 9
37 6 19
5 52 20
46 33 8
9 27 11
53 63 29
3 42 31
37 33 21
51 48 24
51 55 35
20 66 40
10 58 36
50 5 32
8 50 22
49 46 13
25 20 35
13 36 15
29 26 33
39 3 33
34 70 10
16 26 33
19 45 15
10 60 22
8 42 3
35 44 25
39 59 24
10 6 39
17 15 18
3 9 7
13 56 7
54 14 31
8 40 16
43 50 29
52 16 10
20 62 30
7 17 33
20 59 34
31 62 34
29 15 31
44 8 40
37 28 4
45 58 13
8 18 36
25 58 3
36 69 16
21 27 36
19 23 19
19 21 38
10 66 11
21 67 22
30 21 10
27 62 5
28 40 2
36 20 33
17 73 27
37 39 6
54 37 23
31 44 21
30 34 14
41 2 4
10 17 22
3 3 15
11 8 5
1 28 7
54 4 18
38 8 27
34 8 19
51 57 1
43 52 29
8 42 28
43 20 28
11 54 19
54 73 36
1 34 23
13 13 32
21 45 27
11 8 18
15 32 10
41 45 18
32 13 10
4 59 8
4 26 16
22 32 1
28 6 33
1 10 1
33 12 35
37 29 39
35 36 6
13 44 31
18 29 29
17 58 14
6 51 23
27 6 18
15 58 8
15 4 1
18 18 28
54 34 17
16 71 3
22 43 32
26 62 9
9 21 9
36 56 31
17 54 28
34 61 30
4 61 20
42 66 17
19 68 5
37 20 27
18 26 15
3 70 7
47 29 20
6 58 26
22 49 15
32 64 23
9 18 39
24 48 31
54 28 1
27 25 3
13 10 36
41 67 31
1 45 7
27 20 39
2 66 5
15 49 27
39 4 24
15 45 2
12 15 16
22 35 28
36 16 8
6 59 14
47 34 18
11 23 13
21 6 26
31 61 26
41 55 9
15 72 9
3 58 6
11 15 17
18 58 26
52 21 27
10 53 26
7 65 9
11 49 8
48 58 31
14 54 22
41 46 17
11 18 16
23 72 1
47 11 15
54 17 31
38 44 4
52 57 8
29 15 7
28 71 5
13 50 21
52 15 38
23 56 33
33 17 30
19 14 38
7 62 33
32 35 23
42 61 31
31 63 20
40 55 14
39 71 23
1 28 1
12 28 33
48 68 4
11 45 23
5 67 6
48 44 16
8 22 27
22 5 9
36 49 19
15 62 12
41 61 27
30 65 29
36 21 16
18 53 38
1 37 28
28 66 5
15 18 12
50 15 10
34 67 15
40 21 39
42 41 23
17 46 8
12 6 32
23 52 33
43 16 16
46 41 40
51 55 17
22 23 36
42 10 39
29 5 16
48 20 3
5 27 25
7 64 34
44 33 5
6 70 1
18 24 15
5 63 29
34 38 27
8 1 27
33 56 9
28 69 18
16 17 34
14 69 3
27 43 24
20 61 6
41 5 29
20 56 2
44 4 29
32 51 10
37 38 11
4 33 30
51 48 28
53 21 38
39 55 31
14 49 3
15 10 40
18 63 8
20 26 37
43 59 36
19 50 15
13 44 9
18 68 14
54 43 7
38 43 14
35 50 4
20 62 10
7 33 31
25 66 17
1 1 27
24 69 19
38 20 40
53 50 2
23 48 6
51 59 25
44 20 28
21 15 2
46 49 34
33 19 31
39 36 19
19 36 4
50 58 10
21 45 33
18 40 10
32 56 3
31 55 38
20 49 11
23 10 27
6 11 20
2 23 31
4 1 24
27 46 6
10 73 27
3 13 34
39 36 27
31 26 16
54 42 17
44 19 13
25 66 11
28 61 15
38 24 21
34 65 2
52 56 2
30 35 14
19 36 20
22 25 16
23 19 28
14 70 33
24 41 35
12 62 38
22 48 31
2 13 37
24 33 1
1 7 33
19 39 40
3 28 12
14 64 10
27 17 28
19 68 34
25 5 19
39 4 27
29 5 24
46 36 1
14 68 12
12 48 39
8 18 1
15 73 30
4 58 3
42 58 3
22 44 30
39 12 8
20 47 16
22 52 16
18 70 21
24 64 31
50 21 25
17 7 14
23 41 20
45 14 16
22 24 7
7 46 31
8 56 36
3 9 32
2 50 24
21 35 24
29 73 22
8 17 5
47 32 18
53 26 34
14 23 38
43 49 35
8 8 25
45 4 26
6 38 28
37 51 21
28 56 30
37 73 37
5 25 32
23 71 39
3 31 39
26 36 29
9 73 26
16 16 35
37 65 16
36 59 38
26 32 9
38 61 9
54 30 21
34 30 2
18 59 38
40 50 13
2 22 1
33 48 31
31 61 14
44 17 24
23 18 31
52 61 3
35 49 17
13 42 5
43 67 33
40 19 15
7 61 1
5 32 38
50 8 36
38 4 6
39 72 24
23 5 35
51 8 10
19 32 6
50 6 11
37 48 4
25 18 6
49 4 39
18 2 28
38 3 14
52 48 35
46 54 25
38 19 11
31 69 19
2 61 35
2 26 27
52 34 25
3 1 32
5 7 23
26 24 22
33 50 20
45 60 1
16 50 36
13 70 35
37 7 24
47 50 35
1 37 8
17 17 27
36 69 20
18 19 24
2 22 18
53 57 28
13 54 24
40 35 35
44 47 20
19 65 36
11 29 5
8 52 26
12 72 15
5 53 27
30 50 37
41 23 20
4 73 6
32 66 7
25 27 4
15 25 34
17 13 25
3 7 9
36 9 4
53 52 19
3 11 19
36 32 12
46 27 29
31 60 23
48 60 6
24 25 38
6 34 6
13 39 37
50 28 2
12 39 35
29 35 23
49 5 33
39 61 30
36 15 36
5 41 7
15 28 1
30 60 36
13 29 35
20 65 16
11 7 35
6 57 22
18 37 18
51 70 24
46 16 31
24 3 29
50 18 24
3 15 21
21 47 24
37 26 32
14 39 3
47 6 9
26 54 10
38 18 31
39 37 32
38 73 18
44 21 16
28 18 34
19 44 12
43 53 15
49 53 14
14 34 3
6 29 16
25 47 17
28 21 6
46 42 31
26 7 2
52 18 31
11 15 24
27 11 17
25 3 17
12 44 18
28 18 24
44 65 17
40 28 15
26 36 23
30 25 9
16 22 36
37 51 14
39 32 18
43 38 2
10 31 37
37 4 28
2 13 38
45 9 13
53 72 39
18 68 22
8 37 9
39 48 17
45 16 20
40 50 29
26 34 3
18 43 5
36 60 32
10 45 14
27 63 36
17 46 35
31 8 17
26 71 4
49 48 26
44 70 34
54 55 37
44 5 35
49 66 5
18 39 28
15 62 31
37 54 32
33 42 32
17 61 40
22 28 17
10 65 32
51 2 26
53 57 2
46 58 22
31 40 30
47 58 17
20 44 26
13 36 16
48 16 16
36 57 7
10 24 31
13 64 34
7 41 39
26 70 13
50 39 14
26 36 21
5 29 1
28 64 16
17 21 19
22 1 13
41 9 27
31 57 8
30 10 22
39 12 24
18 25 11
44 55 18
45 61 19
17 60 18
44 2 27
2 25 5
24 70 27
46 56 25
8 8 36
12 27 31
35 41 17
2 42 40
11 43 6
35 11 17
38 52 20
32 17 32
35 35 13
25 66 22
24 33 16
35 55 14
41 68 38
39 44 8
2 40 4
34 32 17
47 31 33
3 14 7
2 15 13
30 25 26
36 4 16
45 13 14
13 63 29
11 29 28
25 69 8
1 2 7
3 39 21
23 7 4
5 52 31
50 22 10
27 50 10
14 68 28
41 39 9
45 67 28
24 58 34
35 19 25
12 72 29
52 58 29
50 72 16
36 21 7
41 18 12
46 57 26
53 70 2
21 30 27
50 22 14
49 30 6
27 8 12
52 57 2
16 17 11
11 46 26
30 55 30
20 33 15
50 7 27
25 46 14
22 17 25
34 15 21
16 10 39
44 24 34
38 50 30
45 72 30
11 34 23
8 71 5
36 53 6
4 55 8
13 51 4
2 64 4
3 71 3
48 41 38
51 41 32
32 36 8
13 39 7
28 55 38
50 37 31
