59 99 4726 4874
2293 1951 883 4283 3490 1307 1852 3833 3290 3189 1874 381 111 792 352 444 1677 1193 597 3242 1041 1162 4199 1752 1225 1512 3034 2961 80 1977 864 284 1226 3035 2442 1067 1158 3806 2129 3073 2038 2506 2154 11 2602 4473 2550 1398 3429 2891 4866 4545 4019 274 2380 3286 2995 2426 4166 3534 2063 1465 1462 2396 3186 1183 621 4867 1347 3905 4183 3119 2366 4434 2232 1394 4330 2106 3244 2472 496 3298 4611 1788 3979 2740 4389 2055 2208 2603 1356 1810 4295 3788 3501 2101 1307 499 2818 
2927 1849 3738 247 4356 532 1997 3490 315 4862 3563 1344 2747 4055 2836 1162 647 936 4651 2071 832 4692 3782 712 3931 1415 2144 4449 3152 3767 4023 347 2478 2426 3827 4360 2309 4753 1919 3398 2295 2839 2963 3590 4450 1461 3208 2036 4825 42 1374 1106 4742 2385 3687 2967 907 3318 3809 2396 2047 1695 2809 4716 604 2880 3943 3655 1139 4639 2981 3921 1331 480 3117 1872 1035 721 4442 1484 3679 2922 1283 4761 3517 4638 1950 251 4315 3528 3746 945 3671 1997 522 1829 4319 2350 302 
3981 3872 660 103 1550 3963 4411 2001 781 787 2684 3149 1444 258 234 1511 3774 3987 2136 2355 3483 4828 2684 3544 618 3868 2618 66 511 2877 4731 3573 3240 3844 531 4348 3064 659 3213 54 2279 2654 3860 1812 4338 1380 4650 4128 1755 86 651 1605 2393 566 3857 2174 1293 2626 3319 1233 3860 106 827 4229 257 1875 2123 460 3305 2136 105 3802 1399 2700 463 4601 2185 4024 1770 4148 2617 2897 2111 3821 267 2174 4189 2676 964 3804 2985 4481 1421 3867 716 2804 4871 172 2100 
3614 3394 3394 2745 1300 2771 1784 3480 4611 1233 2552 251 3252 4130 3305 1610 1954 916 4824 2460 466 630 1369 3056 1231 1790 2035 3648 2192 252 2347 886 4701 757 2880 4457 2512 4063 4671 1065 1721 3733 2055 4768 248 2499 4488 320 4537 1771 640 2977 2277 601 1161 2378 4593 2740 3411 3470 1158 4444 4869 3944 135 4885 3285 986 2500 261 757 559 2087 717 3525 4899 2342 3071 1726 52 4848 2905 2153 1090 2210 2937 4695 3094 2922 1772 1450 170 3779 827 4441 4697 3283 419 3750 
3573 4655 3864 4824 3127 4152 322 48 4435 3351 2862 2641 3922 307 2576 3276 4233 3128 406 3969 3039 2783 2989 2923 2848 713 2118 1693 2959 3225 4552 3110 4259 1036 2607 1023 4135 585 3421 3626 2909 2323 3714 4553 3559 3297 3797 307 288 58 973 2011 4079 4564 701 3902 4513 690 2877 1209 100 3131 3167 4357 1214 2948 1711 779 4537 1043 90 4624 2863 3796 2170 2473 1821 4205 2533 4355 676 4032 4506 350 2063 3790 3449 1262 2205 4426 1859 2976 331 1071 889 732 790 4140 3653 
3918 3896 2260 1598 1039 3623 4574 184 3208 2450 4291 1618 1095 1371 3442 318 2400 2505 3482 457 521 3643 4263 1073 4857 3420 1447 3773 2236 1195 4020 3867 226 4430 3461 118 4498 1215 1332 2347 1501 948 787 1404 4841 3944 130 220 3387 3189 3227 2806 395 795 4641 1178 1392 3525 3148 3208 4572 1900 2713 2367 1626 1573 3396 3166 3376 4199 4344 4540 1494 1172 2610 1426 1151 3523 2593 4214 1085 2502 4181 2539 3080 3472 4581 3001 3418 3960 3632 253 3410 4467 2223 1894 2087 277 3509 
667 644 1721 3436 3419 209 3762 3212 3303 3351 2489 819 1699 2887 4089 596 1586 1264 656 1009 475 123 3777 4234 1788 72 4797 3939 2388 2449 3125 2521 1844 3939 1406 3765 2212 1665 688 3643 150 2492 886 1150 3307 4696 3132 1965 2714 657 1441 3092 4209 715 286 1997 3203 3553 1313 2450 1588 2183 4577 2044 4728 2161 4762 4026 3056 2811 430 2552 1533 1822 2765 3564 465 445 3260 2504 1704 4553 3706 3704 2577 3824 2584 2328 1705 4358 4362 199 1758 2168 1136 3621 1199 2090 3415 
373 543 288 472 2102 830 3491 4150 4684 4582 2636 376 849 352 4507 3214 1122 2438 2425 2222 3481 1044 3463 2739 3752 2927 3798 2744 2086 2852 2536 1066 1380 1009 3318 228 413 2633 1377 1823 2016 4155 412 2015 1381 1097 1651 3929 2336 2476 4688 3892 1863 2779 3310 44 1692 2271 4411 1301 4655 4381 4009 2382 116 3829 3712 494 4836 2361 4538 3345 4306 1510 2146 3825 2077 2869 4722 168 3094 2069 2149 3437 3466 3656 18 3260 2549 4504 3746 4103 2238 2098 14 3097 1350 3553 1006 
4121 2344 1412 3089 3995 3926 1759 860 1572 3189 3069 4821 4067 3467 1577 2812 1392 2223 4015 1325 2751 442 4108 1819 4819 776 3866 3870 949 978 3059 4328 3216 4652 3929 3906 4132 4385 2986 4570 4372 2439 766 398 783 141 3864 1772 3040 3692 2726 1650 2495 752 3074 2935 4677 4804 1070 3259 2942 977 3429 1178 1865 1461 95 3850 3289 63 2361 4149 145 1246 1129 3861 2911 4430 2334 2063 106 959 3141 2483 2535 2922 481 1311 585 2240 598 4196 4427 1086 4859 942 881 3126 4555 
3421 389 1269 3469 1223 700 2381 1472 404 3235 2722 4502 2434 2666 774 683 4604 2256 4074 2890 2237 3877 4299 4160 2723 3710 1507 3882 1229 3386 1254 2960 2033 81 1727 379 2988 4736 3936 3035 1173 2193 1440 2887 1045 3682 1903 1048 1515 4889 3864 1670 350 1476 3326 3525 1932 3190 1935 1628 4433 2001 4019 2635 4320 709 1190 2124 3554 1276 4328 4382 4543 2283 4638 1025 392 3569 4116 441 3509 3638 747 545 3246 1594 466 1486 810 1914 1808 3500 1218 1580 4110 1180 3160 3100 4767 
4510 808 3723 3625 931 2729 3674 2613 1512 3660 1678 3686 1333 4162 3334 4178 268 2406 2245 248 4646 3909 4064 1794 482 4227 3952 1795 381 3125 983 3890 2360 4713 1840 1194 400 4320 1063 949 173 2489 3712 4828 41 1942 4112 3936 4116 4152 192 1497 2735 2842 4166 1584 662 4625 3699 4722 1764 1065 2025 2595 2965 2720 3155 4380 289 4135 1336 1780 1053 279 960 2951 40 3450 1013 4367 118 3028 1113 4175 3046 3106 2920 3829 3193 3354 4759 4434 3360 2202 1098 932 1575 4816 2095 
4101 877 3308 3275 986 3231 2413 4660 3441 1989 3389 4412 1058 3299 502 1594 2742 2402 3125 4666 4590 2870 4424 3943 3112 2598 3164 3770 4101 2210 1587 4238 681 4750 1196 2973 1303 3567 2805 3188 2469 4797 48 2874 2839 1155 401 1753 343 4441 3922 1363 4616 831 4521 192 2349 433 730 2020 3413 493 1912 2797 1492 2854 3212 480 2170 664 1073 3766 3322 2998 2220 729 1097 3252 663 4377 4626 3832 414 1897 2250 1794 3444 149 2940 1784 1816 179 2571 2012 3283 427 238 966 484 
2779 591 63 1339 1907 4559 61 3038 2973 4029 3848 1018 591 273 1114 3336 3820 2255 2703 1070 456 1002 2504 366 2893 1085 2706 2545 2850 1548 3301 4636 3481 3027 1059 2453 1066 4092 3326 4044 1399 3515 4539 2095 857 1168 4058 3580 607 1371 2213 437 684 21 2080 4491 4315 3401 4774 2965 3919 2707 2236 501 2944 4214 4344 4144 4139 4497 556 1277 1150 2010 3838 846 3486 884 860 1474 4837 4490 1593 2254 2777 4519 2849 1110 3021 4767 4414 2925 1291 1104 3561 2949 223 1502 1271 
4588 1267 4839 1423 1984 4396 1473 2665 1910 3587 2795 3147 2972 4007 2860 1955 641 1933 246 644 236 3449 2813 379 537 3540 2907 3953 2247 940 622 3547 4113 2975 3535 1814 3366 134 3309 1280 786 3229 2412 2024 2378 864 2517 2708 4590 3198 4205 1165 2072 3865 564 3767 4389 4184 3564 3984 3747 1878 3077 653 321 1037 2433 3264 1937 4221 4645 2320 2543 3241 353 3733 588 1061 37 1236 1850 94 3190 3273 4540 253 871 28 1411 1040 3830 2739 185 1310 4557 1782 4036 4061 2319 
4215 4115 2623 725 383 2544 1126 1823 2844 66 2048 3610 3609 2437 3467 1360 3109 2234 1232 2076 403 4369 2108 2516 3474 4024 738 4384 607 2577 800 4546 2296 3739 3693 3233 2219 2711 4909 2632 765 1036 2773 1453 2203 74 2963 431 4341 1297 91 4695 1483 2580 3277 265 888 2606 2967 1471 75 2660 3093 4098 2731 4907 3478 1042 4054 4494 4098 929 988 3803 4823 28 3562 3452 3226 697 235 1222 1963 4623 4793 2058 1553 4551 3926 2735 1604 1322 4120 1020 1823 3464 3473 1937 1240 
583 4441 3085 685 371 643 2502 79 4704 3573 111 2527 3269 1045 2378 3206 2278 3307 3178 4616 1606 1007 2992 1176 4640 808 361 2506 3247 1162 4663 1516 3745 3632 2443 2162 4705 2897 4564 3701 1633 3072 4861 2007 3753 3839 66 1427 3153 3477 4073 2403 3072 4870 1560 4178 2074 603 2026 3304 3801 3202 1246 2689 1699 4174 2153 1060 3784 1160 2415 139 4550 173 1607 1458 1835 2741 4290 1815 4903 4402 347 3613 772 657 389 4246 4481 2359 4803 3663 3178 1878 613 1498 4239 2935 201 
4727 4903 3727 297 3064 4808 3424 4022 1217 2309 399 1967 211 359 2706 723 4834 1116 3008 773 153 920 4636 44 4371 1220 3580 2622 3658 1762 3950 1885 2610 1666 842 3113 3828 1026 2084 4725 397 2612 1084 3646 1697 1356 3554 4704 107 1922 1691 165 1227 1166 3543 2312 3949 4857 463 3753 1419 1960 3096 541 3384 2869 1586 1596 4450 571 1329 4095 1232 1202 111 3264 1209 99 3485 1073 1499 4768 1554 4904 4604 1054 1605 2862 1163 345 2134 4023 1343 4044 3389 3599 4688 3816 3390 
2808 2823 2660 4779 1108 4852 2247 3876 2826 4583 343 3872 1906 2113 4068 4899 79 3094 2941 3152 2733 3660 219 4852 420 4303 3593 2108 1067 3298 2957 1977 3058 3649 2290 3156 99 3385 1945 2136 4000 1813 806 1111 4313 4021 1874 4882 3908 4079 3100 1142 2977 3529 3277 1166 1176 1414 3522 3640 3829 1615 149 2521 1252 1198 289 3362 4048 2681 570 297 950 349 4304 2526 2414 3313 4296 4643 848 637 4837 4397 1002 3091 4785 571 2050 587 1786 4160 4781 692 1047 2640 3656 2491 4798 
4882 4188 2160 1038 3937 3784 805 3608 4313 520 884 4459 3355 3329 2687 3427 2373 2854 2712 3010 2389 3046 402 4796 2021 4885 4270 3113 1106 501 2712 4573 1914 248 389 3806 4552 4436 3306 2832 91 3061 4640 975 3102 2010 759 1688 4648 2408 4533 2077 4181 1848 4417 2870 4482 1247 4449 2458 2888 2599 1037 2312 1424 2309 1880 2986 821 2561 347 841 496 822 3524 2943 2277 565 4493 2265 3246 998 2743 1347 1572 3193 2390 804 1356 925 2880 1902 912 786 3000 213 3226 4491 616 
3294 1509 3270 289 386 86 2516 1578 1877 12 2689 3959 1149 4773 3760 4457 731 4016 52 1737 669 3581 1658 3789 665 3153 100 4469 1446 886 3969 3998 3915 178 1375 3071 3765 4280 3871 4218 3655 1827 335 805 2019 85 2514 2833 2314 2775 148 1405 535 4621 3218 3313 4876 2144 1271 1364 3063 3448 1604 4126 3200 140 1170 1650 4806 3616 2052 845 2893 2006 2365 1427 2406 3782 3953 407 3417 3825 4698 1278 4218 1887 398 4573 115 4521 3045 582 4825 4496 3806 4189 4585 1422 3134 
4270 1679 3138 1501 2574 2649 1500 743 1566 686 1821 276 4259 678 3194 3072 3006 2851 4684 1708 4566 3573 2983 825 2764 4551 1424 1122 2000 4135 3664 1654 4047 1131 4009 1408 2788 1046 2552 1636 1531 4297 3263 4731 2793 254 2713 2988 2253 1781 4189 312 1883 4742 3379 1250 974 4505 1248 1946 4139 3811 435 3580 3689 4341 1041 3998 2624 3622 4550 3848 3045 4874 137 193 2559 4760 2502 3123 1778 4594 3442 81 755 426 4028 3683 208 4290 3133 3757 2128 1468 4183 3901 2234 3813 1062 
4456 3373 2607 1100 2982 2413 3623 2029 1658 2579 1421 4478 1253 1240 3261 4477 3671 1619 1582 751 2536 3834 4785 1744 4777 3735 1672 3802 1848 2615 1078 3296 1664 115 1525 2830 1721 4526 3609 3306 2373 4220 455 2386 3621 2920 3810 1564 1831 2711 2179 2939 614 1243 3494 1632 2161 1795 3244 1827 3521 853 1133 578 369 1074 1814 2615 1736 3774 3270 552 4478 2673 1179 2457 1221 3981 4222 185 3134 2887 3190 1839 4088 839 926 3432 1207 3060 2731 3856 1238 969 3203 1387 4781 4097 482 
830 1720 501 960 1437 1888 4170 3442 1190 1217 4638 2958 2931 1227 764 3502 3771 3988 545 3297 1096 1292 4375 3998 4293 3118 1725 2518 4108 3584 3764 3681 2424 1546 3969 717 508 3583 320 681 3562 780 2868 3800 1527 2118 4890 1855 865 3025 3638 1961 4846 2635 4377 4549 2717 177 4193 3133 1915 282 4614 2306 522 2750 2259 4549 307 4241 2469 3603 3257 1354 133 2330 4378 3675 1038 4907 1824 4439 1510 3064 1656 4482 1721 2672 1882 3259 940 2554 3588 668 1306 2722 453 441 1993 
1056 4315 180 3791 1391 3325 4546 3435 3022 1643 861 4020 2216 213 2064 1747 4518 252 4516 4327 903 2032 2785 746 2103 1642 1512 4097 4813 897 931 677 4268 1312 1634 1397 2538 3765 4337 4092 3265 133 1986 2938 1262 2774 1030 3545 3610 3844 4399 656 928 1348 3234 646 3803 488 83 1846 859 768 1396 4377 609 4876 2153 75 3400 134 127 1846 3116 635 2088 746 4876 165 482 3737 929 3681 1825 812 4596 2518 41 3291 3583 1725 4892 4651 137 2408 161 2511 4894 997 3127 
2549 2081 2974 1195 782 1565 959 1641 1145 4610 2621 2023 4058 616 3230 3415 462 1468 931 1827 1243 418 443 3555 4400 844 1319 3301 2674 4839 4718 333 968 3738 4576 2990 1590 3836 211 1979 1606 4719 3347 4688 25 2049 4377 4522 4791 1680 3499 4849 1686 1788 2364 491 251 2448 1609 3084 2985 4807 404 1111 3919 2615 860 3847 4836 508 4292 1957 2305 3281 1926 1139 449 2542 4664 4571 4673 1445 4601 2979 3370 961 3000 1936 845 4568 3274 1722 4854 2169 833 3560 964 4495 4680 
3326 769 1766 3222 729 1599 3927 4464 4485 4067 1273 633 4020 3071 3666 2451 3804 4174 4504 2339 2187 3227 2167 495 2058 2484 4102 4611 1467 1899 1387 1560 1773 4446 4269 3585 1753 2515 4311 450 2829 1901 4443 2216 2543 3463 583 1996 1854 99 2216 1157 471 2412 1583 767 4370 2989 1498 3819 251 3747 1330 4651 1114 3888 3348 3406 3321 873 493 4547 3237 445 2247 4232 3348 4392 1741 4337 2055 178 1993 3450 4333 2157 3479 1147 4412 3644 2910 2672 4739 3063 626 3113 1969 2554 1530 
2547 115 4023 2355 1602 3435 1970 986 3219 4008 139 4387 2268 305 3422 2205 500 4862 2475 1714 33 2465 4650 1114 3119 3264 4579 1394 4819 1990 4248 3586 4529 686 1818 1237 689 3932 761 2489 789 3222 2224 4286 1554 4475 1484 4515 258 2124 3059 3051 366 3823 3540 4606 1456 1991 1661 956 1896 325 4142 3000 4883 2061 2509 2502 2170 1759 175 4368 3306 3906 3329 2866 4219 2738 2147 3405 4052 2437 3042 3975 4252 902 593 1711 866 1663 2095 2039 1173 3310 634 3970 321 4771 1256 
523 285 150 1525 1499 3191 2801 1253 888 2869 1721 140 1442 4127 2160 1978 3049 3919 672 582 4331 690 80 1206 4613 1970 1981 3522 528 4035 4607 3781 3895 1668 4727 3990 3424 653 911 4477 3141 740 2182 3081 1261 2004 2113 2046 4686 3287 4317 1050 4705 1617 689 289 3839 4503 4716 4209 989 3421 303 2229 3075 979 1329 848 3979 2139 463 4675 4759 3562 408 4739 3673 3564 3617 1682 4550 1577 2815 1400 2006 2300 2818 1771 3960 4818 2498 1028 4620 2326 2435 1266 2942 1875 3654 
1436 1150 419 3095 4329 3266 2858 648 3628 2105 663 864 234 686 2628 3151 3422 751 2100 2917 705 4000 745 4003 1300 4043 818 4357 1294 2690 4895 4129 431 3449 4885 4364 1485 2048 4564 4263 3217 2752 2960 3907 3845 961 957 1847 3236 646 149 1938 1974 4303 3985 3320 105 3553 692 3354 2498 1434 1475 4411 2265 3217 4486 4189 225 342 72 102 3575 1869 2387 4081 3159 2351 3329 3820 4068 2353 549 4130 4433 4482 4414 2783 4392 4365 2387 3421 311 156 3487 3000 2654 158 478 
3806 2767 4061 2202 202 4035 3478 2528 4345 1248 833 2562 3268 840 4677 4081 2362 969 2607 4220 2743 4401 892 3135 4570 1710 4860 500 3691 760 1584 1203 3957 2790 3533 3995 3223 2185 4003 232 1846 3571 2511 1551 75 297 2987 1150 3877 4292 509 4253 2351 218 2733 1234 3159 3532 1566 1573 743 2772 4303 3398 4301 4485 1473 2435 3189 3880 2629 2748 1117 4258 1674 4220 2748 3151 3552 256 3361 441 512 1416 1579 156 4006 1550 3249 1423 1122 4765 4473 2218 2215 4121 4053 3627 2979 
3793 4376 186 3087 1986 3990 3008 4161 2801 3171 2156 4811 3779 1345 1527 3389 1967 4452 751 2885 2635 4681 4897 1937 2179 4381 699 45 4104 3840 4177 1846 797 3103 4345 1968 3903 744 3628 2971 629 1592 998 4364 4599 4227 1691 2645 1752 3920 2296 2782 4678 2184 4640 2951 917 2089 445 3795 2537 3893 1804 2415 27 171 1764 2752 314 1665 3983 4080 1875 3431 123 2286 3540 1023 2895 4525 1966 2244 1090 36 3978 404 4720 3120 1178 1421 3004 2624 2867 3455 2939 3441 1538 4705 4129 
1669 724 1246 1882 4499 2493 2610 3380 767 3534 136 2731 242 1631 3209 2519 2242 3339 759 2134 2126 67 4589 4245 947 234 1418 945 2785 4197 35 1849 4188 1696 2402 2180 946 1997 414 1396 84 112 3663 3059 3137 1106 667 1056 3695 4098 4221 1879 2319 1533 4722 399 2772 4418 3086 2520 3338 2462 3900 1019 3523 1528 2712 610 4643 1764 1075 268 685 2525 2511 272 3757 1922 2598 690 1260 4273 617 3839 2082 3036 4105 210 2145 324 3660 1422 560 3974 2471 2811 4468 1470 1486 
3140 3450 4558 3679 2486 1611 2182 2152 1277 4569 2932 2505 2279 1676 2829 3265 711 210 3034 4258 4029 4234 2783 2348 2414 652 4274 3208 3689 4360 3258 3160 2453 3608 584 197 3784 133 1121 593 1516 1983 2601 1020 1927 672 284 1524 1642 1533 4796 2121 3713 3531 4784 3006 2346 749 1950 731 1748 4658 2972 2313 4654 4117 3761 4148 1006 2419 2494 1875 3393 3915 2511 4254 390 2519 530 2776 3200 4148 1842 2186 3365 2479 426 1294 1847 4641 310 2726 4284 4161 826 4208 3300 1736 1025 
2080 1203 1128 2292 1401 1646 4464 2292 3752 3898 1598 4080 2134 769 2584 3806 434 2094 1930 4200 2467 3556 517 472 3173 2277 3235 2375 2462 3654 2112 856 4278 2559 3222 1881 1880 4227 3925 682 1788 1713 4402 2540 2366 1167 1991 4726 3811 2494 2617 2891 1183 1769 3632 588 894 13 4378 1353 2036 4072 2725 4629 3596 1033 210 2172 1104 517 613 2707 3579 3704 3755 3711 756 2184 4149 1557 1922 758 2965 1807 1741 2712 2204 1187 4634 1822 4201 2931 4255 3103 1567 3687 4120 3134 3313 
3912 544 4265 3526 3590 923 752 3260 4008 1682 2761 4510 4109 3652 2507 3015 3637 343 1945 2530 1944 161 43 1343 4106 2852 2921 2141 2148 2046 714 1453 4300 478 4647 2124 3285 1163 4775 3771 1312 1020 4572 262 2112 1510 657 4677 3228 2879 2183 1834 4578 1893 3411 701 4711 830 4183 87 1727 2090 894 3776 4631 1238 1854 1037 2630 3482 1785 895 4139 1177 151 4510 2103 904 3493 3413 3187 4740 2946 1533 2271 2852 2982 4191 46 4060 2110 433 2487 824 3305 83 4460 782 4705 
2094 735 908 4160 3305 2841 2842 1432 2897 1843 1633 288 735 1317 1252 1237 2136 4610 4237 2961 2735 4146 1397 3391 1770 4821 630 3065 906 1895 3295 86 2283 3386 3164 1254 3298 831 2871 917 4538 253 210 1628 3238 3763 4240 3238 4255 63 2130 3777 3769 762 4823 214 1253 2843 388 4772 393 18 4514 2007 2732 3277 1923 4316 2458 2925 3188 2670 1083 3678 3206 2579 3252 198 1015 2937 1057 2967 4823 1069 1178 3370 2613 4324 824 3527 2078 3429 4124 4719 2774 3894 4213 670 1006 
4453 4260 21 1318 636 507 3977 2622 965 4821 3925 2780 1175 1331 3755 2366 602 357 3712 1930 3903 4868 2946 3921 885 4257 4170 1484 699 3878 778 3690 399 2990 3994 1742 2285 3320 1935 1484 2182 1906 107 1173 1424 4780 3694 1050 106 393 4854 4042 75 4381 2957 4530 3914 4889 3413 3025 2440 3013 2569 1252 3023 3291 520 3974 4479 4506 2504 1466 727 1914 3019 4425 1886 3042 1861 302 1745 1979 1570 362 538 1576 4597 3399 3904 4549 1378 3874 4857 1320 3501 1929 1855 1738 1125 
1670 4865 1589 1466 1533 2163 1451 1831 1247 3516 1535 2936 220 1305 1846 1155 4021 4619 1409 2715 2607 1884 4417 3424 754 506 2224 579 2314 1439 3933 3357 2557 4696 3917 2721 2713 2195 2502 710 4343 4571 3325 1719 517 3107 3124 1359 4256 4257 4324 1415 4855 469 3058 808 2907 867 4705 2437 4064 111 3629 1185 587 3073 3977 2500 4293 1290 433 1350 2041 1290 4020 3180 705 1852 2425 3849 429 907 234 1341 2922 1931 2195 376 1493 885 1255 3447 2443 4302 2276 1519 3219 2212 3832 
4206 1239 900 2621 1426 4263 4487 2591 4526 1492 4882 2655 4395 2971 4070 2919 2872 4647 2596 3899 1578 3912 3527 1558 3150 587 4865 396 2765 1122 4140 3586 177 2443 930 4206 4076 1505 3479 3614 2997 2512 1776 2549 3878 1248 1653 2353 750 342 3164 4100 4112 759 1473 3501 2414 491 3630 4876 3991 2807 3712 867 3674 1192 3314 4273 4100 3448 4738 1140 4885 1278 3758 2130 929 1255 145 1550 4433 21 660 2034 2092 2590 4127 4599 817 125 1978 3194 628 1883 2455 1349 3695 768 2132 
3650 4795 400 3161 2991 1480 3152 1044 4494 486 833 2328 747 871 3259 1200 1108 3935 4427 2155 4858 154 1576 447 2566 995 4333 4037 1079 4315 2061 4338 3943 1707 4353 3571 2377 139 3158 4701 4117 3984 410 903 2397 1803 4577 4593 1187 4483 478 1846 1054 4269 808 4460 1717 4844 3124 1157 4349 1547 2224 2723 2883 1909 3069 4246 4641 2685 3300 1543 896 762 274 2750 2701 4090 49 4856 1916 2445 89 1901 1839 515 3153 1877 3078 2735 3034 2870 3579 636 4336 3997 711 408 3595 
1263 1327 4619 1718 3345 705 4800 3958 507 3952 261 37 1768 2356 4357 816 843 4874 1232 829 569 1711 1134 2609 4323 4532 265 3804 4199 2878 1873 3496 3875 4277 473 2665 4180 2480 4480 3264 4174 3617 92 3946 3837 1854 383 1924 755 4586 3159 673 3529 4853 4635 1842 1830 3751 2500 479 4528 4374 4389 2518 2111 2550 177 3206 2689 1227 1771 3704 450 4231 4405 709 3097 2132 126 4411 2443 1150 1965 4114 4793 3691 4310 1279 4260 1523 4354 2204 3908 4681 4037 776 4200 3862 2552 
752 1067 2062 3639 2165 1482 29 4596 4797 130 804 1072 2460 1823 893 3104 3053 1295 259 1579 2348 1561 1366 370 185 2568 4354 700 3061 1722 3759 4332 1803 381 1168 4885 105 1750 3992 2988 351 914 815 2356 606 2231 3229 4502 1486 1045 1258 3913 4017 3097 942 1141 4386 1952 2822 190 4780 4583 112 611 2533 2011 2278 1605 3270 4774 2622 102 4139 192 1510 155 2744 3466 3514 63 4038 3134 3306 2152 669 3722 3797 4046 1752 952 2319 2901 3616 3710 3933 1209 4886 513 87 
971 3034 2039 148 2764 2340 370 725 3904 2343 1844 2029 3997 832 3455 3910 2957 813 72 2921 4411 3850 3169 3234 3495 2617 3582 2423 4170 4507 2211 4087 2850 3072 2159 244 4027 1255 2240 3000 4737 3304 1291 4384 2884 2572 1665 3863 3681 2910 3181 4737 3005 2643 895 696 1597 4704 2077 1636 4779 4392 910 4828 2232 3147 2452 3685 3526 835 1824 4523 3957 2827 1156 3553 2055 3366 4456 1065 2769 1831 3327 415 46 989 4425 1969 3933 3507 946 1779 912 368 3839 198 2695 3730 947 
2322 4549 3746 3146 3796 3526 16 4841 2329 4596 3558 661 273 1578 1435 4700 2110 246 255 3989 989 3180 4831 2812 3127 4501 2090 18 3339 1690 2045 4719 3679 2545 1144 2831 3725 2679 797 274 2708 1383 4397 1279 4469 2528 3875 2495 2023 4370 3867 1510 3111 2144 338 4498 3370 330 1373 3341 2776 1548 4033 237 2882 4245 3793 424 235 672 4471 386 1391 1541 3926 2332 2565 3574 128 431 1292 2028 2480 4391 2092 4871 1261 1376 1081 4059 540 3800 2184 2123 3246 3355 4806 3915 889 
135 1516 744 1286 1528 1219 423 3895 2840 2417 3706 951 94 902 4886 4475 922 2392 4067 4738 2736 410 3864 2802 3219 2566 4446 164 2709 3357 32 3425 4018 4381 611 636 1910 4231 2722 3200 4425 1378 4768 460 1305 3625 2709 3976 614 3506 4061 577 4295 2304 1310 3860 3222 365 912 3142 2353 1164 3387 571 1458 1266 3782 1689 1659 1044 2698 2353 2336 2166 4711 4637 3714 2480 3920 4000 2260 212 878 3738 1114 1849 4444 4330 4225 1501 994 1170 1913 1111 2310 583 4001 3140 2701 
4427 4109 657 4840 4262 2206 566 1862 2257 4719 4728 3892 1627 2417 3655 2749 4748 1752 1544 2516 3795 748 2328 4275 1573 2471 3984 2618 4337 2992 4849 2316 2330 3611 2690 1647 1557 3727 3751 424 747 3510 3176 3459 3794 216 4848 2836 4637 4438 1290 726 986 2455 1223 4110 324 3864 2449 199 4586 1956 680 768 767 3974 232 1636 4318 255 824 2502 4462 1433 2620 4158 215 3396 3101 2186 2097 3875 4312 2290 79 2525 1588 2312 2589 3224 748 3804 1145 1187 1153 708 2326 3822 3529 
4673 449 4136 3201 1344 3995 3591 3410 4691 1232 1264 1375 4517 1471 4157 4704 1540 3526 1134 1396 560 392 4527 1332 283 2598 3175 2040 2240 3157 2787 1189 3031 562 4659 2896 321 1002 2056 932 3513 3380 2577 2859 2413 2362 3527 696 2737 1203 777 3540 2841 513 4878 2504 4326 4731 4547 3601 1991 352 4015 1014 3275 794 734 655 3722 4863 4415 1025 2649 287 1152 3877 3961 273 4848 4250 923 4892 2808 2924 4403 4599 1612 2199 1649 4491 3943 1653 3195 538 3208 3454 366 745 496 
994 3878 1156 4738 2320 2927 4589 1502 2714 1801 3165 2802 2876 3189 678 299 4173 1545 312 633 2982 1187 470 1313 4362 2518 308 3386 793 1996 3044 2532 3577 3810 4666 4772 4298 447 2485 1591 4769 2209 245 1715 1082 2167 581 1537 1364 2627 2693 1462 3575 327 4412 3334 1256 2595 2161 1470 2054 243 4338 2831 712 1901 916 2059 1885 3870 2599 1323 4435 1496 577 309 4237 4654 2304 839 3090 1107 3658 3123 1407 354 48 660 2070 1299 2283 599 328 3259 2205 2970 572 2295 1618 
3781 858 3927 2782 2447 2504 2843 4319 2173 3672 2653 4111 4486 4842 3697 1113 1445 1291 3532 1151 296 3309 1832 4046 4064 135 4469 3298 4805 2644 2021 3357 2625 188 2962 2226 4793 293 54 4583 2966 2192 4448 1331 3996 1821 954 4798 2297 821 1601 3023 387 139 4442 3325 672 1905 2011 3303 1511 3800 3841 1394 2879 101 1593 119 3731 4798 1732 323 3340 1625 3195 3684 4511 2971 2787 4153 1743 1499 4704 3802 547 4407 4264 4455 333 2381 4690 2435 4126 698 922 4699 3650 1564 1304 
408 3553 774 2786 648 3491 1389 642 4831 510 2139 1695 1113 1720 1490 2943 2493 3602 178 191 3100 2272 1155 4861 2547 731 3197 1934 3201 2909 2103 3356 3097 2688 2438 1263 951 3831 3190 2680 2154 1753 4363 927 27 2446 4289 2649 3131 3863 3402 60 4653 3664 3523 1536 575 156 11 3475 4876 2756 2636 4025 1670 4627 3497 1697 4382 1990 2234 1402 3057 1646 4377 4665 3693 952 4128 186 560 1121 305 2572 4661 4601 67 220 2799 3405 3981 2916 542 1216 840 871 1334 691 1902 
92 423 843 4179 2509 3093 730 649 4540 836 638 1999 1078 1744 1169 4609 36 4774 4475 1361 4163 1131 809 567 2680 3399 4857 436 220 4192 3009 1326 4425 3508 3053 4100 24 4514 1994 840 1663 3793 2451 3306 1159 4197 2850 3267 1930 517 4491 405 1947 4534 4704 478 1031 1578 3432 2103 1382 538 331 4071 2477 4654 1951 983 1238 1753 2523 3990 486 4135 2192 2038 3250 146 1028 1432 900 4590 1607 4878 390 3060 35 411 3707 123 4550 516 1689 575 3257 292 4385 2724 3036 
3648 3881 2422 1054 3525 3891 3006 3751 472 760 1512 583 51 3670 2792 3292 2022 4782 1712 3982 3830 2462 498 969 2209 2760 3667 2503 2551 3124 2617 2596 3587 3917 538 1872 1295 4598 3494 4158 696 1712 2415 2236 4073 4389 4270 4316 3151 340 1636 4314 3762 3839 914 2811 565 3284 3104 1880 3200 4808 4872 1861 2940 4562 4879 325 3234 2301 4223 4365 2264 94 1715 4289 2501 3297 4794 3962 1177 3492 2137 1867 1116 373 2784 2411 1023 2842 1900 3505 1581 1423 1412 2776 4485 2032 4861 
3862 1539 2428 3970 1654 1064 2337 2262 707 3549 2114 253 4863 2873 1684 3915 345 4634 1808 3709 4079 3424 2041 414 4032 3054 3579 1900 100 2856 1910 1334 402 2189 1428 2605 2865 4127 1114 1584 4903 2437 660 1382 3263 3549 2210 3730 2251 2662 3850 1474 1201 268 3878 4797 1919 4553 992 2529 4135 1494 2445 4317 1418 4673 2682 3264 4556 1546 4269 3396 1268 4308 4496 710 104 2165 3877 95 1138 4748 2239 4188 3551 704 1628 2358 1001 964 2583 131 970 1408 3566 2545 2960 2552 4236 
1040 3780 3329 1264 930 815 4266 4389 4431 3542 2956 4177 187 4484 1164 3143 2431 2137 1845 2262 1867 609 2528 4315 2616 2158 975 2435 2847 1790 4845 2465 2297 293 3975 4361 696 48 2945 1108 1807 3279 3593 2803 3488 3902 2051 489 1438 3871 500 2080 1570 1598 4469 2341 1429 2517 1856 4908 2149 2950 4735 1857 1118 4883 2174 2817 3362 4764 3700 2037 4393 31 4164 1478 1349 461 4295 3504 604 3758 1245 2781 2537 3809 1949 2487 4041 2856 1442 3938 4800 4049 3411 1521 1068 4829 2132 
1615 568 1170 1218 4318 3178 1908 2682 112 2282 1841 3725 1790 3615 2420 1205 4245 3633 4751 1346 1553 3959 4517 1224 3290 1926 385 819 2530 3890 4081 1421 2614 2353 1729 769 3719 469 2433 1613 3988 4569 1112 3629 226 401 335 568 3452 2612 4413 3358 4148 961 261 1684 3288 1004 1076 2354 1772 4321 964 4558 1624 2117 4036 4362 4726 3783 3875 935 2765 4407 837 4909 1186 4215 3108 4527 4419 3341 1495 2031 1538 2960 657 3318 2486 2766 2335 2268 1744 836 1410 3499 1410 1605 4813 
3043 2457 1373 2613 2221 4612 372 4098 2350 2690 1745 3463 1938 4863 4643 667 4612 730 4587 2915 3976 559 3826 1151 2601 1958 2713 4015 3471 1414 2811 427 4706 108 2678 223 4144 2968 4004 1849 1714 2676 2436 3664 4008 3691 170 1458 3631 874 1306 130 2335 2429 533 413 3946 1378 4030 1020 1019 3410 1117 3341 4339 3116 1594 1089 4108 3321 2627 696 3770 4499 850 4855 913 4813 3995 3058 4099 294 4748 1560 2594 4004 3843 544 2332 2081 2979 114 2482 3680 4146 985 4487 4754 4678 
1443 1108 2219 1786 2896 4235 4054 3944 2528 2933 2582 3939 559 2943 4740 473 226 788 3652 1530 2170 2032 4341 2808 3370 4494 1113 2848 4050 2644 2346 1766 4123 4709 1798 309 2291 4748 2624 778 2823 4412 2755 4309 2007 3952 2571 57 532 1736 194 4904 209 202 2942 4194 2096 209 1632 2610 2910 4369 11 1526 265 1152 1045 904 1054 569 1352 2041 839 2850 586 1276 2592 4565 4855 1304 3020 2912 1926 3669 3684 2136 4312 3730 2317 1453 4247 1685 3673 3326 2825 4531 1212 3988 2976 
2365 3170 3800 1840 2409 4280 4517 4234 3568 4156 3466 3404 3579 144 4034 2563 397 2868 3455 785 3445 2485 3297 3031 253 1746 1754 2420 2057 3051 3035 3446 2817 4239 4131 3074 2926 4426 1886 609 488 1623 4517 3521 4775 2667 3187 2506 2131 1348 2914 4883 1946 1806 3758 119 905 736 2753 2995 606 1376 2757 779 4179 2106 4317 4470 306 2222 1301 828 4665 62 2312 4087 4394 3586 3968 1944 3413 311 1739 1534 1490 4895 226 335 548 3173 3802 4461 3560 2378 3072 1729 3153 3809 2969 
346 1966 1301 2861 3612 2921 3573 3253 3360 2962 2086 4250 67 4835 3664 4184 4398 1567 3161 1814 2145 3144 2449 1303 1507 3848 853 987 4161 3040 4358 3083 123 3080 2224 1135 3991 1468 488 3755 1107 2664 4210 884 414 3416 4775 4620 736 3528 1509 3734 4532 4261 500 1243 3492 2351 3540 3248 558 2277 1041 2180 747 4059 2848 1802 3250 3729 3715 3976 1958 4304 259 511 2745 3804 3835 341 392 1722 2176 2094 398 1363 2192 1688 1660 3020 4685 1029 2352 3806 4050 3285 4437 4757 4826 
4 10 34
48 63 4
7 44 18
12 26 16
9 54 3
52 3 5
5 23 9
15 86 17
54 36 10
50 52 28
56 34 8
2 49 28
14 24 1
47 20 19
5 27 26
45 44 8
11 7 34
13 47 10
21 84 9
42 2 8
36 94 2
31 59 8
5 86 9
25 64 15
26 49 3
23 1 4
41 76 13
11 27 34
57 71 11
3 16 33
25 26 34
38 21 27
26 25 31
24 67 16
51 13 25
35 27 33
12 87 36
56 50 23
24 6 6
16 92 29
36 8 36
24 69 30
9 38 38
3 22 10
16 6 36
37 92 29
26 42 25
54 33 30
57 13 35
26 60 40
11 89 5
24 94 8
45 11 12
32 12 2
40 89 18
41 16 32
8 31 37
5 20 34
22 97 20
40 54 23
16 42 27
24 30 27
54 96 19
45 9 40
5 25 7
38 96 16
29 94 14
29 49 31
44 77 9
55 4 17
23 59 14
33 67 22
25 27 14
4 86 5
34 53 16
10 82 23
54 62 20
26 42 13
54 24 26
32 22 38
5 42 21
11 83 9
16 20 11
16 91 26
17 58 11
25 60 3
48 6 21
22 13 2
19 34 13
48 53 30
16 26 26
45 55 19
19 48 14
5 12 22
47 36 17
34 14 35
21 49 9
37 49 7
38 94 34
34 86 17
39 27 21
24 87 21
18 51 27
38 24 9
14 16 37
54 26 22
55 74 14
9 17 36
42 47 28
57 49 20
6 72 5
11 28 24
52 19 21
57 37 9
29 68 13
17 53 3
5 27 37
56 70 33
31 65 38
36 65 34
52 31 37
57 33 22
17 31 27
22 93 34
53 14 33
44 38 40
24 56 26
40 33 19
52 63 18
35 77 19
24 76 2
44 30 23
13 76 2
24 40 30
51 54 20
31 37 40
51 51 29
54 64 24
51 97 12
43 32 34
12 71 1
34 12 31
4 12 4
6 58 10
3 2 22
24 83 15
15 84 40
44 60 34
34 79 30
49 52 38
14 97 35
23 3 25
24 57 34
48 97 12
27 11 1
33 5 8
34 51 11
26 14 40
46 11 25
34 25 1
48 71 6
25 6 16
44 22 22
11 38 2
31 71 32
55 21 37
28 92 18
11 86 22
57 70 21
55 84 9
43 42 26
38 76 27
42 48 40
22 90 33
10 86 21
32 79 15
22 71 9
7 12 15
36 74 17
5 57 14
50 80 22
33 56 32
36 18 30
35 71 23
26 76 3
30 14 10
32 69 21
54 56 38
5 61 15
15 78 8
57 60 16
37 37 14
28 53 1
21 48 4
29 92 20
37 50 12
25 29 32
36 70 6
35 4 31
18 31 12
44 81 17
29 34 11
47 4 38
35 72 31
37 49 25
40 2 20
38 32 31
18 16 29
9 26 10
13 12 28
46 37 34
31 13 9
2 30 10
45 80 15
41 47 8
29 80 29
11 55 40
17 75 6
42 44 15
27 60 26
6 58 29
27 64 29
16 92 27
14 76 1
12 28 38
5 83 3
12 38 37
3 13 21
25 43 24
28 79 12
37 15 28
16 84 21
14 12 8
24 8 24
40 36 23
46 70 15
28 87 12
51 96 9
45 17 18
25 76 39
31 3 38
53 13 13
48 18 23
36 8 37
45 26 38
42 9 13
12 78 40
8 45 19
5 71 5
52 85 35
35 31 14
27 80 10
13 12 40
54 46 5
52 41 4
9 96 23
25 41 2
46 29 12
32 4 16
17 24 26
55 23 40
12 87 29
43 66 6
20 58 9
38 72 26
57 69 2
48 50 20
29 37 27
40 34 31
12 25 16
2 50 12
21 11 27
22 33 36
24 19 30
30 2 3
24 55 20
25 67 17
8 64 19
4 35 18
21 71 13
6 50 6
17 11 5
28 60 9
50 88 34
10 21 33
36 41 20
1 44 5
15 8 4
8 80 7
53 41 39
56 81 28
20 24 35
55 32 3
30 8 13
9 45 28
11 85 25
10 65 8
17 93 37
28 42 24
51 64 34
20 44 21
1 57 19
40 97 23
9 69 15
9 22 40
53 80 4
31 13 16
20 46 28
55 61 24
7 12 15
22 76 39
48 67 32
47 17 8
27 86 20
48 81 27
39 33 19
8 16 29
25 30 40
40 29 27
25 7 37
19 15 14
37 64 16
21 89 35
31 86 12
33 79 18
45 68 32
33 40 32
34 4 24
42 85 35
36 20 28
44 45 30
15 6 29
13 26 12
17 85 31
35 25 19
1 21 38
9 38 26
9 95 30
1 51 39
3 3 9
24 68 24
31 44 9
25 23 37
25 67 28
6 77 19
45 57 33
4 80 2
46 31 7
35 74 5
18 88 22
32 10 18
40 55 28
2 48 25
1 76 37
11 55 25
8 59 36
9 21 28
56 2 5
54 36 10
22 35 25
17 81 15
24 44 35
8 8 26
22 27 21
11 18 38
17 24 38
13 55 39
8 63 15
6 50 6
47 24 38
6 54 16
35 73 14
33 66 29
27 44 37
4 2 26
46 92 17
49 35 36
14 9 24
28 20 32
1 1 18
14 77 39
34 70 27
12 26 8
39 58 26
17 24 13
10 77 18
45 42 29
10 4 26
35 77 8
42 21 10
23 24 32
41 18 35
14 14 24
14 41 7
50 89 22
6 5 27
46 5 17
31 26 21
48 77 33
41 82 21
43 71 22
34 27 35
55 74 25
1 57 25
47 44 36
1 24 24
13 21 34
12 32 37
3 9 6
18 54 34
38 93 31
12 94 35
7 73 17
31 80 32
17 90 17
10 72 4
33 22 6
48 92 38
53 92 38
28 78 40
48 10 3
47 61 11
27 32 8
33 40 18
56 48 8
8 91 38
5 7 17
14 21 11
57 49 7
3 56 27
12 55 29
13 24 15
54 38 21
9 51 31
54 93 18
48 30 1
16 14 11
16 25 2
52 74 5
41 43 16
5 95 3
42 39 5
43 38 6
52 89 36
9 80 23
15 8 28
33 78 11
12 53 8
23 6 1
1 11 12
37 11 1
5 49 21
32 71 19
47 23 23
32 94 16
21 17 2
55 89 21
8 60 32
44 55 12
42 8 18
20 55 27
42 61 16
12 69 1
54 85 12
45 8 23
36 17 18
1 51 4
8 21 9
13 58 4
40 22 33
9 60 33
24 89 29
13 63 5
45 59 35
21 22 10
6 64 39
47 7 36
39 54 5
21 25 25
3 10 4
9 82 29
3 33 19
16 38 39
41 8 34
14 37 2
50 39 12
40 38 35
4 76 30
46 13 31
5 65 24
9 18 37
2 1 4
14 49 7
9 74 29
57 90 12
45 60 37
14 84 23
6 33 4
25 6 11
43 96 5
39 91 34
30 58 7
22 30 3
9 1 30
30 37 3
37 21 35
34 4 35
4 31 1
5 96 22
56 17 30
11 53 21
43 92 40
11 97 4
45 67 34
44 92 24
34 24 34
26 13 29
1 81 9
24 84 22
18 83 7
39 31 16
39 14 20
23 46 19
39 27 40
31 91 35
28 46 12
11 69 18
17 67 31
40 77 17
34 53 6
43 17 5
36 82 27
21 57 26
34 15 25
7 65 9
15 35 6
43 46 7
7 9 2
6 88 28
49 79 35
38 15 2
6 64 17
38 43 34
41 17 35
16 39 16
10 30 28
14 10 15
36 34 3
19 97 25
24 81 27
5 1 20
53 80 29
5 3 30
47 22 20
24 94 35
14 12 34
21 15 6
41 96 11
26 52 40
57 39 24
7 65 3
6 39 21
52 55 36
36 97 38
46 35 30
21 81 15
37 76 11
43 10 9
45 76 15
31 89 23
48 25 6
33 57 12
23 22 10
40 66 25
37 97 4
37 77 4
6 76 30
50 73 10
50 4 16
33 35 17
21 70 19
9 74 32
16 44 16
40 58 8
37 39 40
5 91 39
2 79 39
25 14 38
13 73 5
3 4 12
13 27 21
49 14 30
11 4 26
57 53 8
42 40 18
21 23 15
38 87 25
13 86 15
16 27 32
35 14 12
6 55 35
57 50 4
33 7 9
20 51 2
57 20 21
2 30 1
41 58 26
42 39 23
10 31 8
21 56 25
46 76 31
41 14 2
22 73 36
1 78 4
31 66 30
13 47 29
21 54 11
35 96 29
18 42 11
26 83 34
16 47 21
43 91 37
46 90 21
5 65 28
44 47 2
38 87 32
34 84 8
27 89 17
30 33 35
53 16 16
31 77 39
25 72 39
33 51 35
38 28 11
5 25 34
10 21 9
56 84 9
29 63 25
43 26 4
2 1 37
54 57 26
7 13 10
34 35 2
38 3 24
49 62 15
39 91 8
21 15 31
17 39 28
2 34 5
6 93 39
12 59 29
39 52 15
56 31 28
56 81 3
37 44 13
15 52 5
41 7 22
16 4 28
21 94 13
3 3 10
37 21 29
25 79 17
53 68 39
15 31 1
32 15 23
34 6 23
14 28 10
15 41 35
52 47 12
7 76 31
47 24 33
8 19 2
8 60 10
5 67 16
43 33 6
23 55 24
23 44 3
9 15 32
21 68 7
12 26 7
50 29 2
9 62 38
27 72 32
29 33 32
47 83 40
1 27 37
45 4 16
27 88 36
45 15 32
1 96 4
35 69 8
16 64 35
8 62 26
52 4 7
34 15 19
37 48 10
8 26 24
32 2 14
38 13 33
28 74 38
46 81 12
20 92 30
24 75 1
6 44 39
22 34 39
29 72 7
28 45 12
34 52 4
28 65 8
20 91 38
47 8 22
38 74 20
26 74 22
45 68 18
40 38 40
30 61 18
29 83 7
47 3 38
42 48 36
1 53 23
54 36 5
23 9 28
55 34 1
28 62 16
23 66 9
1 31 7
31 27 20
6 44 28
39 83 13
16 4 3
19 36 39
12 71 11
47 40 19
14 90 13
47 13 31
33 82 28
4 18 22
47 53 19
46 64 16
12 27 27
33 16 18
2 4 25
17 88 27
33 18 2
54 37 8
15 56 30
45 97 11
49 52 13
12 15 16
35 8 12
26 89 16
3 3 40
44 88 34
51 25 8
51 1 29
13 41 26
40 7 7
24 64 29
53 64 21
33 43 6
39 17 34
47 15 36
38 57 20
13 82 3
17 87 16
42 73 34
43 94 15
16 82 25
24 90 16
55 2 17
50 20 20
16 17 22
15 46 30
54 41 14
39 69 11
24 68 18
22 77 2
8 59 34
28 95 1
44 84 7
9 69 8
53 95 10
35 62 35
42 27 9
14 95 4
42 41 20
35 51 9
45 28 36
6 9 36
31 26 16
39 14 30
23 60 34
43 95 35
19 35 19
42 4 36
2 18 19
48 86 15
14 58 12
14 84 2
34 50 39
53 89 5
47 75 35
27 23 26
2 45 3
47 40 12
12 48 14
21 33 39
37 71 31
31 55 12
33 43 31
20 89 5
36 13 30
30 1 31
44 34 7
12 39 3
23 27 26
41 58 33
10 20 31
13 48 30
49 66 39
34 71 39
36 40 24
17 73 31
19 13 15
54 19 4
49 56 36
46 56 11
22 6 15
51 85 25
27 96 35
50 8 35
29 77 27
48 34 40
1 44 17
53 42 40
8 24 15
3 74 32
1 62 29
44 58 19
25 68 8
37 41 9
50 60 12
44 16 15
57 93 8
22 58 24
5 66 18
14 77 34
13 12 17
8 57 36
39 87 37
15 65 23
31 90 21
27 13 3
55 46 19
56 95 13
54 36 39
17 65 26
38 95 5
3 70 9
56 2 25
19 45 15
32 17 22
7 65 33
46 20 12
9 97 34
47 29 14
3 95 37
19 77 10
9 40 38
23 84 36
55 2 3
36 86 34
41 58 13
18 52 36
23 54 38
57 57 36
9 1 9
30 40 36
47 88 6
54 22 4
31 84 25
38 65 19
12 45 37
23 12 22
56 20 3
27 37 1
56 25 14
11 56 35
34 25 38
31 45 16
30 11 2
30 1 15
28 84 9
21 82 5
2 75 9
23 67 12
37 1 8
30 96 2
33 74 29
12 4 17
8 55 7
33 85 23
43 11 10
2 67 33
50 63 28
10 53 32
47 44 18
54 80 15
9 78 13
18 19 14
22 28 35
50 80 19
43 84 20
20 96 16
34 83 5
5 24 13
11 57 20
23 15 20
9 68 17
18 64 7
28 16 28
32 41 4
29 16 13
53 90 27
18 57 40
4 97 15
5 12 14
6 71 26
14 10 20
43 70 25
36 84 16
19 39 37
12 30 27
8 25 20
44 60 29
46 2 24
3 31 26
1 33 22
19 2 35
16 5 26
19 92 40
29 45 16
17 9 6
15 74 33
26 40 6
47 33 14
6 44 1
50 63 12
11 75 2
25 78 3
47 10 9
49 21 25
41 45 5
55 75 30
49 91 24
52 23 13
49 43 20
55 18 18
26 89 14
27 71 21
35 88 33
23 52 30
31 24 24
28 76 29
37 40 24
48 92 36
3 17 25
14 1 23
55 73 32
17 59 21
7 73 40
35 58 25
29 39 15
27 20 18
32 54 37
43 40 11
18 60 22
24 20 10
3 79 29
41 60 21
24 54 19
50 40 25
51 17 16
6 86 37
40 96 25
21 19 14
53 27 14
36 3 39
54 74 34
37 83 28
16 80 16
56 64 14
5 59 28
26 84 28
56 69 2
18 84 32
41 34 27
27 3 36
40 19 38
43 91 36
10 91 39
9 89 36
36 21 1
11 33 34
30 96 14
33 1 8
53 59 26
14 2 16
31 20 20
22 21 36
57 4 16
21 33 6
19 65 31
13 49 39
10 3 27
35 84 10
16 34 18
9 66 35
24 25 7
46 19 25
10 86 32
14 8 18
24 30 40
23 86 4
39 82 3
19 41 31
12 11 40
4 61 7
1 56 31
54 62 14
49 92 8
1 38 24
35 42 32
24 84 36
10 11 18
28 53 23
55 47 31
6 39 40
4 85 14
50 13 5
35 97 11
39 62 39
45 60 24
51 4 7
15 68 23
55 66 8
53 92 6
6 75 32
49 23 28
12 27 1
42 73 18
51 85 2
2 82 21
3 43 14
17 16 30
33 32 31
30 79 34
21 20 35
36 82 2
42 13 17
54 12 3
44 26 29
53 91 17
32 74 35
10 25 12
55 45 2
48 50 5
7 91 35
53 93 25
33 31 33
12 77 35
19 37 40
11 67 29
11 6 12
35 48 20
16 39 26
35 26 26
28 42 11
47 32 34
32 66 37
35 5 30
46 9 15
23 42 34
36 22 32
26 40 19
21 21 28
7 33 5
12 80 9
26 64 14
29 85 16
38 48 8
20 56 12
28 28 9
36 19 19
3 52 15
23 87 28
39 11 30
15 72 39
32 42 24
50 6 11
3 36 25
5 97 11
50 8 17
23 46 17
26 77 15
54 35 13
34 40 31
27 17 33
11 40 35
31 25 40
52 94 25
31 41 7
3 66 26
44 58 24
51 80 20
46 35 10
25 22 26
31 78 9
13 97 28
5 74 3
48 14 9
20 31 9
43 83 7
30 52 29
11 76 34
20 23 20
47 82 39
5 97 25
5 82 36
9 67 10
31 53 32
15 88 15
54 46 3
5 89 37
50 39 9
42 42 14
30 95 39
49 85 31
19 49 12
28 14 31
51 29 14
32 4 3
2 52 6
48 17 35
48 56 38
55 8 37
31 73 3
13 52 1
3 36 36
21 39 40
42 76 18
27 91 6
40 45 17
18 45 6
38 11 36
17 50 37
30 91 15
57 73 36
13 75 1
48 88 38
45 10 16
51 39 22
50 21 33
55 65 38
39 81 37
18 17 35
38 29 27
50 11 12
10 53 5
33 89 27
54 12 20
52 25 10
33 8 29
33 65 20
23 29 12
16 23 35
49 9 30
52 47 4
50 95 15
57 69 23
34 3 32
34 85 23
30 41 18
46 66 34
5 42 29
15 37 22
7 29 16
14 71 34
14 28 36
17 83 40
51 44 5
6 41 39
23 30 14
29 37 5
21 80 4
50 89 3
38 24 1
4 2 22
45 33 23
35 91 12
52 15 14
29 38 24
11 90 29
33 96 25
11 10 37
9 82 9
26 16 29
49 12 12
24 2 37
43 34 12
4 9 2
2 14 1
6 48 17
50 2 22
17 45 32
32 25 40
41 79 9
5 58 2
32 3 28
40 14 37
19 31 20
14 86 24
33 83 36
16 9 23
36 82 12
19 29 16
42 22 30
9 89 29
39 30 29
31 57 32
41 59 21
25 86 19
3 84 10
19 79 4
53 20 33
28 7 11
8 27 35
41 24 40
52 83 25
5 85 1
52 41 28
26 15 17
38 66 22
46 46 13
55 36 23
39 86 5
4 40 27
26 44 36
43 3 4
45 65 32
11 42 11
22 67 34
48 55 33
3 16 18
47 59 18
35 8 4
27 46 14
44 76 38
51 55 4
32 19 17
17 26 26
38 3 10
52 33 34
23 75 23
23 37 39
27 48 19
46 46 9
4 35 4
1 77 29
4 81 23
8 42 37
31 58 37
30 70 19
9 72 29
38 66 13
19 83 25
56 7 10
48 49 8
43 94 30
49 45 19
54 94 36
43 96 29
18 35 20
14 89 37
17 81 26
17 95 3
55 14 2
29 38 19
34 10 26
23 60 22
39 26 25
12 40 13
17 12 35
55 75 32
57 83 22
3 72 36
45 56 38
4 94 29
11 31 39
31 94 14
23 96 11
7 49 38
43 7 20
46 27 28
20 96 30
52 17 18
38 9 18
28 47 32
28 53 14
54 80 16
7 61 35
24 5 39
2 14 29
8 90 8
52 86 18
28 63 16
8 76 3
14 77 28
21 8 4
55 27 16
3 62 36
14 11 31
36 32 4
20 43 14
38 97 3
49 3 19
22 72 21
50 94 19
14 21 34
1 72 30
22 45 8
38 69 26
57 53 16
55 92 7
26 94 33
27 85 32
34 53 17
35 65 1
26 77 7
27 25 21
48 21 22
17 80 25
50 42 37
57 82 22
18 9 34
39 10 32
25 95 39
51 9 4
28 67 25
35 74 23
47 78 13
17 92 4
8 23 16
20 71 18
12 83 34
30 72 31
33 69 8
1 65 20
57 28 7
40 71 18
2 96 33
23 18 35
55 9 32
38 73 14
7 83 7
6 68 3
6 66 31
33 57 26
14 74 17
9 88 10
41 75 1
31 77 4
4 25 21
53 94 32
12 7 37
49 5 17
28 94 25
39 93 19
49 45 2
25 8 19
11 51 34
21 43 18
21 37 10
8 48 2
38 71 3
31 2 28
3 76 16
1 88 37
40 62 11
12 18 25
21 15 1
30 58 27
17 75 36
4 76 21
35 47 16
24 48 1
13 72 32
1 55 20
6 51 27
9 42 2
42 10 15
49 55 35
1 45 2
5 62 3
54 4 13
56 87 26
15 17 22
1 24 6
45 45 20
16 62 38
56 23 7
2 61 28
5 18 39
52 75 14
9 59 35
37 10 4
17 34 2
33 68 5
40 93 14
20 49 6
50 80 15
5 6 27
45 30 38
34 94 28
43 9 33
28 57 10
55 78 16
52 71 12
49 32 3
51 19 25
54 39 26
6 10 39
7 50 29
10 3 15
4 42 8
45 68 29
2 84 9
16 29 2
12 81 23
57 56 40
20 90 18
47 97 5
2 75 12
38 66 6
25 6 1
28 31 22
41 42 26
55 42 33
12 59 4
19 7 5
25 37 20
17 23 5
48 30 3
33 26 15
2 20 8
36 78 33
33 91 36
52 85 37
44 19 20
55 9 37
44 24 40
39 93 27
4 70 10
14 91 19
14 89 36
34 43 1
13 22 6
15 1 38
17 89 17
8 12 14
15 45 37
37 7 38
45 72 19
43 97 8
27 70 32
38 17 40
48 82 38
46 76 34
26 54 24
56 35 3
5 55 30
24 67 23
24 70 6
53 20 11
21 73 35
11 8 18
55 20 5
25 59 24
45 73 12
39 16 9
24 12 15
6 62 2
20 95 26
20 3 27
57 65 9
44 31 37
23 8 39
46 93 4
16 59 10
39 63 17
36 52 18
28 95 6
13 78 31
20 27 20
4 91 20
31 22 22
57 97 33
19 30 11
7 50 9
55 65 4
17 29 37
16 87 32
15 22 11
1 19 34
57 12 30
3 53 22
32 28 4
48 10 35
37 25 33
36 70 15
35 63 19
54 32 15
30 94 21
45 80 32
11 58 12
22 74 27
34 70 22
43 17 16
3 66 13
9 25 20
22 81 32
49 3 35
57 64 19
11 80 11
57 23 36
27 19 4
38 11 18
51 75 8
53 89 32
39 6 35
36 67 20
33 32 37
42 67 23
23 34 9
6 22 9
47 49 33
26 18 31
46 25 18
25 56 37
43 59 20
34 80 5
37 76 11
16 95 37
20 15 3
57 80 20
51 59 2
3 61 30
37 30 7
42 32 35
57 80 22
50 58 32
21 31 21
18 41 17
27 26 33
26 53 40
36 83 33
36 37 13
54 30 21
47 53 24
15 24 14
41 62 9
34 95 6
46 11 28
11 16 30
57 87 10
14 80 2
41 81 40
27 15 17
42 26 31
32 30 7
46 22 30
36 3 36
20 10 1
10 48 10
1 4 4
21 93 31
3 62 11
21 87 19
53 23 2
17 44 24
6 96 40
13 3 15
8 48 35
19 42 34
2 92 37
34 1 13
43 74 35
29 68 30
18 79 10
13 1 33
13 55 6
36 16 11
45 91 32
4 22 21
48 45 7
52 12 2
28 73 23
50 79 7
49 10 31
1 96 8
40 95 30
1 94 8
13 32 25
14 79 14
13 35 39
29 61 24
11 11 26
28 57 5
46 48 40
9 14 38
30 61 13
4 72 13
20 39 32
20 31 20
10 62 7
27 44 36
21 26 9
27 28 7
54 41 16
1 84 22
55 20 7
27 24 8
49 21 4
27 49 19
33 14 22
46 80 15
45 38 12
17 41 36
35 70 25
26 23 16
7 28 26
45 2 12
24 97 33
38 39 38
27 35 8
1 39 7
17 70 33
28 22 20
51 69 37
53 58 27
51 23 34
25 34 39
47 69 33
52 78 30
17 1 8
5 48 30
8 1 17
1 31 12
2 85 23
24 82 9
21 60 32
4 33 4
41 57 12
52 33 12
6 10 12
55 50 34
50 29 23
4 22 10
46 78 6
32 54 24
35 90 21
28 53 24
19 59 6
20 55 24
48 7 2
17 48 36
2 25 29
2 57 17
46 97 30
25 17 2
37 6 27
27 68 38
21 26 8
3 11 21
57 3 18
36 3 29
39 72 21
46 52 26
12 52 11
43 81 30
53 55 3
14 52 3
48 20 36
55 56 38
54 87 3
32 15 33
6 51 35
29 80 20
21 68 27
40 6 15
38 39 21
51 47 36
51 56 19
16 20 3
13 14 27
53 64 3
35 24 18
1 96 27
52 73 13
13 2 20
31 94 22
29 88 8
20 88 39
34 49 23
56 65 4
12 9 6
33 89 9
55 35 2
53 96 5
39 56 23
39 72 28
53 64 1
30 30 14
34 4 32
7 71 4
11 61 29
22 77 9
6 41 8
20 88 27
27 71 18
24 55 22
28 19 7
25 48 8
8 15 40
24 53 38
36 36 40
22 5 24
50 63 23
16 45 22
17 76 25
46 1 27
52 2 18
42 68 4
12 39 15
32 47 18
46 41 30
30 51 35
22 64 7
44 85 12
49 41 23
14 80 7
55 26 34
40 50 20
27 58 9
41 42 25
48 85 7
37 65 19
29 57 34
27 70 33
2 43 28
31 37 10
12 79 34
13 93 36
39 93 12
38 96 16
41 23 11
27 26 3
53 80 19
23 96 16
30 15 27
34 27 33
19 54 23
19 44 27
24 60 2
57 30 10
8 44 38
54 76 34
18 88 3
34 48 5
33 77 16
11 29 37
57 87 5
55 53 31
37 30 10
52 21 3
20 7 14
45 97 35
57 58 3
21 90 13
17 26 18
7 18 27
8 85 25
43 64 36
13 73 7
56 9 7
50 74 34
29 69 24
42 7 36
34 80 19
13 13 16
17 80 36
11 13 30
9 90 24
46 58 30
37 86 25
2 84 24
40 84 28
8 15 12
1 6 25
48 84 16
28 64 31
40 23 31
39 33 1
29 11 39
8 38 9
15 27 28
35 94 18
19 92 6
37 44 14
1 23 38
7 51 29
7 7 25
29 34 38
3 90 33
40 21 1
41 37 38
35 68 10
56 78 27
16 90 20
25 90 39
47 32 2
48 16 37
9 56 6
30 31 23
18 52 9
33 85 5
17 78 18
17 33 21
25 52 13
25 61 31
7 57 39
43 39 5
21 57 26
19 88 20
28 8 25
6 89 20
23 50 25
2 67 9
55 23 24
49 48 2
21 50 11
17 5 32
52 58 25
34 22 30
17 76 5
17 66 24
25 62 26
19 5 25
25 77 20
40 12 7
13 15 8
43 48 23
8 54 11
55 64 1
8 60 6
3 83 34
15 69 15
56 41 31
14 4 14
25 1 26
47 8 28
19 9 10
41 64 40
25 73 28
43 69 2
33 53 15
36 95 34
14 74 40
3 23 28
11 29 7
34 63 37
12 65 18
49 34 36
24 49 12
42 62 35
24 16 14
4 54 2
19 72 21
8 25 15
7 18 22
17 57 5
52 85 3
32 18 35
19 59 22
13 75 29
43 26 13
31 10 5
54 16 5
24 27 24
8 88 29
13 57 20
56 19 15
27 46 34
50 2 28
44 85 12
53 46 11
10 85 26
22 60 9
31 46 40
42 8 37
22 55 38
33 67 28
22 6 1
57 64 15
53 92 26
11 41 3
27 88 33
44 20 35
51 53 16
5 12 37
16 4 16
45 9 16
51 74 24
37 87 34
39 36 12
31 20 39
22 85 23
28 67 6
18 66 35
9 9 1
3 27 13
34 47 37
19 69 9
50 91 13
24 83 9
53 70 4
31 59 21
43 89 29
5 18 30
49 47 34
56 93 37
24 89 5
14 86 34
30 2 17
28 86 32
45 57 6
31 73 27
49 53 16
8 25 32
49 47 1
17 94 11
26 33 11
53 69 35
11 7 31
16 86 26
4 41 37
41 15 3
1 59 16
46 73 31
2 10 36
39 39 18
35 32 24
10 30 34
9 84 18
47 27 9
33 49 4
28 69 2
29 2 23
33 75 18
1 89 33
8 7 25
1 77 1
9 88 28
17 70 24
57 97 21
52 17 17
38 63 26
4 56 18
15 59 21
36 16 2
14 97 11
44 12 5
22 17 5
23 77 37
22 15 21
6 74 4
43 10 2
45 17 16
17 87 27
9 93 38
54 89 2
37 87 25
4 95 40
50 97 2
36 97 31
9 67 39
11 39 8
31 21 17
9 29 31
14 31 34
52 84 9
50 74 34
29 66 11
44 15 30
6 27 16
42 51 10
27 32 20
32 1 17
46 80 4
20 1 29
4 84 8
26 16 14
35 22 35
30 59 34
16 72 35
56 41 13
4 97 18
9 61 23
48 15 7
30 59 4
31 82 3
8 97 39
22 33 22
47 52 36
13 15 1
48 57 22
27 74 21
38 11 26
31 23 25
56 43 15
34 32 35
13 77 31
33 15 27
2 36 4
37 37 11
2 1 35
19 21 13
55 26 8
22 42 34
43 90 13
40 85 17
42 97 19
16 77 13
1 16 27
15 21 36
27 52 4
42 72 10
46 52 2
31 54 9
6 86 28
37 53 14
46 44 24
20 48 18
2 2 24
38 56 14
39 79 32
46 45 28
51 6 20
36 84 12
13 61 36
6 14 32
41 93 2
52 84 33
2 89 15
20 25 9
38 72 4
13 65 36
15 79 35
42 92 11
55 38 40
54 70 21
14 69 32
8 60 35
26 22 12
49 21 27
54 5 36
34 20 2
46 48 13
6 30 22
42 93 21
55 91 11
19 53 29
23 2 31
7 49 32
50 9 10
8 9 40
32 17 24
17 26 15
46 12 24
8 28 37
42 69 5
44 16 34
6 95 8
31 42 12
40 56 16
56 22 35
37 83 29
31 67 25
15 20 30
4 42 36
42 89 13
20 70 14
38 48 33
9 54 13
11 72 32
51 86 32
52 44 35
25 65 16
52 34 8
25 19 34
24 44 17
40 40 26
39 38 19
32 68 26
19 24 19
13 60 17
20 41 11
43 56 15
33 22 23
29 83 3
40 26 20
57 61 2
16 26 9
36 46 26
46 70 1
31 26 34
45 7 6
42 26 6
50 69 29
21 77 14
36 19 6
10 80 3
34 25 20
42 58 38
24 13 16
29 41 16
41 65 10
39 96 36
23 38 16
49 76 6
3 89 31
4 95 25
48 9 2
56 12 38
57 1 37
51 17 7
35 80 26
37 3 6
3 80 14
54 83 28
35 27 8
48 85 32
27 36 27
56 83 15
54 94 25
57 63 14
51 32 38
50 61 24
19 63 9
57 88 15
48 90 36
23 52 16
40 88 12
39 86 4
10 37 3
13 17 26
49 59 5
41 51 38
11 58 31
14 84 14
10 92 32
51 30 40
23 79 3
33 41 5
17 37 20
30 69 29
23 52 3
57 26 8
44 44 10
34 86 25
34 54 1
45 27 12
55 40 28
47 21 29
7 91 8
45 30 25
18 62 3
33 3 33
56 80 14
41 72 9
3 19 15
37 77 36
30 44 34
20 82 20
15 56 13
24 65 40
41 94 33
11 6 34
56 23 23
26 22 4
45 82 14
20 91 22
11 67 8
40 75 14
3 28 39
28 27 26
25 22 19
39 27 27
48 54 5
36 90 10
12 39 27
57 95 40
24 23 21
39 41 40
28 65 26
19 69 35
14 45 23
31 24 17
35 78 40
23 26 39
28 65 15
27 42 37
42 36 5
54 11 18
1 82 39
26 71 2
45 45 29
40 72 6
4 6 30
16 19 2
54 62 24
45 6 5
32 36 33
7 69 25
2 73 2
28 2 2
15 87 36
54 62 25
39 13 3
4 81 25
21 82 21
20 97 20
1 23 36
45 79 21
33 68 40
7 59 10
10 57 2
26 87 22
4 60 30
22 49 27
55 21 1
1 64 15
41 34 29
13 89 23
6 3 17
9 58 17
46 24 31
50 27 29
45 17 40
15 85 28
56 52 34
40 89 32
10 4 2
28 2 23
7 65 10
11 8 25
39 90 2
13 21 20
10 73 40
38 36 16
43 24 38
41 88 20
1 1 35
31 80 31
3 75 32
29 88 21
44 2 6
24 54 31
44 15 37
18 87 9
30 69 9
16 37 28
39 59 21
48 75 32
7 19 14
27 86 39
43 89 13
14 73 27
11 67 9
17 78 5
29 24 27
23 89 39
50 70 13
44 36 35
42 66 36
40 16 34
21 75 36
8 79 5
26 15 16
38 3 38
42 94 22
21 77 6
13 61 32
32 36 28
48 35 40
38 9 37
14 24 21
7 24 26
31 74 30
2 44 7
44 82 34
27 63 25
40 32 16
6 79 11
54 72 18
44 25 15
56 54 21
3 73 19
29 56 40
55 38 10
8 56 23
44 35 29
53 3 16
29 96 18
35 32 37
36 6 21
50 61 26
38 40 35
30 58 1
9 30 40
19 9 13
36 12 8
55 41 26
21 55 4
29 83 37
3 62 23
21 6 13
41 85 18
6 82 22
5 15 4
48 57 37
48 11 2
37 3 2
13 30 4
32 35 13
48 66 6
34 63 19
7 92 32
7 6 8
22 22 30
49 52 3
11 33 28
5 42 13
52 41 8
49 69 14
38 83 25
38 62 24
17 73 10
52 70 33
56 57 40
26 50 14
55 62 18
20 3 31
26 82 16
19 68 8
16 85 36
54 76 3
1 96 7
7 51 17
53 1 11
36 36 19
37 25 23
47 94 5
47 49 9
18 58 22
27 93 3
43 12 22
15 53 22
21 20 12
42 21 30
4 31 20
52 8 36
48 74 2
19 48 14
20 89 13
9 76 33
27 66 38
41 57 18
32 84 10
56 53 22
17 81 31
47 73 11
12 17 23
2 77 12
27 7 18
45 21 8
27 33 3
16 86 16
14 60 27
55 18 11
29 95 34
51 59 38
19 18 20
26 79 36
43 28 32
57 47 8
50 76 24
34 51 3
53 82 9
37 47 10
9 79 15
20 53 29
20 64 24
46 26 30
3 27 5
15 96 40
30 8 15
27 83 10
51 11 31
17 46 34
26 82 1
30 28 6
55 36 33
35 73 35
48 53 40
56 20 21
28 48 37
35 16 8
12 28 19
18 35 24
8 22 10
21 40 27
55 41 12
38 92 36
27 47 35
19 18 21
23 10 5
30 73 1
28 32 17
43 95 27
2 33 27
49 20 27
43 51 25
12 39 38
6 33 30
54 10 19
47 16 7
13 76 34
10 87 35
9 5 15
13 77 29
25 18 21
3 95 25
13 11 16
54 96 24
48 5 36
22 26 29
14 49 2
20 40 12
25 93 14
37 64 30
41 59 29
17 66 37
21 30 29
16 69 36
19 50 7
41 67 29
22 65 27
27 63 39
5 12 9
43 80 6
18 76 34
2 95 34
37 50 10
34 25 26
1 28 27
46 78 23
6 91 12
52 67 5
15 33 24
54 94 32
1 49 28
39 22 16
9 15 38
43 33 35
48 34 32
10 59 20
10 74 6
12 23 37
3 54 33
34 65 29
52 90 1
42 64 10
6 64 33
25 4 15
40 41 4
10 94 32
40 32 3
55 18 5
16 51 7
22 67 4
34 93 39
56 31 39
34 53 26
48 81 16
13 87 9
57 32 2
56 12 25
28 34 28
26 81 27
7 72 10
36 64 33
37 56 39
37 1 31
57 91 35
25 24 32
2 11 27
51 60 37
34 62 28
47 96 21
33 33 9
31 66 2
6 96 25
26 45 2
49 85 20
19 66 13
44 44 1
50 77 30
13 20 1
22 51 20
16 30 13
51 21 16
18 52 30
2 93 34
5 20 30
47 96 35
29 18 30
3 39 16
27 20 39
16 79 33
53 93 19
11 69 23
28 53 7
35 53 30
51 89 18
10 26 33
13 8 21
24 66 15
4 26 1
9 16 26
32 46 2
7 35 15
22 62 25
13 22 27
9 36 28
21 20 3
50 67 30
56 61 4
37 43 16
30 79 10
53 17 24
52 20 3
19 47 13
57 94 13
25 28 17
37 9 14
26 32 18
22 12 14
32 15 19
49 81 16
20 56 6
35 10 19
21 36 3
34 56 1
25 53 28
37 5 38
37 60 10
55 28 35
31 26 9
50 15 20
35 46 23
24 50 15
17 24 20
21 84 9
15 57 20
39 26 15
36 72 24
57 52 8
17 6 19
46 20 24
28 41 29
7 40 14
5 53 34
19 47 38
51 76 30
28 53 4
23 42 28
18 87 38
11 33 15
18 64 5
43 69 2
2 9 3
39 57 31
10 64 11
10 45 35
11 9 40
20 58 8
29 26 28
24 46 16
50 10 32
29 64 30
47 24 22
14 22 1
31 29 33
50 78 27
54 87 33
46 66 35
25 66 14
29 83 21
21 23 33
41 44 18
40 96 11
50 54 34
52 35 26
21 28 40
50 78 19
40 52 30
32 30 25
13 59 28
12 84 20
32 32 8
54 73 3
55 78 25
6 81 6
19 37 2
40 42 34
6 84 35
11 38 15
22 41 4
49 31 9
17 49 2
32 74 1
30 27 20
32 12 27
33 28 9
42 34 30
14 91 27
41 56 7
12 20 36
12 38 31
38 41 11
46 54 32
31 8 39
36 88 13
57 75 17
55 89 26
14 24 1
2 57 17
25 35 18
21 41 21
7 61 17
37 26 22
45 68 19
56 85 32
21 83 14
29 34 5
22 82 28
50 22 24
26 75 26
12 8 15
27 23 22
8 58 16
35 15 1
6 45 1
25 61 17
47 37 20
4 36 2
2 10 9
32 90 7
29 29 7
55 38 28
16 83 12
46 51 18
57 33 29
52 39 5
7 83 23
19 9 8
43 73 3
57 9 31
39 93 13
8 33 14
46 44 12
54 79 25
20 10 8
51 25 11
37 7 26
47 41 25
44 70 18
43 64 33
56 54 22
44 4 12
16 56 2
33 71 24
25 28 26
29 80 20
49 6 18
30 49 3
10 25 32
46 1 2
6 17 37
48 20 28
3 54 10
57 60 17
10 84 33
42 25 40
18 52 26
54 78 25
42 62 30
29 16 30
38 95 16
10 39 10
39 87 39
37 48 10
35 14 32
33 45 27
40 32 6
2 57 12
12 29 2
34 17 33
41 19 40
2 54 4
46 71 27
33 58 35
57 61 5
15 23 14
55 7 6
2 60 39
34 71 12
42 7 8
47 94 26
39 72 34
14 22 31
42 40 12
5 2 11
51 11 17
36 52 21
51 62 32
12 89 37
9 59 26
56 15 36
26 8 14
1 61 20
9 8 8
32 54 17
30 48 7
37 38 35
44 67 38
29 32 32
52 66 35
39 22 7
16 4 9
3 83 23
37 85 39
38 21 18
32 95 32
1 12 3
27 12 18
23 17 4
20 38 19
48 95 15
57 22 10
26 43 26
45 52 5
42 7 35
37 59 12
38 77 34
29 64 35
44 58 6
3 70 35
2 2 8
9 29 7
19 76 40
49 41 1
9 17 35
56 93 4
28 77 37
5 58 31
28 58 10
7 47 10
47 67 38
27 77 21
48 8 27
50 69 3
6 42 1
15 25 19
54 21 17
44 22 32
41 12 19
29 49 39
50 58 19
12 90 2
30 73 1
2 15 18
27 16 20
2 40 29
13 4 24
6 75 13
45 5 29
38 71 20
27 87 23
20 3 16
2 39 39
37 94 8
34 10 3
44 55 3
51 47 27
29 67 1
36 5 18
37 87 33
13 13 34
18 89 21
8 13 16
55 54 27
19 87 33
20 26 4
1 54 9
18 73 36
34 46 13
18 91 37
14 18 19
22 17 13
48 58 35
37 52 21
47 96 8
12 20 32
25 35 34
4 40 40
35 57 39
17 52 33
11 74 22
18 78 28
8 14 24
32 20 14
34 8 4
32 9 23
30 74 7
29 25 26
12 90 19
44 87 8
27 39 7
11 71 1
32 17 2
41 73 38
44 78 3
1 34 24
19 86 34
12 19 4
53 5 24
55 5 40
4 45 14
6 64 33
36 84 30
19 73 24
26 45 27
3 72 13
16 24 21
43 89 27
45 38 12
21 71 20
1 13 13
56 17 17
33 81 30
44 87 26
30 91 38
28 84 4
44 25 26
32 44 38
32 68 40
51 36 23
5 68 35
30 51 16
38 88 13
4 44 2
7 68 21
5 20 6
26 67 6
14 89 22
5 20 21
25 52 35
31 61 30
11 1 13
25 60 21
55 48 16
19 54 17
30 14 39
6 47 19
19 30 34
9 68 35
13 39 15
40 41 30
40 10 31
6 20 6
31 85 36
47 38 35
15 40 1
3 7 22
49 77 22
3 28 2
41 37 36
3 51 21
29 2 26
41 51 22
11 46 40
3 14 15
9 32 32
56 75 39
32 96 26
21 42 29
49 24 11
1 80 37
40 31 15
56 71 15
9 41 35
48 1 21
56 86 21
49 50 21
11 21 24
10 25 26
23 51 37
7 31 5
7 90 4
22 31 36
39 52 21
29 73 10
16 17 7
38 30 35
41 20 26
3 93 7
12 30 9
19 88 18
28 26 14
26 18 37
28 76 35
53 44 24
52 52 35
44 8 10
7 77 1
34 9 23
56 57 27
9 23 16
42 62 30
51 73 25
41 28 4
48 72 17
49 6 35
57 15 26
1 80 4
45 13 19
48 70 22
5 10 15
55 66 15
57 32 40
51 68 4
28 77 4
43 14 40
43 80 4
8 74 28
29 6 40
48 89 24
36 49 4
12 90 33
9 65 16
52 22 12
3 92 32
23 35 6
48 4 39
52 43 35
51 12 5
55 88 3
41 71 4
22 81 5
20 13 18
30 12 3
18 42 39
57 83 29
23 30 22
56 88 38
11 10 3
34 7 19
57 54 35
47 43 2
34 86 24
25 80 6
56 87 17
6 4 3
44 79 14
13 37 23
6 32 20
24 41 1
33 75 24
21 47 19
27 3 7
6 25 40
16 70 24
1 13 31
37 48 26
18 27 10
43 69 14
6 29 14
3 45 3
51 3 39
48 23 35
42 61 34
5 48 38
13 8 26
24 49 27
38 24 4
18 1 27
2 70 18
20 77 13
55 86 35
4 38 29
6 66 6
19 96 25
13 75 21
54 13 40
47 60 35
4 28 26
44 39 27
56 22 20
53 30 23
13 52 17
39 4 33
5 58 7
27 14 8
24 69 1
32 78 40
42 37 17
17 1 33
18 34 1
57 22 40
32 62 12
18 80 27
40 80 21
2 4 5
53 68 15
45 5 29
53 64 27
43 95 12
18 23 1
40 77 2
24 63 2
24 76 14
57 78 23
14 88 9
35 52 26
10 39 17
5 21 24
21 10 19
28 88 24
54 74 35
23 84 17
18 39 32
30 93 5
30 91 4
11 45 13
17 8 2
12 2 19
1 46 32
50 70 28
2 23 34
55 20 12
42 19 2
27 37 17
11 42 24
7 97 9
25 57 16
4 19 11
12 87 40
15 83 6
30 55 4
15 34 9
30 94 27
4 39 37
49 65 29
12 79 7
44 65 10
23 91 29
18 9 13
46 90 20
15 97 1
48 37 3
11 28 9
45 54 12
39 28 17
9 96 31
5 7 24
24 90 39
6 80 32
29 26 37
40 55 12
8 7 25
44 42 12
33 3 38
29 21 18
14 65 5
34 93 20
5 23 4
51 71 12
37 63 15
37 16 26
7 76 38
9 42 23
30 6 27
38 88 22
27 20 1
37 20 37
42 81 12
37 78 38
39 58 31
50 51 5
44 29 20
19 67 13
21 75 16
52 29 1
55 46 23
22 11 4
27 92 4
18 42 27
14 26 31
30 32 38
49 94 23
16 61 37
6 62 24
22 65 39
20 39 1
6 63 23
23 5 39
29 15 19
3 11 38
51 69 35
29 48 30
54 67 20
6 49 4
41 11 3
27 4 14
10 61 20
29 93 8
38 36 23
37 43 32
4 84 10
55 92 7
28 69 16
19 54 17
13 77 23
35 19 21
51 93 19
28 73 35
9 85 7
51 86 17
23 95 15
8 5 37
4 83 15
18 55 37
25 54 18
46 63 31
49 61 29
1 39 32
48 88 40
29 27 20
51 41 9
30 48 5
23 55 5
57 64 14
18 45 19
47 43 28
16 70 13
18 85 20
13 26 29
6 91 37
38 35 33
47 45 37
27 74 8
1 66 11
37 16 31
7 36 36
2 75 5
41 68 30
51 96 1
4 80 6
25 82 33
26 11 14
38 64 9
1 61 28
2 42 21
22 59 4
50 9 25
9 9 5
53 92 29
14 43 8
35 30 27
27 5 25
57 95 25
47 15 30
13 40 30
10 48 33
18 72 11
57 49 37
22 62 32
7 13 4
49 10 21
53 56 6
48 62 15
48 25 35
49 72 33
3 23 14
29 50 32
51 28 10
17 70 35
45 42 16
35 54 23
24 5 8
57 35 13
41 3 12
30 72 7
54 89 6
50 40 32
18 20 20
27 52 28
29 56 22
56 73 8
14 44 6
17 19 8
56 15 7
52 33 23
15 47 5
26 96 1
10 9 16
7 44 15
1 56 20
39 41 20
8 79 37
44 80 16
11 59 28
33 33 32
16 23 26
16 50 20
47 55 28
44 17 32
41 40 31
7 49 17
34 4 36
42 42 8
17 57 4
42 80 25
45 16 23
47 39 36
1 38 14
33 43 18
33 77 28
40 70 17
26 52 16
12 47 12
44 16 16
17 32 18
14 75 31
23 1 37
21 53 15
15 46 11
51 65 11
51 73 10
33 16 4
48 4 29
20 92 21
26 7 21
46 38 25
39 78 2
3 69 5
38 73 17
19 14 3
3 41 5
14 38 9
40 2 40
33 33 4
24 40 39
40 44 9
45 86 12
44 49 22
23 48 16
32 36 20
30 59 17
37 6 17
27 24 10
57 62 5
1 89 10
14 80 27
28 51 14
2 5 38
54 46 36
28 36 19
51 45 6
48 40 1
34 92 30
44 37 14
43 28 14
17 49 38
37 19 9
48 49 1
33 49 16
15 84 12
46 66 16
28 18 16
14 57 25
22 56 19
52 86 7
55 19 33
48 1 6
24 91 13
51 97 16
14 5 3
46 68 29
31 49 20
22 74 27
1 18 6
51 92 28
44 44 9
37 49 26
6 1 29
14 52 4
51 89 18
5 37 24
35 46 12
56 31 22
18 35 17
50 53 32
12 8 34
55 51 4
4 52 37
46 25 38
57 57 1
54 8 15
2 14 39
37 8 33
15 16 20
17 58 15
10 49 23
16 15 9
16 69 28
11 28 19
49 16 37
55 11 39
15 61 10
26 74 39
18 56 33
26 26 26
24 28 20
36 60 7
40 39 18
8 85 10
34 75 2
48 16 16
35 21 37
53 2 28
26 60 7
1 63 19
45 68 17
20 69 17
34 30 18
18 55 11
40 53 15
9 35 11
39 43 1
28 70 6
47 70 19
48 41 39
49 54 16
13 73 24
50 61 37
12 50 14
56 58 5
40 13 33
56 97 37
51 70 25
18 93 16
48 13 26
25 47 19
6 79 37
21 17 9
16 1 30
49 84 10
25 69 30
34 3 21
5 64 4
56 93 26
56 2 26
41 86 20
6 17 16
32 21 15
1 76 39
19 3 36
47 88 29
36 14 39
38 9 14
56 36 5
8 75 2
44 32 31
30 32 21
20 84 27
17 65 40
18 18 30
21 51 20
25 82 26
6 55 4
37 10 24
43 2 9
42 92 9
6 69 7
54 52 11
31 61 14
52 29 10
6 1 19
27 66 18
49 71 38
45 14 22
4 35 40
48 91 30
14 31 35
41 88 25
57 64 28
37 7 25
2 22 16
35 1 29
54 15 34
33 91 4
30 38 18
5 72 1
13 55 17
31 28 31
16 21 12
22 79 1
31 59 1
32 48 35
23 29 10
7 62 23
15 46 13
5 33 20
2 47 4
21 26 10
48 95 24
43 89 19
46 79 4
34 90 7
54 16 29
18 74 8
38 4 8
4 83 8
25 55 40
11 56 17
29 33 15
13 44 5
22 31 16
55 69 8
36 67 7
33 2 8
55 71 6
31 66 40
41 46 35
1 86 31
9 52 26
10 81 38
32 25 10
18 86 12
27 90 32
44 31 25
49 21 38
3 48 25
3 46 4
41 33 4
14 52 10
15 17 25
8 29 29
17 51 17
2 6 13
45 68 29
27 37 38
15 2 8
1 65 38
15 34 34
34 63 16
46 92 30
50 50 19
24 14 8
21 25 10
38 17 32
22 38 4
44 29 31
34 80 30
10 61 9
49 17 40
20 15 9
13 53 19
19 62 4
2 53 32
22 9 23
5 85 39
14 64 5
21 15 5
29 66 3
28 13 2
7 39 9
48 59 3
54 53 39
51 46 12
30 88 29
53 45 32
8 26 28
35 88 24
8 57 4
8 37 27
57 64 34
24 45 20
53 17 10
35 91 34
21 53 12
14 31 34
48 53 5
35 74 22
56 19 25
57 55 18
15 21 9
26 44 28
26 24 18
37 52 22
46 57 15
32 49 13
21 88 21
4 57 39
52 60 28
6 67 10
50 83 2
9 32 36
19 56 1
14 32 4
37 19 28
18 57 25
2 57 19
31 74 35
19 29 4
13 55 11
47 15 9
39 68 4
48 29 25
4 95 17
15 91 10
13 34 36
25 40 5
29 8 10
21 65 14
8 25 38
4 15 19
52 48 30
31 88 14
6 13 37
51 84 19
54 32 13
7 87 29
2 59 36
16 56 7
20 30 18
45 65 28
27 74 21
1 96 4
45 90 20
22 2 6
11 2 2
54 45 17
43 2 12
28 52 32
15 65 31
7 68 19
7 20 8
32 70 20
25 25 16
43 11 38
5 13 13
11 33 2
41 34 11
13 20 30
8 18 27
7 18 35
16 51 17
18 83 28
3 20 13
46 38 38
16 95 22
54 45 10
28 71 38
35 30 16
47 27 12
25 57 25
40 94 1
2 7 14
56 47 7
31 51 38
13 69 6
5 59 38
18 46 8
37 97 25
42 84 10
21 95 24
2 52 3
34 6 20
11 44 35
30 45 26
11 31 1
43 40 17
46 97 22
19 94 28
11 81 25
34 90 3
5 84 20
19 66 12
1 70 32
44 65 27
47 36 28
8 88 32
3 89 20
33 44 38
19 91 30
32 70 28
11 7 14
44 42 15
50 84 8
51 58 5
29 24 33
35 72 24
27 52 15
56 80 15
5 88 38
48 81 26
13 38 1
44 34 28
51 25 16
37 36 38
52 65 3
41 90 26
50 57 20
45 36 9
51 13 13
11 26 26
36 72 25
55 9 21
4 66 20
10 26 29
26 18 32
9 35 12
12 84 1
30 91 31
19 58 4
31 42 16
18 5 29
38 93 8
6 11 12
18 57 26
40 72 29
8 45 2
40 1 4
48 46 26
12 72 24
39 80 25
42 21 28
14 66 39
17 92 10
43 62 2
42 42 18
42 4 26
3 20 38
57 44 17
2 26 24
55 56 10
16 22 27
14 2 39
2 95 17
54 4 37
32 63 15
47 25 12
37 24 18
37 1 38
55 23 17
37 7 30
13 15 29
45 83 34
17 1 14
43 75 37
18 74 31
3 75 40
40 94 32
42 50 24
38 90 27
27 93 29
16 77 18
20 77 16
44 46 34
50 51 24
42 93 23
35 80 9
13 70 7
53 3 2
31 81 21
23 81 31
24 37 27
52 2 9
11 1 13
6 28 30
36 64 39
4 44 31
3 44 20
24 13 35
23 39 34
14 17 17
57 40 11
50 14 32
34 20 22
4 84 40
51 60 24
45 22 39
33 55 23
52 45 10
40 11 5
34 73 22
53 17 14
52 2 18
39 23 3
30 59 9
26 63 5
46 38 30
15 32 21
37 67 14
9 52 13
8 39 26
45 50 14
47 23 23
53 26 15
24 10 15
33 32 11
4 38 22
28 51 1
53 17 22
34 2 35
35 82 3
35 60 2
8 38 15
7 60 34
37 62 23
56 15 32
46 35 7
9 93 14
57 15 16
12 39 4
5 61 26
50 66 21
45 91 11
32 2 20
15 46 16
42 81 27
6 62 5
38 62 10
18 44 35
40 90 36
5 79 1
51 87 4
34 96 38
3 33 21
41 39 11
41 45 20
24 8 4
38 54 6
45 29 14
18 68 1
29 15 19
31 29 19
7 23 21
42 97 14
33 76 33
49 57 12
1 28 37
43 69 39
15 33 34
42 94 36
23 2 5
47 90 33
31 70 12
56 10 20
50 61 6
40 16 31
26 77 16
19 95 20
34 86 21
2 45 26
16 30 33
36 44 8
12 84 26
4 61 11
38 36 24
10 76 30
19 97 18
38 67 4
7 67 40
49 25 11
21 18 27
31 61 20
37 79 16
33 29 23
37 77 18
23 61 26
38 5 5
41 2 31
21 5 38
21 62 22
51 50 17
7 26 31
27 88 18
27 28 2
46 92 28
49 96 16
29 31 14
7 34 38
17 93 6
42 36 38
40 32 11
15 76 25
39 53 15
5 50 22
48 5 38
41 69 10
46 10 28
29 15 33
51 37 36
1 20 38
24 94 11
46 97 23
28 24 34
36 27 22
1 52 2
56 37 29
3 63 10
28 65 8
42 64 34
33 24 32
35 14 39
10 78 33
56 16 4
21 29 29
8 86 20
45 94 36
1 70 30
5 65 14
17 91 33
19 14 6
1 67 39
21 88 35
2 52 6
39 62 26
30 57 33
39 88 24
56 96 33
23 94 28
50 18 18
11 34 15
16 42 32
13 31 4
31 41 1
48 53 1
57 78 28
34 61 29
2 44 15
5 76 23
41 75 28
17 76 22
42 23 12
18 17 40
21 49 6
7 42 40
32 18 10
44 62 7
54 47 1
35 6 25
14 48 32
3 92 4
56 50 18
34 8 12
48 79 34
56 86 11
11 52 19
10 43 37
52 70 3
47 21 34
45 58 10
44 88 7
33 73 40
27 77 29
50 77 4
10 21 35
55 39 10
26 20 11
33 58 13
49 33 38
17 48 9
10 43 6
15 49 3
1 66 31
1 28 1
47 51 35
32 40 38
56 63 20
27 44 36
1 61 27
34 52 24
43 62 2
55 65 6
8 5 12
41 15 23
28 94 28
5 86 32
3 34 5
55 87 34
11 19 9
23 38 31
21 62 8
39 46 30
17 91 8
16 8 24
32 69 4
34 24 8
34 2 35
37 69 28
16 47 14
45 38 10
17 71 35
5 59 15
19 94 17
18 24 28
26 6 35
15 13 25
3 21 6
15 35 9
38 22 28
46 42 13
28 22 32
32 18 31
54 41 18
51 88 26
14 92 39
42 23 29
30 44 2
14 17 14
23 82 23
51 12 21
6 3 38
35 80 30
17 97 28
48 30 29
14 70 16
53 76 36
25 54 6
12 40 1
36 8 20
18 46 10
7 92 35
16 77 28
31 2 21
13 36 24
47 1 1
44 48 30
56 63 22
42 6 35
32 10 1
38 23 10
51 61 26
30 96 10
51 8 3
5 24 33
16 75 20
57 57 22
27 83 7
14 84 23
5 88 22
27 72 16
7 23 9
6 21 23
50 86 22
4 76 34
49 16 25
48 73 19
57 81 3
26 27 27
10 74 18
1 61 3
48 51 19
14 26 15
22 34 14
15 30 14
32 72 37
6 69 7
35 71 9
10 1 7
45 60 1
42 81 3
5 89 33
27 63 9
2 25 12
18 52 36
56 88 19
26 65 15
33 78 19
47 57 30
6 91 39
25 53 6
39 45 13
13 86 10
38 90 33
10 56 27
44 55 38
18 63 28
45 51 27
36 31 1
26 63 36
8 49 23
17 70 26
33 18 38
17 7 32
8 51 39
35 6 32
18 71 40
26 45 8
3 94 19
1 62 7
17 32 1
19 18 18
20 30 23
31 40 2
22 61 36
15 2 30
44 29 25
44 7 31
19 39 26
14 83 36
55 26 5
52 37 32
55 19 14
17 36 6
20 79 36
17 29 3
33 10 33
33 90 20
12 72 4
53 82 23
35 74 22
50 51 33
24 87 12
32 96 19
52 66 2
2 9 38
12 10 12
21 61 22
19 60 32
31 75 39
50 15 2
48 58 19
7 53 36
1 46 5
24 37 29
7 87 16
52 48 19
50 4 40
40 93 24
41 42 23
32 39 27
19 13 9
54 70 6
33 58 27
31 29 25
7 57 13
4 47 24
37 26 34
5 51 28
50 38 39
34 83 16
56 34 35
12 48 32
47 14 20
52 59 37
48 75 12
40 73 17
37 87 4
41 19 12
22 70 15
43 23 22
35 43 31
38 49 23
33 13 32
55 19 31
14 64 15
44 20 30
45 83 8
29 95 31
1 73 24
48 50 31
24 48 7
8 89 37
42 66 33
9 27 36
25 76 6
42 35 2
28 59 33
35 80 28
41 31 19
35 4 33
37 68 37
9 10 7
30 2 35
23 40 2
23 21 23
39 95 26
22 65 30
55 92 5
13 26 37
33 43 7
48 22 31
4 51 11
33 93 37
52 21 21
55 91 2
45 57 37
31 28 17
36 60 15
49 87 3
41 61 28
24 9 39
38 30 7
21 66 1
18 9 1
46 52 14
12 23 3
25 59 6
7 61 15
2 53 31
45 10 25
51 59 16
11 15 12
7 86 14
24 94 10
23 18 39
45 87 38
47 32 19
39 21 17
12 61 28
50 88 18
32 33 16
14 31 1
4 61 26
33 50 8
12 15 21
44 54 26
39 68 20
57 21 10
6 90 26
28 79 4
57 96 36
53 46 32
37 10 26
33 43 14
5 1 8
11 68 38
4 13 7
27 86 21
27 29 10
42 3 27
11 45 5
2 58 11
25 36 4
14 79 28
50 50 12
13 56 37
9 29 12
37 7 40
5 13 20
33 41 13
50 15 15
48 79 34
26 56 38
52 72 40
18 66 4
21 82 25
13 21 32
39 5 3
26 15 12
14 54 31
27 3 38
52 26 13
22 86 34
56 82 11
23 62 37
16 29 6
21 85 9
19 23 13
16 3 6
48 72 29
42 81 3
30 39 40
45 94 21
27 50 19
4 57 4
8 70 6
8 18 9
15 32 15
52 7 9
26 29 35
56 70 36
43 75 30
22 82 37
48 3 29
24 9 37
53 92 21
53 24 20
32 62 22
34 86 25
9 7 14
14 27 9
31 94 14
30 2 20
51 95 8
6 79 36
20 59 5
10 42 26
19 44 27
53 21 8
43 16 35
40 81 28
43 5 36
29 47 3
20 87 12
5 5 19
28 9 34
50 91 20
56 97 30
26 26 3
51 63 14
22 71 28
29 95 18
24 27 17
27 96 3
20 3 38
56 4 26
35 23 4
24 60 32
39 41 36
43 51 1
6 88 11
48 61 36
46 93 31
44 97 29
35 68 30
14 82 3
46 40 18
24 44 21
7 34 17
10 69 22
14 77 2
9 49 16
38 31 39
31 52 37
11 54 21
3 69 30
51 14 33
20 6 34
26 89 18
32 97 9
27 86 1
20 8 9
9 62 12
50 56 26
46 93 5
31 6 22
33 81 22
24 58 34
55 36 26
16 27 24
20 95 21
48 1 8
12 73 23
49 32 32
23 64 11
14 84 30
11 83 21
23 35 4
38 91 7
56 61 19
7 88 38
6 48 17
31 85 3
19 62 30
17 90 17
51 39 39
27 40 26
46 5 8
57 49 17
10 27 4
17 26 3
38 42 28
1 19 8
56 58 4
16 6 35
34 78 33
52 10 9
54 21 15
35 34 19
17 18 37
31 89 11
13 84 10
36 91 29
54 4 10
1 56 3
21 71 23
51 54 19
35 13 38
22 10 23
19 59 40
32 69 12
8 74 32
16 4 21
44 38 27
14 97 32
55 28 7
32 41 26
41 54 37
46 69 6
43 31 32
53 71 40
8 61 34
23 61 26
36 72 39
30 79 34
52 14 14
2 28 13
3 23 10
45 51 15
49 14 4
47 12 21
15 61 26
17 66 25
19 63 40
13 44 40
41 79 35
36 42 30
22 82 18
54 74 9
4 71 8
57 1 7
43 36 9
23 79 36
16 3 9
26 16 3
43 5 18
23 14 1
27 87 35
33 76 8
6 16 17
13 89 36
51 53 7
46 66 13
50 18 36
15 46 38
3 66 32
30 59 23
51 44 11
55 88 24
39 2 38
2 26 8
56 43 10
28 84 14
49 8 13
52 40 34
32 35 18
11 1 14
44 88 33
44 69 24
50 90 31
33 86 24
37 21 32
45 47 6
40 58 7
54 97 23
22 53 33
6 39 5
27 21 32
38 3 7
18 10 33
6 42 3
39 34 1
12 6 38
8 13 17
34 45 29
11 60 23
47 24 32
49 17 23
33 65 39
22 13 5
10 42 37
54 85 30
19 41 1
57 35 5
19 48 10
31 15 8
53 54 22
47 50 14
32 68 36
23 51 30
27 85 33
1 44 27
50 80 38
55 19 28
50 37 5
9 11 37
33 91 16
36 97 27
32 12 8
17 10 14
15 75 30
23 56 36
22 64 3
8 19 17
1 74 27
42 76 31
26 85 25
4 81 2
6 79 2
33 46 7
17 55 20
50 92 8
54 3 20
25 41 19
9 33 30
18 72 40
13 25 16
37 34 1
13 36 39
57 10 25
9 92 29
40 15 12
14 38 7
46 49 1
5 77 25
4 10 40
26 32 33
5 51 39
35 62 2
10 50 33
11 70 18
54 1 34
23 65 11
47 7 4
4 25 24
54 3 15
8 45 13
48 68 7
32 87 24
43 88 37
36 8 25
46 43 5
40 78 16
33 38 18
24 68 3
19 62 24
45 93 8
5 26 17
4 27 16
42 69 9
35 21 9
26 38 28
45 34 35
37 32 23
21 96 11
50 18 24
46 61 21
35 16 28
46 90 37
33 40 13
33 12 7
8 84 14
14 61 21
5 11 12
44 34 10
46 67 7
34 49 31
27 87 11
1 91 29
24 3 16
51 56 19
15 21 39
25 90 40
5 23 37
51 61 8
10 49 3
42 50 6
7 61 39
31 50 25
27 87 36
2 28 32
13 76 34
45 6 6
38 11 37
31 79 34
39 74 21
21 6 28
34 46 18
31 30 9
13 63 32
28 2 36
26 77 34
1 38 5
3 76 33
30 57 24
14 58 5
24 11 21
53 42 18
40 30 21
17 28 26
1 5 5
21 60 6
30 9 27
7 82 10
11 35 27
47 10 32
44 91 7
56 89 20
15 19 5
25 65 34
19 39 10
11 60 26
5 54 4
13 74 8
25 33 40
6 80 16
22 89 4
28 61 40
55 40 31
19 24 28
25 72 9
10 32 17
46 39 13
51 73 36
16 62 32
15 62 1
39 19 34
55 95 29
47 49 34
32 4 34
8 62 11
35 18 8
40 76 25
47 85 25
3 12 3
10 25 16
32 94 7
34 50 18
12 56 10
16 19 26
12 95 37
19 45 8
19 33 21
10 37 35
30 12 39
33 88 19
38 97 29
26 46 40
5 57 36
49 16 29
57 20 2
57 51 16
20 79 13
14 23 14
32 57 7
23 44 3
48 62 33
49 31 32
26 61 37
7 69 4
10 21 26
32 95 11
45 21 22
9 28 31
16 46 18
47 5 9
12 37 31
53 18 7
49 52 4
40 53 10
22 79 40
53 36 15
19 63 29
37 61 10
3 73 6
37 34 38
7 31 27
10 22 27
39 76 10
57 36 26
14 93 17
3 47 28
49 18 29
1 3 26
3 67 22
52 60 36
53 4 30
8 24 14
34 49 39
34 38 8
22 70 38
34 97 40
2 12 6
19 74 6
51 42 5
11 50 1
20 30 32
12 66 17
50 47 11
51 76 8
54 92 22
51 43 24
20 10 1
11 71 5
5 82 2
40 49 11
28 42 24
22 31 10
9 44 28
37 37 32
37 75 9
15 22 32
40 45 3
11 66 31
55 11 21
12 95 9
43 30 38
42 19 31
46 41 16
15 16 16
32 55 30
20 45 37
36 19 22
10 92 2
6 68 26
52 49 9
34 54 9
43 70 27
52 10 30
37 21 8
12 3 1
20 6 6
22 40 28
25 51 24
51 1 23
48 95 37
49 66 37
15 11 24
44 42 38
11 49 32
57 77 31
6 86 14
51 24 33
56 57 13
9 29 7
8 11 24
35 49 29
13 7 39
54 21 3
57 61 16
8 30 35
43 58 8
49 63 15
32 79 2
8 21 6
36 83 10
17 56 3
27 69 25
42 11 2
15 75 36
32 31 19
5 7 13
9 90 37
12 49 38
43 79 30
20 24 36
36 54 10
30 39 25
28 50 21
36 48 38
44 19 31
38 43 22
42 76 40
13 48 39
14 65 38
11 39 14
54 97 26
17 2 21
1 56 15
5 78 40
16 57 10
34 28 17
44 96 28
20 18 33
46 41 38
3 31 32
57 14 31
8 80 32
6 38 32
6 31 11
47 58 20
16 70 38
55 27 29
17 75 6
4 97 15
16 96 14
23 43 38
55 57 34
19 58 8
22 55 13
8 3 37
11 16 37
10 96 15
13 25 25
8 54 12
38 87 18
44 4 24
41 92 29
17 30 10
3 33 7
37 42 40
57 95 29
53 48 21
11 17 20
20 60 38
44 7 23
22 17 30
6 57 34
4 52 28
51 57 39
8 90 29
35 96 12
25 39 12
30 31 3
36 69 24
45 41 25
37 75 15
40 94 31
14 78 2
37 64 33
30 63 15
49 5 4
17 56 4
56 85 33
40 51 13
18 8 2
49 59 4
32 61 31
35 43 17
44 90 14
29 36 34
5 72 35
44 57 8
26 50 11
7 47 20
37 19 7
28 54 6
12 28 11
51 69 2
46 31 25
46 46 27
57 62 19
56 40 23
53 66 1
34 95 5
12 79 25
51 47 15
54 38 19
11 62 1
35 78 13
53 88 35
49 53 39
21 82 5
46 50 38
3 70 9
40 66 26
35 84 6
57 82 21
53 79 12
23 24 32
11 79 32
52 83 7
41 5 40
15 4 23
16 58 36
27 43 11
46 32 28
35 64 13
21 1 17
2 47 35
51 55 33
28 93 3
26 5 10
37 51 32
16 16 17
23 39 36
39 27 8
29 87 20
6 61 35
17 27 28
53 11 2
6 51 2
15 55 10
23 43 38
39 18 3
49 5 40
38 8 10
48 17 20
30 54 14
35 14 25
24 62 17
7 72 30
33 3 32
11 65 39
36 58 35
29 67 1
42 9 20
14 21 28
44 9 1
25 95 20
18 86 4
45 78 13
18 41 4
37 58 20
25 12 17
21 49 6
56 40 24
34 29 38
22 42 4
25 94 32
9 58 34
15 13 11
47 44 35
23 61 24
45 14 2
1 93 8
19 2 4
2 67 39
23 34 23
7 94 36
14 6 23
49 52 4
21 58 2
23 22 9
9 20 25
31 59 34
43 51 11
8 66 37
39 90 16
53 20 1
46 37 18
20 62 33
51 89 10
24 14 24
55 84 9
53 11 29
