95 68 4850 1492
3678 4318 1835 4580 1570 4446 2197 311 955 3052 2194 4755 3055 1516 716 3194 4713 4734 3697 363 101 1411 1592 2066 2689 2532 1189 2735 3658 2160 1493 998 1057 4487 660 4080 127 2047 1219 1548 3172 1481 4401 4357 1675 3140 4600 561 1114 3581 1780 604 3168 3133 3938 2809 3172 2075 1319 2149 1780 4901 3025 4697 4045 4815 3796 4016 
1345 928 2548 4472 1725 4637 3531 4016 3166 3662 1364 2530 4614 1540 3309 3185 907 3011 4606 704 2980 4515 256 4009 3322 2878 1450 869 2646 3876 4076 2447 1990 792 3970 4410 4385 4136 3312 436 3378 1303 4532 631 4846 2918 2278 3052 743 3131 4430 2000 2951 3495 2691 51 2737 4188 3060 4064 1828 2810 1201 1315 1589 1228 4767 3876 
2466 914 1772 982 168 1272 3734 1313 1218 615 3895 1029 2855 4430 1592 1991 4485 1638 2322 941 3786 2214 953 2487 1654 4637 942 3388 2326 2401 2621 3537 268 2402 553 3775 3399 4515 1119 71 3263 555 4800 1368 682 3108 3831 1094 397 3432 1567 2288 739 4183 2259 1335 3144 97 865 623 351 2076 1543 4212 1642 1321 741 3517 
2058 2589 4887 894 2814 3234 3900 732 2246 2955 2692 2558 1300 4436 3116 876 13 2159 2689 3661 667 3714 1784 2964 2821 3657 1426 290 2687 4704 4821 3443 1207 3165 4451 2649 1301 1204 4632 2899 3707 4407 2887 1599 4407 1320 2697 2331 3830 4050 1504 2268 48 2890 833 4656 2068 959 3525 3777 366 444 261 3990 1348 2850 721 1375 
3977 2273 3755 391 3341 4631 3890 256 2767 3119 2670 600 4899 2151 3018 2216 3605 1321 472 788 4888 3402 2461 967 2350 3467 3119 2494 3526 441 3317 3615 669 31 959 1429 2041 3729 2352 3875 614 4520 2348 2768 1927 1702 4614 467 1315 4834 4008 159 4254 3627 3950 3434 3784 224 4875 3922 944 1595 4501 1766 1648 4410 4807 4216 
145 2368 641 4115 554 4473 4242 1192 1653 1680 697 1046 2396 3556 2548 173 1256 243 4556 2256 4482 2221 3789 3412 1212 233 3338 4554 1232 4855 696 1835 388 640 1911 2384 1763 1523 1931 761 2503 1305 2566 2032 4420 4303 2377 2152 3768 2193 2070 1859 2845 2757 3180 4349 821 364 1683 138 1409 3332 3345 3085 2281 3040 1493 193 
4328 170 3454 3283 3977 2887 708 3370 2852 496 4554 3385 1837 52 2217 1187 805 3504 1137 3367 34 4835 1390 3735 2385 4453 2711 633 2610 175 4012 543 91 3754 2032 2895 2557 1179 1828 1213 1811 2103 442 187 3099 2240 2079 598 188 3098 1050 1067 4308 405 2748 3573 4161 1932 4227 4094 2068 691 2524 729 3939 3663 1910 2301 
3541 3372 3389 3083 1555 3104 2757 2000 815 3872 4158 184 315 1664 3765 4170 2446 2848 4139 1168 4432 562 1661 836 3305 737 2990 1078 3003 4072 1333 832 4700 1302 3688 164 1893 4079 4345 2602 1941 922 2245 4218 1714 1663 969 4389 4760 375 2926 3822 2607 217 210 1312 403 3637 962 200 193 3796 1232 3332 763 3694 3356 4510 
1925 1731 1882 1555 2515 719 2831 2322 1263 163 4094 2626 4072 1185 2462 3655 165 684 1612 2309 3884 1604 3601 1278 152 3878 449 868 3827 1016 3178 4193 1001 4116 1199 2370 3472 4266 3632 864 3264 1935 954 97 1637 3841 725 1954 2224 2810 281 435 3234 2768 3919 4870 1335 1700 1981 1668 1287 175 3140 2957 907 3019 4237 2100 
3186 4483 2748 1677 2328 4379 1797 481 4882 3171 4678 446 742 1088 273 1917 4153 631 344 2945 4017 1015 849 4480 3199 1625 2705 2318 4380 1439 2115 1757 1033 378 4136 1607 1801 3265 3289 3494 1885 2289 1757 3609 3043 1953 4076 4237 3340 3553 2814 3543 4822 3604 2592 2561 2660 2205 2307 4468 143 3106 3741 3253 2180 2636 4717 3080 
4001 4610 2722 4585 767 1349 1179 2588 2765 4114 2621 3481 3687 1753 893 2753 2280 2169 3789 3584 1120 4102 1177 1721 3065 3223 1929 2671 4003 1243 2305 1400 1688 3473 3647 762 1712 2220 2974 4454 1032 4608 820 2923 1313 4143 1708 2022 3605 3833 3199 1777 613 540 1290 1474 2453 27 4455 4353 3325 2929 4762 2669 158 3177 3127 2538 
4520 4583 2552 3880 4357 1174 231 3229 3211 2886 523 2192 3305 979 4336 284 2115 1891 2736 3397 4657 2688 2631 1919 4881 1233 1173 3731 1360 1457 4724 3008 2667 3259 1384 137 4165 763 2545 3686 2029 2873 1524 3654 2206 2110 4561 450 233 4211 318 2349 3413 1216 4807 4610 1608 1701 2857 2744 3941 2329 3302 2044 3114 1459 4213 627 
1642 4758 4502 4655 1074 3434 641 2832 3215 233 101 2131 3608 3108 978 2312 401 1309 2495 1155 261 4203 2287 1175 4510 4690 462 2322 3217 756 2790 1134 4409 334 3825 1455 1333 865 3882 4590 3395 1265 2094 333 2650 3924 3240 2162 2533 1614 1421 3263 4152 1178 1852 2119 135 1941 1599 1666 3181 2089 33 1595 4822 2033 1487 3964 
4433 1989 2809 1566 1974 4674 4861 2669 2200 3749 2388 2252 865 1617 4802 2139 2015 1600 4632 49 1861 2428 4381 1328 125 3086 1112 3508 3597 1469 298 3551 2112 4634 223 3732 4671 33 4397 3951 1508 4062 1759 2430 4633 965 2746 4630 2194 2277 1502 1178 449 2122 3160 780 2986 1515 863 3656 356 1553 4720 30 1227 3838 2780 571 
4757 4005 3393 1194 4847 89 768 1277 3017 4900 2076 1987 4362 4464 3563 963 1949 2610 4403 3541 4531 4858 1818 3760 106 2949 2301 440 977 4185 137 2891 4534 557 2780 58 3944 793 3755 1472 1626 1527 3483 3562 1859 2312 2293 2021 788 918 4148 4625 3611 1912 4068 1752 1336 1553 245 4349 757 3959 4117 2556 3739 4890 4299 2904 
839 1085 658 1679 1407 4007 4403 3122 4857 1931 4430 3875 3096 161 986 3714 4126 4214 1249 3882 39 1893 4394 186 4337 124 896 2040 3873 1197 4494 2985 2569 4266 2814 4362 3290 869 3115 295 1047 2492 4372 3725 2239 1811 470 4857 527 491 2251 3741 4767 2361 4344 1991 762 4333 2428 1117 3962 4155 4634 4353 2378 1583 1574 326 
4240 653 4068 3633 860 3037 1909 3342 4593 4097 1146 2694 3733 534 252 1712 3900 1262 3886 4102 381 1355 1076 4363 2433 4025 2257 3796 1347 2022 1659 3480 4351 4276 4832 607 602 729 1575 2492 2640 1626 1410 4203 4579 1900 1782 1150 2747 4096 3665 753 3499 1839 3890 491 223 1196 3536 3403 1856 4517 1828 3524 455 3122 3875 2322 
721 119 3429 3377 3177 929 2690 2677 2185 1936 3103 882 3071 2658 4669 2008 4554 3186 4389 1711 203 2735 2581 4742 2266 790 1277 3168 558 2856 4662 1264 796 4038 4855 1606 2867 2933 4053 1916 4156 1230 2125 3633 3439 4370 3148 1913 2421 664 4581 1008 2944 578 1152 4279 2631 3913 2361 2665 306 4367 1382 3761 654 820 3598 2895 
4205 1361 2940 2459 3501 3384 1738 1178 794 4032 1443 1778 2136 4631 3908 4156 3687 4840 206 4710 1826 4595 4744 282 4765 634 198 4881 2705 1742 2010 1782 3307 1950 2017 3724 878 1317 4570 4819 3056 897 457 381 3154 200 4105 4144 356 4843 2467 3023 809 2195 769 3782 2439 4216 2525 3744 815 1294 2735 776 3437 3700 2564 2489 
3566 3988 4080 3587 3746 2283 3141 98 3520 1214 599 942 2786 4881 1520 4282 2207 2659 1457 3944 4204 2466 4226 469 4687 2374 710 1323 338 946 3978 2386 1165 647 1358 2069 1935 3891 4506 4457 377 2554 4521 2875 3975 2405 1533 2342 1319 2985 31 3200 169 2175 945 4139 1783 3504 895 908 3112 1354 4504 124 1310 4708 3569 657 
3819 765 2463 2218 1490 2271 2247 4739 1573 1728 3895 983 2856 1405 361 1398 1066 1934 4453 2793 3760 1979 2926 1169 2405 1043 3198 2342 2924 854 4008 1527 1016 4369 86 1678 3699 443 4370 1429 979 4462 4895 1968 4594 3906 2538 2393 2459 28 1423 3243 1037 3130 1698 2548 3528 136 3103 4479 83 1156 2587 1141 3995 2088 4201 2502 
1997 4154 2784 2797 76 1179 4409 4136 1861 2559 4375 2259 4080 3552 1636 3520 1882 1421 3861 155 2001 4824 958 272 1819 4429 3047 3572 3221 1259 697 3075 4735 4303 2506 739 4587 3494 1123 3705 3044 4088 4122 3233 996 4447 4100 835 4131 1968 1458 470 4417 1269 2632 2283 4135 901 1590 758 131 921 4567 4186 1043 2634 816 1198 
551 3871 3677 716 2226 853 4423 4371 490 870 3609 777 2426 4082 672 59 1542 4227 579 4843 2456 2619 1241 2976 131 3996 3371 4126 2988 792 1923 3499 1537 366 3835 1786 2041 1868 2782 3245 974 186 3410 3227 1578 738 2811 4722 1425 3990 1521 2131 396 1570 2933 1944 1927 1293 4823 4826 751 405 3455 509 3964 2976 4779 4502 
3458 1332 2863 3755 1530 3577 4611 4202 1761 3768 1205 860 48 2759 1455 2566 157 2533 2717 3750 2765 833 2304 4506 2326 4390 3780 4514 2466 2034 1629 2625 1692 2296 2513 663 2868 1691 1705 3820 4522 1682 3841 1576 2190 3246 1086 337 3950 3253 4898 4202 13 4504 405 1358 950 4784 743 834 1565 1508 2388 2331 2935 2350 2609 4566 
4611 901 3818 795 428 2009 3316 888 4322 3391 2882 2047 1939 342 2094 4604 3757 638 2483 3346 2557 1203 1434 652 4085 4546 1110 469 3118 134 2434 4377 3811 1801 3287 2853 2022 1370 1912 2682 3221 2108 4457 688 616 1305 624 4259 1625 1917 4356 42 552 919 3781 1973 772 225 1296 3249 2191 3079 1167 4545 4487 3416 4263 4076 
4520 867 3605 1878 921 1363 2979 4740 3392 3487 3014 3995 3236 1198 3912 4278 813 569 3865 803 359 545 1316 2053 34 2065 617 4690 3879 3750 3533 2663 1624 3104 2391 1124 1074 4565 804 4795 2225 3651 1536 1118 2577 2070 2152 1924 3824 3386 4461 3566 2041 232 648 4369 3391 1212 4258 71 4444 1545 1974 333 2560 633 1242 4221 
1644 1491 2527 203 4759 3876 2365 284 401 1627 546 897 2722 3357 305 1526 3485 1475 2451 2253 4627 4791 2814 2871 2560 4174 2525 2931 1344 4818 2881 966 3531 3432 3469 2449 3899 3985 1969 1109 3350 3876 4529 2984 2175 4899 3788 354 254 685 2662 817 912 462 247 1016 2971 2458 4493 2679 1175 2435 1794 2223 804 1165 3886 548 
2510 92 3913 1686 4704 63 3710 1406 4189 4572 3267 1904 1170 979 4809 3838 4831 2538 1786 1509 140 607 3976 838 845 1685 1948 2715 1579 2551 4793 1172 130 3978 2600 3345 660 4126 2313 4090 29 3407 1012 1927 788 1392 1763 592 2316 3369 3172 1497 42 3282 412 2202 1982 1040 1455 3851 1106 2755 131 1395 525 4893 2527 1925 
2923 1173 1837 4276 2576 861 3370 3699 2108 2007 2803 2921 4908 4359 731 4661 3975 3891 4359 1019 2814 3414 2945 3466 188 4694 4441 1871 855 1179 4474 4775 3541 89 4548 1350 1503 4702 2356 3482 1299 520 3110 214 334 4100 2672 4529 3393 3501 2393 2423 2958 2155 674 1492 327 1512 3377 1627 1670 3719 2711 4886 4643 4059 3489 3295 
2976 2911 2571 1704 3060 4717 3493 3819 2325 2437 2411 3313 473 1578 1637 1015 4538 2562 3147 1957 89 4370 3434 3891 3435 1415 3035 335 423 1924 3122 971 1986 518 342 670 2898 2092 1923 4480 3641 855 2116 2578 499 2656 2006 4743 4723 533 3080 1501 2496 2874 4507 3539 4273 1388 2829 269 4434 4858 1988 2421 4895 3754 3291 3493 
32 4177 1015 4498 3835 4091 3181 26 572 4627 3989 1227 4190 1630 2472 3626 4049 221 3074 268 3837 1801 1749 2702 4611 972 1098 4702 4219 537 2123 4454 1728 3899 2012 2117 3934 3370 2827 2215 4053 2955 2947 3699 2117 2174 4615 4760 4567 568 1502 3195 3506 209 3833 2943 2826 4244 3744 1237 3626 972 2445 181 4351 2770 10 1633 
2349 72 1718 4194 1917 1017 4238 169 2197 967 2416 1159 3556 2532 3878 2382 2907 3136 1237 3247 1759 1769 1840 198 69 690 3906 2061 145 93 4903 234 1809 1217 3016 4670 4345 2071 372 1818 278 2430 2258 1924 2701 3711 3267 381 2560 2576 3294 4096 2795 237 2683 4905 1432 4198 165 870 4844 2998 4750 556 2820 1475 2848 2794 
36 2442 3282 4418 2626 1376 75 4046 4689 1531 4496 910 2850 2713 3100 1591 252 141 3043 364 1313 464 4583 1233 3194 3398 3870 4874 3245 709 1607 1081 40 645 4327 4870 1319 3305 2757 2980 3444 217 4059 3654 4224 3776 4126 791 1330 600 3674 4715 4021 3421 3637 3407 3518 281 3365 711 4018 3134 1774 4642 4423 2818 4117 4273 
4758 1817 1778 4435 103 4291 649 281 3710 1814 3950 854 3183 514 557 4315 1809 599 4662 985 388 3610 2461 1572 1374 3006 2065 2052 4453 4893 4368 2418 808 1362 1952 3099 603 3496 2017 1100 2465 4393 3720 1019 621 943 1859 2741 2323 985 1519 4334 2237 265 1077 709 4810 932 2604 1341 712 484 970 3303 4466 2006 2410 1781 
4703 3037 3653 4126 4746 3422 4136 2908 4831 3811 2023 2424 3380 798 288 1551 1385 4499 3624 4503 2366 1812 1522 3504 2831 4704 2797 2276 3847 124 3308 2385 1125 1160 2990 4585 3405 3106 2665 4250 4531 2031 1180 2196 3272 4399 2078 3944 4098 1822 4420 3378 636 4199 2580 1741 1057 807 2726 3803 498 122 3948 3004 3124 2244 144 734 
910 117 1772 3634 1840 261 1291 979 2490 2323 1777 4542 3067 1914 3739 2736 2301 685 4413 1526 2731 749 3789 1259 1945 2877 2140 1136 1978 1725 4763 909 2195 4197 3681 1588 378 2581 3507 2681 1781 4433 2711 1530 114 4555 577 1218 4488 4017 806 2689 1410 4085 2452 2045 749 309 4579 3037 108 1644 14 2401 3826 1182 1465 2874 
4393 1396 1858 2733 1421 804 3142 3301 720 1087 1346 4489 3253 934 1793 2334 1095 2180 2514 35 3802 574 4145 4888 1323 2915 887 955 4001 553 748 423 4409 1868 2667 340 1721 2227 3579 445 4885 1598 398 1053 4190 326 2076 3879 2499 3250 832 3134 4041 581 2536 4587 2283 3728 1031 1490 3969 908 3446 4581 3299 3461 1088 2160 
4752 3540 623 2651 4106 4533 968 2983 4865 4225 4576 2817 330 4731 3674 3282 2385 3837 4723 74 4798 4065 4106 650 877 767 2527 87 4383 2329 2970 2713 2599 2088 1631 3346 4084 1824 3039 4586 2974 4519 1102 3109 1406 1168 191 1559 1503 319 4824 3577 4841 1650 2472 4877 1441 793 2495 2275 759 4711 3846 307 1138 2701 1411 4349 
4551 4855 2244 1090 826 486 3254 496 4787 3129 823 237 803 1462 2613 3178 2394 3822 1187 710 2542 2344 1898 1801 145 2365 3442 4392 938 4301 4234 2555 4829 3043 4680 3651 1257 2857 1041 1335 2744 3448 3422 944 2448 2882 1647 4010 2715 1428 4049 4709 2449 2348 1569 3695 1957 3117 1822 44 3889 2434 2979 2343 812 2048 3757 1693 
4753 4806 1132 3472 2538 3489 4701 4055 3892 2219 3718 2082 4132 2750 845 1900 3462 4103 4281 3936 106 3842 1646 1867 1452 2824 3599 4709 2766 4409 2362 4865 2922 3160 2626 2821 438 1440 3116 4408 1450 3506 4535 3416 1759 48 4839 3053 1086 4800 934 1554 1727 3868 1862 1323 3342 1861 1812 2523 464 1200 1960 2932 2565 1240 3451 1185 
1054 1423 2960 2953 4885 3160 429 325 2241 1034 3275 280 3827 3878 2066 2159 3021 4900 2417 3486 3726 2597 215 1512 3041 4120 2708 382 1995 3120 3090 592 3600 4240 93 11 4224 1706 1177 2805 524 2768 2210 2255 308 2794 1988 3089 638 2377 395 1326 2549 2588 2130 3270 1673 398 4804 3263 2864 4215 1621 3761 4082 4238 3191 4472 
1498 2016 4861 2555 1941 1082 3975 2066 1126 1126 2942 4290 4267 2549 2085 207 3593 2542 1769 4190 2085 2026 1255 2347 3624 2696 4898 1090 3609 2095 2323 109 4504 3881 3344 1923 1439 1222 551 186 3511 3697 1291 816 1470 1580 1961 4423 3946 1505 122 518 4377 3126 1270 1610 4011 2327 1544 2971 3229 4143 2453 1324 2201 4705 3675 4879 
3214 326 2481 4176 1330 4425 4325 1056 2121 177 2106 47 4313 3067 2479 4443 3687 2226 982 3848 954 1824 4875 4726 4890 3302 4261 2312 119 1420 1719 4304 2385 518 399 202 1207 799 4197 2084 791 4742 3439 2718 937 3190 2468 2599 1863 1275 4391 2413 406 149 2947 1777 3830 451 902 952 3101 3433 1108 4819 2186 3630 1289 4188 
667 4679 2084 540 4039 351 3089 3740 3254 3770 1623 4000 775 975 1435 3571 1008 3016 2930 1131 1787 2515 472 4328 4172 2697 4026 2723 2979 2248 2266 1490 1808 420 4175 4726 139 3359 2776 712 3769 2911 773 998 1743 2241 1185 1089 3466 1234 3205 4695 1836 2183 719 1172 4020 3799 3204 1466 2305 1388 4785 491 1700 2224 4174 3838 
3532 2523 3726 4886 3062 1140 2463 68 1292 3986 2562 1049 1564 4164 988 3613 4450 2946 4159 4127 2320 1383 4557 3847 1045 2188 671 4128 3601 11 1343 2113 2495 4261 2813 745 1711 3930 4790 4811 2836 2130 582 3780 3800 914 1174 3237 4787 1268 136 140 69 2894 2035 530 1019 1532 3476 2239 4907 4526 157 310 1146 727 4617 4807 
3248 963 1376 191 177 4534 3631 1720 2336 1144 1916 306 1003 4269 1991 83 3152 3544 2701 3892 3798 2699 2663 4335 1023 556 1393 2908 3864 2815 416 3158 3634 507 2153 1692 1444 3060 2951 3005 1992 3609 1017 572 3789 4548 2167 1393 2631 1708 4036 4694 953 2731 2312 102 258 4287 4237 2035 940 888 2299 2901 1562 1323 1484 2799 
340 757 2167 2377 1446 218 3555 3327 3031 321 2032 937 362 844 1871 3475 4719 634 2253 4422 746 4276 4722 1819 4452 231 103 1542 185 100 1401 2108 2530 1066 3929 2320 175 925 1332 1877 4298 2085 3734 4208 1535 2834 4433 3970 1490 1896 22 723 2893 1650 285 4762 2063 3826 2877 1691 270 106 1776 2260 4242 3161 2678 1122 
1709 1037 2543 4825 2852 1310 3271 1442 3535 2553 3532 2863 4535 4637 3843 3150 3448 2534 455 4248 247 1259 3171 2493 4370 1472 1508 294 1498 3402 3147 1762 3413 3659 3879 4689 2990 4056 4396 3756 737 3266 864 349 144 1682 2735 2366 599 1898 4464 2764 134 2950 1348 2082 2633 2501 943 3737 572 2924 878 2420 2204 4146 3045 1638 
4299 2113 4344 2122 319 3843 1233 2134 2794 3453 1547 777 296 2935 4580 1953 3992 2100 1725 1262 3927 2193 611 3805 267 1745 3164 2911 1475 303 2710 3959 3847 4165 379 1053 99 1906 2115 3054 3744 3294 3312 4875 4193 3359 466 3692 3319 1574 133 3511 4489 4008 1200 3740 4826 3897 2223 2550 4561 3786 982 345 4495 4482 2470 4523 
1905 3096 4028 1321 4148 2820 2629 4118 3722 2532 70 2592 2469 2802 2107 1512 1909 1241 4738 4267 3755 4194 3489 4135 4516 3747 2699 2006 4830 1837 3098 3111 1661 2167 2544 4195 407 4187 4772 23 4792 10 2130 4226 4306 808 3101 4104 526 2836 2319 77 1885 707 1233 4460 4529 295 2559 2716 133 45 2173 1566 306 4506 1111 574 
127 3585 1923 2194 4703 226 4414 480 1973 66 4223 768 3359 1608 2237 2035 1651 3581 4409 749 353 4881 3763 3768 4159 4829 3793 3497 1229 4776 612 3422 120 669 4525 1066 4599 3680 3376 30 1291 2171 4701 826 360 2508 556 1810 1294 962 22 3220 3164 2714 3592 970 3554 2311 4413 2198 4036 1083 4840 306 4818 4298 367 684 
3536 4272 4845 1244 289 4551 471 373 1990 3100 1902 1439 4098 4566 1023 4767 4846 4598 4699 2257 1690 2429 1852 2081 4442 575 2706 3176 1817 309 3091 3696 3578 2550 1633 606 4248 387 3588 4333 519 4666 2276 4905 4338 3353 2329 874 3298 1992 3138 2427 25 275 613 2150 284 1754 665 1351 2345 3816 3925 2481 1419 582 1369 2373 
2777 4274 4069 738 1160 43 2502 1146 3868 1746 1766 951 4472 1699 2106 3210 295 2362 3740 290 3661 2526 2473 3945 4555 32 3038 895 830 2960 1664 44 2012 692 1551 4831 514 1872 3286 2189 521 257 2640 1694 1126 2981 2421 255 3018 215 989 3686 397 4567 4861 212 2144 3913 2923 2945 1828 4325 791 3171 4141 1515 3885 1499 
554 3485 1512 4106 2243 1854 2835 871 1809 394 4015 745 2339 3988 2329 1264 3837 4215 4245 4415 3995 3430 3005 2687 873 2612 4698 1678 2854 1835 2443 1623 4222 4709 2457 3099 3245 4841 4724 2534 2275 2549 3761 3035 1685 3801 4074 1059 2055 4194 4650 3921 1145 2072 370 4753 2093 3733 944 15 4515 720 2563 1664 2461 4599 3836 3006 
589 1867 1822 3853 2208 3106 4318 2014 1257 911 325 206 4297 2053 2368 1623 3579 3761 1527 1994 323 2970 2456 3536 1563 3584 1306 3263 1663 292 660 4437 2187 4663 953 2779 3590 1978 4604 600 1439 896 552 261 448 4337 1233 786 4747 3901 1088 3358 4582 1905 4317 1200 1036 1302 751 4674 3350 1788 1139 28 1738 1402 1541 2032 
475 3275 1294 2851 2536 3177 4294 4137 118 2780 4628 913 1208 1251 873 4185 3967 2066 576 3397 420 4426 2903 3214 4675 3860 4587 325 3879 3479 635 4505 4307 4665 1345 3402 833 1556 1581 4478 4360 725 3815 4647 3697 1223 844 1834 3373 4706 2284 2600 3923 248 932 3849 150 3282 174 2096 1566 426 4052 109 1847 2659 1440 2632 
587 682 3993 2646 3108 1568 1783 1385 419 802 1063 2730 1643 2001 2849 3841 778 4171 1041 4494 4198 2588 1183 1956 3682 4242 4443 2826 2535 4030 2963 3454 2734 4341 3425 4443 3241 3324 4036 1129 4868 4091 4873 1237 336 3775 3431 2516 3560 4519 1449 2146 1430 351 2110 1433 166 1856 4694 800 3773 4141 3696 4425 4629 73 697 2349 
3978 4225 789 952 1966 4789 3704 3857 3921 1750 341 2606 4442 1657 2007 237 1047 2289 673 3446 1869 1908 3339 749 1531 817 543 3889 1005 3810 1077 3091 2888 4636 4300 1695 3238 4183 2308 753 1607 3623 3085 1832 1266 4253 335 2511 4270 4198 1459 214 3234 4362 811 94 2187 4526 3276 440 864 2847 1229 2536 3130 398 4126 1389 
296 970 1113 2199 4277 4664 4621 2534 344 2250 3886 3237 2391 610 1189 1590 101 737 2005 4429 1279 796 508 4412 1483 2928 1893 1008 2321 1900 1999 4598 2867 1907 4309 2753 4271 4641 1843 4167 879 4772 4038 3129 549 4470 4607 916 3841 70 480 2100 2692 2050 393 1590 2855 3063 2184 229 2224 473 3831 3591 4527 4281 4651 553 
73 1473 2592 1932 221 850 399 2010 3535 4345 2401 912 2805 2198 3071 3720 4768 2669 3946 1453 3752 969 17 1487 65 4603 3143 4836 3577 4106 3792 3146 2638 802 4496 1326 333 4679 1854 2482 2817 1256 4240 1576 3412 1667 1841 4504 2335 3881 4091 3335 3907 4637 3560 129 667 3883 21 2821 628 647 4444 230 3735 2292 4420 4520 
797 4092 4324 140 3993 2632 4443 4023 3851 2671 1143 1730 4671 670 637 3019 2530 1019 4709 879 424 2776 1691 4102 2327 2162 3754 1333 4320 1860 4262 2859 2834 3366 4053 4398 1572 2793 2771 839 3309 903 1821 3623 785 4220 1771 543 2941 4348 2788 78 1883 1709 4726 3569 1794 3480 2616 1207 31 19 3256 4888 4756 3550 2326 1739 
3970 3856 1941 1967 2633 950 1328 270 4324 1870 2283 4349 3738 2778 75 3451 163 3897 2974 1143 4394 3993 1501 357 2211 1658 1312 1906 3541 3617 1605 3506 942 3568 1471 3014 1303 592 4867 4353 1711 1607 2216 2338 975 4245 3454 1003 4893 3782 1612 98 827 2384 2416 2284 1350 2341 3571 3344 2526 2842 2889 1794 835 3957 2542 3781 
544 847 3468 12 4400 4278 2235 2766 1384 263 2791 1932 4580 1201 3027 1705 249 2365 2283 2162 363 330 1697 4759 742 4407 4310 90 463 1620 4295 3527 2753 2520 2272 730 4362 1525 227 2854 2502 4441 4434 2175 796 2086 3715 1104 913 58 2247 1234 79 38 482 1171 3051 629 938 1021 308 3726 1343 2345 2356 3995 1063 642 
4293 4349 3822 2730 3440 4016 2238 2173 4394 775 2216 3995 1238 1987 3511 2838 668 2002 1581 1608 2133 3510 527 240 1353 1147 2113 3775 2389 241 502 575 45 4298 42 991 2166 826 3718 1362 3546 2764 3363 464 2301 200 4390 4755 4281 3884 3176 782 873 3021 1271 1124 3128 1614 4316 3934 2900 2650 4702 1007 3490 4480 4576 1293 
3819 4498 3524 3693 1611 4567 4165 3725 1756 2518 3496 2582 4230 2698 860 996 1696 99 200 1308 2994 403 1034 1476 385 1289 524 1152 2899 2800 4472 565 843 2364 2239 4776 2325 4218 508 1892 3679 306 4139 4129 4774 3154 4445 966 2010 1680 2787 39 1539 1235 2739 3873 3138 1895 1791 4175 2954 921 65 2948 3352 4101 1912 4741 
1113 3186 4886 4073 230 1171 368 946 2949 2741 2099 575 679 2250 4390 1857 4309 4109 1735 625 3738 374 1638 4022 2279 4654 4023 661 2116 4297 2802 2735 2131 4616 1654 4392 3554 4081 3422 4769 1009 2521 4108 1949 830 923 2312 1896 262 4163 1524 1390 1749 2644 4478 2887 1600 1071 2419 187 1371 145 1355 2439 2230 3004 1507 1133 
492 214 813 1893 497 4457 4558 1957 4070 146 4196 1818 241 1549 3294 1846 3150 1588 400 492 3329 538 328 690 3857 552 4110 4110 647 4489 4083 2410 1629 4433 4835 1874 2446 163 3045 641 1037 724 3330 2465 3180 2743 3442 4669 1399 4243 4486 4205 2573 1585 55 3051 1980 2186 3617 2745 119 4266 997 3665 3360 4675 4293 4148 
3895 78 3115 1065 2377 2977 4192 2640 2728 3475 2111 2545 3801 1407 4255 1170 3865 1086 175 537 4501 1039 4594 2179 4323 4439 4587 686 184 782 765 183 538 167 2119 593 2341 4217 208 4013 4908 2288 3156 1601 326 2175 1437 271 4826 777 712 84 741 316 2302 999 1843 3684 4399 3854 3118 442 1979 1351 392 3746 1902 2990 
2409 2349 1746 2548 2886 614 640 1963 2230 1097 1061 1818 648 291 4632 717 4427 4855 1343 4184 356 2843 3289 4612 548 1664 1723 4328 4400 430 1109 2348 1841 702 1626 758 1978 4085 846 4041 3515 463 1781 2758 4500 1222 971 2585 746 2064 1387 1677 3250 1945 853 1960 3590 971 177 1814 2943 213 3425 2541 4149 4282 658 1588 
1781 565 1420 1332 2411 4412 2118 3109 566 2612 3079 2529 2436 2890 3726 2076 2163 3350 2580 778 4485 2827 969 4286 2995 163 2534 3597 301 2546 106 3518 4015 3101 1137 3858 4476 4470 3028 3823 1200 2561 4791 665 4196 706 4345 3850 149 1415 830 1570 4820 882 4557 4169 2588 1349 2601 4002 2138 2412 279 1790 2013 1008 1095 4022 
2434 603 1899 972 2411 1070 1532 3306 2026 29 2926 2079 1764 2791 1141 1232 866 4543 2840 35 811 2493 786 4228 3530 3684 338 668 813 377 2227 2490 1324 3907 2470 759 4273 4099 2831 2595 3983 2361 3274 1328 4389 3840 755 4853 4451 3072 4383 2425 4130 4642 378 1681 1546 202 4243 2413 4191 2103 4049 1001 783 1315 1474 1453 
3157 4358 1975 1472 2975 3054 267 333 559 3579 2673 4428 1348 4406 2080 1702 4534 2369 654 1582 4158 1827 3410 2391 2914 742 4619 1296 3053 4833 1012 1051 4790 2516 780 662 4665 4100 2330 2422 1137 3150 1535 2912 4001 1708 836 818 3009 699 2666 4564 4858 3737 4699 101 3413 4194 1733 382 2609 3997 2543 1263 4238 242 1287 1591 
2715 3647 1239 2654 902 1611 125 283 2557 4835 2369 320 4832 3860 1553 404 2615 1060 832 1632 3790 708 243 1709 1518 2860 2103 2925 1416 4264 3588 722 4242 1443 1946 691 4159 2760 2594 441 443 4437 1047 4168 1389 355 4569 2170 3445 4728 830 3738 441 614 992 3082 1516 4299 1457 2634 3124 2262 4869 4723 2611 595 4630 184 
2586 3573 4022 4627 2158 978 544 2283 2229 3165 1353 3200 3610 4651 2872 3650 814 879 788 491 2215 453 859 407 1799 3673 4589 2753 441 768 2670 4497 3292 3477 791 1170 2285 686 2323 3326 4627 2972 4007 3903 3447 2722 2690 299 3082 4787 3391 2970 533 3579 2854 3670 4505 3336 1072 3677 4443 2392 1451 3844 4215 143 2194 557 
241 2918 239 92 3586 1011 209 586 2809 2948 3177 1675 1546 3648 2330 4582 1151 4637 2594 3069 4338 251 4034 1006 1886 2310 4085 2859 128 1201 4058 3127 1541 3466 876 4735 3056 3943 648 4905 2648 2797 728 4003 3065 3829 4147 1723 3693 1703 3883 3403 2063 2867 4228 2762 1978 440 3266 388 4587 2892 2803 2292 694 3971 1001 1916 
3878 356 4384 843 2910 485 2203 1554 605 1107 3860 1858 931 198 2147 1888 4468 1293 3117 3763 82 2766 3743 4805 4489 4228 919 3684 4517 2975 550 1177 2761 2193 4634 909 1658 3470 3916 2567 1919 354 857 4078 2715 4551 2931 1943 4353 4439 4573 3243 1952 1057 1921 1557 4067 2792 3871 1424 2784 2892 2128 2340 2272 4096 681 668 
325 3887 1245 2311 649 2143 1310 483 2330 1284 2413 3697 935 4876 2900 4085 192 2800 990 326 1505 1553 3527 4617 3786 3503 1950 1329 2461 2787 1211 3092 386 4197 4377 1459 2553 377 2221 3287 2877 2119 3454 632 1882 3726 1481 3491 946 3575 2770 130 1072 2213 2011 1372 2533 1579 1590 2120 3505 2965 4371 33 1258 4869 1363 1196 
3955 748 1184 4558 777 114 3465 1937 2073 2472 3249 4467 2811 4741 793 4629 1994 4673 2484 2451 4064 1530 1369 514 4681 4830 3556 3930 4323 3079 815 4450 830 1215 2478 867 4800 522 3104 2200 2783 895 2388 4040 1469 2949 4002 4379 3240 2830 1149 2835 3897 2774 4760 3436 4562 2638 4220 2331 3480 2443 2312 3642 3996 3116 4783 4479 
2425 3876 1490 1312 2687 1140 1753 2293 451 489 2874 4389 4639 1192 76 3321 3992 3035 4419 457 2435 4070 2707 1849 1416 4364 2343 3970 1649 3893 4826 1855 918 98 2456 1112 4799 3203 2121 2835 3527 2152 474 3921 4318 3326 1659 3944 545 2866 3744 244 954 1837 616 4733 2609 617 1468 3812 1515 851 2238 1589 1037 3032 2411 3240 
126 1640 2459 4686 3414 3521 630 2003 2268 1522 4296 3520 2410 1595 456 4535 203 401 786 1377 2649 1448 2907 857 723 1042 756 262 1364 2908 3939 3329 1556 3108 1428 292 1112 86 2235 4172 233 1993 4188 418 1737 4297 806 2933 2799 4730 4501 3240 3290 1204 2557 4359 1012 2968 833 3429 3859 3320 1217 1109 563 1027 98 4164 
1970 2488 4568 1043 2826 2287 3274 4354 4641 592 708 3234 608 467 133 3502 4221 3984 4722 4515 654 4011 3279 3723 1044 643 960 1953 3544 467 1003 4343 3171 3982 4054 1999 271 4237 3681 413 4299 3463 2397 4172 1896 3938 1995 2637 968 1519 4784 1874 2312 4195 4334 4293 3603 3860 491 28 774 161 3509 3290 2041 3025 2029 1510 
1362 3625 3406 2495 4262 1110 2907 3697 895 667 2232 919 3621 1276 2489 3662 2514 1361 1752 4255 617 1727 1336 1888 294 242 416 1196 689 2599 3951 574 3959 680 3016 181 3805 3116 3384 3569 2504 2735 2326 1945 2874 1885 1761 1741 1953 2278 2121 82 4318 4654 4442 2280 4216 1405 276 128 2069 947 218 4885 1000 1994 3782 4833 
4088 4546 12 483 4107 4452 1737 2688 1010 4092 1936 786 2321 672 4907 2905 2970 4516 1721 386 958 399 1944 4485 2366 3137 2124 4626 2441 4066 2127 3815 855 269 677 2919 3122 2955 2459 4375 4894 3337 33 3591 4356 583 2413 3154 3175 4289 3124 2577 2803 1432 4648 3095 4206 4457 631 4485 4522 2572 12 4133 2847 507 3641 213 
869 436 105 86 598 3159 4036 2499 2221 1747 580 106 4801 4806 1231 1905 1382 4316 4591 1522 1695 4430 4775 997 4354 2859 1834 3810 2449 3500 1958 1461 2767 2691 721 2782 2754 423 3310 1455 3607 901 1795 3279 1641 2544 774 2911 2786 3625 2570 1713 982 2450 2885 313 1040 2262 2757 3682 1457 3714 3798 2132 158 4194 4519 1057 
2221 1172 3939 88 2060 4114 3639 731 2892 3332 378 3560 192 3785 3024 2454 2841 4454 3441 2891 2909 3050 2768 813 3771 1253 109 930 2350 3799 634 4314 3194 3409 1590 3514 4434 1148 3749 2095 1960 2988 35 2907 1631 1083 4511 1066 1189 1410 3643 4114 1683 2094 2354 2747 4410 2710 2099 3154 1289 2064 2317 968 2720 694 4601 3968 
768 4730 1011 4441 391 3476 4893 177 164 1211 1199 1213 2417 2931 3320 1031 1767 1360 4306 3773 4262 3640 1541 809 1156 4703 38 1171 851 1680 4393 2857 3988 2870 2880 3454 3628 889 883 4880 4097 3723 295 2346 1857 3519 446 326 1766 28 2049 1625 1543 1655 905 2920 186 2756 4024 2364 2218 1860 1010 4639 2634 583 4513 945 
3289 4063 156 4045 4709 2422 1487 168 664 3929 2601 3009 1720 2539 3493 700 4100 948 618 3385 3120 2997 4722 155 4130 647 482 2130 3016 4048 3445 3783 4774 510 4459 4183 4015 1680 2123 3015 4332 4359 438 134 1775 3360 2217 1801 3721 3338 2244 3947 567 751 3077 417 599 78 3615 2232 3985 1094 775 4450 2197 1973 4026 971 
4547 4566 3604 482 2828 3768 1190 4042 2066 2377 3771 2913 681 541 3091 4097 3508 2949 2852 3220 2289 4744 900 3891 2342 1697 3584 2031 3537 3018 2196 4064 363 2217 4307 1851 956 414 4594 2424 3840 1920 4201 1194 111 1972 1844 1988 614 3402 4153 2680 3789 3337 2956 1771 4363 1323 4074 4813 3124 4536 2064 4330 3584 3617 3538 2264 
940 3422 4541 1821 1989 99 4109 1098 4691 60 522 1495 94 3402 3098 2733 1114 437 3590 963 4248 4272 4040 4725 4342 4185 4143 1115 3548 2920 1796 4004 942 1472 1753 3733 3318 80 4329 4117 3666 502 2760 878 4161 4144 2498 4742 628 506 2889 3517 3004 4171 1356 1994 4358 2741 367 1323 696 1878 2278 4718 4593 1320 2982 1569 
1936 973 2831 4655 2290 4729 3515 2288 4337 379 4165 1220 4695 2924 2128 1089 4045 4870 2196 1624 4581 1890 3601 131 2481 4109 3800 1550 2356 3831 1838 3307 4867 4654 2651 1823 3497 3408 4499 2889 2464 4689 2454 181 3452 3137 4814 3129 218 3382 171 1312 2741 3234 4893 2124 900 784 4743 1404 3117 852 41 1492 96 4210 1443 2657 
587 559 1439 1903 3560 4386 3516 1721 2109 4839 4248 2580 1258 3434 799 171 893 3625 541 4457 257 1636 3328 3040 3291 2699 492 3249 4227 3004 1862 2066 554 4607 1954 3987 82 2936 1689 315 472 3972 1709 1612 3664 849 3094 3796 4849 1526 789 839 2039 3503 4009 4883 1263 3174 1580 2730 3578 671 3562 3201 4519 1048 564 4230 
1529 3813 1204 3046 3095 3355 1373 4273 1002 4454 1987 1143 335 4596 544 1446 833 4188 604 4261 3248 4602 2502 3777 4295 4839 1331 4749 4105 4753 3925 3780 1556 470 4824 57 1250 4041 1550 572 330 4312 1760 1438 3869 4194 321 155 1055 2844 4735 2774 978 4903 18 4615 390 4867 4042 4159 3528 786 3383 2185 228 1841 3700 4826 
232 2788 1843 782 655 4875 1321 3710 2167 124 3917 1808 607 1592 2006 3079 4514 580 1126 3371 1807 722 931 2078 3713 4049 2655 774 2986 267 2761 2568 3777 570 1743 2369 2009 567 287 1848 577 2084 2600 1695 267 3455 2496 2008 2782 731 2662 4818 13 3663 2605 3133 2341 2558 2640 2352 1243 4342 3220 2763 4618 2498 439 2251 
1046 1593 1409 685 4128 2955 4632 567 4491 1721 4287 4502 3737 3097 1526 3835 3413 3871 4866 3216 13 4839 2149 2325 3209 4395 1013 4707 753 4280 2754 472 2580 2165 4406 3904 4718 2312 2312 1271 3853 4830 2307 4479 2248 720 1233 4408 486 2982 2769 2510 2747 347 4763 647 2233 2884 1154 3489 3149 4394 1815 209 2925 3864 1037 3175 
3813 1755 3945 1712 2798 3689 3305 1225 3110 4539 90 641 2556 3763 997 135 1193 4419 2413 295 278 1922 3927 2091 564 2794 2135 4106 3885 1017 788 2809 2082 1472 3342 3737 4527 3908 2851 2300 1180 3506 195 3101 4477 1004 972 4712 76 1539 4288 2065 3214 1830 2091 216 3995 836 4728 2021 3445 1606 3895 1540 51 2919 4431 3649 
38 7 23
61 27 36
57 37 4
58 53 17
91 35 27
12 36 8
73 53 34
47 44 34
46 6 1
1 66 24
57 48 37
49 5 20
78 52 8
82 15 5
4 35 35
3 33 10
58 19 25
44 50 15
19 22 20
44 38 39
78 51 33
81 23 9
63 47 24
32 7 25
49 7 38
26 52 33
63 51 10
31 60 32
29 20 36
48 6 24
29 48 34
91 11 37
43 7 17
47 66 40
18 9 12
39 55 32
30 51 8
41 10 1
33 14 26
55 50 35
72 57 26
25 24 1
89 14 6
72 20 23
72 44 4
69 6 29
83 42 27
32 50 2
87 55 1
83 34 19
51 38 22
57 23 26
9 31 18
5 47 21
15 4 24
24 28 27
19 11 7
45 14 19
24 50 16
44 17 35
82 43 18
38 29 31
43 48 32
63 22 9
65 48 27
93 47 8
44 9 19
24 40 4
25 48 18
87 29 6
83 36 31
91 36 4
47 64 26
14 6 5
53 54 26
36 46 35
84 19 40
63 6 40
38 28 4
79 46 38
6 22 28
37 20 20
1 46 32
65 38 30
65 56 14
30 24 39
72 29 29
81 19 35
5 20 27
92 12 10
34 29 30
68 63 1
2 44 6
45 48 37
71 62 29
40 29 36
28 30 40
79 56 6
52 11 18
57 18 25
62 5 40
70 54 20
51 14 20
75 60 34
71 53 19
60 23 35
58 64 8
67 3 39
86 48 19
89 18 32
92 18 9
29 3 24
38 41 2
52 7 36
61 39 9
66 3 9
62 66 22
2 3 4
43 2 14
62 2 3
36 21 33
24 63 9
77 65 17
64 8 5
9 32 2
40 21 21
30 48 36
88 44 27
21 13 10
37 39 16
59 20 31
53 41 25
67 2 25
42 52 34
26 24 40
92 21 29
58 4 18
55 44 39
61 63 37
89 43 29
51 11 17
28 63 23
4 50 26
76 1 20
10 63 32
42 3 7
60 29 24
92 51 10
69 36 31
89 49 2
19 17 13
61 55 30
73 54 22
41 54 29
63 13 14
8 52 26
14 57 40
51 29 30
20 15 34
55 50 23
73 23 3
42 7 33
49 46 16
43 54 33
35 24 6
23 58 9
77 3 35
83 61 15
23 51 27
44 53 3
69 37 25
82 38 34
38 1 15
17 25 28
39 62 29
45 2 4
81 9 19
56 50 18
90 24 13
10 53 32
89 49 27
83 53 34
93 4 20
28 57 6
36 22 23
36 65 36
38 24 29
70 15 11
88 29 39
19 50 6
91 49 31
25 45 12
50 61 27
25 5 6
57 32 29
75 25 5
87 44 19
55 56 18
73 35 40
27 53 37
34 40 23
50 46 19
89 6 22
81 14 28
25 14 12
49 28 10
9 50 32
47 27 5
80 55 17
7 57 39
39 32 27
77 27 18
34 56 30
16 19 15
17 32 31
46 44 23
37 53 34
77 45 18
52 19 28
61 40 32
32 6 40
49 25 12
51 18 37
45 42 19
32 8 32
77 22 28
85 54 40
44 23 23
87 54 35
88 14 4
8 66 23
51 24 14
82 27 11
10 46 39
1 26 3
6 2 11
42 52 11
44 44 33
21 49 2
31 30 1
1 8 36
83 58 7
77 8 8
41 20 18
4 52 38
61 38 6
85 23 11
86 51 5
88 12 8
77 37 24
49 37 18
22 63 10
77 46 1
46 63 36
28 25 20
75 9 16
72 62 4
33 56 22
45 21 29
6 54 18
32 48 24
79 60 18
53 30 22
6 13 10
82 63 26
17 12 4
19 29 37
82 39 21
52 44 28
53 46 31
23 65 6
25 52 37
38 30 21
61 20 35
57 20 13
26 23 3
37 1 10
83 14 23
90 21 32
58 37 15
5 22 19
47 22 17
53 9 12
5 13 12
32 3 12
5 8 40
37 18 22
40 36 37
63 15 21
6 60 32
93 39 22
53 38 37
80 26 25
22 25 39
88 53 39
90 2 32
63 1 8
21 14 14
60 59 18
67 57 31
40 52 27
9 42 22
41 26 23
14 59 20
12 43 35
46 54 24
43 31 16
46 19 9
58 41 26
52 1 19
72 13 20
73 26 28
92 15 22
91 46 11
20 8 12
55 46 38
39 65 28
66 12 25
36 7 9
8 44 30
5 59 9
23 37 6
63 11 10
29 9 23
57 9 30
89 45 31
87 20 4
2 61 3
32 42 24
29 38 34
58 5 10
85 45 23
29 21 25
64 62 16
53 2 35
37 61 19
11 19 16
13 66 17
35 34 29
10 61 9
46 48 14
11 29 33
62 24 36
76 63 19
70 24 37
53 25 23
66 57 35
34 51 12
35 62 24
18 66 18
1 38 17
17 48 26
13 23 22
43 23 31
33 40 2
8 59 19
2 4 36
53 3 24
59 15 10
81 57 17
28 42 5
35 6 13
30 10 3
92 42 29
28 22 5
17 28 8
82 61 15
19 48 38
47 19 24
33 5 32
82 64 3
27 26 35
34 9 5
72 13 25
40 42 38
66 60 30
87 24 16
25 40 34
85 12 33
26 47 35
4 37 33
45 13 37
31 51 16
13 37 13
73 15 10
7 12 8
82 52 6
52 41 12
88 55 27
41 39 33
20 44 7
43 28 13
26 29 22
83 3 5
71 33 36
13 64 20
9 35 2
70 40 32
32 66 1
13 14 17
1 52 16
54 1 33
51 35 13
82 51 35
39 12 5
56 3 8
9 15 26
48 51 4
65 62 1
40 46 35
27 63 24
18 56 33
42 43 35
4 35 21
4 15 34
4 2 10
4 29 4
6 43 36
68 42 21
88 12 35
4 49 8
90 19 33
73 50 29
64 52 11
42 5 11
56 66 26
89 31 11
82 63 6
82 27 37
25 10 7
4 16 25
74 57 27
67 14 34
76 55 23
66 50 12
17 62 14
19 55 26
92 64 26
84 2 26
22 65 30
8 2 14
70 65 12
24 64 30
78 65 30
92 27 19
26 38 11
9 18 7
50 47 35
4 16 24
93 23 23
79 59 1
85 33 33
40 55 3
20 14 25
53 3 24
37 2 1
82 33 25
63 54 38
33 15 35
11 23 30
53 28 23
81 52 13
89 14 2
81 37 4
7 39 38
72 10 38
46 7 4
2 43 26
37 11 19
32 32 24
60 9 6
79 21 38
55 14 33
42 58 13
69 55 24
75 3 16
66 52 11
30 43 22
45 39 38
84 52 40
4 57 3
30 45 8
78 16 21
68 47 21
53 35 32
59 65 27
27 8 15
52 37 7
17 6 15
93 57 26
51 65 18
28 15 6
21 49 39
84 15 1
83 45 40
35 42 14
4 15 34
24 7 18
4 7 15
89 58 20
72 56 7
90 17 5
15 41 9
60 34 21
86 25 24
67 23 31
89 30 15
1 66 2
81 19 35
90 66 3
34 6 30
48 21 21
81 9 34
82 48 37
24 47 25
64 50 13
36 20 10
18 34 38
79 35 36
62 57 33
38 29 29
72 38 1
15 27 37
83 64 10
73 60 16
89 37 2
65 45 36
13 14 2
60 32 10
78 20 21
91 61 1
86 23 10
47 10 37
24 66 38
9 35 9
73 6 33
3 39 18
45 33 9
46 28 9
18 65 26
74 52 1
89 11 12
38 62 3
35 40 11
42 32 35
61 32 21
25 17 11
70 62 1
63 47 22
55 4 14
17 58 37
45 37 22
25 28 13
33 13 17
7 18 27
13 38 22
90 63 30
25 48 23
70 41 38
55 45 34
65 61 2
64 15 34
22 3 7
85 33 22
61 1 12
14 31 2
92 11 14
10 36 30
43 21 37
26 31 27
58 62 35
76 46 27
87 55 6
40 45 31
33 61 27
6 58 12
63 12 19
78 21 35
48 43 2
45 2 23
67 45 3
81 19 12
41 21 29
88 38 28
46 28 22
27 51 33
76 28 7
1 7 37
49 51 6
30 21 33
60 54 23
71 39 28
68 41 8
74 52 5
90 17 11
7 29 4
89 29 23
70 62 8
45 41 33
19 42 7
77 52 36
48 35 5
76 51 12
16 5 34
17 66 6
64 65 4
83 2 3
80 17 7
53 50 13
4 41 29
24 35 6
16 24 38
17 60 32
20 62 19
39 4 16
37 46 33
50 61 8
65 30 32
26 60 34
38 40 24
60 38 38
68 46 40
14 8 2
44 45 22
27 51 38
28 9 3
78 61 23
89 26 32
74 4 1
26 50 4
82 35 37
69 6 23
60 43 12
86 37 29
57 41 27
62 12 19
42 43 10
15 41 36
65 17 11
5 60 32
50 52 33
79 54 36
64 55 9
25 26 20
23 50 34
87 27 4
11 26 2
89 18 19
44 17 11
79 65 26
60 29 9
65 64 15
64 54 27
28 10 17
42 63 15
87 12 36
33 36 8
17 49 17
47 29 28
8 14 40
46 9 32
25 11 19
85 4 18
1 26 30
32 61 39
22 39 37
58 42 26
45 26 24
48 54 16
61 39 2
76 46 32
62 33 8
8 53 20
56 34 22
57 25 38
6 25 12
93 8 10
81 56 4
71 48 15
26 15 5
17 42 2
88 28 26
52 4 6
31 22 13
7 12 20
43 36 38
56 30 16
40 23 6
9 11 3
11 48 22
33 2 28
66 17 6
75 39 26
89 29 25
74 15 20
68 63 7
56 8 39
16 50 3
82 14 32
37 47 34
4 27 27
78 3 11
24 62 37
23 57 32
52 38 35
33 65 27
24 49 9
50 19 34
6 52 3
77 17 31
80 4 23
43 20 17
71 31 19
24 15 32
51 4 24
86 37 15
53 62 35
76 7 25
22 64 9
31 21 23
82 18 40
60 28 4
49 41 3
79 31 24
64 27 10
90 18 6
41 28 14
17 32 5
78 44 40
59 26 2
34 5 13
82 34 12
90 46 4
91 16 37
70 33 11
8 62 30
33 34 19
20 54 39
43 20 12
52 6 4
45 57 28
45 8 29
60 38 13
21 38 31
17 57 27
40 31 28
70 8 13
36 64 16
62 33 13
4 26 23
49 48 35
36 8 6
41 36 28
52 13 34
12 13 13
55 47 28
29 17 22
24 20 34
5 7 27
39 40 19
5 37 6
14 29 17
76 34 5
41 27 18
1 62 20
88 44 40
90 55 17
46 63 29
18 31 3
76 62 38
92 48 20
29 15 26
80 37 14
34 66 32
67 36 6
37 10 37
19 29 37
5 22 25
76 55 5
44 32 21
27 14 25
91 42 10
39 56 3
16 3 9
37 31 25
48 36 1
70 14 20
55 25 5
30 28 21
23 4 40
82 59 40
85 44 15
78 17 32
56 2 21
78 2 38
22 25 34
52 23 38
37 30 16
70 16 3
47 57 30
73 43 12
11 49 6
17 32 37
83 15 6
69 14 38
15 40 23
89 34 39
51 15 1
52 21 23
50 63 36
6 18 2
42 52 22
72 31 8
1 21 28
5 32 21
82 9 21
93 33 28
1 25 29
18 23 7
84 11 16
30 55 3
29 63 32
19 55 15
33 65 22
62 60 36
14 31 4
11 2 35
82 14 23
64 21 3
31 4 22
68 24 10
68 65 16
59 57 11
35 37 31
76 48 17
27 52 39
26 34 7
29 65 34
60 40 40
91 17 37
35 30 20
12 19 24
91 64 7
9 59 32
3 64 24
63 59 14
51 22 8
31 1 24
4 28 3
39 42 18
45 36 26
91 19 34
65 35 7
35 52 7
63 56 14
65 7 22
42 43 17
47 20 39
5 64 4
57 6 9
48 51 36
74 15 4
19 40 32
44 3 11
17 63 31
44 26 20
20 29 2
47 59 15
5 65 28
69 65 22
85 19 27
82 35 23
74 11 27
28 36 14
77 5 12
83 62 7
4 23 24
48 56 34
82 19 39
16 64 9
17 57 17
45 6 11
8 10 13
90 44 23
52 17 16
84 12 23
75 39 7
44 28 16
31 26 1
26 46 5
52 37 34
52 41 39
73 64 34
80 3 39
17 8 5
13 14 22
11 39 18
36 52 22
58 50 18
90 24 17
25 52 33
93 2 32
33 9 5
74 56 29
88 56 40
27 37 19
60 53 6
49 13 11
46 61 2
18 2 10
15 30 23
41 16 12
32 16 10
81 27 35
42 32 12
21 43 32
3 23 19
5 37 16
68 27 9
36 12 17
67 39 3
74 8 34
7 27 25
35 53 1
60 22 38
81 31 28
68 50 10
77 44 3
4 12 12
91 8 37
81 39 29
16 31 25
11 47 11
41 5 14
87 4 27
25 38 4
10 9 13
91 41 16
37 5 26
56 24 2
72 54 21
80 11 16
7 20 26
26 37 33
44 51 23
12 32 2
66 36 18
14 49 21
72 55 14
7 16 13
28 40 28
10 26 17
53 36 34
92 12 14
85 50 31
11 41 10
70 49 15
87 62 36
54 31 3
21 12 16
26 8 24
2 63 4
14 34 21
60 1 27
38 26 8
83 55 40
14 45 27
80 55 15
6 4 36
83 30 11
36 32 25
58 1 20
14 17 29
72 43 25
57 10 8
90 65 12
51 60 33
78 3 15
65 66 19
15 51 11
68 56 10
4 46 2
25 2 25
32 28 40
89 47 37
58 53 18
77 37 2
26 36 3
55 60 3
61 21 2
88 58 34
70 7 11
91 17 29
42 56 30
21 56 7
4 30 8
44 56 23
36 17 24
41 65 22
24 66 38
79 42 38
60 33 34
91 28 24
18 35 31
21 6 17
12 37 25
93 59 7
12 65 5
70 54 40
86 27 5
17 27 13
1 13 8
13 15 8
67 18 14
82 51 38
13 27 4
78 25 2
69 37 21
72 52 29
18 34 24
7 4 39
13 66 24
60 7 39
84 37 11
46 41 24
83 13 33
71 2 18
56 26 9
26 15 25
21 17 5
73 12 7
70 36 16
58 46 16
38 29 21
47 36 37
45 63 12
59 46 26
20 2 25
88 60 18
28 43 23
93 24 1
36 39 21
35 49 36
31 48 18
74 27 29
70 65 7
59 12 4
43 20 1
10 40 38
36 27 38
93 61 31
53 3 3
28 62 40
16 30 7
36 56 40
84 54 33
91 25 7
40 32 37
89 15 6
73 19 16
75 52 33
25 48 37
64 56 18
90 57 29
78 55 3
76 60 36
44 27 2
92 25 18
93 63 37
70 45 32
8 18 31
59 24 29
59 5 21
14 45 5
62 6 40
36 5 28
51 38 25
12 42 11
27 13 25
3 56 18
83 25 25
50 30 16
34 56 15
38 46 15
63 61 29
75 48 7
38 46 35
53 1 10
22 3 4
58 47 30
36 15 10
15 29 35
70 13 31
49 47 18
26 26 2
66 46 14
62 47 40
1 36 8
88 29 10
44 31 9
8 41 1
46 36 38
65 17 16
83 35 30
42 40 21
22 20 22
58 44 14
11 10 40
11 65 15
75 9 28
17 54 4
32 5 31
8 64 31
32 10 27
80 55 24
5 42 5
23 36 2
92 32 19
27 51 18
44 6 11
76 2 36
73 10 2
15 30 8
59 13 7
29 65 22
84 62 1
65 40 22
22 32 32
63 45 2
92 15 14
29 5 18
19 9 11
31 59 29
12 64 14
64 66 21
71 44 23
81 16 33
10 35 17
20 2 8
42 22 35
1 41 17
61 11 2
66 58 19
1 54 31
12 45 23
51 47 31
40 55 17
50 39 24
22 6 7
59 10 23
4 30 9
24 66 26
37 15 8
43 12 24
25 32 18
72 26 15
38 23 15
27 32 38
73 40 32
61 12 14
67 30 25
18 41 38
11 15 9
36 48 9
44 11 1
31 66 39
72 30 10
26 47 23
41 53 9
34 61 20
34 39 36
75 8 26
80 8 34
61 66 18
12 5 12
30 42 19
9 43 22
21 44 1
6 6 37
20 1 14
81 40 39
77 18 32
44 39 19
30 3 6
33 9 7
24 41 21
20 35 6
49 5 26
1 5 11
77 55 33
91 66 13
61 16 1
11 11 38
27 59 28
30 58 12
89 8 5
47 12 18
19 60 34
89 41 29
62 38 28
56 47 12
56 58 8
59 23 32
81 58 40
86 53 17
26 42 5
53 16 27
6 63 9
87 9 33
65 55 28
4 57 34
53 29 27
45 7 13
26 18 32
66 48 14
62 44 28
61 64 19
77 4 37
81 21 16
10 32 37
76 59 9
46 3 10
40 13 16
37 58 32
9 47 9
32 50 3
66 6 2
45 28 9
87 18 28
74 62 31
25 1 21
23 61 27
57 24 7
56 8 8
22 56 16
62 65 33
74 9 27
18 5 8
31 54 38
55 25 1
3 51 28
75 26 27
52 37 9
30 11 22
78 60 37
13 19 17
13 47 18
4 20 31
85 11 3
11 42 25
57 19 13
15 17 34
11 60 17
83 18 20
43 11 36
69 33 8
38 15 16
5 48 6
52 11 17
40 41 3
13 66 20
6 29 7
63 21 10
71 19 26
74 45 33
60 44 20
27 29 36
77 14 11
45 20 15
17 1 20
37 47 5
11 22 10
93 25 5
26 20 19
45 62 15
73 10 33
60 29 13
85 24 31
38 38 27
27 43 4
74 9 29
89 62 10
63 57 30
16 59 37
86 25 35
25 31 33
15 14 29
60 36 35
28 59 32
35 39 30
55 66 40
58 44 29
15 57 30
83 4 12
32 25 21
80 23 38
3 2 15
21 51 18
30 53 29
9 14 7
58 8 8
28 45 36
18 16 8
27 65 18
68 52 36
47 60 22
39 49 8
44 10 25
43 7 4
69 60 14
73 35 3
3 65 26
54 13 13
68 16 23
76 7 37
11 30 5
35 46 8
81 25 24
30 15 16
85 26 30
59 65 16
34 17 32
13 56 14
88 49 7
52 32 35
50 21 24
7 27 38
77 29 6
47 16 29
87 19 14
93 39 18
15 29 20
1 11 27
33 58 31
62 26 34
4 17 17
65 66 30
45 58 31
4 31 26
83 10 36
65 36 17
81 19 29
74 26 8
47 63 27
6 52 33
44 60 1
9 36 25
37 36 18
34 45 25
41 49 3
54 65 31
10 44 6
31 6 4
23 44 39
56 15 26
32 51 13
65 55 18
15 29 18
3 27 27
57 31 15
58 1 23
52 19 2
10 35 4
62 14 10
32 8 14
45 28 26
46 28 18
57 21 26
40 41 33
92 18 4
59 27 15
68 65 15
93 65 30
35 55 9
92 5 26
63 29 9
57 66 7
12 8 25
9 24 17
89 34 37
39 4 16
4 53 5
75 57 11
67 46 13
4 50 10
69 7 25
9 1 23
3 14 33
11 56 1
72 23 37
65 63 36
7 57 31
27 31 20
49 54 36
77 36 17
43 3 23
24 27 12
18 45 13
61 37 10
79 8 34
38 34 19
7 66 28
84 62 31
10 16 30
71 66 33
17 59 2
8 33 30
61 52 33
50 15 24
1 56 36
21 43 6
66 61 34
77 14 10
12 4 17
72 46 3
59 17 8
3 10 24
59 49 31
39 66 13
89 7 17
29 15 15
25 66 4
9 5 32
45 63 17
36 2 11
50 1 39
20 22 24
20 14 1
53 9 25
42 32 36
19 2 31
80 19 35
2 47 3
70 25 7
1 8 8
20 29 40
1 29 36
26 25 19
25 40 24
29 11 15
66 12 9
59 64 10
35 9 33
23 19 8
6 13 10
74 11 28
7 61 30
77 41 14
37 12 12
61 20 27
20 29 40
50 19 20
54 32 27
79 58 17
24 30 30
25 32 13
46 33 27
40 29 18
90 4 7
13 45 7
74 7 24
11 11 15
25 21 22
66 17 33
82 38 15
87 6 40
88 29 19
18 27 1
40 37 15
21 21 20
77 49 13
15 23 13
37 6 27
68 54 24
72 62 25
61 65 16
36 62 35
33 16 16
19 66 2
25 47 9
41 50 10
46 12 11
38 4 12
58 66 31
29 20 14
56 53 12
83 63 22
4 31 30
80 27 13
33 38 14
33 25 10
1 6 20
