64 100 3907 67
4142 2499 2489 4862 3857 2375 3019 849 4693 3276 2582 1572 3012 3992 2866 1043 1897 1681 1208 2098 855 656 4496 2720 4085 389 383 4439 2726 1422 3847 1013 171 612 2933 2006 2363 2707 1043 4822 1548 3383 2867 3900 4223 3731 785 4620 3594 566 4232 3609 3155 2040 4391 1699 1399 2776 27 2430 2758 2226 4096 4863 4451 720 759 4014 3087 3547 1208 4691 1152 2684 2582 583 2282 1991 2360 417 1650 3022 1754 1971 4007 4368 3210 3811 4512 2341 1678 3090 4259 4208 4485 4451 3464 371 4147 2220 
870 2791 3573 4519 4684 1366 2093 2468 1697 3055 4093 2171 1819 4486 2194 3467 3805 3347 3811 4645 4153 1840 4023 1382 457 4512 885 1632 3869 3202 813 1855 482 945 847 2105 4763 4731 4483 2722 1688 935 3049 3878 807 1544 762 2556 3327 395 456 1567 4872 3131 1177 4138 1741 1844 3338 2643 3762 2025 2217 2759 2741 281 705 2916 1111 4136 1284 4390 2200 885 4787 1389 2242 133 4684 2391 262 2413 1749 3364 2111 3436 3323 4344 3095 3895 504 1103 4355 2334 816 915 1640 331 342 958 
2739 3258 3524 195 1341 2948 3107 528 4471 464 865 2274 1650 3188 893 1930 4604 2611 4678 739 1746 1703 3723 1454 3279 2942 2032 1011 2311 4392 1441 59 1962 1486 502 2554 3850 1426 238 1942 4271 2766 3165 1026 3256 316 1077 3961 4103 1857 1676 3949 1341 4029 4110 4413 3820 2337 3542 823 1003 2770 1876 2090 3532 3037 3093 1315 1388 270 3734 1864 1796 4460 2910 1585 4469 3552 2887 182 226 3641 2587 4641 2655 4371 4369 3456 869 1372 305 1334 595 1341 3328 1296 1100 2795 70 1132 
3046 303 110 3917 1846 3454 3926 2132 4817 288 2738 4402 2032 3055 4050 1700 412 3087 2836 2128 2406 2267 601 3360 2830 2337 537 4368 3907 2778 3857 1251 3394 2360 3191 2726 1659 2668 4891 3136 1718 649 2339 690 1418 4891 3143 2239 939 1358 3245 3176 3205 3952 4101 518 1769 1057 1176 2726 989 427 4403 1030 740 1861 791 3072 4426 1078 2519 933 4151 521 4675 4472 1648 2746 864 3223 1848 1264 1218 3804 3863 3519 765 2809 2980 3412 2844 4838 122 2625 2687 1781 1920 4202 621 1054 
4639 690 870 2119 3448 4601 1416 2366 2996 3447 1949 3727 2331 2196 1386 1957 1658 3809 359 2630 4743 578 694 1155 4276 1736 1337 40 3817 2172 3915 791 4057 34 2277 4875 4122 1670 758 1024 4327 3708 1211 3718 4894 3381 1424 3832 2228 2626 4402 812 86 3692 1177 3779 4008 1868 1388 1652 598 3602 4783 2938 4397 3592 4410 1119 2005 4796 2576 3718 991 2308 499 4053 3606 2745 1824 3205 3076 2762 3831 4475 4542 1358 2715 4048 470 2268 254 2796 1978 1431 595 4236 1257 3037 3450 4374 
2828 4556 4216 2834 3550 3691 2391 2816 2977 1887 2182 1195 2801 3667 2400 1622 1835 1689 2102 4855 245 1537 729 1623 3712 3799 3578 3176 3754 3812 3403 471 2808 1888 2598 3004 3829 3198 205 2668 3760 2492 3616 2744 1757 4126 2099 642 3486 2067 2124 283 1614 3068 1614 1325 3410 1668 4651 2001 1494 3922 2128 2372 4778 2966 2459 1353 984 2917 3537 4729 4682 3961 2608 4523 3927 1269 4497 2454 1847 4233 805 571 1639 2114 4267 4627 2875 1363 2175 122 1366 3360 3096 3314 1228 600 1308 3281 
4308 4262 1326 3683 489 2261 769 3670 434 612 3511 3262 2763 1197 1485 4403 4473 3478 780 4602 1871 4444 2535 3464 1860 50 3872 4689 2675 960 112 261 2953 1780 4541 3705 833 4717 1132 2843 3269 2809 3905 3443 650 4578 4513 1821 1502 1228 2577 1219 2908 3498 2343 740 2907 1722 521 1039 3564 2529 509 2766 576 2672 1896 1321 1365 1910 770 1804 1848 1438 1804 2959 3812 4564 173 2868 1703 3742 1646 4402 2563 3658 1264 4642 2251 4709 3041 579 3287 774 3240 920 2221 3454 87 3780 
170 4509 4232 31 4092 1615 744 2891 2163 4603 2028 3747 4431 1165 1582 4030 3616 1247 1375 1162 2841 3365 3021 2848 3926 3849 2911 4779 2410 2129 1555 4569 715 2934 3915 544 330 623 4437 3303 4799 3412 3098 3214 2834 2709 869 4852 3916 2848 2842 3040 1847 717 1321 2079 4329 520 3576 2528 3871 1794 3075 4232 1327 1730 854 269 1934 4074 968 2324 369 2716 1852 588 3184 1665 1877 3824 1169 1496 822 1534 507 735 2681 1602 306 2814 1253 3207 3191 768 470 3032 598 1275 2237 1218 
2774 4095 2114 1364 1995 1512 36 4797 1346 440 1492 2985 3858 3098 3194 2711 489 1828 1752 63 745 1693 1952 2269 2181 3541 4350 4631 4010 315 548 3297 693 2833 590 1745 297 1356 1716 534 4558 2530 2562 3944 4178 175 513 1274 1491 1367 4653 3377 863 2357 1739 2248 886 3558 3172 1388 2386 4617 2933 3239 621 2895 2015 2565 955 3073 3755 3853 549 804 2077 3596 1203 734 889 4602 55 1431 2756 3598 776 1969 2321 369 1601 1519 1032 98 574 2550 2990 4564 4197 3901 4214 4684 
4696 4698 2208 1380 1370 1325 167 870 775 4460 2390 4124 4310 1082 1587 3119 796 2901 3358 1869 4325 409 2777 4838 3240 693 2791 4257 633 276 2226 1235 3196 637 4845 3451 260 4286 529 4690 1920 4635 973 1811 941 4557 1966 894 2849 2714 894 251 3434 1748 342 1053 1905 1868 1815 282 2887 4752 4361 3657 719 1654 801 479 3231 880 2279 3972 4087 1080 4535 3602 1783 1295 1958 4391 3325 55 1720 2858 278 3073 4417 4559 2388 3990 1821 310 1773 4510 462 362 2674 2186 45 3841 
3080 789 2826 2539 915 4530 4093 4241 3438 1079 56 3560 1848 1783 4659 3781 2312 1538 3830 3971 4493 156 3139 2281 4591 1832 4901 4814 497 2778 581 4695 3628 2098 1974 1363 4620 3018 92 2756 2016 1814 4491 4834 1470 1921 2677 2078 3835 3645 4568 2360 2503 4447 2184 683 1483 2090 2799 1945 1862 4346 971 2613 1076 1638 2348 1633 3012 3004 529 4449 4209 2617 4564 2653 295 1026 916 1630 2276 1897 1407 1333 1615 559 4896 3862 1609 2955 374 3591 3315 3667 4277 1154 900 1650 1243 4149 
1034 3113 706 4519 377 3446 1997 1212 3925 2296 1657 2416 982 1672 4680 1034 1284 4362 2213 3554 1960 4431 3002 2251 3331 4789 3644 4646 1655 2979 3303 135 4727 3404 3417 2304 2571 1041 4324 3135 4828 3989 303 2819 3451 332 4566 1380 4308 279 657 4445 1484 514 4323 4471 1897 2268 3386 1502 4516 4386 119 2486 1519 1165 1141 2056 473 799 4792 4272 2139 2876 2189 3144 3879 1849 301 4511 2629 1394 251 1051 1739 1477 1051 1762 1324 4834 2119 2662 4442 3090 56 4732 545 2634 3582 235 
1867 471 2694 4425 3078 3816 1420 579 3430 3256 1217 3769 3554 2983 3063 4829 3882 3479 4124 1529 3378 1475 1602 2853 2155 1434 506 31 679 1637 2713 3426 830 4485 430 4593 1095 1156 130 64 3241 1928 4508 3309 3317 968 3371 3907 1965 3501 2071 434 2739 2253 2114 1882 2662 76 560 1389 3904 3565 2764 3389 1051 288 1784 550 4247 556 4465 1898 3544 4084 3613 4621 1050 1802 3554 2442 1973 802 4008 3087 1285 1939 3948 2645 282 2204 210 4297 503 1560 2418 2327 1172 4524 1633 2140 
1086 2839 2197 365 4014 217 2734 4091 4187 4173 1809 2407 2875 4509 558 2747 4001 3675 336 574 4115 4276 777 4504 4468 2938 2746 182 959 2627 1381 4803 1288 3764 355 3181 447 544 3175 1576 792 1537 693 1294 3407 3220 4394 2470 1414 4666 996 3693 1026 2690 1661 2304 1948 2933 1659 2755 3795 2345 1114 1520 3994 4831 391 3177 2254 3087 699 414 1711 572 2189 849 276 4443 3811 3159 2247 2686 3008 12 3156 1667 3215 3157 3807 3763 4284 1652 794 287 2782 890 1683 803 3959 196 
2190 2174 3723 3749 651 1661 3998 2329 2291 1755 817 2658 3608 3821 2105 4540 3561 2775 1048 4831 1418 627 274 4453 250 3592 4808 2329 4868 2753 329 4622 1202 3071 3731 2287 4079 199 1954 2989 1621 1986 1457 958 1598 2031 303 4624 1671 565 1150 468 2075 3224 1131 2410 4399 3832 2819 1889 4318 3548 4022 2931 202 3530 807 2479 3552 3821 3469 3582 171 4625 2453 1737 3139 4035 42 4513 580 3935 1942 2476 1936 4593 365 3066 2118 1127 1402 4211 3103 3338 569 2868 2868 1071 1004 2020 
3170 1865 2993 2400 2891 2062 3578 417 4740 1525 4464 2548 656 4828 2054 3946 4287 185 3470 399 2037 95 2587 1397 865 1991 1297 1448 67 1484 228 885 4151 4644 2814 327 2505 638 1648 2853 1878 3403 4210 3875 4178 2039 4425 99 4730 3257 328 95 3189 2128 457 2108 3816 2536 1339 3182 4504 4057 3657 3778 436 662 767 2224 4667 3740 443 1145 4504 646 4640 85 1597 1761 2028 1145 2100 2688 2538 1941 1171 3781 1474 3089 1657 1141 2571 332 3300 2731 2273 4218 14 3237 3680 4835 
444 1001 2250 4569 4781 990 383 3976 3125 4652 4021 2284 804 428 3575 3047 441 1299 1943 1115 4526 2816 3468 3384 4885 3174 4528 4136 3376 364 2840 623 3715 2841 633 3143 4840 1145 109 2249 2945 3919 4325 3915 4588 1160 3859 2293 3338 1266 988 1268 2769 4031 4893 4150 3829 1891 637 413 2794 3792 4581 2424 1611 2721 3831 1011 1664 4332 3526 2511 3448 4242 422 3686 1722 3202 2768 1093 318 3071 64 1932 1433 1072 2407 3798 785 844 1581 2029 2418 1332 3306 734 4160 4334 572 2054 
2597 4746 4106 3125 1496 2709 3582 4456 421 416 1664 500 630 2208 3685 619 2093 4515 4303 2899 4070 3713 956 4345 410 3488 4724 613 2077 1009 621 1627 2879 2642 2828 3467 407 382 1315 3888 1781 61 3247 4417 505 4600 1785 1016 592 1023 1866 2508 3057 3568 1731 3807 1693 3115 1318 1021 4163 447 3051 4019 3603 1051 3555 720 3569 391 4344 4871 3345 2658 2330 4449 1573 2944 2297 1661 719 4577 4559 1561 1606 1176 135 4079 2527 4897 2938 4774 2440 1681 33 1939 1497 3713 4729 2582 
4374 2348 1712 2654 3893 2681 2353 269 1110 3280 1263 537 4597 1120 2935 407 3710 28 175 3791 815 2156 15 329 2204 2661 1459 1327 4439 4443 2095 2013 1884 2886 398 2621 4557 283 3699 1619 3102 3793 3162 901 4312 2234 1368 656 368 2593 4872 226 2729 3882 1503 3590 4305 4164 1988 3292 4083 2217 2448 2194 3012 2329 2477 78 1362 4432 3061 2122 1141 4235 3273 3628 4153 2042 3017 1356 1787 2895 3822 4021 1162 4191 548 2939 3355 224 3212 1970 3622 2785 4306 3515 1440 2777 3093 474 
3487 2985 3810 3337 1741 1865 649 787 4889 3933 910 1297 2207 4816 1189 1195 4403 2005 177 3499 1857 4098 2752 3213 2672 1911 4310 1595 1850 2527 4358 1642 3761 2580 3107 821 4783 3331 2535 4740 3960 4408 4553 2532 4746 2427 815 4609 2347 2358 1014 4015 1062 1944 4178 397 2978 4131 4841 1215 1292 1511 1077 1763 4271 1156 4726 831 4782 3458 589 63 1800 2661 4068 438 3378 737 2361 3743 2514 4228 25 4358 2846 838 3655 461 652 3544 3275 2086 1165 3060 2006 3666 4011 895 3715 3939 
3179 4476 2246 4496 4485 1574 4151 4384 432 3374 3566 3899 3606 4293 279 4464 3020 4500 2309 2166 4126 122 2050 538 832 2201 3319 735 2435 2791 1665 4581 2260 2163 4500 3718 3101 145 458 835 814 1490 3742 2934 4582 1915 2347 4487 559 59 224 81 4341 2550 368 2229 2257 4566 2514 3263 4259 2447 3625 1627 303 2620 3206 42 3345 1838 1315 982 2561 3084 3580 3512 265 440 1809 1285 3155 4838 1463 4496 50 2890 1813 1794 1164 2435 3738 2307 967 1791 1524 375 2636 1068 3619 3542 
2440 4555 1654 1390 3309 4758 1294 2087 2663 4837 2705 826 4601 1659 711 3755 4760 1463 3604 2899 3929 1003 4737 3391 2557 2418 2925 1072 4543 1065 2745 4800 1585 1642 2271 4677 3097 3899 4682 3604 4727 949 2796 2424 2596 2781 541 1321 981 3567 1764 336 1585 1771 4634 2616 1901 164 2209 3360 4770 660 2327 2779 26 3708 917 2213 3489 2274 316 3133 4125 4576 4554 3791 3074 2359 518 159 3518 2712 2419 2537 3865 1859 3125 3206 4039 496 1972 2145 678 4260 3451 4524 152 2879 4200 2149 
3027 1065 2351 3018 3746 3981 2886 2425 1261 3627 2208 3047 1475 4282 21 1410 960 4349 912 3876 2792 833 1363 4294 4202 1430 2379 1581 4014 1971 1525 4767 3698 2022 4569 1865 3628 1624 3466 3119 3153 3209 729 4312 4388 1425 894 2207 4908 448 1349 3118 2700 3486 328 2456 253 811 2303 1550 1276 791 3957 3560 3942 35 2241 4337 3907 3213 3110 2188 4128 1154 2021 2396 1388 1165 3912 709 4003 1884 3516 4727 2992 432 196 4004 4330 1573 1830 2056 2481 3263 1000 2229 2670 1444 510 2793 
4100 3091 761 2331 3066 2393 2137 3833 4881 2736 1989 843 1736 1016 1427 39 2371 3406 580 2409 3763 381 4291 251 51 1275 1911 3512 4515 4364 4413 4236 3602 238 4810 4215 3017 4726 2064 3969 2359 1652 4408 4123 3053 779 4050 394 133 1718 2409 3733 3086 4496 3767 3530 4004 3859 4735 4135 1809 4741 314 4597 3417 804 2435 4178 3270 2728 4169 3191 2531 4786 1566 309 1844 1745 2659 2239 3403 4597 2377 452 2025 1993 1752 2289 505 3886 863 792 1877 3624 2266 3436 4208 2269 3668 2968 
2468 2689 68 4793 4284 2588 4446 3400 3953 221 3111 2434 1303 1464 3327 399 4118 1814 532 2691 4736 4795 422 2241 1669 976 1604 278 679 3315 3387 997 2931 4468 3819 4259 1166 1323 2019 646 2418 2256 546 101 4040 1821 1351 3034 2060 1533 2694 1869 2288 4439 80 3435 2799 496 1056 1960 1670 243 3331 4622 1517 4181 3044 4276 1796 2630 3160 789 2929 4589 4315 4590 4823 2871 3522 1443 3465 460 2054 3547 4488 4667 1083 70 3330 978 1082 1815 2491 4198 1046 4261 1300 3009 4372 1569 
2493 3912 1402 228 1518 1309 427 570 1800 2466 2747 254 3969 4155 322 592 2042 2514 4019 4367 565 3582 2135 4179 2572 826 4546 2717 4877 2532 1711 4361 342 4848 4606 4303 2667 1552 3427 2548 1626 3467 2845 486 736 784 476 2881 3205 2237 4796 3268 4877 744 3253 1116 4740 4257 4105 639 3996 1291 4536 2062 2571 431 2159 815 4351 4311 1699 2810 4650 4649 753 316 2313 2382 1374 2707 4582 4057 1659 1167 855 601 1870 4274 1020 4510 4079 2809 4714 2369 3720 4777 2863 4630 1996 3363 
3891 3879 1988 3888 1134 2610 4254 1979 488 4059 3383 198 2345 3937 3422 157 2779 3645 4656 4468 3769 4326 2041 1143 4776 2602 2267 744 2991 1778 249 2807 151 1415 1652 3255 2989 4720 1928 283 2190 3211 539 566 4678 4384 4627 1113 3519 199 378 1081 4519 3323 3451 3028 1625 2614 3188 3194 1371 2085 1119 3258 1842 3034 1341 3736 3241 4090 2938 1758 3804 380 3329 2782 1354 1969 1135 1088 3063 3423 2592 3296 2663 2976 3248 2080 1623 3378 3497 437 2454 375 3675 494 2761 4425 4193 660 
422 4764 4528 927 1014 1315 3894 4175 3126 584 2028 1742 3960 244 451 3150 1051 3026 2963 4027 1117 3996 4123 274 2827 4648 4575 796 2354 1186 1564 4518 4583 4038 4852 1898 4773 673 1267 1352 3950 1410 3552 4294 3098 1503 3849 3714 2821 4012 4565 4813 3014 712 1464 2133 3051 2168 2015 1814 3003 399 4076 1161 438 504 2333 1987 4592 1244 3326 2150 3231 3923 3470 796 4305 238 1581 4396 4552 1224 623 4237 287 1845 4650 4729 1118 278 900 4055 3637 4010 394 1414 4824 3321 1138 1063 
1663 92 577 4508 4795 3216 1954 941 2769 4687 4033 2174 437 4384 4902 1206 4806 4750 140 248 1836 4732 4544 4000 4365 3252 527 3720 2893 3505 3181 2319 4001 433 4863 1067 2384 3247 3693 1281 92 3914 3795 3850 2391 4659 877 20 3895 3400 843 4066 2937 4165 2694 3139 2548 3686 1956 2108 3128 351 1357 4463 3207 226 1093 4590 678 1922 1625 4685 958 3264 1198 326 2575 1683 4172 3180 1411 2099 3360 2374 2011 4774 4871 3538 4773 2460 1079 283 481 4576 3391 47 1469 1601 3102 1116 
3241 1884 1100 1815 1239 2240 1679 916 849 2422 3733 521 1249 1014 353 3948 4662 2535 1450 4629 876 1108 992 2446 4440 3487 3019 4404 574 1902 2931 2329 1690 2948 1168 2824 1817 3008 4569 267 4051 1648 2213 3669 1873 2531 3944 31 4497 736 4356 1219 2871 4861 891 434 4619 876 1392 2522 1954 658 4636 1157 397 646 1582 1687 4031 524 2906 421 1998 2851 3693 3324 1875 4150 1731 3843 3531 4246 785 2338 1816 3587 1390 1287 1267 4236 305 41 3051 2885 519 2098 3204 703 1242 549 
1454 3286 4073 4693 3511 1167 2622 1268 1849 2382 2235 3122 4420 297 1250 2292 4299 2960 1283 2143 2719 3411 1551 1970 4715 4003 2484 3767 1371 436 2748 1005 2291 1416 2664 2972 173 1837 3381 4400 2602 2792 3164 2079 3922 4200 661 1963 1548 2948 410 652 4450 4357 2600 2435 219 485 1123 2270 1950 784 3489 1499 4004 4558 3568 2355 4804 683 1880 390 4583 1855 118 887 2280 3379 4314 1915 3472 2030 3763 1723 3672 444 3304 147 4701 1730 4417 701 3477 4849 2651 851 3461 2611 2186 203 
2960 124 2668 3165 3639 4343 1397 894 4031 639 1220 1639 416 2638 2311 986 445 3767 4022 401 2534 3958 4176 268 2298 2982 4557 3012 3411 1180 169 2513 3665 1896 2981 1616 2691 2730 4854 1254 438 4747 2350 12 4557 3120 4052 3785 21 4195 80 3593 3718 4533 2487 2439 109 3174 3619 3436 581 4353 2778 4333 3164 1016 2503 2632 148 1931 461 1693 2151 2651 1708 1890 4306 731 2584 1300 1704 3139 1945 4767 3500 2810 206 2518 2932 3886 4832 1184 4404 3608 2778 784 3794 561 4560 1854 
4030 1158 3506 1592 4488 1514 2331 1422 3253 751 815 1785 3643 4444 2732 4183 2015 2206 1356 4041 1711 2398 1380 2449 3065 2238 4745 4219 4695 3176 3838 4662 3229 1509 808 299 2947 3375 4307 886 1522 2324 1577 4236 3946 1610 832 4419 655 3699 4065 102 3131 4384 2469 812 4277 1803 1610 3800 3530 3802 4721 4283 3685 72 1067 3565 137 642 3828 1355 2865 225 4388 2683 3023 533 4165 3783 4560 547 2522 4899 2865 411 3592 2814 3780 4514 1419 4706 4341 3234 1661 320 2094 4862 3130 1806 
4138 2200 3259 4390 3367 2548 3421 1509 2245 4280 1360 763 1840 3639 4856 3212 4145 2466 2113 859 4067 2130 1424 4860 2129 3304 4866 3814 40 1983 4688 3487 3584 1949 2837 246 987 625 1407 2591 3838 3974 2760 4598 2815 4362 3249 3995 3260 3305 4273 1241 27 390 2592 2284 2951 3284 3519 4325 4646 2408 2394 1134 2773 2470 3394 1418 1419 3865 262 3469 2198 319 4250 2972 2085 2403 4062 2105 773 728 4032 4397 129 565 848 3681 1149 2422 3721 1940 1060 1790 3008 2271 4098 709 507 3903 
677 2321 2736 1633 929 1844 1310 4433 620 467 395 48 4174 3481 2323 1080 4714 1834 4037 4838 1906 3694 3951 1307 4557 300 1467 2780 1509 4290 4364 3589 3211 3976 588 49 1709 4768 4296 3642 4582 226 4671 1552 2344 4078 3044 4065 220 4894 1111 1655 919 4085 1167 1990 1170 4079 4279 686 4595 55 2070 4067 2038 4668 3192 4091 4182 3497 1041 1739 865 4391 4040 1469 55 1852 460 2673 3636 2079 1142 2402 4505 802 3012 4756 2247 3430 243 1371 191 2223 4465 1176 4208 3320 3657 119 
2168 2341 3988 3443 2464 408 311 1394 4691 2732 2146 1823 371 3021 65 1997 1924 3596 2065 4379 2230 1224 996 4408 3415 3783 1070 3059 3590 3715 80 3861 708 3960 541 669 1972 4182 2113 2017 4394 642 4142 3509 956 2724 2535 1612 2637 4225 302 3277 1361 3335 4376 1420 2126 2600 4465 2462 3884 2780 3323 2240 25 3930 2646 1475 4688 2119 3571 1594 1333 4225 1641 4202 968 4768 920 103 1279 1034 488 1867 214 498 3125 4571 605 4258 2785 4138 3656 4605 1913 4208 317 1241 4494 1432 
4172 2205 3420 548 2105 1095 898 3276 979 1638 4512 1362 2664 259 3696 4846 348 396 4602 2775 767 1618 1640 4494 2203 1384 1668 4619 2870 210 248 319 3105 2997 832 2390 4451 1709 2965 2860 3231 378 1368 3300 3910 3862 3146 4205 1290 2168 2732 2428 4192 4610 3564 1850 1736 4578 2847 3216 2599 3829 3000 443 1084 3050 2276 1170 4805 1171 3354 4013 4634 467 4669 2751 2294 3484 3771 2657 3638 1543 173 776 686 2643 3390 3032 994 3810 3027 356 1412 3436 1251 1289 3243 1758 197 4450 
2165 1056 2719 4131 791 2321 2312 1602 4329 128 3813 3996 3595 2102 2310 4595 2163 1745 4447 1784 4783 476 1203 3743 3202 3900 4810 281 692 1433 1927 3598 3190 3058 4065 466 1048 2328 824 4344 1765 565 2134 4681 3422 3258 2678 1105 4255 4119 1679 2507 433 3388 3117 2104 257 1051 3728 4589 1187 795 1015 4121 4017 3867 1391 4685 667 3793 1895 2158 2717 266 1861 1342 3518 4171 3906 3608 3044 3642 298 1124 4088 1142 3302 3774 107 4416 1949 38 2223 4398 3683 3304 2713 1067 3840 4739 
3227 4622 4649 2317 317 1856 549 4415 628 3977 681 342 3222 2165 1354 1470 416 4304 2666 3018 4584 2391 3190 4562 4552 3879 2612 3389 3142 266 2291 1473 147 923 4226 12 1395 500 1180 3998 1972 3254 3151 2577 2976 2560 3233 3503 1150 629 2787 1473 4812 2132 2947 372 2426 4523 945 1471 464 3840 869 2346 434 1632 1399 415 2475 4805 4769 637 1401 1797 2738 817 4593 2979 4379 2547 1942 4601 1441 1410 1926 2080 1320 4548 4464 4068 3221 224 2153 911 675 1687 2862 271 3611 2751 
1309 152 4213 3029 876 2538 2888 640 1796 2141 2345 4454 4159 399 4053 236 4505 4898 2368 3663 1848 2121 2631 247 1246 2650 4354 1368 3666 1824 2738 307 4725 1453 3857 2459 3779 1973 2034 960 2605 945 3860 2793 3587 3686 2074 901 2745 2243 4892 2330 1438 1007 3804 3440 4714 394 2274 3308 569 1839 3079 1260 3406 4236 1082 2357 4534 1425 2299 2911 4414 408 1834 1366 4874 2126 1578 3948 2643 4861 4234 4366 1317 2942 2707 2898 4255 3407 4038 3202 2931 1056 1567 1733 1791 643 3424 80 
3973 4827 4707 359 4607 830 2575 3644 2887 28 4093 774 2614 402 209 94 1857 3529 2085 3442 2220 4344 2621 165 3925 1665 3510 4173 207 1569 2814 4221 1409 3031 735 1038 2588 2177 337 3434 4500 504 3348 2430 732 668 1357 3860 3314 1180 3612 4160 4457 4760 3428 2716 2931 4778 353 2661 2716 1215 47 4140 2646 3446 4276 4811 3039 795 2099 1268 2609 3567 2849 1029 3192 1881 1024 4579 4647 2862 1278 1785 4578 2629 681 1679 4668 4236 2565 3732 1696 1671 1072 4425 4705 2092 1541 2756 
807 2051 4554 2416 365 542 384 997 4604 73 3666 806 3557 1672 490 193 3764 699 4029 3105 4835 1235 256 4340 2839 4418 4706 1771 1387 989 171 1975 1308 4791 1737 1424 2338 4011 3143 2533 3803 2810 3374 2731 2659 4631 4112 1525 2380 1362 2680 3628 1492 581 3413 432 2385 3067 1380 2292 4744 2266 1187 2636 2966 1730 3674 2182 2002 575 4874 1008 1295 2934 2834 1098 2174 2905 4615 3435 2619 2760 4267 1338 2758 3268 62 1653 4770 1808 2504 851 4093 3491 1559 725 467 665 2349 4908 
4748 2846 3455 2277 2815 2530 4102 1053 3644 2058 1964 2468 2583 1003 1429 2988 1430 281 3858 3180 2304 795 2456 819 4642 4036 2897 1843 3946 2810 2608 4169 3121 4662 99 23 4523 3822 609 3314 182 4516 3121 3552 1367 3426 3322 3015 4741 1923 4901 2870 174 2351 602 758 3646 2859 1774 1905 594 1962 377 2813 2282 1230 4675 3326 3916 1291 4690 1263 2234 3071 3182 1329 489 3860 4655 2995 1627 4670 170 46 3472 3701 35 1929 2090 2414 871 3385 791 4488 1314 2637 2594 691 3061 1751 
2168 4420 2837 3773 871 97 2028 1897 1634 3233 52 2919 4730 3348 688 399 545 727 2643 2324 2892 3985 1745 3376 2167 1533 1477 1176 3033 2607 4123 272 2795 2860 383 446 916 3501 2615 1685 722 1996 4531 3495 521 4538 710 2518 1476 2750 499 1725 533 4245 3722 2472 3885 1264 3525 4416 928 2182 4612 1507 1747 1427 3697 1588 1375 4295 672 1854 2810 3570 1723 4772 3550 2002 2039 344 4284 4435 2780 3085 1315 2841 4021 180 2547 3530 4741 1534 2718 600 4289 3891 3218 2420 3621 1003 
1614 4390 143 4321 3906 4327 1100 1096 4120 2335 360 1551 1552 3025 207 440 742 1405 3996 1360 4032 246 979 4563 1645 1891 2680 1064 2394 3863 4222 3714 3850 1520 434 4102 3422 4385 3338 1783 486 2850 2207 3052 2979 2094 4209 2336 1322 3786 1905 4282 2252 1514 1635 1079 759 1222 1949 2091 3707 3876 3767 1009 2167 4790 4503 2492 3142 33 1204 4024 2881 73 3950 2025 359 1831 4020 2594 2200 2811 1606 4613 3235 4152 1746 1216 2861 3812 1199 3904 1137 1369 1432 608 2160 2445 3663 1860 
2516 1884 1263 1306 4461 4376 1408 3271 2383 345 3391 1285 4715 2568 2876 629 1437 661 4315 2607 1660 974 1801 4168 3818 2860 330 4163 2604 4370 2818 1671 87 350 2716 2871 2486 1929 688 3294 2063 1097 4633 2445 4475 2719 2756 4551 1371 4112 4655 646 3563 1279 4140 676 4080 1115 1962 676 2847 2510 2813 641 1031 940 1957 488 1114 1178 848 102 4190 1957 3683 3203 4271 3630 3021 1204 1271 757 464 4875 1685 4150 693 1761 617 4027 1900 345 1626 1117 3624 103 1433 1986 3263 156 
726 2149 2286 4242 108 183 1097 3743 3699 2932 4172 1005 2472 1871 3124 2706 87 4073 4631 3645 3275 998 1388 1032 2012 4124 3861 3710 3181 2992 1299 1129 3177 1275 1652 2050 2516 3530 4465 3782 4723 3108 661 1074 418 3709 1219 2751 36 941 1244 3300 4764 4066 571 63 2879 3739 1500 3658 685 4412 4057 670 3570 2352 2689 3435 3099 3378 2654 283 3748 698 1830 1470 1401 2597 3688 993 2195 1819 3493 2746 2604 2046 2753 2345 1394 4569 743 2433 3130 3747 3115 28 2854 4211 3793 2680 
4876 2994 72 1083 4534 1237 182 3050 1312 1443 894 2070 233 4336 983 4763 2684 4099 272 313 1638 4868 495 1487 4038 2673 3922 1835 2050 4329 1504 4174 1880 2907 3161 557 2918 1114 4580 1657 4831 2777 426 2592 158 897 3265 37 4456 1225 803 4097 4848 3505 3678 931 1073 688 3410 3840 2600 3654 118 367 4160 2218 3215 593 2177 55 1160 3133 1734 3010 415 182 1688 3727 1065 4527 2049 2484 993 4325 882 3264 3257 469 2355 4689 3125 3654 3039 2854 2927 4848 309 1131 4519 3409 
204 134 3681 348 3224 2625 3289 3736 428 2537 2232 55 1308 3837 507 4734 120 668 3798 1533 4611 573 3992 4729 1798 4702 4678 3353 4515 4709 4717 676 2414 1105 2190 472 1095 2888 1341 814 1089 1812 311 3525 3758 2319 2615 2124 2872 1520 157 870 1946 4458 2299 3964 1225 2977 4869 3989 1940 3354 902 3086 1577 1865 1122 4448 1609 3784 2730 4655 2520 528 3152 164 1596 1628 1289 1820 4330 3380 1476 30 734 2439 1604 122 3037 1988 2656 496 3120 3516 1835 2527 2972 3137 4715 2416 
1810 3184 4800 4414 3572 2496 3928 493 3308 4247 3837 75 730 3760 2524 1395 1446 4259 1374 3492 92 3035 2791 421 1596 821 2184 4094 1766 1577 3656 4638 1357 2128 2930 4829 387 3420 2388 513 1703 4787 855 1987 1648 4646 351 526 1293 208 1546 2658 3690 1880 3192 627 1364 3433 2091 523 822 4713 2153 166 879 1540 609 3409 4505 3697 2838 1928 1982 4155 1105 1444 4316 3546 2369 4237 2995 2553 3408 1105 3498 2153 3324 3219 1454 2728 3466 1748 330 3001 2125 27 1563 165 1128 3146 
3403 2824 3533 4185 2027 450 3922 1494 3469 461 1362 894 281 4883 1911 1145 2194 582 4017 3300 1329 4005 2600 1982 3359 1910 3327 3230 1061 3533 509 1958 660 4847 2010 2640 3318 680 2240 1644 2408 1181 714 537 3810 1490 3707 3766 2351 2845 3602 2455 2617 4516 3609 1927 3042 1334 4689 3208 423 4744 1247 2949 3437 519 1637 2654 3468 4307 1547 1076 796 2210 1670 2729 4614 3062 2307 4812 4326 1445 176 3848 2261 2125 3697 2807 378 722 1990 374 2457 782 2789 1403 1396 4597 4686 604 
4692 2713 864 3094 3278 1410 1617 4830 2471 4612 3464 2183 491 3819 4889 3658 1596 285 4155 1626 3664 542 1452 1210 1511 253 3025 2392 731 1253 1738 434 3898 4399 4351 1195 4817 75 3390 1696 1204 3629 2788 4262 80 2862 2558 3332 1953 4445 2967 2349 4651 63 257 3876 3885 2946 1015 423 634 3417 1507 2014 3597 2599 4732 666 1771 1326 1306 1303 295 4751 3778 367 1365 2581 1707 3463 1485 87 3361 3811 24 1264 2595 4649 460 224 938 4395 381 645 3091 538 4447 2926 2252 2201 
4180 4835 2719 2392 2439 1167 2782 1026 4251 875 2525 3798 3022 573 3970 3552 4308 4171 2630 681 4260 1132 2560 90 2740 1304 3746 1836 3917 3241 356 1446 286 2770 1804 2746 2711 1339 4585 1081 4506 2936 363 4465 3543 3134 26 2871 298 3414 2999 3785 1035 938 2735 2092 3913 2493 2991 4623 1075 4147 2591 4476 675 1469 3562 3789 3464 3056 17 2813 3906 1578 239 3530 4486 4876 473 3311 3414 713 227 1550 3969 4794 3029 4018 4295 380 3030 3560 2607 1106 937 380 347 237 56 1706 
1047 3005 3589 1096 2011 2891 3181 673 3668 404 2215 4368 4784 3885 776 2972 1815 3624 3862 3489 862 1771 606 3351 654 2285 4560 3693 809 763 1762 4296 3155 2676 4152 4069 3865 4119 3589 2099 3144 288 4776 2423 3747 2582 4011 2017 1353 239 4789 3816 382 2599 4574 4656 875 3525 1190 30 3989 3076 1558 41 3298 783 85 1143 4420 2162 2524 2162 3578 1738 1694 698 2385 4050 1096 1210 2473 2368 1090 2215 4450 1937 803 1038 2742 3731 3028 767 2486 2708 3627 1907 599 1615 1404 823 
3582 3306 2622 522 4752 4611 2539 842 1276 1509 4516 2141 3883 2229 1198 3746 656 2546 1604 1624 652 1897 773 928 432 3797 4588 4169 1212 112 3694 1165 2892 4773 4228 927 2388 4145 2251 636 1380 2568 417 2104 248 1411 1244 2176 3963 2833 3278 1106 967 243 2175 2010 1287 4007 358 4156 1373 2464 2474 647 3419 2004 2768 1411 903 4514 712 2729 2239 57 179 1758 139 2686 30 1271 1328 4746 3691 4849 1079 3692 3217 1727 1758 272 4029 727 1064 3839 3882 473 4887 2059 2027 434 
2888 4209 3930 93 1410 2886 109 4212 1128 3053 530 3006 431 3289 1479 1341 4000 955 4615 4581 1642 674 1279 3769 4219 1629 2280 3202 1124 3945 4172 4227 4705 2243 1963 1907 21 4431 1163 635 386 2692 2808 1910 1242 1762 1372 4454 4778 755 151 4256 193 3236 101 820 535 126 3196 2796 1238 4672 982 1077 3121 687 1956 1868 4650 1142 488 1197 1627 458 3067 224 3105 3727 1143 3841 2635 672 524 1541 3515 444 3363 3318 2427 1726 3380 398 3013 1627 617 532 3157 3519 3607 1617 
1033 2578 3791 3523 3656 393 3726 4693 3251 1300 4285 4751 4534 1309 4533 3873 3782 4595 2188 975 4791 4249 1490 1736 1836 1083 1706 329 2664 2014 362 1103 2491 3466 4638 1586 4862 4758 211 82 1435 3864 4513 471 567 2084 874 1608 3778 868 4861 674 4807 4391 203 1044 846 3419 2958 3547 2629 543 1430 4864 1590 1089 4168 711 4021 3403 3282 2311 897 4312 891 4797 4272 3156 576 4316 3469 4524 3264 2895 3358 2401 4650 521 2705 4284 4201 2693 4001 4409 1122 134 1416 4089 2644 4417 
2333 3551 3782 123 748 412 4378 2419 1071 3659 2052 4804 2490 1722 4231 3860 2775 3078 2476 1600 2602 1863 3745 4199 841 3999 3321 4778 3988 3307 2014 2477 1778 2009 2305 871 4286 2699 1508 3446 836 1182 1478 3158 3872 4274 3327 3811 907 3299 3926 2357 2077 492 1874 259 4104 4272 3073 3746 4780 2639 4816 4298 4700 2709 898 4032 4028 4388 2590 1143 3479 2253 4397 2616 4276 2708 3963 1804 1121 366 4754 1031 4464 778 653 678 2938 1558 3701 4361 3184 2123 4490 42 4818 1169 881 448 
2274 1516 2934 4402 66 4662 4248 1761 166 3874 3420 1536 3923 1584 4259 782 1775 754 74 2255 712 793 848 4622 4385 1848 1423 1355 3959 4480 1898 2187 3492 4510 4101 2830 4558 607 1322 2643 103 1157 4611 3692 4698 759 45 962 1991 3160 312 3487 3271 4578 2046 1943 2871 2187 624 27 614 3520 2185 138 3034 1972 2079 1672 3476 659 3336 526 3958 4733 4563 4418 2490 24 3607 4320 3691 4344 319 899 3508 3453 3403 3104 1461 357 814 1385 4225 290 72 1217 1568 4102 1185 4046 
4789 157 2744 4253 2961 4432 3720 4822 192 3490 3240 928 1299 3992 2532 1299 1474 1712 1821 1137 2160 2905 4345 99 1692 2178 1604 3114 1144 4034 4691 4219 4732 729 4261 3949 564 2444 1781 2094 1068 2319 1676 2332 1359 1376 4119 957 1197 326 3541 2436 3143 215 3850 1316 3507 2747 4889 4552 2476 4101 1771 1690 4844 3632 4615 3634 239 3132 4552 1457 1602 226 1043 3430 837 2639 4134 309 3843 706 4505 1187 1856 1044 4406 3828 2912 2944 370 2077 3458 4131 4683 1816 833 4325 2935 1174 
4291 4087 2632 4839 268 1003 3748 4371 940 4796 2110 289 2084 4782 1348 4026 4250 4582 2833 4052 4885 4144 1725 2774 3801 756 3866 2947 2067 2959 2545 3748 4105 3095 316 775 2623 2169 4794 4286 2569 559 2774 4783 211 1608 3618 2024 936 3136 2512 1243 2445 2404 4486 3906 1090 2657 2666 4398 3286 1400 4200 444 1012 1434 1633 4526 3132 4547 4907 1134 2993 3993 2380 4707 1152 4194 3113 2694 3362 737 32 3930 3191 3561 4691 3175 2777 2931 4287 941 1646 1467 534 4682 3882 3499 2497 1429 
2516 3461 402 2585 3548 3898 777 2516 4532 4263 3251 4423 2826 3580 2454 3278 3153 335 4053 417 187 1676 4870 3017 283 4408 1146 4755 3444 2946 3693 4171 1814 763 3668 3816 3861 1702 4895 3629 1042 1735 661 1528 4199 1878 1711 1573 1085 4571 1661 508 2560 412 2489 4287 3300 1787 98 3805 1727 4368 582 3491 2592 3383 1172 841 2197 1599 4060 4186 2352 1126 2297 346 2083 1948 4128 2733 4165 2304 1601 2813 3710 2619 2479 4292 2184 1909 3447 2212 3528 2086 3435 3396 3453 3505 905 161 
1940 1900 431 4527 3628 4286 4581 2235 2296 722 2361 4043 635 3141 2202 1640 3812 806 4390 2949 2647 3559 4098 819 4209 4276 189 3714 2690 4064 2631 244 4585 2306 1463 4300 1193 4355 3171 2507 471 682 2472 3820 2256 2677 1214 2636 3013 3995 4856 1165 3691 373 1984 476 3207 4412 3728 3470 2154 1375 3681 3620 3967 2617 3798 3686 1598 539 3951 393 1088 1516 3222 493 4694 33 2199 1202 1172 2745 1702 2685 2393 1132 968 2810 4088 2944 2394 580 2551 3280 1057 814 1307 2660 2876 956 
2529 4323 947 417 3435 2804 1088 2721 3026 1917 2560 1325 3717 3987 4168 2453 4827 2280 2076 2423 1103 788 4815 2575 4865 4425 4573 4497 1889 3437 3773 1051 4331 2796 4470 309 3482 3031 1415 1522 3577 3413 2384 1349 4238 3393 259 708 3899 870 2845 4807 1292 3851 2664 4253 3201 1959 2210 1557 3160 4609 3866 889 3162 1614 1881 4639 1888 4715 1375 2440 2675 4291 4719 561 2593 3062 3721 3600 2515 3827 2808 1394 3695 4280 3240 848 3357 2659 204 4409 3649 3197 1222 388 73 576 2883 469 
44 24 30
2 19 17
30 42 38
14 85 5
47 83 4
59 86 18
57 49 28
24 13 5
42 67 35
1 30 39
35 57 25
47 29 26
52 18 2
31 73 14
28 31 15
31 17 8
28 76 5
7 2 24
62 35 3
33 63 37
18 49 5
45 41 12
4 25 4
28 90 13
25 53 4
30 91 2
12 61 18
24 71 38
15 68 27
4 65 37
25 65 32
42 89 34
27 11 40
30 70 13
42 94 39
36 47 38
30 85 34
5 67 7
30 26 39
28 9 13
19 38 16
11 52 35
34 32 33
21 82 20
30 18 23
10 2 15
15 62 19
37 58 32
61 81 13
39 93 26
42 49 34
29 39 1
16 2 10
58 76 17
1 98 14
42 1 7
51 2 1
43 1 18
16 88 11
33 46 2
16 94 33
15 58 29
49 11 4
19 39 10
54 97 38
43 91 26
25 83 32
