41 15 3815 9861
3088 891 977 563 1824 3040 4161 3663 3921 4695 3510 1447 3364 4386 4245 
223 4364 4107 2079 4393 2419 2045 928 1192 2996 688 4069 1606 1265 1812 
1156 1379 1172 1985 3547 4018 4620 2748 3531 1488 375 3873 1006 3299 4133 
2826 3373 2873 3899 2600 3652 4580 2981 1839 743 3963 1612 3793 2401 4340 
1099 3724 3347 820 1039 1799 1421 4758 45 2096 2744 418 2667 1964 841 
206 4374 2597 1513 2575 4770 2865 1117 243 2544 4607 3651 765 1798 3760 
719 2755 4726 3273 4213 4300 381 823 4182 3613 454 547 721 2257 4738 
662 4834 3078 4146 447 1095 1477 2906 2452 894 4660 4887 4171 4080 2689 
1104 4132 1916 3414 757 2342 2881 508 2921 1134 3387 1023 237 2056 229 
1219 2685 1260 1649 3010 1923 256 4729 4458 4842 2110 4877 3576 4154 2366 
4076 3940 3966 1235 2028 4050 4297 147 139 4790 3378 2574 4765 4314 2583 
367 1037 2389 4530 3581 4202 915 2063 1096 3770 1139 3498 2572 4038 2298 
2426 4756 2172 903 2691 3328 3759 4218 1326 1511 2302 2578 3048 147 2843 
1902 3370 4749 4089 2204 2012 1238 93 4079 3895 1213 2397 3023 4176 2575 
2670 510 4031 2877 3076 2640 3753 1973 1817 2462 2108 1860 1815 1836 2116 
2255 895 2423 778 3247 2210 4454 2401 2615 1257 4353 1850 3246 3724 3456 
2779 2994 4645 2612 1261 1803 4087 3406 1431 3428 3787 4512 2722 2850 3169 
3438 2993 1140 2715 1583 1225 662 1432 3220 2745 4075 1750 1654 1496 1055 
2031 2515 4462 2409 906 4787 527 4840 2332 494 1655 2470 3220 3309 1720 
4713 1049 2168 172 3365 719 4140 2033 3858 4345 1327 4531 3594 450 4208 
2513 2087 727 3721 4305 3692 2271 2893 733 4341 3234 3507 2992 1539 2956 
4351 3307 4732 3807 3643 717 2717 4465 3005 4717 3390 4478 624 177 919 
492 602 2484 1959 2130 2176 3510 2225 4877 1575 2281 3152 803 744 3344 
1708 462 3263 2152 1838 4255 3265 1872 3331 1807 3670 95 459 1498 3295 
4852 3849 119 1673 1920 4374 3375 3325 2321 4735 939 110 2592 2974 3246 
328 2979 4680 3802 3795 3716 2436 687 697 4197 4841 4567 861 3628 793 
2939 4585 1315 1444 4365 317 698 3051 3354 3748 3976 360 535 3970 2658 
3762 1012 3943 3890 1308 4733 2747 1711 2950 4427 860 1425 3463 2334 518 
3785 4850 2655 1461 3582 2161 3662 1122 636 4088 1065 2564 277 1537 721 
3314 121 4335 4653 1406 564 537 2019 610 884 3001 4499 1459 953 4086 
790 3798 4729 4148 4596 2488 4218 4605 2667 2227 4385 551 105 4277 2492 
2820 4866 1701 3171 4225 618 761 1395 782 1475 3643 1820 201 2122 1336 
1446 4208 2457 2101 1633 3322 3711 4642 1250 3820 1321 2909 849 2181 4573 
3235 4870 4614 4015 1936 1570 1838 1363 796 2308 1715 2536 2669 1678 880 
2334 242 1076 3585 3372 2725 1315 4200 2375 736 1815 3689 1627 2592 829 
2632 1506 3617 3295 3841 3574 2932 2609 3653 3597 3989 817 2590 749 2094 
1045 2632 1935 4737 2085 405 789 1844 4904 913 3545 2779 2522 1172 957 
1079 395 1833 3336 1448 458 532 2223 2698 4578 332 1642 1274 1498 1789 
1295 1159 2221 2590 3162 1018 1861 3391 2100 2811 1526 718 232 2855 444 
1165 1281 12 4279 173 3376 2132 2453 737 1454 2563 869 2868 2023 2139 
3100 2489 4324 907 3824 2026 4079 2466 4857 1032 685 1387 2423 1959 504 
31 2 26
1 2 13
30 3 1
16 3 14
23 13 13
1 6 13
39 4 22
13 7 40
4 4 6
16 5 23
21 13 19
33 11 15
24 3 10
35 9 13
31 12 37
23 13 16
10 11 36
18 7 39
20 3 36
15 13 15
27 10 4
29 6 39
10 5 6
38 4 23
11 12 34
3 7 2
34 10 19
3 4 36
16 2 16
6 1 21
35 1 12
4 10 16
37 10 33
37 8 17
14 6 14
12 7 1
35 7 30
2 8 28
8 9 8
16 3 21
18 10 6
13 12 26
38 12 4
13 10 11
14 9 2
5 13 20
31 11 17
32 12 24
16 10 15
19 1 4
7 13 39
15 4 16
17 5 20
22 3 36
22 13 11
24 1 3
38 5 32
5 7 10
17 2 20
23 8 18
8 4 16
36 5 39
12 4 17
34 9 25
23 4 15
24 9 9
36 3 1
21 1 29
8 12 3
34 4 38
31 9 12
23 4 3
34 9 4
20 10 38
14 2 32
17 5 3
25 7 30
33 6 33
39 8 7
23 11 8
1 4 4
11 10 5
26 9 2
12 3 21
25 8 31
36 8 31
30 3 19
17 4 40
30 10 37
39 10 33
19 2 18
18 4 29
14 7 35
28 6 18
27 9 34
14 13 11
24 1 23
11 9 11
13 8 9
11 2 2
13 4 16
24 1 22
18 3 11
20 3 20
37 2 22
35 3 19
38 3 4
8 3 40
36 13 6
8 8 40
1 5 34
16 11 18
15 1 37
26 2 16
27 6 15
38 13 25
14 12 39
12 13 31
23 12 9
9 6 1
9 5 2
32 11 5
39 2 30
5 4 16
23 13 35
2 12 32
6 10 29
2 12 10
36 4 20
30 9 4
10 1 19
4 4 5
14 13 7
39 13 12
1 10 34
35 3 10
9 3 14
38 9 9
6 9 11
1 12 38
5 9 16
9 2 16
21 13 22
20 2 38
33 5 39
8 9 29
7 13 27
21 12 16
3 12 17
37 5 37
3 13 12
13 13 23
17 7 36
31 1 32
18 13 5
10 5 21
23 11 19
32 9 37
38 5 6
18 3 8
30 1 9
18 1 26
8 9 37
17 2 33
37 5 36
8 8 36
34 7 6
12 6 10
21 12 37
15 3 10
11 2 22
31 1 10
36 6 18
6 2 8
26 1 36
4 13 4
14 5 4
16 11 35
19 10 9
5 8 30
39 9 8
27 10 36
9 10 38
31 9 33
23 11 18
2 7 33
38 1 34
32 3 9
27 8 25
21 10 39
15 11 14
29 8 10
5 4 5
23 9 40
25 7 14
12 8 9
33 9 34
33 4 40
31 9 35
10 12 4
22 2 27
33 8 30
5 12 11
8 12 24
19 13 11
3 6 1
33 1 15
5 11 40
39 1 5
5 10 18
23 6 7
29 9 16
35 4 15
9 10 4
31 10 8
18 3 9
24 2 14
14 1 35
30 9 40
25 7 34
23 8 8
11 4 9
12 3 5
12 4 36
27 13 20
28 10 9
19 4 27
19 11 13
30 4 16
13 4 16
32 7 32
20 13 27
28 2 18
4 9 32
6 2 22
16 3 16
10 8 31
29 8 28
35 10 30
3 2 14
38 5 28
3 10 32
27 9 9
18 6 24
36 4 5
20 1 5
15 12 21
15 7 1
7 5 30
18 8 38
22 2 13
4 6 19
11 13 13
20 12 32
25 2 21
38 7 9
28 3 12
19 4 24
26 12 32
26 11 40
17 11 5
11 3 22
19 4 22
24 7 31
10 5 27
10 4 34
17 5 36
29 5 11
5 1 14
26 9 9
5 9 2
3 12 36
28 10 7
33 10 21
38 13 16
28 6 12
37 2 9
15 1 9
33 7 27
22 3 1
35 1 12
21 9 11
28 9 40
1 7 17
14 8 35
16 7 37
23 3 31
3 3 10
16 5 13
28 10 4
5 12 16
39 6 4
35 12 27
18 7 9
12 11 24
29 3 3
21 2 14
16 8 35
21 3 18
35 6 29
30 7 23
19 6 4
38 9 22
12 8 35
13 7 33
39 1 35
27 2 6
3 6 19
34 12 31
20 4 5
29 1 37
34 10 36
34 8 17
33 4 17
3 7 33
4 3 7
22 5 12
10 12 10
10 5 22
1 12 23
18 13 18
21 12 2
1 9 13
36 2 1
4 13 17
30 7 19
14 1 21
29 13 20
29 10 17
19 6 24
30 3 2
10 5 11
14 6 3
25 13 34
29 7 5
23 2 33
11 9 13
15 3 25
18 6 29
4 6 24
13 3 10
22 11 9
10 9 13
6 9 14
9 5 33
27 12 24
22 11 26
1 7 24
16 10 26
10 12 23
25 3 11
39 4 17
30 2 13
38 2 37
2 2 36
5 5 15
25 9 28
19 8 34
16 1 20
16 12 20
24 4 21
9 1 39
28 13 38
18 1 26
14 1 26
5 5 32
25 8 31
11 5 24
8 9 18
35 6 7
31 9 32
19 2 24
28 12 27
23 6 37
8 7 13
31 9 32
15 3 12
23 12 16
23 4 2
22 4 6
14 10 38
19 12 29
28 6 39
4 13 29
22 2 3
29 5 32
10 7 30
34 12 33
38 11 5
34 6 35
39 10 3
2 6 36
23 10 35
23 1 35
35 9 20
9 1 12
28 13 35
23 6 40
39 9 18
16 7 31
5 12 40
12 2 30
35 12 10
16 8 32
12 10 7
29 1 3
19 7 31
12 10 11
37 5 28
31 1 22
2 13 6
9 10 27
35 11 26
4 2 27
33 10 3
13 4 20
22 3 19
5 2 20
32 6 33
20 13 20
23 3 9
36 13 33
38 1 4
14 3 37
8 4 10
11 6 7
34 8 9
20 6 6
5 13 24
31 7 29
34 8 5
37 5 2
37 12 3
12 5 1
31 11 10
11 1 14
28 1 25
7 9 40
21 7 38
11 9 17
18 5 7
37 3 5
16 13 36
26 11 10
7 2 20
32 10 40
15 12 27
14 2 23
25 9 12
17 4 20
12 4 17
10 1 9
24 8 10
18 13 21
4 9 5
16 3 12
24 3 25
22 6 38
13 2 2
29 12 27
33 13 37
6 2 31
27 11 4
24 12 5
37 5 16
3 4 38
19 2 29
25 3 30
22 13 28
6 4 17
10 5 38
23 8 38
35 7 32
39 9 32
2 12 16
2 12 11
28 5 23
27 13 20
26 13 38
3 5 21
21 4 30
13 2 29
4 13 37
7 2 15
25 7 15
15 7 30
5 8 31
37 2 33
17 7 25
15 9 40
28 1 37
20 11 4
16 13 19
21 8 15
15 8 26
21 2 28
32 6 9
30 12 30
23 5 33
8 6 27
18 3 5
23 2 39
39 6 15
31 13 7
32 2 12
17 3 27
34 4 25
33 9 37
13 2 21
39 3 2
1 1 36
27 1 31
37 11 19
26 12 31
2 6 10
20 1 27
34 1 38
8 13 21
36 11 20
1 5 3
35 6 19
26 6 23
34 10 22
13 3 36
31 9 25
21 2 6
24 11 28
20 6 31
31 3 3
18 3 12
7 9 33
14 8 2
7 2 4
22 7 24
1 11 4
33 10 37
19 7 40
30 11 36
6 1 9
25 9 27
22 7 9
24 10 35
12 1 7
36 5 2
26 1 21
20 1 17
15 4 2
9 11 24
9 2 9
34 4 40
37 4 27
28 11 15
8 3 8
35 12 12
3 13 16
32 6 23
34 13 16
23 12 18
11 12 39
13 7 9
37 8 6
10 2 24
29 8 9
31 10 17
2 1 3
14 3 22
36 7 20
38 12 24
14 12 5
7 7 38
28 8 34
23 4 13
38 13 19
12 11 32
15 10 16
20 10 2
12 4 31
16 8 6
38 7 32
27 1 24
7 7 6
29 4 11
37 8 32
11 13 2
1 9 38
37 4 24
9 9 1
35 1 29
37 6 8
31 10 34
11 12 13
15 7 24
3 5 24
29 5 27
21 9 5
14 7 16
29 7 31
23 8 14
23 7 33
38 13 21
34 10 18
17 3 39
8 8 16
25 10 2
3 1 6
25 3 3
9 12 22
1 10 16
1 8 17
33 13 9
23 8 11
31 8 39
12 11 18
2 1 28
38 2 39
14 11 33
18 2 27
3 12 40
17 6 25
21 8 9
26 9 4
25 7 35
23 1 9
23 4 2
15 4 14
20 13 22
4 13 29
13 3 27
6 2 15
24 4 10
10 10 30
22 12 23
10 3 32
7 3 15
31 4 30
16 1 33
8 2 17
34 2 4
33 3 24
27 11 27
16 7 33
2 6 32
29 3 14
9 10 30
22 4 5
8 7 10
18 11 28
23 12 29
2 6 40
15 12 1
24 5 32
19 9 31
6 6 12
6 7 6
17 10 27
16 13 31
32 11 2
7 4 24
3 8 11
25 11 35
21 11 39
7 2 30
29 3 12
39 7 4
38 3 15
13 13 29
38 13 27
2 1 40
35 10 12
5 7 27
33 12 20
33 12 1
39 8 28
39 10 15
19 2 36
36 7 33
18 9 36
29 11 15
33 12 33
18 12 34
7 7 14
11 4 1
24 7 20
14 2 26
17 11 24
11 4 22
35 11 8
14 5 19
12 2 8
16 6 4
12 2 4
26 8 3
4 7 16
14 4 16
8 7 40
6 9 33
39 1 31
31 4 35
28 2 40
22 13 10
10 6 20
39 13 17
38 10 19
11 7 26
27 12 10
26 13 18
29 12 4
36 13 22
29 12 6
15 8 34
5 4 34
9 9 30
25 11 18
14 11 26
13 1 20
4 1 28
36 9 25
17 6 32
24 6 8
18 1 5
24 7 28
14 7 3
2 1 39
4 4 11
21 6 7
30 6 40
30 12 9
25 2 18
24 11 26
13 2 9
29 2 40
5 5 29
31 10 18
9 9 16
2 10 10
3 10 34
18 12 38
20 9 21
21 4 30
12 3 11
3 8 4
7 8 40
37 6 19
15 4 35
19 10 33
18 3 5
12 12 30
15 12 25
18 3 28
14 1 9
35 13 19
12 12 4
2 6 21
10 9 11
23 6 31
2 8 9
2 12 30
34 8 33
32 11 34
6 4 4
18 1 16
35 4 23
11 7 1
38 6 13
17 9 25
25 1 36
5 2 36
20 5 6
22 7 10
12 4 9
30 1 6
23 3 17
9 10 1
8 8 10
25 12 7
4 6 9
7 11 31
38 6 4
13 12 12
26 6 22
15 3 20
11 13 30
34 3 4
1 10 17
30 8 25
14 11 20
37 13 9
21 11 21
21 2 38
30 13 12
5 8 3
12 7 8
23 6 11
1 6 29
32 11 21
7 13 19
28 1 40
15 3 34
32 10 31
16 8 26
26 7 28
5 10 28
9 4 1
7 2 25
12 5 39
11 11 28
34 13 17
6 13 18
32 5 20
16 10 26
25 10 7
1 4 25
32 11 24
9 9 10
4 12 19
25 10 10
7 8 8
5 1 10
4 4 1
1 8 39
37 1 29
1 12 31
23 9 25
18 5 25
3 12 22
18 9 31
9 2 1
2 5 37
14 9 40
20 10 39
1 8 24
20 2 32
19 1 10
20 5 17
22 5 27
4 2 7
16 2 26
1 12 10
9 3 32
31 3 40
32 12 21
13 2 21
35 7 33
29 3 8
17 3 18
24 13 2
10 3 22
35 4 31
18 8 6
15 2 17
4 1 10
16 4 1
7 13 10
35 5 27
38 6 2
38 8 1
28 8 4
8 9 19
8 2 29
16 7 35
36 9 16
22 9 23
30 10 1
15 7 12
19 7 36
5 12 1
34 3 23
6 6 29
12 8 16
6 1 27
7 7 21
9 2 24
33 1 11
8 12 22
35 4 23
29 3 39
11 3 23
5 12 25
10 13 22
33 8 8
25 5 30
10 4 17
29 4 37
6 2 31
29 1 40
25 9 32
1 5 18
20 10 17
36 12 7
25 13 30
30 8 2
19 5 18
36 10 29
25 5 14
15 5 10
8 2 6
1 8 18
17 1 20
14 4 38
3 4 11
25 9 29
39 4 7
13 10 9
5 13 2
26 12 2
37 1 20
5 3 17
19 4 24
35 3 35
33 2 30
17 7 26
7 1 40
26 1 25
33 13 18
12 10 31
27 1 36
7 11 13
15 1 35
32 1 10
35 7 4
1 9 14
3 7 27
8 8 21
30 13 8
1 13 32
24 6 27
33 13 38
10 11 8
20 10 26
29 12 26
5 8 36
4 5 12
7 3 31
13 7 40
32 13 38
16 2 6
29 1 3
16 10 2
37 5 2
1 4 15
25 8 18
23 11 26
5 10 5
21 5 22
33 5 38
17 6 2
23 11 20
1 7 3
15 12 6
32 2 19
11 13 17
36 2 27
29 10 37
12 8 22
5 10 3
8 12 7
21 1 18
24 13 33
19 3 22
6 11 33
1 6 19
15 13 30
22 3 20
31 11 10
16 10 11
15 13 23
4 3 15
12 11 35
28 10 39
5 8 38
25 5 6
15 9 9
18 8 19
17 11 26
13 11 25
4 2 35
17 10 35
33 2 40
13 2 38
27 9 18
13 10 1
20 1 3
3 13 30
23 2 17
32 12 10
28 10 10
36 10 13
31 12 33
6 2 28
28 11 31
33 3 24
32 13 27
1 8 30
15 6 21
22 9 12
38 11 10
9 9 24
6 9 20
33 1 16
25 11 40
10 4 17
21 6 24
38 3 37
5 6 3
25 10 12
27 13 33
34 5 29
17 1 25
28 5 14
6 4 10
23 4 34
36 9 23
1 5 12
11 1 16
27 7 25
18 13 38
4 8 29
12 4 35
9 1 9
4 1 24
2 3 37
38 3 3
32 5 18
14 6 1
21 13 36
2 1 11
14 1 5
2 10 1
10 11 8
35 9 7
6 13 31
19 10 28
5 9 38
7 4 31
1 11 35
7 2 11
38 1 1
38 2 7
23 6 34
28 8 22
35 9 37
18 1 12
26 12 23
38 5 16
24 6 24
32 8 38
27 11 29
21 7 2
27 8 23
13 7 25
38 4 5
18 9 19
39 7 19
23 5 36
1 12 11
12 1 4
9 2 8
3 5 13
12 9 38
22 3 4
36 8 5
1 12 20
39 12 9
34 2 24
26 5 5
14 6 26
39 6 35
38 13 15
5 9 39
19 1 30
34 1 6
2 10 31
32 8 1
6 12 29
4 7 9
33 4 25
38 2 26
28 5 36
16 6 11
35 5 30
18 12 15
33 12 37
11 12 29
37 2 33
1 12 21
19 4 24
21 2 4
6 9 32
5 7 36
33 2 30
7 3 5
37 11 9
5 7 39
2 13 31
38 5 22
33 2 38
7 8 1
35 12 38
24 1 17
26 11 6
13 5 34
27 3 11
16 12 40
38 6 35
14 2 18
6 10 3
39 9 2
4 8 13
11 2 7
20 4 10
26 11 17
6 8 27
28 5 13
28 13 30
39 7 26
2 3 25
37 11 40
35 10 9
27 11 20
5 3 21
11 9 38
31 9 8
21 4 36
20 10 8
1 9 36
36 2 35
9 13 14
34 13 8
39 12 31
9 5 23
19 12 6
36 7 34
6 9 28
9 4 36
7 3 19
23 3 28
18 11 39
26 4 30
20 13 2
7 9 25
38 1 7
7 11 39
39 10 32
28 5 27
10 12 6
31 9 12
9 12 1
8 3 32
26 1 39
20 1 19
9 6 40
3 3 17
33 1 30
13 4 11
17 4 8
31 13 24
7 7 5
22 1 36
25 13 22
10 8 24
17 5 19
30 8 9
36 10 25
22 9 29
28 8 20
33 2 8
32 2 6
15 12 31
14 6 18
1 3 19
31 8 27
23 9 38
38 9 16
31 6 34
30 2 18
22 9 27
21 7 7
16 12 31
10 10 16
36 4 33
4 10 9
23 1 37
31 5 10
32 5 31
13 10 14
29 10 29
10 11 15
39 4 7
29 6 16
25 3 27
14 2 23
4 5 10
6 13 15
17 4 18
36 6 17
29 2 30
1 13 29
34 6 19
4 11 8
32 4 32
31 7 35
32 3 32
32 3 5
27 5 9
4 9 5
14 6 3
1 10 37
5 3 33
3 13 16
1 4 27
23 4 38
34 10 28
39 7 36
18 6 10
16 9 3
24 2 28
10 6 24
20 1 11
39 5 29
36 1 10
4 5 38
23 13 33
15 13 19
10 1 15
32 5 10
19 13 38
14 13 17
12 5 27
25 9 12
33 5 13
24 11 30
35 4 20
34 6 37
10 13 36
37 8 21
23 6 20
31 13 2
5 12 20
1 1 28
19 5 30
14 7 9
9 6 38
12 7 31
18 9 2
18 10 30
9 8 3
21 8 39
33 13 39
30 12 34
31 1 24
26 9 27
28 10 12
28 3 24
2 8 2
25 13 20
24 5 28
34 7 39
23 13 37
19 10 7
13 9 12
20 8 32
12 1 13
34 2 15
36 7 24
32 1 24
34 4 26
10 3 26
10 10 31
39 8 26
36 2 38
24 13 30
32 12 8
24 1 4
33 13 33
32 4 29
15 2 16
1 2 13
35 3 30
5 4 33
4 12 14
29 9 33
6 4 14
36 1 30
20 3 3
5 2 1
8 11 16
4 8 36
30 2 11
27 4 22
5 3 39
27 9 38
38 8 37
3 3 36
34 2 5
24 1 36
32 7 4
11 1 10
14 9 35
16 7 28
37 12 3
16 4 23
29 2 29
14 6 20
2 7 40
6 1 22
20 4 20
20 12 7
30 2 1
37 3 20
15 4 22
38 2 28
15 4 31
5 9 23
27 12 27
38 10 14
23 10 27
10 13 21
26 4 6
14 7 31
29 8 14
36 6 6
34 8 1
20 2 22
24 3 6
29 5 37
27 5 27
9 4 23
11 13 38
24 2 31
28 1 40
30 9 15
31 6 27
35 5 16
35 4 22
6 9 36
31 12 39
33 9 20
9 6 16
1 3 7
13 6 25
26 3 16
7 13 40
21 4 12
24 9 12
14 5 36
7 4 38
34 2 4
19 10 2
2 6 31
21 9 29
5 7 20
3 12 30
39 5 23
25 2 22
31 10 28
4 10 35
17 9 39
37 5 33
22 1 11
23 7 26
23 5 40
23 12 32
26 10 13
33 8 36
6 9 27
34 8 24
5 1 32
22 8 19
29 11 29
18 13 17
23 2 40
28 7 24
22 13 10
35 8 26
22 12 5
12 3 30
12 2 34
23 10 26
33 9 11
28 4 29
11 13 38
29 9 35
17 1 2
5 11 9
5 2 31
19 13 4
9 10 22
16 3 24
20 7 34
33 5 2
38 6 6
13 8 20
13 4 20
1 4 18
33 7 26
2 1 27
28 9 4
1 10 33
27 3 23
9 11 35
5 11 27
8 5 29
23 4 26
17 9 15
37 7 37
20 11 36
21 6 14
27 11 4
5 13 28
37 2 19
36 13 21
11 6 27
19 4 6
16 9 9
26 10 38
23 2 9
10 9 37
1 2 1
4 11 19
18 8 33
32 9 29
22 2 17
19 3 14
26 3 27
17 13 16
10 7 36
16 5 29
31 4 32
4 2 1
3 8 25
33 2 2
22 9 17
31 4 19
21 8 16
16 7 35
24 1 3
15 5 9
12 8 8
32 11 28
34 9 29
26 2 34
9 13 38
39 1 33
5 3 22
19 12 37
32 1 33
2 9 5
16 7 35
21 11 17
36 12 20
10 9 4
8 4 38
8 10 25
25 2 2
20 9 8
19 10 39
13 12 31
32 11 13
33 12 18
18 10 7
9 10 8
3 6 22
30 7 25
14 9 18
13 11 7
9 13 29
24 9 11
13 12 14
5 5 38
21 10 13
15 5 25
13 13 8
38 4 12
27 4 37
35 8 28
32 6 6
32 13 8
14 5 13
17 10 9
27 4 10
31 7 14
32 10 31
11 1 25
38 10 8
1 6 21
28 3 18
17 12 16
11 7 18
5 10 38
2 6 40
7 9 18
15 10 18
7 3 30
24 6 23
25 2 22
18 4 25
1 9 11
30 2 20
12 4 28
3 12 22
32 12 28
4 3 8
31 2 30
27 6 5
2 10 8
14 9 25
34 2 31
28 13 5
20 7 15
36 5 1
6 11 3
6 5 31
19 1 4
13 11 25
6 9 10
3 10 37
1 2 13
9 11 14
25 4 28
33 3 21
11 10 11
25 10 17
29 12 27
39 13 29
3 6 15
8 4 9
30 3 27
10 12 23
30 12 21
19 7 27
27 9 39
16 4 5
25 2 15
20 4 28
9 6 25
27 13 13
36 7 22
30 6 33
9 13 16
6 6 35
13 9 25
11 6 16
11 12 20
23 13 40
28 11 10
16 2 4
32 13 3
22 4 4
23 1 19
22 10 31
37 2 26
18 7 13
35 7 2
19 12 18
32 5 14
7 1 30
11 1 39
34 7 14
36 11 13
16 1 30
10 8 37
3 9 8
38 6 28
38 13 10
19 5 24
6 4 32
34 10 23
19 10 12
35 6 21
2 8 6
9 12 26
1 12 31
34 6 26
39 5 33
4 5 12
27 2 23
25 5 31
35 5 23
9 5 3
18 3 1
38 6 21
17 7 11
37 7 26
7 4 5
7 7 31
36 7 40
29 9 1
39 9 7
33 2 8
10 7 35
30 11 11
28 9 24
19 6 38
10 3 7
15 5 22
26 1 27
16 3 23
29 3 40
27 9 37
2 13 33
6 12 22
3 9 40
14 10 22
20 10 27
14 7 15
19 2 21
30 8 17
6 4 21
2 4 13
13 9 37
23 8 16
37 6 17
2 11 3
20 9 21
32 9 14
25 13 7
36 12 23
2 9 33
8 11 32
20 6 6
10 2 23
22 5 33
36 2 14
13 1 31
19 4 5
27 1 5
29 6 22
7 6 36
20 4 4
1 5 2
6 5 19
38 6 37
16 10 4
2 9 10
25 4 23
5 3 19
8 4 8
9 13 31
11 1 25
36 13 23
8 9 39
4 1 4
33 6 36
3 13 28
2 10 38
6 9 38
17 4 4
27 9 32
22 9 35
16 2 22
30 11 7
1 6 6
10 5 27
7 3 34
34 10 35
4 7 35
10 7 32
10 6 33
33 13 32
22 13 22
30 11 36
33 12 26
20 2 6
20 10 40
4 1 15
11 7 23
16 6 14
1 8 9
12 6 12
13 2 17
28 3 4
31 12 5
35 1 4
25 9 32
17 8 38
20 1 15
32 11 27
27 9 37
20 7 34
27 5 24
12 7 17
31 11 37
28 10 26
15 9 2
5 1 26
7 12 26
15 6 25
18 9 8
39 13 5
16 7 36
19 6 18
16 4 1
19 1 7
11 3 32
6 2 38
28 3 12
21 1 17
6 9 31
6 13 23
17 4 8
9 3 7
14 1 19
26 13 19
8 4 39
34 10 17
6 9 19
9 1 17
27 5 36
8 9 2
24 1 36
9 5 8
33 1 3
21 5 20
18 12 23
3 11 38
28 6 15
6 10 37
13 6 34
1 10 39
6 13 38
26 11 13
37 8 9
17 11 27
33 11 14
24 2 16
8 4 5
8 6 5
1 8 19
21 13 21
14 2 24
30 6 13
22 10 16
32 11 26
12 10 7
36 6 6
11 4 29
15 8 24
10 12 24
33 2 39
5 6 28
20 10 9
12 6 2
35 5 29
28 4 14
15 3 10
18 4 22
37 3 15
10 11 2
7 8 8
9 5 5
2 4 9
20 3 20
20 12 10
38 7 1
37 6 11
5 12 13
25 12 12
36 11 22
16 9 27
37 9 25
6 9 30
20 7 22
36 4 19
21 8 10
38 12 36
1 8 10
18 8 31
7 12 8
1 13 24
11 3 8
1 5 27
39 1 14
23 7 26
30 11 40
2 11 19
10 7 12
32 3 21
13 2 22
39 4 13
24 8 40
28 13 27
31 12 20
18 2 10
34 5 40
9 7 5
38 7 29
10 3 10
15 4 39
20 9 12
8 12 4
17 2 39
3 7 18
27 12 30
30 3 4
28 12 18
27 3 21
30 7 32
22 12 10
23 10 38
22 3 7
34 9 35
13 2 21
18 8 26
1 8 4
32 11 30
35 5 33
28 9 35
32 6 28
25 8 34
37 5 10
11 2 7
38 9 15
37 3 23
30 6 1
12 8 17
10 1 14
5 7 23
16 8 26
21 1 25
15 10 3
35 4 36
22 4 8
1 11 29
16 4 22
4 5 33
38 5 7
27 10 7
4 9 24
30 4 24
6 10 12
22 6 11
22 3 14
31 8 12
4 1 1
29 10 9
20 1 31
22 12 17
25 8 14
34 2 29
22 4 38
38 3 18
26 7 30
12 5 18
39 13 35
16 8 35
31 6 19
13 5 25
12 11 6
21 2 34
14 4 11
34 3 34
1 3 4
29 5 26
25 4 1
33 9 6
26 2 8
13 13 14
32 6 31
36 9 11
15 9 34
19 8 29
6 7 5
2 8 24
26 11 24
3 13 26
20 10 30
26 7 7
26 13 22
30 9 2
29 13 28
12 3 23
3 7 29
35 4 38
25 5 16
14 10 3
20 8 9
16 2 11
19 6 21
30 10 30
19 11 6
23 9 17
18 12 21
30 7 37
23 11 14
37 1 2
39 13 3
11 8 21
8 9 10
12 9 11
17 8 38
20 6 24
26 8 12
15 8 37
13 4 9
13 2 19
5 5 17
7 1 11
36 1 26
24 13 10
12 1 18
32 11 24
23 9 2
20 13 9
7 5 2
14 7 34
25 10 39
38 12 39
30 3 3
8 7 16
37 3 3
15 1 11
18 9 33
8 5 28
1 8 15
28 6 10
20 6 13
18 7 38
2 8 7
22 3 26
37 1 11
32 6 40
3 13 37
6 11 37
36 4 29
29 6 25
16 3 13
12 2 1
19 10 30
39 3 36
15 7 19
12 7 38
20 3 25
27 3 7
9 3 25
3 4 23
8 8 25
14 2 27
28 6 33
32 7 40
34 10 1
39 6 15
12 5 36
35 4 6
34 8 8
11 13 2
28 1 30
38 1 18
16 5 16
16 4 1
14 12 22
9 9 2
26 5 39
35 1 17
9 3 25
9 4 36
18 10 28
4 1 22
38 2 3
4 1 33
16 12 31
2 3 34
8 5 26
35 12 24
36 1 14
16 7 21
32 1 1
6 11 30
8 13 15
12 4 1
19 6 22
27 2 37
11 4 40
23 6 18
28 4 13
18 9 37
6 3 1
6 12 3
39 7 28
33 3 25
8 3 27
28 6 27
1 3 13
29 9 39
14 11 37
11 3 11
28 6 9
31 12 12
29 1 6
33 1 23
12 9 5
24 12 7
26 1 13
8 7 16
30 11 24
3 11 23
36 7 35
18 4 4
5 12 31
8 3 11
25 13 7
28 12 8
18 8 29
33 1 34
34 1 33
32 2 6
20 12 19
21 1 2
31 10 3
14 7 6
8 5 28
33 5 24
24 5 4
33 1 37
21 5 2
12 11 36
7 9 14
10 7 29
15 5 11
6 5 19
14 11 37
34 10 32
35 12 7
27 6 28
22 9 13
15 3 17
26 13 9
27 6 36
10 4 27
36 1 8
20 6 40
3 5 31
10 5 39
6 10 28
28 2 2
20 9 34
3 2 39
29 3 14
25 2 23
2 5 28
29 2 32
22 5 6
30 11 9
19 13 30
36 1 36
26 5 36
24 3 30
7 3 11
8 1 17
25 10 8
29 12 26
17 6 4
12 8 37
31 7 40
30 7 21
5 11 40
16 7 16
32 12 14
1 10 27
13 7 40
37 5 4
17 9 14
37 4 22
7 6 29
6 8 40
12 3 14
29 13 22
28 13 27
6 9 29
24 13 32
10 7 19
23 8 18
5 4 3
31 6 21
23 8 30
1 13 32
35 5 7
36 5 8
21 4 35
36 3 15
38 7 26
4 11 17
2 2 8
24 5 4
23 7 5
11 7 7
20 10 33
7 10 26
12 13 2
9 12 8
37 9 9
17 4 28
11 2 1
23 4 39
15 6 7
4 8 19
10 2 15
17 5 16
23 8 9
15 1 39
37 3 16
20 13 39
30 9 22
3 4 19
4 5 19
38 12 21
29 3 32
23 7 1
37 1 32
20 5 36
23 4 37
1 7 21
26 4 17
27 12 34
19 1 10
22 13 37
35 8 6
16 6 17
2 11 38
15 2 23
13 6 27
23 9 2
19 1 28
19 13 23
9 1 34
25 13 18
14 4 9
13 3 28
33 10 35
2 3 5
9 13 31
20 7 26
31 6 2
35 5 35
32 10 31
20 7 38
6 7 18
22 4 27
19 8 11
25 4 27
29 10 22
18 9 14
31 7 38
38 7 22
3 13 6
25 9 5
31 1 27
23 9 40
27 11 34
30 9 2
7 8 13
14 2 15
27 5 8
34 2 26
26 12 32
19 11 19
39 4 34
10 12 3
33 10 9
10 6 33
17 12 39
33 12 12
11 10 31
32 2 12
23 12 7
24 10 17
36 4 2
9 8 27
15 1 3
20 4 28
17 13 6
18 6 24
28 8 22
27 2 29
35 1 20
7 1 19
20 9 10
12 12 1
34 6 1
1 11 16
17 8 17
11 11 38
39 8 9
3 1 9
14 2 32
5 6 14
29 6 38
30 4 9
33 4 24
32 3 27
16 13 1
21 9 37
36 6 7
30 9 15
31 13 33
20 11 10
12 7 33
3 13 35
37 2 34
1 10 38
15 13 31
23 6 13
38 11 14
3 5 7
10 7 32
21 4 16
21 7 31
22 10 17
3 2 24
24 6 17
36 6 36
9 3 38
9 11 17
26 13 7
26 2 28
13 10 33
36 6 30
35 6 7
35 13 12
32 11 31
9 5 30
24 13 7
19 13 40
18 11 29
37 3 18
19 9 23
16 9 10
15 3 22
20 5 40
27 8 25
6 13 37
32 2 27
36 2 24
31 11 31
37 6 30
13 5 19
28 12 6
39 11 34
33 8 1
3 8 34
4 3 11
16 13 29
27 5 31
28 1 11
17 6 13
38 1 35
21 6 14
18 8 24
20 9 33
31 9 12
38 7 36
27 3 16
4 13 5
24 13 22
39 5 28
31 3 1
20 5 5
2 7 15
31 13 34
1 5 14
17 2 4
21 2 2
10 5 21
22 12 29
15 6 14
2 12 3
27 13 27
14 11 26
39 12 15
25 10 24
4 8 9
22 1 38
37 12 15
17 13 17
36 7 30
21 2 16
32 2 9
13 7 12
14 12 25
8 13 14
10 13 27
13 10 27
22 4 10
17 11 13
19 13 35
8 13 2
11 13 19
34 3 5
35 8 37
31 1 8
10 1 36
17 6 18
36 2 33
15 2 36
37 3 29
7 6 26
39 13 17
7 10 40
7 13 20
1 7 24
10 10 24
21 11 27
25 5 36
4 8 16
2 11 12
5 7 35
5 13 36
4 1 18
29 9 27
4 11 12
34 5 12
2 8 32
29 3 21
39 2 33
14 13 39
31 1 14
15 5 39
20 1 21
5 13 25
29 12 29
26 1 8
20 12 15
21 3 23
31 13 10
39 3 9
30 10 29
19 3 37
39 12 18
26 1 18
9 10 39
18 9 18
35 10 35
33 11 38
24 12 38
11 2 15
5 6 8
1 11 1
8 9 18
26 8 25
35 11 21
30 10 3
6 4 31
25 8 7
23 12 31
33 1 10
26 8 5
26 6 38
7 2 3
31 11 6
22 7 7
4 11 23
30 13 40
5 9 22
31 11 15
5 13 17
22 6 29
18 7 2
19 8 23
27 7 31
12 7 32
30 9 24
30 9 15
13 13 30
15 10 35
20 13 17
39 10 7
22 5 4
13 2 39
11 6 34
34 6 33
37 7 14
34 11 4
16 10 36
16 9 29
37 10 39
9 8 14
31 12 24
5 1 7
12 8 17
39 8 2
3 2 26
3 6 18
10 3 19
13 12 35
37 12 19
30 2 9
18 8 8
27 7 35
30 8 11
12 5 2
38 13 9
7 10 14
17 6 31
31 2 5
15 9 2
39 3 9
34 8 37
37 7 33
28 9 15
14 1 14
27 6 16
35 1 21
36 11 16
28 10 13
4 4 23
27 6 6
11 12 29
8 9 19
20 4 23
38 6 12
26 13 23
4 4 15
22 2 30
10 4 9
35 1 38
36 7 24
1 5 25
1 3 9
29 13 37
10 3 9
8 2 39
36 8 21
36 2 34
22 11 17
1 2 10
21 11 11
4 3 1
3 2 17
5 1 34
25 4 21
16 4 6
2 10 27
25 13 23
16 7 36
35 4 12
21 2 34
23 11 13
33 1 25
27 11 1
30 4 20
4 2 9
28 7 25
37 7 8
19 10 17
13 10 1
37 13 10
29 4 4
14 8 24
21 5 35
26 4 39
25 7 8
10 3 29
10 2 14
2 9 24
33 2 20
21 7 32
24 12 26
32 10 10
14 13 5
20 7 31
2 6 21
27 6 22
8 10 12
33 4 37
11 12 6
15 8 2
20 7 4
37 13 30
11 1 18
34 10 31
28 9 34
22 8 19
27 4 27
3 12 5
34 12 32
11 9 38
14 3 15
2 12 32
6 6 35
13 11 18
15 10 3
32 12 17
23 6 29
22 10 37
13 13 4
38 13 34
30 4 3
3 12 38
5 1 35
17 7 38
5 8 36
1 3 20
8 9 11
15 11 25
31 7 36
15 8 37
36 12 18
1 12 7
1 10 6
38 3 31
10 2 27
28 1 4
15 7 22
18 11 5
20 8 10
23 13 2
15 1 30
2 7 14
34 12 29
2 6 22
39 8 19
5 13 12
33 12 26
9 13 18
1 3 6
14 9 6
23 10 37
7 8 35
19 12 26
26 2 13
16 4 22
35 6 14
13 3 8
15 12 12
12 5 15
25 5 40
39 4 39
16 7 31
37 9 3
24 13 12
31 7 37
29 7 31
3 13 36
36 7 12
19 13 1
17 10 22
8 12 2
20 7 21
29 8 32
8 9 5
34 1 24
38 8 36
7 7 6
29 9 15
13 7 32
9 6 24
6 7 5
22 6 8
5 5 18
12 10 17
7 2 31
20 5 4
30 1 26
17 6 9
9 8 36
4 5 30
4 6 23
37 8 29
20 3 13
34 9 22
24 7 12
20 2 36
3 9 13
1 12 19
8 11 7
29 6 15
4 5 7
29 5 35
11 3 24
33 4 19
38 1 36
33 10 32
38 8 15
19 2 8
1 6 14
39 5 34
23 6 26
33 9 36
31 10 25
28 10 9
14 7 7
13 2 40
32 13 6
34 1 36
19 4 12
8 1 8
26 1 27
10 3 18
7 2 26
19 4 8
10 7 31
17 1 8
19 12 14
22 5 5
38 8 38
4 10 18
18 12 36
20 11 18
18 6 25
19 6 12
4 1 36
28 8 33
9 11 2
22 10 32
24 12 9
14 5 23
18 5 33
8 2 32
1 6 36
9 8 8
17 13 16
1 3 30
27 2 38
2 9 19
14 3 14
22 7 40
35 2 36
27 10 1
34 13 9
25 3 5
11 6 15
35 2 1
32 6 19
39 3 33
30 11 3
16 12 4
30 3 1
5 10 11
31 5 7
5 4 19
36 2 28
9 2 14
30 7 24
39 3 30
32 11 27
35 4 36
9 1 1
34 12 34
26 5 12
36 2 26
15 9 25
13 12 20
29 11 39
22 5 2
17 13 16
28 12 8
25 9 39
35 8 31
20 6 20
23 6 2
18 13 24
4 13 36
29 8 23
29 12 38
10 2 23
28 9 1
7 6 38
18 7 20
16 2 2
13 9 3
15 10 24
36 11 17
11 1 25
37 1 13
22 10 20
4 13 18
6 13 3
26 4 25
36 13 27
39 4 23
38 9 5
33 10 27
23 6 8
31 9 32
4 11 20
37 12 31
35 10 32
37 7 6
2 2 40
24 10 7
18 13 13
23 12 2
18 3 30
5 9 5
7 8 22
31 8 11
37 3 8
37 4 27
34 3 6
35 1 13
9 1 9
34 13 8
32 4 9
27 10 29
13 6 1
13 13 4
15 8 13
5 11 1
3 5 6
30 2 4
13 13 20
10 12 26
37 3 16
8 8 30
32 4 27
2 10 40
23 7 9
4 2 29
33 12 9
3 6 21
1 3 14
15 2 31
8 3 30
28 13 6
37 13 22
29 1 10
19 11 27
1 2 14
35 5 21
35 2 31
26 13 40
33 12 4
39 3 28
27 3 10
26 1 26
2 11 27
24 4 23
4 11 7
27 11 23
6 11 21
19 1 18
7 8 3
25 12 7
10 1 33
26 2 10
8 13 22
37 7 14
35 12 39
1 12 39
11 10 2
6 4 31
15 6 11
38 12 29
10 7 30
14 12 14
32 9 9
25 7 30
25 10 35
1 10 15
10 3 14
9 12 5
2 10 29
24 9 27
3 13 3
8 6 15
26 2 8
12 7 24
38 5 19
22 13 40
34 9 31
15 12 37
34 13 18
6 2 13
3 4 7
39 10 25
11 8 30
17 2 8
35 12 33
5 11 21
38 1 12
15 10 38
13 10 19
24 8 5
37 11 13
23 9 28
21 7 14
2 1 8
7 9 13
33 13 18
21 11 11
3 9 6
37 2 16
35 2 33
6 2 27
28 11 3
25 1 36
19 3 33
2 9 39
33 1 21
22 4 13
24 5 13
37 1 22
13 12 24
18 10 14
30 11 21
22 5 19
3 6 12
4 4 3
22 3 9
3 7 34
27 13 18
30 11 27
18 5 32
14 9 1
10 9 20
20 2 28
2 11 3
36 2 18
8 5 23
22 7 19
27 10 28
26 8 4
25 9 2
2 5 33
24 9 15
15 10 13
34 9 40
39 2 18
20 2 15
8 1 4
18 7 24
9 5 25
37 8 11
26 1 6
29 2 2
24 13 29
10 11 35
5 7 13
34 2 29
10 3 36
22 10 19
23 11 16
7 13 34
29 12 3
28 9 38
17 2 30
22 12 24
26 4 38
35 1 17
28 7 23
10 10 29
17 11 26
23 5 16
34 7 2
10 9 9
16 11 27
7 13 30
28 13 31
7 6 23
10 9 33
33 5 27
16 12 28
37 10 36
36 4 34
6 4 40
30 6 15
2 11 5
36 5 6
16 13 13
33 13 10
32 1 8
9 8 20
14 7 32
35 8 30
32 8 8
32 6 36
18 6 8
25 6 37
12 7 38
14 8 3
31 13 39
19 11 32
6 6 40
18 13 6
33 10 13
19 10 14
14 2 36
8 3 25
34 4 19
20 4 31
15 10 38
28 4 30
14 10 11
7 8 31
17 13 34
27 12 7
11 9 3
5 9 13
38 5 3
19 12 29
24 7 5
19 1 14
7 10 35
10 3 5
1 5 5
32 10 38
6 9 28
35 12 15
8 10 14
16 11 13
9 6 24
19 7 11
31 6 28
37 11 14
19 1 10
5 4 40
30 11 24
33 6 35
26 6 18
24 3 35
10 6 13
19 10 3
26 5 4
25 7 8
23 10 26
21 11 22
17 10 37
22 10 29
7 10 28
28 6 36
31 5 9
29 4 23
2 1 15
4 11 33
21 4 38
5 4 13
23 9 10
20 6 18
29 4 9
35 11 13
11 11 21
5 5 34
18 10 28
36 1 16
27 10 26
34 2 3
35 5 17
31 1 30
27 4 10
33 11 2
34 4 32
1 10 23
3 9 8
33 4 11
26 1 6
15 10 5
26 12 11
31 8 12
6 7 26
21 6 35
2 10 5
31 1 27
37 10 22
22 3 40
33 10 31
25 13 28
29 12 11
11 4 9
4 9 38
31 2 36
21 10 29
32 4 5
30 11 9
31 9 14
26 4 35
25 3 11
28 1 19
24 13 18
32 4 12
37 9 23
19 10 3
32 10 22
27 4 4
4 10 13
21 11 11
26 9 23
25 3 27
20 13 22
7 5 6
19 12 10
38 10 28
36 2 37
7 7 17
15 8 29
33 10 29
23 11 13
34 8 23
2 12 36
35 9 38
9 5 13
1 6 7
24 5 6
38 12 25
9 3 34
23 6 3
7 5 31
33 12 11
8 9 23
19 6 15
23 3 23
13 7 31
23 5 17
15 1 35
24 7 23
39 3 21
14 8 40
32 6 16
20 11 5
37 12 18
18 13 40
18 12 17
18 9 34
9 4 16
38 4 33
39 12 18
39 11 3
33 8 16
34 6 20
12 11 34
18 3 21
30 13 22
8 3 16
35 5 24
35 13 29
34 12 28
34 12 33
37 3 20
3 7 19
8 11 12
17 12 28
4 7 6
4 13 25
17 1 3
38 10 25
26 10 26
39 3 12
13 12 20
36 7 31
28 8 31
13 9 15
38 11 10
11 4 1
8 13 15
13 13 12
12 3 19
22 2 21
14 5 39
21 12 1
26 5 25
25 2 27
38 5 39
26 8 15
13 4 8
38 5 22
3 1 16
19 7 7
3 9 4
24 7 10
36 13 37
35 5 32
13 1 18
15 4 3
23 2 18
16 7 21
17 6 19
25 12 24
5 2 13
11 4 15
23 10 2
19 10 15
27 7 33
26 13 31
34 5 7
26 7 37
5 3 22
9 1 3
30 3 35
17 10 2
7 10 9
19 5 39
33 2 20
19 4 3
17 4 16
36 5 32
26 3 8
1 10 34
35 12 13
15 1 5
27 10 25
22 10 5
13 9 37
17 1 39
20 13 10
18 11 24
24 8 20
6 6 28
25 7 40
21 11 38
15 10 25
3 13 1
1 9 15
26 1 30
2 2 16
39 4 31
39 7 37
9 3 2
37 9 10
25 2 4
3 2 3
11 11 14
4 1 25
18 13 19
26 1 14
27 9 8
28 4 27
33 10 25
37 2 28
34 1 31
1 12 34
17 12 5
17 10 14
20 8 25
38 8 34
34 8 5
17 3 28
35 9 18
13 9 35
33 6 13
9 1 30
25 10 25
20 8 6
23 5 1
14 10 35
15 7 31
18 9 2
13 9 38
15 12 22
4 12 36
32 5 5
22 6 36
8 3 21
22 5 1
23 10 26
34 12 17
4 12 31
29 5 5
3 13 21
27 6 20
36 2 31
32 2 15
4 7 34
35 1 4
10 11 12
21 13 15
32 10 28
9 3 31
7 13 34
18 1 38
25 8 23
28 2 26
22 6 40
18 1 22
7 11 32
30 12 12
16 9 7
26 11 13
28 2 35
9 5 17
13 11 14
25 9 37
23 9 7
2 11 1
28 3 10
5 2 21
9 9 5
32 12 21
7 3 9
11 5 10
2 9 25
34 4 17
14 10 29
26 6 9
19 13 12
22 9 34
7 12 22
2 10 8
36 1 2
27 2 9
7 1 20
16 12 38
17 1 14
34 7 24
19 9 40
10 2 12
27 2 13
5 4 15
27 13 20
26 4 25
23 5 8
32 2 27
24 13 40
18 5 7
32 4 39
30 9 33
5 3 37
15 10 18
12 13 28
14 1 7
21 11 27
5 13 5
34 2 4
24 13 21
37 2 17
37 7 39
18 9 11
2 5 38
17 2 21
29 11 8
1 10 19
26 13 25
31 13 17
26 12 8
19 4 15
18 13 28
4 4 30
3 13 6
21 6 9
17 7 20
15 13 15
36 9 28
9 9 39
10 5 13
22 1 2
30 12 19
22 5 39
39 2 17
11 11 39
24 3 6
18 10 20
1 11 13
7 9 28
29 2 25
35 2 23
3 3 5
18 1 10
13 7 1
24 11 12
8 11 28
36 1 20
8 9 31
34 2 2
22 2 35
33 4 24
6 8 7
9 5 40
17 1 8
26 13 5
11 3 17
37 8 37
37 2 24
21 7 22
32 7 10
18 11 36
15 8 18
27 10 20
36 12 29
33 13 12
29 1 38
8 12 2
16 2 25
35 4 6
14 13 35
24 13 22
24 1 13
23 5 23
16 7 38
36 2 2
5 2 17
11 11 32
2 2 20
24 6 19
19 3 8
21 9 7
13 3 4
24 7 33
27 13 39
35 4 35
10 13 18
28 4 8
14 6 36
3 7 1
27 11 34
26 5 39
15 13 27
26 1 14
22 7 38
12 12 31
5 4 19
37 8 25
8 4 37
7 5 32
26 8 28
23 12 35
1 1 39
5 3 30
13 1 4
16 11 32
16 6 30
13 11 12
11 1 39
24 10 38
25 3 19
27 12 4
37 5 13
3 3 25
35 1 9
36 8 19
30 5 25
1 8 11
3 12 18
26 7 36
27 9 23
35 7 3
4 1 11
10 6 14
9 5 16
28 5 2
34 2 12
24 4 36
19 10 34
15 1 16
16 9 3
36 10 26
23 7 10
33 8 7
36 12 1
13 2 34
20 12 8
15 12 39
7 9 2
21 5 30
17 13 33
18 9 26
14 8 5
18 3 4
20 10 19
15 8 33
35 1 32
20 6 28
31 3 22
6 9 30
37 10 36
11 8 32
1 5 32
38 9 13
37 5 25
35 11 26
35 3 14
5 3 15
18 7 15
35 13 34
14 11 19
29 9 8
10 12 10
8 1 9
35 8 35
1 7 12
28 10 19
37 2 10
11 1 4
16 7 37
4 5 4
6 3 5
14 9 40
36 8 33
21 1 23
31 7 26
5 11 27
15 1 18
35 2 2
32 11 24
21 2 11
22 5 33
21 6 6
30 2 11
27 13 18
34 13 33
12 6 23
16 5 4
10 10 36
26 3 27
8 3 34
2 8 12
32 8 35
2 7 22
19 6 29
20 11 23
23 8 32
28 12 16
19 5 8
37 8 25
29 4 7
11 8 26
5 3 14
2 7 7
20 7 13
33 3 38
6 6 31
30 1 15
8 9 7
11 8 12
21 10 13
30 12 36
32 2 19
26 6 11
32 11 26
35 6 34
23 10 20
12 2 38
3 9 5
13 3 9
14 3 30
39 7 39
25 4 15
12 6 20
18 6 6
11 4 27
11 6 23
9 4 2
21 13 39
36 5 26
27 12 37
29 12 9
37 10 7
26 9 37
7 4 31
34 3 32
39 4 30
26 4 31
31 4 5
20 12 8
30 1 1
17 1 7
8 11 25
35 13 31
18 7 7
9 6 11
12 6 24
16 12 30
35 11 28
9 12 35
18 3 9
25 1 12
14 13 12
26 11 33
3 2 19
8 13 17
20 3 25
39 13 33
34 1 17
30 13 4
30 2 15
27 4 27
15 6 2
33 5 31
34 13 7
17 1 3
39 1 33
35 9 32
24 11 23
25 12 18
39 5 10
14 4 30
20 7 7
1 10 14
27 6 19
36 8 34
17 7 9
6 6 5
9 13 34
31 11 34
19 6 29
14 10 19
37 9 32
28 13 38
32 4 10
13 2 20
36 1 17
36 10 9
36 8 4
21 1 28
19 4 18
7 7 25
23 10 25
30 2 16
28 1 22
25 9 11
33 4 28
11 8 33
3 7 14
7 9 15
11 7 12
39 7 29
32 10 2
6 9 34
5 12 23
9 2 2
16 10 40
6 5 23
13 13 3
16 13 3
10 11 37
3 4 28
13 5 14
31 10 20
12 7 29
21 2 2
7 10 13
12 9 15
18 6 15
25 11 34
6 6 2
5 11 1
19 10 22
34 6 13
12 3 40
30 13 35
21 6 16
17 2 17
5 9 7
19 9 30
33 5 37
29 1 14
27 4 16
28 8 20
18 13 4
36 8 15
6 13 26
29 8 12
21 7 11
24 13 32
3 6 30
4 10 13
8 9 18
5 5 36
7 12 39
1 6 35
2 10 16
5 6 36
21 12 14
7 12 22
25 1 37
18 11 3
27 1 13
18 3 24
31 7 37
27 8 14
37 1 14
18 1 22
17 1 35
30 12 36
30 3 18
39 4 24
9 13 16
13 7 12
4 12 25
12 2 24
15 9 5
27 7 8
28 9 3
10 3 38
27 8 39
4 9 23
32 6 1
36 13 18
9 7 35
3 4 29
25 10 19
3 3 16
39 7 13
15 6 20
25 13 23
36 11 34
11 10 26
8 11 20
14 12 35
20 3 16
24 12 26
8 12 18
14 12 21
8 9 31
35 12 17
37 8 10
26 12 34
33 9 4
16 3 27
6 13 4
20 4 14
37 10 32
24 11 35
29 9 23
29 12 25
16 10 39
26 8 5
20 13 10
6 10 1
37 3 37
2 2 7
35 7 39
9 3 3
2 13 20
4 6 1
34 9 11
5 12 8
37 8 33
16 2 7
31 4 4
13 13 35
15 9 3
14 10 29
6 8 36
19 12 2
33 5 17
32 4 27
35 13 32
36 5 7
23 12 40
29 5 28
39 6 28
3 3 12
30 13 5
5 1 5
31 11 24
15 4 19
37 10 4
18 1 11
26 4 31
23 5 36
13 11 2
25 5 6
19 5 1
1 1 31
28 10 19
26 5 9
7 12 40
2 8 5
31 7 12
37 10 14
28 12 34
36 11 4
30 1 23
28 5 14
13 9 7
39 5 38
30 5 37
7 2 25
9 3 35
19 13 7
7 8 9
37 2 31
22 2 7
28 5 15
21 8 13
29 12 4
28 8 2
28 11 25
2 5 20
25 2 33
39 6 11
6 7 31
25 2 39
36 1 27
27 6 11
13 10 29
20 1 33
22 8 9
10 12 31
24 10 6
27 12 37
23 4 23
30 4 25
5 8 16
11 6 5
8 11 10
18 1 22
3 3 33
2 3 19
36 1 10
18 11 12
36 7 7
5 7 17
32 8 6
2 8 34
36 2 39
19 5 27
3 12 36
19 6 19
22 12 21
1 8 39
32 4 24
37 11 36
16 7 2
7 10 1
1 11 16
34 9 27
22 2 6
29 13 32
1 13 24
10 10 25
7 5 3
25 8 6
38 4 27
1 11 15
34 1 27
13 4 15
32 12 24
25 13 2
18 4 9
6 9 18
14 5 3
27 10 5
25 8 38
26 10 29
26 9 28
39 10 40
38 10 12
17 13 2
34 8 18
4 10 15
26 4 8
5 13 6
22 13 29
6 1 33
24 13 36
30 12 13
17 9 24
21 6 25
22 1 9
2 10 14
13 9 3
17 5 36
20 13 17
22 7 12
1 9 26
3 12 22
6 1 31
4 8 34
35 2 30
31 13 26
31 8 13
27 12 8
14 9 15
12 7 24
1 8 37
17 6 29
20 13 1
17 2 16
10 1 4
2 9 5
15 7 18
6 2 33
7 11 11
31 2 5
11 4 28
7 12 29
7 9 37
20 9 26
27 1 12
10 1 1
1 8 15
2 10 11
2 11 28
13 9 17
13 12 5
32 6 1
24 6 1
24 7 32
25 10 2
33 2 26
13 5 26
16 9 29
6 12 28
13 10 38
13 5 12
4 11 17
10 11 19
11 11 27
12 6 30
3 7 22
38 6 21
22 11 37
12 13 31
12 1 8
8 2 23
35 12 8
28 1 31
19 7 6
14 6 9
3 7 19
8 2 27
34 8 30
11 12 35
11 3 18
11 4 11
13 8 14
38 9 26
1 4 39
18 2 6
3 1 33
16 3 28
11 3 13
39 12 11
24 2 33
36 1 20
13 9 39
37 4 19
23 8 8
2 1 26
13 4 2
11 11 1
3 10 30
36 1 15
24 10 26
29 13 1
11 13 13
33 5 31
19 6 1
13 2 21
18 10 20
5 8 23
3 9 13
11 6 28
34 5 2
8 5 22
20 13 26
17 11 39
10 10 32
20 3 10
31 4 24
13 3 1
26 13 24
1 6 31
19 8 5
16 13 10
17 9 18
31 13 32
33 5 9
19 6 25
18 9 7
29 12 1
11 12 13
34 10 11
28 10 29
26 1 21
12 11 25
16 10 12
34 12 27
8 11 12
27 12 31
7 7 28
36 8 1
18 1 38
28 2 16
20 2 36
8 6 26
17 11 32
3 11 8
34 5 11
16 1 12
33 5 20
11 6 18
11 6 6
24 6 28
32 10 9
34 8 16
27 5 38
14 13 17
5 13 6
32 4 33
10 11 28
21 3 8
26 1 37
39 13 32
21 8 12
25 3 15
36 8 20
21 2 26
8 8 11
15 5 37
37 11 25
28 3 36
38 7 12
25 6 8
29 11 11
28 10 14
14 10 26
3 3 26
35 11 34
23 4 11
10 2 6
30 8 33
16 10 7
15 11 18
20 12 29
28 7 4
16 6 6
13 4 12
28 13 26
2 10 9
18 8 22
5 5 10
11 4 2
28 5 1
28 2 26
16 3 2
4 7 22
2 6 29
8 5 21
28 10 18
38 2 23
8 8 32
33 13 26
14 10 28
13 5 39
18 2 10
17 12 16
22 10 17
35 10 19
6 7 39
18 1 12
38 8 7
28 7 16
20 13 33
29 12 9
25 5 23
2 10 6
37 2 1
18 8 18
38 5 25
21 5 39
15 10 32
17 12 19
24 8 15
11 6 38
15 1 27
11 4 11
16 10 10
8 5 26
16 2 11
25 4 26
19 10 22
21 12 10
29 6 40
29 11 21
25 13 23
15 12 24
7 2 39
2 8 10
30 12 31
1 9 24
3 4 40
38 7 39
20 6 39
24 4 14
22 9 26
24 4 5
6 1 33
2 3 25
25 10 3
31 2 27
26 12 7
39 9 29
32 2 14
29 10 12
36 1 39
33 10 17
32 12 11
9 10 21
14 8 4
4 3 5
8 7 15
5 7 4
36 8 6
37 10 26
18 10 27
27 5 19
22 11 11
20 5 1
7 5 34
13 4 18
26 13 2
27 4 40
3 12 13
18 8 28
18 12 15
9 6 31
30 10 8
7 5 14
31 11 12
4 11 8
21 13 28
21 2 2
7 8 40
31 8 28
31 6 28
19 6 31
3 13 23
37 12 5
7 8 39
12 9 33
21 6 26
20 13 21
4 7 6
30 3 3
34 4 24
39 2 21
13 5 32
15 13 40
17 5 16
18 13 16
37 1 14
25 9 1
12 7 9
20 2 15
36 6 37
23 12 34
25 12 35
4 7 4
36 12 30
24 10 10
28 6 26
34 7 33
17 12 36
34 8 33
13 10 8
21 13 4
21 10 24
30 8 5
25 3 6
24 7 26
15 7 7
31 8 30
1 7 24
38 7 27
10 8 16
17 8 25
20 9 31
39 3 10
16 3 1
32 10 21
4 11 11
23 1 11
1 11 20
28 2 11
21 1 31
25 4 23
5 11 22
14 9 28
15 11 2
6 3 26
14 7 8
27 11 4
5 5 26
4 9 36
34 7 1
21 13 35
27 9 34
10 13 32
8 6 22
18 2 37
36 7 26
32 12 1
24 3 3
8 4 28
30 10 33
12 9 7
32 4 36
25 1 32
10 3 34
32 13 16
26 7 29
5 12 34
25 11 38
17 12 12
5 4 28
25 13 9
21 2 34
30 5 12
11 10 10
5 5 8
33 12 10
20 2 21
25 5 13
37 10 14
7 13 9
23 9 40
3 6 1
7 7 21
4 8 5
37 8 9
37 3 26
13 11 24
23 3 7
33 5 22
26 1 12
20 1 32
35 2 6
14 6 10
36 8 35
28 9 3
31 5 18
6 5 27
7 7 12
34 7 11
11 2 23
22 13 7
24 5 34
37 9 34
16 2 40
20 13 34
36 3 10
33 13 4
10 13 18
8 9 13
18 12 21
33 3 8
8 11 18
28 4 26
13 3 35
13 7 23
35 10 30
27 12 10
26 10 34
11 13 1
17 8 37
22 6 24
35 13 38
19 2 36
11 9 9
35 2 30
28 12 34
4 9 3
21 13 32
36 2 32
21 8 29
12 8 31
17 1 38
19 11 21
2 7 22
2 10 3
6 10 40
39 10 15
10 8 3
17 12 4
32 2 15
16 10 16
36 11 26
11 12 17
12 8 4
1 13 26
13 10 9
7 13 30
1 12 29
24 6 17
25 5 17
1 1 13
16 12 38
10 8 6
9 3 34
7 2 7
15 3 36
1 11 15
23 2 21
5 7 19
6 9 13
10 11 2
12 8 11
8 13 16
8 8 9
7 9 17
6 9 34
2 1 22
29 4 33
27 9 6
20 7 37
23 3 17
22 12 33
26 11 11
38 7 5
15 2 13
39 12 8
7 9 21
2 4 11
8 3 5
23 9 8
20 9 20
22 12 22
28 13 40
37 7 23
22 2 40
21 3 38
36 2 25
13 5 25
19 1 13
38 12 7
27 4 4
18 11 16
12 5 22
1 4 25
21 2 2
38 11 5
13 13 39
37 8 35
22 4 40
26 11 7
16 8 12
10 9 9
31 2 23
20 6 14
25 13 10
5 4 15
18 6 8
5 5 39
37 6 5
25 10 1
12 4 6
27 10 30
15 1 4
34 9 16
9 4 17
17 5 28
25 4 28
2 7 4
13 11 1
7 7 11
20 6 40
38 5 2
24 7 20
20 2 16
28 12 14
12 13 7
36 9 16
10 2 4
18 1 1
7 9 5
39 6 30
18 10 36
30 1 22
6 1 19
14 1 16
7 1 5
35 13 13
17 6 19
13 10 29
9 3 39
31 11 24
29 2 23
1 2 22
12 11 27
15 12 25
11 7 10
14 1 9
3 6 24
26 8 23
11 1 1
25 12 2
22 11 2
31 5 3
24 10 9
30 10 21
35 4 36
35 8 13
8 3 19
29 6 3
33 3 1
30 4 18
36 11 21
36 9 12
30 7 35
25 1 21
33 4 18
4 2 11
11 4 40
2 5 17
26 10 39
27 12 34
37 13 19
18 7 26
37 6 37
5 1 28
26 2 31
2 11 26
18 12 39
14 8 13
36 12 35
17 8 32
4 1 23
14 6 28
21 9 33
27 11 31
3 7 20
37 7 8
19 12 11
1 8 22
30 13 6
1 7 6
10 13 35
17 9 12
21 6 11
29 12 19
13 10 9
3 7 38
6 8 18
37 1 27
25 9 38
4 4 27
33 1 2
2 10 34
31 13 8
29 1 35
22 2 33
12 11 13
28 10 11
27 8 10
8 12 28
33 9 39
5 2 24
21 8 5
35 3 8
3 5 35
20 11 23
29 8 14
13 13 32
21 5 2
5 11 21
35 13 35
1 13 34
9 2 34
12 11 35
11 7 24
28 13 20
30 9 23
24 7 17
15 12 17
22 4 38
37 13 38
17 5 26
39 13 8
34 6 37
21 5 21
1 4 3
31 1 21
22 6 37
13 9 6
34 12 38
3 6 32
23 11 32
31 9 7
21 5 36
12 2 17
14 5 23
23 1 14
29 7 6
15 11 39
39 5 23
33 7 16
34 10 5
14 3 26
1 9 24
18 10 22
38 13 31
20 6 3
3 7 13
11 13 36
11 10 5
15 8 9
31 4 17
18 3 12
23 5 13
27 1 38
22 6 20
14 11 35
1 8 21
16 6 18
35 1 9
11 5 6
38 10 27
13 10 33
20 4 3
34 5 9
16 10 23
18 12 35
1 4 32
10 2 34
30 6 9
37 4 28
14 2 24
9 5 5
10 5 20
23 11 39
9 4 11
34 8 33
25 7 16
28 10 8
23 9 12
38 9 20
9 4 32
4 5 16
32 4 22
26 1 4
19 7 39
39 8 36
31 1 8
4 11 34
26 12 32
29 12 8
37 7 28
39 4 30
29 13 38
5 1 17
23 10 7
2 11 24
22 1 5
29 7 3
22 9 15
19 9 21
12 11 24
35 12 31
31 11 1
39 10 19
37 3 17
6 2 32
4 13 19
10 5 4
14 5 19
11 5 27
26 9 35
28 10 2
28 8 38
18 2 11
1 10 15
11 4 15
39 8 23
4 13 17
1 1 5
24 12 16
4 7 27
7 2 23
11 11 11
39 12 19
1 4 39
4 10 23
39 1 14
14 6 4
23 4 35
33 11 25
38 7 37
28 9 18
15 1 28
12 3 4
11 6 21
3 5 15
22 1 34
31 4 27
2 3 19
4 6 10
21 1 28
31 6 40
5 12 12
19 5 11
32 3 17
19 1 36
26 6 5
19 7 24
20 8 35
8 4 39
39 6 20
1 6 30
27 11 10
16 4 11
25 7 39
18 12 30
29 4 29
24 12 35
36 13 12
37 5 6
16 2 23
26 6 35
6 9 27
20 10 30
18 9 10
26 8 5
11 11 38
11 4 31
31 13 35
30 3 16
19 1 25
23 7 21
35 13 40
39 6 7
33 4 26
20 7 11
1 6 40
22 10 4
19 1 37
8 3 28
22 4 6
10 8 40
28 4 9
33 10 39
13 5 10
37 11 33
8 12 13
19 10 2
35 11 19
19 6 26
37 11 22
18 2 19
2 12 40
29 6 34
28 8 26
31 11 18
10 13 15
29 12 34
33 13 39
21 9 13
30 8 6
18 4 10
9 10 31
3 9 34
17 7 4
28 3 1
5 9 5
27 10 14
7 9 7
4 10 21
28 2 38
22 5 11
17 13 14
6 5 3
23 3 29
27 3 32
30 1 13
26 9 30
1 8 40
25 12 4
28 1 17
15 5 39
36 8 27
22 6 38
29 3 36
39 13 25
1 2 32
19 6 6
15 8 28
35 8 3
36 8 7
27 3 15
26 6 9
39 12 7
2 13 8
32 11 11
1 6 16
9 8 14
32 5 28
14 13 37
27 13 13
8 4 1
8 3 32
22 2 9
4 9 20
6 9 13
37 2 11
31 13 26
20 1 27
28 10 3
35 1 31
30 1 23
9 3 25
3 9 12
38 3 9
28 4 27
7 3 14
25 3 29
21 9 21
18 2 20
18 3 1
23 11 36
37 9 11
11 3 40
19 13 19
15 6 17
26 10 20
29 7 21
33 13 37
31 13 25
15 11 36
9 12 36
36 13 1
38 4 9
36 5 2
5 2 17
19 5 11
12 3 5
31 6 8
8 9 38
27 3 3
30 12 39
9 12 28
38 12 37
2 9 8
10 8 3
27 13 18
14 7 14
1 12 3
14 3 38
14 6 11
20 1 3
21 6 36
2 6 27
26 3 23
24 1 22
12 3 3
28 8 13
30 13 39
28 7 8
16 3 29
16 7 32
10 7 34
20 8 38
31 8 25
25 11 22
21 9 6
10 4 32
32 6 36
21 5 37
28 10 22
38 10 28
13 9 36
9 6 28
13 12 20
37 11 13
15 8 30
12 7 32
32 6 28
5 3 37
31 1 9
33 10 12
39 7 30
27 12 27
21 1 29
13 8 32
11 9 36
13 9 14
20 3 9
27 9 15
18 3 6
36 12 31
25 3 16
38 2 19
23 5 26
14 12 19
34 10 3
9 4 9
18 7 19
22 11 22
17 11 10
23 4 20
3 11 1
24 2 6
32 11 24
2 9 32
37 6 8
20 12 7
9 13 2
23 7 8
34 5 30
16 8 17
30 10 14
18 6 13
21 1 37
3 1 23
6 7 39
19 8 8
30 7 17
31 12 20
15 2 31
16 3 21
29 9 24
19 3 6
12 9 36
18 3 5
3 2 37
24 10 16
13 4 1
17 5 28
37 2 32
35 9 27
27 9 10
18 10 12
22 13 6
36 9 2
25 1 13
20 10 22
36 6 4
14 7 24
38 8 39
35 10 28
11 13 20
9 5 2
16 10 23
8 1 22
31 13 26
15 1 9
35 6 27
4 12 30
15 2 40
6 2 4
3 9 36
16 5 32
23 12 36
17 12 14
22 2 21
20 2 31
6 13 26
31 5 24
19 8 9
24 2 10
22 11 29
18 10 31
2 2 20
39 7 4
31 2 21
35 2 33
14 6 33
16 10 27
10 3 40
5 11 11
3 5 27
39 7 7
22 7 40
12 11 25
33 1 4
35 6 11
39 5 14
9 13 4
16 11 7
2 11 6
24 8 29
17 3 29
26 3 10
34 5 2
35 1 3
31 11 20
37 13 16
12 6 34
15 10 8
3 7 7
19 11 40
6 2 38
34 11 28
35 1 3
30 5 1
32 13 37
15 13 24
3 9 3
32 4 26
18 8 9
15 10 16
26 4 20
4 3 1
25 1 33
38 1 23
11 8 2
25 3 36
26 12 20
21 6 39
18 11 38
4 13 3
16 13 35
10 7 23
31 11 4
16 11 3
8 10 5
35 1 37
5 12 39
15 8 33
20 10 11
3 13 30
39 10 15
4 10 6
4 11 25
13 1 1
32 6 25
13 11 25
12 10 12
3 8 19
2 4 21
26 11 18
37 6 32
21 2 17
21 5 24
2 8 11
29 6 24
7 4 13
14 6 14
35 8 25
25 12 12
39 2 11
25 3 3
35 2 22
29 8 18
26 2 22
14 8 36
20 12 34
29 7 40
33 6 1
1 4 34
30 9 11
25 9 30
10 6 28
37 9 19
2 12 4
35 8 15
22 5 10
21 11 36
23 13 1
2 11 20
11 11 3
4 12 39
4 5 29
21 9 39
25 6 24
35 3 16
29 2 3
32 8 17
11 3 31
6 8 26
20 1 38
34 12 10
22 4 10
1 13 1
12 12 35
22 12 4
17 7 35
35 2 3
33 11 2
32 6 21
31 13 26
4 13 28
14 6 12
22 4 17
29 10 28
7 11 1
12 9 4
21 8 8
26 13 29
39 2 20
34 13 24
18 13 11
29 10 21
11 8 23
29 10 26
21 9 3
8 7 1
14 13 6
28 5 20
22 6 3
6 2 35
27 9 23
28 1 38
24 9 6
19 2 35
24 10 19
33 10 40
6 6 17
7 5 18
2 9 8
6 1 6
2 11 5
31 13 3
7 6 19
35 4 36
13 2 29
23 10 22
3 1 17
30 1 37
34 2 32
38 4 23
2 9 8
18 13 10
25 13 34
18 4 30
29 5 20
39 10 12
9 6 37
25 6 32
21 12 23
4 11 26
35 13 7
39 13 4
27 12 37
33 8 32
28 5 6
36 13 3
19 1 15
20 7 29
16 1 19
26 6 31
30 6 7
13 13 36
29 6 40
8 8 7
25 8 29
21 1 6
10 4 17
30 13 24
17 11 21
10 5 27
7 1 28
39 4 26
35 3 11
11 11 18
15 10 37
2 1 19
2 10 24
16 4 1
19 12 12
27 10 29
11 11 6
39 10 7
3 10 10
39 11 3
11 6 16
16 7 31
14 5 33
39 8 1
14 3 16
24 4 35
9 4 40
5 3 29
32 13 4
2 1 35
34 13 9
14 3 6
5 13 2
15 9 34
5 4 1
39 1 13
11 12 29
24 2 35
2 6 30
21 6 38
31 7 35
33 8 29
29 2 8
39 13 7
4 13 22
21 1 1
28 1 4
8 6 7
28 8 32
36 6 15
4 13 16
17 7 3
24 11 35
18 11 20
39 2 34
3 2 20
20 11 18
36 11 32
33 2 1
33 10 3
26 12 22
27 10 8
32 12 21
15 11 24
16 3 33
3 12 30
34 6 14
36 12 3
30 13 7
5 7 32
14 12 24
8 8 13
2 7 39
18 5 6
16 7 1
23 4 27
4 3 5
29 2 16
39 8 10
5 10 13
3 5 24
22 2 9
17 4 35
38 13 6
4 4 26
39 8 11
23 4 26
16 2 31
33 7 28
35 13 4
28 11 26
39 6 31
29 10 35
11 2 26
36 11 39
15 9 33
24 13 7
25 2 28
9 13 13
21 6 12
14 8 9
9 12 2
28 7 27
2 13 6
9 6 7
26 3 15
31 12 8
28 6 24
28 3 28
26 7 6
18 11 22
31 7 20
7 7 39
32 2 36
37 10 5
3 2 5
25 2 3
31 13 40
39 3 17
32 8 18
9 9 26
14 1 24
17 2 2
31 12 36
25 3 39
39 8 35
31 13 5
29 9 15
21 7 3
26 13 15
36 2 7
33 6 30
11 7 10
13 6 18
38 8 12
19 10 21
27 7 10
37 9 22
38 1 12
7 2 15
26 1 7
17 1 28
36 9 32
14 9 34
31 2 36
3 6 18
39 2 37
37 9 11
7 2 19
19 1 36
31 3 17
34 12 28
4 11 23
7 4 29
35 9 29
27 12 19
36 8 7
29 12 38
6 9 9
31 6 30
16 4 39
27 5 37
33 1 29
27 10 1
7 3 20
5 7 3
3 4 1
19 9 26
6 6 14
27 3 35
5 5 38
2 5 13
19 3 34
23 7 18
31 10 17
21 10 13
21 8 24
26 12 28
37 12 2
18 10 34
24 1 8
35 1 39
3 13 17
4 7 36
13 10 5
19 6 33
38 10 4
6 11 38
32 8 16
36 5 4
35 9 36
27 6 24
27 13 14
31 10 6
29 12 40
39 11 20
6 8 20
35 5 24
6 9 12
3 11 17
32 12 3
12 1 4
5 7 22
22 1 1
19 11 36
39 10 30
10 7 38
25 5 31
30 13 15
27 11 18
31 8 29
15 1 4
29 4 1
18 8 11
31 5 20
24 9 5
10 6 7
37 11 1
3 13 11
13 2 20
20 12 26
26 3 32
12 9 37
18 11 36
12 11 30
22 9 29
34 6 1
5 12 15
33 12 16
8 6 36
33 12 12
34 5 8
23 4 9
32 3 19
18 3 8
34 7 40
39 5 31
4 7 1
20 7 4
32 12 17
5 2 22
38 1 37
4 5 33
2 11 17
25 10 27
4 5 29
7 11 40
34 4 13
5 8 5
11 6 7
7 10 4
9 5 38
15 9 23
2 5 2
21 9 10
20 4 19
5 11 38
5 5 32
5 8 40
19 5 37
34 13 33
33 5 37
34 13 4
8 2 1
17 9 11
16 12 31
9 1 30
15 8 24
36 4 5
13 4 6
27 11 37
22 4 20
29 7 40
12 8 16
8 12 39
39 11 37
10 4 33
10 3 1
16 1 33
30 13 20
22 6 6
7 6 7
7 8 16
2 1 28
30 13 22
33 8 32
20 12 15
3 12 36
15 9 19
25 12 33
14 11 24
21 9 6
26 13 30
38 7 30
33 1 4
5 12 37
6 5 32
18 1 32
24 8 15
11 12 2
17 5 30
37 3 7
18 2 9
15 10 5
13 12 21
4 12 10
22 5 1
4 9 38
4 12 7
6 4 37
24 13 38
36 3 4
23 3 34
12 12 12
7 7 19
30 1 38
29 2 27
10 4 34
31 3 35
8 1 19
35 9 8
33 7 22
34 11 25
33 13 23
8 13 34
20 4 34
17 13 21
36 5 21
16 12 8
31 3 35
17 3 4
1 2 40
2 6 39
35 9 6
15 6 13
35 9 23
38 5 34
36 2 39
21 1 36
29 1 6
20 5 27
15 1 24
39 10 6
9 1 35
22 10 9
25 7 6
16 6 3
38 5 13
10 4 14
2 8 31
36 13 8
33 4 20
36 12 18
39 11 15
9 5 29
21 3 11
15 9 35
36 5 33
23 3 15
33 10 35
34 6 33
38 3 31
1 7 29
22 11 40
32 10 6
5 9 11
6 1 36
39 12 24
23 11 27
28 1 29
7 10 13
17 1 28
30 9 13
25 7 20
18 4 38
28 10 28
23 8 31
1 1 19
5 13 8
35 9 24
22 10 33
39 6 13
39 13 34
11 11 34
32 10 2
39 11 37
14 2 25
37 9 11
14 2 18
36 6 6
8 5 24
37 10 24
30 5 7
3 2 35
14 1 4
13 5 17
31 2 19
3 9 15
13 2 8
16 5 5
13 6 34
36 5 2
23 9 13
21 8 26
31 11 38
33 11 6
3 9 39
20 1 2
5 11 37
4 8 23
32 1 21
36 8 24
32 4 10
14 13 33
12 6 20
22 4 31
22 8 36
29 12 32
31 2 17
19 10 5
10 1 5
35 11 12
35 2 15
11 1 9
20 10 17
30 4 17
15 4 15
36 2 29
36 4 40
12 1 20
11 8 24
14 6 9
17 10 9
4 7 25
5 7 19
14 13 26
36 3 12
12 5 21
9 5 17
10 5 7
32 12 21
9 8 26
31 4 36
36 12 24
36 1 29
29 9 39
18 10 32
25 5 37
28 7 25
31 11 27
9 7 7
32 5 25
3 7 19
3 1 1
4 2 32
16 4 32
28 11 10
9 6 11
26 6 30
24 1 24
36 1 2
22 1 33
6 6 5
26 5 8
12 6 8
22 5 27
11 13 31
10 8 38
36 8 16
18 4 14
32 13 31
23 3 2
24 9 40
35 1 25
34 7 5
14 3 32
28 2 33
15 10 38
23 12 38
9 1 24
19 2 23
12 7 24
14 12 31
12 10 39
38 9 27
16 11 1
18 3 31
1 13 29
19 8 28
35 9 28
8 1 15
18 2 36
22 2 26
2 5 32
17 8 20
36 4 1
27 9 2
20 9 9
19 2 21
16 2 24
16 2 11
17 5 39
22 13 34
38 1 14
2 2 9
12 10 4
11 1 39
6 9 1
13 5 10
10 11 25
36 8 37
16 11 15
12 6 36
2 11 22
35 12 40
20 3 6
26 11 9
12 9 30
11 13 4
34 4 36
28 4 27
36 9 20
24 10 21
15 6 10
8 8 12
30 6 24
20 9 12
39 8 2
10 1 3
8 13 36
11 6 23
16 5 31
12 1 26
10 5 10
33 2 1
29 9 19
35 7 6
5 10 28
2 2 20
6 4 33
31 10 27
33 1 3
19 5 32
3 8 34
14 11 10
36 4 9
34 4 37
12 4 13
1 12 37
38 13 18
19 9 34
38 7 39
2 3 11
11 5 16
16 8 37
31 9 13
22 4 9
13 1 28
24 1 15
31 13 35
17 13 12
19 9 31
31 10 33
13 8 27
30 8 7
4 9 28
25 7 30
17 13 13
3 12 10
26 9 16
16 9 25
29 13 25
36 6 2
36 4 17
7 3 8
33 4 27
20 13 8
17 7 5
8 2 16
34 5 33
7 13 4
26 4 26
24 11 1
39 3 4
24 7 25
34 11 25
27 11 22
8 13 11
23 9 16
39 12 32
35 9 25
10 2 21
15 4 9
24 6 23
18 10 37
3 10 10
5 12 31
32 10 5
25 5 12
13 13 30
21 9 22
1 4 18
19 11 31
20 6 14
18 4 37
27 8 32
3 12 6
10 13 35
20 1 18
31 10 34
18 5 4
6 12 5
22 11 5
20 10 21
9 1 18
3 12 29
15 11 36
2 2 35
38 3 15
7 5 10
34 13 15
29 2 2
34 4 32
21 3 36
11 13 38
9 13 8
30 8 8
31 1 25
13 13 9
27 5 5
34 13 31
12 1 29
35 6 29
37 1 8
17 9 2
23 8 5
17 7 5
5 10 27
31 5 11
2 5 15
15 3 35
33 7 28
36 6 15
19 8 10
18 7 6
10 3 36
15 12 32
21 1 26
26 5 24
9 12 13
10 10 27
24 12 13
3 5 33
35 5 14
2 5 33
23 1 16
34 3 19
20 10 9
25 8 38
30 12 13
16 2 40
21 11 11
9 10 14
31 11 20
31 5 18
13 2 20
19 2 19
29 1 12
32 6 32
23 6 11
16 7 35
33 5 30
3 6 40
24 10 15
38 6 33
21 8 10
24 6 3
24 10 13
23 5 6
11 6 16
27 2 3
36 8 2
18 11 12
5 9 28
28 10 32
32 6 2
33 8 7
36 4 35
10 1 14
35 2 1
28 7 37
12 2 6
11 10 18
1 1 6
21 9 33
7 6 4
33 6 7
20 7 4
25 1 18
5 4 29
16 13 18
25 8 22
18 2 30
36 12 16
13 2 32
31 11 5
19 1 30
17 10 5
10 8 31
20 5 15
31 4 17
2 3 35
28 9 10
34 10 25
38 8 20
33 9 38
3 3 36
32 4 35
26 3 22
19 1 29
37 7 17
26 10 34
4 9 38
8 9 1
39 10 6
3 1 38
28 12 11
12 2 39
29 12 33
22 9 16
9 10 29
3 1 8
33 12 15
7 6 1
6 13 32
20 1 28
36 10 23
30 5 2
29 5 40
6 3 33
6 1 24
36 6 8
30 11 15
11 10 8
9 8 26
21 5 3
24 4 27
13 11 33
23 5 34
20 11 39
15 13 35
1 2 18
3 1 39
2 3 10
11 11 38
3 3 11
31 5 18
34 5 2
11 7 6
14 3 7
22 8 5
29 11 20
37 10 8
8 8 12
7 5 19
32 7 6
34 4 8
38 6 22
3 13 5
26 9 25
18 2 8
8 6 22
9 10 7
25 5 19
26 1 29
33 8 31
12 7 29
30 1 35
24 5 24
31 11 1
10 7 14
5 7 18
35 5 18
17 11 6
1 11 1
16 1 33
9 1 11
10 4 38
33 9 15
25 3 5
37 1 20
31 9 12
16 12 34
19 4 14
8 2 14
26 6 16
14 5 1
18 11 32
2 9 29
21 10 13
38 8 12
30 2 22
1 7 37
19 5 18
6 5 9
20 10 14
32 8 18
16 11 27
18 11 14
31 13 15
2 13 35
22 4 13
18 5 4
17 12 38
5 8 14
29 5 24
4 12 35
34 7 4
37 5 38
30 7 26
1 1 32
8 10 9
30 3 19
30 1 11
7 1 25
12 7 16
17 9 32
34 9 33
4 2 35
6 7 4
3 9 11
5 11 28
34 5 26
6 13 28
7 6 16
19 9 13
9 11 1
34 7 38
36 11 21
30 11 8
24 8 21
13 12 18
19 12 20
32 5 2
33 9 1
21 4 24
3 4 9
33 13 12
29 1 2
36 5 29
3 10 24
25 1 16
37 7 27
13 12 14
4 5 1
25 5 34
31 11 26
13 7 5
37 4 38
10 11 21
6 6 40
6 12 17
25 5 27
20 5 4
4 3 17
21 2 25
25 9 15
26 6 29
28 5 29
7 10 33
10 10 28
21 12 35
8 10 19
6 3 13
29 9 34
18 4 26
29 4 37
10 4 1
7 7 6
36 3 38
22 5 11
22 2 37
29 3 13
16 7 37
13 12 31
24 10 5
10 9 39
30 7 28
17 7 38
25 7 11
37 7 7
13 7 26
20 5 1
16 10 26
8 7 31
25 10 7
21 13 26
20 12 36
14 6 6
2 4 13
8 9 5
35 1 33
11 1 28
4 5 13
30 2 35
28 4 27
3 7 33
19 6 24
22 9 12
19 8 39
5 9 34
35 4 4
5 8 36
20 5 6
35 12 38
35 10 39
21 5 20
19 13 27
6 9 12
23 13 24
4 2 30
9 1 36
24 8 39
4 4 31
6 4 7
39 8 26
32 6 31
11 6 24
11 9 32
31 12 3
23 1 35
10 13 19
9 11 28
30 12 11
22 4 22
30 3 33
23 6 16
3 13 5
23 5 9
13 7 19
22 2 9
38 1 31
23 10 4
3 12 2
20 2 12
29 5 2
25 3 18
9 7 5
14 3 37
21 3 40
8 6 21
38 2 38
24 9 3
4 12 38
30 8 23
24 8 37
34 12 23
4 11 10
2 11 30
35 9 6
21 10 12
38 6 27
26 10 13
21 8 37
15 4 32
5 12 8
29 4 10
11 3 34
28 1 17
8 8 27
28 3 16
24 13 20
33 1 34
15 13 14
15 2 20
12 6 3
23 13 39
6 12 24
35 1 31
7 6 27
5 13 12
2 4 14
26 4 22
26 12 18
24 10 30
19 12 2
18 12 31
32 8 11
17 9 21
4 13 40
14 1 20
29 12 36
31 3 23
14 12 21
24 8 23
10 6 3
13 9 8
24 2 37
37 4 24
17 1 34
8 9 7
13 9 30
6 6 10
4 9 39
25 6 33
14 1 11
37 3 13
6 9 32
2 5 16
27 9 24
14 7 27
22 5 36
39 10 23
30 2 36
34 11 26
6 8 6
34 9 15
21 3 16
5 8 33
24 9 34
36 12 8
33 11 26
23 7 25
10 12 36
6 3 12
4 5 11
13 8 7
16 4 7
15 4 30
3 3 40
12 8 17
37 9 19
20 6 34
24 8 7
2 12 11
36 1 13
31 11 6
5 11 13
37 7 30
12 10 34
6 13 19
22 3 12
26 10 3
4 12 18
23 3 11
36 4 32
8 10 29
32 9 25
39 7 36
39 7 3
24 12 34
10 1 19
14 11 27
13 2 22
25 7 31
26 8 34
5 6 29
22 1 11
31 7 18
28 7 37
3 6 16
30 13 10
32 12 32
32 13 34
11 2 9
10 12 27
6 11 4
2 2 6
21 3 8
8 13 37
5 2 14
21 10 30
13 13 3
30 12 15
32 11 16
20 13 40
26 6 23
24 9 13
34 7 30
3 6 17
6 5 5
17 3 22
33 10 12
32 5 4
25 11 40
23 9 22
25 1 11
34 8 10
17 8 22
2 2 22
28 1 8
25 7 12
9 2 17
27 3 1
17 11 32
23 11 7
12 9 16
19 6 15
28 2 38
38 12 26
18 4 3
13 6 11
19 2 27
16 9 10
15 1 33
31 9 2
33 7 18
24 3 13
12 13 30
10 6 16
4 12 25
39 3 36
10 3 27
19 10 15
18 8 31
8 1 14
24 13 26
25 2 35
5 1 38
23 10 22
9 1 28
21 6 7
9 7 17
32 2 26
1 2 40
16 9 38
16 12 15
4 13 27
27 1 32
8 13 30
3 10 32
29 4 10
28 5 2
29 6 11
27 6 11
31 6 19
26 11 14
27 3 24
31 7 10
39 10 18
8 5 30
15 11 8
29 10 3
9 9 5
12 8 6
17 5 10
35 13 2
5 5 7
18 6 9
1 8 22
20 9 4
24 3 33
18 10 27
37 2 31
38 4 18
28 10 39
21 7 30
29 4 24
30 2 16
18 13 23
16 1 19
21 12 30
37 13 13
2 13 19
27 9 21
25 13 5
28 1 36
8 1 34
24 6 15
15 3 40
30 7 11
30 6 1
8 3 39
31 1 12
34 6 39
33 1 4
36 3 18
39 1 6
18 7 15
17 7 36
15 9 13
13 7 32
39 7 39
25 12 21
21 9 37
20 11 17
17 1 14
22 8 20
14 6 39
7 13 29
14 9 5
6 4 21
1 13 25
34 8 4
28 9 17
32 8 2
24 13 36
36 12 34
25 1 32
23 7 34
25 3 20
1 4 35
20 4 3
19 8 3
5 3 22
27 9 28
28 10 35
32 6 11
10 8 19
19 10 40
1 10 39
31 8 24
14 4 33
39 13 38
17 10 6
34 12 19
12 12 25
12 11 24
19 13 18
15 8 25
22 9 27
4 2 20
25 13 30
19 8 9
20 10 14
39 5 39
3 8 35
33 2 17
20 5 39
6 9 11
38 8 26
12 5 10
1 13 36
33 5 26
37 11 30
24 3 1
35 8 22
13 8 16
37 2 26
21 5 12
3 7 38
3 9 8
22 2 34
16 10 17
16 13 5
20 2 14
29 2 20
15 2 9
3 11 21
11 5 20
6 1 10
23 8 30
36 1 6
21 11 6
12 2 15
14 11 9
29 12 24
23 5 35
35 12 7
33 10 9
27 2 23
32 5 4
34 4 12
16 10 20
11 5 21
10 6 1
9 5 5
34 2 29
27 9 28
29 3 2
3 13 22
22 7 37
3 6 29
14 2 33
13 12 32
7 6 20
34 10 40
28 11 26
12 11 7
13 9 22
7 7 11
10 11 29
27 11 17
19 11 34
11 13 29
4 12 32
27 13 1
1 8 2
26 9 23
35 1 28
10 9 30
21 9 11
38 5 6
29 1 14
34 9 1
4 12 17
25 1 13
37 3 23
30 9 36
3 6 3
28 9 6
34 10 40
8 3 21
29 12 11
20 10 39
9 5 30
35 1 30
4 12 34
2 2 19
16 13 17
32 10 38
25 10 11
21 7 31
17 2 36
33 9 11
7 6 37
13 10 29
3 11 20
22 4 4
19 12 24
11 12 7
28 7 7
37 9 15
8 5 26
25 4 40
36 6 2
33 2 39
19 10 2
37 4 35
18 7 32
30 11 5
10 6 25
35 11 27
30 13 16
36 6 25
20 12 16
39 1 39
35 13 7
33 4 10
27 4 30
7 1 37
7 4 35
8 9 31
36 4 11
22 13 40
38 10 35
17 9 11
33 8 32
19 10 28
36 2 28
17 9 1
30 1 26
16 2 30
20 11 17
37 8 32
16 3 6
14 4 19
15 9 3
37 12 34
25 3 39
21 3 8
39 7 10
37 11 35
29 6 21
37 1 40
6 5 32
21 10 32
15 5 33
27 5 37
10 1 14
12 8 9
39 6 4
17 9 23
25 13 34
3 3 24
16 2 34
16 5 33
32 8 39
8 3 36
39 1 10
4 7 37
35 11 26
23 9 2
23 11 32
2 12 6
37 4 35
14 10 28
34 12 33
17 10 25
20 9 14
9 8 35
28 3 21
25 10 35
15 4 36
11 12 13
35 7 32
27 2 17
11 7 27
25 3 36
34 8 28
23 2 5
16 12 27
6 13 3
21 6 15
13 9 7
21 6 7
1 11 18
23 5 4
9 9 14
38 11 24
30 11 30
6 7 14
36 2 6
36 1 15
36 5 18
19 12 23
33 13 40
23 9 13
21 12 31
32 7 39
12 5 34
19 10 8
4 5 37
21 3 25
33 1 13
12 12 39
12 13 34
28 3 26
28 13 24
34 9 25
22 11 38
17 3 40
2 3 16
21 5 29
1 1 38
29 13 18
19 8 35
25 5 3
22 10 28
23 13 39
1 4 9
30 4 38
38 13 37
34 2 38
28 11 23
34 8 31
25 4 33
29 6 27
27 10 7
28 12 16
15 11 8
11 10 6
12 13 3
39 4 40
14 3 3
13 12 26
37 2 18
35 5 29
23 9 25
39 2 12
39 6 33
20 2 16
24 10 24
35 11 35
31 10 26
37 5 1
38 10 10
22 5 38
10 9 18
15 9 4
2 7 28
8 9 1
15 10 20
20 5 6
16 8 23
27 7 24
12 2 3
34 7 34
12 2 33
39 3 30
32 4 24
29 8 3
38 6 11
39 6 28
30 1 2
12 8 7
11 8 6
28 4 20
36 3 16
18 13 28
10 13 8
19 5 36
8 12 8
4 4 17
2 1 37
35 1 24
36 1 33
16 1 22
6 13 16
6 8 32
3 5 28
1 4 2
38 13 22
35 1 38
28 4 20
17 7 21
10 2 28
30 13 23
28 12 29
4 4 15
13 4 38
35 8 4
38 11 12
18 7 26
20 7 16
9 2 11
2 11 32
11 10 9
38 2 30
34 12 9
10 13 28
16 3 7
2 11 26
21 4 27
32 8 17
26 1 22
29 13 16
29 13 13
6 6 2
28 13 35
29 2 38
7 8 35
30 2 4
3 7 9
20 9 7
12 12 39
27 12 1
31 4 9
14 8 15
12 7 7
21 4 19
20 1 30
16 4 29
38 2 34
36 2 24
33 7 31
13 1 2
38 2 31
11 12 21
7 4 7
3 12 17
9 3 18
16 3 22
25 4 32
16 7 25
29 4 17
31 13 19
20 8 38
26 1 6
20 5 19
26 6 40
20 2 13
14 5 31
38 11 6
5 5 33
32 6 2
10 9 25
29 11 27
33 6 32
11 13 37
15 7 1
23 2 15
31 6 7
8 4 40
13 6 1
33 1 12
2 3 27
38 7 34
11 13 15
22 9 19
37 4 22
2 6 11
27 7 7
39 5 19
28 5 17
1 6 24
36 5 37
5 9 8
14 5 36
13 11 15
2 12 19
10 13 6
27 13 23
15 6 23
11 3 28
8 2 31
33 4 30
7 12 33
10 7 27
4 3 3
20 4 11
22 1 38
22 13 40
4 11 23
27 5 34
27 4 10
11 12 30
27 5 20
22 7 14
11 11 28
15 8 33
11 5 16
37 8 32
38 5 33
14 13 40
11 6 15
13 13 37
3 6 1
4 11 8
9 5 11
2 7 3
36 6 26
18 6 25
27 2 34
32 5 31
6 10 10
16 7 9
27 10 32
25 12 4
35 11 26
10 2 24
39 1 35
38 10 19
11 12 24
12 5 18
37 11 27
35 7 5
25 5 6
33 1 29
36 12 8
18 1 3
35 9 14
26 2 38
10 13 39
35 13 4
5 12 15
26 3 39
12 4 15
19 1 32
3 11 23
6 1 34
33 6 12
2 4 31
31 12 13
12 12 30
34 3 19
7 13 32
17 11 4
8 8 21
22 13 31
23 2 36
29 3 33
11 9 12
5 10 3
33 5 8
6 13 25
16 11 17
18 11 18
3 7 40
32 7 34
35 10 29
2 9 32
7 3 9
15 1 8
10 6 26
34 2 36
22 7 8
15 3 3
29 3 15
34 2 25
5 4 14
10 4 11
7 11 17
24 8 32
32 5 8
16 4 25
21 4 6
13 3 24
6 6 20
22 4 2
33 11 33
19 1 33
32 4 2
11 13 14
13 12 21
34 5 26
32 11 24
13 5 5
11 7 9
5 9 4
14 3 31
5 1 2
9 7 39
36 12 33
9 13 21
31 12 17
30 1 24
2 1 12
23 8 28
35 1 17
8 8 3
7 7 40
25 2 37
14 5 31
29 7 34
6 11 34
30 8 35
13 4 30
22 1 33
15 8 34
5 2 3
21 9 35
30 12 35
13 12 35
13 8 18
24 4 26
16 8 22
9 6 27
19 9 31
2 11 24
17 7 38
30 6 2
19 12 17
7 4 12
28 1 28
8 7 19
8 8 40
28 3 22
36 10 34
1 5 3
25 12 16
9 1 3
11 11 16
30 3 14
34 12 34
14 13 17
15 10 16
11 6 40
18 1 10
33 10 11
22 9 8
25 2 29
28 9 32
16 10 31
17 4 32
38 5 11
7 5 16
21 11 24
32 1 35
31 8 25
20 11 29
22 3 5
17 9 18
33 3 2
34 11 35
34 1 24
24 11 2
37 9 22
1 5 34
30 10 11
16 6 30
14 4 23
20 5 33
21 2 1
10 3 36
28 3 35
17 1 16
19 3 31
24 8 20
24 7 21
31 12 3
27 3 36
32 6 6
34 8 21
38 12 13
32 9 23
10 13 38
16 1 15
31 13 15
34 10 37
28 2 15
13 4 33
4 10 26
7 6 3
31 1 12
10 12 20
6 10 40
12 3 12
8 7 6
24 10 18
12 8 29
15 10 28
36 12 5
3 4 21
26 5 1
36 11 39
3 3 23
10 6 31
10 12 11
21 13 9
3 11 38
9 3 33
29 4 17
6 13 13
19 10 9
1 10 25
3 1 40
36 7 30
34 2 19
4 11 27
25 6 31
2 6 23
31 8 24
7 11 15
24 5 13
28 3 36
15 13 8
4 7 40
29 4 14
1 1 5
20 9 24
9 9 22
8 9 13
24 2 26
27 10 28
6 8 40
1 10 25
16 10 4
7 2 15
16 8 11
13 3 40
12 4 38
38 11 21
32 6 7
38 3 30
12 4 26
22 7 6
21 9 36
4 3 20
12 7 2
25 8 24
19 6 1
5 1 12
2 11 23
13 6 13
12 2 4
16 11 31
6 8 3
37 4 24
36 5 7
35 11 24
11 3 20
20 11 38
30 1 37
11 2 2
19 10 10
34 9 29
12 4 40
39 1 8
27 8 31
30 7 34
3 10 24
30 6 37
14 5 5
30 11 23
33 7 23
4 2 9
24 6 23
39 5 25
34 7 18
8 9 32
16 9 11
14 11 22
37 10 9
25 4 8
17 13 40
21 7 15
13 11 34
7 3 16
18 2 21
33 1 21
2 11 31
32 4 36
36 7 9
13 11 30
37 2 2
34 12 8
11 10 36
25 6 34
32 5 40
23 11 26
18 3 37
4 3 4
6 1 25
2 2 7
4 10 12
1 11 1
8 6 4
33 8 18
27 11 16
13 5 11
17 12 28
36 5 9
5 3 5
10 3 21
31 5 25
1 12 3
26 9 15
35 9 25
34 6 3
5 1 38
30 13 5
7 9 26
12 5 40
8 9 25
4 7 10
39 2 22
1 9 39
14 8 40
14 11 10
3 13 17
32 4 32
4 1 8
37 8 9
9 13 38
8 11 13
27 6 4
39 8 5
28 13 25
33 5 9
26 11 7
12 7 30
9 3 35
18 6 18
30 7 36
22 11 23
7 6 39
26 6 11
5 9 29
31 3 1
6 10 18
11 5 22
35 4 6
29 9 22
4 8 26
33 3 1
30 2 20
22 9 29
4 9 13
4 10 27
3 10 15
3 13 28
28 12 28
33 10 30
28 8 13
19 3 36
30 5 16
39 8 34
30 13 28
3 6 10
20 4 18
36 7 21
24 3 20
30 10 37
18 4 1
19 8 20
2 3 15
3 9 14
9 13 10
2 6 4
30 9 15
12 2 1
7 3 8
13 6 22
7 11 16
9 7 9
12 1 34
14 5 35
13 4 26
39 8 18
37 13 3
20 11 28
6 3 20
38 9 39
3 8 28
15 8 1
24 12 2
26 1 22
5 11 13
28 11 23
11 9 27
29 13 23
22 6 19
1 2 29
13 5 11
14 13 13
9 1 26
30 7 11
2 2 22
28 9 25
13 3 10
8 5 21
31 7 2
7 3 3
10 9 1
22 3 40
7 4 23
6 13 32
32 9 39
17 10 18
38 7 8
31 9 14
35 4 29
17 11 36
31 3 38
8 13 37
21 1 40
36 9 14
5 2 24
19 6 14
35 1 18
1 6 26
4 9 10
27 13 23
14 10 30
26 11 31
15 13 23
9 10 6
19 12 7
7 9 37
13 5 28
27 7 2
10 7 18
7 11 3
17 6 12
10 5 35
27 13 36
19 3 4
29 13 18
22 6 23
5 5 15
11 7 37
17 12 40
32 10 18
38 2 13
36 7 28
31 13 38
11 8 33
15 1 35
6 1 37
15 9 3
30 10 17
19 4 16
25 13 21
32 4 30
9 5 3
36 11 19
6 10 15
34 7 29
14 9 18
27 6 32
11 2 17
10 8 4
12 7 40
39 9 13
8 13 21
2 8 3
32 8 26
17 6 3
9 6 2
9 12 39
7 4 15
16 1 9
19 10 8
32 3 21
30 1 30
24 13 9
3 5 11
4 7 33
38 11 21
12 1 32
20 12 15
34 5 24
1 5 20
39 8 12
5 9 37
11 5 40
33 11 5
10 11 20
20 12 28
7 7 11
35 4 6
33 9 34
21 8 4
37 8 16
33 8 40
3 8 31
10 13 4
34 1 38
22 5 33
10 12 19
17 10 7
12 7 2
36 2 22
4 13 11
14 4 36
22 12 10
15 9 33
31 7 39
16 2 13
1 9 34
20 13 8
35 9 2
28 3 14
23 7 21
13 7 31
14 6 17
30 1 4
29 13 10
33 9 11
36 6 4
32 9 10
3 11 17
27 12 28
19 10 26
36 2 17
13 7 28
5 12 25
13 3 36
34 6 37
9 5 20
21 11 8
35 2 26
17 3 7
7 3 22
29 4 14
30 4 23
6 12 9
24 1 4
10 2 7
15 8 38
23 5 32
9 3 10
5 9 10
23 12 24
36 2 1
12 11 3
24 3 6
30 6 3
37 8 2
6 12 8
17 2 34
6 3 35
29 8 4
1 1 28
1 12 30
17 12 20
31 11 37
20 5 26
35 6 13
1 6 5
12 4 38
34 1 2
24 7 5
26 1 29
19 2 27
35 7 16
36 8 18
39 10 23
33 10 20
33 10 2
28 11 10
28 12 26
14 9 3
13 7 17
22 3 12
25 2 13
30 6 1
36 12 4
3 11 22
11 8 33
21 13 18
25 7 17
39 8 31
33 8 3
10 2 15
30 13 26
31 8 40
9 8 36
33 13 16
13 9 32
28 3 31
36 1 14
31 11 31
23 11 19
2 11 40
5 7 34
20 2 38
4 12 4
12 2 28
33 7 24
38 1 24
31 1 13
39 8 17
14 9 39
27 6 12
25 5 21
10 10 27
28 2 15
39 3 22
14 7 5
38 6 25
31 8 39
27 10 11
15 13 32
21 4 17
2 8 37
29 6 37
4 1 5
25 12 24
10 9 4
17 4 18
9 13 13
5 13 14
32 12 26
7 5 3
6 6 20
14 6 9
8 3 24
37 8 3
38 11 20
2 1 14
12 10 12
30 8 31
21 8 19
23 7 15
10 12 37
12 11 38
1 1 6
13 10 38
10 7 35
2 10 32
19 11 27
22 10 26
2 1 7
33 7 10
20 12 21
21 13 35
26 12 18
7 4 9
38 3 21
25 2 17
35 4 32
9 7 7
13 10 32
30 2 33
14 1 36
29 3 40
16 6 3
15 7 38
14 12 39
29 3 8
10 12 23
16 7 6
7 7 23
25 7 33
38 9 37
38 9 28
3 3 19
8 8 30
7 4 18
6 6 36
21 11 30
2 13 24
19 13 30
16 6 25
6 11 17
37 1 1
20 7 2
34 7 12
15 7 18
31 4 27
30 4 21
37 13 37
38 8 9
35 2 7
33 13 20
4 2 17
36 12 37
12 1 38
25 7 2
26 13 26
9 13 11
37 9 40
30 2 32
37 9 1
2 4 26
30 3 13
7 5 30
24 12 25
30 8 24
29 3 29
8 2 14
2 7 20
26 12 40
5 5 8
5 9 31
28 13 30
6 10 10
36 11 1
27 1 17
4 9 23
29 10 28
26 11 38
36 12 32
38 6 40
18 13 11
10 7 32
22 7 25
10 9 2
37 9 27
23 10 25
7 11 2
4 10 16
11 11 23
5 1 21
39 2 22
34 10 35
23 3 17
38 4 11
4 2 21
36 11 13
12 5 31
30 9 24
5 6 3
4 6 18
37 7 40
26 8 22
32 10 18
9 12 40
38 3 5
20 10 10
39 12 39
1 6 14
29 1 13
36 1 32
27 8 9
23 12 13
17 7 5
19 3 20
33 5 4
38 6 31
12 12 37
28 11 12
15 10 31
27 9 33
34 5 9
14 1 13
4 9 31
29 2 27
8 8 2
37 12 33
22 6 32
32 2 1
38 11 22
38 2 15
3 6 36
23 8 25
23 10 10
11 5 24
13 12 9
1 13 5
19 6 8
6 1 20
2 8 4
15 13 8
13 8 30
37 10 33
10 3 9
28 6 26
14 4 38
31 5 31
22 6 12
2 13 23
8 8 35
5 11 9
24 10 11
29 5 2
21 5 25
12 10 23
38 11 1
10 13 24
27 8 33
24 12 18
16 1 12
17 1 31
18 8 18
29 11 7
12 3 7
9 12 5
18 8 9
21 8 36
10 8 30
37 11 27
38 6 7
12 10 32
15 12 9
35 10 38
18 10 16
32 13 37
38 8 16
4 10 27
17 10 35
7 10 38
23 5 16
32 6 14
39 2 11
26 5 21
28 8 30
7 7 37
20 13 14
23 1 29
28 12 21
18 12 34
15 10 9
30 13 9
38 10 35
34 5 5
24 5 2
36 3 15
34 11 26
36 8 8
10 12 22
13 1 24
15 11 30
36 12 21
31 3 24
36 12 40
1 10 12
21 3 18
8 3 7
11 13 21
2 4 13
12 11 38
12 4 11
16 8 20
9 8 23
3 13 7
21 12 30
35 1 5
27 12 17
6 4 29
16 4 19
16 5 13
10 10 33
4 2 9
18 11 13
39 7 16
27 5 17
21 1 14
8 5 18
5 5 38
7 12 36
32 5 33
33 12 17
12 12 21
22 1 38
30 6 16
7 11 7
6 6 30
12 13 14
39 11 21
6 7 28
22 9 15
8 11 30
4 1 1
4 4 13
18 12 22
10 1 31
1 8 28
23 11 9
26 1 2
17 6 27
35 3 28
16 5 3
17 5 37
9 10 13
12 6 12
17 4 14
32 7 8
6 2 5
17 1 29
1 6 30
1 12 2
2 9 6
14 8 5
35 3 9
21 11 19
21 9 20
6 13 38
19 5 23
17 3 26
32 4 7
19 5 5
8 2 10
32 11 19
34 12 37
37 2 40
24 2 26
1 5 22
33 6 20
28 12 3
27 5 32
39 6 36
36 9 22
31 11 13
14 7 4
34 5 21
11 5 13
14 1 28
38 11 21
4 6 38
9 1 36
35 4 5
7 8 5
10 3 37
35 3 13
32 12 15
27 11 20
19 12 1
17 6 20
32 9 28
18 4 12
26 2 28
28 10 26
30 1 28
14 7 20
22 3 11
19 4 5
30 12 10
27 7 16
10 7 10
2 7 4
22 8 31
38 10 29
7 13 25
26 5 15
33 3 14
14 6 16
34 5 1
12 3 10
1 1 29
38 9 5
27 13 15
20 9 8
19 12 35
28 2 31
3 13 38
11 13 9
36 3 5
14 1 4
12 7 13
1 4 30
3 7 25
39 11 36
26 9 37
12 4 32
13 10 40
37 2 40
17 6 7
39 5 27
3 1 13
2 3 18
36 5 39
13 11 1
7 9 36
20 1 31
2 6 24
11 3 28
5 4 22
23 6 4
8 9 40
6 11 40
28 9 1
32 1 39
12 6 7
1 2 38
8 12 31
17 6 16
30 8 39
19 9 4
36 6 18
1 9 22
8 9 9
25 8 34
22 13 26
2 1 15
1 8 10
32 6 25
39 10 37
3 9 16
12 3 6
28 7 39
6 10 6
3 1 40
25 5 5
13 6 22
17 2 28
32 5 27
24 12 30
10 10 18
29 10 13
8 11 3
1 1 34
25 1 32
11 4 31
1 2 34
31 11 32
5 4 32
30 12 22
37 5 32
38 5 3
25 3 19
26 13 28
27 2 28
8 4 25
4 2 17
4 11 27
23 12 40
1 2 32
14 11 31
24 6 28
11 4 15
19 10 27
14 4 33
26 5 23
8 10 8
20 1 31
7 7 24
31 13 14
18 5 36
34 1 8
13 1 16
34 9 33
29 7 33
2 9 40
22 8 1
34 13 36
33 10 18
13 9 26
31 6 27
19 2 13
4 13 32
15 6 8
32 11 1
5 6 11
35 1 29
4 13 11
2 12 32
5 5 27
9 5 1
36 12 7
12 12 27
3 9 15
18 2 17
12 13 1
18 3 4
19 12 3
11 8 9
32 13 34
23 3 40
35 6 33
9 7 33
39 6 36
24 10 33
9 2 8
19 1 23
35 4 16
7 13 18
38 8 28
23 9 19
11 13 9
35 10 14
1 8 24
17 8 11
28 8 17
25 13 39
4 2 35
33 4 8
25 13 18
12 11 27
36 7 4
29 3 6
15 8 9
29 1 35
26 1 18
39 5 11
32 13 28
31 6 24
23 2 23
11 12 22
7 7 6
25 8 30
14 5 9
7 8 34
20 2 32
16 12 16
19 4 4
14 13 19
30 3 19
37 2 32
37 4 26
26 3 39
38 3 33
4 7 27
22 13 7
2 2 25
31 3 9
33 9 24
1 5 27
35 6 20
4 6 9
30 12 10
23 10 21
38 10 29
13 10 35
13 4 23
17 5 34
11 4 6
35 7 40
10 3 5
20 7 35
9 12 17
32 4 39
22 6 31
35 10 13
12 4 40
39 4 39
37 6 18
13 8 21
36 2 12
10 12 2
8 3 11
20 1 15
11 12 34
33 9 15
24 3 22
13 13 25
30 3 14
5 4 5
15 1 35
16 9 4
3 10 23
33 10 32
15 4 20
35 7 23
37 11 23
31 8 16
12 2 22
2 1 3
13 6 26
19 11 6
37 11 38
32 10 39
20 2 22
6 11 33
32 8 28
22 3 7
6 3 33
35 11 6
24 12 9
16 2 29
24 1 6
18 3 24
23 2 26
31 2 4
10 4 35
36 6 17
18 4 25
8 10 31
13 8 37
18 5 23
23 1 27
3 7 26
36 1 28
16 5 7
12 3 30
19 10 1
14 4 36
13 4 28
28 2 5
31 5 24
26 6 28
3 12 16
20 6 9
36 6 31
9 4 10
20 1 12
17 1 4
16 4 10
31 10 7
25 1 23
11 1 30
30 7 26
9 8 24
18 7 37
12 8 19
13 11 2
35 7 25
18 11 20
39 6 38
22 10 26
5 7 40
31 1 39
24 4 36
38 12 2
28 3 30
25 10 1
19 6 17
16 13 11
4 6 18
15 9 5
2 8 24
32 10 26
23 12 27
24 10 19
23 2 3
1 12 6
36 8 22
12 12 18
27 12 36
9 12 22
8 1 30
33 9 34
36 12 25
17 10 11
30 7 39
30 11 35
30 3 16
17 6 16
22 7 38
30 11 27
17 1 36
24 11 21
35 7 28
19 11 4
10 11 2
1 6 21
25 7 23
8 5 32
18 8 4
35 2 38
12 2 1
3 7 11
37 1 32
24 11 3
21 2 40
14 10 11
29 8 22
23 7 4
22 12 33
11 9 8
33 1 35
27 4 9
24 1 20
6 7 14
23 10 13
9 7 23
18 3 37
14 1 14
23 2 3
1 8 8
38 11 19
17 7 18
36 4 22
25 5 9
34 5 11
31 11 25
31 2 39
18 11 20
25 7 25
12 8 6
10 2 35
8 12 31
12 2 2
8 2 8
11 9 32
32 8 21
30 13 29
11 12 33
19 11 3
28 12 7
29 8 17
2 11 40
11 6 29
26 2 9
10 13 15
31 9 28
15 11 17
39 9 16
36 5 10
26 9 27
26 7 36
10 9 32
6 8 21
28 6 29
26 6 2
30 12 28
5 7 39
17 13 4
13 4 39
8 7 20
3 3 38
22 11 21
26 5 35
1 7 32
7 7 28
18 13 34
14 7 9
11 2 37
13 2 28
22 13 23
24 11 39
39 11 10
6 3 31
39 7 37
36 5 3
30 1 14
17 13 19
36 8 17
36 7 20
33 9 32
30 13 36
2 6 2
28 13 17
33 8 14
17 11 6
4 13 10
16 12 17
34 1 39
3 6 7
25 7 38
8 11 36
18 1 7
37 13 8
14 1 6
32 11 2
30 7 31
12 3 34
1 9 28
22 13 15
7 11 3
6 2 23
13 3 26
27 1 18
24 9 18
8 10 24
7 10 36
28 5 39
5 9 20
27 13 9
28 3 6
1 1 35
27 1 25
16 5 16
14 10 19
28 1 27
16 11 24
28 10 22
15 10 1
2 13 22
27 2 5
17 4 33
8 9 36
28 11 34
35 8 29
10 6 9
9 8 40
34 9 7
17 11 31
11 7 31
5 5 26
4 11 36
25 11 27
21 4 17
29 8 27
39 13 23
21 4 17
3 2 16
31 10 4
22 9 19
24 4 4
14 1 39
7 11 26
17 12 37
14 4 6
38 10 14
32 13 25
1 5 35
2 9 39
5 11 23
26 11 12
28 4 13
13 13 27
6 5 36
2 8 21
4 11 33
23 1 21
21 4 25
21 10 14
1 8 10
22 13 5
5 12 25
9 11 13
39 3 25
19 1 20
32 3 15
9 9 31
20 4 31
5 11 29
36 7 9
25 3 27
13 1 22
39 6 36
7 7 31
35 6 22
5 9 16
16 3 11
24 12 10
5 10 10
18 13 19
10 10 37
28 2 26
31 11 22
32 2 11
33 1 7
35 12 21
33 7 4
30 6 32
27 10 40
31 13 25
22 7 13
30 1 1
17 1 21
21 3 19
7 13 10
15 13 27
7 7 30
12 6 28
1 12 24
7 4 14
33 6 23
9 8 26
36 8 33
12 4 8
26 1 1
18 1 17
1 11 38
19 10 7
26 2 27
3 4 21
34 3 30
26 5 11
3 8 14
20 5 36
4 12 33
21 3 8
8 6 1
19 8 35
35 12 31
29 4 38
38 13 28
24 6 13
21 6 32
17 1 28
20 2 19
27 7 19
27 10 32
5 3 26
9 2 32
15 13 36
36 1 39
23 3 12
19 8 34
26 4 5
17 10 40
28 12 38
11 13 2
5 1 26
33 2 21
7 1 6
30 6 12
14 13 38
5 12 32
32 11 38
21 11 23
36 10 14
6 3 12
21 13 8
18 10 23
33 11 28
17 10 35
17 3 8
32 7 28
19 5 4
11 1 22
34 5 5
12 9 39
1 12 14
4 7 35
19 4 17
20 2 6
39 13 9
14 3 17
30 13 25
8 11 7
35 8 13
25 7 11
24 13 13
1 10 29
15 5 32
4 13 29
31 5 14
1 12 14
35 1 3
11 4 25
21 10 27
4 8 12
6 2 27
1 10 4
36 4 36
4 9 18
37 2 34
36 12 20
20 3 40
19 5 10
17 11 7
33 12 23
18 11 39
9 10 12
16 1 1
19 8 7
9 10 31
7 3 20
16 5 19
24 7 8
5 10 18
11 5 24
34 12 2
19 11 9
37 4 36
31 3 19
12 3 21
4 13 14
4 10 21
19 2 3
26 10 7
10 3 4
3 4 7
32 8 37
5 6 40
25 7 18
14 5 36
33 1 7
14 11 11
34 7 16
11 9 14
18 11 22
35 12 24
16 11 33
19 9 15
33 7 10
23 7 23
25 9 27
33 9 24
23 2 15
35 2 34
18 9 21
38 6 34
31 8 4
11 13 5
38 2 33
34 11 17
34 4 26
37 3 33
21 13 7
17 2 26
16 7 6
30 13 8
30 10 14
23 9 33
10 2 6
15 10 37
17 2 35
22 4 24
17 2 39
22 5 1
26 6 3
39 10 40
9 2 1
31 6 17
25 5 3
19 10 26
16 6 22
29 4 17
34 4 7
8 4 8
24 11 23
6 10 9
29 2 37
34 9 22
27 5 26
8 1 28
17 12 28
18 3 3
25 9 20
18 2 14
3 7 7
10 6 36
27 13 9
8 9 8
2 8 24
1 13 9
36 3 28
23 11 39
11 12 36
38 4 6
34 6 36
38 13 28
31 11 4
27 9 1
7 5 22
36 10 2
1 5 38
2 1 18
21 13 19
19 3 34
20 6 11
6 12 34
5 4 12
24 6 26
23 7 2
24 12 4
4 6 17
7 5 30
25 5 23
17 13 10
31 5 37
28 1 37
29 8 24
2 6 37
35 2 26
36 3 30
23 1 6
30 12 33
37 8 18
33 8 6
25 9 29
29 9 25
29 11 3
1 13 3
11 4 34
3 13 25
30 1 4
24 5 37
25 3 18
33 9 38
8 1 29
33 12 21
3 12 21
31 11 26
29 2 9
5 6 1
25 9 21
8 8 10
34 11 10
10 6 31
20 7 3
14 3 17
21 8 1
35 12 16
36 3 22
20 9 5
11 13 23
1 3 38
16 10 26
1 3 35
1 3 31
28 9 31
35 11 19
31 5 25
3 4 19
12 12 39
13 9 5
33 7 3
4 6 29
18 5 18
5 7 21
36 7 19
38 12 24
34 4 24
15 1 36
20 12 24
35 1 39
35 10 5
19 12 9
8 3 24
13 9 13
22 8 38
32 9 23
34 8 10
7 2 9
23 13 20
12 1 31
33 7 17
2 7 3
12 5 12
13 12 30
5 2 27
13 5 40
4 11 22
3 9 14
18 10 34
1 11 21
15 10 14
14 12 21
3 7 1
19 7 20
23 3 6
35 5 37
3 1 10
20 6 19
4 8 35
5 8 15
27 11 37
2 12 31
25 13 29
21 10 25
11 10 13
12 5 7
1 4 7
13 8 24
15 4 1
1 12 18
1 12 15
13 9 24
17 10 5
8 8 35
2 9 6
23 10 31
7 13 1
8 2 9
26 4 1
29 6 13
38 11 13
9 13 16
18 4 30
2 5 23
36 8 40
18 2 2
36 8 2
21 2 17
29 8 20
8 13 12
21 12 4
24 4 35
17 5 26
7 8 17
2 1 8
2 5 25
3 13 19
21 1 36
7 4 29
2 9 6
35 10 10
16 12 25
19 13 34
30 10 12
27 2 7
5 6 39
39 11 8
31 6 33
1 5 36
21 3 19
11 10 2
5 6 37
23 2 15
4 11 8
22 7 34
33 12 19
28 8 10
38 13 3
31 3 14
25 3 5
34 3 29
12 12 25
30 7 36
28 12 19
23 2 18
22 9 18
16 5 5
14 13 15
6 12 5
3 9 23
22 9 38
32 13 23
3 10 23
1 4 17
4 2 20
18 10 20
11 7 21
36 10 29
27 2 15
35 5 2
13 13 19
31 11 37
36 12 28
22 3 10
24 5 13
23 12 27
32 5 18
26 1 36
3 2 26
32 6 10
34 9 14
26 9 5
13 7 9
1 9 29
14 2 19
7 5 33
39 12 29
35 10 23
23 7 15
16 9 23
18 1 8
7 8 40
2 1 12
3 2 16
23 1 37
17 8 14
31 3 15
21 11 40
13 9 32
22 11 7
36 2 31
31 3 9
3 6 8
3 13 19
24 3 14
2 12 18
36 2 4
39 3 39
1 10 18
31 6 2
16 11 40
14 6 15
8 11 24
7 1 16
10 8 38
3 10 38
20 5 39
2 5 30
8 7 37
14 9 13
7 9 8
20 4 35
30 13 7
12 11 29
24 8 21
39 5 27
30 12 37
39 10 32
23 6 24
26 7 29
8 4 10
25 2 17
19 2 7
26 11 18
6 11 17
21 5 22
32 13 4
10 10 4
27 13 12
8 6 30
20 12 14
2 7 7
25 5 25
16 5 27
25 6 12
15 10 38
37 12 20
15 6 18
38 7 33
19 2 8
37 5 6
9 4 3
36 8 33
19 12 21
22 8 11
16 12 5
8 8 12
26 13 15
15 11 20
34 5 30
2 9 25
27 8 4
12 12 36
8 10 23
13 4 15
3 2 14
13 11 37
4 3 8
38 3 7
26 3 7
10 10 14
6 12 21
10 11 33
11 4 39
7 1 1
23 4 20
13 11 38
28 6 8
27 5 18
3 2 1
4 2 19
26 5 17
20 11 38
26 2 3
13 1 2
31 4 19
5 4 32
18 6 39
4 10 31
32 8 8
31 13 31
15 13 15
39 13 9
17 5 17
9 8 1
29 13 28
25 10 6
37 10 7
13 9 1
6 5 13
10 8 40
35 1 40
13 9 3
14 4 10
5 12 26
37 9 24
6 12 1
21 12 4
31 1 10
36 9 23
9 6 36
27 6 11
13 6 13
7 3 17
29 3 16
27 12 4
29 1 15
6 8 14
28 11 32
12 9 6
7 6 33
18 4 20
10 7 10
21 2 4
21 2 16
32 8 30
6 8 32
28 8 2
20 2 14
3 12 20
14 11 28
35 8 15
25 11 6
15 9 30
18 8 16
36 8 8
20 3 29
7 13 27
33 4 37
34 11 35
32 13 15
6 2 17
3 7 13
28 6 2
34 12 37
12 5 21
30 9 21
18 5 35
15 4 4
9 6 5
14 13 31
26 7 21
32 7 2
2 4 21
21 2 7
36 13 32
12 7 29
8 4 31
18 3 6
1 4 28
25 2 3
22 12 39
25 7 4
20 12 39
8 10 30
14 7 33
30 10 13
30 8 38
6 8 24
33 3 27
19 3 2
35 3 24
38 1 8
23 4 9
16 2 19
8 2 1
15 3 16
1 1 16
26 12 28
28 6 9
33 9 32
30 1 27
16 12 2
16 8 11
26 1 20
31 10 37
29 13 8
27 6 14
35 9 34
35 7 10
20 11 2
37 11 9
14 9 14
33 12 12
15 12 5
2 8 5
28 8 3
36 9 32
28 10 7
34 12 34
9 3 38
2 8 23
5 3 23
38 9 7
2 1 3
39 7 31
37 3 33
34 10 28
16 13 3
30 10 5
23 5 28
25 8 7
28 2 5
33 1 30
33 2 33
4 11 12
38 8 11
5 9 16
19 1 10
39 13 15
24 1 12
6 10 14
1 9 36
7 3 30
34 10 37
29 11 22
36 2 23
3 11 17
14 8 14
17 1 17
19 10 3
4 10 21
26 2 23
33 1 25
36 10 18
34 11 16
7 12 29
31 4 3
12 10 4
10 2 18
21 8 25
31 11 29
37 3 24
32 9 13
22 13 29
12 12 10
16 10 4
33 10 36
1 5 26
23 5 31
5 1 27
17 11 6
23 3 22
3 7 20
6 5 5
9 9 12
33 5 12
32 3 33
8 12 9
38 4 29
32 4 38
7 12 3
14 6 29
2 5 29
31 10 19
1 5 21
24 6 32
20 8 6
27 4 16
7 5 1
19 5 40
10 12 40
7 3 40
26 6 29
2 8 8
17 5 25
2 9 17
25 3 22
10 8 10
11 11 32
32 1 6
35 11 9
16 10 26
38 5 38
30 6 9
5 10 15
14 8 10
39 9 8
6 9 2
3 7 35
13 3 11
9 7 33
25 13 23
15 2 4
15 8 14
7 9 16
39 9 8
20 2 29
10 4 11
37 8 27
26 13 10
27 12 26
22 11 13
30 4 3
14 2 1
38 13 6
32 9 24
38 11 11
16 3 33
38 11 12
32 13 15
34 5 13
39 10 12
8 11 27
15 5 33
38 3 21
26 5 26
23 2 8
4 11 36
27 11 39
32 8 18
28 12 9
21 13 5
4 8 23
27 10 2
5 8 36
10 12 37
15 8 6
39 5 22
22 4 4
3 3 40
17 13 15
14 10 2
33 1 18
28 9 9
29 8 8
37 5 4
15 4 26
32 7 38
29 7 36
5 5 34
13 5 13
28 8 21
19 12 35
7 12 5
25 7 24
15 12 8
22 4 30
34 8 30
18 5 8
5 13 16
32 9 13
15 3 8
14 8 19
13 11 13
21 3 8
37 11 40
39 1 33
27 13 29
17 11 26
4 12 15
26 11 28
33 11 15
1 10 19
11 4 1
6 7 2
21 8 31
17 10 39
2 7 2
31 10 35
24 9 27
3 5 38
29 3 35
7 1 34
10 9 13
4 13 28
8 11 14
7 4 37
17 6 12
4 1 31
10 4 37
21 5 15
29 3 12
26 6 12
15 13 23
13 1 34
36 13 26
11 2 35
26 7 2
22 5 21
26 7 39
3 5 24
30 13 31
13 8 37
11 3 25
8 8 11
4 10 4
12 8 4
18 5 32
30 4 18
23 9 15
34 10 10
9 5 28
18 3 18
9 13 35
7 11 37
33 12 36
39 1 29
3 5 21
27 10 15
34 13 21
6 2 7
39 3 16
30 2 21
17 7 16
33 8 2
5 10 27
15 9 36
32 6 32
9 2 18
22 2 6
14 8 25
10 8 38
4 8 32
16 2 17
12 8 37
31 11 2
31 13 18
9 11 10
24 4 16
22 9 34
8 4 29
9 11 28
34 10 32
37 1 40
6 3 38
9 3 35
12 3 5
35 13 37
35 9 35
30 8 25
8 12 35
5 3 34
15 7 16
8 10 32
32 1 20
34 2 35
2 7 17
26 7 1
18 8 27
34 10 35
5 7 24
16 1 5
1 7 16
19 2 3
33 8 16
23 7 10
3 6 3
15 4 37
9 9 31
6 1 5
31 13 10
22 11 23
23 8 36
21 9 16
19 10 15
14 6 24
32 1 21
33 3 31
37 4 19
33 6 40
22 9 21
17 2 28
19 2 11
35 10 25
4 13 26
24 7 36
34 11 31
34 1 30
16 12 40
7 9 15
33 13 36
10 12 17
17 6 4
34 8 24
27 12 39
20 11 22
30 12 26
9 1 9
15 10 37
38 10 22
38 12 33
23 7 5
33 10 6
1 13 10
20 12 6
14 1 24
9 11 2
25 3 18
28 10 20
20 7 7
25 5 30
19 8 11
26 2 7
35 7 38
34 6 14
16 4 34
24 1 31
23 8 24
33 9 3
34 5 18
22 1 19
14 3 32
24 1 26
39 8 28
16 8 13
18 4 1
25 10 23
8 7 39
15 9 23
11 4 23
15 6 13
31 8 17
9 6 11
15 4 13
13 10 25
35 13 22
26 2 10
17 4 15
33 9 29
4 13 35
31 5 34
7 10 27
25 9 32
24 3 15
26 13 18
17 11 1
11 13 3
4 8 18
7 8 23
15 2 14
22 13 20
23 10 38
18 6 3
8 2 38
6 1 39
26 1 1
23 5 7
37 1 1
8 7 4
25 7 16
19 8 7
18 9 6
25 10 27
6 9 33
32 8 6
38 13 2
33 3 16
12 8 26
27 8 7
14 4 6
2 3 7
37 11 6
9 2 13
31 11 17
5 3 11
25 11 13
9 7 12
21 7 14
22 12 38
14 3 39
4 3 8
19 12 21
19 6 31
29 11 27
5 8 18
7 5 26
1 10 3
4 7 23
13 1 1
31 8 5
36 1 39
7 9 21
22 4 29
17 1 1
26 7 24
14 1 22
20 8 19
37 5 20
24 11 32
20 9 18
1 9 36
27 5 15
24 8 3
12 10 11
12 12 21
34 2 26
14 8 27
34 2 5
31 7 19
13 5 4
2 6 38
30 10 19
34 9 40
22 2 14
19 7 27
16 9 6
31 8 22
12 13 31
9 1 20
32 6 9
28 5 3
3 7 14
36 8 11
24 13 11
13 8 13
4 10 15
21 1 34
1 10 38
13 1 7
39 8 25
26 9 12
4 8 8
11 12 29
11 12 22
20 6 22
24 8 7
12 13 16
19 4 33
10 4 15
27 3 11
9 13 7
35 7 40
12 1 13
12 13 28
1 4 21
12 8 32
35 7 37
8 5 22
10 13 2
29 10 9
14 11 33
8 11 36
32 1 37
16 6 24
24 9 36
22 13 16
34 10 34
6 11 25
34 13 11
18 9 8
14 11 6
35 7 12
31 11 21
26 7 10
23 5 22
4 8 12
18 6 29
36 3 34
31 7 36
17 2 31
8 9 11
8 11 23
39 2 5
38 3 30
12 2 37
2 12 15
27 7 26
29 7 40
38 6 2
38 12 28
18 5 29
23 8 9
17 10 11
11 10 37
34 2 14
16 9 31
22 1 12
11 8 23
24 11 37
35 4 32
39 6 13
16 10 34
24 2 28
39 2 31
10 1 12
14 12 7
15 4 23
34 7 37
26 13 29
37 6 4
5 13 36
26 4 7
37 12 12
39 8 13
14 5 29
1 5 15
23 12 25
36 4 39
32 6 8
26 8 28
13 4 31
29 9 7
13 13 17
33 13 2
24 5 34
26 11 32
2 13 15
2 9 21
24 4 7
19 1 23
31 11 11
18 10 8
16 7 20
3 11 19
13 11 3
29 3 10
13 11 3
39 2 38
18 9 6
18 10 40
31 13 32
36 3 13
12 7 16
37 4 11
2 9 20
8 10 26
1 12 19
12 8 6
38 2 5
36 3 21
20 10 24
15 5 2
36 1 18
29 3 31
1 2 36
30 8 25
15 11 27
22 1 2
13 11 24
22 4 38
14 5 26
23 13 31
9 4 17
36 12 9
13 13 15
11 3 33
13 12 16
22 9 34
14 3 24
15 13 24
1 12 3
5 7 16
11 6 30
38 11 23
31 6 38
32 7 36
12 2 5
33 7 6
31 6 31
19 3 17
8 9 32
13 10 32
19 13 38
30 3 29
1 13 34
33 11 9
1 10 7
12 2 30
37 7 16
14 3 24
23 9 28
22 10 33
28 6 23
5 6 37
3 2 15
4 11 21
35 11 22
37 10 1
28 4 32
2 10 31
35 11 27
23 7 39
15 7 31
6 11 18
28 11 24
23 10 35
38 5 13
26 4 26
19 9 9
18 7 29
29 9 34
6 3 39
7 13 4
15 11 27
39 11 9
15 10 2
24 13 8
6 10 39
39 5 5
34 11 14
31 8 5
5 11 1
3 13 12
7 7 38
34 2 2
19 7 4
3 7 32
7 12 17
1 3 5
33 12 6
35 3 28
7 5 28
10 2 17
39 13 30
19 4 6
34 1 11
27 9 20
18 1 37
23 12 21
13 3 11
19 4 7
29 13 26
18 13 37
36 3 21
4 13 37
6 8 32
34 2 30
3 6 26
37 1 14
37 10 22
21 7 3
16 10 2
22 10 16
25 2 18
36 5 39
29 5 24
18 12 10
31 5 36
1 2 17
38 12 17
5 12 8
21 9 35
28 1 22
2 4 16
6 8 26
1 4 34
1 7 14
26 6 28
28 9 37
18 13 28
17 8 33
22 1 25
20 12 31
32 3 1
22 8 29
23 4 16
6 11 12
21 2 20
34 6 40
27 12 11
19 8 17
28 4 33
8 1 4
25 3 40
9 6 18
20 1 15
5 9 25
21 1 21
36 8 23
5 7 3
14 1 18
6 12 9
23 1 32
26 1 27
37 4 23
28 9 31
27 11 17
23 4 34
24 10 1
18 13 40
23 13 3
39 11 31
17 12 12
5 10 15
24 7 13
14 1 13
19 1 11
24 9 26
9 8 21
26 8 33
7 8 22
38 7 26
32 6 17
23 6 33
1 13 39
22 4 37
17 5 33
21 10 38
24 1 39
31 3 39
5 6 36
1 12 3
1 1 22
32 3 30
33 13 40
12 4 37
37 3 1
10 11 34
24 13 40
19 2 34
10 9 25
11 6 6
26 7 20
20 13 20
38 10 21
35 2 17
20 1 6
12 13 13
23 7 26
29 1 10
1 9 11
22 8 5
11 10 15
36 3 40
6 9 15
1 9 21
38 5 40
10 7 18
5 9 4
19 8 16
30 10 14
3 12 3
14 3 8
1 9 7
33 13 36
17 12 25
18 4 7
31 11 19
23 10 18
7 7 10
27 8 37
9 8 23
7 13 6
10 8 13
35 11 4
9 4 25
8 2 18
10 13 10
22 5 12
25 12 4
17 9 16
3 11 21
14 4 2
34 9 22
4 4 10
8 13 14
31 4 21
21 2 5
36 6 24
34 9 26
15 6 1
32 10 29
32 6 35
34 2 15
14 8 12
28 8 28
28 1 20
30 12 27
23 9 29
24 2 18
23 2 13
39 9 39
20 8 21
37 2 21
26 13 38
25 13 20
23 3 8
9 8 6
39 10 25
34 5 30
2 3 18
14 13 21
8 3 37
9 12 3
28 13 2
1 13 37
6 12 23
37 11 21
2 9 33
38 12 17
26 4 14
36 2 37
20 13 26
2 8 27
39 9 25
7 3 31
35 8 1
37 5 16
16 2 31
14 1 36
29 1 33
29 7 12
32 5 39
6 9 4
15 1 15
28 8 27
12 13 39
12 7 17
28 8 2
29 10 17
37 7 22
20 5 1
30 9 6
38 9 30
27 6 7
29 6 24
1 11 2
22 2 1
13 7 16
25 1 38
13 3 31
31 1 20
12 7 16
30 3 39
24 1 2
1 1 39
19 11 11
32 9 21
7 11 20
7 6 13
17 8 19
37 12 23
22 2 25
37 12 37
39 11 26
2 8 3
24 5 14
4 13 9
26 3 5
12 11 33
18 5 18
26 4 14
17 8 19
10 11 35
28 4 9
33 3 7
7 3 24
33 1 10
29 8 23
30 2 34
20 10 21
17 7 8
16 11 14
29 13 26
34 2 33
16 2 5
35 13 39
24 9 29
35 11 35
21 13 28
39 7 27
10 1 31
8 9 25
19 5 26
7 9 20
28 2 13
31 8 37
19 6 5
35 5 25
30 10 25
28 1 35
34 4 36
36 12 27
14 6 7
16 6 12
37 6 39
7 5 19
9 2 21
32 3 19
15 2 7
7 2 23
17 3 15
32 13 7
27 4 12
4 9 13
30 4 22
6 10 20
21 6 2
31 5 40
25 1 7
32 9 35
26 13 24
28 9 10
9 6 19
18 3 40
3 9 12
18 2 32
39 9 15
31 8 11
9 6 33
3 6 7
25 8 35
2 1 10
17 12 34
6 9 25
24 13 4
36 13 28
33 4 32
37 6 28
7 4 8
7 13 8
4 7 5
2 13 37
3 13 11
33 9 23
22 11 26
2 5 30
1 7 27
33 3 4
28 12 13
1 9 30
1 6 22
33 8 23
34 4 34
29 13 24
30 5 4
39 8 27
14 10 36
34 1 21
25 5 28
8 4 1
34 8 6
4 12 12
39 7 6
2 13 35
3 11 40
12 6 11
2 9 21
11 9 23
21 3 23
37 2 33
35 10 34
36 3 8
36 7 23
10 10 24
7 12 11
8 3 4
4 9 40
32 5 27
14 8 2
32 3 15
38 2 29
34 6 18
7 1 20
21 2 18
10 13 10
6 10 12
12 11 3
20 8 32
3 7 5
11 1 23
27 5 4
14 6 15
37 4 18
11 5 25
6 3 18
10 3 21
8 7 34
9 8 12
23 11 13
10 12 31
7 11 14
36 2 12
14 5 14
2 1 27
33 11 39
37 11 30
34 13 15
17 9 17
17 4 31
10 4 11
36 12 1
31 4 27
21 2 16
34 8 28
27 11 11
38 2 7
21 8 13
23 10 18
1 1 18
28 12 31
36 11 10
8 3 1
9 4 1
28 2 32
14 11 3
24 2 5
3 9 32
12 3 26
17 6 24
6 4 2
8 4 17
22 7 2
31 6 26
19 2 39
3 5 31
37 8 1
31 12 6
33 1 10
25 3 25
1 4 2
14 10 21
1 3 40
39 5 23
9 13 31
36 8 20
30 9 24
10 6 24
10 9 22
31 7 31
19 11 31
21 9 8
35 12 21
24 8 37
9 3 31
12 2 12
4 2 30
35 12 32
27 10 24
16 10 21
27 8 10
26 12 33
29 12 25
2 4 24
27 13 4
3 9 6
14 2 33
7 1 36
6 2 7
34 13 9
32 12 20
23 7 36
28 6 39
34 2 34
22 13 5
9 12 28
12 6 33
2 8 40
16 10 38
28 3 26
19 13 36
3 2 16
12 8 16
12 6 30
20 2 7
8 8 37
26 3 15
6 9 6
5 6 16
4 3 38
20 9 11
31 7 27
5 11 7
21 7 15
12 11 17
24 12 24
34 1 7
10 12 21
2 4 15
27 2 28
1 11 12
30 5 17
25 6 10
29 4 5
6 13 35
15 6 11
39 7 20
32 3 1
15 1 26
36 5 28
14 11 34
25 2 5
32 11 21
21 1 6
15 2 20
34 10 24
2 11 30
28 8 13
20 8 6
25 8 21
34 2 34
20 2 17
28 3 26
13 6 40
2 2 17
3 1 25
9 6 28
14 9 21
13 9 27
11 2 33
15 8 37
8 13 9
30 13 35
19 2 20
3 5 38
21 13 24
25 8 5
32 4 26
26 7 25
16 8 35
22 5 12
13 13 24
15 8 17
34 2 32
38 11 24
30 5 21
28 4 21
28 10 18
13 2 17
36 8 34
26 5 21
2 12 24
33 6 18
32 7 5
7 7 29
10 10 34
8 8 31
21 9 34
32 2 20
20 5 10
32 1 2
8 13 37
31 12 17
22 4 32
32 6 32
14 1 5
7 6 7
31 1 32
6 3 19
6 1 26
21 13 33
27 2 12
22 6 33
32 3 19
13 12 39
18 1 9
27 6 8
10 9 6
4 1 14
5 6 11
30 6 29
17 2 24
10 4 26
39 4 18
8 12 19
27 11 27
20 6 11
3 8 23
30 5 32
25 8 39
12 5 36
1 3 19
16 1 1
38 4 6
14 6 13
38 11 12
12 12 37
4 10 29
35 10 15
29 11 40
35 7 26
5 10 22
8 9 30
29 3 21
31 2 10
1 9 26
11 6 6
33 2 27
30 8 24
12 1 23
25 2 4
13 6 1
5 10 8
3 5 31
17 13 10
27 12 9
7 4 37
18 7 10
8 1 23
30 13 2
19 4 34
33 1 20
38 9 11
34 12 24
16 13 3
8 8 12
21 9 33
15 13 32
35 9 27
19 12 16
32 9 34
16 5 28
22 8 18
8 12 10
34 13 10
12 1 30
29 3 39
8 7 2
36 8 23
8 4 13
7 8 33
38 11 17
10 11 24
4 8 5
20 7 9
14 9 39
10 5 32
14 9 12
31 12 28
13 11 32
31 5 11
10 10 18
9 13 25
4 1 25
30 3 6
25 9 7
27 2 1
17 13 38
29 1 11
38 6 18
32 6 6
33 1 9
9 12 38
8 10 33
17 11 39
36 3 23
27 2 11
17 13 36
22 10 4
38 12 22
4 3 23
7 10 29
14 10 20
15 10 31
27 4 38
10 9 26
12 13 4
17 8 16
33 3 27
1 2 33
29 2 37
29 2 18
10 13 19
6 10 13
27 7 28
26 12 32
38 10 1
10 10 18
10 5 2
24 2 30
22 9 37
39 5 20
4 11 8
5 6 30
18 1 26
28 5 19
10 13 4
10 3 33
17 5 8
14 13 38
36 10 16
10 12 24
32 11 12
31 4 21
36 13 35
16 2 27
25 11 11
28 3 19
33 10 16
7 5 24
33 3 1
16 3 21
27 8 26
35 11 4
31 2 5
34 3 33
11 3 20
11 12 15
10 3 18
3 7 9
32 13 31
25 10 14
36 8 34
33 13 32
