88 73 4690 711
2942 2868 3242 18 1838 3732 3737 683 2153 2249 2148 1253 911 1241 1594 2344 4270 1561 3503 2461 4304 2809 479 2758 589 4871 3826 3641 550 1917 4552 3672 4663 77 1784 1271 4685 2266 3536 2158 4820 2345 578 1235 2590 2147 1488 3487 2585 2228 1914 1874 2150 1554 3118 4732 2748 3453 2140 125 3685 2051 3109 2718 3309 3400 2379 1504 2192 25 704 2737 502 
814 1566 1162 2917 4578 4172 818 787 3830 1374 2497 3554 4747 852 1717 3545 2783 4186 3833 522 3045 1951 3749 2725 944 1260 2470 4476 3276 3033 403 3022 1518 3280 2971 2460 3452 1241 896 3299 2367 183 3060 1294 1828 826 4460 4066 2163 2941 324 3865 726 3468 1569 3980 3285 2693 451 1459 3909 741 3052 544 2898 2376 4054 2843 4445 1930 1241 1604 4097 
2821 4253 4414 443 4306 3763 1574 1800 2872 3912 2943 3786 339 2466 46 2205 869 3876 1792 3258 4873 932 4461 3575 709 2924 1887 1560 3213 4737 3842 4493 2451 2452 4269 1870 1597 2340 4719 4106 2750 257 3264 2166 148 24 1110 4156 2236 3158 4430 2833 3628 4014 1510 4264 3456 1209 4681 29 345 951 1928 2710 3860 4275 604 2173 2479 3791 963 1535 4195 
2865 3995 367 2229 1158 2304 1249 35 560 807 1194 3207 2183 214 1119 3770 1978 1575 1231 3511 2589 3603 2590 3518 3152 4349 4377 4169 2812 3629 4835 1840 3025 1070 2983 240 4377 1668 2261 3984 2083 2756 1836 1292 152 143 4803 2963 4381 1295 3540 1811 4760 2001 183 261 1232 2449 2477 4613 1124 2183 3932 4126 4267 1320 1461 652 3771 4631 1181 2568 781 
3043 2710 945 4611 1608 1981 2506 4423 1589 4397 1969 4281 346 1903 2306 3109 2305 963 2298 124 1934 3533 1412 4146 3527 1285 3273 4015 318 865 66 498 827 1657 1235 2786 1874 1338 2160 1858 293 3608 4561 601 3576 4697 1181 971 3957 1272 2186 4569 1263 1163 3925 1743 307 1388 2588 2315 2788 3627 896 1636 3851 3079 3788 1041 2401 2424 4230 3408 2728 
2962 1078 2846 1385 1950 788 178 2878 4168 3286 2979 4374 716 2518 1509 812 4181 136 960 391 3052 91 2840 2449 1330 963 985 2605 23 4344 2711 912 2186 1602 3792 1498 407 3587 1964 3799 3546 2134 3167 972 2738 4167 3613 764 2318 3396 1516 4350 1533 4393 3915 3587 4527 4455 1323 4655 4447 3056 692 3010 1006 15 4068 465 4024 2909 2065 1460 1058 
2412 394 1065 835 87 429 2709 978 1413 231 571 4532 677 164 2423 795 1617 917 4783 4252 3974 2652 294 2456 4134 3276 4681 3941 988 368 1782 2367 1284 647 2392 3802 3672 3647 3198 2175 438 4273 677 1372 4002 2453 4092 4131 1214 3082 522 3687 3320 1898 3943 2688 3366 2142 3636 3989 3722 1988 170 4827 1458 1049 3176 181 1461 3998 793 91 2003 
191 1166 1143 3978 4597 2622 3495 1996 1503 4078 2558 300 3780 4660 1631 1288 986 3183 3306 1960 4872 232 1084 4879 882 1401 2442 3332 821 394 2139 1811 2004 2596 1246 569 981 267 1326 1703 1674 3014 1823 3815 1967 2110 151 459 4324 1237 4694 3012 3325 4335 3504 2737 4045 212 4188 815 3438 4101 2243 4557 2505 593 1251 1913 492 3570 4282 2387 4371 
566 615 1188 40 1295 3357 3148 2190 3891 4589 4579 2557 471 1229 1010 3135 4748 2288 138 4367 3290 4350 773 4205 2581 3288 3770 2485 1053 507 2265 137 3286 4279 1616 12 341 620 3492 1685 3568 3867 4223 168 4265 1753 3122 3951 589 634 2590 2755 1319 3065 3698 2489 1649 3857 4495 3377 922 1821 3494 4207 102 4245 2453 1875 4021 719 479 949 2491 
263 244 3143 4193 224 3638 2222 2035 419 812 4530 3160 4711 4071 4303 625 1566 1636 4453 1410 3834 1574 4445 1413 3224 809 4367 4195 4513 2356 3562 3075 1623 3592 1980 1134 3877 2773 763 3609 1447 818 4193 1353 608 4554 3965 3094 1197 4456 1313 1537 1190 468 3613 999 2421 1483 2075 679 3339 2859 4766 4453 1184 2006 4843 144 3780 2530 3356 1388 4663 
1131 2116 2387 390 1472 4304 724 4287 3583 3932 3294 4031 4461 4062 2867 4682 1617 3345 3737 3136 2771 3414 220 3067 3770 4340 3456 1720 4066 52 846 1206 2554 3484 408 2835 2085 4716 1029 947 680 4048 361 1787 1430 3452 309 4165 1071 437 3502 786 3304 443 1905 4904 4300 4321 4701 4001 1379 2705 1443 1899 4457 3748 1145 2225 3886 253 2452 2097 143 
2579 2336 1692 1247 1493 298 1729 4232 4588 4316 893 707 3474 4866 1293 2954 3806 3963 1774 722 3321 2017 4245 2299 4706 2971 833 4512 1535 72 4328 2026 3961 1403 4828 1904 3010 98 1957 3438 3912 1499 4373 1697 3232 4412 3165 1468 1738 4448 1589 2039 2244 2520 4766 1065 2419 3676 3027 3098 1982 2339 89 1087 1914 3917 2985 965 2639 4307 1598 2838 920 
3443 3183 917 201 3351 4492 3616 2959 586 3277 1232 3256 2063 2756 535 832 3582 812 2841 180 35 3803 1760 728 4415 1256 3341 141 3924 3736 4266 2262 1029 763 3716 3089 1157 4106 1392 911 1654 3546 3448 110 3100 361 1372 2144 67 4681 97 3864 152 801 55 3478 52 2652 892 2249 732 3783 4146 4803 1969 4309 1160 4035 3969 4253 1626 764 2729 
818 3290 3481 2127 3891 2644 3284 2921 2208 4098 830 2207 387 980 1464 1366 3741 2251 1229 3519 1200 1423 2512 2679 3571 162 4026 1513 567 4816 4565 955 1277 559 550 1208 1844 562 3418 1928 1151 4000 4570 271 1923 2887 4077 162 1315 177 3675 1017 2640 1815 4388 565 4776 937 349 4046 2667 4788 2517 3251 1645 2516 4007 1132 2968 3146 2886 4275 289 
851 3134 929 1346 2648 1283 2325 281 3828 1731 4664 1816 3693 4601 2646 2071 188 4664 2128 2089 4282 4681 927 2591 2868 4281 686 2040 2018 3359 4574 683 1584 2316 3265 3799 2048 843 3056 3177 3667 4323 4397 4694 4784 2867 1096 4098 411 3502 1118 228 2361 401 4341 3758 1187 1392 2059 772 4218 4320 226 3455 4440 1464 4570 3201 713 3049 2535 910 1282 
1038 4065 2016 302 1539 3912 2991 827 3289 2997 3221 2650 2257 366 11 3941 3737 2772 543 1547 773 3097 3905 310 4820 2374 2228 55 1186 3207 3927 1240 707 4172 1838 1900 3930 3105 3398 4240 3094 4112 3339 3191 3040 4198 3421 2265 3587 3527 1257 4831 1776 3424 1541 4707 4673 2609 4131 3545 2827 3394 1099 4162 2626 537 4504 3950 4057 2921 3726 618 2902 
3947 819 2233 2556 4569 2767 4843 2825 2583 1420 1012 1198 3548 1538 2757 55 4487 871 3510 3342 1932 3142 1025 3300 3789 3338 46 2113 284 3114 902 3316 420 2412 338 1349 3309 2663 3425 694 1166 4352 4569 3603 3867 2724 3223 1943 1313 1679 3457 4739 4033 3956 2986 4407 1278 1260 735 1562 762 4732 3436 1574 1107 1555 3720 559 2208 210 3265 2380 287 
1113 2356 2360 4717 1489 645 502 2117 4050 2422 1431 3870 1991 3837 2392 3517 4136 3467 2556 1460 700 827 3504 1381 3874 4303 2991 926 2077 882 4316 3701 3663 2566 3071 4578 1821 2414 2141 612 249 140 1519 2692 3235 2474 3784 3646 640 2981 1488 4541 2337 2722 2396 2992 11 208 722 1009 3605 2253 313 2482 841 1630 4131 4406 2063 3165 4101 4179 4655 
3442 310 3658 935 2104 2539 1825 2153 2902 1553 2566 3030 1022 3196 4456 3370 2760 3125 1345 3430 3020 3612 26 3774 1326 3012 3384 2497 4494 4569 378 3916 4483 4059 3000 634 868 2705 1443 580 4072 52 4264 1137 4907 3836 2480 893 627 2424 4633 4641 4236 1569 3979 4305 2626 3772 809 4358 1606 4208 3075 1444 4284 1025 2010 2337 3293 3117 1662 892 3907 
1406 2723 4502 3599 2279 4408 3062 3578 4166 585 2458 4821 4652 4687 3253 758 1284 4093 264 586 4022 1807 4323 3209 2368 651 3501 3567 2913 985 1000 1873 2006 3612 1905 3842 4793 2689 2024 4170 126 4250 2533 156 3578 3875 692 1101 996 3694 177 2587 4442 562 1649 2459 961 2196 3256 4339 3376 2036 2243 1289 778 719 4337 4907 1148 4479 4438 4356 1232 
2464 1278 1492 1163 452 2156 1999 716 3173 4687 3957 737 3891 2889 1898 26 4387 2937 2448 1202 2887 1510 2561 1187 1722 4191 4227 4743 3656 1854 4121 3117 4421 1722 2692 1307 2034 1574 3305 3017 1475 4023 2480 4146 4238 3975 3999 3802 1621 2957 373 2593 4288 4182 2530 4647 1283 4289 4254 852 3070 1111 1145 1898 378 1184 2092 4092 3398 4625 1446 4368 931 
2785 4844 547 4802 3609 4317 4532 3068 896 4204 4271 3438 4005 4855 276 4363 4026 938 3899 3713 2062 1483 1375 4873 4681 1090 2117 461 4316 413 200 1794 1807 1040 3435 4417 1208 2787 78 3001 614 3250 224 3673 3378 2216 4858 1767 1443 2840 3256 17 1024 2080 1855 3180 353 3962 2550 583 1895 4380 979 2890 837 3679 337 3265 960 1547 2960 1360 2993 
4762 4372 880 577 3842 1146 813 1424 2457 3364 870 356 3904 12 1879 4718 4195 1410 4688 4477 1746 520 3499 2449 336 3349 4906 2415 3986 1621 1041 2807 1281 958 539 2695 565 4776 3323 618 2684 1386 2870 4553 1807 4656 2258 1349 1454 3171 426 4300 4299 4320 1565 2480 221 2893 4840 2099 314 1314 1505 1505 2917 3968 1685 612 4603 118 4441 2987 396 
378 3988 2878 109 4736 4335 3277 171 2390 644 3310 4308 312 2920 1284 3674 1107 4787 1247 3365 2518 3415 1632 2252 171 1702 3992 2357 4742 2479 2275 652 4088 3771 2208 11 2270 2311 3923 4456 864 4688 4667 1441 4352 2346 1519 2282 2356 3698 72 2314 176 4701 2470 4161 1186 2335 3997 1547 2814 182 4907 2730 3179 4759 2310 2926 2395 840 2745 4437 1509 
136 572 1506 4024 149 2259 4729 63 4690 3045 929 3762 2743 1801 2964 3676 2228 934 1160 2220 2321 212 2083 1878 433 1740 343 4641 3131 2720 3022 3464 45 528 1717 1674 372 4125 158 3978 3600 915 3141 4665 2685 3799 4905 4665 496 3720 1834 4707 4715 469 3321 1750 3585 70 4112 336 271 4149 4691 3323 3030 2021 1686 4770 419 945 1172 55 3275 
2940 4745 3609 2470 3646 2849 3380 1508 1184 2759 1757 4069 3777 120 1396 2416 1339 4452 633 976 4581 602 2487 3568 1621 937 2781 1512 2039 4752 4672 4575 1755 1018 87 3604 2771 1213 4317 1304 3176 4706 1079 4144 2255 450 2275 1155 4024 2687 2059 3764 4867 3939 1046 3525 2422 2552 4086 777 1831 3399 2460 3510 3157 472 2628 3542 819 2909 1935 4637 4518 
4483 432 3553 1263 4037 1057 3108 2044 1108 2291 4654 1742 3166 2682 405 3089 3335 610 4141 4577 2406 2967 4298 3216 623 1087 3999 3539 2428 873 4035 4068 412 1870 4374 646 641 2792 4725 1682 3856 2464 1191 1224 4722 1201 1333 2849 4803 2279 1269 1333 4055 546 4247 918 4190 3855 887 2501 4635 3091 4192 518 3934 2711 2396 1713 3867 1010 700 539 4334 
889 2595 3844 3433 2586 3953 2788 903 4102 518 2031 2830 4061 4367 2221 2218 2804 4879 135 700 1140 3486 4110 3439 2433 3087 727 2894 3145 92 2005 3240 2710 1937 899 3148 4177 3057 3490 1254 3482 1415 196 1469 4127 1601 847 2525 3146 4391 1699 4043 2051 1213 581 2817 997 4488 3228 3632 3283 4467 1561 3331 1382 3435 1331 4304 4475 3339 3887 1714 4047 
2666 2574 3727 371 1884 4394 576 625 3301 3570 4216 3454 1155 4532 2440 3289 926 386 2507 238 1976 3705 505 567 1982 1027 2515 4376 3970 1347 271 1109 1585 1196 3475 515 128 2872 579 4030 1077 2355 397 321 1674 1322 965 289 2665 464 666 2145 1845 900 610 2965 3091 2354 3084 4719 4001 2774 4356 2643 4549 560 4421 1091 630 2166 3509 136 3548 
339 1823 2731 1718 2883 3262 474 2868 2723 4710 2888 1499 2752 3186 365 4873 604 2442 172 4091 2643 191 2503 4381 1944 1847 3673 4405 4825 1257 3164 582 2344 36 965 3170 1873 169 3629 4591 1937 4150 3850 3907 2705 1116 4120 836 1077 212 3733 4560 1455 1752 3846 3051 3633 4789 2942 2645 1874 1400 2575 3807 4024 1162 421 4606 533 3371 399 4903 3948 
3989 2579 1857 4774 1121 3353 3508 3085 2697 3861 4664 921 2958 4596 1311 2388 621 468 805 151 4199 282 2238 979 609 3859 1189 1590 3104 2457 4728 3229 4634 2297 2646 2486 1360 2775 686 4777 3093 1232 3102 362 4594 3724 4251 1023 4185 126 4706 1869 425 89 2448 3997 3094 4664 483 373 584 400 314 887 2618 3013 105 3162 4574 2948 1111 4294 2125 
2615 4638 4150 3247 3857 3573 2518 327 4726 2977 106 4703 3254 1347 1616 4696 943 292 2656 2461 1268 423 4285 2369 3681 1747 4415 3043 1351 2968 2148 518 1282 3457 953 1073 410 305 453 372 4079 4605 15 1886 381 4300 2321 627 1038 2026 4527 1796 3591 653 3385 4683 665 3233 1273 3968 4490 2810 4822 2476 2735 2041 3027 2091 1346 4226 68 1815 3481 
4225 2063 2455 3732 360 4454 4039 874 791 2882 4370 3059 3080 2224 1335 2145 3271 4332 2188 2019 807 204 801 2658 1874 3415 4798 4056 224 1345 3145 4424 2526 1194 1137 2368 2431 1658 2346 1717 1202 2245 2308 4317 2822 2608 312 4535 140 330 3108 895 2318 2832 2431 402 265 2982 912 2868 4075 2919 285 1233 3384 1915 457 1810 456 4241 2973 4678 127 
3210 2835 4586 340 3735 3267 4434 4130 2147 2765 1953 1095 2382 1301 3889 3102 4369 4735 2683 1849 2314 3865 3425 2424 310 1211 1232 4025 2968 1937 1521 47 1913 4355 3009 248 3044 3803 2001 2218 2030 3411 2208 2906 1563 1434 1436 4534 2277 449 4427 3242 2302 3814 498 1299 1576 3959 1273 2919 2675 2646 1008 4050 520 3154 1417 1561 3185 1683 650 2364 4443 
923 3281 1380 1348 2054 3419 2167 4372 3328 1540 3030 3783 3782 1439 3603 4488 1952 3275 2363 3211 1622 2569 2243 4253 1332 1433 3862 614 3555 3075 628 1344 2837 1454 4087 2129 3520 1843 3694 4414 4584 2178 2551 4801 2884 1962 2203 1786 4679 4850 718 1206 4857 590 3493 29 1253 2784 4894 4819 415 3599 3422 2581 3513 3441 1033 1195 4696 4656 448 718 729 
3650 3007 775 3167 1968 2096 1384 3839 1568 2694 2857 1282 4634 4695 29 1227 2849 4278 4865 188 1350 1977 3821 4614 4195 2989 1230 1537 2671 979 1133 4571 2377 4902 659 3609 4634 395 4714 4240 4570 4383 3645 1176 2081 455 3194 2212 2334 3560 865 2735 4854 1940 4698 2520 231 2634 449 1599 1426 2158 4747 3526 171 3786 225 237 2017 1839 982 2018 609 
4022 3580 2286 397 3812 2044 1045 2360 2571 2380 583 3561 296 3690 1465 4180 637 3546 582 362 701 4421 2465 1942 1949 676 2168 1099 1221 1860 3290 1513 4183 4060 1280 2022 4474 520 4494 2789 1931 3537 484 4297 2714 4017 3391 1765 3548 4474 4190 2626 1023 342 4074 4839 1717 3977 4785 2041 1353 3899 4824 1774 480 1068 1520 95 1785 3653 438 1765 1855 
3479 2098 332 2920 1167 3940 3101 3329 4747 2224 1606 4718 109 250 3299 4883 4516 3327 2172 2845 1161 436 1063 907 4083 2471 4789 4611 3557 3772 1391 2207 3536 2399 482 2488 1045 4360 2123 2201 3570 2688 2978 1257 436 3917 233 3570 1589 2809 1202 19 3989 3316 3469 2305 2324 115 2281 3061 954 633 4815 3760 722 1305 631 2465 151 142 941 4416 3892 
3434 3894 4018 4382 3666 4737 1702 3309 4669 2751 2537 190 972 3262 2339 813 3313 3146 222 3408 1657 4760 893 2056 3641 581 1120 1277 279 1109 4360 82 4224 2781 4240 612 2922 1619 3418 2339 4437 2420 4361 747 4504 1284 2921 3768 2374 3771 1026 302 3358 2662 10 912 2714 2524 2708 1035 3654 1034 375 1135 414 572 4596 2674 1537 562 2696 1854 426 
1568 2941 3461 1102 2963 138 4118 2558 2900 2340 2728 4629 4546 4880 3587 4326 941 2971 3103 1146 4398 11 1199 2375 3163 100 1309 3104 3205 3613 3524 3658 2729 18 1909 870 2849 4817 3642 4902 4701 3881 1307 4873 3418 3206 3199 3002 3127 359 3304 3469 413 1996 327 2223 591 4331 1279 3902 851 2623 1623 4902 1345 3662 534 1573 4682 614 38 2970 3456 
754 3631 3360 2084 3419 3813 3549 1937 3576 404 1632 4094 3938 1957 590 1338 3388 624 2656 2799 1463 2864 1749 3227 2126 1557 3607 3481 1321 4611 432 3780 1720 4336 4699 2900 4096 1683 4640 3660 1149 3239 2119 4665 1450 1817 306 4164 4165 547 1738 2203 1684 3361 2403 4044 2636 2914 1701 3154 1608 2390 459 2864 4583 490 1047 3641 3803 2025 3217 3221 826 
4763 4509 3381 3199 2547 1318 556 557 1815 4675 1955 409 1109 1303 4331 2794 2322 2338 1043 2482 1668 1255 3340 2208 3319 4539 4393 2360 2715 125 4700 1598 1423 4800 3584 3077 159 1723 2915 4581 2394 195 2592 2008 4795 66 1225 2416 2560 3201 3082 3672 1469 2604 2876 4457 2143 2539 977 3341 3712 2070 3882 1244 3961 4879 1976 2605 1111 36 456 338 1204 
1392 1231 1609 4634 258 1029 1886 3288 3249 993 2146 4337 3848 4592 2560 3051 2317 4093 3085 3003 302 1433 201 439 3601 723 255 1412 3575 4538 2081 3100 2817 1523 4123 3230 2287 3594 1744 3882 4212 4593 1642 952 3085 4201 3296 192 3461 892 543 3575 4418 2593 1763 3787 3803 1183 1599 1251 3778 2121 823 580 2497 341 407 3553 623 2633 3493 2595 3515 
1840 3836 74 2500 2878 718 2195 897 1068 3443 2014 3898 3407 3700 2579 935 3751 1285 1246 1736 3544 364 815 675 183 3439 3058 4746 1958 1832 1847 3128 3392 721 902 209 1754 2985 1011 3849 883 1388 2824 4361 2667 907 1234 2326 4045 534 4829 661 3330 640 4904 4674 3208 2422 3712 2510 3535 2616 38 32 197 2527 973 2942 2526 1631 785 2114 2308 
3870 4577 1347 389 3969 2641 3564 100 1366 2242 4475 1017 1904 3059 693 1593 1422 3658 3140 1679 2840 4182 2424 711 3153 369 739 4411 855 3847 2172 3996 1114 1982 4324 2410 165 1808 409 798 2050 4771 2918 3612 328 408 320 3416 416 4797 3056 2957 1244 4576 3037 731 729 2267 1676 2300 3932 2830 806 3277 4545 3885 3119 1713 3884 339 1928 1222 3574 
1796 1992 4768 4429 4829 76 964 2076 2000 1909 3227 352 4579 2687 3466 4704 4895 4120 863 858 3420 4064 4278 284 3490 4178 173 473 2529 754 3326 2651 2371 1720 4395 3723 1303 980 3965 177 2939 259 203 4828 2632 746 1620 59 4532 4501 455 1313 4216 3335 2768 1865 3702 4346 2135 4008 2898 3372 3544 639 4525 4538 85 2299 1000 4841 548 3521 150 
3363 2333 1460 4893 1541 4809 941 4617 1412 3867 250 2332 1651 1630 1275 4507 175 4308 3590 4332 2832 1210 3889 92 407 4267 4628 3380 1973 2723 2299 3113 1699 4617 4065 4798 2375 4501 2626 1592 940 4689 3510 210 2020 3056 4527 1361 3354 1589 3965 3165 1679 3316 824 365 2151 3790 2583 3628 4240 4892 4267 2967 1709 4839 1632 3051 2376 3880 3306 1369 3613 
1403 764 3867 1878 1964 4749 4417 3471 3915 3674 4874 1816 1083 3934 4172 3618 4023 2897 1310 919 2379 3556 2141 3870 1431 771 4335 2770 4832 2602 2717 2374 2899 3375 2762 3466 249 603 170 589 434 3821 1807 491 1667 4803 1480 2775 689 1937 453 3993 1390 4597 1115 1586 2357 801 551 3478 1063 1298 1484 1389 921 191 4793 938 2649 1232 2529 4759 3304 
3367 1133 2203 2284 3857 2724 1515 1918 910 1053 1569 796 3181 1101 909 923 4360 4279 937 1835 2306 932 1764 2530 2757 3910 2987 4044 3021 2215 2445 4514 558 116 2441 4760 2140 759 1799 2527 2685 1604 714 4539 3040 3057 2284 1817 4736 166 1854 3034 3050 3703 3203 100 3557 2866 2801 2472 1896 682 2590 2539 465 1816 2044 1910 4110 2641 3016 3624 51 
2857 2930 966 4248 3022 3118 4266 3826 442 3869 3555 3779 115 1981 1332 4079 2880 3140 3579 1939 1164 591 806 4158 2613 3183 4340 2066 3825 574 4040 4393 3000 439 2188 2655 3368 1578 1123 1922 3650 1962 3320 2405 1770 4843 1698 4904 4335 3442 1786 733 947 2310 2498 4002 559 1676 4771 997 2799 416 2781 2090 3864 3100 1361 344 793 1602 3681 3417 3617 
972 2514 362 2904 35 2209 1919 3794 2849 1886 428 4467 303 1675 4676 49 117 2393 556 2233 452 2710 350 3654 2853 4695 2606 27 4454 4005 4140 4536 4842 2049 4797 1742 3049 3906 3362 2045 4466 2665 436 3330 281 123 1324 3027 2643 3940 2760 1560 2625 749 755 708 3086 986 1452 4265 1487 2195 4414 2982 2196 358 2577 3499 703 3576 3982 3568 1234 
1344 1147 1661 4688 927 3021 1408 1116 1494 1311 577 1703 3814 3445 3376 222 977 4438 1929 2439 572 3742 544 2136 1202 4129 88 4240 500 4532 2534 2240 4155 3974 3476 2411 3272 3572 126 1732 509 1551 4275 4687 1863 2716 1926 841 4435 1026 3652 1255 3989 1611 2998 2662 3117 302 64 756 4412 3084 4318 1441 3831 2821 1276 3813 3364 2532 2213 3858 64 
2432 4391 2453 982 3447 476 817 2765 3660 2086 1927 1766 4432 1082 4425 4770 3750 992 3847 597 2266 4146 1521 2431 1274 172 3485 1477 2953 4898 4594 3740 4216 1387 1413 3785 4458 1153 4887 2440 1873 1537 1468 4754 4291 1518 1192 1755 3349 2231 2588 4408 3029 1263 4667 1081 1622 4032 3035 432 557 1828 4553 2320 2700 3153 2505 848 2680 4168 3344 658 918 
4726 3507 315 3041 447 951 4203 3131 4259 4835 4305 4538 4527 4579 747 4896 2850 790 391 3527 1226 177 1819 4266 435 1007 2558 3463 4230 3847 1427 2825 772 3702 1641 3305 2188 4131 1722 3646 4304 3346 4127 384 27 4192 4231 2343 547 2330 4681 4534 1158 1768 3732 2954 2288 2273 3601 2702 2871 772 3473 3378 3402 893 285 710 32 2649 3065 4148 3018 
1936 2878 527 3229 334 4690 2412 4790 2844 2345 2978 339 3752 1211 2861 4155 4398 2558 4488 2407 4569 4069 124 2184 4566 3220 1848 2348 4684 3511 1110 2560 3653 251 560 4542 3903 4782 180 3339 114 912 3963 356 260 971 2569 1269 1705 3142 785 1115 3762 4100 1602 3189 4351 2533 4261 1127 1874 2488 2657 1020 175 3367 1198 4316 2474 2734 1885 422 3823 
1600 3794 4217 1941 2310 388 3285 4162 1949 1338 4343 1657 4538 3496 2276 4439 226 2144 539 1438 2805 130 2754 1640 441 4491 55 2526 4143 1706 427 1982 235 1192 1426 99 1867 835 1126 4114 1937 1093 2541 392 4157 322 3695 427 4862 3083 2624 726 1323 4572 549 3996 4277 1471 4265 4293 691 3847 2631 2093 4101 4847 3286 648 4493 2732 3668 3054 2633 
2753 4415 897 3359 3229 732 1491 18 1914 4003 2190 437 1140 3120 1675 3883 208 4724 2349 3993 1756 2038 26 1016 2986 1022 501 1058 3232 2141 404 1363 1356 2709 4090 4338 228 1657 4777 2175 4804 3616 183 1196 2744 119 1496 616 1208 4370 2110 2266 2673 1260 4032 3128 2769 3531 4381 1374 3065 4355 3136 607 4377 13 3488 2660 952 3018 419 2227 662 
1886 3280 2538 2004 1878 3488 1446 3421 3627 3258 1527 4395 4007 1170 3738 2313 2858 3653 4647 3214 1558 2302 1873 4054 1493 3556 4572 4235 3345 2290 1322 2372 1105 3926 1758 2840 1978 2546 3650 1687 3544 4004 4309 2668 12 3366 3952 3133 4593 488 556 2815 208 4705 812 4842 3949 68 1433 1215 3388 1566 3815 1051 2146 3213 1093 4285 4733 1102 331 96 364 
1657 4313 4707 179 1594 1349 4218 702 3843 953 3181 1082 2082 3139 3091 794 898 4172 4169 2671 4824 1661 4833 2402 2569 839 218 13 3426 1857 2081 922 4238 1871 4737 4353 4588 4385 2226 2372 2177 4188 3249 4102 321 2591 2245 2960 3941 576 3064 2183 4757 4122 479 4748 1591 3491 4831 2980 1357 4630 1732 59 4101 1046 4864 4618 365 3914 2703 589 1084 
4764 1159 4585 895 4208 4774 2234 751 1991 1742 3384 1126 106 4408 3231 1986 4404 910 1955 447 278 835 3367 1791 3052 2865 4518 2293 4737 3132 1435 3352 4211 1949 529 3132 4737 424 4409 1008 3058 1421 3540 3322 124 2260 4276 2943 3284 2051 607 3244 772 2640 2161 1722 898 810 304 3264 4473 1703 3817 49 3589 1981 1107 2797 3659 4693 4867 4312 1471 
130 2080 4766 1081 2373 132 2637 2203 3394 2575 3584 1071 1947 3570 4181 4658 199 2608 4605 3064 2408 2913 2035 2116 3991 2103 1708 749 538 4587 2596 4261 3161 3287 2626 1283 2299 2328 945 4834 2190 2199 1728 1784 922 3054 3459 4271 3236 539 2112 3691 1766 4653 4094 1916 3962 1759 3877 4652 3797 2875 3367 1002 452 601 4063 1975 634 2864 3401 2222 4879 
995 1101 3666 1641 2253 1899 2154 620 501 2703 227 1264 2210 4198 4198 3724 3160 3066 3487 2445 1121 279 1943 3991 1356 4298 301 276 324 1859 3867 1111 838 1379 3336 4749 3552 683 2954 4661 2548 3103 209 1431 2735 4387 1759 278 3129 984 380 4871 2877 3716 3869 3148 3739 212 3093 3109 2711 501 1443 2677 3286 2580 16 4453 975 1630 4514 326 2449 
4049 39 2036 1400 3087 2107 845 1963 2196 1219 1180 471 4015 1282 4529 4376 258 2676 1015 2110 3852 2331 372 311 598 3501 4336 1707 429 4772 406 4787 1226 604 3505 777 3337 2815 4843 4581 460 3628 4120 2029 4505 3709 4458 2240 1314 2911 2403 4478 1132 691 484 574 3549 4149 99 4734 690 79 3909 2983 1920 4525 4672 2036 2655 2399 1782 3304 593 
1880 3034 939 1870 337 1880 3785 1045 2350 1171 1856 828 3644 3703 3008 349 2902 2724 313 4722 4343 4678 4640 3700 4834 1743 2270 3721 2615 4690 1060 2359 2820 2339 427 2049 4265 2695 4806 1704 3127 788 4604 2791 4790 4859 1041 4013 3325 4064 67 644 805 1233 4217 3730 4268 3202 2848 1787 2193 1466 1509 283 3823 2428 167 3044 4896 814 2926 446 1465 
403 1365 958 3048 3685 2730 3082 4872 2457 4604 4606 2827 2941 1026 4396 1497 1823 4287 2714 1581 548 399 4285 1375 1397 3711 3467 4835 4533 1500 477 3915 1780 3555 2002 3116 2101 3130 2475 2285 170 1758 1345 3220 3108 3751 565 3067 1822 2352 3030 4025 4316 2640 2751 873 2898 2644 2504 4131 447 56 3823 716 2754 2871 1104 2464 2727 1986 1864 902 2059 
362 3568 3182 2299 1901 2368 2281 3126 83 617 3172 3317 1413 314 3160 714 1169 1106 429 1875 647 420 4080 1718 3534 3048 4048 3724 3046 4673 3807 761 1537 4752 3275 3477 2174 405 3389 1571 1446 1719 1295 1112 2595 2972 2076 3766 2708 4407 153 517 744 2541 4404 3328 1847 449 845 4648 4804 3808 193 2312 618 1773 516 3474 2361 780 2919 117 1303 
4681 4244 1150 1412 4423 2842 3536 2639 867 1518 2637 2038 2035 1207 940 1283 2196 823 3742 2263 2902 3957 3980 87 4065 1399 385 764 2557 1621 1705 1119 4505 2926 4673 4418 3033 2460 1524 1847 1434 3259 2763 879 2299 990 4368 4302 4328 4127 1349 4628 4498 416 2737 4155 4789 1841 2183 1945 938 2942 3318 1381 3540 101 31 3698 420 745 3619 1911 1538 
4792 2723 4433 2472 1620 266 484 1327 1091 4543 321 4343 2046 45 4744 2250 2650 2263 4097 1478 2924 1082 151 3787 4115 2240 1296 1269 2779 1008 1505 3111 2694 2500 3969 2455 2445 1937 4892 3549 883 3596 1622 1620 2557 2970 3013 2913 1724 313 2340 1212 929 1488 2643 439 4247 650 570 4570 2995 1300 3832 3521 3111 2108 3265 4254 928 2370 4563 1962 2563 
3564 2334 594 777 2027 2700 1168 2168 4804 3045 411 1786 4435 2619 1136 1187 949 3666 984 4775 2079 783 444 1095 4703 4145 4754 308 1993 4216 2728 1677 3197 375 3690 1277 4139 4690 4402 2043 2407 181 867 4465 2203 4215 2357 4438 4683 426 826 2083 4881 2411 2855 356 1310 3040 4407 3785 3363 4593 4194 2968 4476 1993 894 1504 3131 2810 504 31 2140 
1883 502 1775 4151 895 1325 1544 4711 2614 4483 1522 998 3944 4043 4851 881 3468 2458 134 2168 1622 4516 17 3778 2705 4480 4659 443 445 99 2338 2334 4356 3894 890 3832 4620 4242 2040 1473 969 3452 1510 2605 3015 4853 1786 2772 346 3185 4437 3968 1500 711 206 3858 3767 1656 4381 2571 3889 1593 1406 2924 1289 4639 994 1249 2754 1455 4226 892 1884 
2201 2088 1610 3416 3851 4653 4754 4725 3773 2050 2946 2711 3623 1908 2565 459 1547 68 132 2204 1563 4866 4272 4308 3233 1555 1816 4385 2634 2376 3701 1607 2059 1246 3233 481 3421 4387 2438 1150 3004 1582 1099 3761 228 2300 2375 1006 90 3618 2052 2221 1450 2002 2304 947 1674 2029 1861 4577 4587 57 887 874 1028 2283 2012 1992 2373 148 4635 4240 1379 
910 4141 2341 450 1503 1557 2616 63 3297 2384 1058 797 51 4483 2042 4203 2774 4745 3743 4394 185 4672 1158 4624 2779 3125 1311 4493 1930 934 3804 2464 3415 3941 612 1914 3048 1257 3046 2934 2331 2244 3960 1497 2923 2902 2155 4552 2308 3908 3750 3967 1200 2303 2147 3637 4411 843 737 3803 92 4007 4271 756 1142 1378 1924 16 861 4010 3594 1940 4824 
3580 4173 3475 942 2496 22 3833 676 1438 337 1135 4269 4187 450 2124 4370 2313 1784 456 4718 43 1650 180 3287 1026 3846 4121 1780 3677 3512 883 2899 4161 3232 1592 1022 1493 622 240 4052 3375 1271 1556 2113 133 4225 2518 2727 3553 1590 3152 2901 3298 915 4410 2208 2165 2236 1086 294 1110 550 4761 4266 3589 3086 3371 4160 2479 3777 4486 1160 1521 
1619 2448 3353 127 31 1766 1206 985 349 3378 547 4084 317 3510 4359 811 1423 3309 3507 1431 2519 1815 2215 742 4337 3855 3756 186 3774 2555 4625 595 4351 2055 4197 2834 4203 3397 3190 4185 166 4778 1710 1264 1414 1007 3653 2777 1120 4899 3426 2754 884 706 730 2238 814 885 4758 4820 4907 2990 446 2501 2961 529 533 4523 2763 1407 253 861 237 
4738 3850 1691 732 2984 148 3657 4165 2777 4376 813 4378 319 1637 2725 4758 1801 4833 2895 3957 2093 1594 1625 4519 2039 1257 4312 342 4572 4012 1454 3059 1711 4117 1262 2253 3498 358 4332 981 4297 2640 4628 342 4882 2766 697 4653 1975 1266 2607 3282 4263 4833 952 49 3408 3628 844 1734 3190 808 1669 2259 3752 1958 1493 1718 629 4088 3207 4266 1792 
1623 4392 595 1125 2246 830 2657 3762 3973 2024 642 4353 2673 20 4724 3576 4144 4889 4478 738 714 123 1048 3985 2947 2832 1567 3945 2297 4368 1601 2251 3739 4283 319 349 4021 2852 4283 2382 752 2604 4745 646 1443 3684 1294 4480 840 4166 2455 2668 4456 2525 2509 1401 4248 4086 2597 4000 680 2465 2392 4314 3526 2598 1880 3331 95 1430 4383 2420 2153 
4340 3022 4171 1386 2718 2337 3367 1720 2892 522 1513 979 2580 1097 3264 895 3076 1744 1852 384 3122 2731 994 1590 2516 663 750 2994 1987 3773 1259 4272 2128 4120 226 2486 4630 1031 1028 101 3756 963 2433 517 3312 4772 4262 3099 3418 895 608 4442 472 484 3226 159 4489 1544 4233 1064 3439 2573 3131 1769 2956 3224 4244 1713 2013 1557 1462 201 923 
967 972 306 421 4458 1168 885 2930 2224 3094 932 10 1802 941 4784 4747 2276 237 3185 1761 4578 99 2120 229 2509 1267 1301 915 1722 2956 4728 3649 1131 1247 505 1156 3521 3834 3445 2861 4747 947 1268 3485 4362 3761 2744 4839 2607 3147 1414 4579 3254 3258 1881 3205 3404 4260 3544 1436 1310 197 3717 2341 488 1067 1760 323 4377 3306 1323 3648 2109 
4141 1304 4802 1425 4525 1488 2795 4820 1802 3452 2883 3250 1665 3386 3968 98 938 1919 4044 1860 2312 3776 4424 2562 2764 3977 1607 1224 4865 3325 1895 1194 3123 2477 1857 1828 2832 4602 211 798 346 2636 2768 3950 894 3270 4420 3655 4727 2836 2430 2758 3119 4663 2842 3045 763 1430 926 3396 3498 1147 3280 2759 789 4764 4700 2193 421 3695 760 4418 1504 
3060 4497 3835 4015 1808 396 3663 4041 4511 2071 3473 1621 1591 4583 3199 4664 3589 411 1146 4684 3840 2383 2892 1579 868 813 4467 2660 912 134 1861 882 1810 2392 1182 3595 3693 1311 4608 995 1563 832 2096 4112 3450 1631 4887 4761 3276 4007 1253 2312 4884 2945 600 1791 1032 22 386 1676 3279 1698 1157 2095 1838 651 879 4331 423 2028 4667 2336 640 
183 25 3013 3264 1933 1924 2477 4846 4498 152 1924 4404 147 1714 729 272 2228 1256 4799 3560 3985 4553 3716 1553 984 2872 2803 2930 46 235 1795 2968 2948 2959 1030 3762 2805 2057 2829 4588 1163 2391 1080 3199 3315 4426 3276 739 671 374 535 1550 4101 1695 2151 333 1283 1631 2750 1920 4126 1468 2875 2820 2476 3523 2244 84 4756 1164 3214 1759 3950 
1111 353 2899 1052 749 4083 1005 1107 360 4166 2090 2365 3253 644 375 406 1545 2178 2945 26 55 3656 1920 2434 4323 4419 2905 2032 2790 3027 1035 4584 3855 839 2451 1090 3700 2389 1276 3020 2520 1671 4504 3273 2257 4798 4856 4196 4144 1288 3897 775 1919 2426 563 3533 3015 2335 3989 3795 4593 4695 1494 2787 796 2905 725 2777 2210 3371 24 1659 2338 
2673 3064 2979 363 4630 2631 3321 1435 1827 3132 164 2334 4540 4665 1271 3109 2151 1764 2623 723 1240 1520 4337 2799 1250 346 176 560 1109 1651 1090 883 1512 3378 2511 1044 1943 3144 1336 4781 2770 3911 962 1475 1102 4635 4504 1495 2691 3623 3030 132 4273 30 740 2293 801 2955 1100 236 1980 874 3982 2749 3247 808 2609 4009 4630 3976 4776 1486 2125 
473 263 1589 2769 4477 1344 1689 2450 53 2218 1993 4601 3834 4038 3988 4428 788 3265 2620 282 2638 2621 519 1871 4203 4682 836 2599 3707 4670 818 4860 4530 551 491 1288 3109 4680 3810 2933 3685 1452 1759 2669 1908 4431 2899 1884 3788 1071 3094 4075 4049 536 4551 3866 2069 3198 1246 3721 1315 3379 2853 2654 4388 2395 990 851 1415 923 683 3416 1371 
3958 3340 1022 4605 2634 2803 4073 4236 3411 1076 3450 2036 1061 489 3971 3455 3798 1790 2413 1684 3464 2843 3884 3690 3266 1930 1674 718 2877 4558 1828 585 4247 3106 2894 783 4251 1625 143 1405 3694 1482 3728 2238 2020 1104 1382 1668 3427 4764 3330 2757 2674 1710 1122 2590 2479 267 4409 2475 936 1566 1762 3551 3165 4515 2221 4357 680 2539 3997 2951 109 
2705 1076 4616 1434 1356 2475 2911 1101 4050 2198 3495 4863 3065 3565 4646 2465 4162 1075 4306 3708 492 1112 2195 4569 4565 4280 4083 238 1803 4042 3015 2400 532 3451 84 4456 3279 252 2251 90 1584 2160 3273 2726 1651 2094 439 1459 3208 1512 2141 1454 4373 1532 3719 3422 1077 3451 2759 1717 2314 2349 758 675 3072 3774 2677 2126 2895 4015 4903 1533 544 
1957 2495 967 2412 4145 1423 2121 3571 2266 3388 4265 2926 4422 3505 4523 1191 1408 3758 3458 3888 1150 516 4032 2817 3318 4532 360 2852 1664 4646 4173 4667 22 4439 1490 1590 1222 1491 1779 666 797 2139 3060 496 3237 3341 3249 1700 2028 3679 3853 4569 348 3388 2020 3829 2036 700 1155 1789 1619 2665 420 4090 4713 3624 4511 3339 1317 3473 3497 2054 1108 
4592 398 1135 1524 1473 1839 4902 2635 932 3076 3158 1166 41 817 1147 4797 485 4626 4517 2467 3111 3036 1616 1659 4800 1098 3271 3771 2755 3868 2561 1005 1794 3336 4694 2780 3481 2382 1376 1158 638 1133 2971 1207 3943 1833 623 4362 800 2459 4038 3038 94 4449 1001 738 3967 1239 2626 4750 1526 1630 4729 176 2422 2789 4159 1540 80 1052 2988 4524 1161 
36 31 5
45 17 7
84 71 17
70 57 2
18 20 8
1 63 34
70 68 22
23 67 26
55 55 2
1 46 30
70 22 37
81 61 22
86 6 16
51 38 25
5 31 30
47 12 22
5 55 23
36 21 24
49 57 33
74 36 6
4 70 5
84 55 27
19 56 13
43 63 25
42 6 6
35 16 21
79 38 11
79 50 11
61 54 17
17 45 28
60 52 17
61 38 33
72 47 28
37 68 36
29 70 15
34 41 1
38 60 6
22 19 1
5 42 35
24 31 35
80 55 40
38 28 3
82 32 31
37 54 39
49 70 21
51 43 31
81 51 13
16 11 25
4 14 4
9 59 36
85 46 40
19 41 1
17 69 15
15 69 12
30 36 38
17 12 20
11 16 19
24 71 11
85 50 5
27 48 27
79 13 39
30 58 29
15 16 2
32 13 27
9 59 25
22 21 21
14 11 35
59 58 31
36 24 30
65 63 26
64 57 7
48 11 8
52 52 36
8 51 27
49 68 24
58 65 15
82 35 6
83 20 11
11 2 35
59 9 8
41 50 25
65 12 13
82 38 25
85 37 14
27 36 12
62 33 23
4 64 9
52 17 8
32 67 16
13 5 23
32 4 27
40 17 22
84 15 10
62 9 4
71 14 16
64 39 30
48 40 32
14 35 30
8 62 34
21 64 17
21 17 11
50 10 28
72 26 19
85 37 15
71 40 15
22 19 29
23 50 30
46 40 10
63 2 7
24 34 19
12 22 27
36 34 6
76 45 33
29 55 16
26 56 12
2 22 30
49 44 22
15 44 2
41 50 39
74 15 16
68 65 32
80 21 33
18 21 2
74 59 13
6 22 32
50 52 26
58 71 3
33 26 34
27 17 24
63 20 9
8 53 2
46 7 23
64 2 39
22 56 17
15 8 25
19 57 28
14 59 31
19 56 23
45 4 25
17 27 15
76 17 32
40 18 28
27 34 19
55 46 16
51 21 17
74 67 33
69 40 23
18 61 14
22 45 37
42 24 16
37 2 22
80 52 25
66 22 26
11 18 24
82 19 30
80 16 28
37 70 18
45 36 32
2 23 5
33 63 11
74 36 21
25 11 13
13 56 33
11 14 16
72 55 36
51 68 9
44 47 1
80 9 22
74 33 19
54 69 31
6 7 2
37 59 37
63 47 4
67 33 15
28 14 36
78 45 29
44 42 33
73 18 25
81 8 38
61 63 37
34 57 11
76 23 20
33 16 16
6 16 34
68 33 9
37 19 26
57 18 13
39 65 34
44 36 32
44 49 20
9 2 13
74 46 15
1 3 36
38 65 11
24 60 12
21 44 37
29 64 2
73 36 31
56 22 21
27 57 6
27 38 4
12 37 4
24 15 39
14 48 28
16 41 19
81 38 7
85 61 31
47 69 18
11 70 4
1 11 15
85 23 40
60 7 15
47 18 33
17 30 29
75 62 11
34 20 13
7 67 28
36 35 8
63 41 5
17 66 34
31 66 5
11 67 31
4 25 29
51 28 30
5 43 3
1 26 21
50 21 27
35 50 20
69 20 29
86 35 20
85 23 21
74 63 28
67 24 12
26 31 6
83 50 16
23 63 31
29 10 31
51 43 20
20 63 35
48 53 25
78 44 8
20 59 25
26 35 37
5 39 9
72 14 25
23 26 19
5 18 11
64 26 39
38 48 38
55 33 23
57 38 13
74 50 20
21 25 15
19 37 4
81 20 21
3 32 12
17 23 28
1 27 20
69 67 35
39 10 24
69 40 8
40 70 9
14 24 11
31 67 23
34 56 25
61 48 37
30 59 20
46 50 14
10 54 17
81 66 10
37 17 34
54 4 17
60 51 17
66 29 31
77 34 14
54 23 24
32 24 15
64 43 37
49 57 23
76 50 23
32 32 18
73 50 40
18 32 10
16 26 5
46 30 21
52 55 19
28 14 7
38 5 34
17 15 15
2 10 12
80 13 15
65 62 32
28 51 21
76 11 40
5 4 30
9 13 39
31 1 26
34 63 34
29 5 5
1 69 29
31 51 32
59 29 29
79 11 18
39 42 28
56 22 3
59 19 38
19 62 6
36 31 16
63 42 10
4 40 5
50 70 1
70 37 26
37 48 27
45 56 26
68 4 36
36 10 37
75 2 3
15 63 15
64 53 23
30 23 30
26 71 17
69 48 37
13 35 13
56 3 6
44 59 27
22 35 17
85 19 9
39 51 26
39 12 14
40 38 37
86 42 16
48 54 33
7 5 40
21 33 36
63 17 37
27 34 36
14 4 21
51 51 14
23 46 32
26 69 25
70 3 14
53 69 9
16 31 10
35 32 8
69 19 25
53 28 37
4 7 30
80 7 14
42 30 37
16 57 3
64 70 31
20 68 1
36 6 1
3 38 25
5 2 34
19 18 21
49 18 35
27 30 34
19 70 27
47 7 39
66 38 34
1 13 7
25 67 24
47 11 22
81 54 28
8 14 32
59 46 32
76 31 4
20 32 15
51 61 30
70 64 31
68 34 2
80 5 1
32 43 1
81 13 35
29 15 2
15 69 20
55 63 5
67 16 30
12 9 32
81 23 15
68 40 15
82 60 28
43 54 20
43 65 22
45 65 23
4 41 30
19 13 21
83 56 15
11 2 9
50 66 1
28 13 10
53 64 11
19 10 12
8 8 19
84 26 31
5 70 17
44 45 16
50 48 30
27 12 19
83 17 35
39 56 6
4 65 14
17 46 4
10 61 29
41 11 31
65 22 1
11 37 6
74 54 33
72 67 7
86 5 26
59 9 24
76 40 17
74 48 13
47 47 14
52 69 10
23 31 5
35 61 29
1 54 10
28 18 20
81 28 3
82 10 35
47 17 33
67 10 12
75 10 33
72 14 28
36 51 19
61 6 15
83 60 35
42 33 18
72 34 33
45 65 33
35 3 30
10 60 38
27 36 22
80 13 2
60 3 40
29 28 9
80 53 4
52 25 13
10 44 26
69 35 27
29 43 25
68 34 9
27 53 17
3 63 18
69 12 39
47 4 21
7 66 20
72 54 34
25 32 8
51 53 29
11 62 36
31 43 29
29 30 4
39 58 6
31 2 13
61 52 23
81 36 22
3 3 22
79 15 27
74 54 28
12 9 37
65 27 18
44 21 2
33 30 39
19 33 14
9 71 14
10 47 26
68 44 33
45 28 33
42 19 4
68 29 7
13 69 12
60 56 36
86 52 30
73 21 32
85 14 37
11 42 30
48 53 20
8 4 5
63 9 3
72 26 16
15 2 38
47 4 39
53 60 29
43 40 21
18 14 7
55 28 30
66 7 18
61 9 1
37 64 16
31 62 11
68 15 20
50 60 17
37 58 11
45 30 18
71 50 9
80 35 8
37 39 12
86 25 11
55 24 15
80 27 18
21 13 2
10 17 16
56 52 13
2 29 36
85 44 22
41 47 5
1 1 13
8 1 22
1 13 28
64 4 17
79 46 16
54 9 4
26 7 11
66 1 12
20 45 17
44 55 33
17 23 17
80 30 7
10 4 31
13 2 31
52 19 31
62 60 8
37 26 13
74 39 10
17 30 11
39 13 24
7 61 18
59 10 29
19 40 36
44 56 3
32 9 30
64 51 11
24 18 2
77 58 11
31 52 17
46 14 21
72 17 8
28 63 16
71 49 15
78 9 1
55 36 15
29 27 23
36 25 23
36 24 1
44 25 39
34 48 30
77 11 40
69 65 14
11 20 2
34 21 38
38 53 38
28 56 24
70 6 14
37 7 17
68 21 38
74 41 35
19 68 38
77 27 40
21 34 8
59 12 30
71 61 5
75 27 31
11 58 35
68 8 18
22 5 40
68 14 36
21 36 30
2 13 27
27 39 32
77 23 28
51 18 5
5 70 40
82 39 11
2 31 4
5 16 12
49 3 15
9 43 37
67 47 38
47 19 11
85 38 40
68 37 9
53 70 2
59 48 18
36 40 39
27 15 38
11 26 40
1 33 20
32 57 1
69 43 12
7 56 34
48 6 6
5 4 18
15 41 6
22 13 33
85 66 5
48 71 37
66 8 34
79 57 1
80 26 9
42 23 4
56 1 13
35 44 36
20 25 10
16 18 37
83 61 28
78 44 5
25 63 22
30 27 8
75 28 3
77 20 35
65 6 10
23 6 15
67 31 6
22 26 31
77 4 14
43 59 34
20 18 5
21 22 5
59 55 3
15 55 7
10 4 37
12 16 11
38 12 20
22 62 35
58 38 4
66 10 3
34 26 32
57 67 31
16 26 24
69 43 38
58 58 6
4 25 13
32 44 16
34 1 31
83 36 24
21 40 31
7 66 25
45 42 27
23 47 9
21 39 1
6 33 9
52 66 13
27 52 30
17 24 5
46 12 12
13 44 24
32 26 36
40 26 39
49 46 2
61 60 9
54 69 13
23 24 21
33 69 12
56 7 33
55 15 30
45 16 29
20 62 37
75 32 12
84 18 37
71 12 26
67 25 36
29 40 17
60 22 40
85 64 3
42 9 6
58 58 10
12 41 6
80 11 4
29 49 8
42 58 10
17 56 38
65 67 27
53 43 38
6 43 36
10 29 9
55 13 25
46 43 3
37 52 16
8 17 21
30 34 6
38 3 20
83 60 17
62 17 22
38 25 13
5 37 19
41 64 7
59 6 31
70 46 9
58 69 19
75 25 14
36 13 9
73 29 23
12 16 23
24 32 40
54 8 21
16 61 29
79 31 24
37 9 1
22 37 2
26 53 16
71 19 25
33 27 28
76 70 14
20 42 14
53 43 2
42 50 39
22 47 1
80 36 31
