45 75 1623 5031
3224 2062 20 3714 2067 2636 2091 1290 1938 47 4435 2714 548 2905 812 3328 1797 2681 2996 1779 205 2970 2895 4054 4292 1676 841 4771 3415 2713 2016 4485 3712 1300 1040 4383 590 1429 2915 2735 2353 440 3085 2056 2069 3925 1563 384 4299 4727 2199 2182 2222 1840 3868 3786 1941 4678 293 3802 816 1486 3711 2470 46 3997 1396 4444 2100 4144 3999 1163 921 2142 4835 
2579 1528 2743 3964 1841 2811 3046 855 1065 616 1319 4572 81 1239 657 3974 522 3498 1140 1803 2388 3764 926 3841 2163 3839 1513 2513 3801 1322 3959 3641 1654 1408 850 809 3503 2189 3522 3739 900 628 4330 1070 210 653 3550 189 2166 3448 1686 3519 3390 3609 3510 332 4081 318 2328 1726 4543 4301 3720 160 696 3441 644 3471 953 4377 4511 1629 678 1148 375 
4336 3886 436 3797 2335 1665 2522 2733 1379 3591 4379 3692 3896 3031 4554 1414 3213 1929 1490 3766 3304 4308 4422 4336 3802 4156 1315 3864 1331 1482 4309 284 1235 4701 4412 1402 4513 4361 1513 557 1847 3038 3288 3623 3339 1474 1925 2748 302 3646 4757 2983 3626 1050 3048 4294 952 4294 3366 2288 3052 3490 1804 3583 21 2593 3384 1016 2074 2031 262 1106 1317 3013 1860 
2483 2461 1760 3252 4580 2135 2856 3276 4741 1817 4232 3078 4003 12 626 368 3020 3477 4198 1633 1392 3571 2836 3872 3349 3585 2047 3871 4826 2524 1649 4341 4120 1710 2517 1104 501 154 4750 226 1574 4143 832 3026 1056 2090 4074 2313 2935 84 2769 2171 139 3426 1557 4171 2707 4824 3855 765 2511 2772 582 2646 1417 656 1163 835 1317 4425 423 1713 276 4395 4542 
1769 768 505 2826 2852 4475 1582 709 1761 2411 4481 1873 1034 452 3192 1183 761 1780 2997 3016 1721 1087 1686 2541 3833 4261 2769 781 2018 4121 1375 2233 489 1614 2704 2678 2825 4300 371 3765 4634 3722 1876 1858 2486 84 3564 169 869 879 3347 3224 2035 685 234 4285 1809 2626 4428 3066 4366 1217 2894 4549 931 1491 4413 4886 709 2773 128 554 3555 306 3229 
3335 2657 3559 848 4419 1318 2907 4893 1769 2895 1154 723 3004 1698 1520 1660 2710 3731 3073 1609 4628 4897 310 4206 4857 3902 4858 517 1205 2891 3041 3089 2290 1939 3918 2987 1289 3211 1865 2760 2350 2090 990 4343 1694 2797 550 1146 1510 248 1102 1073 1744 255 3809 4600 1851 2025 2655 2729 3741 3704 3590 2706 110 3876 3650 1266 3286 2491 4234 87 75 1656 1434 
2952 3680 4515 2228 2734 2337 4069 2743 3819 1674 2078 4090 4575 120 251 3252 1543 876 4771 573 1642 1351 3470 4879 665 2506 4750 2779 3609 354 164 3090 3594 2870 658 2006 3905 157 2232 206 662 3594 1907 583 3123 1464 4856 3903 3108 2739 4831 2463 392 2930 1219 772 2418 4686 2051 571 866 4724 941 3766 353 4650 4336 4033 557 3687 257 4149 432 2895 1539 
2639 4017 3919 200 2735 4760 2025 1148 2305 4239 4136 3672 2476 2513 782 4880 1939 2337 2795 1909 2440 1324 3893 596 3834 3725 4375 1272 175 2126 129 3941 3935 2205 1662 433 877 554 4067 4013 2658 3828 3173 720 3581 1205 3481 1817 4648 1496 4620 1348 4452 2915 3396 3175 1623 3617 498 1056 4555 2593 1376 486 2224 834 846 4418 912 2728 4242 3457 2570 1071 4725 
2902 4601 3959 1631 3743 3100 4697 794 4894 3426 4565 4141 4684 2131 3482 2893 3915 3574 533 235 3517 689 93 2362 887 1660 690 886 897 473 1975 4245 1538 4388 4020 4090 1061 2558 3484 2173 4348 3602 202 1686 1515 966 794 2710 578 1909 1733 250 1735 737 1987 519 4223 3978 4527 4554 2808 3197 889 2874 3595 2564 504 1518 549 302 2020 2422 1822 4213 307 
3374 372 1595 3973 4089 1218 3622 1017 4243 112 911 1629 2557 3258 3093 1542 4388 914 1920 285 3976 4066 3189 3015 2872 4633 2300 1650 588 803 4670 1321 2670 1529 4152 1320 4161 1102 4187 4630 4893 2230 1930 4263 376 4407 1757 2217 4318 2606 3240 2361 1108 3685 39 3190 4546 1690 1910 1379 393 3343 1182 365 3727 2909 367 4684 3681 1362 3335 4844 1021 3640 3152 
4312 2302 2515 122 4099 1688 3792 2663 1864 1507 3356 2318 1365 4821 1670 3912 4487 958 3580 4197 1387 3067 494 4030 1250 4173 1592 4431 4781 413 1158 262 4842 2364 1944 1549 1010 1406 2161 3429 4645 1808 4718 2799 168 4848 4353 751 1855 3449 2072 3171 2942 1901 4654 4268 4555 1416 3470 368 379 4263 3367 3788 3966 4707 4568 34 3283 1915 1879 2254 3337 4183 2127 
1077 4237 1054 3115 3920 630 4250 1769 1155 1886 58 3806 3353 3825 4641 908 4792 2762 2639 3165 36 2059 227 3909 3164 429 1998 4809 803 3252 4306 367 3562 1561 3275 4639 3056 202 4058 302 1616 3200 953 2793 1840 2744 3064 821 1251 3052 581 524 1457 406 3228 86 2398 3415 3900 2952 3681 515 144 4184 184 4851 207 832 4673 3719 3503 3097 1380 1643 3073 
3696 4517 638 2232 1027 1368 2095 1313 1974 237 1073 1104 1296 3367 4880 2977 1522 2957 611 1972 4146 1131 1029 4491 779 3504 1413 4899 3421 4393 3820 2487 2557 3091 4295 2807 3666 1336 2221 494 1725 1506 3102 3254 2013 3508 4274 3071 4034 3104 3862 4412 2932 1309 4849 1018 220 4087 4166 511 2844 2418 2488 1487 2046 4198 1800 165 453 3345 217 1280 3195 3880 4831 
3012 1626 315 4813 3712 3529 3076 1933 3804 3632 4829 1037 4259 1247 4359 4787 1255 3531 1053 1072 3745 833 4731 1302 4828 3243 3930 1139 1222 2583 825 2544 4504 4681 822 1871 3239 4413 4096 55 2087 4194 1717 359 4122 3831 84 4223 2917 1758 2867 220 906 3804 2699 2403 410 2337 3142 3940 4881 3046 2845 135 1739 2771 2903 1989 3153 1429 3981 1281 2123 2873 4647 
3818 1234 3474 309 4692 2603 2255 1572 276 4495 4085 4413 3075 804 4395 245 3023 3373 723 2094 409 3011 1729 2303 3912 3891 3953 2484 1758 4232 25 3607 2363 4243 4784 4833 4042 1707 4371 1912 75 660 601 3487 2892 775 2992 443 823 4139 1365 1918 2504 2637 1065 896 448 1823 2707 2967 1933 3960 1108 180 2341 3854 1972 2513 1132 307 4163 1582 1872 4126 2163 
277 2605 1295 4283 3228 2012 3135 3901 3517 529 2916 4014 1460 1158 2181 1412 592 4280 868 1327 3857 3159 1981 4682 190 2445 2593 2615 3769 2788 693 3366 2933 23 1795 4906 1748 4031 2353 4827 3633 3045 3010 4320 3681 2368 3806 649 1145 2449 3649 883 169 677 2930 1339 3837 515 3904 379 1519 2184 3636 926 287 1833 3438 501 3012 3541 4066 3817 3267 4751 3759 
3634 1386 2501 4721 2558 1878 1045 2164 1866 3356 1629 905 2126 939 2589 3509 3539 2528 462 3553 1438 4555 2335 3827 360 306 4106 1391 762 2914 3514 3907 745 596 3940 4036 2057 2981 2332 4413 1462 2442 61 3037 4782 2892 1712 3898 1203 1259 3985 2721 953 2173 2610 2730 4096 748 598 4388 3832 3928 3907 2468 1634 4504 1419 167 3784 676 3956 1223 1087 1654 4003 
4642 832 433 2931 1503 3120 1287 1831 1684 89 3855 1509 4137 4044 157 4029 3674 4466 1312 2385 2308 1355 4580 1026 92 1068 1138 2800 762 2049 3253 4560 4902 2630 3583 1732 3149 121 4561 2563 1769 759 2773 2566 4829 3579 3251 3900 3871 2582 2230 3078 253 1431 2301 1249 418 224 1338 61 581 2430 1397 129 4170 3045 4435 2894 4522 4184 1899 3629 3916 4132 2565 
2540 3792 2370 975 389 4371 3619 1648 513 2921 3993 2707 4628 3987 1967 516 2649 77 99 1725 2241 2501 50 4842 1377 4167 1527 3906 1187 3849 12 2471 777 3036 2444 2940 3449 930 2096 3295 2760 4589 2224 4276 1250 3397 3666 3073 1319 4388 1845 2970 3432 4306 2957 1257 3630 4008 20 4511 1152 3155 1544 3284 4901 4752 790 2507 3745 3189 703 2654 1902 568 1443 
4732 2453 56 2802 3093 3918 104 4336 4290 232 4640 662 172 1119 1296 4331 4540 2072 2003 2748 4738 3428 4789 2779 1875 3603 4413 1210 575 4530 1817 2209 3173 2268 4851 1672 4387 1265 808 808 4034 2685 1199 4621 503 3891 1383 2091 2202 3725 2875 974 4116 3306 2057 2511 4114 194 1465 1512 3412 4667 1776 4246 3426 3778 852 3502 2564 2853 744 3668 4626 990 2656 
4854 1687 1855 2313 282 4411 2245 833 985 977 79 4254 3587 1503 4239 1292 3683 4792 2010 3226 1800 3926 2604 334 4892 2626 276 3203 4636 3974 1970 3917 666 3208 790 247 4058 125 1169 4405 664 3119 3177 521 1910 4312 1137 4152 3673 2896 1804 2270 4714 3522 1017 129 4189 3486 478 1142 4700 2805 3066 1800 3201 451 780 1011 1680 3514 4112 3796 2444 4358 3630 
3916 4001 2193 1522 2752 1813 4281 1235 2947 1938 3602 3676 1901 1277 3315 1436 3124 1205 3430 1850 2143 15 1377 369 3463 4588 351 3765 4026 1464 2736 1810 2022 2451 310 4842 2216 4758 4412 1553 3662 4650 1652 4786 4242 3498 1212 3355 1681 656 4825 1873 3632 4178 323 1948 3694 489 3429 1520 492 4356 359 2091 1868 1593 2782 3366 2083 4151 3729 1817 4446 2413 734 
987 899 3398 99 1503 1707 3361 3846 129 2460 1699 2030 3662 447 775 1403 3818 4755 245 4444 3843 2589 298 2257 2112 4021 604 437 3664 741 3856 590 567 4728 1791 1038 4753 1070 3987 2559 248 3108 3075 2793 2342 1766 960 1960 126 2955 1586 211 3442 3601 499 111 804 1172 4419 4117 2610 2909 174 4670 4492 4259 2659 3683 1472 1857 3142 2107 2418 947 2970 
2239 2565 3465 1151 2704 929 3642 2917 3386 2415 4201 2236 3373 1551 3022 3222 1564 165 3066 3358 3890 3376 4804 4370 3041 113 3235 591 2689 4320 374 4813 1625 2436 3124 3238 2479 3462 3544 4543 1235 2101 4398 4829 3269 3051 2692 4325 2257 2480 1939 2348 808 161 2180 1917 2174 2445 444 4387 4777 3304 4765 2524 3369 198 615 4407 4110 2753 3553 3144 2621 4439 2066 
4377 4000 925 4258 4818 1739 621 2653 3714 729 4629 1755 196 1616 2510 4610 2030 1749 4675 2755 2663 1997 2062 4745 1685 3667 3899 1435 3200 1086 4189 1121 2282 3733 3970 2293 2077 138 1063 840 56 4037 4644 4428 3992 4720 1493 89 1456 3147 1813 4749 3709 822 1870 1927 2604 558 1268 468 258 2858 1964 1323 288 1333 2636 1837 607 2302 3508 471 3335 4646 2305 
3624 4304 4625 4227 1028 4642 367 1619 2247 1056 442 1175 4478 2792 3949 3016 4608 4605 2186 3799 4005 1665 4306 2438 391 501 4463 4437 1515 1025 4382 2339 3121 186 1853 2221 1358 2044 2167 2178 1902 3044 3171 1150 2143 3989 1202 2942 168 2479 1997 2340 4326 3797 3670 4679 532 1830 1727 1874 3525 1695 4085 1712 1801 2217 3529 2011 4410 2558 2804 1051 2003 4103 3988 
620 3037 3892 1042 2559 2441 1800 1476 3356 4346 1808 3960 3112 4161 454 1689 1386 648 3408 840 59 4123 2897 4226 837 4753 998 393 4799 4480 3234 2310 225 2319 1915 4454 96 626 726 4475 4484 2834 3211 545 1413 3068 4665 67 3704 2356 2553 1131 1555 2420 2164 2334 2745 660 717 1795 520 3631 4108 299 2897 1088 1283 1291 316 1999 1536 4646 4587 992 4577 
2278 2493 128 4043 1672 3365 1504 3897 922 3293 4531 4738 2957 1615 2898 3131 4225 2118 586 1689 2384 873 2005 2551 2426 1072 3796 1234 1199 4549 4507 3734 1471 3925 2316 3248 3390 3288 2421 2464 1257 4500 3843 3992 2431 4612 647 3385 2589 4696 4279 4387 1315 3125 1241 3238 4510 674 626 2986 1183 4385 2333 3391 3891 4396 255 3135 2902 1165 1212 938 595 2274 4470 
1346 3468 2963 2135 1936 2947 3874 4262 3533 4638 322 1245 3600 70 1596 2908 4271 3394 1584 591 1282 1183 1594 2880 2687 3719 1586 1594 3795 3060 3240 3552 2386 2132 2759 3007 2665 2893 1633 3528 2879 3595 4510 243 3819 3524 691 2634 966 3107 473 3796 1140 3321 1108 4735 2181 1847 4880 2559 2850 3421 2145 4179 4406 527 3085 12 2408 2570 3578 3574 324 2053 1821 
2560 2418 20 246 4054 2452 2936 3204 2213 395 3677 2061 3489 2675 3077 2091 1950 3243 2701 861 142 4781 1119 4766 1023 1319 2206 2736 480 264 2554 4409 765 801 3309 656 1693 3846 414 1973 4530 3597 4122 3562 3982 1823 2296 572 1280 1638 499 4126 1106 760 2285 750 1973 4652 871 3771 1810 2670 3390 704 3143 4122 2130 4117 3682 3556 1301 1855 3167 2758 2148 
2590 3890 709 3226 1801 1958 4851 3250 1804 211 281 4877 2007 4223 1276 1367 4328 652 3182 1806 4898 3593 3777 932 4859 2426 2466 4717 771 4500 3034 3717 2896 222 2116 191 35 2751 707 4302 1374 1695 4624 421 956 3751 2204 1633 2097 4766 4242 3327 4753 1748 314 3015 186 385 4340 4199 77 1511 613 3035 635 1935 205 304 1776 3369 3617 4423 2838 748 2072 
4637 4720 1167 1956 2089 3111 3267 2940 2905 3734 4723 3082 4694 2755 2793 2754 4684 1679 1574 1043 2745 622 4581 839 2779 2367 4374 3382 4124 4258 3780 2009 3982 997 3156 4844 4387 1860 3135 4592 1602 667 683 1690 494 176 1791 3555 1517 1471 1551 4475 1059 4409 473 3912 3972 3011 3411 3420 2123 3619 927 1638 1420 3569 640 3479 1606 1836 3240 3237 4884 23 2244 
2404 4267 4031 988 4440 4781 3604 3321 1942 4596 4493 4780 1616 3643 4525 2473 1422 4815 1914 3472 2927 4619 1026 2068 2611 3953 2999 3902 2567 2553 3826 2895 2059 2930 2127 2055 264 1160 1669 1135 2250 3264 4244 4442 2429 2648 2298 1678 628 2683 2557 4096 1376 671 4715 4238 85 2008 268 2972 3774 3796 4786 3238 2403 4537 169 2326 4273 313 315 4492 1301 253 4763 
1420 2425 1848 2100 4083 2732 1824 2218 2053 514 635 4823 3526 3324 4677 2845 2935 4427 4860 257 4168 1159 4268 956 3449 1955 4091 3790 3443 1645 4059 2760 3258 1919 2252 2792 2117 2014 2805 2485 168 3116 2007 1174 3464 2945 4885 850 4543 3471 2055 2521 1262 3922 646 4411 1634 4133 1462 803 3718 3849 2134 4359 179 3720 1480 4779 4440 285 340 3150 3063 3645 1419 
960 3919 1488 378 1794 1670 2556 1081 1299 4908 2970 3178 3925 3653 3257 3873 4516 4280 3993 4357 930 2205 2827 1248 77 325 3475 3798 1621 1909 1529 3652 2989 1317 4182 1067 4569 1895 3683 3077 976 2844 1408 2027 3531 4842 4451 3430 654 599 2195 4432 42 3998 1840 1386 2811 3671 4732 130 3358 4496 947 2490 2766 4777 1121 3283 4067 4206 3184 1699 270 2336 4232 
2596 2007 2646 3857 907 4650 3861 2559 1315 3746 4828 3095 4877 2532 233 3048 1323 4135 2835 2051 1980 3693 4481 4583 4464 1923 2431 1616 1021 2507 70 823 2551 2694 1574 2523 678 2406 2591 4543 2256 2776 372 2031 4517 2070 3886 3520 4883 2925 783 3213 4637 95 61 4259 4369 3779 4595 196 359 2632 2278 2559 4361 50 4694 1912 1975 86 3908 460 2577 1385 223 
1376 207 2696 1403 4121 4533 1314 3695 4492 856 674 817 2115 2607 3084 4500 3341 4827 4846 1980 3262 4565 1722 1439 626 1169 1624 2502 3603 969 4192 2542 2059 2765 326 1369 3308 2150 4134 4392 2526 3660 4187 2655 4379 2305 403 3533 2852 2808 2257 1557 4557 3863 2845 746 2170 179 2172 4736 4084 1313 4272 4224 251 4667 2534 1012 3951 1311 1728 4667 1355 1373 843 
553 44 288 4367 4292 2510 3459 1869 2251 3269 3732 765 1719 4330 1405 2358 78 4314 1032 1852 2488 325 1008 2706 3266 3784 2082 2434 3709 4863 4611 4337 2254 4311 2993 4436 548 4703 1937 1789 4681 4536 4274 1190 4716 4482 3883 4179 2346 1797 261 4649 2600 4545 1892 4403 750 1783 1913 2597 2448 650 1400 1797 3976 344 4402 3693 2723 3175 4647 3959 794 1852 3273 
1061 4063 1220 671 3213 3996 2553 2445 18 2313 3980 1946 2862 181 874 2673 1906 4235 3921 1730 2963 1657 4756 4405 3864 895 1503 1822 3616 1335 2430 1396 2055 1585 2118 1953 1662 214 1467 1465 1838 2040 41 59 2015 3904 2059 4205 355 2041 4612 15 2387 3419 2020 3886 1357 2531 3398 123 4473 843 4797 3705 805 1776 3308 574 3012 4455 3056 4284 615 1540 2744 
744 3335 2458 4668 4001 1328 1177 3927 2495 1664 4058 2600 1029 4130 2843 4228 2565 831 2673 2108 2800 4850 3281 4585 2497 3028 1484 4274 919 3010 2746 797 2031 808 2652 2941 3011 1215 4050 3113 1950 3480 4858 4317 3561 789 465 3370 4367 107 1143 1386 2386 811 1411 1246 4584 1564 4565 3029 4242 3998 3999 1517 4175 1624 2981 3427 2867 4741 1033 3253 2652 1993 334 
3928 3005 4398 4565 3088 4731 2499 4106 4792 2865 2188 1676 1639 3007 905 1156 3031 2803 4345 425 3361 4899 4005 4554 4418 4344 2335 1768 1382 2430 3831 495 141 4072 4426 3972 3728 242 1462 2846 1913 2852 383 255 1848 2875 429 2739 267 3075 4817 220 3998 755 745 3658 1100 2135 2612 3988 2536 465 1321 437 2744 1367 3216 1234 149 3993 123 1996 2476 1918 251 
4874 801 4598 2300 2777 94 4330 1605 2976 4688 4417 3585 239 1731 456 2386 2768 3616 1413 841 155 3772 1429 4674 3795 3867 2239 4409 1693 1695 4557 2975 3027 1901 1264 3680 4484 1266 4137 2583 3720 1201 4389 205 2714 945 477 2006 1001 2989 1148 3398 1087 3784 1886 4188 1706 2740 471 2708 542 733 877 4860 4904 1178 1750 4871 835 780 182 691 3084 453 4349 
647 4602 3281 3672 2316 1496 1500 3134 1128 3874 179 1246 4271 455 258 2118 654 4716 3894 2418 2261 4261 1180 1153 3975 4789 4844 3121 2434 3998 4067 4908 1661 1583 3838 1706 2845 301 4722 1715 4425 2457 1230 105 2032 1119 2177 3173 3231 3975 2340 793 2633 4206 1572 1449 2590 2345 1883 1650 3717 4709 2968 1305 1274 4887 4451 1833 1214 857 1920 941 1691 3888 2139 
3584 2360 1350 4363 2744 3007 2817 3130 1053 2499 105 770 3971 2919 4817 453 2304 1198 2824 2585 1912 4789 1997 1694 4526 3576 4870 150 310 3615 370 1529 487 2952 2476 1472 133 3898 3845 687 2384 957 2927 3698 3124 1211 4342 4691 1879 4871 578 298 3883 2601 1885 613 1935 1977 4411 777 1339 475 1326 4447 2491 148 3138 1749 2932 2044 2168 3392 4520 4596 102 
1371 911 2028 4099 792 282 2864 1528 3300 4309 3147 3074 277 2064 1940 4639 1716 658 3962 2985 2106 1251 901 3941 3853 2055 2221 617 2596 684 4250 909 701 3094 4331 771 3498 4804 980 3572 3579 2812 3377 2118 155 275 2277 3657 907 3930 2037 3301 1838 241 1673 3535 4308 1886 1173 1696 1663 1159 1972 4688 1625 1874 3497 2518 929 1315 4641 2991 3137 456 4545 
30 42 9
6 45 9
16 48 28
39 56 24
8 19 22
14 12 18
37 1 38
43 58 36
36 53 2
19 69 10
42 71 2
28 24 2
40 9 8
32 6 17
18 71 27
40 55 22
43 14 19
9 34 11
7 18 19
10 3 22
34 36 15
22 39 29
14 48 33
12 38 36
11 34 17
2 34 18
24 33 33
31 1 31
39 28 34
26 47 37
21 42 34
12 39 10
6 71 32
1 73 14
12 12 25
38 9 15
30 44 16
33 32 30
25 28 6
41 62 8
2 3 11
21 20 26
29 16 34
2 29 40
41 22 8
17 67 2
21 53 32
2 69 15
5 65 22
8 24 24
22 25 35
36 13 22
35 11 34
8 69 25
26 45 12
27 12 24
35 44 5
2 26 17
36 25 18
43 69 39
40 55 16
15 64 31
31 1 2
22 33 14
16 45 22
30 28 29
34 31 21
12 40 1
39 36 20
14 34 36
38 21 39
34 44 27
37 7 31
17 2 21
22 29 23
20 21 28
13 54 9
41 5 1
28 50 7
36 22 2
42 16 19
3 39 12
7 22 12
24 68 24
2 13 26
29 27 24
10 65 33
16 22 31
17 22 19
21 39 19
3 24 6
29 57 12
25 50 32
20 20 12
30 40 31
3 71 27
12 26 32
33 3 8
38 16 2
36 13 14
34 72 24
43 34 18
12 4 34
1 61 21
31 18 8
3 37 1
21 50 39
39 23 22
33 6 16
42 62 13
13 13 39
31 49 17
31 62 12
33 20 6
22 7 27
21 72 34
37 4 20
41 71 28
12 16 23
37 49 29
2 49 11
26 44 13
4 66 16
12 60 28
16 68 15
24 6 2
13 62 19
19 34 28
29 65 31
24 65 15
6 29 22
13 8 30
10 39 10
31 25 15
29 53 40
40 70 24
31 64 10
35 8 5
1 52 21
8 6 22
14 41 1
10 33 30
22 50 1
10 41 6
24 32 25
14 36 7
38 16 11
5 43 3
4 29 10
2 45 38
32 69 18
4 3 19
39 44 39
26 52 24
26 52 13
8 15 35
35 18 37
36 60 21
22 51 28
34 9 38
12 29 24
13 36 34
9 4 4
22 30 28
39 54 3
43 40 21
12 1 4
30 41 28
21 20 33
31 10 8
21 13 6
10 26 39
30 7 36
33 40 27
36 73 17
20 24 11
17 64 10
28 31 20
30 42 13
40 15 31
23 20 35
17 26 18
8 36 19
24 17 14
31 22 14
28 2 7
42 56 5
23 22 28
35 71 24
30 42 27
1 60 13
4 64 37
3 22 28
13 19 36
28 14 27
28 31 13
19 23 30
39 13 14
43 39 20
37 4 32
1 57 40
15 55 40
31 52 6
31 6 22
12 36 31
3 21 1
18 58 17
32 54 37
26 48 4
16 35 25
42 47 26
17 34 23
33 62 38
24 13 29
28 15 26
13 31 7
19 7 8
5 24 25
32 60 24
20 38 3
7 3 1
29 41 20
31 2 1
14 35 23
29 29 14
24 65 5
3 26 22
31 25 24
33 23 36
13 26 34
34 12 22
3 42 33
10 12 23
20 23 24
42 68 23
34 62 28
21 4 13
33 30 23
8 27 22
33 49 9
10 50 21
3 23 33
41 62 33
1 21 33
1 17 8
37 71 12
29 33 31
9 60 20
11 30 18
1 65 37
40 14 3
22 16 25
21 8 36
24 66 40
31 42 3
14 69 31
5 12 23
26 6 23
15 58 39
15 68 22
38 48 14
16 59 30
17 58 3
35 20 24
16 24 25
13 62 36
1 60 24
14 27 5
7 29 4
8 51 22
21 43 4
25 11 23
14 10 31
32 14 31
3 21 22
34 23 22
30 40 18
28 61 19
29 64 29
21 26 5
29 1 15
36 52 20
39 50 22
15 72 3
9 71 21
37 55 8
22 56 14
17 10 11
38 22 11
24 36 1
11 48 5
33 43 27
25 60 28
9 60 40
13 17 15
32 50 33
35 5 21
36 64 4
23 23 12
4 31 26
8 30 38
28 51 7
34 15 27
16 45 3
23 54 27
19 35 18
5 41 2
34 40 17
27 28 29
26 34 20
27 73 37
26 60 34
43 42 6
20 61 16
14 59 38
33 5 23
42 16 33
18 36 25
14 67 28
26 49 29
2 46 20
15 73 20
13 42 11
5 51 29
33 62 39
38 19 16
4 29 6
5 32 26
8 27 1
20 28 28
34 8 27
15 70 9
25 46 18
21 42 37
32 22 4
39 29 10
3 11 26
9 45 17
34 73 40
3 23 13
3 21 26
10 72 30
32 73 40
8 14 22
43 31 29
22 73 30
20 16 35
32 10 17
10 16 23
12 27 37
36 25 13
3 5 2
37 7 1
20 4 6
31 27 9
41 3 30
32 40 31
27 72 26
32 55 37
13 15 11
29 47 27
38 9 21
17 57 34
32 24 10
29 58 35
32 25 26
22 5 28
33 37 2
28 52 36
12 6 5
12 71 19
36 28 32
25 52 40
36 67 20
33 58 32
17 12 18
37 39 28
33 44 26
29 38 14
5 16 4
43 16 31
39 21 32
1 61 24
23 5 2
21 13 16
24 37 8
36 12 40
41 52 15
39 3 15
14 33 19
21 73 26
36 68 34
21 35 21
6 9 2
26 11 23
17 4 7
21 39 6
41 21 3
11 60 21
16 45 3
2 29 38
24 56 25
9 49 16
35 28 2
14 7 30
23 28 24
5 27 21
20 72 26
13 60 32
41 56 38
4 9 3
2 70 9
43 60 16
26 61 40
19 20 8
13 23 6
39 28 32
26 36 10
31 47 29
1 6 5
26 30 15
7 44 4
31 2 20
26 16 23
31 37 2
5 35 4
23 60 1
4 39 13
22 40 12
3 46 27
41 13 2
27 24 38
26 71 12
9 45 22
40 64 37
37 35 40
28 15 2
27 46 22
30 20 11
19 40 35
3 47 10
30 58 24
34 41 24
7 7 9
2 45 13
4 42 38
22 34 8
11 20 27
11 8 21
11 48 38
36 40 33
22 7 15
16 55 14
29 69 40
10 4 36
6 3 10
18 37 10
2 26 26
39 6 26
2 18 33
31 59 34
34 33 25
19 48 5
24 50 6
4 36 18
30 28 7
36 16 15
40 23 27
34 56 25
8 59 39
27 39 30
14 49 23
26 40 27
38 57 5
37 64 7
28 10 36
21 7 21
19 49 4
11 19 30
13 18 40
12 55 22
14 47 26
10 34 21
29 61 9
8 28 37
41 70 29
31 9 39
19 52 30
37 59 3
21 20 38
38 69 22
23 2 4
28 12 31
6 65 40
27 26 4
13 67 37
38 73 3
40 53 37
10 41 10
5 7 34
43 22 22
38 62 1
14 44 5
14 52 5
38 24 4
42 40 14
2 30 16
32 31 14
8 64 18
13 45 4
10 73 28
40 64 10
2 71 17
27 55 18
36 66 16
25 19 34
10 24 38
3 48 11
21 52 4
33 4 4
6 70 6
16 45 36
11 40 39
8 52 12
40 6 20
8 42 18
8 70 8
18 33 19
12 33 22
27 45 40
2 43 19
5 5 35
26 18 37
6 60 12
40 55 15
14 23 16
34 17 7
41 55 15
21 52 19
18 20 10
22 7 34
9 22 30
24 5 32
4 52 6
42 24 12
2 70 26
42 38 16
42 23 35
34 3 6
34 37 16
16 56 26
40 64 20
39 42 26
18 30 23
30 49 36
3 73 8
2 54 11
5 21 32
8 73 6
12 13 22
5 68 28
7 60 14
10 59 3
36 13 35
34 25 7
16 28 38
38 46 25
36 42 23
13 40 34
8 21 31
27 57 22
16 36 9
31 2 25
11 28 17
24 55 33
12 8 1
4 4 13
36 7 4
12 50 1
28 12 8
14 30 28
26 38 16
5 58 8
24 44 31
21 38 17
30 25 8
23 47 9
22 37 6
8 22 29
20 64 7
9 28 7
36 69 39
30 9 26
14 59 29
4 48 35
12 70 3
9 13 13
28 36 36
32 73 38
39 22 3
16 23 2
32 71 6
27 41 10
7 7 20
23 7 1
3 52 31
7 35 5
39 24 12
20 13 11
8 20 5
30 17 28
38 55 39
39 70 17
40 46 2
28 29 33
41 21 5
6 20 19
28 6 8
24 32 35
31 8 22
22 34 26
29 33 9
28 5 40
28 22 31
36 71 9
28 61 10
3 64 22
32 50 16
1 8 28
24 33 20
13 65 11
20 41 39
33 24 30
36 30 35
30 43 26
31 21 38
42 73 6
39 21 23
1 4 18
40 73 36
42 60 12
2 49 21
36 37 20
11 42 38
38 28 35
22 21 29
41 61 25
37 56 32
29 39 23
42 52 23
8 69 13
43 47 10
28 19 2
39 63 24
7 10 16
1 41 14
10 49 10
32 15 40
23 18 1
5 60 15
9 24 31
10 7 16
42 63 26
38 41 16
10 35 9
27 10 38
43 4 16
1 49 5
17 7 23
1 14 34
27 26 39
29 48 10
14 60 6
6 32 36
20 49 2
28 52 30
32 16 37
9 26 1
1 7 26
31 9 22
7 15 9
13 40 18
34 46 16
1 47 18
16 7 22
43 21 31
25 1 28
25 73 36
6 64 18
4 70 38
7 30 39
23 51 13
3 16 12
32 23 19
15 41 24
33 51 16
40 11 28
9 2 15
26 67 37
4 55 36
39 11 14
19 69 11
26 17 19
43 50 12
11 34 17
16 67 6
20 13 28
22 13 34
13 65 22
40 15 13
43 70 36
2 27 29
2 31 29
21 15 1
18 28 6
17 35 29
20 4 38
36 16 4
37 69 32
41 28 8
7 6 10
36 45 6
11 7 23
17 25 23
1 2 28
29 59 12
2 41 39
43 61 38
8 9 1
36 70 21
30 33 11
5 47 37
40 14 7
33 4 34
23 39 38
24 30 35
2 49 10
12 8 11
33 43 1
15 28 19
3 64 33
38 5 29
33 40 29
6 29 9
20 3 29
35 59 25
25 39 10
22 54 16
6 30 38
33 45 36
18 58 11
34 52 21
19 30 5
6 25 3
21 34 25
13 55 11
25 46 27
39 3 26
37 30 32
42 67 10
15 33 29
20 50 2
7 69 31
41 2 30
41 54 32
14 58 29
33 44 16
22 40 11
12 18 4
40 28 19
33 44 16
24 68 33
39 19 3
43 53 15
25 66 17
40 11 7
33 14 32
36 36 3
19 21 13
28 58 1
13 36 12
22 27 9
25 72 28
40 20 36
41 40 3
20 15 18
36 60 33
27 14 4
29 52 6
38 35 15
2 68 20
12 59 8
40 62 15
19 71 24
12 48 14
35 31 37
33 12 32
29 24 17
29 59 28
13 54 3
33 38 34
38 33 16
35 24 40
14 53 24
39 31 22
29 18 33
6 1 38
12 10 8
13 18 12
40 21 11
7 20 32
9 49 9
15 48 5
3 68 15
22 59 18
43 60 20
8 64 10
15 60 1
34 33 15
1 70 19
5 7 14
32 12 17
41 58 17
16 20 8
7 8 40
24 3 12
35 2 26
10 46 17
28 29 19
7 67 5
39 33 3
37 37 13
36 8 9
27 38 29
4 60 37
2 13 33
24 1 3
33 17 31
30 70 8
12 2 31
23 66 28
36 1 7
27 27 33
17 8 30
7 48 17
4 22 3
7 65 17
43 12 21
42 2 40
15 11 32
31 62 27
18 17 37
18 26 8
2 24 8
40 24 20
26 30 10
25 67 1
10 14 5
6 11 37
12 34 16
2 62 2
37 39 17
11 65 21
35 27 30
36 2 11
4 60 36
29 61 28
29 56 27
7 16 1
33 9 40
27 25 5
42 49 37
13 42 33
26 47 27
7 61 24
43 71 35
8 6 40
17 10 29
24 66 14
18 64 39
25 37 6
7 45 18
31 7 19
2 21 29
36 48 36
25 36 6
13 44 8
31 8 5
39 63 7
5 50 25
38 39 27
42 53 1
17 41 3
31 48 3
17 68 21
12 15 19
37 2 15
16 22 10
37 66 35
26 64 37
20 19 29
11 59 21
4 72 20
12 20 5
15 7 25
27 57 9
35 44 32
19 60 32
2 22 16
30 17 34
14 48 3
17 22 39
7 49 13
6 30 40
17 34 7
41 61 27
24 67 38
19 47 22
36 50 32
5 72 40
18 52 33
31 65 37
25 72 36
1 30 31
5 49 9
43 24 13
7 30 8
25 64 31
31 10 7
40 40 8
28 43 1
29 57 12
23 4 32
29 36 8
4 63 28
6 59 16
9 38 2
4 31 8
28 70 12
8 55 23
8 26 14
30 14 36
26 21 10
10 59 9
12 69 33
38 7 29
7 31 12
22 56 15
12 6 4
17 56 25
11 18 29
37 23 6
6 64 20
23 52 39
34 66 16
31 18 32
5 73 5
39 33 3
38 8 20
16 13 8
11 38 4
34 3 36
29 73 35
14 67 11
38 20 2
11 62 8
25 22 28
42 55 32
7 24 9
23 4 40
19 21 9
8 38 5
34 26 9
12 26 9
38 53 10
3 26 30
36 20 22
12 30 14
27 52 15
20 73 18
2 61 35
19 39 36
9 27 16
28 37 1
30 16 32
8 17 1
8 51 17
10 26 27
10 6 27
19 23 30
5 63 29
4 64 38
29 41 31
10 44 1
12 44 31
12 36 3
43 39 15
11 25 9
3 29 22
14 2 1
28 57 34
34 58 37
23 15 6
39 62 25
2 1 38
8 69 18
19 38 10
43 12 32
6 57 6
26 30 17
16 54 39
39 50 13
5 26 7
32 26 26
7 44 4
4 39 23
8 6 7
40 42 14
10 41 21
42 18 10
5 16 13
30 32 1
21 67 13
20 12 17
20 11 2
18 5 28
30 17 12
7 15 39
35 64 3
19 64 18
11 53 34
33 11 12
30 42 33
2 5 27
38 68 26
8 6 38
26 28 2
27 39 34
36 59 30
5 57 5
14 57 26
1 56 1
34 25 39
33 44 37
15 37 3
24 44 36
1 20 9
14 62 24
13 36 21
22 7 10
37 28 25
16 4 35
14 1 38
3 47 40
40 42 36
18 18 1
13 22 1
28 24 38
32 28 12
26 24 27
32 40 14
33 47 6
43 19 25
6 55 24
34 54 11
12 19 38
27 61 37
29 2 21
11 73 37
18 53 10
30 40 2
8 23 15
40 68 1
10 25 30
13 42 6
18 60 38
30 10 2
32 5 15
22 2 29
29 28 32
38 55 18
1 54 9
20 70 22
30 73 35
27 71 27
6 20 26
2 6 21
7 19 15
14 70 14
22 32 5
28 53 38
20 70 7
31 68 1
15 18 15
27 39 18
38 14 40
43 55 25
35 58 10
23 23 37
19 2 19
41 5 18
13 3 36
34 73 12
10 67 36
32 52 12
17 2 27
37 66 40
25 46 7
43 53 13
12 53 35
5 49 34
38 69 24
20 9 10
11 52 22
9 39 16
21 10 7
29 30 3
15 62 14
32 50 9
26 27 23
24 5 36
24 12 30
43 65 12
15 45 28
31 58 25
29 2 34
14 10 29
33 40 13
5 70 1
11 29 40
42 61 19
33 22 32
39 6 33
13 11 33
8 39 24
27 46 28
43 11 26
17 64 2
27 47 29
21 49 3
42 16 20
3 56 34
8 19 2
12 50 17
13 66 35
7 28 39
20 32 26
32 21 12
29 52 28
13 57 38
11 8 27
35 12 30
30 67 24
3 47 25
10 38 33
19 69 38
12 60 23
8 57 8
40 28 10
34 60 4
14 12 40
25 43 39
3 27 36
6 45 2
8 45 22
30 20 15
43 45 13
10 21 23
29 52 1
7 26 30
38 42 25
9 29 31
21 12 19
7 54 8
10 22 9
13 2 18
20 49 8
25 30 25
29 9 2
37 25 21
28 46 26
8 36 27
9 7 17
5 23 1
7 53 21
5 27 40
43 38 18
15 60 26
20 17 30
33 38 16
37 13 6
16 24 28
2 43 16
23 39 33
1 63 23
31 4 3
13 25 37
39 61 36
42 72 35
42 59 26
5 39 29
20 2 12
9 63 23
13 50 40
5 3 20
39 11 18
28 33 7
17 49 3
17 59 23
13 11 15
9 23 9
16 45 10
29 5 28
13 50 30
1 23 39
41 29 21
10 32 10
37 27 8
9 44 29
26 44 11
2 67 5
41 45 19
14 23 34
32 34 28
36 69 23
10 70 38
32 14 6
36 11 3
11 24 14
38 33 31
29 19 20
21 54 6
39 66 20
33 21 1
43 15 33
33 56 27
37 63 24
31 9 36
17 16 14
2 65 9
18 17 26
11 25 10
33 37 2
15 52 33
20 68 10
3 66 34
30 34 15
17 7 28
25 60 19
6 53 16
39 4 9
41 53 1
34 38 37
1 17 21
38 61 20
28 42 24
34 65 29
43 38 26
35 15 23
36 20 39
31 45 17
25 5 30
30 44 22
8 71 7
2 67 27
21 39 19
4 18 7
6 30 15
9 6 10
37 34 15
10 7 28
43 13 18
35 33 15
43 66 5
35 53 28
29 28 16
10 24 39
7 26 4
24 51 40
31 37 39
3 60 33
11 16 27
32 59 7
12 29 3
10 2 34
18 61 31
3 54 19
10 17 26
7 42 25
27 19 18
23 3 28
5 11 36
22 72 34
31 28 15
9 55 28
17 56 8
7 33 28
17 31 4
33 19 5
37 23 11
18 48 7
21 59 39
1 61 40
35 1 20
39 58 12
23 14 33
13 30 29
39 61 3
34 71 17
38 67 8
24 12 24
12 62 23
26 3 39
5 22 14
16 49 20
22 52 4
21 34 19
27 10 7
19 67 12
9 43 4
43 48 18
26 30 28
12 56 2
25 59 5
10 1 29
37 40 33
33 21 32
41 71 9
14 27 34
10 38 6
38 71 20
41 58 10
1 31 22
1 14 5
13 2 12
32 68 9
24 70 5
12 25 9
34 53 11
4 12 17
36 63 40
36 36 32
27 70 21
21 20 26
22 52 1
16 25 15
20 62 37
43 66 3
18 65 6
41 13 1
33 26 28
16 11 22
14 24 4
33 31 20
13 16 30
1 43 38
14 26 11
29 8 34
15 7 22
36 45 32
34 72 8
34 10 34
15 59 11
39 48 11
26 50 14
35 57 40
8 65 23
32 63 16
33 56 17
12 66 33
25 67 39
2 4 6
26 17 6
39 40 3
15 15 9
18 5 20
1 47 2
8 5 15
28 60 17
38 66 4
3 44 34
40 53 37
23 40 34
6 49 24
18 55 18
10 16 27
17 4 29
5 42 6
10 24 21
19 10 4
25 9 36
10 41 30
3 52 32
1 24 34
36 18 23
35 28 40
33 9 39
38 60 38
19 27 26
30 51 6
31 11 32
30 59 19
14 10 23
35 62 40
25 48 29
12 65 30
36 34 4
7 72 14
38 45 1
38 20 18
37 18 33
2 8 34
10 47 26
27 61 1
28 14 5
23 27 31
14 52 2
22 51 11
8 9 13
18 9 20
37 48 16
38 51 25
18 31 8
29 43 21
20 6 11
18 24 34
31 35 40
31 41 27
21 61 7
2 66 19
37 28 22
3 7 17
35 33 3
31 30 12
29 27 4
13 50 39
34 38 33
38 55 6
42 23 20
36 64 40
21 69 35
5 55 25
39 24 38
39 33 38
18 39 39
19 56 17
16 8 32
15 26 27
31 36 6
36 42 5
18 7 38
32 55 22
14 41 4
7 39 24
32 25 1
28 45 26
24 67 17
34 7 23
10 25 9
14 37 12
28 56 3
13 36 9
34 35 36
26 40 34
9 67 34
13 72 39
16 46 14
13 72 28
39 50 26
8 7 24
33 18 36
30 43 2
3 22 30
3 41 14
15 22 19
39 47 31
2 19 23
4 7 37
27 34 7
26 25 15
39 73 27
34 24 26
28 15 5
28 19 32
35 2 26
5 69 17
25 4 40
10 17 16
2 54 11
9 9 36
40 32 30
37 16 34
31 17 30
15 44 16
3 42 21
20 54 26
19 34 12
27 23 10
23 33 14
30 16 11
42 31 28
38 9 2
43 57 23
17 9 9
7 58 33
8 33 12
19 18 28
36 54 18
28 35 16
33 2 37
20 15 38
7 44 4
7 13 32
10 37 1
5 33 26
16 2 32
40 25 25
39 1 35
11 21 39
2 30 32
42 43 10
4 43 12
18 40 37
9 38 3
36 62 25
22 59 7
5 73 22
20 4 38
19 54 11
23 44 24
1 43 13
34 62 40
10 38 9
8 12 1
10 65 12
28 70 37
16 23 39
34 41 15
25 6 37
30 67 1
34 4 36
27 7 26
31 50 30
29 10 3
12 47 23
17 20 21
35 63 5
36 47 39
1 70 14
30 2 28
1 25 14
28 40 33
2 61 27
32 44 20
12 23 13
10 33 13
2 48 22
31 39 27
8 66 25
27 33 17
23 22 19
8 45 10
15 2 30
8 42 29
6 57 37
11 47 29
35 38 13
6 53 4
16 5 36
12 29 5
35 64 26
32 39 4
30 52 21
23 70 27
2 49 39
31 8 31
14 40 31
9 10 6
41 12 32
42 56 8
2 32 7
31 10 15
34 26 33
37 54 36
10 35 22
42 64 15
8 9 13
25 1 23
39 27 31
43 35 1
5 53 8
43 37 38
4 13 40
11 10 16
25 11 31
27 57 8
33 48 36
30 30 16
20 42 29
23 6 12
7 32 23
16 5 5
27 27 19
30 29 18
26 8 22
1 39 18
4 37 37
13 41 10
35 56 3
2 71 19
24 39 15
18 17 1
16 60 40
23 24 5
8 54 10
24 16 25
26 43 18
3 36 9
22 19 29
18 70 37
7 6 20
40 28 25
4 4 18
28 53 25
1 48 12
41 37 29
28 17 31
10 21 33
16 12 34
30 23 39
36 71 36
40 61 4
20 5 30
32 49 36
6 55 31
9 23 5
3 1 37
21 30 18
4 38 3
19 28 31
36 18 23
19 27 27
16 54 15
5 24 36
2 13 5
27 37 3
37 1 29
28 15 25
24 68 29
42 3 2
38 22 3
28 4 7
34 10 15
25 3 30
30 48 5
1 11 7
35 20 38
31 43 4
36 11 13
39 24 20
10 5 19
40 2 2
19 3 13
16 22 24
26 12 33
32 7 36
10 49 11
32 62 26
26 59 27
28 29 10
18 56 29
6 33 34
34 47 12
14 2 2
39 38 25
27 38 30
13 24 16
2 4 40
42 53 4
15 61 38
3 3 5
31 67 14
7 60 30
12 34 27
15 10 15
24 38 15
17 59 29
22 8 14
28 4 9
36 69 23
24 25 5
5 56 36
29 22 10
7 1 35
34 9 23
34 2 13
17 6 39
21 67 33
13 40 37
22 30 19
26 15 15
15 31 1
31 66 32
23 8 10
2 19 10
17 47 19
40 8 37
13 14 34
10 71 14
27 31 33
3 55 22
24 33 16
14 23 15
6 68 36
29 16 25
1 29 20
17 28 3
15 47 12
2 65 2
4 27 33
39 6 15
22 12 25
15 4 25
33 40 35
21 47 10
34 68 36
39 36 25
4 39 13
18 11 20
8 44 8
42 8 7
33 36 34
21 18 34
15 48 10
43 31 35
13 61 19
4 9 20
29 66 15
3 8 6
41 58 30
30 69 38
6 4 33
42 56 19
32 8 12
29 38 8
32 8 5
25 70 31
13 2 29
12 35 35
40 56 17
31 8 37
25 29 4
32 15 24
4 39 24
4 59 16
22 33 3
21 46 19
36 7 11
38 32 15
20 43 17
22 55 16
33 3 4
8 9 14
13 18 29
5 39 10
34 63 25
9 5 26
18 17 16
34 32 24
18 51 30
27 43 14
25 14 31
28 55 12
34 46 34
12 1 27
33 23 19
29 38 23
41 60 14
31 66 28
10 49 9
11 12 27
25 52 12
39 48 40
33 70 36
5 8 39
24 71 20
25 3 5
2 7 1
15 51 8
42 26 33
36 47 15
2 34 40
23 49 8
22 13 10
22 35 14
9 18 40
17 52 10
18 2 12
42 39 17
41 14 7
41 11 9
13 51 22
34 30 16
25 20 16
22 30 33
7 32 29
30 23 29
10 5 18
18 11 6
23 7 19
15 1 19
7 14 15
28 30 34
1 5 2
35 70 6
3 67 25
38 38 33
12 8 37
11 13 30
41 7 8
28 48 30
4 10 8
2 62 35
34 49 24
12 47 7
13 72 12
34 31 22
41 40 2
9 16 25
21 14 13
19 28 37
12 23 17
4 68 8
28 11 14
43 62 23
40 57 7
37 32 18
2 5 8
41 18 26
41 6 37
12 34 4
12 15 1
22 18 12
8 47 11
19 60 9
31 48 14
39 19 32
11 23 7
12 56 9
1 56 13
6 59 30
24 43 19
11 25 15
35 50 8
18 48 6
21 56 9
36 12 20
37 55 16
36 11 2
24 71 22
24 15 38
26 45 15
27 17 19
25 47 23
26 16 22
8 61 5
22 30 29
39 30 31
21 14 9
40 26 33
33 54 31
26 23 18
27 16 35
40 35 9
15 49 19
6 16 2
41 16 25
23 20 32
37 32 29
21 49 38
25 40 28
8 39 20
12 9 31
10 69 35
39 38 16
21 51 19
4 53 36
11 40 22
42 45 3
11 29 38
25 37 39
7 45 12
40 62 24
43 10 25
39 16 11
17 44 24
39 50 36
40 28 16
17 67 14
33 15 11
23 30 10
13 40 11
8 56 37
35 53 20
4 37 25
17 32 16
40 69 9
28 29 22
2 35 13
19 48 21
26 3 37
32 44 6
2 66 19
14 51 12
1 49 23
31 54 16
43 6 34
13 6 13
18 6 6
43 27 23
40 43 7
34 26 26
18 5 12
32 49 24
43 58 2
1 54 4
26 49 40
28 14 32
4 60 10
5 57 24
25 65 6
42 6 28
42 71 23
27 52 35
5 25 32
13 18 23
34 55 26
6 7 29
2 67 7
26 25 8
7 51 4
33 56 38
29 47 38
6 44 12
4 37 21
38 29 25
41 24 3
42 71 14
31 32 38
31 2 40
2 60 6
18 61 18
17 29 29
2 26 33
30 33 28
10 33 31
21 66 14
33 34 36
4 2 24
33 30 4
33 63 32
37 10 26
11 7 34
17 55 37
13 71 24
11 35 11
5 59 25
19 6 29
1 67 40
39 39 5
24 40 34
32 42 3
3 37 10
21 20 36
36 27 10
41 7 1
30 13 12
7 72 25
33 36 27
41 41 26
18 14 8
4 20 36
16 64 33
43 46 22
34 72 19
7 59 1
23 54 28
28 50 32
13 16 38
8 40 7
42 3 19
1 69 14
42 68 6
23 54 34
21 31 1
41 56 25
21 4 27
35 64 24
14 21 40
42 16 11
6 68 24
29 56 14
31 2 17
23 68 14
21 49 2
31 20 39
39 51 36
23 58 5
5 49 15
26 52 11
30 40 1
42 6 23
2 7 20
25 53 14
11 19 3
18 50 35
27 69 31
20 8 26
1 28 7
30 3 17
42 16 23
5 51 33
25 14 26
18 13 2
26 27 26
33 21 38
8 70 20
19 68 26
13 63 36
24 44 25
42 35 6
40 9 31
28 29 15
33 59 21
40 21 35
14 46 34
5 71 13
30 21 1
37 41 26
26 20 30
32 46 24
15 46 40
34 46 29
5 49 29
8 15 23
16 15 18
34 25 29
7 40 23
21 65 11
9 33 6
16 10 40
23 70 12
13 20 24
40 58 34
28 33 23
15 22 9
40 34 6
24 31 24
6 25 30
25 62 25
25 68 4
16 29 11
30 43 10
40 59 8
23 41 31
16 1 31
29 39 8
36 56 40
2 24 13
36 39 2
10 47 40
39 52 1
18 67 12
35 50 29
38 37 22
35 25 5
41 19 31
42 40 9
29 39 19
16 1 34
31 73 5
27 56 13
25 30 38
31 43 25
8 29 20
7 55 33
15 7 32
1 59 21
17 20 36
26 39 32
16 25 27
17 55 26
4 48 13
27 52 18
20 49 3
29 7 19
41 36 19
8 48 4
28 15 1
25 69 36
3 8 39
1 26 12
27 68 32
36 7 33
29 6 36
38 13 3
20 67 30
1 30 31
20 30 37
41 61 37
16 8 5
41 1 40
41 62 12
15 64 28
12 54 38
25 15 29
35 20 25
20 41 17
21 73 2
27 13 31
27 56 25
42 54 37
40 51 22
31 53 19
19 48 9
23 51 2
23 5 35
27 4 5
3 40 15
14 57 26
16 11 15
43 16 28
27 60 2
11 1 19
27 37 34
30 29 29
28 10 24
2 27 37
43 66 30
9 17 7
15 8 22
35 3 34
2 28 9
40 53 31
18 37 7
37 3 22
30 44 15
25 47 9
5 28 9
36 55 25
41 1 27
11 61 17
38 21 3
42 13 30
25 18 13
2 65 27
11 19 2
28 25 6
35 10 26
43 60 11
4 6 33
26 18 1
30 73 29
16 13 9
33 62 1
18 50 19
40 48 36
32 18 17
32 44 20
39 30 40
19 47 35
40 10 19
27 21 11
5 56 2
10 5 30
2 73 40
31 61 16
15 43 32
3 33 37
12 13 7
14 42 26
6 69 27
23 50 7
27 21 28
17 6 22
9 38 30
5 17 5
30 10 16
30 27 22
32 64 22
16 23 14
2 44 36
35 28 1
38 8 39
35 60 15
18 34 35
17 49 33
22 49 5
25 12 35
41 50 3
2 53 37
42 33 40
40 26 26
22 56 18
33 58 26
1 25 22
7 64 4
28 69 16
37 7 1
33 70 13
6 70 14
7 33 22
40 58 37
34 53 27
32 11 1
16 47 21
15 20 37
3 55 35
25 65 35
41 66 40
6 31 18
27 37 26
7 25 27
22 65 9
1 64 37
33 16 18
24 4 36
34 26 28
36 12 38
36 64 10
31 63 13
31 20 11
25 2 32
27 4 30
37 38 40
42 30 4
1 1 37
31 4 31
5 30 20
34 61 26
21 55 30
5 59 22
4 44 30
43 63 5
32 1 18
30 58 12
10 27 31
17 19 2
37 71 29
10 16 8
42 25 17
37 23 9
5 56 36
30 23 12
8 52 38
13 73 20
23 43 38
24 70 23
28 46 1
42 54 35
25 18 39
30 44 40
13 30 6
39 31 38
6 3 25
16 65 28
4 28 39
10 61 10
1 62 13
23 59 4
3 22 15
24 15 31
14 41 26
4 43 9
20 28 39
15 3 13
20 39 40
20 21 25
4 40 13
24 52 14
12 49 25
28 61 10
8 44 29
38 37 19
24 11 14
11 32 6
28 37 9
26 61 37
11 61 21
22 32 9
25 28 25
24 15 6
15 49 2
9 37 21
11 34 18
6 67 28
1 28 15
14 39 28
21 47 22
26 15 18
27 63 23
42 63 34
27 39 8
32 23 29
43 66 40
34 10 18
25 66 12
14 49 21
5 28 5
42 31 19
30 58 27
28 69 8
34 63 40
25 48 7
1 3 13
2 17 14
11 39 24
15 37 6
26 24 26
43 63 37
20 14 9
5 57 23
17 55 4
19 38 38
13 16 33
15 61 26
37 63 38
14 55 12
19 68 35
2 53 37
29 29 32
19 24 12
43 52 18
9 62 13
8 11 23
25 51 10
42 24 10
35 53 2
5 46 13
25 39 24
6 10 17
41 27 31
26 7 22
20 57 12
5 71 40
2 48 18
27 62 5
13 53 18
24 12 7
38 21 14
28 41 9
42 30 20
26 49 32
39 52 5
2 46 35
25 21 10
24 1 25
17 69 2
14 20 11
24 15 20
32 29 12
15 48 5
1 32 8
6 10 30
37 57 30
28 13 10
18 2 13
1 4 35
33 32 23
27 19 40
35 30 11
27 54 24
15 63 19
3 25 11
36 35 25
14 41 28
30 33 21
15 54 30
7 71 16
1 59 22
13 61 32
34 49 33
5 66 25
31 10 5
40 14 38
17 29 33
30 38 7
39 58 8
4 7 31
18 73 23
25 69 27
2 14 3
9 6 38
34 53 4
39 46 12
12 30 35
11 10 25
38 38 17
32 8 9
42 32 15
22 66 12
43 49 11
31 21 9
12 25 33
22 25 31
2 71 21
15 34 32
29 10 17
39 14 32
3 70 40
27 11 36
38 13 29
3 33 11
26 59 2
5 7 13
2 58 22
37 21 25
7 37 20
21 72 8
15 20 21
24 26 11
9 2 32
21 61 5
18 57 1
43 65 13
42 25 20
12 51 22
6 52 30
9 53 33
36 45 23
19 48 25
40 43 15
28 61 34
43 52 37
15 37 38
21 4 39
37 41 2
9 69 4
29 55 34
1 73 17
29 14 36
4 10 30
2 22 22
40 8 4
28 58 22
11 40 13
14 65 4
25 20 5
6 3 21
16 42 20
21 20 12
15 15 22
34 42 27
11 5 34
4 63 16
17 2 7
8 44 17
19 10 29
12 9 18
16 51 27
38 53 22
8 25 22
32 73 23
37 42 1
40 25 35
37 64 16
15 56 32
14 25 29
4 33 27
6 62 38
2 10 7
7 57 24
7 27 33
1 42 32
33 7 40
40 16 20
31 46 2
3 10 24
26 26 22
17 58 8
24 21 29
21 44 26
36 15 23
18 8 10
5 62 5
12 57 19
12 36 21
18 4 40
16 27 7
23 25 7
17 33 35
41 37 23
40 19 12
1 1 26
9 23 39
12 49 11
29 27 18
18 44 38
10 61 34
9 51 20
18 66 19
31 21 9
22 52 38
21 69 15
43 57 20
35 5 3
8 56 32
36 45 27
34 69 7
4 8 17
6 24 3
24 34 34
36 7 31
6 62 16
12 29 28
3 24 28
10 10 36
25 4 16
26 41 25
34 27 20
10 34 14
32 30 32
28 51 30
16 39 31
4 24 5
30 69 11
17 58 9
28 38 6
9 56 34
28 53 22
24 17 15
22 13 15
2 68 32
11 18 6
16 22 16
33 51 11
18 70 10
28 17 27
25 20 19
35 16 18
20 38 8
25 35 12
29 14 40
13 3 36
29 31 35
13 67 11
32 41 37
39 22 23
10 10 37
5 10 38
19 22 29
41 31 26
21 26 23
9 71 29
5 4 35
6 28 33
40 69 2
3 18 35
37 73 39
40 34 13
31 44 12
19 19 38
7 24 19
9 10 15
33 14 26
2 54 9
4 10 17
43 13 31
40 44 22
43 70 11
10 43 2
5 30 16
36 51 12
34 16 5
1 62 39
4 65 5
6 9 13
34 12 21
16 20 19
4 64 5
37 30 28
18 56 28
10 51 4
1 35 32
5 66 23
16 66 12
27 67 40
18 9 28
2 42 31
34 63 39
9 37 1
22 15 38
5 56 4
29 17 35
34 44 2
1 28 40
38 54 11
42 45 30
3 61 19
27 71 25
2 30 31
4 18 29
37 22 36
23 57 23
14 37 38
43 61 40
41 1 24
10 20 25
14 5 11
39 13 1
29 59 1
40 5 12
2 54 17
2 50 30
6 2 23
26 41 22
29 69 29
6 59 15
38 3 12
42 54 14
13 60 23
4 65 29
25 56 30
10 53 33
14 58 40
26 1 27
37 11 40
25 25 39
16 72 36
28 53 17
42 39 21
41 54 40
17 17 19
20 14 38
6 34 26
41 28 27
19 61 12
36 30 7
6 49 15
20 65 27
5 51 26
19 50 20
42 21 18
31 66 1
26 51 14
5 34 39
42 47 16
35 68 30
7 72 34
40 44 27
28 3 36
21 62 10
21 22 22
26 12 16
11 17 22
37 24 28
35 67 30
12 53 1
23 36 22
41 49 6
10 66 30
19 22 17
8 26 22
33 12 17
42 38 32
39 20 39
33 51 16
6 67 9
6 7 11
30 51 16
21 59 33
7 39 25
20 48 22
33 44 37
8 10 2
3 45 39
17 43 18
7 26 23
7 8 4
27 40 28
33 20 11
15 31 26
9 11 31
38 51 17
5 64 3
23 72 12
27 53 25
25 7 32
11 32 40
20 68 3
5 45 2
20 4 35
7 44 12
3 36 17
25 5 38
12 13 19
31 63 3
21 61 12
18 39 10
36 35 11
13 69 14
31 44 17
28 37 33
13 15 5
25 55 17
12 29 6
26 51 28
43 3 11
20 34 13
12 48 38
9 30 30
16 66 33
5 1 5
35 60 12
11 5 35
3 29 23
22 2 18
4 19 40
16 6 1
38 37 31
27 18 15
32 46 26
22 16 33
29 11 18
21 69 29
12 23 11
18 5 21
15 28 2
16 72 32
42 69 25
9 70 4
6 22 2
13 26 4
25 60 28
37 6 15
9 23 22
30 14 5
7 49 34
8 12 19
38 22 33
28 38 10
15 10 27
7 44 15
21 9 15
32 68 30
29 7 25
33 22 18
39 27 23
7 40 35
4 52 26
32 73 36
31 20 30
14 50 32
26 34 34
6 18 15
26 73 34
9 45 32
34 54 21
25 37 20
37 55 30
16 58 29
24 24 22
15 24 20
43 67 9
3 67 27
42 58 18
40 46 16
2 15 34
36 72 26
14 69 29
3 52 16
4 51 18
13 54 26
32 57 1
29 43 27
29 20 16
30 1 29
14 72 36
15 42 30
18 5 4
12 33 23
39 40 24
17 13 40
36 40 26
33 46 7
14 10 33
40 52 33
16 35 31
24 24 29
26 2 16
5 59 34
16 42 18
15 61 14
23 49 29
40 31 1
3 35 40
15 26 22
1 65 37
21 57 39
1 66 13
40 51 18
20 60 38
5 67 25
14 65 29
15 49 25
6 59 15
38 14 3
5 67 7
22 36 25
34 39 22
30 40 30
10 73 25
28 11 16
27 11 14
8 50 19
15 17 32
3 60 6
21 15 34
30 49 24
34 10 33
20 22 21
14 29 6
39 19 36
4 48 15
25 65 23
25 14 13
8 57 27
37 28 35
43 27 31
5 57 35
30 52 24
18 8 2
13 27 37
26 18 27
40 29 22
38 23 29
22 45 38
25 65 2
38 32 32
3 69 23
17 14 23
21 19 3
15 59 18
9 66 22
31 65 15
18 14 28
16 42 38
29 47 32
3 29 11
9 69 23
29 40 11
22 13 4
27 72 20
43 64 12
30 1 7
43 55 4
33 66 21
3 25 20
33 24 29
40 7 10
37 49 5
37 17 18
34 26 39
11 36 7
4 52 4
36 13 7
4 55 21
12 58 8
40 70 6
37 48 20
13 9 16
27 49 39
25 69 23
7 42 11
32 4 4
24 19 26
39 27 27
9 69 40
2 59 27
25 32 23
23 56 14
19 46 23
15 45 35
11 59 33
21 5 37
2 26 18
9 18 18
13 18 39
7 6 33
30 61 13
17 12 22
25 19 30
26 15 29
20 66 39
15 68 35
38 12 28
13 43 25
2 22 35
23 49 23
13 39 36
35 55 34
1 31 21
7 51 19
33 4 9
7 31 19
6 26 30
19 43 32
38 71 32
10 53 34
28 58 39
33 21 6
22 46 29
29 48 37
19 71 10
23 63 9
13 54 19
35 53 9
20 6 12
32 47 3
4 12 37
36 23 39
15 72 34
37 53 2
27 5 9
1 61 37
12 44 19
18 48 9
2 33 20
36 52 2
16 19 31
12 27 20
40 16 12
23 44 19
17 16 37
42 15 23
28 31 36
36 12 31
40 68 27
25 2 22
29 30 35
4 50 11
5 6 20
22 24 35
13 6 6
39 35 14
31 58 27
30 66 27
12 1 37
7 2 2
12 11 27
37 72 28
10 19 5
10 58 38
12 12 23
39 4 39
20 62 23
19 72 12
17 53 40
5 59 21
5 67 19
36 40 8
17 62 9
14 18 7
40 34 14
37 58 2
19 68 10
3 50 20
8 10 37
9 54 8
37 14 27
33 21 6
5 42 39
19 70 32
12 9 32
32 15 13
42 9 35
33 63 27
42 4 4
21 27 39
6 71 1
39 55 35
14 31 6
14 15 34
26 40 15
41 67 8
16 43 36
39 34 31
18 65 19
20 60 37
39 63 20
19 67 24
22 41 1
14 43 39
1 52 27
42 56 2
14 33 27
25 42 18
13 68 38
7 53 28
34 56 11
7 29 1
4 68 7
40 55 27
37 42 31
43 68 28
29 42 32
41 6 11
35 24 4
11 37 4
19 2 14
26 27 20
22 44 11
16 24 29
8 49 26
14 33 11
21 72 14
36 32 32
39 26 4
10 24 25
16 43 13
38 32 6
1 58 31
12 22 13
21 29 31
5 56 11
12 7 2
4 47 40
16 64 38
4 63 25
12 52 28
16 16 39
21 27 40
26 53 35
38 44 32
30 60 5
16 31 13
41 43 39
26 64 29
11 8 12
33 59 26
11 17 23
22 53 28
35 22 26
5 7 36
6 6 8
15 64 16
3 48 4
7 27 13
13 59 33
14 53 15
15 14 20
21 56 30
39 36 6
31 47 31
29 56 37
6 12 23
38 11 12
24 73 39
40 15 15
32 4 19
27 2 14
32 68 35
4 35 18
7 4 24
12 53 38
8 11 8
36 38 6
15 66 36
29 49 25
14 13 4
13 56 23
4 34 17
14 27 26
21 51 36
14 63 22
25 39 2
35 54 30
33 66 9
13 9 22
43 43 3
34 64 40
16 43 9
34 8 33
15 21 1
29 68 7
17 24 3
18 49 9
23 25 26
21 68 39
3 33 25
1 7 12
35 29 4
15 3 5
6 47 20
21 40 34
4 59 16
3 3 3
8 10 35
1 41 13
15 66 10
40 8 17
20 23 33
18 43 35
6 49 15
25 19 21
26 64 16
15 26 39
19 4 12
35 6 5
24 27 35
22 35 25
20 73 2
29 53 28
23 22 2
26 18 6
13 65 37
39 7 33
43 13 29
33 8 20
15 32 6
31 43 25
21 12 19
20 12 9
14 4 14
43 59 8
19 54 13
4 52 32
35 42 20
16 38 14
22 15 25
37 41 18
37 60 39
6 51 37
26 11 21
4 65 32
20 12 19
5 9 18
21 65 3
37 15 20
19 3 15
26 4 8
38 50 32
42 65 13
25 14 27
12 64 40
26 51 3
1 53 6
41 23 32
36 69 24
11 69 7
25 36 6
17 32 32
2 26 3
40 20 24
7 43 31
15 58 30
26 58 1
27 58 40
26 27 29
3 43 28
31 67 1
14 50 33
5 29 6
17 22 10
42 1 23
12 6 11
25 4 16
12 10 8
14 10 13
24 35 32
32 53 39
41 50 12
2 64 37
12 38 6
13 37 39
29 67 7
6 44 8
22 24 14
12 51 34
6 46 37
23 51 30
12 68 22
21 15 40
37 45 36
32 67 31
6 37 2
33 25 26
16 15 18
23 65 35
28 69 33
42 5 27
9 64 31
35 69 13
40 35 11
12 7 29
43 18 31
9 41 6
3 66 18
35 55 34
41 50 40
33 53 21
40 12 28
3 13 7
39 62 16
3 44 24
4 25 32
9 7 26
11 17 13
27 45 17
26 72 7
32 53 6
35 61 37
10 38 12
10 30 9
24 47 25
14 38 20
14 27 12
35 36 20
19 57 6
27 8 7
31 35 29
16 16 22
37 59 23
28 12 4
28 39 37
21 18 8
12 45 14
41 72 35
33 16 20
42 61 34
28 50 23
38 26 9
1 16 1
17 24 10
29 1 28
26 71 39
24 60 16
7 24 2
15 2 10
4 73 28
32 69 20
37 40 28
16 22 23
23 54 31
7 50 17
19 25 21
41 38 1
14 14 39
6 31 3
22 25 9
5 44 23
37 16 11
13 64 14
4 72 12
4 44 30
31 63 11
42 27 18
41 56 16
18 18 14
32 59 4
4 67 20
9 58 3
6 30 15
31 9 4
5 43 29
38 19 40
41 32 10
6 33 3
20 49 4
34 33 3
32 31 15
35 41 2
4 7 8
23 64 30
11 58 6
43 2 27
18 55 38
27 22 31
4 19 22
4 56 25
6 63 16
14 33 8
41 71 2
7 72 6
8 60 32
43 49 6
28 23 19
29 35 14
37 43 6
19 46 31
35 67 35
8 46 30
32 39 7
41 1 10
13 31 5
25 30 9
36 42 3
36 55 11
43 15 38
36 14 14
13 1 6
43 65 3
3 47 33
19 50 37
13 29 24
8 16 40
23 32 34
34 46 20
7 15 9
21 42 24
35 59 39
24 9 28
6 16 23
14 49 22
1 69 26
1 66 32
14 33 38
2 59 17
28 52 5
2 7 36
35 65 3
27 7 3
31 2 30
41 3 34
9 8 10
25 56 33
1 47 16
30 43 4
23 73 37
8 55 9
35 42 4
2 22 15
29 73 32
42 43 15
22 67 2
14 55 27
20 49 32
25 47 12
24 55 36
25 22 13
9 16 8
20 54 13
2 48 37
23 72 24
6 55 20
33 39 12
9 7 23
38 57 32
33 25 15
3 19 33
34 54 11
4 18 29
34 52 14
23 16 34
16 26 23
12 33 17
41 13 27
3 39 29
6 67 23
14 38 35
10 26 23
13 25 4
1 50 1
7 17 9
11 54 30
35 11 36
29 24 3
16 16 18
1 9 30
10 61 8
10 7 24
15 38 6
24 49 28
30 14 33
21 1 25
10 6 14
36 46 12
41 68 6
21 34 34
28 35 14
13 63 22
6 49 8
38 9 4
30 71 23
31 57 24
22 23 30
43 22 3
35 47 34
35 42 32
27 12 33
43 69 3
35 34 26
27 45 8
15 67 35
23 72 13
35 73 2
39 20 34
18 72 36
34 69 21
19 20 31
35 34 20
40 10 39
29 38 13
3 38 6
23 37 2
19 13 23
30 27 23
42 54 12
29 29 13
2 66 31
14 50 3
28 60 25
10 62 6
4 18 4
32 13 12
16 9 3
6 67 33
24 43 35
3 25 33
41 32 21
25 15 15
25 39 18
41 33 36
43 18 23
34 24 18
35 48 1
32 10 13
23 55 12
4 66 1
35 44 34
11 25 1
1 61 4
13 25 22
30 58 24
2 62 28
17 51 30
37 14 32
20 66 33
16 16 37
9 46 8
33 50 16
17 53 5
13 28 15
30 53 21
14 27 30
19 54 12
13 62 33
22 70 8
6 70 18
30 71 26
33 56 37
10 50 35
35 24 2
28 24 15
18 34 16
32 43 25
36 67 8
17 19 19
33 67 26
15 40 29
20 40 29
22 21 29
16 13 29
4 51 28
11 66 22
34 37 7
32 5 7
38 14 15
6 46 37
39 73 5
38 6 31
31 50 7
18 10 11
33 19 9
9 61 36
24 48 17
6 67 29
19 51 21
37 3 8
2 70 26
22 8 25
37 25 31
34 43 14
1 37 21
38 69 6
8 6 39
41 2 11
35 55 16
39 22 30
1 67 1
1 43 9
39 29 3
37 42 8
14 71 13
7 16 6
17 1 36
18 55 8
10 12 20
33 62 30
9 54 7
28 5 1
14 17 8
3 51 31
4 35 20
28 45 16
11 38 40
6 66 7
26 18 14
24 52 9
18 67 28
37 13 40
4 62 27
12 32 25
32 64 14
15 64 3
20 58 27
17 34 19
40 33 19
28 72 36
4 35 5
15 49 5
3 31 32
6 28 19
31 41 31
18 53 18
12 21 8
36 35 13
33 70 17
28 6 17
14 66 37
15 32 35
35 54 5
9 38 38
37 26 32
12 44 4
21 48 2
6 51 33
2 38 21
38 12 3
27 18 12
22 25 31
17 18 4
25 73 20
5 72 6
11 42 34
8 55 21
15 7 36
32 61 35
31 42 26
38 62 32
39 15 32
34 1 6
17 45 30
5 57 4
36 23 28
27 4 35
37 28 5
34 72 12
4 52 1
36 51 3
9 2 30
23 28 20
33 53 34
29 51 12
19 17 26
39 25 4
26 58 23
26 52 18
11 21 19
30 26 13
34 22 30
42 48 40
1 44 31
38 38 1
12 46 28
8 64 32
42 60 26
26 69 4
3 65 7
19 30 35
35 40 17
21 14 9
10 64 17
4 43 16
30 31 7
25 56 17
21 12 30
29 34 15
14 4 34
12 42 20
37 2 20
1 40 26
13 24 40
27 18 13
27 45 6
21 51 18
8 38 7
36 59 7
24 61 3
39 72 8
19 51 25
24 40 8
24 57 1
2 13 24
23 45 15
1 60 27
26 65 19
23 3 30
1 27 32
33 36 23
31 5 40
14 69 36
16 35 20
1 68 30
21 13 9
6 73 13
17 47 12
39 1 32
20 60 2
42 1 29
6 4 24
30 8 32
15 61 5
24 35 2
38 19 10
4 71 5
4 44 12
35 26 33
11 56 1
41 47 27
29 71 4
5 70 6
38 51 23
19 43 1
22 57 36
35 60 38
13 13 27
40 72 3
5 66 1
15 4 11
10 58 36
31 60 16
26 56 20
12 73 39
3 11 14
10 32 12
9 8 32
42 36 34
18 69 26
31 10 10
4 55 24
5 56 18
1 41 26
29 26 6
9 7 27
2 54 29
30 48 34
29 62 5
26 45 30
36 65 10
18 57 30
40 3 1
30 55 34
42 51 10
15 7 28
24 63 38
42 21 14
35 64 36
13 28 1
9 23 22
9 58 28
32 61 37
26 62 11
6 30 14
12 71 24
20 1 28
10 57 20
12 34 19
16 48 25
41 67 38
40 14 39
27 18 27
30 62 25
24 18 14
18 58 17
27 12 14
3 52 19
2 63 13
27 33 1
15 20 7
31 7 9
4 32 13
21 22 29
8 42 19
33 51 6
7 48 21
13 29 26
30 45 35
3 39 17
8 4 37
7 34 31
41 44 10
7 65 32
9 22 28
2 37 35
35 49 16
4 13 27
34 19 9
27 23 38
35 1 17
11 12 24
17 6 39
42 53 5
32 45 35
38 26 3
21 14 24
10 40 33
8 5 12
9 15 5
2 59 24
9 14 16
15 17 3
13 26 7
26 52 7
41 59 9
34 49 32
3 25 2
24 49 9
9 52 32
30 27 1
25 50 18
6 63 40
23 67 2
27 24 36
19 66 37
2 8 23
28 10 28
13 10 26
41 32 34
29 6 12
25 57 34
23 28 37
24 66 8
17 31 29
29 1 9
1 48 32
6 21 25
35 44 10
29 63 30
4 11 17
21 48 14
24 32 20
19 73 36
26 11 10
35 14 18
5 59 5
22 41 31
16 22 38
23 35 12
33 17 15
13 2 40
5 39 40
5 49 30
25 26 30
20 63 36
26 16 2
20 44 13
5 54 17
4 9 11
2 62 20
16 34 12
39 26 33
9 72 19
28 31 35
40 3 30
42 62 16
12 29 34
17 12 6
27 62 33
16 1 3
17 3 32
42 13 15
32 68 36
29 16 30
35 49 4
14 59 19
2 50 17
32 23 31
7 65 27
22 63 4
36 46 14
34 70 18
11 44 21
7 8 33
29 30 12
39 69 32
13 45 28
28 67 8
11 39 28
3 62 35
13 41 16
22 69 8
26 17 33
39 17 18
7 32 15
40 11 33
22 49 37
17 64 37
32 19 31
15 52 6
14 16 25
22 2 20
40 68 11
29 68 39
4 6 3
25 10 10
31 7 15
41 52 7
40 23 3
36 50 15
17 56 34
10 30 37
36 59 21
2 27 12
22 53 12
37 68 16
11 13 34
15 46 18
28 44 33
34 73 22
30 12 4
20 60 28
19 21 13
34 46 24
10 43 32
6 8 25
16 37 36
36 38 38
39 18 18
34 4 29
21 20 30
36 30 24
9 50 37
35 10 33
12 21 21
29 62 19
29 1 11
26 67 9
37 65 31
6 41 24
28 22 27
42 60 13
25 42 39
31 6 6
41 41 12
27 67 21
20 45 19
23 66 9
34 20 7
7 29 18
31 31 18
17 18 29
35 9 7
16 42 12
43 11 35
14 23 2
43 20 9
39 62 26
4 62 31
36 35 4
16 12 10
43 38 12
14 73 26
9 63 5
43 59 21
7 54 33
39 46 16
36 67 36
34 35 29
14 32 10
6 19 34
11 4 22
7 16 11
13 67 39
32 12 24
19 52 6
5 10 4
28 14 28
6 47 40
19 44 11
16 66 29
14 65 7
30 16 28
23 6 35
14 58 22
9 47 20
12 39 1
35 71 31
27 9 4
5 19 10
15 7 6
9 21 13
8 50 25
31 70 25
32 54 32
27 26 34
35 72 17
39 32 16
34 12 37
15 53 33
39 16 28
41 33 27
30 15 31
1 62 7
27 58 40
7 42 31
22 10 40
16 62 9
26 4 40
10 35 14
5 58 27
34 9 7
32 29 13
22 21 2
30 22 6
26 28 40
29 10 27
32 37 23
5 7 33
25 59 5
11 39 2
31 59 6
17 52 30
33 2 16
12 1 35
36 50 6
17 43 22
25 24 40
14 21 4
23 40 23
36 1 19
42 63 16
12 30 31
6 41 9
9 60 34
9 68 5
20 2 40
38 9 20
12 31 29
25 63 25
22 59 4
8 34 28
25 27 16
34 13 25
37 40 13
6 37 5
27 1 9
3 27 23
37 53 27
18 8 21
29 60 11
2 12 24
37 15 10
42 46 2
31 19 12
9 35 28
12 52 38
3 3 30
36 57 7
31 4 7
4 30 11
10 68 35
26 53 37
22 40 13
28 27 18
32 22 3
20 73 6
43 2 35
16 38 6
36 22 34
33 3 35
39 30 8
10 67 31
22 24 1
29 67 24
11 30 3
42 19 31
32 42 37
27 57 12
30 70 12
1 6 25
35 55 26
33 16 25
17 48 24
42 5 17
10 52 34
38 55 12
16 8 20
22 19 21
31 3 9
22 17 38
38 51 18
4 73 31
3 72 25
5 72 5
18 36 23
7 32 36
3 53 33
5 22 13
8 37 14
35 8 28
37 72 10
28 13 11
5 9 4
7 8 14
30 64 4
9 33 38
7 71 26
31 40 4
32 27 23
17 39 29
32 13 10
40 16 36
24 10 9
8 68 3
29 42 30
34 39 12
36 30 2
6 26 35
41 31 6
21 3 11
39 17 28
43 30 20
17 28 40
23 11 33
10 71 36
43 45 30
41 71 36
28 19 9
14 72 39
34 7 37
36 19 31
21 48 9
29 29 37
21 32 6
4 36 36
38 62 40
23 12 34
17 66 17
27 27 13
29 43 36
7 30 12
5 21 10
30 68 4
38 33 1
16 46 27
20 30 14
43 40 17
16 70 7
20 9 15
33 21 39
18 35 35
27 23 19
38 61 29
21 29 15
33 57 37
40 18 15
19 39 16
43 58 10
12 20 35
6 9 26
10 26 26
15 70 28
10 5 31
18 12 39
38 29 6
2 33 34
17 7 27
14 10 37
6 13 17
4 60 18
6 43 11
40 13 36
39 12 34
19 2 24
1 72 35
33 36 24
9 68 29
30 73 36
3 29 15
6 23 35
16 23 35
2 72 37
5 51 23
3 54 23
26 9 1
23 13 40
12 52 9
21 67 31
36 36 28
20 41 6
39 17 2
21 51 3
42 27 13
22 21 13
40 10 31
40 9 13
40 8 39
30 44 1
1 72 28
16 29 28
4 65 13
4 22 15
39 24 28
5 27 13
3 24 20
31 56 17
11 18 23
16 53 17
42 57 39
37 12 3
37 25 31
29 18 29
11 53 38
16 42 40
32 69 2
38 67 18
29 3 10
3 22 26
10 16 6
24 27 32
39 65 32
16 37 19
22 11 18
16 71 5
15 22 7
22 18 10
5 56 23
1 6 18
19 54 32
4 9 34
22 30 4
29 61 40
40 35 35
31 19 11
26 52 22
24 28 20
27 42 8
25 68 14
17 13 16
6 56 1
12 10 30
4 73 30
32 25 21
28 16 1
5 62 33
18 35 16
40 60 11
21 17 21
14 11 5
26 45 34
8 49 31
24 65 28
36 18 36
19 59 24
36 64 11
26 30 39
9 61 16
16 59 38
13 36 6
7 39 17
39 54 25
8 28 25
6 51 37
24 64 16
43 63 1
35 56 32
13 73 35
32 58 21
14 32 33
28 73 19
20 45 40
35 22 17
16 32 40
20 73 2
25 57 23
8 73 25
23 46 14
40 28 20
10 15 6
12 7 12
38 49 30
32 29 1
23 20 27
41 47 29
39 11 10
22 33 8
39 15 32
21 32 33
6 2 33
42 19 10
8 21 38
42 71 14
14 5 12
16 32 25
19 34 14
21 70 22
11 31 9
30 65 22
28 58 6
43 63 19
30 36 36
27 24 36
17 53 4
33 9 37
28 11 27
39 7 18
16 25 31
11 27 33
2 35 31
18 28 10
8 3 13
26 15 10
16 65 11
40 49 10
12 59 5
30 50 33
15 72 24
6 49 21
22 34 25
30 4 21
16 37 36
34 54 2
30 6 39
23 17 38
19 66 2
3 56 5
3 3 11
20 33 27
31 4 28
27 39 17
13 18 37
20 18 22
29 52 19
21 16 25
2 16 11
4 35 21
41 47 10
16 67 40
37 14 33
25 11 17
40 37 40
12 30 33
34 34 14
37 15 26
13 64 24
17 59 19
7 38 10
27 20 17
16 2 22
28 53 37
41 32 4
1 62 11
39 64 32
25 15 7
19 43 27
26 9 9
2 26 15
13 30 30
35 11 1
38 1 2
30 28 34
19 50 18
28 57 34
10 68 32
2 16 6
4 28 30
26 66 4
20 42 8
25 16 19
9 20 36
29 23 21
19 23 6
3 67 3
6 66 27
6 73 3
41 43 3
36 16 25
20 20 30
38 28 27
21 26 32
15 50 15
4 65 21
41 26 3
36 11 32
1 35 34
23 39 26
14 20 23
16 15 22
18 52 40
30 16 1
34 58 16
24 73 2
33 23 4
14 63 26
27 57 29
37 21 31
17 9 23
38 34 31
7 29 15
33 32 31
8 33 16
40 67 11
21 16 10
4 42 11
8 62 32
22 55 26
14 15 13
39 57 29
6 20 18
1 60 37
33 40 12
35 28 14
15 6 39
36 46 14
40 32 30
19 31 28
38 20 5
19 67 40
18 47 21
13 70 32
16 50 12
31 27 10
3 38 36
43 18 8
25 55 28
42 60 14
5 60 40
1 43 28
12 53 40
41 67 11
23 5 33
16 70 31
8 55 27
5 47 8
21 60 26
11 72 17
16 20 28
18 31 17
24 33 26
37 41 12
40 38 2
10 51 16
21 2 11
16 23 16
1 59 5
2 13 22
17 24 40
34 4 39
21 3 20
18 35 37
1 58 1
10 4 36
6 3 28
6 17 17
18 56 11
42 7 24
8 45 3
1 38 25
6 65 18
18 43 26
25 67 7
13 8 31
17 28 33
15 15 24
8 12 2
23 32 1
11 41 27
34 73 31
27 16 7
33 29 10
27 68 28
6 45 39
19 10 7
23 25 15
9 52 16
28 68 39
18 70 3
29 12 31
33 9 30
22 14 36
35 65 26
25 17 11
8 10 31
36 2 21
35 34 30
30 26 30
13 42 12
12 44 24
21 8 8
25 20 3
33 2 40
4 32 9
7 62 17
16 52 35
26 22 21
8 70 6
38 36 11
29 5 37
28 62 31
33 48 12
43 21 2
18 64 35
25 1 16
33 36 29
20 70 11
38 8 40
35 36 26
34 25 6
17 34 7
23 50 7
10 27 29
5 71 2
12 65 19
6 10 9
7 34 24
8 1 8
37 48 35
6 58 3
10 39 30
33 4 28
1 14 18
4 19 26
37 11 40
31 64 12
32 60 5
33 22 25
35 4 6
22 43 14
3 41 36
13 60 23
2 48 17
31 1 22
26 28 2
41 49 30
21 59 25
43 49 33
30 41 39
13 28 9
21 60 34
22 54 15
4 41 35
36 34 6
3 36 13
19 71 31
14 72 35
29 40 21
16 14 23
25 69 17
42 50 38
12 47 31
12 69 27
27 52 24
35 31 14
23 14 3
18 9 27
19 46 3
2 36 9
16 11 9
10 10 26
14 3 10
40 58 32
22 37 14
42 35 34
5 68 14
11 45 39
18 25 16
34 64 11
17 68 23
17 49 27
23 70 14
26 26 36
22 37 8
28 48 4
30 30 32
1 27 36
18 64 23
21 23 21
35 61 17
23 65 11
38 61 7
9 41 28
27 61 32
32 16 37
43 60 29
33 61 2
30 20 8
39 9 25
29 73 15
9 19 5
23 33 30
37 43 16
12 15 6
23 4 22
35 56 19
30 31 39
6 73 2
2 45 30
18 51 10
24 32 5
35 2 17
9 55 11
4 37 17
30 67 38
2 30 5
15 21 24
2 21 14
4 19 9
3 29 7
19 37 5
35 19 14
1 5 21
28 29 29
8 8 23
2 14 38
16 45 38
28 61 34
3 24 22
36 31 30
43 16 37
19 64 10
17 67 38
27 41 19
28 27 16
10 32 4
33 54 10
25 40 26
13 46 26
31 53 33
12 69 33
22 30 17
8 37 18
41 39 5
10 70 16
21 38 15
34 54 40
32 15 36
31 36 33
39 55 36
20 61 3
28 36 16
19 35 28
37 10 6
20 14 6
40 62 22
33 7 31
28 51 22
22 9 29
5 70 34
39 5 25
25 49 12
22 11 7
31 59 29
28 41 27
35 51 5
13 18 21
11 29 24
10 73 24
33 63 32
41 70 9
33 7 11
34 64 1
30 67 4
14 42 23
43 69 13
23 15 26
28 23 30
42 65 25
27 25 34
6 20 32
27 38 17
30 47 12
9 58 25
2 25 14
7 16 25
29 68 5
5 4 25
36 36 24
2 6 7
27 47 3
38 62 4
20 22 27
41 69 21
23 37 40
8 31 34
6 60 40
3 54 20
41 48 6
23 8 21
27 32 2
35 62 6
16 58 7
29 13 15
15 22 11
15 50 33
1 27 29
19 5 15
23 41 10
35 26 19
12 2 7
20 4 24
27 31 21
26 66 5
12 46 1
10 20 14
43 44 5
28 23 38
30 52 38
2 62 36
16 15 1
36 43 29
7 34 10
2 47 27
10 27 36
35 70 27
40 71 28
4 10 3
19 15 40
21 27 20
13 4 37
38 19 17
12 62 21
35 71 17
24 22 4
1 15 19
11 1 40
9 37 8
6 63 9
15 51 10
2 67 34
17 65 39
25 22 34
15 47 1
33 42 13
10 41 32
13 5 39
31 16 39
17 43 7
30 15 32
11 36 8
16 44 1
37 59 19
14 2 34
24 64 20
43 15 40
16 66 37
19 29 8
43 72 6
25 72 29
12 54 19
32 30 4
1 22 37
11 54 35
40 19 40
40 46 19
36 52 4
31 51 31
19 14 15
34 20 38
40 47 37
31 29 36
14 60 27
11 53 23
2 44 19
23 69 15
4 33 26
40 28 28
15 48 13
14 28 38
4 13 5
9 57 17
14 55 19
11 9 15
33 52 34
16 6 14
20 11 13
22 44 37
21 30 16
19 33 37
19 38 37
43 59 33
13 72 4
39 34 31
12 38 37
27 37 11
32 27 28
5 58 3
4 6 40
7 71 35
28 4 7
42 63 1
4 33 29
7 50 30
16 48 31
11 23 3
29 2 3
18 12 29
19 32 6
28 62 18
38 64 24
37 31 4
20 52 33
40 31 4
3 59 16
7 50 9
15 34 37
33 62 7
13 49 23
1 65 26
30 71 40
35 32 3
20 14 35
29 51 7
13 7 8
19 52 8
25 70 37
4 46 30
31 71 11
3 10 35
10 8 13
31 62 25
34 65 22
33 18 1
35 71 21
37 28 17
28 70 28
37 8 22
3 41 6
41 65 27
37 24 32
20 32 18
22 46 33
43 44 7
8 14 5
41 45 28
37 22 4
5 29 13
37 30 35
24 44 12
5 31 1
7 6 12
32 20 23
13 60 35
14 43 26
35 43 25
25 23 23
20 7 40
40 26 5
8 41 16
4 66 14
13 17 29
1 23 7
25 48 13
30 22 14
19 3 40
6 64 17
25 20 37
36 8 14
12 6 20
22 3 30
9 29 10
26 31 20
20 26 9
38 5 3
15 55 29
24 56 6
27 67 28
34 70 27
42 61 23
34 37 2
34 66 10
20 45 4
25 32 18
23 62 32
4 25 8
40 64 27
33 13 29
26 39 27
16 45 3
3 26 35
24 56 30
10 2 14
27 7 12
41 32 17
29 29 1
7 46 18
36 6 11
33 11 39
13 68 27
42 15 40
27 47 10
13 28 8
5 10 4
14 57 30
41 41 9
25 54 3
23 28 6
33 26 25
19 72 14
7 50 7
2 60 4
18 30 3
23 60 20
36 48 38
38 64 4
37 46 27
26 38 25
36 44 11
17 9 13
37 26 33
20 72 30
8 18 1
32 33 16
27 42 21
38 68 29
27 5 12
42 17 7
41 51 23
43 24 29
36 47 38
30 63 9
38 12 27
18 44 16
11 3 31
28 39 37
27 55 29
33 72 36
14 70 9
32 16 2
30 48 23
23 6 40
19 56 27
3 39 15
31 63 6
43 42 16
5 19 28
3 61 31
18 46 25
29 26 25
15 58 8
33 28 34
1 6 2
2 33 24
28 73 23
13 53 4
11 54 4
35 13 30
7 41 2
43 17 16
19 59 3
42 9 6
7 61 7
5 65 38
29 10 30
15 45 33
25 53 31
43 2 5
37 57 19
43 71 36
18 29 31
22 56 35
33 23 7
2 46 33
14 29 24
13 64 31
16 20 25
3 15 7
15 72 36
39 14 37
43 1 28
35 19 39
4 21 9
7 69 19
15 22 32
30 67 10
8 34 16
6 58 36
1 35 2
11 53 40
43 14 38
24 20 32
11 68 9
38 41 2
25 72 28
33 57 3
29 7 31
10 48 29
40 22 37
14 24 31
3 31 15
37 5 24
24 71 10
26 28 23
5 26 39
4 10 30
11 37 14
39 5 14
5 42 32
43 54 12
34 59 16
39 40 25
42 24 1
40 19 23
25 25 1
10 48 27
13 29 4
35 24 19
7 66 15
8 48 22
29 40 24
23 36 19
37 37 19
35 24 5
6 15 25
13 10 20
25 23 4
6 7 39
22 58 25
12 68 38
29 7 29
17 73 31
15 49 39
36 1 32
31 70 11
10 25 36
3 64 12
29 25 23
35 52 8
21 33 31
14 21 40
12 31 2
10 8 10
7 52 17
2 1 19
9 35 15
8 30 19
20 32 4
18 41 2
13 17 26
11 50 31
6 56 12
33 67 20
9 9 14
43 2 38
17 67 21
13 50 34
35 53 17
13 46 9
26 23 26
20 57 31
24 65 25
23 20 17
32 11 10
11 33 39
3 65 34
18 25 12
26 27 25
31 3 33
5 41 17
34 47 12
8 44 23
37 69 34
1 19 12
20 62 1
33 34 20
11 11 31
3 57 27
15 24 36
34 47 25
21 69 8
30 48 15
7 24 26
28 18 33
40 15 6
42 4 3
32 10 2
3 57 12
33 19 19
35 50 38
29 11 2
14 19 23
4 68 35
35 42 40
11 42 39
2 42 14
28 34 16
43 51 31
7 32 2
29 19 5
41 15 22
22 30 13
10 34 8
24 50 28
4 46 35
11 61 24
2 70 14
15 38 3
6 35 21
31 58 18
1 38 38
29 57 22
41 73 28
16 18 11
36 49 37
27 5 18
25 46 8
35 54 24
9 14 38
18 65 5
3 66 8
30 24 5
30 34 32
22 47 24
4 69 27
15 16 21
37 24 13
23 68 40
30 11 8
15 3 35
6 58 33
42 61 11
