56 98 2607 7567
2222 371 252 328 3587 4196 2674 3392 1302 3902 3220 1622 396 3942 3610 3531 2567 225 2630 3753 1818 2449 3034 4022 3664 3283 933 2724 1320 1190 64 1719 618 4452 680 4695 4574 16 2705 2541 189 549 2281 4313 3124 1354 4554 2786 2419 4867 3018 3387 1296 3738 661 2526 2212 2674 4852 2242 3743 593 1711 3634 1245 32 556 214 4533 1449 1959 122 3129 2409 2063 3778 288 890 4627 3985 258 904 4606 2816 2161 3034 3856 3978 1209 1007 1987 4167 2989 4808 4853 982 1796 2656 
2925 2123 4261 4182 3393 223 76 3261 4535 1953 2909 2748 3868 3557 60 3528 2761 3076 882 2677 4375 2139 4000 1980 3166 1612 3686 4182 1096 424 4125 4559 1635 4684 4674 1076 1717 785 657 3381 3763 1045 2151 2598 4584 1740 648 2444 1022 462 4404 3139 4388 315 2391 2732 4330 675 3569 4014 3131 98 814 2469 1675 1708 3329 1538 1422 3248 1452 893 1654 2313 457 3908 289 280 2464 78 2642 2763 2778 3414 825 2026 3334 515 2890 228 724 3209 4891 2643 2168 2119 1528 3403 
1967 3124 1746 3832 3488 3945 415 1174 4692 2110 176 1370 880 2013 3355 2624 1829 2628 351 2892 2939 578 597 2337 2043 3541 1727 46 733 4405 1256 548 586 3564 2457 735 1569 18 1141 3129 929 4269 906 2906 326 3746 75 1130 3129 2875 1266 3346 913 787 2745 4304 3524 549 2012 3807 740 2548 2004 3388 2538 4210 1064 2563 4220 4847 3632 1722 3942 1002 3724 4769 249 3174 815 3221 4814 3483 1121 2977 1519 1962 3898 1735 1181 155 773 2839 4668 99 1836 3364 1249 11 
1050 3678 963 4780 2529 1818 143 3298 3401 1632 1887 4505 1526 4524 3612 1400 672 993 1066 4748 4239 2628 3183 2207 3543 987 1043 755 2588 4655 2466 117 1737 4879 4319 3254 4276 4906 4428 2182 2900 1498 1582 3790 3376 3915 3006 2608 4151 2807 1115 2801 2648 3498 4024 4852 2438 1872 2455 4310 3253 3057 3628 700 4065 1000 4830 4799 1214 533 657 3095 4770 1352 4906 182 1835 2608 3014 456 1162 3356 3324 1704 800 1011 4005 325 2466 4765 1497 3824 4387 378 3860 3105 2909 4037 
806 264 785 3053 956 2696 3757 3246 2818 3524 1503 4460 1002 4229 3706 1036 603 4812 3595 4857 558 1369 52 1679 1438 3624 3942 460 499 3827 206 3804 4804 2272 2080 1414 3344 1198 252 2210 2943 3954 2749 2814 3512 332 1127 3069 3805 312 1203 2839 379 281 1991 190 4012 4221 4123 1536 1536 408 4626 3304 2326 3500 2997 3256 4486 1225 254 4779 3281 1545 4281 2855 126 2901 4485 2690 1035 3419 1346 693 3395 2680 1533 3384 3341 3161 4767 4491 87 3466 3047 1432 4840 4779 
3730 1844 3870 2988 1861 4657 1433 2858 2046 1100 2248 2747 3957 1663 1488 1788 3995 4329 2657 3698 4680 826 672 1993 2856 2771 3995 941 1870 1405 1133 323 1684 3024 4311 697 2588 3693 163 4031 4042 402 4709 809 954 4619 2112 156 1797 3297 149 4604 3820 4856 751 4670 3044 2903 2942 1973 956 810 2985 3383 2312 4400 3875 4688 3009 4698 4369 4488 2269 1697 2507 3652 2273 4821 4492 2507 1327 4481 4233 1242 1579 4808 4511 2471 16 2142 504 3600 3081 2483 3865 4525 1778 241 
3735 1082 1821 568 4599 2271 4693 1853 3862 571 769 553 3564 365 1462 3316 3813 3105 1599 860 2992 4242 1272 1645 3316 2786 129 2108 2561 4634 246 2308 2548 867 1938 3850 974 402 4747 2567 399 733 1353 2931 2052 1508 2382 330 2523 4626 544 4797 1887 4176 2131 1271 1671 4767 4591 1547 3522 139 1696 3111 1853 2001 3106 4021 3848 4667 1046 867 2260 2940 4111 850 1628 1107 1097 4211 242 1797 928 2812 3206 4704 1163 505 342 3232 3913 3789 3740 3773 256 4091 2906 1746 
645 4395 1386 3024 3631 454 934 914 3359 639 201 3095 2898 1801 337 214 670 2827 2870 1422 2150 605 1625 915 4247 4227 445 2842 2073 919 4726 424 117 1460 1869 140 2243 4662 1917 4512 2608 3255 228 3557 4633 2810 3425 4746 3470 4633 4229 3530 2565 3073 4313 2028 1940 2763 27 2035 4294 4331 3375 1499 3815 4630 3728 4147 4414 840 4699 3360 1367 2299 3548 4744 3705 2461 2365 626 1018 665 3408 1615 2879 4461 3891 1005 342 2429 3693 3752 4687 3378 2261 3080 3379 3334 
1098 4831 1288 4768 3567 321 2764 2850 2549 914 3401 4157 2969 4374 518 2496 371 338 2394 2186 3759 1884 3346 4344 4132 4353 2672 3413 4063 456 3041 3920 395 2036 3265 3391 4342 2080 2794 2333 1951 4601 4743 4172 1848 3238 4445 4859 1416 3362 1202 1586 3174 4597 342 3885 3023 1440 1589 1586 3888 4552 4891 4091 3829 1005 3371 1680 3136 1152 392 2006 2619 600 4461 2070 4672 3663 1323 4788 3293 4396 3363 4587 1125 2307 1408 2795 353 2358 2386 2784 3243 2807 262 2857 3927 4032 
654 2118 641 3230 3828 77 1300 4089 3998 2545 1562 2586 1830 2395 3047 3969 1714 4506 1430 4447 216 2905 4568 4525 3431 2478 740 4585 1558 1926 3792 3353 301 112 2928 1836 4035 740 1385 2364 132 3791 2504 4054 2625 2858 4185 2925 3104 1673 4352 2204 1869 1089 4750 1484 1548 205 3626 4503 1783 3406 4285 4653 283 227 3891 3218 3052 4839 395 709 1328 1792 491 2769 405 47 4472 2047 947 680 4351 3813 2961 136 2813 4882 4089 4476 1330 890 3919 3839 2228 2799 3728 4250 
3197 3456 4501 1762 3193 886 1215 742 4485 3155 2279 568 4546 2902 2905 3953 3750 2485 2263 1258 2828 3973 3012 4602 3945 764 2508 4162 4535 2901 3111 472 977 1104 378 1749 2122 446 2288 182 110 454 3079 32 3061 115 997 1654 3137 4357 2832 2711 1573 4745 4101 2550 3529 1543 774 1284 4370 3396 4878 3203 3528 1251 3185 836 2464 3079 1629 2973 4663 2242 3082 4652 2858 4263 1730 1999 2780 3766 648 4549 4809 1675 3502 1922 329 3375 4464 502 2623 4860 1385 406 853 1207 
869 915 130 769 2362 4887 859 2176 2469 163 3655 2301 3556 4013 379 3849 3871 4800 676 4606 4686 3061 842 3093 2213 4625 1220 437 2874 559 4214 1918 1201 1626 4671 1293 1829 122 4091 3961 1902 365 869 2505 54 898 4732 4070 4331 1771 2918 3152 2340 4283 2383 4096 1035 4339 2551 1804 2064 2340 1621 1004 3871 3272 4714 3033 590 2746 3523 2445 4329 3800 352 2248 3936 4235 1635 3669 4134 2469 2234 924 1777 4324 3392 2960 4242 4087 327 2652 3671 4737 2736 1717 3211 1154 
3223 418 2846 763 2405 235 3310 638 68 1092 3684 806 4300 1436 4299 2857 2152 1984 376 1129 262 1761 383 175 1060 2197 1252 3689 1710 3535 1942 740 88 388 3394 4507 811 1045 1976 407 2379 415 4699 3743 2106 1612 4419 3628 2227 3424 4547 1652 92 2042 2413 4210 2668 514 4278 4640 38 3770 1648 4650 436 887 303 3159 4105 4261 3802 2129 3065 4254 3093 2003 3664 1416 3543 2710 2066 3867 3816 3486 359 4883 4782 4052 3706 4896 2724 2031 1250 408 4275 873 4567 4877 
3910 889 3232 740 4617 4901 1170 1781 4786 4161 2719 4290 2292 3688 1678 3400 39 2217 4126 2417 554 4403 4020 3142 1491 4108 1909 1069 150 1207 4017 1279 2953 320 331 4120 529 79 267 4895 1746 142 4067 80 1289 959 3046 4720 3545 4908 2170 4855 4645 4908 1733 1759 2152 157 3454 3798 1332 2517 3343 1040 514 1928 1275 75 1981 3908 1151 3749 3342 2563 1702 333 822 409 3132 821 1093 698 428 146 4793 3995 1244 1704 618 2470 756 3575 2683 3133 3937 921 2201 4651 
4538 4575 29 3162 658 1892 328 1107 2289 1322 1727 2112 2792 3088 3464 1237 4583 3056 1947 3929 2862 4740 737 1324 1298 54 2968 856 3762 2418 648 2837 1085 882 2446 16 1508 3646 3548 1427 860 2196 2600 3860 2234 2032 1173 3936 958 2575 2888 2393 3461 1420 4610 4500 1488 1624 2674 2005 3213 2495 436 4007 4882 274 2450 4242 3775 2699 572 1563 1833 4758 3134 1009 2589 2741 4709 552 2350 3651 4262 4901 3259 4398 4136 4511 3392 1300 3062 2272 2406 256 152 3753 1344 1081 
2563 2126 2475 1330 1747 3893 2060 4661 3776 2265 3808 2758 2697 1687 1980 1541 2355 4127 4027 4564 3184 969 3290 2830 1536 3121 4586 4834 156 1047 4791 2860 481 121 1089 1453 4187 3808 4497 3434 1711 2575 3792 583 4587 3723 2169 1497 4082 4565 3618 1900 1786 4568 1064 3938 2943 4895 1168 406 1790 93 4446 2183 689 1107 1805 1791 1072 4109 3701 2136 2778 1363 3634 506 1266 1074 143 471 4899 4310 1519 3269 1157 3096 1002 385 2696 1156 2095 635 2898 3586 4746 4364 2779 1497 
1882 1173 1987 1231 1952 1127 301 2373 4301 3952 398 4567 4458 4346 2252 2569 738 1821 140 2172 4036 1054 519 3654 3729 1431 4379 2308 3179 2094 814 4248 1051 3055 574 2089 2098 1067 4149 55 4526 2069 4188 2244 3656 2291 437 3489 1104 1729 2672 3504 1198 167 724 4811 2060 3552 3264 248 3658 4316 3498 3715 324 1667 2219 2959 1626 246 2424 1457 4839 3823 3067 4696 4737 1144 1995 1621 3601 49 1986 3979 2605 4617 3905 237 2242 2107 1716 1736 1700 2616 1687 1113 2044 3685 
3953 3865 2658 2930 2769 361 3011 1630 4909 3415 4267 2221 328 2898 1223 4103 324 871 3965 3737 4762 2668 4858 1806 2554 4719 248 2545 816 1619 1351 2130 90 4615 3574 4439 1405 1626 532 1911 1769 3874 4802 3840 2940 2745 453 1090 484 3179 3315 3984 950 3234 3203 4023 1107 150 2211 2256 648 2891 3373 487 3781 2039 1658 1944 2387 2672 506 2964 1544 1034 3142 186 2003 4611 4769 2418 3490 85 4277 1150 3151 2544 1400 4887 2788 2003 4225 1782 763 4409 2446 3754 1196 3170 
1864 1595 3796 676 1883 3475 2062 169 4308 985 51 527 4276 1066 2587 4145 941 2803 2270 3801 4333 4393 2695 119 1445 3722 2352 3352 1757 912 34 437 2322 2369 4745 1003 4699 2440 697 4628 2444 3415 2593 1893 860 3668 2959 2596 3177 2949 1559 2244 3912 2053 738 2471 3360 464 1452 1488 4813 2525 851 1993 649 745 3813 2354 1856 322 308 4807 2145 4436 2156 2878 271 123 3474 2992 4365 2018 968 306 856 3550 3289 257 1835 1829 2999 3499 3231 1159 3920 4461 1503 1507 
3609 2745 1522 1426 1699 2659 1808 4546 2753 3859 525 3026 4155 1668 4255 3578 2311 4411 3210 4139 1556 2817 4071 237 1804 1822 59 1630 2612 1209 848 367 1856 1810 1750 2807 2209 3121 2713 2961 1472 1777 1136 133 174 2424 3653 2470 969 3382 1577 2654 188 275 3099 804 3962 1922 18 3477 2504 1646 856 2113 3298 4322 634 3992 427 1873 4621 3825 696 1321 3774 1139 1571 2135 325 3575 3312 1984 4382 2055 2999 907 3393 3659 477 4687 970 4258 2511 2748 1524 789 3442 451 
2777 3239 2129 3712 2606 4039 1938 2833 4342 2394 298 2091 835 2598 1245 1786 858 1393 4817 1135 3614 2187 916 4749 1311 4070 1742 1007 3322 290 2910 1139 2497 4812 2940 2960 4701 1916 915 1245 983 1834 2192 953 4201 2383 1882 2849 3661 3695 4162 840 166 2101 4593 4726 3689 1502 2682 702 1262 1892 3432 1197 2543 2985 1625 4294 1784 2165 3437 932 3311 439 1365 3641 1482 1048 4544 1745 4500 587 2447 307 1796 2533 2366 1300 348 601 901 3798 4699 2797 151 2438 4654 1569 
4800 699 2373 2497 3319 2401 3667 21 4828 2049 1081 950 3480 590 4507 2231 4402 3293 1303 2854 4170 1902 3795 4369 486 1072 4446 813 4559 3726 1323 368 3474 1651 57 1054 729 4893 3497 2232 4431 1074 1384 4171 1618 2614 1717 4792 127 1716 2378 918 4071 3442 293 4589 1295 3660 4826 250 60 2052 3107 2455 4707 3717 948 169 2151 420 1761 3898 3937 1783 3817 4331 1033 4045 4284 3227 2266 778 3574 2331 445 1649 2581 2272 2144 2330 3039 4348 1655 4636 3442 3076 802 1591 
3358 1543 1978 3320 4162 3378 3215 494 2630 4128 4450 1927 817 403 1112 1200 3088 1542 2680 1641 913 4822 308 1480 4060 4025 4146 3055 3498 4278 3420 341 3203 2656 4526 2643 4199 3251 3259 3792 402 4695 3264 3158 540 2734 4225 2295 4784 3367 4807 325 3531 4843 2060 463 2459 2155 180 2493 3950 1361 513 4396 626 4193 3179 3956 4652 4422 2631 661 283 1093 1086 452 1179 2353 3792 1358 927 1629 4452 4313 4854 4252 124 636 4651 4763 4405 3219 2881 4861 2692 2848 2956 4007 
4853 3778 1087 1459 36 4448 4342 3522 4219 3432 2179 4597 3994 4084 250 3127 3420 69 3900 432 1356 3833 3360 3657 453 2887 4703 45 2614 80 4379 2094 1787 4435 881 3652 3012 2948 3361 957 3556 2341 4432 2824 617 1909 3345 3832 4591 3680 4324 3000 1756 2260 2324 4372 1855 64 907 749 4194 3523 1147 1903 3363 749 4287 3396 3550 2812 2135 4413 1799 1583 1447 3456 1066 4480 3777 604 256 4050 991 2809 1893 3925 3008 1448 1473 3881 1039 1522 4046 2836 3097 3067 544 2237 
1405 4604 3941 1689 1913 3231 2710 586 1131 3242 1528 4743 224 4137 867 422 2066 963 3971 483 2355 3929 563 811 1197 4510 3543 4209 2312 257 143 2653 4693 3336 4643 783 3651 989 1583 391 4705 2050 4537 4064 42 4127 1320 1922 3333 4770 302 4906 1557 3290 4755 1068 2758 3458 2510 2194 1795 2868 1510 4638 4298 3964 3177 3938 2699 3645 1441 1670 1538 2185 3484 4271 4453 4265 2353 3830 2939 410 2221 2191 1349 1385 1672 2938 2924 3238 3933 1759 1268 2019 3856 1511 3008 2254 
4049 3253 4308 3994 1059 3957 4410 4023 2636 918 4764 4560 3779 4276 2660 337 1614 4172 3433 423 3454 2425 1199 1401 299 2370 3806 2490 88 4367 3436 3973 487 216 1167 1658 3814 1222 2699 2885 4091 2281 4304 4477 3843 2560 595 3694 2273 2679 3320 3967 2330 4131 2187 357 359 2894 4083 1976 1277 1821 1323 629 1521 3564 1154 4699 3254 3152 90 1822 852 575 2389 2410 4692 3596 4686 2065 3484 2305 4007 4463 893 3960 18 1177 3219 2826 2356 968 3551 4257 4571 327 1469 3870 
2430 3056 4198 3770 4519 1131 528 3193 4014 1273 4389 3984 3359 1146 4430 505 1467 1382 4418 2439 3194 3524 3050 4750 61 4060 313 1114 4495 1052 4561 3254 4039 2007 957 272 4625 3802 1262 1477 1366 623 4835 3807 1090 4441 24 3223 776 1006 4591 4573 1866 1900 4826 3314 1545 2880 578 2695 2210 4382 1782 2220 3048 2957 886 3292 1345 2573 3178 4408 664 4699 1325 46 1304 3086 2467 2538 4053 2719 3677 1322 34 2731 2092 4836 2316 4346 4440 4801 1927 1020 2845 2416 2699 153 
152 4291 1523 2531 1461 24 1224 2294 2728 833 287 1191 328 4538 4538 1236 695 1302 4868 3467 48 4035 3021 1350 4270 3584 593 1657 778 819 2201 3115 4832 2971 2944 822 254 1363 251 1749 3893 1714 1932 3220 2153 4518 1483 4752 3337 11 2562 2311 662 1185 151 3460 1824 1833 3241 449 1452 4747 2431 1508 4241 1614 200 1892 3288 528 3751 3468 3371 2349 4308 2579 2899 2605 1575 420 1901 4182 4002 4270 3713 893 2462 255 2089 1785 372 3437 423 3998 3071 4721 4274 648 
1576 4556 828 2384 4373 3067 2777 4831 2151 847 585 1004 1982 4346 3248 3457 3471 3937 4149 2306 4536 4279 3451 4051 462 4270 196 3006 969 4284 3180 332 3058 86 1953 668 4572 639 2462 3431 382 3714 4381 2475 4026 118 2291 2094 2273 3791 481 343 752 2123 3782 2880 4890 376 4230 328 4419 1207 2863 3675 2776 925 4357 4340 1802 1451 3325 70 4352 3461 4710 228 3575 1056 3702 2886 4176 4327 4389 2842 489 4732 2858 2238 3694 536 2349 3660 4570 236 1799 971 1961 2033 
4571 1442 4327 3161 33 1413 1509 1851 3383 3351 2268 983 752 2120 2295 310 2569 4849 458 938 1105 3718 1954 4300 1488 1967 1962 449 3890 4567 2232 2248 4517 2596 4165 3859 4882 2490 3089 4854 857 4652 361 4632 4365 449 1486 2751 3089 3315 2350 411 4458 573 3296 2221 3769 2546 4883 1762 4034 1549 4114 2380 4583 2418 249 1543 4273 939 3740 3893 4312 3639 595 464 4810 296 2770 3309 4581 3234 2314 4346 1059 2372 4421 1812 487 713 4453 2871 4320 757 1864 4523 2824 963 
3221 4605 4616 2682 1157 2418 2664 1315 3495 3324 3206 4479 3686 3626 955 488 1261 1865 2869 2086 662 830 1634 4615 4833 413 2055 2626 4043 2800 287 1891 2244 4358 1059 4315 2257 4499 1595 1102 3892 311 159 1365 4761 1771 2035 235 1690 1953 312 3192 2568 990 2945 2462 757 4050 3510 4548 1397 4724 2665 2057 1641 2670 1344 1230 1168 4651 1008 1191 3365 782 323 243 2514 4426 1523 2211 843 2909 1441 3908 4701 3296 3164 4493 396 3788 4593 2561 4572 4795 3569 1932 4864 1643 
1883 1863 2548 3380 3113 2813 4318 4275 3484 4229 3276 1085 90 1956 4679 2232 3730 2254 4676 4598 2942 2857 433 2211 2146 4065 4647 3409 3330 2545 4582 4300 4264 3959 2030 4357 2130 140 369 3960 1772 3992 3942 3183 286 3077 3878 2825 1389 2328 3811 284 52 1328 1579 3844 1570 2560 3500 2504 4526 3647 3394 1805 3580 1473 2188 3010 4625 807 2280 1114 2593 2105 3343 1150 2678 1320 69 826 3705 2220 4108 2881 542 2141 805 841 1169 2611 1292 2420 3833 3105 1470 1109 2481 2488 
330 851 2064 3562 1395 1220 3793 4320 147 1088 3219 4179 3882 4066 712 2741 1560 3097 1693 3849 4398 3997 2225 1935 4780 4899 4698 2422 119 4819 1957 4259 2016 1421 3397 1636 2916 1495 4342 2274 1785 3877 1628 2722 4824 2748 3581 2685 281 674 725 413 3049 1485 698 4118 2554 2589 1845 3675 1675 2088 3137 3787 1502 2562 266 2048 1597 4137 1543 1512 297 199 1212 3453 1185 157 2932 206 3363 2177 4708 1111 2056 2121 4645 3153 297 4094 1294 2784 813 4838 522 4710 2610 4613 
2033 2021 2767 1399 4169 1738 3308 1095 96 2584 1761 487 1884 333 53 402 2513 2678 3763 1450 3867 3502 3376 1436 2420 3606 1590 1900 935 928 1616 235 3443 936 474 1095 2720 2798 2525 1139 3294 744 4311 2801 1314 4097 3162 4009 1677 1859 1018 2958 4488 2189 648 2445 821 3849 1408 2589 4507 643 771 4654 2500 3705 959 4320 4614 2072 2266 1647 1693 4207 4629 1110 1052 3791 4394 4684 2800 4303 1253 1311 1045 1511 3401 678 2225 1818 707 3090 1572 2635 3447 3835 4879 864 
3250 4000 1992 2909 206 801 1265 2848 1953 381 2296 3954 4401 4322 4564 370 2795 1116 3716 3381 2215 455 3312 4378 4078 3082 204 3154 698 1881 155 3806 583 4271 4455 4674 3652 4603 4512 3222 687 4367 1457 4378 4865 4237 177 969 1803 2611 3067 4886 3449 3930 3167 1850 3002 3982 1064 4043 3160 1051 2964 2820 2649 1874 4426 3828 2940 4753 2921 4070 3555 4663 4821 3942 1805 496 4446 1115 418 3275 4623 4884 3251 4276 1255 2926 3916 3511 2886 2478 665 2609 2278 4772 266 3087 
2531 1124 4865 1854 59 2448 1081 390 341 765 4603 78 3665 3522 1458 666 966 2009 1996 4606 1521 2215 3603 1289 4275 1547 1485 3997 122 3398 4775 2666 4814 241 3625 438 1583 1080 1487 4398 4158 3397 2362 3961 4742 4206 4317 1387 3859 3719 349 3811 3019 2903 109 754 1840 2435 4200 2129 2496 4731 458 3228 1570 2732 1997 321 1579 2240 3023 1700 537 4020 89 1227 2238 3828 2103 1868 4094 2255 1451 3226 1558 1452 4878 2509 4245 2756 193 2817 1740 4749 1090 1547 1306 4197 
4337 3880 4425 2859 1821 2227 637 1884 2195 3603 539 652 4498 4683 1163 832 4528 4720 2383 2916 2221 3783 3392 987 1866 2013 4212 2548 4804 582 2222 1492 1005 56 3783 647 969 1709 4502 3467 2132 2812 2953 4330 3038 1787 4756 1850 4634 214 4672 3182 3105 4033 719 2147 3481 2586 396 39 4092 3122 4131 1151 3010 3484 2004 1458 1217 2583 3475 4250 2645 2665 2024 1913 1325 3074 3187 1240 3407 1620 1966 1835 2167 1959 437 189 2033 2916 4834 2874 1923 1767 1982 4539 4392 1745 
1378 3361 2699 1823 3443 1137 2950 3368 481 3491 2357 2474 1635 3621 1458 3407 3413 1556 4556 3548 3975 819 4641 1417 4184 2993 4592 4425 231 4027 4612 1843 1485 1550 2992 4495 302 1175 1845 1755 4007 850 1993 4054 2826 4391 1783 291 2353 3834 94 1943 766 1444 2864 2282 4502 1601 1088 2236 3919 4897 2785 4411 2695 4271 1290 4243 746 2121 2038 2547 532 859 3228 366 3622 2447 4601 1254 4909 1012 2372 2637 4349 1741 2147 2859 1347 3960 2494 2427 1187 4366 2923 3638 1072 979 
3806 4191 189 3624 1003 1440 4453 1282 2310 1003 2648 4314 3412 678 1023 3852 858 893 1496 754 3486 1843 118 717 4204 3580 908 1236 812 3119 4117 318 1000 4774 1102 26 2659 3712 4081 2112 568 3588 4241 118 1888 4620 398 1729 2441 4485 568 112 1025 3804 3303 4353 3272 1538 2948 1878 1513 3541 3633 721 4833 2598 3181 3804 876 4858 3408 3434 2774 290 4019 4470 2583 4393 1079 2444 699 3770 2694 3576 472 427 3871 3556 2283 1428 3952 2923 3782 1377 3707 1447 3943 320 
4539 1622 3410 1849 1402 4512 2024 257 181 582 1769 389 3353 4674 280 1780 3575 3110 4439 1989 4371 2115 4648 1510 4355 4598 423 3521 931 129 3346 3052 4121 4716 3151 717 1929 4097 149 4280 1131 3208 200 2618 374 1033 3326 1441 1411 473 3917 1456 2970 252 1326 2754 1916 774 4360 3939 135 1359 1666 1295 446 2501 4509 865 393 1963 4849 282 23 304 396 3071 4315 1965 2007 3818 1159 645 362 3500 303 1662 2871 40 1177 4540 2438 746 1953 1990 3888 4094 1376 705 
2019 199 1010 1673 3548 4130 4434 3720 259 3212 242 2063 1689 2681 406 1568 4518 852 2665 2194 4100 3980 4551 1510 3548 4710 1408 2166 1033 4820 804 1927 4269 1491 1001 4759 2182 3672 3566 3114 2603 3497 4116 1513 1224 4804 979 4716 2159 871 1909 4242 3894 273 4632 2346 4673 4882 2432 2879 58 2076 672 2117 258 362 512 1237 1505 1999 361 4390 1423 3910 4420 4255 3861 2479 2173 2394 4353 4340 683 2977 1715 3375 2225 3410 2263 4048 4197 4745 1093 2229 4814 2990 476 3890 
3957 540 4025 3134 757 762 3679 830 3010 2683 4892 1160 100 557 963 193 4586 3186 254 3605 1116 2543 4840 1504 3383 3111 382 3566 4217 1152 809 1445 2990 4881 2559 3845 4155 3846 3307 4726 3286 2757 113 4235 2973 3654 3556 653 851 3055 4402 3663 4048 1362 2714 1566 2565 3986 4269 1274 2721 2961 1569 452 4799 3441 4321 1381 20 2472 555 265 4500 1347 413 3919 3511 699 1354 4113 1948 3660 1847 2487 137 3893 2637 3692 226 1993 295 3449 4729 1412 3253 4570 2823 2076 
2327 2434 4901 1121 2947 759 2177 3999 3494 2771 1562 1567 1696 3329 2224 96 3693 4823 2503 1717 4878 3638 1597 3651 3029 4224 4150 3241 3518 2905 2600 353 1932 3931 2682 794 2971 930 4468 4731 1105 2139 3463 1016 3136 4640 4352 3222 3009 2628 3836 4449 1120 737 1316 2878 3119 2229 3966 3360 292 4544 4737 4117 4486 4440 3650 697 1087 4395 724 1345 2209 1629 3015 2726 4056 4320 2917 3834 3198 1794 1773 2842 2984 1500 1624 1824 867 669 2726 4617 1000 814 3800 69 2019 2113 
1901 1157 565 3392 4800 2174 3478 4698 2889 480 2716 445 3525 1770 3493 1097 1018 1707 3182 4846 2370 3520 1838 3734 1855 4473 3624 2266 3140 182 2550 3646 2551 2863 3551 3810 1577 4646 198 975 2956 4648 3413 1094 3930 1923 382 1775 1969 173 1586 3253 2056 864 3880 4427 4406 2515 3478 3384 1531 4038 2718 168 1196 2426 3445 2461 2516 4479 3319 3700 4538 1317 4283 4367 896 1699 48 3626 383 2558 3132 4740 96 1123 81 3020 318 4288 1221 2424 646 1583 845 3153 3776 3869 
3023 4771 4433 1195 3811 201 1190 829 1012 4136 3176 4186 2645 2333 2958 1072 2243 2167 307 2662 2546 2241 1910 1853 2281 2866 3946 1621 1418 3155 3576 1946 4366 4490 3399 4866 1963 1580 101 4257 1584 1915 1621 3154 2494 2716 47 3843 2775 2564 921 2299 3697 3673 2199 4566 2813 1406 2103 2719 1194 3277 3550 976 27 3842 66 4878 3589 534 625 496 3046 354 4210 3576 4201 3804 3291 471 4896 3784 524 3886 2504 489 3041 2492 1380 1657 3745 4544 1040 4851 665 607 4614 580 
1320 3625 2776 3901 3436 3787 3804 2868 3712 4180 805 4737 1178 2304 2984 1783 320 3616 2533 809 396 4534 2058 4594 3724 828 4288 4156 877 2410 4303 787 3555 2427 142 2730 1304 4260 2436 4678 459 820 2152 2092 4032 636 4349 4021 2717 1045 1429 3280 222 4293 4067 204 1609 2949 1617 155 1030 2987 677 3483 1672 3370 2731 2367 502 3007 2641 4685 1865 878 784 3131 2020 4539 185 4890 1342 1556 1214 3284 1287 1048 2425 4476 1810 1043 1267 3454 1372 3015 1885 1172 4209 2575 
625 4784 4233 4273 4705 3868 3547 4581 2769 1078 2787 1511 1443 1572 1681 432 215 364 3717 2367 4531 4508 221 4746 1668 2392 4612 2810 330 1204 689 4291 3586 1916 2184 3980 3091 4903 1089 2258 941 618 1720 2655 2432 1309 3740 2465 918 1989 4058 3438 3870 2843 1485 1844 4500 3857 1485 4011 580 4267 3698 1910 519 4531 506 3973 4860 3214 3023 2205 3272 523 2428 877 4439 514 633 3584 4346 4029 1366 1929 3942 4227 3198 1470 4479 1817 1655 2699 4407 3705 3984 4310 3463 3728 
4019 2988 316 3741 934 990 3672 1998 4159 3819 1384 4294 2898 3108 759 1862 4530 4268 4218 3595 919 108 4862 987 2132 3337 1946 754 283 4623 4606 2250 4537 3546 3470 4639 4493 3974 3004 3564 227 4304 990 3107 333 2530 782 2709 1607 3752 2022 4678 4221 2733 4781 2514 1027 4528 3284 1410 971 4129 3125 2931 4728 481 633 1802 4216 2959 1937 2052 2179 1016 3085 4537 3460 618 4059 4884 3891 3983 536 642 57 1068 2507 694 2720 713 2670 4722 2438 3067 3850 3265 3987 74 
3140 4406 4044 4064 4811 4627 1477 801 3625 2599 2915 4449 3430 2782 3005 4319 3328 42 657 2075 4828 505 4658 4677 2754 2104 2993 2486 2455 997 244 1234 3284 2681 1250 2919 238 2846 1010 2594 4843 2168 3558 2457 132 2883 2718 1266 312 110 4447 3760 3357 2070 80 2691 846 2378 3284 2406 1274 948 2791 2388 93 614 1874 294 1720 1823 3728 2172 2124 529 1014 2420 628 1780 2985 876 3926 463 2293 1618 1072 1047 1561 3980 906 4139 3054 1211 1836 3452 2236 4701 1816 863 
3076 4242 1298 1637 2502 3026 1505 4459 3538 2060 4859 4641 4813 2990 3238 3341 4571 1182 868 42 2089 3206 2254 3646 4014 1170 3537 3827 485 1823 247 709 1221 4080 2820 4453 610 3969 4097 4429 1198 76 619 787 1655 1387 2575 358 862 2420 246 1641 1060 2986 4205 3937 4145 474 3524 2872 2741 262 163 3927 1185 4377 2538 3274 4047 2658 1538 3929 4892 3496 3264 4196 1424 4773 2582 4598 4171 41 1918 2681 2104 3330 2135 672 3022 1208 2713 3883 938 1772 995 4481 2388 1389 
333 1313 361 346 2062 1027 3289 1958 3532 2140 737 185 2100 615 3271 4630 1141 4431 2325 2105 4366 3493 3470 3840 3230 1095 2492 1682 4219 851 750 4797 2355 3198 2412 2962 3904 543 4284 2015 4799 3040 4477 926 1270 3470 4474 1312 3678 4406 2386 1626 1276 4724 4632 2941 2172 3656 1478 3136 2378 1772 1674 1891 400 2494 258 3808 4222 2954 4197 3865 2758 2242 2491 2624 970 1395 1127 2736 881 4108 3093 1766 4237 3177 1177 3724 1300 2016 42 3163 3619 3814 4854 1358 1501 4752 
2466 1791 4343 4319 2277 3805 615 2929 1401 4213 3463 2570 3127 387 4796 3283 3230 4100 2479 4699 3323 615 3252 4149 1620 4478 3568 4474 103 4814 4854 2788 244 1269 1545 2340 1747 2811 1027 3952 3750 738 4482 4740 3969 421 1203 313 3498 2566 4473 4337 4187 1142 4087 4394 499 3996 2517 1799 3616 4047 4460 2178 1406 3332 1647 3630 2263 1644 4144 3583 3062 1897 1233 342 2918 1929 1870 3629 1893 4756 2146 4025 2263 2054 1743 2528 1992 2179 4246 136 2348 3994 2800 3889 1854 3202 
3441 2824 3405 2077 1992 4500 4642 2788 1631 2473 3896 919 37 243 102 528 16 2104 619 965 833 4456 4647 3812 1363 2398 2522 2838 1228 2823 2388 3558 3938 2104 4490 4453 3475 389 3485 4899 446 3464 910 428 628 3919 1322 447 1454 3661 2429 4315 3960 4531 3269 389 1076 3566 962 2731 1394 2297 2246 4593 4841 2554 709 1563 1801 2981 2621 4016 794 3301 3891 2261 2682 1651 4417 1949 1073 2695 2819 2270 4250 3398 2979 2741 3181 110 1750 2145 2990 341 3655 183 649 1634 
92 3149 1935 1704 3283 3850 2535 50 2066 4849 2610 4284 4182 829 2836 4706 1544 3636 3626 2563 194 1377 3787 635 4707 4141 2719 1723 2928 4695 2275 1689 2494 2839 276 2965 1195 1501 1707 1120 2052 2336 3583 347 2643 3957 196 1514 2190 3398 2891 187 4025 1559 250 3452 4900 1374 4296 1799 2363 2611 3100 74 4313 198 4763 2059 3690 3539 981 1451 3476 4490 1638 4218 1982 4014 1555 1196 2798 495 2847 2805 112 792 2250 4777 3178 1510 265 988 3786 2280 147 106 4423 4406 
2296 396 3952 4111 1742 2117 321 3939 2412 2609 3584 4461 3055 456 2417 2103 1733 3968 3875 1846 4878 3254 3223 4878 4045 874 3308 2694 1778 3647 1540 4868 893 4361 583 3475 2292 764 3090 3432 4802 280 3409 1624 1785 2311 3979 4660 3691 3316 2295 2506 2156 797 37 2944 4804 1529 2012 692 2319 4899 2612 1840 4468 895 3693 3255 2184 2871 3409 225 546 3277 3287 2309 421 712 3699 605 3956 2366 4714 1236 1782 4667 3947 2508 1954 64 3161 4284 2011 144 3029 3984 3528 2899 
3015 2930 2877 4831 3540 1093 4434 3394 3848 3443 3288 678 1302 1044 4668 1535 1770 4078 1894 1368 2136 2127 1673 202 834 3102 3684 3584 2364 2650 1410 2766 953 2436 4713 2762 3029 4264 2441 3062 3563 2335 3843 469 1674 845 2516 3284 3946 3370 3367 367 4705 4066 4847 3484 4087 3782 853 731 1733 1278 2521 642 2739 1102 228 2541 1273 2183 3987 2258 3919 3269 2793 4371 3036 3754 2102 1785 2951 1796 3729 642 3748 2970 1148 1685 3539 2860 1346 1002 2388 1931 1828 4498 2935 2707 
33 33 11
3 46 11
13 16 24
27 21 38
13 63 24
37 42 21
25 5 29
53 57 1
35 66 6
32 1 17
28 43 34
20 4 18
52 5 29
40 6 3
44 46 11
35 76 6
6 27 2
2 13 12
29 64 8
26 70 18
6 49 24
31 70 21
54 43 2
41 23 3
11 33 39
45 19 37
11 51 11
16 25 17
39 86 38
51 66 2
21 51 18
11 9 6
40 48 6
23 42 27
7 19 3
11 74 10
37 44 40
51 28 22
17 76 6
36 62 24
35 19 23
37 81 28
37 84 24
48 80 5
38 95 15
1 36 25
33 20 16
38 81 34
20 44 27
18 42 20
21 41 13
1 14 17
9 56 28
17 55 35
41 74 18
33 7 8
42 58 11
54 25 3
30 45 34
33 35 5
18 33 18
11 8 6
24 70 28
24 11 14
38 87 12
18 66 9
25 20 10
43 30 24
47 44 37
31 66 26
12 38 34
14 63 39
53 25 35
6 77 23
19 2 21
47 88 4
31 67 30
40 79 34
35 75 12
15 80 9
12 42 25
25 93 40
26 41 22
42 48 30
39 91 25
29 93 11
7 48 11
31 50 8
31 41 12
30 92 20
39 5 9
31 31 18
44 61 22
39 82 35
7 8 28
32 40 20
23 82 12
11 9 38
17 66 28
16 57 29
54 96 2
33 5 37
40 53 33
30 19 14
49 68 19
29 31 2
11 56 7
23 12 14
1 49 15
53 6 25
25 76 26
20 26 3
16 62 7
29 32 25
33 43 5
50 49 19
6 6 18
8 94 31
1 19 10
51 71 36
48 65 40
6 87 27
52 1 18
18 57 14
23 64 31
13 18 13
23 52 17
43 84 16
3 12 37
48 14 18
28 91 26
33 28 8
39 57 4
42 86 17
25 8 33
11 3 28
11 90 12
4 45 35
50 54 4
31 35 19
26 52 20
7 29 24
32 38 40
48 74 29
15 84 36
9 36 14
43 57 34
11 53 37
42 2 21
29 71 38
38 36 29
13 82 1
40 20 23
43 20 40
54 87 35
8 14 31
22 4 15
36 10 20
16 36 29
48 5 23
8 76 26
41 75 10
19 13 18
2 88 11
5 88 34
2 43 10
5 56 25
26 18 6
1 74 40
28 31 35
33 35 38
42 6 20
51 67 20
30 46 19
11 88 23
20 77 25
14 30 12
36 13 34
16 35 29
38 55 24
28 57 21
15 27 4
51 13 38
46 19 29
37 88 37
35 7 7
24 28 9
8 4 25
40 23 36
48 78 30
28 89 14
15 3 39
16 41 30
15 48 8
30 49 5
6 89 4
52 87 8
34 54 8
44 17 16
51 44 23
52 72 14
40 62 22
18 7 27
45 82 3
47 83 33
37 66 27
48 68 9
43 56 35
24 74 35
37 16 32
38 15 26
36 37 22
47 48 32
17 53 6
23 12 32
6 85 15
12 6 9
9 53 34
27 22 2
20 22 7
5 89 8
49 25 19
35 55 7
49 49 28
41 44 14
26 71 7
35 93 21
35 11 38
25 19 33
12 78 16
40 53 23
39 92 25
24 48 4
30 78 29
51 12 40
2 51 38
11 36 38
12 91 3
51 24 34
48 37 13
53 16 21
53 88 1
20 78 26
45 13 28
40 91 39
10 60 9
25 67 18
24 53 24
1 77 30
8 60 23
53 89 10
50 58 22
4 53 17
15 92 4
12 95 17
29 15 4
30 75 39
4 39 3
27 75 16
7 18 35
46 76 31
24 88 16
46 31 29
37 9 26
9 40 37
33 92 28
12 4 11
29 17 23
44 73 25
38 6 4
30 50 31
20 88 30
4 33 1
24 49 14
3 54 3
39 7 30
24 43 29
40 25 1
49 31 27
48 38 18
43 5 4
49 44 38
25 74 3
35 31 22
37 19 23
38 9 5
16 60 22
18 17 7
40 61 4
26 80 3
52 65 34
6 65 26
24 90 16
30 34 12
49 50 32
10 67 15
2 66 25
36 40 19
10 56 16
50 60 5
3 66 18
14 84 3
30 61 29
40 7 8
24 95 35
24 69 4
42 15 10
26 50 2
39 76 39
48 60 3
17 28 1
42 45 3
9 50 19
29 94 40
43 45 8
35 32 27
5 67 40
53 75 30
8 44 1
33 13 3
46 72 10
20 77 2
3 3 3
12 3 32
4 30 29
18 24 18
49 39 27
42 38 9
11 36 28
5 37 12
36 3 8
10 16 21
33 22 23
34 68 27
12 63 30
8 87 36
50 92 12
17 20 27
3 25 8
38 16 34
14 38 4
34 32 15
25 60 22
39 14 13
48 2 14
33 59 37
43 52 4
29 21 19
30 92 19
7 68 18
20 91 21
45 10 38
38 68 39
14 91 12
6 44 12
7 95 38
23 41 28
22 50 2
29 52 32
24 29 22
19 91 3
30 80 18
10 76 30
42 42 2
34 26 36
23 5 37
25 72 20
27 77 39
18 70 26
14 92 12
13 9 34
37 45 34
18 73 27
29 68 12
48 22 27
45 96 36
13 7 13
49 38 34
9 95 31
26 22 2
36 53 9
39 88 38
52 27 15
54 92 4
21 58 21
25 30 23
23 48 39
45 21 21
3 25 6
34 24 5
53 5 11
45 85 18
19 88 2
3 63 12
1 24 14
1 61 34
4 29 3
35 50 2
3 52 35
51 1 36
32 20 36
14 6 9
10 31 12
44 49 35
37 34 7
10 24 29
54 34 7
13 69 23
45 65 9
37 21 7
44 30 20
46 59 36
49 56 15
35 85 17
54 88 8
3 91 8
31 83 12
14 26 9
48 71 7
16 18 20
13 23 21
42 32 39
4 23 38
49 16 18
54 76 24
9 12 23
29 77 14
39 90 40
16 30 14
25 3 39
25 67 29
27 28 30
10 63 17
26 65 3
10 21 14
18 87 35
39 54 4
3 45 15
5 26 25
38 44 26
25 39 21
52 37 34
14 64 2
48 14 36
14 74 24
47 81 35
10 21 33
43 57 37
51 41 37
18 54 28
10 95 15
14 23 24
20 28 9
31 34 18
27 29 1
43 7 37
6 27 34
26 49 33
42 21 23
5 17 21
50 8 1
13 27 32
27 79 37
50 87 2
41 1 5
44 23 13
2 3 14
10 10 7
52 96 16
33 79 19
48 14 1
39 33 35
18 67 37
5 37 40
14 31 5
41 93 26
14 79 38
37 35 36
3 51 21
44 70 32
1 10 17
25 68 13
50 81 14
13 3 26
26 33 3
43 71 33
23 42 28
46 10 5
50 68 31
20 6 14
17 20 26
43 76 1
53 59 31
43 41 24
33 54 27
53 82 23
52 35 29
33 93 13
29 62 13
18 81 39
35 4 37
34 2 24
9 27 20
33 22 11
28 42 9
37 94 2
53 38 33
40 59 3
12 93 7
2 18 26
2 38 12
43 81 13
9 19 23
20 52 7
11 43 18
48 9 6
54 91 40
46 10 32
13 13 7
2 24 11
31 70 12
53 10 4
18 25 39
21 1 5
10 85 29
47 5 21
10 90 39
38 28 30
34 69 11
44 55 9
5 46 9
2 89 3
37 62 16
41 50 35
39 47 27
7 75 24
37 76 20
41 43 25
53 74 29
44 32 4
36 85 38
13 26 36
4 1 26
6 68 5
44 38 26
54 15 15
23 50 36
32 71 7
46 19 38
21 91 30
36 70 38
29 12 38
49 25 18
25 49 2
53 72 22
50 25 24
30 75 40
1 31 7
5 1 23
11 27 40
11 92 40
10 26 18
34 58 22
37 19 33
45 32 14
22 30 11
30 77 30
3 64 28
53 21 14
52 14 6
46 34 35
19 62 32
7 72 24
42 12 24
16 95 19
28 15 31
53 85 15
46 89 20
18 58 25
11 14 18
40 82 9
14 45 6
4 14 6
27 35 31
36 63 33
24 32 28
51 18 13
46 82 17
20 31 25
26 47 1
40 68 34
24 69 15
13 16 14
49 91 9
37 16 5
37 76 16
3 46 27
40 83 11
15 34 11
15 14 16
13 81 25
18 30 14
46 46 12
8 17 26
5 55 1
27 38 20
3 32 10
15 23 18
5 70 2
40 87 16
10 56 6
11 76 28
32 78 34
43 74 19
54 4 18
16 29 10
40 17 21
43 70 33
14 88 29
7 91 9
7 18 16
30 53 15
53 91 4
26 59 29
25 6 15
20 69 18
50 96 9
33 62 13
15 84 39
3 47 30
42 58 37
48 81 17
28 94 12
5 8 13
45 62 18
35 64 6
11 80 32
2 65 7
7 68 13
20 49 3
48 50 39
33 41 2
22 47 34
49 95 16
27 69 11
12 19 40
51 5 35
39 81 37
37 65 35
32 15 22
25 81 15
32 69 39
54 35 11
6 19 11
36 93 11
49 46 26
41 78 5
11 57 32
39 53 35
39 19 4
13 50 22
21 71 4
12 71 28
44 71 31
35 94 19
39 78 24
32 44 14
26 27 20
43 30 25
20 56 4
16 84 32
4 59 26
41 22 9
46 90 35
15 45 10
7 79 16
36 85 19
16 95 13
27 30 5
36 61 33
35 47 37
21 71 26
49 54 3
31 72 37
21 18 35
14 6 2
7 1 23
20 8 7
36 95 23
31 49 40
1 2 16
32 43 13
36 57 21
17 24 23
10 34 6
21 47 6
18 24 38
23 56 22
8 80 19
11 24 29
31 15 38
46 8 7
51 46 12
39 18 34
15 33 20
32 14 6
54 10 38
52 25 12
39 45 38
22 16 23
33 33 1
52 43 1
22 68 31
34 95 2
16 66 6
45 76 30
45 46 7
28 9 24
9 10 20
34 39 13
50 81 29
42 48 23
31 69 12
3 13 34
39 78 40
54 68 39
5 34 3
23 87 30
14 62 24
35 4 3
35 47 13
16 52 1
35 27 34
9 5 16
14 96 4
41 85 31
47 24 13
25 30 31
53 83 15
45 45 23
14 83 15
36 63 16
4 96 13
23 81 26
35 53 15
26 64 25
32 42 36
35 59 39
1 12 25
52 28 18
2 23 13
34 83 5
22 75 30
53 22 22
18 73 10
24 30 10
35 87 34
34 14 19
48 15 13
21 76 12
28 91 17
53 36 22
8 56 39
21 4 8
36 89 8
48 11 31
13 96 28
53 69 7
47 82 19
26 88 7
16 93 2
44 48 13
34 35 9
20 69 33
26 83 22
15 9 34
33 9 21
42 95 7
5 43 15
9 26 28
14 67 18
43 66 28
52 67 16
52 73 31
14 18 28
18 67 24
53 88 22
53 96 25
37 45 17
46 41 34
54 10 39
48 85 14
22 71 26
15 66 33
54 72 37
44 77 22
24 51 6
4 69 23
23 60 15
8 67 25
45 45 28
11 45 26
30 28 4
11 14 6
54 6 31
44 48 24
10 69 13
37 27 15
46 18 7
11 5 35
41 82 16
4 43 16
53 47 3
5 45 13
35 63 4
24 95 8
16 31 9
13 20 17
2 75 20
28 23 21
11 86 28
41 95 26
29 14 22
19 23 28
17 43 39
54 45 36
8 22 15
20 57 37
28 74 25
5 44 26
23 31 5
37 61 10
53 88 24
12 61 27
48 70 34
18 1 8
33 3 12
5 96 26
31 37 34
35 71 4
19 64 32
48 44 23
42 62 32
26 19 12
34 67 38
46 49 33
10 7 36
8 2 24
31 66 29
46 59 12
44 15 17
21 33 11
13 74 23
45 88 2
34 72 33
6 61 11
47 64 15
45 40 12
1 37 17
13 72 36
16 96 15
46 58 12
6 82 33
43 20 16
51 90 35
42 57 32
11 64 33
35 92 19
21 69 19
23 18 31
40 77 22
3 68 39
45 75 8
3 25 31
24 21 37
1 85 24
44 91 23
14 94 38
11 78 18
24 12 22
19 42 20
52 79 38
50 68 27
38 35 14
1 33 20
19 14 24
12 11 19
26 45 4
28 69 32
30 46 9
16 36 35
18 16 20
8 75 40
11 1 1
38 47 27
35 34 34
46 80 27
38 60 17
39 73 38
1 65 26
33 60 9
31 33 32
12 24 8
4 19 6
18 83 23
4 12 23
12 23 19
12 31 11
32 91 33
8 37 33
11 92 14
26 76 6
8 18 20
1 44 25
50 81 33
38 79 8
50 29 13
52 93 17
51 50 12
17 66 21
5 45 15
7 15 20
16 11 1
39 67 35
53 69 18
24 10 36
18 52 34
1 79 6
29 26 14
34 94 10
43 91 39
14 53 28
5 15 23
28 72 29
1 92 39
37 18 13
53 32 24
33 72 40
7 65 15
9 23 37
6 49 16
46 67 9
8 44 35
44 46 18
14 94 39
21 87 18
10 82 20
29 74 7
40 81 14
27 84 20
16 8 22
40 12 33
45 38 33
7 1 7
18 47 33
25 59 17
48 59 26
22 27 33
45 6 16
53 2 3
4 47 14
18 92 22
46 71 9
1 77 7
21 82 37
25 52 9
53 86 3
32 95 20
9 77 5
12 52 19
12 18 6
18 89 2
25 71 24
10 80 9
23 96 36
18 55 8
12 55 24
53 49 4
2 31 37
6 91 33
50 92 25
4 43 15
6 61 23
4 95 35
31 85 39
13 47 2
27 77 9
29 47 1
11 75 13
24 38 16
35 85 19
1 12 23
27 61 17
26 30 39
40 67 20
42 84 20
19 75 19
54 83 17
18 77 16
17 88 31
42 57 29
1 47 25
31 64 18
43 22 14
41 52 18
36 33 34
47 7 15
21 58 33
44 88 32
51 4 19
13 72 10
18 35 13
24 89 27
22 69 1
10 87 21
5 65 12
9 82 29
14 92 24
31 47 38
6 20 26
38 61 13
50 65 30
6 76 25
14 35 32
47 39 2
30 78 22
14 24 10
14 95 22
50 15 37
33 24 37
26 48 21
27 16 20
46 37 34
36 38 16
12 7 27
26 64 19
29 30 35
8 36 14
11 38 29
15 66 22
11 89 11
46 47 40
30 47 26
30 95 12
27 13 9
21 61 39
16 91 28
24 72 24
12 45 2
2 95 9
14 8 7
4 28 4
4 53 31
43 70 28
53 5 24
53 66 18
26 88 4
52 9 34
49 65 4
47 10 24
11 26 22
18 23 1
4 44 37
27 2 30
14 15 38
37 23 8
36 51 6
49 88 37
16 90 10
24 79 12
33 46 29
42 25 37
12 43 32
46 90 32
36 79 3
12 71 27
47 9 11
51 79 27
16 80 26
24 26 30
1 32 21
2 86 23
35 35 33
44 45 6
33 91 1
31 85 12
5 14 8
27 49 14
24 81 32
29 78 20
46 38 19
32 92 15
40 67 10
39 29 8
16 54 19
16 19 35
53 37 2
42 84 23
15 63 9
2 42 11
23 93 8
26 82 16
35 50 18
9 5 21
6 54 14
19 87 15
22 40 38
48 75 2
12 72 22
4 57 5
32 52 39
54 28 38
39 65 34
43 51 9
50 88 37
6 45 30
16 64 10
20 77 20
25 72 18
7 86 12
19 75 35
8 88 36
18 43 24
1 45 18
53 59 5
5 90 38
23 18 6
30 48 17
14 49 20
42 89 34
16 11 38
18 47 20
14 15 26
26 53 2
17 44 29
20 25 35
20 6 11
38 71 20
54 88 14
16 93 4
45 94 39
12 24 29
43 16 2
45 58 26
43 2 29
45 34 23
19 71 7
26 5 25
50 50 34
22 21 40
25 92 40
24 80 4
19 85 40
39 34 5
6 32 28
40 36 31
12 53 8
48 7 27
36 47 2
50 73 12
12 54 34
26 94 13
43 48 28
13 20 31
25 11 39
28 83 24
25 42 19
16 5 27
48 18 1
18 38 7
49 86 8
51 59 14
25 37 24
45 50 20
39 29 10
53 82 33
43 90 37
43 65 2
24 23 36
38 38 1
34 18 27
29 10 23
18 76 33
46 81 39
23 73 22
14 81 10
12 92 14
43 6 28
28 21 12
28 69 1
12 91 24
39 93 7
41 17 11
50 94 16
7 34 11
40 12 10
32 32 29
13 80 21
23 30 28
30 27 9
17 64 32
3 38 6
30 89 40
36 45 6
30 35 25
11 36 15
27 75 7
27 69 18
10 14 33
41 24 19
28 44 6
24 54 36
35 26 33
14 88 16
49 91 5
23 79 2
44 53 15
22 1 31
4 91 14
30 70 37
1 71 13
10 78 16
28 19 1
40 62 2
29 70 38
50 87 8
24 54 4
15 80 16
54 38 9
54 1 7
45 56 14
20 39 10
39 91 29
26 7 13
33 5 20
35 1 38
33 34 31
30 3 33
1 50 14
21 48 14
34 77 35
49 96 30
14 47 5
22 35 1
12 65 17
42 23 32
37 73 19
45 11 10
48 36 7
5 72 13
35 14 19
43 70 37
30 95 28
10 37 24
45 2 4
17 54 10
17 76 32
38 66 16
29 83 31
45 84 12
48 39 27
52 17 14
43 45 29
38 72 27
27 65 4
2 1 32
16 36 35
31 83 27
51 35 35
19 19 32
36 73 40
50 83 5
23 7 20
19 14 29
46 22 31
28 38 29
47 17 32
21 53 8
53 41 13
36 86 16
5 86 30
21 76 26
6 38 34
54 17 25
19 32 4
18 92 38
7 67 2
39 53 21
31 82 22
1 35 4
53 74 32
20 92 14
39 74 18
40 27 23
11 28 1
38 92 38
23 49 39
44 80 33
6 93 40
4 61 26
27 76 26
47 57 32
11 46 10
1 87 19
10 93 10
12 40 17
4 25 28
20 33 21
47 28 39
12 30 9
24 51 21
2 66 17
9 22 33
42 61 34
27 51 12
49 83 5
7 44 17
32 15 20
54 53 38
38 71 16
16 19 37
16 50 12
21 52 27
21 40 11
42 13 24
9 63 11
24 8 3
18 65 20
9 6 38
53 14 8
36 2 2
25 78 15
3 41 37
5 67 12
51 2 17
1 37 28
41 37 6
5 63 16
44 15 10
7 55 10
53 33 7
1 30 12
46 73 13
14 26 5
42 6 36
27 53 33
44 66 1
17 32 39
19 56 38
10 54 22
6 68 2
23 89 36
3 15 7
7 90 12
4 60 40
47 79 6
3 60 22
12 40 18
9 42 14
15 54 15
42 19 9
16 74 34
49 22 13
33 9 36
37 73 35
40 75 14
12 6 26
33 24 21
28 42 14
31 54 16
40 82 39
19 86 17
24 82 36
20 20 6
3 86 25
50 70 34
10 4 18
16 3 2
14 77 25
12 28 15
44 81 35
37 90 14
36 20 22
26 19 16
18 50 31
2 48 20
46 15 5
19 95 38
17 27 11
20 22 17
26 60 17
8 45 10
38 50 37
50 21 30
24 42 10
8 80 13
18 48 25
32 15 16
4 78 28
8 46 39
38 96 38
6 73 12
19 39 10
22 61 26
9 10 37
54 36 38
13 7 8
13 77 26
12 40 16
14 29 18
43 33 12
2 19 36
22 92 38
25 51 6
11 22 23
13 82 30
3 21 20
27 38 22
9 79 36
19 9 7
26 81 21
6 19 36
16 94 11
45 89 27
44 9 26
25 43 34
14 51 33
52 77 17
45 35 2
4 66 22
8 34 4
52 1 33
11 53 6
11 9 10
6 86 3
47 92 22
12 96 29
28 94 12
24 19 21
25 45 25
39 81 30
3 26 27
48 38 7
14 11 13
9 15 21
26 73 17
42 69 17
28 58 28
29 27 23
5 49 19
20 90 24
51 17 32
13 61 9
33 11 12
50 45 13
10 79 16
49 48 12
15 77 26
32 58 3
43 17 29
54 9 40
8 52 33
46 38 23
14 11 40
22 23 24
36 15 3
48 68 13
17 39 28
33 14 9
16 27 34
13 74 25
42 77 16
43 60 20
20 53 25
30 87 6
9 87 31
29 28 28
10 5 18
6 12 3
18 84 22
20 3 9
3 8 11
18 75 9
38 73 16
47 86 18
49 83 15
53 57 10
51 40 8
13 5 4
54 27 25
2 29 40
16 78 29
4 76 20
16 21 35
49 17 20
51 81 14
30 14 1
16 8 38
44 88 3
15 71 3
10 21 24
28 20 34
44 79 10
14 3 4
44 94 38
28 85 3
35 15 31
54 50 39
52 28 34
38 4 37
12 48 33
4 53 39
51 48 17
52 64 30
18 16 4
41 77 25
21 14 12
2 12 36
27 47 19
48 50 31
25 31 36
21 96 4
3 51 19
5 65 15
21 36 15
50 78 30
49 59 35
52 82 29
54 90 6
42 57 11
4 3 10
34 90 17
50 52 19
38 20 8
8 17 12
11 87 14
15 72 38
24 66 29
18 57 18
11 64 39
36 78 10
21 86 4
16 73 15
45 78 11
47 14 35
43 22 21
5 28 19
12 86 34
46 94 11
32 36 36
16 27 23
10 92 39
40 85 32
18 86 16
29 26 31
18 65 33
16 43 5
51 47 8
16 74 14
36 39 7
4 57 30
35 29 35
12 91 20
48 52 8
22 93 13
14 28 21
28 87 21
34 26 24
5 23 30
44 90 15
51 79 35
1 63 1
35 13 5
20 94 39
33 24 38
51 32 28
47 74 10
6 62 9
6 77 27
45 68 5
54 96 28
27 96 32
31 65 5
9 30 10
8 29 36
9 73 8
38 77 39
16 54 14
17 25 1
28 27 33
30 46 26
33 64 23
51 51 39
45 23 17
33 14 13
9 23 23
28 88 3
21 35 31
15 9 13
5 88 29
9 33 32
27 26 15
51 84 30
16 51 23
2 31 32
35 73 30
52 53 36
50 62 5
45 70 27
29 28 7
15 11 10
40 58 13
5 6 25
4 78 5
45 85 29
7 80 16
17 39 13
12 40 1
17 5 35
23 25 27
29 5 14
15 10 38
35 30 6
27 21 10
42 87 5
9 61 2
8 14 21
1 58 30
22 75 4
14 79 29
45 80 3
39 62 34
4 92 2
14 33 19
11 70 30
30 42 28
33 61 11
15 85 29
7 50 13
25 78 35
8 34 20
30 4 1
39 3 24
41 63 21
4 69 30
12 70 10
50 65 12
29 70 16
15 75 27
33 24 8
2 22 3
23 30 17
19 50 5
29 93 10
36 71 26
22 79 4
18 16 16
12 95 9
10 20 30
44 21 16
44 45 11
23 32 4
47 42 17
24 62 17
5 53 11
32 40 23
31 7 28
15 25 31
30 20 29
41 61 6
40 56 3
46 31 38
16 64 14
24 33 38
47 51 26
35 75 32
42 94 29
52 69 19
27 75 28
26 52 31
34 52 16
17 84 36
5 72 9
39 61 36
16 66 33
49 53 4
44 54 27
15 47 33
27 83 3
28 34 2
43 30 18
7 91 27
24 31 17
20 91 25
49 88 40
31 3 26
27 9 35
1 23 8
34 31 39
30 44 9
31 88 29
42 48 21
19 30 2
32 24 17
31 28 8
27 68 30
42 85 35
43 15 3
38 25 29
14 93 12
32 44 13
12 91 37
52 27 30
25 17 20
9 36 26
10 49 38
14 83 21
9 88 34
27 53 24
30 67 19
17 73 31
44 82 21
13 34 38
32 46 3
40 13 39
26 37 20
50 74 15
34 70 34
4 17 27
21 11 31
39 88 12
43 20 27
5 57 10
10 12 7
36 20 25
9 62 40
19 63 3
31 33 22
43 92 24
3 93 11
43 56 7
54 39 5
24 39 16
11 62 37
21 38 28
47 48 8
30 57 7
5 83 14
47 92 12
15 52 17
48 40 18
14 94 7
12 8 11
40 49 12
33 56 37
47 19 32
47 52 35
12 64 7
27 89 5
15 54 20
42 33 9
36 29 16
11 77 25
48 74 15
48 35 10
11 38 36
10 69 14
8 17 38
11 44 24
45 9 20
16 79 18
50 28 31
26 9 31
13 30 35
40 80 1
9 61 16
30 53 17
44 14 33
31 22 6
13 66 7
14 3 28
43 53 11
28 93 23
11 61 7
21 12 6
36 25 20
46 31 37
45 16 14
52 59 26
22 83 7
52 93 14
35 52 9
49 77 5
43 56 38
53 20 14
23 10 29
44 37 14
44 79 1
50 58 39
35 7 13
32 30 7
33 54 32
47 54 7
46 25 5
9 72 33
41 32 9
45 83 36
31 59 32
36 39 29
9 8 38
10 42 36
23 84 26
43 3 24
20 29 17
10 51 37
19 79 4
27 8 4
43 24 39
54 90 15
11 46 10
30 67 39
51 21 13
49 66 12
51 49 6
12 20 33
45 13 2
18 65 30
18 71 8
49 68 33
30 23 28
31 41 28
41 20 10
36 69 4
45 55 40
31 34 24
52 55 35
39 30 27
45 63 32
28 11 2
13 74 32
50 66 36
33 94 9
52 70 5
9 14 40
23 85 16
35 3 38
14 61 11
37 74 19
38 6 8
30 39 26
30 1 24
10 77 7
17 50 6
38 45 11
53 72 11
5 91 19
28 84 19
27 59 31
47 33 28
36 88 17
32 41 28
23 59 12
40 39 23
28 56 24
19 23 4
18 81 23
32 78 37
44 7 35
21 53 24
11 43 36
40 53 35
15 64 2
9 36 28
14 34 2
7 44 32
31 31 33
54 72 11
14 95 21
52 87 38
5 37 22
41 42 21
10 18 9
17 81 13
29 20 8
5 49 4
36 39 2
42 69 32
50 9 10
23 10 4
39 54 9
46 39 25
38 88 21
17 13 16
5 22 10
26 40 12
53 87 37
34 92 4
37 81 26
53 55 11
34 76 21
48 70 30
22 54 2
47 62 16
12 48 5
42 22 33
20 10 11
6 38 14
34 78 20
53 52 30
15 56 13
10 29 20
32 88 8
28 40 2
33 61 2
11 10 7
42 17 12
4 42 20
16 66 4
12 29 2
18 22 22
16 78 5
34 89 25
38 91 26
11 70 33
16 51 13
20 4 40
11 29 8
28 50 21
7 15 7
11 2 3
50 11 13
35 2 26
41 29 16
15 48 15
52 67 36
28 57 26
39 55 12
25 24 18
3 64 31
29 37 37
19 70 23
37 95 7
18 46 2
44 10 11
34 79 31
29 68 10
33 81 28
40 93 12
15 21 8
11 89 18
50 77 23
47 32 32
34 43 37
39 96 16
43 89 5
53 83 23
28 36 34
48 34 13
34 44 16
25 57 38
53 22 33
7 19 28
46 79 19
39 82 12
51 90 24
35 56 27
22 45 23
2 2 37
4 24 15
35 83 2
42 86 16
25 12 22
39 37 34
14 80 34
29 46 15
41 35 5
24 21 4
45 72 10
43 62 17
14 12 32
17 3 34
54 4 4
3 85 4
28 84 10
23 7 34
15 46 31
25 44 10
44 51 8
8 58 23
5 62 29
8 57 15
51 42 22
46 90 20
5 21 35
13 36 40
12 74 37
39 65 34
26 41 5
45 1 30
6 62 17
28 85 23
2 32 7
50 53 22
26 65 23
47 43 11
36 26 33
4 66 32
39 34 13
15 14 15
10 33 13
31 12 10
14 32 20
19 65 31
28 73 32
12 52 30
41 87 38
3 74 18
3 78 15
15 31 3
19 95 22
50 75 30
23 75 13
21 75 24
53 24 15
16 76 9
53 87 11
15 24 23
6 60 34
37 43 5
3 58 40
11 81 40
35 31 39
18 40 39
39 81 13
22 64 32
40 76 17
15 25 33
40 19 2
6 94 31
27 71 29
43 72 36
44 33 22
18 59 5
50 41 29
17 14 8
8 48 38
43 36 21
42 42 27
12 24 29
8 80 13
31 70 28
32 12 23
5 71 39
43 31 30
52 77 25
44 89 15
17 75 29
40 20 37
5 59 4
24 81 38
11 75 8
29 63 33
9 23 33
30 34 29
26 79 33
37 9 21
52 64 5
49 96 22
6 33 19
6 72 6
28 14 7
51 22 29
43 56 37
43 12 38
13 13 34
15 71 14
22 47 24
26 42 30
21 3 33
4 93 16
13 74 2
16 58 16
13 35 26
17 39 9
17 45 10
14 21 16
32 60 8
29 29 29
8 25 27
43 56 18
1 36 26
48 76 21
1 73 7
36 20 27
39 86 15
19 16 33
53 13 9
10 27 25
7 50 22
47 67 15
24 45 18
1 14 31
9 54 22
33 81 28
1 63 1
11 17 38
36 56 12
45 60 28
44 85 14
12 78 30
30 91 21
12 38 33
29 20 35
8 49 20
42 58 27
54 87 17
4 30 1
53 62 1
22 26 35
48 46 23
22 22 1
21 71 29
8 52 28
32 50 20
54 26 8
47 47 26
1 73 19
9 33 38
32 66 13
12 30 39
20 17 40
37 27 19
29 86 18
21 57 6
17 13 33
40 44 38
27 73 33
50 85 39
51 17 32
38 28 35
37 3 27
17 46 14
48 35 3
47 2 6
21 45 4
2 61 14
25 11 24
43 73 22
9 33 34
26 19 17
24 80 25
24 50 31
20 64 39
23 46 18
14 73 31
23 64 34
22 44 22
28 94 32
30 18 40
41 77 16
36 60 24
24 31 11
26 17 12
39 71 8
34 90 10
9 60 4
14 45 2
26 52 23
50 3 31
20 51 14
17 21 26
43 82 17
22 68 28
20 77 39
7 53 33
5 93 10
54 11 14
49 31 23
1 51 24
51 71 3
27 5 40
2 20 17
29 75 34
46 31 9
31 29 32
22 88 17
48 17 2
13 61 13
4 42 35
19 39 5
28 21 12
6 24 9
16 62 13
7 37 21
13 51 22
9 33 11
43 70 22
49 56 3
20 27 22
22 20 29
18 73 13
37 61 23
7 95 9
19 60 39
53 60 39
15 64 4
42 29 34
46 70 39
37 23 32
24 9 31
14 51 26
13 10 12
4 23 15
24 45 7
16 47 26
26 77 4
31 51 6
36 82 25
31 50 19
29 6 10
8 28 30
18 87 38
20 29 5
49 87 26
36 96 19
25 44 23
18 88 30
36 64 35
7 27 4
32 36 23
5 7 11
11 49 11
6 47 9
54 46 23
18 94 35
34 68 17
48 51 1
6 77 30
41 61 32
45 96 27
24 55 40
27 67 3
11 12 5
49 76 21
22 17 35
50 96 27
26 8 11
16 25 20
5 58 23
46 48 36
31 40 40
20 42 34
47 28 17
38 45 18
42 7 22
30 45 35
41 75 29
9 65 23
23 96 19
16 77 34
8 70 40
40 47 30
33 9 19
32 90 16
7 26 9
11 86 19
9 33 18
54 74 4
50 53 14
13 38 7
25 79 2
25 76 4
38 89 3
44 48 35
19 8 36
37 69 21
52 1 28
18 31 19
28 44 33
49 6 21
16 3 10
39 32 25
34 93 2
26 12 23
40 30 34
6 63 17
36 46 13
19 34 40
9 36 33
11 75 35
35 14 2
40 86 6
25 86 10
38 24 10
18 43 16
35 18 31
15 27 35
35 30 19
9 58 36
6 10 20
30 78 19
42 85 31
54 58 4
10 73 19
14 70 9
49 6 32
9 77 14
2 40 36
54 43 7
34 69 25
18 54 13
50 50 8
22 35 36
4 27 33
4 60 13
32 43 31
42 63 40
15 54 17
37 19 17
42 10 7
15 24 3
51 84 4
14 27 37
38 83 27
38 7 29
12 33 18
49 57 23
12 22 27
2 62 30
19 5 40
15 61 9
25 92 35
18 22 15
12 5 14
36 69 12
1 74 30
36 93 14
13 1 34
44 26 2
46 89 11
31 59 25
34 91 5
19 95 32
32 6 39
27 3 7
53 19 16
8 20 32
6 18 27
12 88 13
35 94 4
38 15 31
15 13 5
35 91 7
18 37 23
24 1 5
35 38 5
38 5 3
20 55 29
23 92 39
33 53 26
30 40 26
20 82 3
24 78 18
6 7 17
34 63 9
15 31 19
36 53 30
16 76 14
35 29 40
38 14 39
19 33 9
9 88 3
46 26 29
47 11 8
49 73 37
31 58 15
29 57 3
16 41 30
35 27 40
2 24 21
18 27 25
28 82 27
42 47 16
7 68 32
32 32 11
30 31 32
30 8 5
40 20 15
48 38 9
28 83 7
44 86 34
34 65 6
42 2 16
16 65 4
14 48 8
39 47 23
34 21 6
4 33 10
8 20 17
41 89 31
49 42 20
11 75 29
42 28 35
15 1 6
37 18 31
48 74 7
38 35 26
7 23 34
44 16 26
23 77 18
36 67 20
54 58 2
28 92 38
12 1 31
13 56 25
32 13 15
11 11 13
41 68 15
27 93 38
53 49 34
50 95 36
38 50 15
29 81 14
43 93 27
49 67 24
15 74 25
49 76 8
41 60 19
29 86 20
30 80 6
27 70 25
42 76 36
4 72 19
34 34 12
43 50 34
2 45 9
17 77 23
35 33 20
38 4 7
19 11 38
20 12 3
14 74 13
45 46 28
36 41 2
36 89 40
35 7 24
3 46 27
17 20 18
15 54 22
7 34 4
20 73 18
38 77 13
37 80 18
11 71 24
29 75 32
41 62 37
5 40 33
2 87 23
23 37 9
2 54 33
4 38 7
2 60 13
37 51 27
52 8 7
3 18 21
3 28 25
20 60 18
21 96 35
29 17 13
13 74 36
4 38 9
48 56 29
51 1 36
22 82 30
24 82 29
23 57 17
42 83 23
4 63 3
26 42 16
1 96 20
49 52 14
13 80 10
18 36 37
10 78 36
22 4 38
24 38 10
19 82 38
2 6 16
21 82 36
11 94 27
7 84 8
23 59 40
11 19 12
13 95 40
8 21 30
46 41 10
26 33 3
7 10 2
49 62 37
14 88 22
46 6 33
45 32 39
35 13 22
37 60 12
53 72 18
39 25 8
15 60 37
10 30 10
42 41 14
9 81 24
48 84 15
19 68 23
53 73 9
26 64 11
44 83 37
39 75 9
3 15 22
50 96 12
34 33 27
3 21 7
53 75 25
3 71 2
21 14 24
51 14 9
9 94 7
16 24 3
41 49 7
2 44 32
28 86 24
41 69 32
26 56 24
30 49 38
7 40 39
50 83 37
18 13 22
7 44 35
52 9 26
2 78 39
14 66 5
30 9 12
38 66 39
9 83 26
48 37 9
8 95 8
7 26 11
53 84 23
49 12 12
39 90 40
4 64 3
38 2 15
45 77 28
16 53 33
30 58 22
12 88 8
27 10 6
49 55 7
31 14 13
13 51 9
54 49 28
21 17 23
43 20 5
2 14 8
18 18 38
27 61 29
19 93 19
42 8 21
1 71 14
23 47 32
1 27 40
8 17 11
34 90 22
12 85 26
51 82 11
29 7 3
40 18 2
39 32 30
47 20 22
32 61 24
53 72 23
6 24 28
12 77 32
49 33 30
1 50 35
42 92 32
6 16 7
49 41 4
53 61 23
27 74 31
1 67 39
34 89 39
28 17 9
34 50 33
41 19 30
22 26 28
38 91 6
12 61 7
34 20 30
2 24 15
31 33 2
7 42 40
39 2 34
54 18 20
14 31 32
30 55 25
51 24 31
33 7 10
52 66 12
32 80 27
50 78 2
11 30 9
34 19 17
7 40 24
43 56 26
30 7 29
10 16 14
43 6 35
43 78 12
13 93 28
53 77 35
25 51 13
40 33 28
20 69 8
49 7 32
3 19 31
7 47 32
5 92 19
42 36 27
30 37 22
28 47 9
47 4 18
12 14 2
54 69 21
6 63 32
14 56 28
15 12 3
25 58 39
54 51 23
38 25 26
9 33 33
22 9 18
51 65 24
18 63 14
40 17 25
11 14 37
2 6 18
34 49 16
35 71 12
50 75 38
9 70 23
45 76 17
54 30 24
10 42 26
34 78 13
52 5 29
33 33 27
36 76 20
36 74 31
43 47 5
4 51 14
3 71 11
32 43 30
53 67 34
54 19 40
10 15 25
5 57 22
52 86 20
47 62 28
31 90 12
22 17 8
19 43 30
10 77 6
3 50 11
18 23 12
44 30 28
2 27 3
8 54 19
41 84 20
27 41 14
37 67 30
8 2 3
35 47 20
37 71 10
50 19 22
49 85 32
24 47 40
45 64 16
11 93 28
19 11 40
10 40 40
32 4 21
48 75 17
21 11 24
11 67 15
12 40 29
36 74 23
24 77 29
2 3 35
33 59 1
18 88 37
33 23 30
40 18 4
42 83 2
27 23 38
5 68 21
21 52 2
54 50 38
31 86 3
35 7 7
18 7 19
20 57 35
27 44 26
23 77 28
8 85 15
16 54 32
7 79 26
11 40 28
16 23 29
54 6 9
51 22 6
27 73 22
46 39 4
5 63 10
2 78 5
49 33 20
26 66 7
8 92 25
37 78 34
44 16 36
24 83 32
15 59 7
27 85 35
53 28 35
30 5 38
40 30 14
43 93 39
23 20 2
38 25 12
49 11 5
41 31 37
46 26 12
43 6 21
11 47 16
23 96 11
19 45 6
8 94 34
54 41 27
1 2 3
42 23 15
20 49 36
51 69 29
22 44 19
41 92 11
34 38 4
50 26 36
1 88 14
19 81 28
38 86 25
7 54 39
33 79 27
26 54 19
12 86 8
12 78 11
16 65 35
34 69 36
10 96 25
27 61 16
45 33 40
8 44 37
46 87 5
48 71 4
23 22 32
21 19 18
14 94 21
42 38 40
18 80 32
9 20 20
40 39 18
32 70 11
39 59 26
23 8 2
49 64 12
43 73 30
33 2 22
1 63 38
4 13 22
19 10 33
8 46 21
1 90 8
44 22 39
24 6 29
29 82 20
43 75 40
47 25 17
29 11 27
30 21 36
16 83 2
47 44 3
7 40 25
34 78 5
45 2 16
7 34 25
20 31 19
16 19 29
32 83 11
37 17 31
54 53 14
15 13 5
53 85 21
12 94 16
13 15 22
3 6 18
18 23 36
25 58 6
35 70 14
8 54 5
43 86 4
20 8 35
11 25 8
10 78 37
5 48 26
10 65 39
43 28 23
54 80 12
37 96 12
3 12 17
8 51 40
5 2 15
40 1 12
2 72 26
53 91 10
42 30 12
42 3 6
47 60 13
51 82 30
32 67 2
45 95 2
34 2 28
28 74 35
28 21 4
9 2 39
36 45 35
26 89 10
39 47 30
28 79 29
17 56 25
17 65 40
40 45 14
36 33 14
28 28 10
7 54 5
1 7 40
5 80 17
37 23 34
52 67 39
1 13 31
12 87 36
30 62 36
7 60 10
7 30 7
25 77 12
2 11 29
25 34 23
3 87 7
44 87 25
37 80 6
31 29 22
50 21 32
15 94 29
32 87 6
29 12 1
35 19 28
12 8 3
52 66 9
39 35 13
42 77 3
37 40 39
16 35 15
7 46 40
52 63 35
7 17 1
50 50 12
48 67 9
43 61 7
45 73 27
51 5 20
45 22 33
18 30 36
27 12 27
9 11 33
5 18 19
43 34 35
30 87 18
49 84 12
8 15 25
18 55 6
6 34 36
10 45 14
15 84 14
26 58 30
45 16 7
14 57 19
48 95 1
54 83 31
32 2 13
54 76 30
41 66 23
22 23 28
5 76 8
36 46 22
7 40 8
14 48 34
32 14 34
7 60 20
7 49 7
7 52 29
19 1 24
52 81 39
28 49 5
3 21 24
38 83 32
10 42 8
52 14 16
53 96 11
44 96 18
26 90 5
48 82 32
37 39 24
21 49 21
46 89 34
44 46 7
24 76 11
17 34 26
18 63 13
19 29 26
20 89 35
1 3 22
2 83 17
35 6 20
43 95 6
50 5 16
22 85 36
22 94 39
9 11 20
36 87 9
43 19 16
15 65 38
34 27 2
18 83 6
45 51 9
48 16 40
23 25 31
23 77 30
46 79 1
52 67 26
26 51 6
8 86 38
40 51 2
26 91 6
40 88 16
15 44 29
6 20 35
45 47 32
30 58 33
49 48 21
17 34 15
16 5 17
52 39 12
48 55 2
29 68 4
45 84 23
19 21 8
39 80 1
39 77 5
47 94 11
45 77 26
38 63 17
1 40 21
40 48 31
37 81 2
35 94 37
41 19 38
13 48 38
48 95 19
18 27 33
13 68 24
48 77 36
14 76 12
9 1 16
27 15 15
17 12 20
17 61 32
4 91 39
43 90 26
3 68 6
6 93 19
45 70 12
41 60 21
24 7 40
30 30 18
5 64 11
53 89 33
30 26 22
15 22 38
9 95 35
37 78 25
52 79 9
38 80 29
34 88 8
42 17 4
13 5 31
28 91 34
5 51 6
27 18 39
14 35 14
20 82 17
53 61 31
18 90 38
28 74 17
6 40 29
8 1 10
7 76 30
27 66 6
15 5 19
28 31 22
42 62 20
51 53 27
4 29 25
15 59 35
35 34 2
53 2 28
47 53 23
47 40 18
8 24 22
19 94 9
9 90 9
5 26 18
15 18 13
51 12 30
32 39 36
46 63 26
40 48 16
34 50 23
22 54 29
30 56 7
37 56 23
12 30 11
48 27 31
48 87 26
17 24 23
23 21 37
23 50 8
2 78 19
42 37 7
2 24 26
38 63 29
4 71 23
43 23 8
23 58 20
25 9 10
36 61 37
4 91 17
49 66 19
20 14 17
7 74 28
29 6 37
2 29 9
53 57 8
37 48 22
34 47 35
13 50 20
49 86 20
37 60 10
16 13 2
38 77 17
16 70 16
17 68 40
45 78 11
24 92 15
16 93 39
50 70 36
9 87 22
49 23 22
18 45 3
48 65 4
35 59 11
22 69 31
11 29 2
14 63 10
33 75 19
51 28 8
1 84 5
52 89 28
8 8 38
29 42 3
6 58 20
44 56 12
5 26 16
40 44 10
20 66 13
4 76 38
24 43 40
3 69 2
7 30 27
44 87 8
39 42 34
21 34 10
25 47 13
28 83 6
12 53 28
2 60 9
22 42 4
47 45 38
28 66 25
15 78 6
3 91 8
30 68 9
35 73 33
17 44 2
28 83 39
19 53 8
26 44 34
45 87 19
6 31 16
27 26 4
10 73 39
26 1 10
53 63 13
41 79 3
4 30 28
17 10 17
52 19 17
53 13 24
41 2 9
19 81 15
28 9 14
2 80 2
44 49 22
14 30 9
35 22 21
6 48 35
15 90 40
42 24 31
13 78 13
15 59 24
33 5 33
16 44 34
21 33 7
23 50 8
11 2 22
37 74 2
26 7 4
14 82 13
33 84 25
40 74 17
47 64 16
45 37 31
5 55 7
29 53 24
2 10 5
30 19 15
19 51 12
48 12 4
14 6 4
43 22 34
52 71 27
46 3 19
11 4 14
22 95 19
28 54 5
4 83 20
13 17 19
45 90 16
4 90 4
21 46 5
34 87 24
32 47 5
42 56 4
53 17 32
38 28 38
39 15 39
24 92 2
52 52 18
2 60 14
37 15 25
14 50 13
31 77 27
34 28 33
52 34 25
4 26 8
10 81 11
16 7 24
42 79 37
44 64 17
43 63 20
26 78 13
45 51 37
52 32 12
32 20 16
18 56 32
24 59 15
4 54 9
43 77 4
48 16 14
30 92 21
8 96 19
53 9 23
53 47 27
25 6 12
47 65 18
26 57 10
48 48 24
37 26 33
23 17 10
35 24 37
38 53 20
32 70 19
36 52 6
22 14 11
29 69 36
42 39 27
26 49 18
4 76 7
33 36 4
29 33 5
2 73 5
35 41 8
42 60 16
43 49 36
35 56 13
25 17 14
35 25 35
36 17 9
9 9 33
42 39 9
12 60 16
46 73 25
27 96 9
39 58 31
22 82 13
18 16 34
10 48 2
24 37 32
42 84 6
21 57 13
46 36 29
53 12 24
6 79 1
43 17 3
34 71 30
50 25 5
24 63 3
40 89 35
4 87 6
48 25 15
48 23 37
7 12 27
15 14 23
37 24 8
42 43 2
28 27 23
41 35 30
6 91 8
10 43 24
23 15 25
29 48 3
6 55 27
48 87 28
42 92 26
53 36 6
44 18 11
50 59 33
17 85 2
27 15 33
22 94 38
37 76 3
28 53 16
49 45 28
4 59 19
49 22 5
49 41 4
52 80 18
45 6 26
5 43 32
42 63 19
20 30 32
23 1 26
24 17 40
1 84 7
36 77 34
25 82 37
13 47 30
1 37 37
35 4 15
6 32 3
13 35 7
46 23 5
33 22 28
19 13 22
44 73 3
54 5 20
37 51 10
39 74 14
7 73 25
17 19 26
21 12 5
33 39 34
16 69 26
25 27 34
15 14 34
5 6 15
50 44 1
24 92 32
28 91 16
40 41 17
29 67 24
32 22 19
17 35 25
49 96 18
43 20 24
4 30 12
33 87 26
33 84 33
2 89 22
41 77 21
40 5 36
20 69 19
38 27 8
14 55 15
36 50 7
23 44 14
43 13 13
3 96 27
48 49 18
32 45 36
48 89 18
16 83 1
43 95 30
47 48 16
39 3 30
43 71 1
34 55 31
43 67 38
24 50 17
18 24 1
14 36 5
11 92 21
39 17 16
53 87 14
13 24 21
33 84 38
27 24 25
2 28 38
30 63 18
54 22 31
18 83 28
3 33 15
44 72 16
41 19 10
26 6 20
31 35 14
52 22 24
45 33 40
11 13 26
50 9 4
54 87 26
54 15 29
27 95 15
50 60 22
47 32 11
52 33 20
44 10 35
46 18 26
8 30 13
19 76 36
49 27 19
26 45 33
35 55 18
1 87 29
24 91 3
31 53 39
53 71 3
34 72 19
20 78 32
13 1 35
46 32 38
8 54 13
6 49 40
50 12 3
48 48 33
50 79 8
13 79 38
9 72 1
16 93 22
2 8 20
3 37 15
48 10 11
50 96 30
47 41 2
52 80 20
24 51 8
2 92 16
54 86 21
45 60 18
31 80 6
18 59 24
16 9 31
42 36 24
39 46 40
16 40 21
40 43 5
26 74 15
42 86 2
17 47 39
54 19 4
52 89 17
31 56 14
5 59 24
38 9 17
45 67 3
4 42 37
3 3 1
32 25 29
25 95 28
48 85 6
45 49 10
9 80 20
12 44 33
30 58 23
27 20 11
36 64 13
26 39 18
40 64 23
17 30 31
11 86 10
12 19 9
38 75 38
14 81 32
44 58 23
30 31 40
53 4 12
46 68 2
28 13 38
1 71 33
52 4 13
36 54 19
1 50 24
8 29 2
39 74 9
21 14 21
24 65 14
24 48 3
5 73 25
46 3 38
45 52 28
34 47 23
17 23 15
53 36 1
49 22 16
3 65 25
8 60 37
21 66 1
50 45 5
20 3 22
35 1 35
49 18 2
50 8 29
38 14 7
5 24 8
41 21 23
15 42 34
18 82 1
37 25 14
6 89 37
9 61 33
12 19 8
50 17 24
50 22 17
47 26 17
8 71 30
34 4 8
10 33 24
19 3 32
29 25 19
1 12 2
36 95 33
41 17 31
40 27 27
20 22 22
43 72 1
38 22 21
5 17 3
9 51 27
4 29 2
49 26 18
2 91 38
34 57 17
52 62 39
44 56 27
34 59 15
22 89 28
8 75 21
54 7 6
13 53 3
19 31 13
23 22 39
20 70 33
13 81 1
29 56 21
41 93 5
19 95 11
36 83 15
12 81 16
11 45 37
48 32 16
46 74 12
4 56 8
23 28 3
21 46 28
4 5 17
53 4 10
18 55 5
11 21 20
7 9 36
6 10 24
10 72 34
27 23 10
18 10 5
30 88 11
42 21 1
19 55 38
30 87 14
49 69 2
3 58 2
14 75 17
23 67 22
35 41 20
19 69 4
19 46 16
18 15 17
36 88 36
46 75 35
3 24 22
16 95 10
18 13 39
29 91 11
40 95 9
54 70 18
37 10 25
36 58 2
44 10 5
8 20 24
12 68 30
31 93 40
47 34 7
24 14 6
32 92 17
53 93 35
30 37 6
3 22 26
46 53 2
52 36 3
33 19 18
7 4 23
38 63 5
25 28 10
32 33 38
5 40 11
21 3 14
27 86 21
33 78 39
11 2 9
26 61 8
41 69 18
35 82 14
15 30 37
3 12 14
14 89 5
32 67 35
23 43 16
35 57 38
38 37 7
33 89 18
53 13 35
31 47 1
17 78 32
53 19 15
18 35 17
33 10 11
10 77 7
13 93 20
45 11 3
43 12 8
8 15 19
8 72 37
7 59 7
1 9 28
7 66 11
12 92 14
52 94 35
3 29 27
37 48 13
52 12 6
38 60 6
42 77 10
35 64 39
26 42 21
20 33 11
1 33 13
53 10 27
13 66 19
29 76 39
42 18 23
9 79 21
23 5 2
34 66 14
23 37 39
27 63 22
40 51 11
52 14 13
9 85 27
2 89 19
42 15 21
6 16 10
8 38 10
37 15 6
21 7 21
41 79 2
46 10 16
11 79 37
52 47 35
45 46 29
20 81 39
18 42 15
45 36 1
40 60 22
36 4 9
33 35 39
22 13 4
4 57 39
18 86 24
47 74 12
54 32 8
18 40 26
29 80 36
34 85 9
50 18 31
46 86 25
45 6 10
37 78 15
40 49 34
15 46 5
3 6 22
29 95 9
21 82 37
29 18 33
54 66 23
46 68 9
51 23 5
22 85 40
48 20 34
53 16 10
7 86 2
23 62 36
17 61 15
4 3 7
49 23 32
24 48 6
35 79 38
54 68 30
45 65 36
1 44 2
18 95 25
46 14 3
17 85 36
50 20 29
4 10 17
38 64 22
49 20 20
8 94 33
37 85 34
45 76 15
33 93 21
21 48 29
50 14 28
2 1 8
28 84 25
23 48 34
46 53 9
4 29 31
28 45 8
14 52 14
32 26 7
8 10 29
45 86 18
32 95 19
9 24 13
37 59 17
43 59 27
27 22 4
33 88 11
5 26 1
5 55 17
37 42 25
54 70 24
54 89 30
30 53 37
37 94 8
28 21 18
10 96 39
39 91 10
1 54 4
44 25 13
15 85 14
52 6 8
54 24 37
32 11 11
1 7 8
17 32 28
34 12 34
52 61 2
29 29 29
39 25 35
30 88 25
32 68 21
1 61 18
30 93 30
33 14 2
1 34 2
10 15 15
7 35 33
46 15 16
23 17 38
3 10 24
2 66 36
17 51 7
16 10 29
18 13 29
13 75 18
16 44 18
23 36 33
31 29 26
46 29 7
23 18 11
37 26 3
2 4 10
31 9 19
15 66 30
35 18 31
7 18 38
15 25 28
31 43 3
51 82 7
54 85 5
27 84 6
48 58 26
18 87 7
11 34 29
44 50 1
45 46 25
19 35 33
11 35 27
49 27 34
33 17 14
32 46 19
5 73 26
45 90 33
6 89 32
52 31 25
34 12 24
14 74 30
19 43 19
30 31 40
44 62 38
49 54 9
31 3 30
3 42 38
17 1 10
42 60 3
43 92 10
10 95 3
23 50 14
11 48 6
33 92 36
35 77 23
49 20 27
23 91 20
40 1 28
50 87 24
23 64 32
16 33 17
29 94 24
54 45 29
36 87 22
54 28 14
9 8 16
6 4 17
44 55 39
1 35 17
34 89 36
24 25 14
42 94 28
34 31 37
54 29 11
49 14 13
11 13 19
37 91 25
47 88 28
5 85 1
13 71 35
10 83 27
47 89 14
52 89 32
3 68 37
28 80 10
25 29 26
10 37 40
35 83 20
31 39 23
21 86 5
15 34 35
37 26 36
1 29 33
4 32 39
14 75 25
35 85 39
51 95 30
33 21 14
43 83 37
54 18 21
48 35 25
30 10 37
8 32 6
5 94 35
12 79 29
48 64 17
49 31 22
39 48 7
31 45 39
12 49 16
33 60 32
46 92 18
30 20 30
3 87 7
36 76 40
46 59 23
30 38 36
9 57 19
20 70 3
8 55 4
27 67 15
52 22 40
24 61 17
29 84 20
50 31 1
13 33 2
20 84 17
29 60 11
3 33 15
23 39 18
32 48 14
22 36 13
5 19 7
27 72 21
48 40 34
4 49 30
1 55 33
23 36 3
52 3 29
24 89 26
15 93 13
23 81 3
35 17 15
25 8 32
1 15 33
50 71 15
25 60 36
31 16 20
21 25 1
2 92 25
11 32 30
40 11 21
20 11 14
40 27 11
20 36 38
40 18 34
35 49 40
46 44 4
6 41 15
21 65 38
33 61 36
16 5 7
20 2 14
2 4 24
20 72 38
17 51 38
33 21 18
21 6 2
17 30 8
13 67 39
8 71 8
14 16 1
30 46 29
3 4 24
12 38 7
1 32 3
24 36 3
7 1 37
47 84 5
3 53 18
42 37 38
1 35 40
45 44 36
10 53 1
30 52 3
46 89 35
33 6 19
6 7 31
24 66 19
36 68 19
38 22 39
29 5 29
29 72 33
20 54 39
43 29 3
25 47 39
39 52 29
24 43 26
22 71 29
54 57 7
26 4 29
46 76 35
19 92 37
51 84 23
29 74 31
18 29 33
19 53 25
2 14 5
11 8 33
32 57 39
42 68 39
44 59 5
16 66 10
13 58 30
30 78 11
1 58 27
20 31 39
53 26 12
30 2 40
33 13 27
31 3 31
26 75 34
2 38 28
32 69 33
5 61 14
29 93 13
29 49 26
32 1 6
40 2 36
34 91 40
36 9 15
34 4 6
39 96 4
37 35 10
18 33 37
14 21 5
53 15 31
25 15 37
19 68 17
23 71 31
1 61 28
8 40 6
41 67 3
44 49 38
47 47 30
43 63 13
13 39 23
6 39 17
52 44 16
33 40 17
43 54 36
39 30 32
42 5 33
27 38 34
2 76 18
23 37 24
54 2 23
10 81 40
40 76 38
27 60 32
4 1 28
45 39 23
32 47 8
28 20 27
12 3 4
15 68 4
21 96 12
28 68 12
1 61 26
3 87 5
21 23 28
49 4 21
7 35 31
12 45 35
36 59 12
30 61 3
24 9 27
44 20 29
47 70 35
26 39 12
34 1 32
9 57 16
41 43 3
2 92 33
1 75 21
51 87 27
17 76 33
38 46 10
36 37 28
4 40 34
36 35 22
34 13 21
24 52 22
24 76 17
49 54 29
14 72 19
30 8 35
37 80 2
1 96 1
17 30 8
52 13 25
50 41 19
14 71 28
24 76 22
44 69 3
49 8 10
23 60 29
15 73 17
50 68 12
44 45 39
22 16 11
24 55 40
18 71 18
42 47 1
28 52 1
6 96 22
27 19 12
52 17 15
4 22 35
20 40 38
46 22 29
25 95 15
36 64 39
10 37 11
30 76 29
38 54 27
46 81 35
7 53 3
10 96 26
16 94 36
52 23 17
25 76 14
28 13 31
3 9 8
22 8 24
2 91 36
51 58 11
11 43 31
7 59 7
33 44 15
25 58 24
8 20 30
48 59 31
44 81 19
18 9 3
3 76 7
2 74 11
31 40 40
53 93 35
39 66 37
16 57 5
37 8 6
17 50 8
27 57 39
19 90 6
48 80 38
29 41 8
19 82 16
20 55 40
25 25 19
24 55 26
37 25 4
24 46 28
13 27 32
6 45 1
48 8 39
11 72 22
36 27 31
54 95 25
33 36 30
15 80 28
15 72 11
43 40 12
51 5 21
43 40 19
30 76 3
15 29 35
7 5 24
23 27 5
27 94 25
16 37 16
40 86 35
9 48 29
14 59 3
1 39 18
50 80 6
5 86 10
41 30 8
25 2 28
33 89 28
32 70 9
17 11 14
32 82 9
50 66 27
35 59 26
48 16 24
33 40 13
40 75 28
27 42 39
36 26 15
11 70 12
46 30 25
24 69 19
10 4 24
2 85 3
3 4 27
33 46 34
34 55 29
20 81 39
5 75 36
36 88 16
51 21 35
1 51 30
32 80 6
34 43 34
25 34 24
17 26 33
52 6 8
33 73 20
21 5 20
11 86 11
19 79 4
31 25 36
27 1 20
8 63 12
52 32 15
30 29 32
17 18 12
8 96 4
33 57 13
22 86 13
7 22 31
51 71 30
47 62 28
1 8 39
38 21 38
33 63 5
25 43 39
38 68 22
53 14 17
47 7 31
26 69 34
22 79 35
50 62 40
35 74 3
40 1 3
25 68 21
4 17 11
30 83 13
21 78 38
53 48 27
17 95 21
29 8 29
26 27 4
14 64 14
38 78 14
32 34 40
23 75 6
44 70 26
4 71 3
16 56 37
9 87 4
17 95 28
39 65 3
24 25 19
11 16 3
19 43 9
9 15 29
24 44 37
41 75 15
20 60 5
51 65 40
48 16 33
10 48 35
10 44 18
21 19 2
39 40 24
32 46 25
15 56 21
8 88 26
45 82 17
4 32 32
44 32 11
36 29 32
22 58 24
40 89 4
36 73 38
2 86 33
7 93 23
26 84 23
8 62 11
35 49 26
27 64 17
52 28 35
11 9 1
37 94 35
39 53 40
23 84 35
50 62 21
43 26 27
24 47 4
51 12 40
13 31 13
40 22 3
17 28 35
28 38 33
39 71 1
36 2 4
22 66 28
53 22 40
2 85 22
9 18 31
6 51 10
27 60 9
38 43 21
9 16 13
32 95 11
26 66 17
23 63 15
32 2 25
47 40 22
9 61 39
37 70 2
46 28 34
34 96 24
54 4 36
8 58 17
6 20 38
41 66 2
50 94 27
4 69 10
30 48 39
9 4 34
32 65 10
48 52 16
20 71 15
1 96 4
30 45 36
31 45 12
54 34 34
16 89 11
39 76 18
34 58 29
25 31 4
25 74 32
40 43 5
49 3 10
10 79 38
25 1 14
52 46 30
25 10 5
29 32 15
7 5 7
40 45 13
49 9 32
32 13 7
52 84 5
19 86 27
8 82 28
23 30 6
47 64 3
54 18 9
40 5 37
31 44 15
44 37 14
1 54 16
30 13 29
36 16 7
25 86 27
39 83 3
3 3 39
24 81 15
19 1 9
25 9 12
48 86 11
40 65 19
35 30 25
34 79 31
14 45 4
12 80 19
6 68 12
42 11 25
52 93 10
9 70 15
7 45 39
26 63 35
24 12 1
47 59 33
12 66 3
17 96 6
5 15 11
7 40 26
23 77 40
3 20 14
26 66 28
36 77 28
25 87 23
51 80 13
22 66 33
33 93 3
18 56 22
32 38 17
16 32 9
1 91 6
13 9 13
48 56 6
34 31 22
5 9 19
49 16 29
3 56 35
24 87 1
32 59 15
35 65 11
25 48 18
33 3 17
28 37 20
42 55 33
33 3 24
29 52 17
53 49 24
7 78 38
26 18 1
6 15 6
48 51 13
44 26 3
11 50 9
48 1 34
6 88 20
23 47 7
13 79 16
43 43 13
47 72 36
29 79 19
5 38 2
35 93 13
50 67 13
44 50 12
52 55 22
8 26 5
2 68 37
1 40 19
40 34 35
18 88 5
15 26 25
43 51 12
26 3 17
2 96 7
49 58 9
45 77 37
28 88 6
20 65 34
54 56 25
48 59 29
22 41 25
3 39 14
40 37 17
28 4 9
52 39 28
5 55 29
36 82 4
3 18 34
2 66 32
45 39 22
37 26 5
27 87 11
37 74 40
19 63 22
16 60 10
49 2 1
37 84 30
44 64 12
53 85 30
30 15 5
2 61 22
40 53 21
9 55 26
41 65 26
23 30 2
31 78 17
53 81 1
12 73 15
10 36 1
48 4 4
29 69 28
9 79 16
13 54 24
18 22 18
31 54 21
33 86 18
19 18 6
30 23 30
49 40 32
34 5 34
52 18 38
15 77 39
50 52 8
31 38 18
6 33 21
19 88 19
51 5 11
16 19 10
47 62 29
3 96 35
42 48 2
27 70 16
9 22 32
18 55 24
21 24 37
12 34 16
22 1 25
12 13 10
49 7 1
38 87 30
54 64 36
45 16 21
37 26 17
12 7 26
40 33 12
49 77 17
51 84 32
22 81 21
5 75 12
11 50 38
40 64 10
32 28 25
43 70 11
37 67 10
19 34 15
47 92 34
5 43 26
25 2 10
29 47 30
3 17 15
16 48 16
24 45 40
37 47 12
54 19 8
31 81 30
47 90 24
5 52 13
40 84 19
42 12 6
45 15 36
39 29 35
37 67 39
33 85 10
52 59 13
12 58 9
16 72 31
29 59 39
31 45 26
5 2 11
22 69 4
14 43 20
39 25 17
12 47 12
2 66 39
10 67 6
33 86 13
16 88 27
7 60 32
27 69 33
41 16 14
49 39 11
54 58 16
4 86 13
9 44 18
26 48 2
23 11 34
30 4 2
31 54 9
12 95 1
19 12 21
1 29 19
35 58 3
11 42 33
19 78 22
10 95 15
28 29 17
11 2 32
13 2 37
34 79 24
28 34 15
8 39 25
25 95 30
48 78 4
4 42 11
29 54 33
18 17 5
39 95 6
20 11 31
21 79 7
4 11 15
39 23 4
8 87 19
36 17 11
27 77 14
16 68 17
33 29 1
42 96 26
38 42 16
11 32 19
46 26 27
45 43 29
16 31 21
50 60 22
52 96 18
35 29 4
2 68 39
50 96 13
4 10 26
30 76 31
23 23 16
8 73 31
6 20 8
37 32 5
9 89 22
9 13 10
19 30 25
22 47 1
9 76 17
18 77 22
39 33 21
37 21 18
44 56 34
7 77 9
15 80 31
5 32 33
25 23 34
44 13 39
19 18 14
42 44 11
43 77 5
31 59 30
14 11 40
21 37 32
11 6 14
7 42 2
4 24 17
10 93 22
45 42 14
36 38 17
22 54 32
7 53 22
48 40 20
14 51 33
49 46 37
25 32 31
31 89 34
31 81 30
46 79 7
26 21 36
38 71 36
37 67 39
6 54 28
52 25 15
34 47 24
2 51 11
38 48 8
10 96 20
36 22 35
26 73 38
14 37 28
4 85 13
31 96 22
1 74 23
37 77 13
26 37 39
21 52 21
34 56 15
34 34 3
9 35 23
23 63 12
51 87 37
50 3 16
50 83 22
39 12 19
29 78 10
52 62 28
24 79 29
6 8 2
28 25 12
21 14 24
15 68 35
1 80 18
9 86 19
50 56 30
18 77 1
50 72 3
42 69 12
11 61 9
2 61 33
9 82 35
24 92 23
51 72 14
45 55 38
45 67 17
47 56 40
40 46 36
40 95 8
24 10 21
47 78 22
52 46 25
47 96 2
15 90 4
9 37 30
52 93 16
31 7 22
39 53 20
20 31 17
19 78 8
3 93 1
42 12 2
2 64 38
44 61 23
5 78 37
48 11 38
43 81 28
8 20 37
1 32 1
27 22 2
50 83 19
25 52 32
27 96 31
11 19 1
41 46 2
21 35 35
6 8 32
31 39 3
22 85 38
26 68 32
2 66 25
53 92 2
46 43 28
46 18 29
26 13 37
48 30 9
3 8 32
38 44 8
1 39 13
14 75 16
40 55 18
49 57 17
39 78 20
27 42 22
46 53 29
49 85 31
24 45 22
36 70 34
33 94 16
8 64 33
24 16 1
53 31 10
4 5 10
47 76 17
49 36 18
5 75 33
19 33 28
45 56 1
31 52 7
33 71 1
48 92 6
22 69 17
45 19 5
48 20 28
28 30 24
29 2 16
14 96 28
27 4 33
23 5 10
5 3 2
32 31 24
24 41 4
12 81 14
19 10 12
30 62 38
46 43 35
35 13 29
21 13 11
23 8 20
26 7 35
12 77 6
44 23 12
30 84 15
37 89 2
25 49 35
42 15 27
17 5 7
31 24 38
54 88 6
1 18 22
20 8 9
15 83 36
2 13 1
29 87 29
47 3 26
27 13 34
30 87 25
49 21 38
53 43 15
48 66 31
5 86 6
9 73 21
6 11 7
28 39 30
11 41 23
29 38 37
24 66 23
1 24 35
33 10 7
12 83 9
35 20 11
43 16 40
31 17 13
48 16 29
23 1 7
22 57 22
14 41 10
38 78 33
41 2 32
16 31 11
44 28 38
28 83 18
10 64 25
32 23 15
36 73 9
52 55 7
7 24 11
13 66 28
13 82 29
52 77 12
38 66 19
28 37 28
5 67 16
24 49 14
26 70 11
27 6 32
20 13 19
50 95 34
15 82 28
48 42 10
8 68 37
13 67 25
13 43 8
53 30 33
4 84 12
31 75 9
54 96 22
47 89 33
41 8 31
8 70 32
48 93 8
35 3 7
43 86 15
23 90 17
38 3 13
26 60 27
32 25 2
23 88 24
51 52 7
25 21 31
34 51 33
30 77 19
32 41 21
51 38 22
9 21 33
41 53 16
21 85 14
4 42 17
30 94 16
25 71 25
26 2 24
30 20 35
53 91 7
49 47 18
7 57 27
21 93 37
45 38 1
21 92 14
15 35 2
2 27 23
5 11 31
17 39 12
48 47 1
34 8 6
41 34 15
14 30 25
14 93 21
17 24 4
40 57 11
21 29 20
24 41 39
29 53 19
3 3 21
21 78 14
13 11 25
15 84 4
25 37 23
14 30 4
11 41 31
39 84 15
30 20 33
29 88 27
39 27 34
50 69 25
22 12 17
23 68 1
30 8 19
26 83 29
13 92 24
11 68 5
30 16 20
53 62 27
49 14 37
18 70 13
25 55 29
16 63 22
21 57 38
6 66 21
36 78 8
43 33 34
33 83 15
6 69 19
12 85 16
7 20 39
37 32 32
7 73 30
3 55 11
11 93 1
26 94 31
35 46 36
18 88 7
7 80 28
30 53 25
16 51 16
53 64 24
37 67 15
42 60 22
53 5 29
50 57 27
15 40 19
44 85 18
37 11 39
53 64 37
41 83 20
35 58 40
32 24 28
16 28 36
8 27 30
37 24 26
6 4 9
19 22 15
49 82 8
50 23 25
7 52 1
14 6 2
46 87 13
33 66 8
2 88 25
51 74 24
3 4 33
20 56 17
37 27 2
33 42 29
46 94 5
27 64 39
12 89 16
41 91 13
25 29 3
19 88 19
22 33 27
44 1 17
9 34 15
11 7 15
43 45 10
27 29 33
41 94 40
39 75 39
21 52 7
30 78 30
53 5 16
27 19 17
53 31 32
43 17 9
15 40 30
24 6 36
53 53 18
2 33 19
1 34 36
48 34 8
30 19 26
16 85 24
6 25 21
15 78 17
50 7 31
4 75 33
9 46 14
48 85 4
45 63 8
36 80 32
15 19 15
14 80 26
50 58 38
15 53 12
39 59 13
27 80 4
39 67 34
42 81 27
5 91 10
10 20 4
44 88 18
46 57 34
45 11 38
25 48 22
2 42 4
7 16 35
38 55 3
13 25 12
6 12 10
1 63 24
45 21 37
4 47 31
18 66 36
12 63 35
14 33 2
6 69 5
39 11 16
48 67 2
12 56 32
41 24 19
42 51 39
5 27 6
9 90 12
42 7 7
13 46 38
19 20 28
1 41 17
47 93 3
50 94 3
34 83 26
21 55 13
32 19 27
46 33 28
16 82 10
19 29 23
6 42 3
19 40 27
2 75 35
52 28 24
52 96 14
3 76 16
18 90 8
31 43 19
46 30 9
25 37 38
46 88 18
47 65 15
28 56 35
30 60 2
36 54 9
25 44 26
53 64 11
4 91 25
15 17 18
8 55 6
51 93 33
45 75 1
48 34 22
1 76 7
14 95 13
26 64 34
29 41 24
42 58 14
54 65 24
40 62 6
44 30 29
10 12 6
11 92 10
4 92 38
48 41 29
46 63 25
36 55 12
49 89 10
31 96 36
17 68 19
51 54 16
51 28 6
12 40 34
47 52 19
7 76 35
21 13 15
47 17 34
12 26 34
34 45 1
39 50 10
29 19 11
20 46 33
11 53 26
30 45 10
34 68 12
17 4 23
28 72 31
37 41 1
27 95 14
6 22 25
21 29 17
38 87 6
44 14 7
46 93 24
22 19 13
9 5 28
4 31 23
26 83 30
27 51 27
53 76 17
6 47 2
37 20 6
20 13 37
20 58 1
5 86 22
8 63 38
49 7 16
32 94 25
29 86 33
39 45 28
47 12 20
21 87 22
44 90 30
30 46 11
29 72 24
24 63 25
21 43 6
4 70 30
35 18 28
52 62 3
5 61 8
22 65 12
11 72 27
38 20 7
2 22 24
39 49 20
6 42 26
16 1 32
40 74 19
47 44 15
3 8 3
41 71 4
23 23 10
50 65 28
46 4 35
51 30 9
9 37 22
6 2 19
53 92 4
43 16 37
18 92 8
3 38 16
48 21 37
27 83 29
21 24 23
38 19 4
37 93 21
41 6 15
37 63 19
15 78 24
26 42 15
46 11 39
43 48 23
39 20 5
14 31 13
34 47 15
32 54 1
15 43 31
30 13 38
53 62 5
32 61 20
37 76 28
34 71 13
7 70 21
42 71 34
17 60 2
23 54 23
35 90 14
33 77 10
33 87 33
31 46 29
12 39 35
39 10 20
39 11 8
6 65 15
28 62 24
51 92 25
50 63 30
38 77 10
17 55 25
29 92 22
4 96 36
17 4 10
23 81 14
33 44 4
53 18 19
37 75 24
37 76 8
21 5 31
36 44 36
13 31 32
1 74 30
4 12 17
17 74 24
51 20 28
40 7 25
7 93 32
35 83 3
27 67 32
44 56 15
35 69 24
54 17 2
9 12 35
11 39 10
24 36 39
9 41 16
39 28 18
26 49 37
42 63 20
38 13 20
37 10 8
3 16 9
23 42 21
34 38 20
7 56 40
48 31 36
41 8 36
16 57 25
25 39 34
52 62 15
38 43 38
23 34 7
29 22 20
6 82 18
40 72 18
10 80 7
2 53 25
41 40 8
20 40 29
7 25 38
49 76 1
39 17 5
33 45 17
29 77 32
2 6 12
48 43 7
14 26 15
43 27 34
25 42 6
42 63 38
17 84 22
15 28 5
48 23 37
45 96 34
37 76 25
52 37 32
43 43 2
20 81 39
49 76 36
26 60 13
45 32 39
21 75 38
3 53 16
29 53 8
27 11 4
44 4 15
46 62 15
16 16 11
21 53 14
42 2 36
33 33 14
23 73 31
24 49 2
34 4 38
1 44 2
53 67 3
49 54 8
12 19 14
53 4 30
53 24 27
30 5 4
8 22 8
51 41 2
20 45 19
49 55 7
30 74 16
51 73 26
12 75 23
35 82 13
6 16 19
20 33 32
37 62 20
15 16 35
45 6 36
15 70 18
35 76 34
3 39 27
37 33 2
20 1 29
53 21 11
20 36 6
2 19 40
1 35 38
1 61 19
26 96 39
3 61 37
9 66 10
24 69 2
52 71 33
15 73 25
31 32 27
30 43 9
50 86 38
3 68 29
50 10 20
1 35 22
14 27 4
21 35 22
2 72 24
6 20 36
20 21 10
37 44 5
43 45 37
27 31 15
25 73 8
24 61 25
50 59 19
34 5 7
18 5 33
36 10 21
52 86 21
5 34 13
46 44 22
45 11 35
29 16 12
42 96 35
51 28 3
7 57 35
38 62 8
28 93 13
3 45 18
40 92 29
42 95 25
21 51 5
44 96 40
7 46 7
39 44 22
43 79 26
8 34 21
22 69 29
50 74 31
33 67 19
49 60 38
40 39 26
47 85 21
7 9 29
40 32 13
18 41 1
44 4 9
22 73 34
17 14 22
43 67 33
25 17 36
4 91 21
6 61 40
10 72 6
13 58 28
41 55 7
26 96 16
20 95 8
36 27 1
33 34 9
6 62 16
33 90 19
40 18 24
19 7 38
23 44 8
53 64 27
24 1 27
17 95 35
26 81 36
21 88 2
4 55 34
50 61 4
50 65 28
40 58 25
25 40 7
47 76 17
33 76 27
20 72 23
50 33 28
43 23 26
36 71 11
3 51 30
28 82 13
41 48 26
53 55 25
48 14 37
33 92 15
19 64 17
45 22 7
39 86 13
32 40 14
33 36 22
49 56 23
11 90 36
1 73 2
21 8 28
50 34 10
14 23 16
38 58 23
40 61 36
7 40 2
46 57 36
51 8 18
37 83 16
15 54 29
3 26 8
51 44 30
48 53 7
33 29 9
25 27 31
26 73 4
52 42 14
48 3 3
30 20 29
22 48 30
54 18 39
17 37 10
30 90 7
16 45 40
30 48 23
36 75 34
36 12 38
3 20 6
39 12 17
2 73 39
28 36 36
47 75 2
53 86 34
40 6 1
51 32 33
30 1 16
48 73 32
29 10 19
22 53 14
44 6 31
20 8 35
44 26 5
22 10 17
41 66 4
10 4 23
22 13 10
40 24 35
17 19 8
46 79 28
38 63 11
53 5 1
15 5 11
42 56 10
28 49 36
9 3 22
53 9 23
31 62 20
19 51 40
39 26 9
17 7 34
28 62 23
3 74 25
31 13 40
33 45 27
38 18 21
54 64 9
43 82 37
41 78 26
13 46 18
20 31 30
16 56 6
43 92 26
8 43 3
26 23 4
21 38 17
11 94 25
43 77 18
6 72 11
19 80 29
25 15 31
50 59 31
32 36 10
10 73 13
22 77 39
25 56 11
31 87 6
37 65 15
30 60 20
37 80 14
10 14 33
15 95 11
14 63 32
24 42 21
2 48 28
16 13 17
25 19 25
11 30 37
17 73 16
14 29 37
17 55 39
26 9 35
35 12 11
14 63 28
10 16 26
34 49 9
32 10 20
17 52 9
30 59 19
21 94 13
48 9 20
12 84 38
3 96 18
15 21 23
42 81 18
9 40 10
52 63 34
26 71 11
5 38 7
5 61 33
29 83 37
11 92 13
49 94 29
20 49 38
34 21 31
14 23 18
13 60 36
24 10 16
25 88 8
16 88 1
41 38 39
21 84 38
12 17 12
7 43 40
53 75 6
27 23 25
50 33 26
14 30 35
24 70 18
17 54 24
22 67 21
48 17 8
44 22 4
16 77 21
21 41 28
44 90 32
15 77 26
8 63 19
41 60 9
51 59 34
43 32 25
25 71 22
41 24 13
54 30 14
16 26 4
3 42 38
26 13 36
2 9 40
1 27 7
50 69 26
39 70 14
21 68 21
7 32 29
12 77 9
26 42 18
27 54 25
3 43 18
6 92 7
23 10 17
36 75 39
2 56 17
40 12 5
9 83 9
26 67 26
49 13 5
42 78 7
13 13 6
45 87 37
14 40 23
3 18 34
29 56 10
46 59 4
5 46 1
27 59 7
14 56 15
50 13 14
5 54 21
46 71 37
43 75 32
11 60 19
9 5 18
12 77 11
49 69 8
3 52 1
22 49 19
13 87 13
20 3 27
42 43 29
29 27 25
30 41 8
36 91 31
20 38 1
10 18 18
37 58 29
50 21 37
50 85 3
29 74 21
47 28 23
30 82 40
38 29 21
38 83 25
9 44 36
13 27 30
14 88 36
3 16 18
10 62 21
24 7 39
36 32 26
15 33 2
24 6 5
30 54 36
50 58 9
13 14 36
10 95 31
51 4 25
3 74 18
28 80 40
11 50 34
48 58 24
32 24 30
49 63 7
29 37 12
19 39 24
43 3 27
44 95 20
47 51 6
29 51 12
53 81 9
49 45 12
34 51 14
14 52 38
2 77 33
14 22 37
53 61 18
36 54 11
51 68 21
28 66 5
36 27 29
30 63 26
50 51 17
21 3 33
32 23 4
46 20 4
38 67 13
21 84 12
5 42 11
1 31 3
19 77 31
20 9 6
9 44 9
35 10 21
30 55 20
50 66 29
2 7 40
34 41 17
24 9 19
29 40 14
40 21 40
52 63 7
6 33 37
3 42 3
1 59 23
20 82 6
42 22 21
19 57 27
22 80 28
23 89 15
9 63 21
25 91 30
32 45 31
15 46 4
33 30 31
14 9 40
26 4 30
18 36 25
16 52 19
12 33 25
41 93 8
44 18 36
30 86 38
1 25 11
41 45 26
41 46 26
14 9 2
3 96 1
36 82 25
39 5 4
19 91 33
24 11 21
43 67 32
41 25 18
31 94 11
42 65 37
23 61 18
17 84 19
47 54 36
33 39 24
10 53 15
52 22 8
34 65 31
42 30 25
22 42 6
37 70 2
30 67 30
1 50 29
6 27 24
52 43 5
39 4 6
5 39 37
10 30 39
51 17 27
32 28 5
14 89 39
39 73 27
8 50 1
25 42 36
12 75 23
7 8 37
4 34 30
41 50 11
8 51 18
11 81 18
54 68 17
31 55 31
5 93 9
7 12 7
34 9 40
51 12 1
20 11 34
28 39 4
3 69 12
51 83 34
53 77 11
5 66 39
21 59 15
12 95 28
5 43 24
1 95 12
50 59 5
39 85 1
30 87 21
14 67 5
41 73 31
29 47 39
13 7 37
38 82 23
3 94 8
24 24 24
49 96 9
11 20 14
32 53 40
10 19 37
5 73 1
36 72 33
15 30 8
40 84 37
40 27 2
18 69 6
38 56 38
18 94 17
35 95 37
54 8 11
21 24 24
3 71 24
31 46 16
9 20 4
52 69 14
47 66 2
46 12 11
16 3 16
44 14 22
17 34 26
1 8 17
39 63 23
13 74 15
46 79 22
33 5 2
14 63 10
43 92 24
41 52 12
23 90 6
35 15 13
12 41 20
26 90 15
9 48 12
23 43 25
4 70 18
52 44 1
3 32 27
8 9 17
50 54 20
22 67 34
13 26 2
41 56 36
22 82 36
3 72 2
15 7 30
41 4 27
35 45 13
46 79 40
7 7 7
41 77 14
8 1 24
38 34 11
44 29 32
24 8 7
16 89 22
36 30 4
36 80 40
11 80 14
43 55 38
6 35 35
19 95 4
32 91 36
37 1 22
20 67 22
24 42 19
39 73 24
17 65 20
15 87 5
6 36 10
5 16 15
5 96 9
2 26 14
3 48 27
47 61 31
29 39 7
17 94 18
41 83 22
8 88 35
12 92 22
12 41 30
13 49 33
24 30 33
52 62 38
18 70 6
14 1 1
51 49 20
13 72 30
27 68 12
45 43 30
4 36 21
44 71 32
29 56 1
23 61 29
8 58 24
31 45 2
8 3 40
13 71 5
18 43 38
10 82 19
8 18 18
52 33 35
35 50 23
50 65 22
18 27 25
42 15 14
1 42 4
28 67 26
35 10 23
29 84 6
23 35 32
8 93 9
28 30 34
7 2 40
17 45 5
45 8 2
17 73 31
17 91 31
9 69 38
23 58 13
7 80 30
27 75 24
51 43 4
25 40 27
45 2 32
26 72 15
6 17 20
35 26 34
36 1 18
25 86 28
23 62 35
11 15 32
51 35 32
15 14 34
9 6 40
53 38 22
41 42 21
39 50 24
24 60 40
3 62 25
1 66 18
7 19 26
21 84 36
5 25 34
48 5 35
44 47 18
15 51 5
5 17 32
52 2 30
5 56 15
22 48 38
20 4 21
39 15 20
51 51 10
23 45 32
54 86 4
13 78 15
42 9 2
6 23 27
18 58 1
24 29 20
11 70 8
38 46 23
31 8 1
38 49 17
10 25 7
53 96 19
40 39 38
17 16 36
50 74 16
1 47 23
37 81 38
10 57 2
22 68 8
45 43 12
24 8 35
21 30 9
4 27 28
19 93 4
9 23 13
40 35 18
54 82 17
33 73 25
48 43 26
14 56 8
31 42 9
3 42 36
17 44 3
22 96 35
28 10 21
48 37 30
28 95 31
13 62 27
22 71 7
33 1 13
37 43 28
3 80 39
20 53 14
43 94 14
51 16 16
6 61 26
31 33 24
40 40 6
50 25 18
49 71 22
17 86 4
46 27 22
20 1 16
32 25 13
19 61 7
9 42 7
23 82 10
17 21 16
45 8 31
49 73 19
30 83 16
8 56 6
26 77 27
38 54 23
9 26 30
24 37 30
31 84 34
48 18 31
35 26 10
35 37 25
3 58 1
6 30 34
4 33 29
29 13 35
21 35 14
16 53 13
14 29 2
5 90 4
31 54 30
17 59 24
37 25 36
4 11 22
38 5 22
36 80 28
48 88 18
24 40 37
54 36 23
37 7 26
1 84 34
50 16 22
16 21 24
16 71 22
29 6 21
9 45 31
6 18 3
22 5 17
38 47 17
25 63 7
32 47 3
3 28 12
52 68 33
9 42 26
25 1 16
23 91 3
17 26 34
2 45 31
15 81 33
4 80 32
3 80 12
5 48 19
23 48 5
8 9 7
47 84 35
22 88 28
31 62 17
25 2 18
19 27 6
12 61 34
34 80 17
8 3 38
5 81 38
3 69 39
38 26 29
37 67 26
26 89 32
27 94 13
18 42 25
24 24 12
17 62 26
12 68 31
13 45 4
50 73 34
2 38 24
16 37 19
40 68 38
8 58 35
28 61 11
28 5 17
19 52 31
38 44 6
30 62 33
4 81 31
22 6 4
24 81 16
13 29 9
10 14 23
20 92 11
37 70 30
4 73 17
3 30 30
47 95 39
18 21 22
15 43 20
9 32 32
51 1 17
8 43 35
41 1 5
14 13 32
33 86 17
31 91 18
25 25 27
1 25 24
37 55 1
47 70 17
35 92 39
3 84 9
40 76 10
32 91 16
41 40 34
4 41 25
19 21 6
6 72 19
9 19 32
37 46 33
45 37 23
34 33 12
32 61 23
16 22 31
38 1 29
19 53 14
12 88 30
16 96 10
14 90 12
1 37 10
21 41 38
52 72 14
36 91 5
24 88 22
53 40 35
3 25 7
32 84 16
29 92 31
7 74 7
48 72 14
24 81 16
41 25 13
39 41 32
39 24 28
54 25 8
22 81 9
54 10 6
2 85 21
41 88 36
16 14 19
7 49 22
52 13 23
42 43 33
1 22 34
10 86 4
29 9 9
13 62 2
44 77 40
2 26 12
30 6 17
23 51 24
36 31 27
16 56 18
35 46 22
43 52 26
39 69 4
37 87 28
49 31 33
39 43 39
50 95 20
11 56 6
4 34 34
20 80 5
38 45 19
36 37 17
37 43 35
5 77 11
21 66 10
7 85 2
34 13 11
19 34 14
4 86 27
16 38 7
23 18 29
49 85 23
38 28 27
14 25 25
10 30 32
45 96 38
41 69 21
15 58 12
34 74 14
28 31 37
23 46 5
11 10 21
30 63 23
12 58 24
29 94 20
20 19 9
21 53 7
19 37 16
10 69 36
16 50 2
32 42 30
50 12 11
10 83 22
49 42 12
39 10 23
10 84 19
34 11 16
16 10 20
30 22 23
5 40 21
17 95 33
18 85 27
17 37 18
31 15 7
40 64 40
1 56 37
43 61 8
51 9 27
13 2 15
42 46 22
48 49 37
52 71 34
22 62 20
3 15 40
4 3 31
41 9 39
7 34 28
35 56 15
54 19 27
53 40 6
45 11 19
39 40 13
14 7 22
38 13 12
15 2 28
38 77 23
27 93 27
47 94 4
42 84 36
23 91 16
6 67 37
11 6 2
14 30 24
52 1 11
4 73 20
11 84 12
31 32 37
38 12 12
12 68 39
15 68 11
15 57 16
23 1 13
48 29 6
13 46 33
2 6 26
16 63 40
35 27 34
19 94 40
50 32 20
44 77 30
46 60 40
34 68 19
5 7 8
41 93 3
45 92 30
15 11 21
17 40 18
10 25 6
7 54 3
9 20 7
42 95 21
7 34 40
17 96 33
26 35 5
11 14 19
36 70 31
9 83 24
51 44 26
35 74 29
4 57 12
51 5 40
37 58 11
25 51 31
21 89 15
8 56 15
14 24 9
46 61 32
38 38 17
15 53 8
30 49 15
14 83 25
25 10 5
28 65 20
42 58 19
33 18 8
13 90 36
21 47 14
5 37 34
34 54 28
32 29 32
15 94 18
47 8 30
29 14 18
40 25 10
25 17 13
50 82 31
15 74 37
26 16 19
5 18 36
27 90 38
16 95 29
48 35 37
33 26 35
20 82 15
48 33 10
23 81 18
13 19 39
33 60 10
27 47 15
38 29 22
53 25 28
13 62 22
22 8 38
33 59 22
11 16 32
8 59 7
28 86 18
10 43 6
4 12 26
48 87 25
36 34 7
48 51 29
17 11 36
6 51 30
9 33 36
32 94 28
45 74 30
29 9 12
37 43 34
7 9 7
34 83 31
14 9 15
1 67 8
52 95 30
45 55 38
9 46 28
23 46 26
34 74 26
9 64 10
21 24 23
47 71 3
41 1 34
42 12 19
31 73 19
44 41 4
43 88 16
9 76 36
7 62 38
39 77 40
49 66 16
53 95 2
5 3 38
15 68 39
27 33 10
41 96 38
8 27 37
15 81 21
37 91 13
37 95 33
23 49 8
54 58 12
20 61 18
19 62 2
38 80 38
42 73 20
9 94 27
14 44 14
19 38 35
3 6 26
14 91 17
48 67 19
54 26 21
35 52 1
3 69 6
42 43 4
11 60 15
34 85 8
34 87 32
15 14 9
9 49 9
22 23 8
11 67 1
21 68 18
37 49 1
15 43 23
21 77 29
51 44 30
23 31 2
29 22 23
23 59 35
28 11 36
8 48 40
48 22 13
33 22 3
24 5 6
52 77 17
36 93 25
49 72 25
44 70 13
20 49 34
34 83 28
3 80 25
9 89 17
27 1 20
1 30 14
26 20 1
24 64 4
40 55 36
23 60 40
27 86 8
53 5 4
29 60 14
45 16 14
52 58 7
3 53 24
13 73 36
16 38 28
18 82 32
6 93 29
46 73 18
32 87 31
40 66 14
27 20 20
17 70 25
46 56 5
39 85 40
36 82 30
38 20 12
48 90 35
36 89 22
18 68 33
8 14 23
44 57 9
26 40 33
37 94 31
48 83 16
31 30 39
46 18 15
19 16 19
28 94 26
12 72 4
31 92 17
23 15 19
20 4 32
23 17 18
44 88 2
1 75 35
5 38 18
43 71 37
25 63 35
24 79 8
23 81 28
6 65 1
22 49 31
15 93 6
22 67 36
25 12 23
9 61 6
34 75 22
15 93 6
46 36 31
1 80 36
15 68 17
22 63 4
11 35 10
28 70 37
17 65 10
44 49 28
35 37 24
15 81 12
52 26 28
22 94 24
39 35 22
52 47 28
46 71 34
47 62 23
50 89 17
12 18 7
25 18 11
52 1 20
23 66 5
4 31 33
35 49 18
1 28 24
8 66 24
31 79 6
49 92 11
45 63 10
38 67 36
22 23 37
21 42 16
6 8 3
32 47 15
34 20 1
46 74 11
17 33 37
47 41 3
29 64 39
40 54 22
32 31 15
37 2 38
50 64 9
41 59 34
13 39 5
46 88 25
17 12 5
13 75 18
40 64 35
6 63 10
38 85 9
51 6 23
39 13 14
29 31 17
34 73 36
33 33 38
21 76 16
40 55 24
35 61 26
7 91 28
20 54 32
32 93 18
22 17 22
3 49 21
12 19 23
26 73 23
40 26 3
15 63 25
21 56 21
52 18 5
25 93 12
16 66 30
15 2 13
1 56 17
53 49 11
31 55 40
4 94 6
25 67 36
24 73 11
11 29 29
6 40 39
20 4 29
19 49 33
40 19 32
20 57 16
5 66 12
6 84 2
20 32 36
29 81 14
41 80 22
19 44 11
44 66 39
34 52 22
5 8 2
31 86 36
54 22 8
12 51 22
2 82 38
39 90 2
18 6 13
39 22 10
38 45 18
9 53 31
1 55 3
11 63 1
44 84 25
40 86 37
14 18 37
4 78 16
19 67 21
18 92 6
6 88 36
17 25 21
49 29 7
33 1 34
30 27 2
21 91 6
34 21 34
28 94 11
16 35 36
13 78 13
53 48 12
54 71 17
41 68 10
54 33 37
10 60 13
44 20 24
53 5 17
18 88 26
10 85 27
5 31 1
8 8 25
15 26 12
30 92 40
11 2 20
53 52 24
30 69 11
17 86 26
12 59 32
29 7 39
19 5 8
30 61 31
22 50 11
28 64 4
16 84 31
53 53 25
13 36 33
26 51 13
8 30 16
34 29 22
35 40 17
30 52 2
47 18 34
26 5 4
7 51 40
32 57 14
34 27 22
15 76 16
49 8 9
41 61 7
44 21 30
32 80 27
25 48 33
16 94 15
31 67 5
36 94 18
36 42 21
47 15 18
22 56 16
16 85 5
37 46 35
4 79 8
12 88 9
43 28 34
53 30 6
43 9 15
3 69 15
19 33 3
35 49 21
7 48 36
43 33 26
5 20 3
9 48 3
47 80 6
25 16 15
11 54 7
18 45 24
7 28 40
49 24 9
47 79 33
5 58 33
41 96 20
30 90 29
21 28 4
5 48 31
3 13 13
35 62 1
29 46 5
21 39 2
49 1 9
44 22 22
44 56 35
40 46 31
46 47 35
37 79 29
15 4 38
50 39 33
53 56 11
19 74 11
11 50 2
17 37 2
5 18 25
15 50 35
15 13 11
49 63 35
20 94 8
53 44 27
41 6 7
13 88 2
38 86 15
47 5 10
19 65 30
52 14 30
11 96 12
52 3 24
2 40 6
23 55 28
52 27 29
7 79 33
2 29 15
17 29 30
40 74 22
16 9 14
8 72 26
25 95 18
45 35 2
9 84 35
34 65 22
43 37 37
1 85 17
41 50 35
3 34 21
34 39 34
29 42 33
29 64 14
48 64 29
22 82 35
48 58 8
50 28 25
33 24 5
51 44 5
3 43 34
13 5 34
10 94 15
29 86 26
17 2 40
5 9 30
24 12 34
3 66 14
33 95 5
36 11 5
26 62 35
12 79 10
53 35 40
29 28 26
54 94 4
45 42 39
40 8 18
20 57 16
13 42 38
51 94 29
2 94 23
47 22 15
7 77 38
47 3 14
15 47 5
5 69 1
15 31 10
35 24 13
23 58 3
6 74 7
21 33 26
28 52 22
12 21 4
19 85 39
16 20 22
33 56 29
45 88 25
51 62 19
28 57 14
41 27 37
40 39 22
32 48 21
9 79 21
34 79 5
34 55 7
14 3 33
2 64 5
24 4 31
13 83 30
32 80 20
37 37 3
53 82 20
5 16 27
44 35 24
47 17 22
26 65 16
42 83 31
42 71 31
5 43 32
10 9 22
40 76 40
40 37 23
25 26 12
45 41 8
46 2 15
30 65 14
34 10 33
20 37 12
44 20 9
11 78 29
37 92 15
53 24 30
25 19 33
44 19 6
1 24 14
50 23 35
1 69 8
25 28 36
29 34 13
28 89 36
16 5 34
10 95 39
29 83 23
35 77 11
53 31 16
54 38 30
36 88 39
28 78 17
38 45 2
47 18 11
1 34 20
20 85 13
23 76 34
37 78 34
42 4 6
38 41 30
30 90 39
46 24 25
5 35 18
13 21 22
34 54 12
1 13 13
45 26 38
21 22 22
49 79 6
52 3 26
30 69 30
44 46 10
43 70 8
43 71 12
24 18 31
54 39 27
38 91 28
12 49 21
19 40 40
33 93 27
26 52 35
6 71 28
53 70 5
28 34 19
30 88 40
13 41 33
50 64 6
50 77 5
5 14 40
5 1 23
2 38 33
7 25 7
46 22 2
34 77 2
37 55 40
54 16 25
14 43 29
7 68 1
27 67 13
44 9 24
49 96 37
42 10 4
1 82 1
53 89 40
19 35 10
17 86 27
27 72 4
3 55 25
4 78 38
24 51 22
48 70 21
45 54 5
33 87 17
16 96 13
29 86 5
22 27 27
30 18 19
50 49 25
5 92 29
39 34 2
40 68 12
8 42 30
50 73 19
46 80 40
50 47 28
45 64 4
46 38 35
10 22 30
40 9 28
16 53 8
16 3 7
22 64 12
9 38 36
45 66 15
49 83 40
54 65 21
16 74 22
19 57 40
42 5 26
43 10 19
45 17 17
31 84 35
35 4 24
1 59 5
23 60 1
44 47 8
51 84 31
44 54 38
50 41 8
50 20 7
47 57 9
46 26 26
33 31 14
6 66 5
43 30 13
17 11 13
3 7 8
15 42 21
4 1 14
30 28 38
1 70 10
47 18 26
28 35 3
49 76 4
24 65 21
18 34 31
32 57 8
28 61 2
22 17 27
40 59 38
21 80 6
10 30 26
37 36 10
36 21 40
33 60 1
14 13 4
41 26 22
31 90 20
23 12 6
33 20 39
9 9 17
12 23 40
21 86 36
47 66 5
54 62 37
38 23 27
28 44 9
31 33 20
54 73 22
13 27 24
46 74 26
4 29 28
50 92 22
34 52 20
3 5 8
24 49 16
12 66 19
17 34 32
15 64 36
36 73 38
32 92 15
10 61 16
23 6 12
13 47 33
6 35 29
50 59 16
15 63 15
9 42 4
27 40 21
15 46 10
47 22 11
30 67 9
47 28 22
3 80 22
41 46 21
19 51 38
29 31 35
34 49 10
28 42 22
38 48 30
40 63 10
14 51 29
38 15 18
53 79 38
26 50 38
1 3 28
33 91 11
14 63 37
22 89 23
5 30 7
12 7 30
37 60 14
17 84 11
3 39 19
12 71 39
28 43 30
19 68 2
29 13 10
46 21 14
51 70 4
48 44 4
35 87 25
5 17 15
26 57 23
30 36 1
23 44 19
12 83 40
40 20 15
34 34 39
19 17 25
7 25 17
22 90 7
27 37 13
17 47 1
36 90 22
8 64 20
18 20 38
20 88 15
1 85 32
52 48 12
23 32 33
44 6 13
8 82 17
49 18 40
7 57 7
12 16 18
45 86 14
40 33 21
23 90 27
3 82 8
43 61 31
52 90 12
12 62 8
48 12 26
22 1 3
19 41 36
48 78 32
47 83 2
47 36 11
16 46 24
11 72 11
10 67 29
14 78 39
38 38 5
52 48 27
5 53 21
44 61 30
34 91 18
34 8 19
35 93 27
1 30 20
47 82 36
28 16 33
23 81 31
49 15 26
50 78 10
28 41 9
13 29 9
38 85 18
45 73 31
31 4 22
37 4 25
31 3 19
27 85 34
40 43 36
20 90 8
22 62 4
53 79 40
4 27 21
30 34 33
20 25 16
25 61 32
31 38 23
30 14 5
10 30 6
10 10 21
42 13 20
29 48 10
13 17 40
32 22 38
52 87 22
15 25 38
3 33 40
35 23 30
17 35 13
47 63 4
27 39 17
48 56 20
52 35 31
45 29 36
36 90 1
2 95 18
41 26 35
9 62 38
35 14 27
35 51 28
37 10 13
43 96 2
52 90 1
34 83 31
30 2 18
26 28 25
3 4 39
22 90 28
39 20 6
36 21 26
33 87 16
9 29 29
14 90 7
45 10 37
6 83 39
22 5 11
35 81 39
10 31 32
26 90 33
11 45 1
30 86 3
18 87 37
9 82 22
20 77 30
17 32 3
32 90 26
11 84 16
25 59 22
35 20 38
31 93 12
38 34 24
31 64 33
46 43 13
16 7 14
28 4 14
4 71 30
51 45 15
1 83 28
12 12 27
38 20 10
40 48 33
10 56 22
5 59 1
21 87 18
23 21 10
20 91 21
2 49 22
50 61 6
16 41 23
18 48 33
53 33 24
41 32 18
12 56 36
3 30 10
51 31 11
5 80 17
17 68 21
43 61 31
45 17 35
36 32 14
36 3 15
35 62 13
13 3 4
3 65 20
4 94 36
51 45 12
36 95 36
49 59 24
10 6 31
38 11 10
40 68 4
31 77 27
28 61 5
18 37 22
34 44 18
41 39 3
9 39 30
4 48 19
41 87 34
12 81 5
26 69 12
9 54 13
13 81 18
18 61 8
45 2 4
8 7 5
12 15 17
11 5 20
27 6 39
39 20 4
51 26 7
36 2 27
18 5 18
15 79 18
11 4 34
5 68 2
13 21 18
32 83 3
47 54 14
53 72 10
51 36 16
15 19 1
44 85 40
52 70 20
38 86 34
15 6 19
23 84 36
25 11 4
44 64 28
7 45 31
54 45 19
17 39 21
47 78 38
32 54 13
42 68 33
19 43 38
49 83 2
42 20 12
42 49 17
36 19 31
11 16 16
53 72 23
34 1 9
8 4 26
51 50 34
2 62 7
6 59 25
54 92 31
18 22 25
40 21 37
29 31 3
11 85 37
19 45 36
50 90 14
6 95 21
13 8 9
51 60 35
31 40 35
4 34 11
15 56 36
45 81 33
35 35 23
32 22 29
17 40 15
24 44 39
5 89 38
13 40 11
27 57 5
49 24 37
30 21 17
53 81 3
50 85 21
51 28 28
17 79 5
2 48 10
48 75 16
21 65 20
22 91 30
11 35 32
33 31 39
49 45 4
48 4 27
18 96 7
31 85 27
48 49 34
44 50 14
1 26 35
49 66 35
15 60 40
54 84 2
46 34 16
8 27 29
44 60 32
47 30 38
44 93 20
47 96 27
53 10 17
2 84 36
34 8 34
45 41 21
6 53 40
8 2 15
7 60 40
45 37 13
53 65 38
20 84 30
43 8 36
24 52 14
12 2 30
40 20 3
53 57 7
38 17 20
37 85 38
53 86 12
34 6 38
20 55 40
30 57 39
49 56 9
11 67 8
38 3 3
48 76 14
38 7 11
21 42 7
1 54 38
36 94 11
26 20 34
7 63 1
32 34 38
46 1 17
20 93 8
7 21 17
14 77 4
5 35 31
15 5 31
13 36 34
42 65 6
10 31 28
2 88 35
36 63 36
7 50 18
8 84 31
49 73 29
1 83 2
40 54 12
26 18 38
8 8 39
18 54 14
40 88 32
16 83 21
50 44 8
27 12 28
44 36 8
3 92 32
22 60 11
23 67 21
47 80 21
11 74 24
10 90 17
49 15 8
5 87 2
4 70 24
23 3 14
52 66 18
5 36 40
8 71 30
42 61 32
52 84 16
10 65 26
2 94 24
41 43 37
34 15 29
13 18 35
27 15 11
49 22 20
46 78 19
51 43 14
17 44 13
39 66 5
53 18 32
22 35 22
40 84 7
36 64 9
49 64 34
26 21 34
19 10 30
52 20 39
49 37 3
5 96 32
45 70 22
30 5 19
37 13 37
51 80 6
29 79 39
3 20 23
25 85 37
53 4 37
7 60 7
3 69 13
41 68 5
3 82 32
1 39 13
17 61 12
1 35 28
20 79 34
11 42 13
49 28 37
17 19 35
22 35 32
44 91 27
24 76 33
48 65 16
37 45 31
54 18 32
30 72 16
51 26 11
43 88 25
4 65 5
14 81 17
25 77 13
2 16 19
25 55 12
4 54 11
27 24 32
8 72 1
30 76 2
4 36 14
33 24 24
53 72 24
28 63 8
37 62 8
16 89 35
1 92 30
13 86 24
36 69 13
4 89 6
17 31 34
44 20 22
19 54 11
3 18 29
34 26 17
47 19 6
2 89 25
44 32 5
43 78 28
52 22 35
18 19 9
10 61 15
36 60 39
54 24 27
9 41 4
46 48 5
44 54 33
49 47 32
32 2 21
28 58 1
34 68 22
30 24 1
41 67 7
34 89 14
4 46 27
37 8 7
21 40 32
14 14 38
23 7 35
7 5 29
11 69 28
31 59 4
44 30 34
50 44 24
30 81 20
11 92 30
13 59 8
29 29 37
46 86 12
38 88 20
17 8 5
35 37 31
10 78 17
5 30 22
12 42 20
18 40 15
52 53 13
46 60 12
22 72 8
11 68 10
42 81 25
46 37 23
12 37 22
12 41 17
43 52 25
49 75 40
34 45 29
25 1 10
6 95 37
10 67 9
40 85 5
35 72 5
8 33 3
45 85 34
48 37 2
42 44 28
17 55 34
24 46 4
52 66 11
8 50 36
51 64 4
35 65 14
50 46 29
50 36 26
51 15 35
3 7 22
13 74 15
47 90 9
39 56 2
22 59 18
53 3 34
26 50 37
2 86 11
43 81 29
33 58 29
35 79 40
21 56 30
8 55 9
24 75 24
54 88 12
24 94 33
36 19 27
16 24 24
31 42 7
13 14 35
1 59 5
14 71 27
4 73 25
49 52 14
14 54 1
47 22 2
39 8 23
14 65 6
16 73 40
28 31 15
22 80 14
35 34 31
42 51 3
1 8 6
26 7 13
18 86 30
52 7 8
24 18 32
46 35 8
32 35 3
8 42 24
47 95 3
50 16 23
36 13 17
41 44 29
41 95 37
36 32 35
18 51 20
46 22 7
7 90 16
5 62 17
38 95 22
24 16 12
53 93 6
10 54 36
17 76 29
22 18 20
46 28 24
33 28 12
10 27 4
16 72 18
18 92 38
34 17 21
17 11 3
41 1 26
22 72 21
44 27 2
19 46 31
52 87 22
16 36 6
39 27 30
44 73 26
45 30 5
48 1 9
50 62 24
9 75 12
31 63 32
39 22 39
27 79 28
47 44 11
4 37 17
9 66 30
30 67 38
17 64 26
25 60 36
25 10 16
22 16 4
36 88 23
37 4 18
18 27 17
21 76 27
14 49 2
6 49 5
31 83 4
26 69 12
51 92 9
8 66 28
3 19 31
17 6 21
26 66 29
46 75 21
34 34 25
12 55 9
43 32 36
43 88 9
20 13 17
11 28 23
49 24 30
38 43 35
1 39 26
37 26 7
30 64 30
44 48 9
39 49 13
37 78 38
1 85 30
18 36 16
36 92 23
36 83 23
1 42 27
53 34 39
15 37 8
54 18 12
8 5 31
2 28 20
5 2 23
47 96 35
47 77 5
44 87 38
54 34 3
14 12 19
54 35 8
3 69 1
33 85 8
53 71 38
11 54 19
6 95 11
45 36 14
24 70 35
17 48 10
39 38 23
38 73 35
20 29 10
33 71 26
48 12 35
54 16 29
44 28 24
24 39 1
27 79 9
27 67 32
15 86 16
10 53 30
22 89 34
21 7 40
9 85 26
52 48 1
29 6 17
25 56 24
38 39 19
8 65 12
35 85 2
24 31 11
24 71 6
34 5 35
19 3 3
46 45 10
5 59 39
20 8 21
21 71 29
2 89 22
43 12 34
40 9 32
