36 62 1485 8538
2156 1567 1898 3097 2092 2874 797 455 772 780 2747 3002 2298 3170 880 4813 530 329 3842 3702 3107 631 345 3051 3847 4291 4078 4534 2767 3455 1872 2913 2345 4119 4089 2693 4590 261 2587 2567 4039 3909 2044 1696 3140 4692 3687 4665 2003 383 3606 3797 3733 1512 652 3525 1138 1310 47 3000 3859 3451 
4230 4362 391 675 2072 1423 3520 2995 1478 2357 501 1665 2480 4392 32 1424 2575 2528 771 3325 1768 4779 2445 4650 1861 869 3483 317 1665 2620 3972 4020 1249 356 1717 2281 234 4356 3932 652 428 4328 1033 2166 3793 1199 455 851 1556 4510 4230 501 3542 825 3794 4419 3890 1728 2292 2713 3191 1611 
3748 4029 4222 627 1183 916 3829 809 2293 368 619 4198 2651 1820 483 1800 3263 4639 3070 876 556 1944 1949 1568 4045 1276 2003 1870 1522 3630 3396 4411 1171 1741 3613 1419 1598 4884 4185 1350 3316 2977 2129 3399 3658 198 2843 2923 2347 3443 393 4129 4778 1339 382 3566 1271 570 342 3743 1588 80 
263 2022 3183 2494 3719 2118 4062 1940 4338 2526 3713 4869 932 292 411 1440 429 1163 1317 2358 666 108 3183 995 2111 2194 1769 2757 2196 958 4092 311 1617 2587 4240 3105 4665 3520 4430 2031 1793 1816 1676 1081 1826 2213 22 2177 248 2111 16 3482 154 3211 1838 3766 997 4757 3203 4654 1482 3193 
3082 103 2679 4384 380 2002 325 2417 797 2872 1906 4011 2681 4303 3179 4442 4871 288 2477 1314 1852 4411 4825 151 2847 1274 2843 731 3468 1912 4863 3529 2035 4376 4039 4351 4524 777 1961 2109 2214 835 3095 4318 2018 1419 2504 4699 3258 4874 1897 759 2764 2854 3154 2728 1419 2574 3864 1834 987 2513 
1178 902 2663 1037 1463 2930 4197 2069 4297 4546 4328 3075 2872 2084 2844 4369 3261 4158 467 3362 366 2089 1001 2480 3860 3829 3778 333 4686 11 1122 2297 712 4189 4746 4640 1421 344 3777 3767 1807 3686 544 1676 205 1058 1164 4229 3279 4798 2063 3329 902 1029 3238 382 1354 3255 2183 1940 1063 154 
4221 909 2179 3212 2292 3275 3538 3889 4270 4240 1337 4585 4215 2917 3997 1062 1434 30 4009 3068 3315 2058 3006 2653 2511 270 1226 473 183 3043 328 143 4680 4273 133 4669 516 4686 3870 2160 3904 3896 1647 4511 3453 3874 3602 696 3992 4290 1395 4381 4337 1412 4095 3565 1472 2390 2850 3286 4791 1498 
4760 1508 1041 3790 3409 695 4648 307 4312 4198 4856 3055 3581 4682 474 4534 4254 1273 3508 775 2476 4536 1961 4339 2170 4709 2584 4468 2811 3441 286 2762 1088 1727 2402 866 881 2338 168 4028 3622 1461 1599 1061 1858 3627 3152 1548 26 2162 3371 1490 4010 1760 2427 2795 4609 908 4422 3872 4467 2448 
1641 1997 204 2437 1765 3255 1954 771 2861 3986 4376 4523 4773 1511 2591 1576 3118 2797 1917 2276 1888 1984 1726 178 1011 1199 3880 1017 4118 1012 4224 4333 1370 1701 4615 4174 4499 3038 4771 3221 2302 3777 1542 2595 2587 4004 2834 1170 4067 3989 3461 2770 4212 1594 792 4708 2063 1909 3479 314 1013 3953 
3548 4714 909 1172 1613 2344 4133 4819 4856 1526 4560 1197 1687 2673 1840 2030 745 4505 2300 780 1457 1174 1202 397 3025 2479 1081 1727 1001 3106 1549 4858 2591 702 4014 1887 1771 4013 3474 1250 70 715 2634 2507 4205 1310 1567 1670 2083 1587 2785 2120 3233 1440 3398 2307 205 4274 2303 4319 1825 2467 
876 1758 4847 2025 1589 4309 266 1819 2646 3679 1703 4720 2009 3621 3365 1713 2216 2327 3427 4127 2150 722 827 729 2728 4677 2933 3903 3231 4475 4632 394 4890 1942 3438 4177 1838 1028 3125 3016 3061 527 2683 3302 3337 1922 1395 2668 1347 3182 1115 2151 2292 3561 296 1907 4033 3842 2101 2495 4871 2981 
2845 4696 4490 2077 2914 1999 2837 509 796 943 2807 182 917 4311 1048 4400 3181 3383 347 1071 1417 236 720 4793 3254 2780 3928 1876 193 4616 3609 3123 1994 2601 68 3849 3088 4474 641 3083 1745 1608 3068 1627 4248 3468 2781 2718 2393 4665 2590 4297 2529 1076 1713 4000 4325 1241 276 4781 4610 916 
3899 3514 4007 4192 2720 1431 3691 1753 3506 2653 3577 2513 1063 586 2347 4368 1038 3402 3144 1512 2999 3553 2287 71 4218 1163 4531 1655 2895 2300 2621 996 2791 1946 2524 3765 2375 4477 452 2010 3242 4325 4586 2085 3816 1802 3523 516 4872 453 3663 1441 3352 2881 2212 735 755 2655 1403 2859 1386 2848 
1234 3803 168 464 3938 1218 862 3536 2002 912 1691 4071 1819 552 3945 3130 4161 2682 4194 3089 799 4833 4302 2852 2982 1940 2058 3964 4809 2092 2789 1079 4600 3550 421 1874 662 157 2095 401 3911 1324 4123 3906 181 2026 781 467 3481 3782 3899 1009 650 1203 3524 4569 1121 1073 4143 3039 119 146 
1862 567 2434 1760 644 2565 4416 2332 3481 470 3140 4831 4069 3804 3152 3127 3108 3697 4832 3788 432 4381 1013 1000 4892 199 1620 3330 692 158 783 2848 1583 3425 3767 934 4552 1265 2345 3298 3257 1443 3920 4489 3666 4624 4734 2415 3733 4866 3496 1554 3665 1759 4465 32 4371 3929 2380 2824 1568 3927 
4149 4163 582 1133 3320 4345 3327 4113 2558 3998 4152 2838 361 3304 937 2473 2223 1265 4273 1481 233 2578 1208 2521 3264 3905 1649 845 4378 4126 3554 4200 2387 4821 1396 905 3004 2360 1787 1567 2494 3975 3569 2034 4384 4528 2794 3887 407 1051 1976 1433 1336 3481 2337 2134 4679 4705 3174 4835 3465 926 
1519 124 4455 2770 345 4273 346 4083 1683 425 2613 704 4599 1338 1374 3187 57 3040 2284 1567 2264 4650 325 2215 4757 2543 3638 2988 1939 124 2981 23 803 4908 480 4460 3140 1601 2633 1621 919 3183 1710 4855 3758 1579 163 3330 2514 4280 1014 665 3094 665 54 4595 1780 4386 712 1608 2570 1625 
3101 2437 1433 2823 870 3038 2511 2118 3095 4183 3792 3306 3254 2874 4440 1826 932 2207 1692 1780 2484 24 154 1717 1751 2653 536 434 1712 759 3555 3820 1199 446 3160 522 3144 1885 1160 1481 2400 4798 3071 1337 3357 4099 2214 327 3549 166 3459 4531 109 2338 3083 3579 178 3224 2201 4556 3823 4053 
292 4369 3246 351 1925 1181 4093 165 1641 4462 1976 2157 2484 2617 4463 889 723 1582 2420 1982 3050 3741 4755 4835 3903 1500 4520 3847 3061 3505 2550 1311 4057 4435 2129 2362 2249 4376 3366 4102 2369 4759 3469 4084 1240 1542 861 3485 4329 132 2169 4704 521 275 2379 3814 599 2485 1699 4205 1688 3038 
4803 1592 3410 439 1289 1313 1440 2275 3375 290 4640 332 4510 2830 4278 1338 4629 2597 2169 4778 249 1433 2723 3911 1109 417 2297 4491 4207 4074 2452 1750 3993 3735 312 1548 394 3297 4439 1561 634 3715 1296 165 616 592 4333 764 4195 1813 2439 322 167 1024 2001 4422 1133 2715 1395 1350 1169 2507 
652 445 464 2434 3374 4268 1831 4333 682 2476 2814 4112 895 2852 3019 1959 4431 1636 2532 2232 4211 3638 1444 4905 227 2686 125 4528 792 3619 3733 3143 3172 2918 3545 436 2735 2587 3727 4551 987 3591 2929 1745 4123 908 3812 2676 2410 2884 2670 3029 4762 3362 596 4736 4644 3820 4792 4661 3163 1858 
3482 1138 1366 3275 529 2360 52 4219 3987 4007 2166 2906 3743 306 1017 1008 1123 4147 1167 726 4238 3232 3238 3710 3138 877 446 1734 4441 2877 1450 4620 667 718 3965 3873 372 4848 530 3993 667 4617 1871 167 4209 1046 3724 1344 1020 4644 525 4771 1228 4738 639 921 2514 2494 2979 4120 4581 1981 
4874 4184 4272 4565 2609 178 224 2637 1269 2551 3367 3525 4849 412 1821 3032 2080 4515 1027 1561 128 1444 587 1847 1031 126 4357 4380 3368 4758 2942 1342 2485 2297 3905 4425 2302 1164 2183 753 432 1784 1746 2389 1039 4045 1105 4619 3711 2237 4282 4674 3565 1942 2832 1419 4179 4038 2967 4210 3566 1147 
1021 1430 1419 2853 1702 2332 4100 1918 1868 3437 2752 1483 3871 3194 3678 3026 3724 1259 1865 481 609 1645 4110 3206 3487 162 4308 2872 3118 1413 3630 3567 2154 4685 2700 889 1370 3675 3714 1588 2728 4292 1745 2121 2280 388 445 2800 4712 4127 3268 1732 2714 3131 1094 4028 654 2340 4792 4686 3886 2174 
27 1260 1015 2906 2749 2210 3350 1670 1146 2941 2164 2152 2368 3960 79 3649 3823 1333 4635 1175 3298 3176 316 937 2801 2776 3800 4410 4662 3251 3312 1159 4755 3338 3734 168 1029 138 1199 2275 1742 3358 3386 3484 784 2477 3960 3068 4690 3693 3375 2712 1596 1014 3690 880 1188 1244 4571 477 1039 1040 
4274 3665 1996 2519 245 2664 4015 2484 3707 1317 3779 1742 3989 1506 4565 4621 3743 4168 628 3536 37 4906 4190 893 250 2985 1728 4833 2735 3685 2601 4050 2001 4897 3994 3783 1557 4868 978 950 4332 2048 1970 1765 456 639 214 2196 2145 438 965 135 3885 3512 2353 176 539 2504 582 4350 3948 223 
163 3140 2197 4769 354 354 4755 1432 4711 552 862 4530 1997 1627 3686 2975 313 362 1674 994 3639 1921 2400 3928 1679 817 2162 1961 2192 3135 4041 2562 2191 704 1204 4325 1668 4812 3313 294 364 1266 1605 1142 1969 4648 1846 876 3695 3266 2548 673 2688 1855 4066 3073 3393 3885 3931 4819 3804 1317 
3938 1013 2936 4259 1676 3394 1069 3024 3549 2728 3313 506 3396 2706 4503 1681 2851 199 944 900 1838 341 1858 3024 3975 1887 1573 390 1641 578 811 885 1294 4712 795 1665 91 4366 706 2403 3092 4201 656 1722 239 2151 636 3755 4565 638 716 1279 3633 3934 47 1362 4566 4367 1209 2549 4670 90 
3124 2195 2963 531 3198 1267 4877 2488 243 2990 4878 1373 1721 4621 2968 3091 3950 2435 529 1802 3392 144 1040 2019 2470 3895 3281 3111 3184 2773 4804 3505 3763 1696 4387 1413 3316 4663 1872 1893 1289 4064 2976 306 1617 1519 1333 631 2637 14 1614 707 443 899 3497 682 3643 4114 1050 407 272 2478 
185 3744 2584 679 4511 2831 2098 297 4301 3449 3245 2175 3930 1409 4796 4316 813 2601 976 1728 100 303 4436 1457 1620 2643 997 2666 2199 1128 3775 2920 888 985 1820 557 2325 4172 2133 2376 1086 3637 386 201 332 303 844 4089 1853 3012 3245 4293 3577 4518 1853 1928 1869 4291 4823 4782 887 1965 
2772 2156 1419 3689 2850 4269 4426 1949 2733 2811 4375 4448 4656 2933 4421 4614 304 523 4826 836 3750 374 1474 4734 240 3720 3642 3751 428 4215 3062 1479 2999 3034 3441 1444 4196 4201 4412 3835 1146 2791 296 4909 1100 4081 4501 2983 3109 3155 1522 415 2584 3869 1410 1779 3079 71 2096 368 4628 2716 
645 1582 3257 2800 521 2729 742 744 2695 4722 4790 1466 3843 3637 2509 3912 989 3916 2557 4452 2156 3293 3009 2929 3075 4655 590 2103 1985 321 964 1330 843 437 2437 3538 3310 415 3782 2466 3043 3207 614 574 2275 2610 2404 3601 4487 2343 298 3104 4810 1269 265 2394 2731 1083 949 2402 3334 3865 
3533 2712 2778 1289 2877 4230 2236 2178 3484 3020 544 4602 4086 478 2656 2370 2729 822 779 1311 2952 4055 394 85 1000 3757 3839 2773 3940 3525 3030 3586 4460 4878 4749 2919 242 3842 34 3349 1191 3365 195 666 1598 2334 2201 3350 3584 1251 350 605 353 147 3330 226 4731 1058 4415 3725 326 3628 
2540 3496 982 1074 2916 1121 4023 735 1394 177 3737 922 2422 4470 1908 1689 3964 3519 3973 1901 938 1279 3811 3995 167 3456 1221 2493 302 3449 1849 2923 2156 145 4163 469 1010 1206 476 3104 3835 4329 4295 4449 4516 3177 598 2889 4341 2163 3779 181 297 1632 2311 2687 2320 974 3393 4257 4379 2016 
3851 1556 1362 4155 4734 1082 1662 2332 67 1435 4505 4707 3645 1144 3300 255 4558 432 1404 4884 2072 4177 404 4195 3224 1907 2027 1995 3059 4809 3286 1225 3023 3616 429 4186 3854 3122 3869 2655 2856 997 3306 3992 3269 3372 3918 110 3799 729 4452 423 1524 64 3070 4344 749 2685 3041 4758 1378 759 
3576 2103 1679 2760 3230 726 1002 3960 1673 810 4302 1649 2344 2511 4572 3517 452 3748 3287 998 694 2414 4271 4036 1896 4649 4386 3868 3541 3054 1336 3583 697 3629 3454 3373 1689 1898 2688 4128 3674 3514 2290 3378 1704 2936 4427 3560 1863 755 2106 3684 1560 4157 4084 2766 4838 1032 19 924 4765 3790 
11 45 26
19 6 31
5 11 25
33 59 1
4 40 11
11 22 15
3 21 27
19 25 27
30 36 34
31 6 6
9 21 5
29 45 1
5 1 39
26 56 10
22 24 26
24 52 1
3 4 38
23 1 3
34 34 21
23 15 2
28 36 16
29 45 18
9 38 26
11 21 32
11 35 34
34 15 7
8 56 28
28 13 27
24 8 17
30 17 25
26 15 28
20 32 28
32 8 34
31 38 19
4 41 23
30 59 10
28 26 4
5 47 8
27 33 7
33 17 14
4 6 32
2 11 39
4 50 37
11 5 14
27 51 21
26 42 23
6 52 26
12 15 25
7 45 33
26 13 10
5 8 40
25 27 10
32 28 27
20 20 9
15 48 40
5 39 5
32 20 23
22 26 32
4 59 25
12 34 33
4 41 18
6 54 19
23 34 17
29 13 25
15 54 34
28 22 17
30 25 19
2 15 40
13 36 28
31 32 4
10 31 8
22 43 26
31 12 25
22 42 20
26 24 23
27 20 17
5 34 30
34 7 2
1 20 25
21 38 10
5 25 29
7 34 2
1 41 23
19 7 6
16 8 40
26 58 11
32 13 10
24 2 14
14 33 34
32 2 7
24 12 33
6 30 17
4 39 27
18 40 40
26 16 17
29 23 26
19 39 33
15 50 1
3 44 33
13 5 1
1 41 15
28 41 15
33 47 28
17 12 27
3 16 32
11 46 14
13 18 12
9 47 22
6 59 16
2 20 2
17 2 31
18 40 25
14 50 10
3 46 18
18 29 33
30 36 29
2 24 37
19 37 39
30 1 30
17 23 1
8 48 2
5 42 4
15 35 13
10 32 25
33 20 16
30 39 40
10 10 9
24 17 16
4 41 13
7 40 22
20 33 2
8 7 7
5 20 25
15 48 24
22 54 11
2 5 16
18 33 20
1 56 32
34 49 23
14 41 26
9 59 31
14 57 40
6 27 7
8 53 40
27 25 31
15 5 37
14 31 25
20 32 1
3 22 5
31 4 12
11 37 39
23 49 5
6 39 9
12 59 31
20 57 28
29 34 34
30 34 34
2 29 35
26 13 26
25 50 8
18 13 39
25 26 25
7 1 36
2 5 27
6 1 36
26 23 23
14 16 34
24 2 3
13 40 7
4 46 21
4 10 18
6 48 1
31 48 15
28 7 30
14 27 17
19 6 37
23 60 38
33 58 16
15 46 38
32 12 4
1 54 30
6 50 19
15 10 35
26 50 5
5 41 10
5 35 1
12 25 31
1 56 6
5 28 14
29 12 25
33 12 39
20 43 19
12 42 21
33 52 31
31 19 37
7 46 30
23 8 20
14 16 24
9 7 35
9 3 40
18 18 18
31 59 18
18 37 37
8 13 4
23 12 19
28 57 11
8 32 16
23 13 6
2 52 9
24 47 19
8 40 10
33 13 13
12 16 4
32 21 33
10 5 25
32 58 16
8 58 11
24 56 36
14 18 34
17 60 27
28 26 30
3 8 5
11 47 18
28 45 20
11 36 7
19 16 14
31 48 23
4 16 19
22 18 35
11 35 3
22 51 16
19 35 21
15 14 9
11 32 36
15 1 24
5 26 28
9 16 11
24 8 16
7 29 17
10 6 4
15 3 37
1 54 39
34 51 36
8 20 28
10 6 12
14 28 39
14 4 17
12 27 34
7 29 22
6 8 19
19 7 34
22 43 19
15 27 38
9 18 16
19 33 3
14 25 7
19 8 7
16 9 24
8 22 6
18 32 31
7 57 37
15 46 9
19 25 34
23 56 11
1 26 2
30 9 8
26 22 26
6 37 14
2 13 8
19 50 35
22 8 24
34 49 13
15 49 16
1 58 28
27 7 40
29 33 25
9 34 23
20 2 10
34 6 31
24 17 26
1 7 14
9 2 36
24 51 1
28 37 19
2 28 38
5 48 23
17 37 18
28 44 15
31 35 20
33 9 3
19 3 10
6 60 30
13 8 36
30 54 7
15 15 25
34 54 24
4 41 32
30 5 8
24 46 2
3 12 36
21 30 14
22 47 35
8 30 15
23 8 13
29 31 14
30 24 14
31 42 14
23 34 34
7 50 15
4 56 13
7 57 31
6 32 21
30 40 10
33 29 29
2 31 28
28 56 29
19 17 35
30 36 27
12 14 4
6 22 9
26 36 3
20 13 10
6 51 19
20 42 13
7 31 9
1 13 5
33 7 10
25 40 13
24 9 15
28 1 11
22 37 2
15 36 22
27 13 10
34 42 16
21 3 17
15 8 21
4 34 25
23 17 37
16 41 29
22 15 29
13 43 6
6 17 7
19 47 35
19 48 38
6 14 25
25 4 20
23 60 16
24 6 1
8 26 19
6 35 39
26 46 36
19 52 35
33 57 38
26 59 15
8 55 5
6 25 4
5 48 31
10 2 2
12 30 23
27 56 31
32 29 40
6 22 21
5 2 29
28 25 32
24 41 38
11 56 10
19 22 32
22 16 28
25 45 6
16 15 40
11 48 15
25 41 21
8 39 3
18 50 5
33 2 32
19 60 34
33 45 14
26 54 18
1 3 2
28 24 20
15 32 26
24 46 13
28 53 35
30 22 13
33 18 33
7 30 28
14 51 22
20 12 11
19 13 13
26 42 11
23 5 16
23 23 37
34 55 20
9 41 9
12 29 3
20 35 40
9 24 10
2 18 3
34 51 8
7 34 19
8 42 39
16 56 27
9 25 30
24 6 11
29 51 7
3 40 15
24 31 23
16 27 17
20 54 34
19 40 30
2 34 29
2 51 33
25 43 20
33 49 38
18 4 2
26 21 27
9 28 2
1 3 26
15 17 16
12 8 6
24 21 9
11 2 29
20 27 8
24 15 40
12 48 36
18 27 16
19 43 5
29 2 35
28 3 12
25 14 29
23 56 24
6 59 39
2 45 35
22 22 20
13 43 24
16 23 25
6 46 25
19 9 22
18 53 6
5 4 12
20 10 10
28 7 25
12 13 12
14 27 12
8 21 12
7 47 19
9 13 31
21 44 19
6 47 19
24 24 26
13 48 9
20 17 22
26 10 15
32 47 1
11 13 9
22 15 4
11 21 15
30 59 37
2 57 17
15 26 21
34 1 7
20 13 32
30 18 3
18 14 6
3 55 35
13 52 28
24 12 3
15 37 4
31 47 16
11 9 27
20 15 35
30 54 31
25 10 39
16 29 3
22 10 26
27 35 21
33 10 4
23 11 40
32 43 8
8 16 21
24 48 33
19 10 36
25 4 21
7 58 32
4 24 20
6 31 6
24 10 27
10 45 8
28 31 10
20 45 24
6 20 28
18 16 17
33 52 7
16 18 23
10 30 40
8 44 32
34 13 13
19 2 29
4 28 18
13 60 22
13 5 2
18 27 13
29 60 20
34 58 25
20 17 18
34 31 23
17 8 35
31 41 3
28 22 7
3 9 27
22 32 39
12 3 24
26 6 11
13 30 19
1 4 28
9 16 27
5 3 20
34 40 4
26 53 16
22 8 18
12 17 20
1 45 25
22 30 33
3 10 39
28 20 35
31 6 40
14 48 10
20 43 11
10 9 37
29 3 37
16 7 26
9 54 32
29 56 31
26 27 1
17 3 13
14 11 30
30 28 40
1 26 8
7 43 36
27 10 19
16 12 1
11 2 16
20 43 6
23 22 32
21 34 10
10 59 33
20 50 20
17 43 32
29 14 10
29 51 1
8 27 21
34 27 24
8 7 8
34 16 9
7 36 40
32 23 40
8 23 29
14 52 5
32 13 38
24 49 10
8 31 12
6 10 26
1 4 17
18 15 26
32 4 33
14 9 34
32 9 26
17 42 16
22 22 11
4 22 35
4 53 12
3 36 24
27 42 20
16 5 31
5 6 22
1 49 35
20 40 18
33 47 9
17 17 28
6 18 9
6 12 21
32 26 19
24 27 25
18 19 31
6 40 24
5 55 29
13 26 9
28 41 29
11 36 34
8 54 27
17 55 9
16 42 29
5 25 22
16 36 17
3 58 21
18 12 4
14 22 2
28 16 16
18 34 14
5 25 22
7 38 22
30 55 2
1 51 17
32 12 3
8 39 11
2 31 11
10 17 6
26 38 37
33 13 6
31 8 32
33 15 36
7 45 9
4 43 6
26 23 35
18 16 37
1 6 15
33 45 2
22 46 24
23 52 39
28 21 35
30 49 1
1 7 33
26 41 12
14 1 15
3 35 12
25 27 17
30 58 10
12 54 28
34 48 28
13 44 38
14 57 34
10 43 15
21 32 25
13 1 15
29 4 23
4 24 3
26 55 12
19 45 34
3 44 33
18 15 12
9 14 31
5 52 21
27 55 32
15 59 14
19 32 25
30 17 17
18 38 33
29 15 16
18 33 19
7 53 38
24 29 3
3 29 3
26 59 40
6 2 14
18 51 38
7 43 1
21 51 31
9 6 13
24 41 5
20 44 16
29 39 24
30 22 32
12 30 13
12 34 12
7 49 29
17 1 34
24 30 29
3 53 13
27 50 38
33 53 19
24 23 14
3 10 32
20 4 31
4 28 29
6 26 13
13 52 35
33 17 26
3 42 39
14 18 33
11 60 37
5 7 37
8 1 10
2 33 2
21 37 20
19 19 37
31 49 40
9 18 39
2 20 23
29 59 12
6 38 9
13 29 3
25 32 13
28 54 15
10 53 39
12 19 40
9 41 40
19 45 28
34 6 4
34 14 11
23 40 18
20 2 38
34 29 11
15 11 21
20 58 3
14 54 21
29 10 24
23 44 23
30 11 7
20 28 8
16 44 18
31 8 15
33 13 31
34 3 20
9 37 9
30 9 17
18 24 31
17 37 11
6 41 40
33 51 6
24 54 34
27 40 36
8 45 35
26 53 18
20 21 8
11 57 5
23 59 7
30 3 37
18 8 27
23 30 27
14 47 39
33 14 2
29 37 13
22 26 36
6 36 24
3 11 33
34 46 13
14 15 28
9 20 5
17 37 17
12 55 32
22 52 27
9 49 13
29 19 11
20 38 21
30 30 19
25 2 40
4 39 19
13 47 2
22 57 28
8 33 1
32 46 9
8 43 4
31 49 14
25 42 13
30 21 31
32 13 22
6 31 8
7 51 32
33 51 32
20 7 34
6 45 25
17 49 12
10 23 32
26 3 39
21 27 37
14 59 24
23 38 39
26 41 8
27 3 37
31 10 9
4 11 34
34 42 12
6 59 16
12 50 13
21 56 9
33 7 32
10 21 24
30 57 25
25 18 10
31 15 19
7 28 19
34 56 5
9 42 17
23 42 17
33 6 10
30 38 17
27 15 12
21 19 24
33 52 13
28 51 19
2 24 9
15 54 5
5 28 19
27 19 40
6 49 22
30 46 24
9 32 20
22 40 36
4 30 40
26 45 36
22 40 15
25 40 3
31 23 8
16 34 30
22 56 14
18 22 24
28 41 22
10 27 28
18 43 29
31 14 28
15 13 22
28 23 32
11 36 33
8 60 9
3 36 35
11 45 23
2 42 19
9 6 1
7 7 5
21 18 6
15 16 36
24 30 26
12 25 2
20 11 9
28 4 11
12 5 14
16 25 25
24 5 28
27 54 25
29 37 24
16 9 15
17 58 31
21 21 3
13 39 29
9 57 35
27 59 9
9 30 1
22 22 36
6 55 12
20 7 19
14 38 29
19 45 15
14 30 25
3 40 9
31 23 36
8 3 23
16 13 23
23 33 2
31 24 35
19 53 8
34 6 17
21 57 30
7 34 25
11 36 21
15 11 3
1 36 20
32 44 30
33 11 25
7 38 22
17 24 30
14 33 11
12 48 15
12 18 26
16 37 32
33 57 37
16 20 4
29 23 9
8 60 27
4 24 29
10 52 6
28 52 18
17 33 26
28 3 24
24 44 17
13 45 27
7 33 26
30 3 26
23 4 31
14 33 18
17 25 14
19 46 8
24 60 27
8 40 39
24 1 10
29 15 12
18 41 9
2 33 35
26 26 17
31 58 38
11 49 31
7 35 20
8 47 34
1 29 40
8 29 5
14 12 39
33 55 26
23 42 22
6 52 36
2 25 26
30 52 37
32 54 2
16 7 10
21 13 23
8 27 6
30 2 31
11 9 33
2 36 38
32 43 35
16 60 6
23 39 26
33 43 30
2 37 21
1 47 11
1 58 23
5 43 35
10 23 14
32 34 37
33 49 4
3 58 5
11 41 21
20 32 16
25 25 26
5 13 30
33 58 32
13 14 30
1 38 23
10 8 11
31 47 29
29 28 34
11 19 10
30 35 36
4 40 4
31 37 21
23 54 40
28 49 18
31 27 34
3 15 32
24 31 13
20 46 32
10 42 21
32 51 4
9 9 31
30 5 22
24 47 2
18 34 16
25 25 21
24 39 23
14 21 28
25 59 3
30 22 22
34 56 33
25 23 16
34 25 5
31 4 6
23 59 25
10 29 13
10 34 8
28 47 10
24 4 13
4 57 28
20 10 9
12 47 1
30 5 38
15 20 7
24 31 23
8 5 21
6 45 12
32 2 9
32 40 7
34 47 16
18 8 8
16 38 24
18 48 28
30 59 39
6 28 28
28 34 28
23 25 4
28 49 30
5 58 5
4 19 1
25 51 14
29 22 31
7 39 7
18 2 7
25 18 13
34 56 38
33 35 19
7 5 27
6 35 1
14 58 29
27 38 12
22 18 7
25 18 30
25 52 40
16 52 23
23 56 30
31 19 31
30 24 28
28 32 38
30 42 17
20 31 18
24 38 23
28 12 18
15 22 38
20 19 20
8 22 7
11 50 35
22 44 2
4 6 39
34 33 31
31 57 28
9 37 24
25 22 16
2 52 40
3 52 11
9 25 3
2 3 3
32 19 7
12 1 40
3 27 10
30 49 21
26 59 2
29 19 19
21 27 20
4 1 35
24 17 32
14 4 30
4 6 7
21 60 13
13 37 39
34 41 15
13 18 17
30 34 26
29 58 24
5 48 3
19 38 14
32 58 32
18 6 21
11 6 39
27 12 34
10 23 36
31 9 37
27 39 12
13 40 38
2 45 35
26 37 38
29 3 16
32 38 9
23 37 8
4 36 19
9 53 34
33 8 29
25 52 24
27 57 22
34 57 9
33 34 3
4 9 2
34 49 11
22 30 34
13 52 34
7 38 26
28 46 17
19 28 20
12 44 24
21 28 33
3 31 17
21 55 2
15 48 17
23 33 5
24 45 28
9 9 25
23 40 36
21 48 21
26 55 22
13 10 35
33 16 30
34 41 31
28 5 13
33 45 18
4 22 36
22 9 28
34 41 19
21 53 17
3 41 12
24 5 35
14 59 28
16 20 8
28 30 25
8 40 38
6 26 11
9 35 14
1 31 34
20 26 20
22 46 37
32 54 12
23 49 14
2 37 39
2 58 37
14 58 11
5 30 13
32 27 1
3 4 22
3 12 5
14 13 6
22 40 34
34 37 6
20 4 17
34 19 6
19 59 4
26 34 35
22 17 20
30 23 27
14 14 4
14 33 7
1 42 40
23 6 7
4 35 2
20 19 16
31 16 35
27 4 2
1 20 27
29 45 14
27 29 29
26 56 28
12 3 2
14 11 34
12 1 39
26 28 9
25 2 4
10 5 6
3 7 6
19 47 39
3 19 4
7 30 35
18 26 22
28 17 34
28 24 8
11 36 35
23 8 27
17 34 3
14 33 24
29 43 18
23 33 33
7 18 12
9 36 9
27 6 32
23 60 39
32 34 12
12 29 26
33 25 16
32 43 8
25 38 7
13 36 13
13 39 38
24 24 22
26 6 19
19 11 18
18 22 27
6 24 25
21 4 40
12 37 25
1 12 34
23 5 27
2 23 17
7 52 7
34 13 24
13 43 1
28 55 9
4 3 16
34 1 14
11 22 26
21 51 3
6 33 39
20 9 20
16 15 38
23 41 11
31 56 10
25 20 37
7 40 16
14 15 21
29 24 31
20 38 2
6 15 26
24 3 2
33 47 33
29 13 33
9 12 36
7 44 5
17 20 18
8 44 7
24 58 36
4 6 11
3 33 39
13 60 39
18 54 22
15 17 21
26 5 39
4 7 1
1 45 15
28 12 9
6 1 10
12 27 24
2 16 34
30 20 6
28 52 1
10 28 26
15 14 7
11 13 6
14 54 35
27 35 30
1 29 39
15 38 27
16 15 16
28 50 12
6 47 14
2 33 12
29 26 39
1 55 25
15 18 39
8 24 1
26 55 17
31 22 23
34 55 5
14 8 6
5 7 21
33 26 32
31 13 25
1 31 30
12 32 31
16 21 18
2 22 38
25 58 23
25 10 4
20 35 11
30 11 16
19 15 2
15 46 19
5 25 24
12 8 7
24 17 34
9 36 32
24 12 25
22 49 37
33 50 6
33 9 27
22 29 34
29 28 28
33 17 32
14 60 29
31 58 28
7 44 38
33 40 36
24 32 22
26 46 4
4 2 22
28 49 8
15 36 22
14 57 2
8 38 25
6 11 17
4 59 20
5 46 4
15 9 31
32 45 1
1 3 35
22 21 13
7 9 23
13 40 27
8 49 24
6 18 13
12 16 38
12 45 10
29 4 24
18 23 37
15 41 17
18 19 31
29 47 23
2 53 24
7 60 37
1 47 23
24 46 29
12 3 15
6 32 7
29 39 30
30 33 10
14 59 35
18 13 36
26 27 32
24 31 31
13 60 8
13 26 3
25 52 2
32 21 39
21 57 4
20 13 34
18 2 40
23 28 9
22 8 20
31 54 26
23 38 30
23 9 16
32 44 21
31 49 36
10 56 1
33 10 20
14 17 2
21 5 6
23 49 26
11 48 35
33 41 20
1 57 7
10 48 4
26 60 7
28 10 8
7 23 21
8 43 12
4 56 39
2 57 30
25 14 8
30 29 21
22 5 36
30 45 17
7 29 19
6 2 38
7 45 17
30 19 34
33 18 31
1 39 11
26 11 35
10 22 21
31 59 29
12 36 35
3 50 40
31 35 6
5 7 15
1 56 30
30 38 33
7 18 32
14 32 4
9 32 22
24 37 7
33 37 14
5 33 30
14 28 22
10 17 35
23 52 24
19 22 39
9 30 21
11 16 2
28 58 31
11 42 29
27 30 33
14 56 17
17 4 12
16 22 33
20 57 7
24 53 9
7 27 27
27 5 25
2 35 5
7 5 20
23 19 12
20 19 7
17 57 26
8 31 2
20 5 16
12 24 9
21 7 15
8 31 14
25 47 36
21 51 24
16 35 15
29 24 18
26 32 7
21 35 18
2 32 23
24 17 20
18 36 33
2 10 24
33 7 20
5 4 1
4 36 24
2 24 15
20 20 7
19 7 34
11 42 4
27 53 7
6 43 27
29 41 40
2 45 24
2 48 38
18 47 22
6 20 17
11 3 16
30 57 40
5 55 3
13 30 30
23 23 35
28 38 30
2 53 27
19 39 7
2 49 30
5 10 30
25 35 36
33 19 23
16 37 22
21 40 20
21 2 7
9 34 5
29 27 37
25 26 23
18 42 18
13 25 40
23 45 15
10 47 7
1 31 8
29 15 1
24 49 9
7 37 31
30 30 25
31 12 36
33 21 19
23 1 11
26 33 34
2 57 37
12 49 31
10 58 28
3 43 18
20 49 33
10 11 38
32 40 35
30 45 8
32 35 20
32 17 27
5 17 35
31 41 34
24 3 10
17 59 18
1 36 12
5 5 35
16 50 3
29 57 12
15 17 27
33 6 3
28 39 18
13 53 25
24 41 3
23 49 5
20 4 29
22 40 34
17 57 1
9 12 2
32 41 39
7 13 14
2 45 22
11 51 17
16 37 27
5 32 33
14 49 8
8 49 2
1 40 38
33 40 17
15 37 24
2 31 14
28 36 5
30 20 39
2 13 17
2 42 5
13 32 6
18 18 2
25 11 35
17 58 9
29 15 1
22 19 7
2 17 33
32 54 6
17 31 2
23 43 27
8 25 38
15 15 25
4 3 22
3 38 38
7 13 4
24 11 34
16 59 5
4 32 38
31 45 5
19 6 32
21 39 15
32 37 25
13 42 7
1 43 25
27 11 9
9 45 20
31 31 21
3 56 30
4 9 30
34 53 30
9 55 40
34 33 13
17 56 15
21 54 7
30 5 6
29 28 13
31 6 7
24 54 23
22 30 1
27 38 16
29 30 1
4 59 3
5 58 39
9 10 28
20 27 40
24 23 13
22 3 25
25 18 32
24 9 2
5 20 26
2 10 31
29 6 39
26 20 27
33 55 17
1 21 18
3 38 24
31 16 1
5 29 33
26 12 37
14 18 35
26 23 33
16 28 19
22 26 26
15 55 20
24 54 1
26 2 22
21 2 33
12 28 36
6 47 36
12 43 15
34 52 18
34 17 19
17 16 22
5 27 18
23 33 40
9 39 39
34 31 38
28 24 9
7 9 22
27 19 38
4 21 20
28 26 21
27 14 4
27 17 34
5 26 14
24 9 13
29 2 35
12 45 36
16 52 9
8 45 39
3 27 33
1 39 34
3 60 18
4 25 11
18 4 19
9 11 7
20 9 6
25 18 25
28 22 11
1 47 13
29 53 23
27 28 29
12 45 35
24 4 12
31 37 18
3 22 21
14 22 23
26 12 5
13 57 4
22 39 36
3 8 13
3 18 15
28 58 33
8 26 27
14 29 2
32 6 8
34 58 33
11 19 17
13 46 13
5 32 36
6 22 15
22 14 5
4 23 18
13 55 26
30 19 29
6 9 2
1 4 21
33 39 25
3 5 34
28 28 21
10 37 32
33 13 7
11 36 21
5 43 26
19 54 10
18 21 28
25 26 5
18 54 13
17 35 31
2 35 28
10 34 39
25 39 25
31 47 20
25 36 38
25 57 30
20 16 32
29 1 34
12 49 22
32 13 29
18 35 37
1 45 34
23 20 24
4 15 13
28 34 34
21 4 34
14 30 13
18 43 5
11 45 6
15 18 28
22 54 15
4 52 27
11 29 12
3 34 3
29 56 32
8 24 17
30 12 39
8 29 25
25 57 10
31 3 35
28 1 33
24 40 23
31 1 1
24 21 40
20 35 31
34 21 9
4 45 21
22 29 14
2 42 4
24 2 4
30 24 22
15 4 35
17 13 29
27 13 11
26 17 4
19 6 5
25 50 16
31 26 33
34 2 30
10 4 13
7 54 8
31 22 7
26 32 39
6 39 15
29 41 11
7 22 37
19 3 12
21 55 31
19 34 13
11 28 12
16 34 10
14 50 10
29 34 26
27 50 16
24 34 17
29 39 35
24 50 16
21 20 14
24 51 14
19 51 17
31 17 12
17 46 2
13 47 22
23 28 17
9 58 5
16 16 36
30 25 11
13 44 1
8 13 2
25 28 4
21 24 16
34 46 7
26 54 2
16 54 38
20 3 40
17 6 26
4 21 39
12 2 9
1 24 27
13 10 32
15 18 26
27 14 6
17 38 4
2 57 31
4 35 6
10 50 37
22 45 31
22 34 5
27 45 32
18 23 21
25 7 25
17 31 37
28 27 3
7 28 13
11 17 13
22 17 16
2 35 32
1 15 23
9 58 30
14 40 34
27 59 30
20 28 30
4 60 20
30 38 36
8 5 8
4 4 29
25 4 14
11 7 15
33 26 33
5 8 8
22 43 12
31 51 16
34 50 30
30 24 10
32 11 38
23 24 1
3 51 23
13 60 2
10 29 9
33 48 2
5 30 21
33 24 27
19 40 22
11 32 30
19 54 23
31 45 24
17 20 7
16 15 9
8 33 6
13 9 37
14 6 2
7 47 25
16 38 3
13 49 34
29 18 12
28 25 27
7 21 12
17 23 34
30 43 27
13 51 40
18 34 26
13 46 35
17 54 18
5 4 21
33 60 7
1 59 34
13 8 17
11 26 25
21 42 32
3 28 8
9 13 5
24 31 34
13 28 22
19 1 28
33 34 12
29 13 31
26 18 12
29 13 36
9 26 7
31 20 29
6 10 28
3 20 32
29 39 7
1 18 12
30 23 11
4 47 15
6 35 33
20 18 10
30 5 39
12 48 30
28 21 11
28 54 7
25 20 36
27 44 32
5 37 16
24 14 28
8 38 14
25 44 18
7 49 28
33 1 37
29 7 37
25 41 37
6 19 12
17 37 35
16 33 28
26 17 16
28 12 18
16 54 7
5 1 6
22 15 33
23 24 32
8 11 13
24 52 34
22 34 5
34 22 6
2 53 39
31 49 32
1 43 15
33 57 24
19 46 2
22 11 37
25 55 16
25 27 1
2 55 26
5 46 21
26 60 40
20 8 19
8 12 35
19 37 39
4 45 4
8 42 37
13 41 22
7 4 15
17 14 26
4 43 22
5 11 16
25 60 12
13 33 28
34 42 28
19 10 34
25 26 34
26 4 5
3 45 25
11 57 18
12 42 38
28 12 34
18 9 3
30 11 5
5 53 37
28 24 16
16 39 33
21 39 14
34 30 5
32 36 10
24 49 25
7 16 18
24 6 36
20 23 10
11 26 20
12 43 14
27 52 23
1 17 7
19 20 29
5 35 19
22 2 8
17 48 28
30 49 12
3 13 14
19 23 8
16 39 3
19 52 29
19 9 10
20 11 17
11 6 27
3 28 16
29 20 9
12 6 20
11 45 9
24 46 13
6 27 8
30 3 23
11 44 4
18 32 29
4 35 31
18 21 22
10 46 10
20 59 7
18 2 10
8 49 40
23 32 20
32 30 22
12 59 11
9 54 19
8 56 8
21 39 1
3 48 6
14 51 23
32 24 24
29 40 29
4 33 20
31 46 36
14 19 10
2 10 9
1 14 17
19 51 8
1 31 19
14 57 17
1 50 14
20 3 26
25 28 11
6 42 38
26 30 21
10 48 25
6 33 9
30 55 7
20 29 4
12 26 34
19 23 5
31 56 36
11 18 40
25 50 36
11 7 25
23 56 30
16 41 40
15 25 34
2 59 37
16 26 9
26 55 40
17 44 22
15 2 25
1 17 34
15 8 33
10 14 38
5 51 4
13 2 17
7 50 10
18 49 30
15 5 1
10 14 38
11 18 13
26 12 38
17 30 25
31 13 16
26 53 13
30 13 5
31 51 32
26 29 19
33 27 5
18 53 19
2 51 40
10 58 9
28 39 35
7 3 22
17 18 16
15 48 18
13 60 1
26 12 5
3 55 33
19 1 14
15 50 5
34 42 8
27 15 21
7 24 4
30 30 3
4 34 32
33 4 38
15 28 28
16 37 38
20 26 11
16 15 37
4 24 5
17 42 37
2 32 14
20 59 18
15 47 20
3 20 3
4 4 6
12 7 16
30 39 25
29 49 2
1 39 38
30 26 7
27 56 35
23 54 14
20 6 25
32 23 30
33 40 31
29 11 40
26 22 24
8 26 24
12 24 31
6 47 11
8 2 31
31 22 27
16 15 40
16 26 28
32 17 19
3 27 36
17 47 17
17 48 36
28 25 11
3 27 31
2 21 36
2 7 30
27 7 18
31 37 29
11 37 25
6 28 3
11 53 21
34 57 38
16 6 19
13 33 35
25 6 19
8 8 10
31 39 26
8 4 29
34 22 33
21 49 8
8 60 8
24 3 1
19 40 12
32 24 6
22 19 40
3 44 2
13 8 10
33 35 13
1 50 9
3 57 38
9 47 2
32 33 23
16 41 4
5 48 25
3 23 11
11 41 8
12 44 19
24 7 11
18 6 40
10 22 32
27 41 8
1 41 14
31 29 4
1 4 24
22 26 19
25 49 7
27 50 31
12 46 17
14 32 37
20 43 23
11 15 12
8 22 22
7 40 18
34 58 8
14 16 6
24 21 26
23 53 30
33 51 14
6 39 7
28 33 40
3 12 29
19 32 9
20 56 33
16 41 5
20 34 33
5 8 4
3 50 1
18 22 9
13 10 28
6 12 38
7 3 27
24 24 3
28 38 12
9 23 25
27 37 6
7 16 33
3 21 21
23 47 2
8 49 40
8 9 1
26 37 35
15 19 35
24 38 19
5 36 38
22 52 28
14 3 19
22 31 11
33 58 40
31 13 10
9 20 4
2 41 28
24 9 21
8 12 13
31 37 27
13 39 9
20 52 12
13 6 35
19 30 10
28 14 30
30 23 35
14 39 38
11 37 28
27 30 40
17 26 2
10 21 28
28 23 29
33 56 38
6 59 38
29 49 40
18 49 18
25 45 8
34 44 15
20 39 23
15 9 38
27 39 32
17 33 2
18 9 3
2 26 26
28 16 28
34 2 16
28 32 36
34 34 7
15 28 29
5 29 36
28 17 15
28 16 5
26 1 23
6 56 39
26 60 22
26 10 28
2 25 32
4 24 3
13 22 8
16 24 21
33 40 28
6 5 24
18 24 2
16 38 7
20 10 30
6 50 30
19 35 9
11 41 23
23 37 35
9 24 33
14 33 27
26 10 1
29 44 9
20 43 22
8 48 7
13 4 27
33 11 8
8 30 10
31 18 37
7 18 29
7 6 24
6 9 24
28 46 30
13 10 6
1 24 15
3 2 33
15 5 17
22 37 35
12 13 21
14 31 28
29 35 8
33 35 19
7 35 4
10 43 18
30 2 13
31 7 1
1 34 35
22 31 12
24 3 40
2 15 27
20 33 26
32 25 4
27 7 39
28 18 28
6 49 19
14 11 33
12 20 4
11 33 10
17 26 16
29 50 9
6 47 27
21 18 17
17 42 33
25 47 6
23 6 4
7 49 16
25 60 30
16 12 12
20 33 26
33 24 6
1 18 9
29 60 36
14 50 6
32 51 34
30 17 39
17 19 35
26 13 20
1 5 34
9 40 9
14 59 12
13 10 17
13 19 3
19 60 20
4 53 36
19 52 25
15 1 3
34 53 34
21 10 39
22 26 23
24 17 24
27 37 6
13 41 33
19 46 32
10 7 15
31 37 1
12 43 39
26 35 15
18 3 13
29 32 3
14 24 30
27 36 26
1 17 20
23 24 26
23 23 31
9 26 18
15 12 23
1 27 17
1 51 34
33 3 22
8 23 10
24 5 34
33 50 14
34 50 6
18 40 10
8 57 38
9 7 25
8 22 11
31 56 28
10 42 7
19 40 2
4 60 17
5 54 21
19 54 6
31 38 31
33 33 35
33 9 2
21 7 15
3 10 11
22 17 17
28 41 38
6 13 38
24 33 37
3 12 38
23 33 8
19 35 23
7 52 7
31 11 29
26 3 37
31 7 10
12 39 8
34 20 23
11 19 12
34 53 33
32 51 25
19 19 24
15 24 21
28 38 27
28 33 21
1 30 25
27 59 3
6 50 1
25 26 19
22 27 5
25 55 28
6 26 36
8 27 3
8 10 8
9 60 13
32 7 40
22 21 18
2 8 5
18 33 1
2 2 13
1 7 26
16 8 15
9 44 35
21 57 19
24 49 31
13 18 4
32 29 15
3 45 15
33 10 6
27 29 15
12 26 16
4 54 22
1 4 35
32 3 25
3 36 28
11 23 15
24 46 39
23 15 8
17 29 9
8 53 9
10 9 32
14 22 36
14 36 12
9 5 29
14 18 5
14 54 37
8 60 6
8 18 32
32 2 25
24 21 23
3 41 15
13 6 2
4 37 31
20 17 14
11 24 30
21 30 35
25 35 22
14 39 34
22 47 36
24 31 25
25 59 1
27 35 2
33 46 17
1 28 38
32 46 20
18 43 14
4 7 2
9 37 27
16 46 4
27 35 14
15 47 28
13 3 18
34 54 29
3 16 28
12 11 28
21 12 6
19 28 39
19 3 14
14 60 7
31 25 20
21 21 14
21 7 20
4 45 22
27 33 20
18 39 14
15 15 29
34 20 6
10 18 19
20 40 7
2 12 3
7 13 13
1 49 27
1 2 13
2 51 39
26 15 40
5 22 13
28 53 40
6 26 15
27 40 24
15 20 25
11 32 21
17 39 21
11 56 25
25 49 14
12 52 9
30 43 33
22 15 22
11 57 24
30 8 5
15 51 19
25 28 27
22 50 36
3 47 30
24 23 4
1 50 27
33 22 18
13 1 4
26 5 17
3 53 15
9 47 34
33 57 4
17 43 33
33 4 40
5 6 15
22 3 39
27 10 40
3 29 6
11 4 5
23 44 27
6 19 38
2 11 22
1 36 4
28 48 20
33 11 29
20 44 6
33 60 27
30 19 6
32 41 17
10 22 5
8 35 9
30 34 11
21 47 37
32 47 32
34 24 17
24 25 28
11 8 38
22 24 21
22 41 15
15 11 5
12 24 31
6 35 24
21 27 11
3 20 18
4 45 14
28 56 30
34 54 9
16 22 31
3 57 39
2 33 1
1 3 8
7 49 16
27 16 31
32 25 5
30 29 30
11 8 7
24 15 16
9 55 4
22 60 30
25 43 33
6 7 18
9 60 35
17 12 2
32 24 22
30 2 35
8 51 1
9 30 35
3 27 19
16 42 9
13 28 37
8 15 33
16 54 32
22 39 32
2 60 9
4 44 33
31 31 20
27 50 28
3 11 4
22 6 4
28 52 8
26 20 12
20 18 3
27 38 4
33 59 40
26 59 29
8 46 20
3 5 37
5 13 8
21 3 13
3 42 32
6 18 7
24 18 5
3 45 39
6 40 8
18 36 12
2 17 31
25 14 20
34 47 36
11 21 21
33 58 19
31 27 13
11 4 18
7 7 4
30 9 40
26 38 35
13 57 15
23 6 27
17 8 11
15 55 17
16 51 23
30 27 10
22 11 18
26 27 2
5 42 17
28 50 33
17 50 20
9 13 40
10 24 38
31 57 6
22 23 22
26 14 39
20 33 13
17 15 36
7 41 25
34 13 15
25 22 20
2 30 3
32 45 10
11 28 21
3 8 37
6 34 12
32 60 10
24 38 15
31 2 4
19 43 9
14 19 22
19 25 26
19 46 26
25 29 31
31 2 13
31 10 30
16 34 20
27 28 23
14 13 23
15 7 2
9 39 12
33 38 27
3 21 32
33 18 22
7 32 23
24 36 19
27 27 22
31 16 39
29 7 35
19 60 12
22 49 6
16 21 9
30 14 20
21 52 7
5 16 20
16 28 40
33 3 33
10 2 17
27 43 34
34 37 18
18 54 23
15 56 5
12 38 34
34 17 7
32 60 7
10 54 22
6 52 35
31 46 31
33 54 36
34 17 3
25 55 5
15 39 15
19 45 1
29 18 17
12 47 26
14 56 21
8 4 32
13 29 21
27 42 9
24 3 33
4 32 13
26 52 28
5 15 16
34 49 1
29 23 31
5 41 11
26 40 20
3 10 18
19 57 1
21 55 4
28 58 11
32 12 25
21 11 24
3 43 40
28 48 39
33 3 10
7 14 35
2 18 8
14 55 6
15 18 40
33 51 26
25 9 29
26 8 32
19 2 3
1 37 1
11 13 30
14 47 34
25 12 13
10 28 20
29 59 14
1 14 36
31 60 3
32 54 11
20 44 6
10 33 2
33 57 23
23 8 24
30 46 12
34 44 39
24 26 6
27 15 10
11 2 23
20 4 15
34 18 22
30 47 21
4 43 6
12 56 28
1 40 5
4 16 40
19 43 33
14 11 1
10 6 11
25 38 37
15 48 10
13 1 23
34 15 1
17 18 6
5 46 33
9 49 20
13 49 22
1 46 8
2 46 36
15 29 39
34 4 15
15 60 1
21 53 12
10 59 36
27 47 7
32 23 39
14 60 40
14 2 5
9 1 29
33 30 27
14 22 19
28 47 30
16 51 6
29 44 8
32 21 31
26 44 1
23 1 12
9 25 35
34 40 8
15 43 33
31 60 26
1 45 34
19 20 25
2 20 32
29 52 13
9 54 12
28 31 10
6 47 32
12 43 18
27 60 25
26 28 17
25 1 40
27 17 7
28 24 7
30 59 27
13 30 12
13 25 19
18 17 37
9 42 33
34 2 17
15 49 40
33 39 36
3 55 8
20 38 8
6 56 26
21 10 3
14 55 8
7 55 35
21 55 33
15 13 37
2 45 20
3 10 18
12 15 32
26 13 19
18 12 15
19 21 34
25 60 20
8 35 11
32 41 12
20 55 40
19 45 20
3 43 13
7 29 18
9 37 39
20 20 16
7 34 3
5 19 6
13 55 1
30 36 13
2 7 3
12 19 6
29 28 31
21 22 1
32 37 25
17 47 36
23 21 4
15 12 31
25 33 25
30 8 15
16 53 1
21 27 20
28 16 38
30 36 16
22 37 29
24 49 21
28 8 38
34 34 19
5 43 32
32 18 18
31 44 32
13 47 7
4 55 15
14 45 11
7 53 30
12 5 31
1 31 40
16 36 17
21 27 34
29 19 24
20 22 5
15 34 37
6 28 15
31 17 19
29 59 38
30 35 16
1 5 10
1 27 12
13 42 13
17 29 7
23 7 34
10 54 19
23 36 12
6 33 26
29 19 26
20 53 20
15 42 39
22 45 23
3 26 35
13 45 9
3 42 18
13 26 8
6 24 36
6 41 29
32 21 32
24 48 21
3 57 21
33 43 27
22 59 39
27 15 19
11 14 20
33 19 37
31 2 7
21 9 12
9 38 13
26 18 8
25 54 4
19 47 36
20 37 32
11 23 4
13 26 7
26 43 12
6 36 11
25 11 35
34 49 1
29 45 38
34 40 18
28 49 34
25 52 37
5 57 24
23 55 4
22 5 23
4 47 25
12 39 9
25 56 19
10 39 16
8 16 17
24 43 23
15 12 34
21 42 27
4 8 33
32 44 39
9 17 13
7 32 12
6 4 31
23 2 36
16 17 4
18 36 19
9 27 31
15 51 13
18 54 11
33 50 22
31 38 31
24 5 10
1 14 39
34 19 14
28 30 28
23 17 24
33 51 17
18 45 32
23 1 30
23 6 24
25 34 23
10 56 23
18 13 23
1 38 34
8 60 7
31 56 14
5 7 17
22 54 36
8 19 9
32 60 8
11 54 25
13 23 20
2 26 20
20 24 23
28 48 12
10 27 25
27 18 7
13 44 10
33 60 39
3 48 20
27 21 37
11 54 2
4 10 21
32 26 5
6 54 39
25 27 21
34 26 38
22 23 28
6 23 25
9 1 5
14 16 18
13 52 16
2 3 21
21 58 8
5 11 35
18 40 39
17 45 15
26 20 34
20 52 14
8 18 2
4 17 25
10 22 26
34 25 13
32 24 22
27 30 4
6 58 38
24 10 31
18 55 33
20 4 5
29 23 28
22 46 21
18 30 24
13 56 5
14 54 15
30 27 36
10 53 15
28 40 36
17 16 17
18 13 30
28 46 34
9 2 24
10 6 13
27 5 18
24 25 14
8 29 36
8 43 11
29 53 12
4 55 1
32 12 24
29 17 38
29 25 16
19 40 24
17 26 21
18 40 31
3 32 22
12 3 3
15 58 5
34 44 5
9 30 9
33 22 38
9 44 30
4 37 35
21 37 30
31 37 32
11 11 10
15 52 33
23 31 20
11 44 25
2 27 30
7 57 27
12 23 33
11 32 5
6 2 6
15 1 8
32 36 18
10 3 21
31 30 3
30 21 29
5 8 7
24 8 4
9 59 7
12 53 14
30 14 8
8 9 28
21 46 20
4 28 10
2 35 23
2 2 33
15 3 37
11 38 13
28 22 3
6 30 1
6 57 9
7 15 20
28 12 14
25 56 4
3 31 37
3 23 34
26 13 17
10 38 27
20 3 4
32 27 16
14 51 14
28 11 5
9 53 17
27 55 32
10 10 22
29 13 38
18 30 30
12 45 5
4 1 33
16 30 22
21 14 34
25 30 25
10 12 24
24 60 24
30 37 37
16 58 14
23 28 28
6 11 4
12 54 37
2 17 34
10 50 34
14 19 27
31 46 31
26 29 6
17 18 18
5 47 11
6 52 16
19 43 28
18 46 25
29 57 26
23 16 17
28 56 34
1 34 39
6 54 18
20 3 2
30 1 17
31 12 20
22 43 5
30 11 5
27 43 17
18 53 14
32 41 21
19 49 4
12 22 23
9 47 37
34 38 18
17 27 2
16 60 8
31 55 37
26 26 37
1 10 17
23 30 33
32 57 11
20 60 10
22 46 18
29 54 26
27 26 6
21 50 15
32 24 16
13 4 26
10 32 35
17 29 23
17 29 30
8 29 1
15 27 35
14 7 11
28 14 32
33 41 38
28 14 18
33 8 35
15 23 13
11 36 38
8 40 27
5 19 2
26 45 13
30 32 36
32 28 14
17 54 20
15 58 5
11 24 37
9 6 21
16 56 4
27 40 32
34 3 4
19 21 15
10 58 11
30 28 8
7 33 24
33 44 40
21 60 8
25 38 38
33 9 3
6 58 27
1 14 39
21 17 17
8 10 25
23 34 12
24 20 9
30 39 10
26 50 20
33 17 27
31 34 12
17 1 7
20 2 25
29 13 29
3 29 6
20 53 21
15 5 3
34 20 23
1 34 18
18 23 38
23 41 11
3 19 16
7 32 37
2 26 36
17 40 21
31 19 39
16 14 4
12 1 2
18 24 16
16 3 36
29 47 5
6 44 26
30 3 4
11 58 26
10 42 3
23 29 16
13 7 8
22 31 12
31 10 26
11 42 37
7 35 11
34 25 31
20 34 10
27 23 37
34 58 20
21 10 39
16 42 14
5 50 2
20 37 24
12 56 30
14 7 38
27 10 26
30 49 21
13 9 6
8 27 32
2 56 27
28 18 13
5 52 18
31 60 33
10 3 36
6 58 9
20 15 15
17 44 9
31 5 7
29 15 15
8 22 40
3 8 31
15 21 18
16 8 25
14 9 20
8 38 32
21 49 16
18 5 22
20 32 38
9 25 27
13 45 26
27 59 20
21 52 9
24 56 14
16 10 29
33 50 11
9 31 24
30 50 25
3 44 23
22 20 13
24 41 33
12 7 12
33 37 1
17 37 39
28 21 30
9 26 20
27 54 2
32 18 19
8 56 30
33 7 23
9 3 35
25 58 2
17 38 13
19 20 15
6 1 33
33 20 31
30 27 20
2 43 26
30 37 40
27 42 5
33 31 25
34 30 20
21 6 20
25 51 17
1 35 24
2 3 40
1 53 9
24 36 37
24 21 34
2 56 3
2 37 25
24 42 10
16 6 25
19 32 20
3 37 5
30 47 1
2 59 20
8 48 20
20 54 18
15 4 15
30 13 38
19 1 33
18 8 33
26 43 5
28 58 27
23 25 4
31 14 9
12 12 20
17 43 7
6 11 28
26 16 19
9 24 35
23 30 11
18 3 28
18 6 21
24 15 6
32 3 29
4 23 18
15 2 25
19 5 13
27 21 37
5 14 9
7 47 28
6 55 7
9 27 2
27 31 15
13 45 22
16 27 15
24 59 24
2 50 8
31 11 38
6 58 36
31 51 12
21 31 2
5 12 1
7 9 36
33 31 32
29 1 11
14 21 28
27 44 28
17 2 19
4 38 6
20 4 2
15 19 24
13 29 25
7 7 24
13 30 21
31 52 8
5 8 16
20 38 26
15 41 6
33 9 12
23 1 33
3 49 39
9 17 19
19 22 7
25 41 7
29 29 26
15 48 8
9 58 29
6 34 34
34 12 37
25 28 33
16 30 32
3 35 26
31 10 30
15 5 33
2 6 35
16 56 29
3 42 14
4 30 9
4 57 35
3 49 9
28 45 9
28 24 27
4 42 4
12 7 35
10 47 14
17 34 7
32 39 20
11 53 7
9 55 4
5 8 17
17 11 7
21 35 12
15 7 4
31 59 14
19 55 25
11 60 9
29 20 31
10 60 40
23 60 13
7 36 2
19 29 6
6 17 24
6 43 3
10 48 32
7 47 13
13 22 25
5 56 24
4 4 22
5 36 25
11 8 8
2 37 32
5 53 18
23 58 37
24 47 23
25 1 23
28 50 14
25 36 31
9 54 24
14 23 10
13 42 19
2 14 26
13 17 27
19 54 16
5 19 10
3 11 9
18 44 28
28 13 16
26 21 16
21 40 10
27 47 6
11 11 38
31 10 2
16 10 33
11 19 4
29 32 22
24 19 5
4 24 19
24 29 36
13 4 6
30 4 18
3 16 29
29 37 14
23 15 16
33 32 34
14 9 33
5 18 40
32 21 5
25 8 16
23 19 16
18 29 38
24 25 14
9 53 33
26 59 36
24 24 17
9 39 20
26 16 17
14 9 13
14 45 15
34 26 19
8 13 37
18 10 40
7 45 18
13 11 1
10 33 16
6 59 5
33 8 31
8 2 30
31 33 16
5 34 8
12 60 14
12 50 21
8 34 36
33 54 34
20 19 35
2 17 38
13 58 12
26 44 10
31 10 10
20 1 27
25 9 17
26 49 30
7 56 13
1 46 30
21 18 13
18 55 18
34 1 8
20 46 6
25 5 12
23 5 11
5 6 18
3 55 34
11 43 16
17 19 13
32 59 2
2 56 8
26 30 38
19 32 14
34 2 7
25 13 1
17 52 1
4 43 29
32 11 17
5 31 18
16 17 17
30 41 29
23 47 28
10 36 22
6 1 39
34 59 26
1 40 39
21 26 40
16 34 10
13 23 38
33 1 40
19 23 11
5 24 20
31 10 30
3 5 28
30 19 28
2 11 11
21 58 26
10 38 8
34 29 16
27 50 16
13 20 30
20 29 9
10 10 40
2 35 37
28 6 2
23 13 37
16 52 38
27 8 13
23 4 37
22 49 38
8 43 19
12 41 6
7 28 15
25 9 11
21 13 33
17 60 21
27 35 9
15 13 26
23 18 6
1 34 29
4 3 16
14 29 32
3 38 25
29 30 5
5 43 39
29 27 6
17 3 26
28 8 40
14 58 38
2 60 15
16 38 17
34 3 8
9 18 17
5 57 24
24 5 35
10 59 2
25 44 22
16 13 21
10 40 35
32 38 9
8 28 36
14 15 5
33 52 7
6 4 39
4 37 23
10 57 11
32 17 31
30 56 16
17 22 35
34 48 18
18 55 39
23 15 26
25 28 38
11 2 36
21 11 24
26 10 30
17 55 13
8 34 33
20 35 32
25 17 7
21 59 36
25 6 26
34 12 40
4 2 37
19 36 20
27 46 22
32 31 12
13 21 5
34 35 22
32 31 37
8 45 37
5 12 5
30 45 28
3 43 30
1 7 29
28 51 33
9 14 4
20 3 30
15 18 2
5 57 27
16 29 12
16 32 3
34 52 38
30 11 28
3 42 3
10 40 23
22 59 24
30 60 37
5 24 13
2 21 35
18 48 6
34 42 15
26 22 40
28 33 14
10 13 36
34 46 31
25 41 2
11 17 33
3 3 13
23 6 26
33 30 39
30 29 35
6 12 40
4 30 1
34 10 21
10 55 27
7 17 26
8 60 7
29 29 29
20 51 24
25 36 13
31 57 37
24 37 15
2 35 10
3 53 16
18 13 39
18 34 23
17 9 20
6 33 17
6 38 6
33 13 26
12 29 21
3 38 20
8 13 7
27 2 19
28 39 20
24 59 27
4 48 30
27 52 37
17 16 17
11 34 11
23 49 36
23 50 13
30 29 32
23 6 8
1 39 35
21 6 1
1 48 20
17 21 35
5 52 36
30 16 35
9 45 3
26 4 3
3 32 18
27 33 33
4 16 3
10 58 27
14 35 20
16 1 8
27 51 7
10 32 6
6 57 33
29 8 1
23 42 11
9 54 40
31 56 28
3 37 15
33 20 3
10 29 34
27 49 13
25 36 6
6 39 31
4 2 28
14 57 4
28 35 39
32 21 37
5 37 20
12 9 13
12 9 33
31 38 22
12 52 2
29 9 10
20 10 12
34 53 26
17 7 14
23 9 28
3 60 1
30 26 37
7 48 33
33 13 40
4 52 32
2 41 22
2 27 20
14 34 18
6 19 17
1 37 22
5 37 5
28 45 6
15 8 35
19 41 15
21 52 27
18 27 24
12 53 15
30 37 5
8 29 26
19 48 34
14 39 32
13 60 16
5 25 20
7 56 17
18 17 15
19 19 2
9 51 38
21 12 4
7 30 40
17 6 8
20 54 7
32 36 39
1 39 13
28 6 14
15 19 18
11 18 8
20 47 25
24 31 38
12 49 14
17 34 10
18 12 23
24 35 22
3 22 28
33 21 31
20 36 37
6 21 36
10 24 29
30 17 22
6 55 24
19 44 9
13 17 3
7 40 38
9 29 10
4 19 4
8 23 26
31 43 37
14 22 2
34 58 27
19 51 16
30 33 24
2 48 24
23 7 14
7 49 31
23 36 14
32 28 10
33 17 18
24 40 31
17 9 39
9 28 32
16 36 14
7 20 13
4 28 32
20 32 24
20 53 10
2 58 20
16 16 3
23 11 4
13 32 12
15 33 4
11 8 28
31 2 13
24 31 6
27 36 22
21 23 14
4 54 16
5 21 6
23 27 26
24 39 22
33 53 18
26 40 5
12 16 9
3 36 37
23 24 26
31 6 1
13 13 16
30 44 38
24 12 8
19 11 14
4 16 1
29 16 3
7 7 7
23 22 29
15 31 39
19 29 6
16 48 38
17 12 34
17 31 30
1 19 4
10 24 27
18 59 21
20 18 27
17 41 34
30 55 26
20 11 20
13 13 11
15 56 13
23 10 15
1 42 10
19 52 37
28 8 27
19 60 1
27 35 7
1 53 21
20 44 9
14 24 21
22 15 17
13 23 10
15 41 12
8 18 17
34 32 39
28 16 37
29 37 38
6 8 16
10 30 28
5 23 38
11 60 40
2 49 30
5 17 12
2 29 4
14 12 8
15 41 4
2 25 20
23 47 29
22 12 5
25 59 36
26 37 31
29 32 11
2 27 38
6 19 4
3 11 30
13 29 27
24 58 10
2 41 33
31 17 37
20 46 10
24 29 2
2 45 13
3 54 2
14 45 23
13 36 40
18 50 1
33 11 3
34 6 27
6 16 32
16 7 4
22 10 21
33 35 19
31 18 10
30 39 2
29 52 5
28 14 29
7 29 40
34 8 17
23 60 28
15 6 26
12 37 17
21 6 14
31 38 1
8 46 36
4 24 37
32 46 5
14 44 15
18 33 35
18 38 32
10 18 25
13 15 5
21 13 39
11 8 32
33 40 3
6 37 4
22 23 9
2 44 33
21 54 17
31 2 20
24 25 36
25 14 40
16 59 23
10 35 13
10 39 5
6 32 29
31 38 26
33 53 22
28 40 33
33 35 14
13 30 14
5 21 7
32 28 4
15 46 35
13 26 10
29 29 33
21 31 19
19 3 17
14 9 37
16 32 36
5 31 27
2 3 37
18 17 11
23 43 39
5 12 36
17 25 20
11 19 15
32 43 4
10 44 9
29 26 30
12 9 2
21 8 29
17 12 6
13 29 26
33 34 20
32 47 15
22 32 33
17 59 9
31 48 4
9 55 31
18 11 8
16 18 40
11 32 6
3 29 36
16 32 12
10 4 27
3 47 5
30 36 9
1 30 12
17 11 18
9 21 5
20 28 13
14 17 4
19 14 38
13 12 9
26 44 5
4 53 6
12 35 37
15 39 34
29 3 31
6 32 33
33 19 20
17 31 4
6 3 24
28 8 14
17 17 17
5 12 39
30 39 34
20 24 4
22 33 28
28 31 28
22 49 24
32 52 5
8 23 3
34 29 8
4 14 4
19 59 20
6 9 9
30 49 6
7 37 16
29 32 38
29 59 6
31 54 15
4 42 1
27 31 33
6 36 25
27 53 15
10 30 30
30 24 10
10 37 32
25 37 18
26 51 4
12 6 24
16 36 5
7 25 30
7 31 18
1 16 29
3 50 27
20 44 34
16 9 34
26 37 23
15 26 35
19 19 9
7 43 11
23 58 26
14 27 1
18 48 19
10 49 5
10 23 37
2 60 14
30 56 6
29 33 4
8 51 24
26 20 27
6 33 5
16 42 20
27 25 14
12 10 22
20 4 7
10 52 8
32 59 2
15 47 16
21 30 17
28 2 31
4 48 36
24 53 6
25 53 24
4 14 10
15 52 34
31 3 35
19 46 11
3 58 15
33 10 28
7 10 37
31 58 14
10 11 23
13 33 33
25 7 34
15 17 17
20 42 16
32 17 32
19 17 36
21 3 14
20 22 26
23 32 32
18 10 6
6 5 35
22 17 1
27 34 14
23 17 9
30 60 35
32 12 19
1 17 22
10 24 11
26 35 38
22 36 29
6 46 23
27 57 21
8 17 8
30 8 5
22 34 2
5 36 1
20 3 18
2 12 39
30 3 33
27 50 19
26 58 34
7 39 4
16 26 22
33 21 18
22 13 6
1 40 25
27 37 23
2 47 26
15 52 35
11 44 1
9 22 20
26 17 31
20 23 24
31 4 28
5 8 12
30 25 39
31 30 8
24 26 16
14 53 15
22 47 14
20 7 34
2 28 3
4 48 35
20 5 12
32 1 2
31 36 13
6 45 36
30 20 29
11 13 29
1 23 9
24 10 13
21 33 37
20 2 25
26 5 36
33 27 11
10 12 14
18 1 26
18 9 13
5 13 23
10 17 11
12 13 4
18 57 13
26 45 8
24 12 18
34 51 13
24 8 35
21 12 17
4 14 26
12 10 6
25 20 29
15 10 9
28 37 7
1 20 21
20 17 7
3 46 26
20 22 4
21 34 24
9 10 38
12 8 9
14 45 4
17 46 35
19 51 33
7 15 7
7 12 35
6 1 8
9 60 10
25 49 12
7 35 22
10 54 23
18 54 21
24 44 32
33 37 27
34 52 19
6 18 16
1 58 17
28 23 18
22 54 8
31 53 25
2 33 29
16 5 32
11 54 1
14 9 24
11 23 22
2 23 20
18 58 10
21 46 40
26 52 32
15 22 11
6 53 33
1 26 21
12 44 38
5 55 9
13 16 25
31 11 27
33 19 30
21 25 39
20 3 21
30 33 35
29 52 4
19 30 28
25 60 35
16 43 34
7 41 39
26 53 23
1 18 23
20 24 27
30 45 20
25 44 12
14 51 20
6 17 22
8 29 13
24 28 4
12 38 32
7 20 12
6 57 32
4 11 1
9 51 22
21 8 33
20 32 39
15 9 37
21 51 28
31 6 10
22 58 28
13 30 30
5 47 19
4 1 12
33 1 28
22 50 32
11 52 31
31 2 3
10 60 4
30 23 21
28 34 6
25 38 25
4 52 33
18 4 16
20 2 12
31 9 18
4 2 16
11 15 7
28 57 8
26 12 32
33 3 10
13 59 38
29 19 27
25 41 6
12 1 21
13 42 18
25 46 2
24 48 39
3 18 15
12 20 18
3 10 8
9 23 40
18 57 10
32 4 28
29 37 29
12 6 26
10 36 12
20 31 10
31 26 25
23 32 22
30 51 16
31 45 22
5 31 33
26 12 19
27 54 29
26 49 8
34 56 17
18 31 4
18 51 6
2 1 9
23 47 21
13 2 20
20 22 6
34 24 14
19 10 38
8 35 32
32 19 39
31 30 30
14 42 19
9 22 2
26 6 8
18 36 8
16 18 13
9 39 7
34 17 13
2 44 23
17 17 33
14 31 34
4 49 36
4 47 40
15 49 30
15 52 39
16 44 2
12 6 35
4 11 35
15 8 2
27 5 17
9 30 3
34 57 15
30 58 37
20 45 3
20 21 18
23 49 38
13 42 6
16 24 20
23 60 40
19 7 3
2 35 24
21 13 35
30 34 30
24 9 28
2 51 8
32 40 32
9 18 18
28 56 26
5 18 4
32 48 35
28 56 30
6 40 32
21 17 20
1 15 27
14 4 7
27 18 17
21 50 13
9 23 19
1 3 19
18 24 22
26 5 38
16 34 5
7 26 31
27 3 7
18 51 34
3 11 27
23 20 20
11 15 13
10 45 22
1 47 38
24 15 32
4 38 36
19 17 17
20 60 18
9 59 36
12 49 19
17 6 33
31 20 23
12 24 22
16 21 31
3 50 18
12 44 9
16 32 2
28 31 8
27 4 4
17 54 27
16 17 20
18 47 21
8 31 3
21 51 2
4 42 20
21 43 28
22 49 2
26 35 34
6 33 15
26 22 33
14 12 29
7 18 22
12 25 1
4 4 15
14 45 32
27 3 39
28 37 14
14 40 16
5 15 19
1 32 29
29 2 11
29 28 38
3 35 15
18 56 31
31 41 16
33 24 17
34 17 2
1 11 30
11 5 22
31 9 40
26 16 27
26 54 39
33 14 18
23 18 32
26 7 31
30 41 1
24 19 1
1 55 34
4 28 38
12 8 38
28 4 21
5 39 28
15 41 28
21 58 25
5 28 5
1 24 8
27 58 24
28 58 28
9 38 35
21 53 15
25 30 27
18 58 40
10 25 36
5 7 33
7 18 21
29 5 32
16 7 6
26 25 14
22 50 40
16 37 31
20 32 32
18 26 1
22 16 28
21 38 12
34 19 33
9 60 8
30 49 39
19 27 30
22 11 38
12 50 4
22 13 28
28 51 36
15 37 24
3 57 15
7 56 31
2 1 24
27 54 2
4 9 16
17 17 32
12 17 3
16 21 16
12 9 26
9 54 38
30 53 29
20 48 11
24 25 17
3 1 18
33 40 22
11 33 5
20 37 39
6 39 29
29 50 22
25 56 40
25 57 16
31 57 16
31 55 27
5 36 19
9 12 25
34 55 10
26 20 40
18 45 4
17 22 28
29 3 33
15 1 18
32 30 17
33 32 28
2 58 33
2 44 24
2 12 8
19 43 6
31 19 8
22 36 8
24 54 4
4 19 9
18 7 3
7 37 16
26 33 9
27 18 13
6 46 24
16 30 4
3 39 40
18 36 33
26 2 31
17 4 28
31 33 32
4 30 15
13 31 39
30 39 18
5 58 10
33 45 37
15 23 22
33 10 25
2 4 28
28 41 18
10 55 22
29 59 34
6 16 38
29 3 35
12 59 25
32 40 14
32 31 14
27 11 22
19 51 29
5 32 40
6 17 36
9 10 3
14 34 22
6 45 40
29 46 32
28 52 40
16 30 15
20 23 30
21 1 14
3 12 20
15 49 13
17 23 28
24 13 39
18 47 17
17 30 20
2 30 22
10 39 16
11 42 2
11 28 29
24 33 20
20 21 2
5 51 31
24 4 11
7 46 16
7 30 17
12 59 8
5 21 15
32 34 6
31 44 4
31 37 17
32 28 19
31 6 2
9 39 16
1 42 30
3 47 34
22 3 15
32 31 28
9 32 35
16 7 14
6 13 4
33 42 6
24 29 33
9 58 17
17 19 33
7 54 25
9 22 17
31 3 26
6 4 40
14 56 37
23 6 21
20 38 20
33 22 30
31 55 13
3 32 22
8 36 16
14 50 14
6 49 26
20 19 27
24 48 8
28 41 20
22 35 26
13 40 8
29 30 22
8 27 30
2 27 40
30 33 25
23 60 36
10 25 5
26 23 29
22 28 18
34 39 27
17 36 21
28 47 38
11 5 10
31 25 4
26 42 10
3 29 21
8 53 14
13 26 1
17 1 27
2 12 18
26 9 4
1 48 15
18 24 38
9 19 37
24 1 35
10 21 6
30 19 36
7 14 25
16 29 1
29 2 9
20 16 31
27 11 27
2 20 1
24 9 27
17 44 26
5 14 12
5 50 6
4 55 29
28 16 25
8 14 25
20 11 34
20 44 23
14 29 35
1 18 35
8 44 17
2 17 1
24 53 11
9 56 25
22 32 37
24 51 21
10 44 10
28 4 7
32 35 34
33 43 7
19 22 39
25 43 27
17 31 5
6 57 1
6 16 20
20 40 12
12 31 3
1 24 21
14 19 6
6 39 29
6 9 10
12 51 13
10 16 5
21 21 25
26 3 18
8 45 19
8 8 7
17 13 3
20 28 26
33 22 13
33 11 14
15 31 7
14 8 7
19 8 5
11 2 1
18 32 3
27 46 31
6 28 40
23 6 18
3 57 6
20 13 6
30 42 17
23 1 33
27 32 29
12 41 17
12 11 3
6 15 19
9 45 25
20 28 6
30 54 28
30 36 35
3 5 19
2 28 3
31 3 40
30 57 8
11 11 4
19 20 6
5 36 23
8 23 30
33 1 1
20 32 26
25 47 13
34 34 32
1 12 37
25 55 21
14 42 30
7 49 11
21 32 7
2 13 27
2 40 11
17 27 25
29 44 29
31 54 13
12 30 14
34 39 32
1 23 8
34 23 7
31 36 35
13 19 30
19 53 38
28 10 36
6 26 18
17 54 30
31 48 27
17 2 18
32 58 32
30 57 27
13 25 24
11 1 15
26 60 10
8 24 22
32 23 8
1 22 12
17 47 17
3 32 3
8 24 34
28 1 11
8 44 35
16 17 19
12 55 30
10 57 3
15 36 9
24 58 17
28 49 17
30 37 10
12 34 32
23 47 34
7 6 24
21 41 38
34 20 10
18 57 40
4 29 22
2 1 13
21 19 15
15 31 31
4 46 40
34 50 13
3 52 9
32 33 22
1 42 9
23 16 9
24 40 7
8 50 9
2 55 37
3 27 3
33 6 25
26 46 29
15 21 28
26 10 15
2 2 27
11 55 7
8 32 34
10 55 37
10 57 7
28 9 34
33 19 33
12 45 14
25 29 31
14 5 12
24 15 2
26 11 22
28 12 31
11 31 36
5 35 18
9 19 38
14 3 14
16 4 8
6 17 9
24 12 39
18 23 9
5 25 25
20 29 35
25 10 11
16 39 19
7 10 1
15 1 3
5 38 11
22 13 34
1 43 36
33 36 22
12 47 4
34 60 7
15 9 24
4 22 18
23 39 32
28 60 31
24 37 17
2 32 37
23 52 30
30 33 33
20 36 31
29 41 3
15 29 20
27 1 4
22 49 29
25 38 18
7 35 19
17 16 26
9 23 25
1 56 34
33 6 29
3 13 21
6 54 13
26 7 9
7 55 15
22 33 36
21 36 16
24 14 20
22 14 36
15 14 7
31 47 27
34 27 23
18 55 39
21 5 17
2 54 18
8 11 27
1 13 40
33 50 29
22 9 31
19 43 23
14 25 33
26 51 1
6 10 8
33 31 16
15 59 17
29 16 30
28 60 3
28 28 22
13 16 15
20 59 35
29 56 26
27 50 29
2 48 33
12 1 4
4 46 36
2 14 31
31 18 29
19 12 14
6 3 29
18 43 16
34 28 1
24 9 3
20 50 13
3 39 37
33 40 11
9 47 27
30 28 2
15 18 5
34 28 12
12 58 1
17 59 15
28 3 11
5 59 29
3 21 40
15 6 18
7 9 10
2 55 7
4 51 3
3 34 4
31 43 17
13 42 5
2 9 23
9 9 17
14 3 2
34 35 28
5 36 4
10 7 31
25 21 10
3 30 11
6 21 19
1 29 16
7 1 11
27 9 8
21 21 5
16 53 4
19 18 40
2 38 25
23 40 37
21 41 25
22 41 16
1 28 24
6 4 17
8 22 19
15 50 4
28 33 23
29 23 9
13 11 30
34 44 24
30 36 27
29 15 22
21 48 27
13 16 11
12 14 9
11 22 25
22 22 27
33 16 23
29 57 11
7 14 33
11 31 5
23 42 9
17 59 11
6 47 30
28 31 4
23 4 35
15 30 9
15 14 32
24 8 5
16 1 32
31 47 35
34 51 29
14 18 40
23 16 2
4 12 3
23 59 3
27 16 17
32 1 5
9 11 17
32 19 28
26 50 32
19 50 40
1 59 21
13 50 9
17 21 38
34 3 35
29 42 37
10 52 19
16 39 37
33 49 6
2 53 31
4 25 40
22 24 31
27 23 2
14 53 1
10 42 25
16 13 9
20 30 18
27 21 1
18 16 27
29 7 24
22 21 30
34 29 13
33 32 5
29 35 11
3 34 25
31 32 15
22 2 19
34 31 4
23 57 31
25 53 34
11 29 28
11 31 30
23 15 16
12 21 17
26 27 21
34 2 11
19 10 37
28 6 36
9 50 36
31 12 40
32 51 14
7 26 19
20 43 17
3 46 17
14 42 37
30 19 2
30 7 39
28 10 32
31 5 17
5 30 2
7 10 28
29 14 11
3 30 21
19 49 39
4 57 1
33 14 5
21 27 40
31 28 10
8 35 26
31 2 31
32 16 24
1 40 27
1 22 36
2 29 29
28 12 12
7 27 5
5 19 5
10 2 9
26 7 26
30 29 7
28 48 33
25 44 27
12 43 21
33 38 40
25 56 28
25 6 33
3 46 13
17 18 15
28 50 35
25 47 20
14 33 1
20 25 26
34 22 37
9 29 2
14 10 10
25 8 12
24 24 28
24 29 38
16 15 1
6 31 13
1 44 22
7 22 37
12 16 15
22 57 32
27 3 27
34 45 19
11 42 8
10 41 19
30 60 12
4 8 31
23 21 21
29 10 23
10 28 18
6 23 27
23 49 1
7 27 30
33 29 12
4 29 25
24 21 24
1 36 6
21 25 20
15 54 33
23 38 18
16 6 33
9 45 8
21 24 40
28 46 1
17 49 3
15 44 17
14 33 24
8 5 15
1 30 4
15 26 30
3 31 28
20 15 12
11 13 21
24 54 32
5 10 6
2 11 11
23 40 36
14 56 16
34 24 5
31 7 16
19 10 5
4 41 31
6 34 37
27 24 24
16 14 17
27 9 37
21 4 40
23 2 35
26 4 16
25 31 11
32 34 28
11 13 2
1 12 8
27 37 21
6 18 19
5 50 23
8 24 18
26 52 30
25 10 6
26 25 26
6 26 13
5 42 18
8 55 11
5 22 18
20 48 36
8 31 5
18 60 27
9 26 10
12 59 33
32 50 21
18 2 8
18 26 34
30 49 33
25 41 4
32 18 38
21 51 9
24 17 6
2 52 39
34 40 1
16 29 8
20 5 7
6 27 22
32 9 11
13 59 38
19 30 13
32 51 5
33 44 27
4 44 8
12 50 21
5 44 21
27 32 3
16 56 25
34 48 19
1 10 18
2 48 24
23 32 26
31 4 22
15 53 30
26 32 37
16 42 23
25 14 29
28 39 23
29 24 1
32 26 27
31 49 25
22 38 1
18 45 25
29 9 40
4 37 20
14 56 15
15 46 35
14 11 35
27 19 33
13 60 1
29 37 37
34 6 33
19 29 3
28 29 15
28 15 6
1 31 37
5 1 31
29 24 23
18 25 17
25 34 2
4 57 24
5 56 34
7 39 20
7 41 16
27 43 18
12 50 14
22 5 21
28 3 35
17 15 3
19 38 20
21 26 30
2 55 30
23 15 33
21 18 22
2 55 9
12 31 17
14 6 38
32 25 28
19 37 21
23 9 5
27 42 25
8 28 39
2 8 20
11 14 35
7 15 15
30 18 17
33 21 34
21 7 40
33 40 4
28 21 17
4 34 24
26 50 12
6 53 12
4 29 19
13 3 32
29 16 5
12 28 14
30 44 30
2 5 31
27 7 21
28 43 33
30 40 29
2 16 16
28 5 7
26 12 18
8 8 19
24 40 18
5 26 33
8 49 25
6 50 15
29 37 24
19 11 1
8 41 22
20 60 10
18 51 38
24 52 6
9 41 13
17 56 18
21 43 14
34 50 24
22 18 36
27 17 14
6 18 4
18 27 24
33 8 5
24 2 40
11 43 38
26 57 29
31 54 2
21 24 30
6 41 27
27 50 27
24 50 37
7 51 39
6 1 27
31 39 17
13 14 4
27 26 3
12 1 4
14 45 5
28 35 3
9 59 12
13 5 19
1 5 21
14 43 18
23 8 36
17 60 39
6 46 6
31 51 10
8 58 37
1 40 7
4 53 30
5 36 17
27 47 23
18 25 25
34 4 12
24 2 40
20 1 1
2 45 26
5 38 14
2 33 6
7 18 11
30 19 17
12 43 13
20 25 10
7 23 8
17 54 37
23 9 1
24 29 35
7 57 37
8 36 25
2 16 32
33 51 24
15 10 25
18 4 29
17 23 35
26 2 7
1 39 30
23 14 7
2 46 21
34 38 12
29 26 13
23 56 22
10 25 18
16 55 20
24 38 36
28 21 18
20 29 23
18 9 5
13 57 20
16 12 38
29 40 13
29 17 2
22 1 24
16 42 3
10 12 31
7 8 26
21 37 35
25 37 18
13 23 17
12 46 31
11 32 7
33 26 10
34 20 5
7 44 22
21 33 32
9 34 26
28 8 13
26 35 17
23 35 18
13 9 11
31 45 6
24 37 6
33 35 40
20 35 15
1 40 11
26 6 16
10 3 13
32 29 39
1 52 6
14 58 40
3 22 19
32 52 18
27 20 19
8 57 3
8 51 40
16 1 15
16 12 12
26 2 14
21 25 16
34 55 8
21 20 37
5 59 4
18 11 34
25 57 2
15 49 25
7 21 3
17 53 37
18 56 11
19 3 36
2 15 13
12 32 26
6 6 26
26 59 16
3 15 39
25 49 6
8 16 11
7 19 36
28 34 35
7 21 11
34 50 24
7 22 20
8 56 25
21 9 38
19 17 31
3 35 24
27 9 40
12 53 26
31 20 40
15 10 1
9 19 22
31 45 38
2 28 19
34 7 5
8 51 9
17 18 19
29 15 19
19 20 32
17 29 1
21 20 8
27 30 14
18 49 25
24 28 28
6 16 18
22 20 4
14 34 27
10 15 27
31 53 15
12 42 8
9 17 8
23 34 28
22 53 28
15 56 31
18 55 7
31 35 7
18 2 4
6 6 17
33 3 11
25 31 29
26 3 21
24 23 38
16 5 5
6 24 11
19 32 16
32 58 1
9 21 16
9 48 27
7 8 3
13 34 5
12 41 3
15 18 3
29 40 36
33 33 30
19 46 34
28 50 11
14 32 7
17 15 37
10 14 12
19 16 18
3 23 5
6 22 2
31 30 11
16 45 9
24 3 27
8 56 18
12 21 13
9 60 30
6 26 27
2 32 25
13 12 30
4 54 8
4 36 38
12 23 5
1 55 8
8 5 19
27 42 23
25 28 11
10 39 32
32 10 14
8 38 8
10 3 25
24 36 6
13 32 8
4 39 8
21 26 7
20 42 36
17 10 10
26 5 8
24 58 7
7 20 14
31 42 14
6 26 29
32 33 20
31 13 3
24 59 12
19 47 6
26 60 20
23 44 28
16 38 15
1 25 29
23 9 28
16 55 16
8 8 26
22 52 1
27 20 13
5 13 40
24 12 15
5 37 30
22 59 3
24 26 40
30 37 2
11 21 19
15 48 35
26 34 11
34 46 13
11 44 28
9 60 37
25 58 36
26 43 11
18 58 13
7 14 6
23 8 6
30 57 17
5 45 14
16 27 17
3 18 39
20 25 13
17 4 40
13 58 29
9 53 24
16 6 15
8 1 19
18 1 20
21 10 39
15 46 3
4 4 21
22 26 14
12 6 11
18 19 7
30 34 16
16 19 13
17 60 32
18 50 10
6 42 4
10 5 22
24 13 6
5 1 12
17 55 34
3 18 6
3 53 3
32 41 12
8 10 5
22 20 9
7 19 28
13 45 38
5 42 21
9 47 2
29 2 30
22 44 32
12 56 11
27 10 34
27 16 14
34 32 33
13 44 22
22 51 9
15 60 25
2 19 33
4 38 40
20 43 16
22 15 38
8 44 30
17 40 6
31 15 5
34 48 22
18 25 1
13 32 33
19 52 30
12 36 34
25 35 37
12 57 31
26 23 2
10 20 35
12 57 6
21 22 27
15 34 36
4 44 20
3 50 31
22 54 22
22 27 37
21 55 30
26 45 33
6 26 27
8 37 35
13 60 31
11 58 18
22 24 15
31 38 13
12 48 27
19 31 28
16 30 4
1 5 32
29 27 23
19 50 37
28 58 4
23 48 3
7 57 39
7 5 20
31 48 3
5 34 4
15 60 39
27 9 23
30 40 13
22 37 25
20 33 36
4 1 34
19 1 22
33 44 1
13 27 20
32 51 6
33 54 25
3 29 24
24 54 16
6 13 2
3 10 17
3 22 30
8 14 7
1 1 24
1 4 33
33 25 33
2 44 2
4 60 1
34 56 3
3 27 32
4 6 38
25 32 26
30 45 8
13 49 33
2 5 13
13 8 7
16 36 13
15 60 31
1 51 9
5 6 26
10 44 18
4 57 22
6 19 20
5 22 27
17 37 39
11 58 13
27 58 24
25 26 30
3 8 30
6 18 40
13 49 34
34 51 33
20 48 10
28 9 4
27 44 13
33 58 23
3 25 10
6 16 32
20 31 27
11 11 10
16 23 31
22 12 34
28 11 1
24 7 33
19 8 4
31 56 36
8 24 25
12 2 32
12 23 33
27 46 5
33 56 5
29 6 29
10 27 27
10 43 11
23 18 4
21 51 3
5 20 14
31 48 10
18 47 36
11 43 34
19 7 6
12 14 32
10 1 36
28 39 22
28 59 25
4 15 16
30 41 37
24 51 6
17 15 21
27 41 4
12 25 13
2 17 17
29 39 23
31 50 36
16 24 7
34 12 39
33 57 3
3 33 30
7 53 13
8 27 13
16 32 18
8 39 13
31 49 34
11 55 20
15 1 34
27 24 12
29 37 22
15 27 4
4 48 37
19 30 38
20 6 31
26 55 31
29 60 38
6 8 3
32 18 10
22 28 14
10 28 12
3 38 10
6 45 3
34 57 15
13 12 24
23 2 16
18 23 19
26 48 17
27 25 33
33 2 3
6 30 17
10 2 18
18 46 12
13 17 3
9 57 38
15 21 10
23 1 31
14 24 15
9 38 28
15 34 16
31 51 16
2 56 40
25 45 26
8 17 36
7 7 31
29 38 22
33 55 27
26 13 29
29 10 40
26 28 10
20 6 38
33 45 36
29 27 4
34 21 4
2 25 9
24 33 27
16 52 4
29 21 17
27 40 32
34 3 38
10 50 14
27 43 27
2 59 11
28 2 30
34 20 12
33 29 16
3 9 17
16 28 3
10 27 25
31 46 11
27 54 14
32 34 5
14 16 17
19 2 13
30 36 6
13 51 24
23 14 39
24 54 29
24 12 24
20 55 27
18 19 39
19 28 15
9 54 39
12 42 28
24 17 38
5 9 35
16 37 12
24 51 2
25 3 12
23 27 16
5 28 18
34 6 2
25 32 15
12 33 8
5 58 21
19 32 7
31 5 30
9 7 32
16 18 5
34 60 1
28 19 23
24 42 21
34 51 28
7 34 26
11 24 15
19 53 39
27 55 34
8 32 14
28 30 3
34 7 18
10 31 19
29 53 26
4 35 31
8 37 15
7 53 13
29 27 12
33 14 5
30 21 13
6 28 35
10 10 29
3 17 10
2 7 35
4 56 36
24 47 34
4 46 20
2 42 32
13 21 20
32 49 23
4 60 17
7 54 4
7 42 26
1 27 8
4 30 39
29 56 33
4 49 31
4 13 14
9 22 32
31 2 35
27 48 39
32 18 28
30 25 35
28 41 1
16 40 2
33 8 9
4 5 4
27 27 40
12 53 5
4 44 2
8 42 30
32 1 5
14 26 1
25 27 33
25 34 10
29 44 28
3 24 40
3 12 16
15 51 4
14 38 1
33 9 17
22 22 26
26 45 17
12 36 2
13 44 22
20 57 27
19 60 38
19 42 3
6 56 1
10 10 17
23 37 16
10 36 25
2 42 30
2 42 4
6 49 11
21 1 14
1 47 37
17 48 8
3 36 14
9 23 18
10 31 4
15 36 39
18 31 25
9 16 27
15 35 39
4 55 21
5 29 21
29 59 11
34 53 7
15 14 2
19 53 39
34 25 22
30 10 1
29 27 4
14 57 29
27 41 40
27 39 16
12 31 7
22 55 39
11 42 22
15 7 32
17 29 23
28 40 16
18 39 19
26 24 16
29 10 33
10 2 22
29 28 20
3 36 33
2 11 26
6 32 30
6 6 35
7 40 11
6 33 35
19 40 9
19 59 30
20 14 11
12 6 13
29 26 5
21 57 40
8 47 36
7 25 30
3 37 40
19 11 20
24 54 25
18 48 16
13 50 35
17 7 25
20 36 6
27 54 28
25 45 15
16 27 16
32 16 38
13 9 39
32 57 1
9 50 18
26 25 7
15 26 38
29 33 33
23 18 18
14 54 2
3 15 3
9 8 26
21 54 21
8 6 36
15 45 29
30 1 40
24 40 32
18 41 7
15 58 23
8 10 7
28 23 4
26 56 24
32 8 31
20 44 17
15 44 30
20 39 3
34 45 20
13 4 40
33 28 2
13 56 25
13 24 25
5 52 12
30 41 15
12 39 40
8 1 13
25 57 12
28 22 29
8 39 33
19 19 29
11 49 29
4 6 7
7 22 18
11 13 1
4 60 11
14 29 28
7 22 26
33 40 15
30 37 33
28 32 3
27 24 8
5 26 9
17 34 6
26 15 24
18 43 18
15 54 31
4 12 2
13 31 25
26 57 15
34 24 5
14 50 1
33 21 5
11 46 18
6 2 37
14 15 32
32 12 28
6 44 7
17 47 16
3 41 7
14 11 9
28 10 4
10 41 8
1 16 15
7 17 32
34 30 12
7 27 26
33 44 17
19 58 19
10 5 2
11 49 13
14 54 34
3 57 17
15 18 38
28 5 40
3 40 30
3 31 20
3 42 32
14 59 34
33 59 35
8 54 31
29 9 7
20 10 38
30 11 9
23 52 39
22 44 1
18 5 30
30 32 14
28 51 18
1 1 1
29 21 26
31 18 30
13 16 18
26 24 32
8 42 37
22 39 26
25 57 13
28 59 26
20 39 33
11 58 27
34 59 39
5 13 9
7 50 40
5 27 17
20 60 39
2 16 13
9 5 22
9 57 27
28 9 16
21 13 25
30 20 4
17 2 39
9 28 16
29 21 32
23 38 13
2 36 34
33 37 35
11 6 37
7 40 3
11 10 14
32 43 36
12 16 2
5 28 4
13 60 37
34 26 29
20 23 30
27 23 8
22 37 22
28 56 9
20 8 35
26 13 13
28 33 32
15 17 33
11 51 32
7 47 1
28 48 22
10 27 12
3 6 29
10 27 4
27 52 36
23 28 6
28 28 11
17 40 11
20 22 18
20 51 22
3 31 15
19 26 3
19 54 11
2 41 9
2 58 15
21 40 34
7 1 5
24 44 11
5 1 32
8 30 24
16 12 5
10 6 20
23 30 12
26 12 10
9 28 37
6 6 22
30 40 17
28 56 13
19 60 11
26 26 34
25 2 4
24 44 37
5 32 6
16 49 31
6 28 31
4 25 8
5 39 2
18 38 37
22 41 18
17 47 30
29 37 36
24 36 35
19 54 8
30 41 25
13 17 4
7 3 37
17 55 6
12 59 7
28 3 3
16 22 29
7 13 37
6 34 7
18 55 12
7 38 37
17 14 36
8 12 34
21 17 20
6 58 10
26 45 36
32 49 4
23 17 8
7 42 36
21 2 25
31 30 40
14 45 5
14 47 5
2 20 6
9 17 32
28 17 4
7 28 16
20 40 22
10 15 28
22 38 40
21 24 17
16 38 20
22 21 16
31 42 28
31 9 38
23 45 24
31 54 33
29 20 38
28 39 21
14 12 32
24 48 29
9 26 16
30 35 33
26 20 38
20 13 8
30 13 1
22 30 24
1 14 12
12 16 4
33 42 18
10 25 8
15 42 27
15 46 18
30 36 4
3 47 12
15 27 23
18 13 20
28 49 11
14 28 12
30 27 3
5 15 23
27 28 8
29 30 40
3 39 8
24 9 14
15 23 39
7 46 2
23 30 1
28 49 2
8 21 26
34 25 23
13 53 8
29 1 39
32 13 31
17 27 30
32 10 1
34 17 38
5 60 32
16 12 5
21 11 25
4 30 1
2 12 38
24 21 26
16 8 14
29 19 32
5 11 36
15 58 23
12 16 13
15 37 4
18 55 11
5 6 4
18 20 19
6 41 32
31 33 39
31 26 11
24 50 11
9 29 36
23 48 13
6 7 37
24 50 6
32 5 21
3 23 2
23 52 2
12 14 9
31 30 22
29 3 3
32 34 16
3 17 6
29 29 21
34 51 9
23 21 19
10 37 24
21 13 20
15 45 14
15 29 24
4 39 31
18 40 21
24 43 39
21 13 34
17 57 28
22 26 20
26 36 27
3 23 4
20 7 3
18 31 30
33 6 3
33 57 28
34 23 40
31 45 39
21 38 37
30 11 23
8 29 1
28 17 28
3 24 5
30 16 21
9 57 26
22 7 21
31 28 9
4 17 9
27 19 23
22 53 30
30 26 1
27 40 32
20 34 30
29 24 25
8 5 38
12 57 28
33 53 17
34 50 36
1 52 9
22 41 11
4 44 39
30 60 23
4 18 24
15 34 25
1 35 16
31 28 35
30 52 3
27 10 13
21 27 27
19 51 16
28 12 6
12 20 26
14 8 3
24 38 12
32 54 16
12 56 38
4 27 10
25 37 40
27 23 31
10 20 10
20 6 19
7 47 26
6 17 7
14 6 11
31 19 25
10 34 3
26 45 27
27 18 8
27 17 39
4 21 9
20 22 39
9 14 4
31 28 18
31 54 25
18 9 28
30 18 20
18 10 26
8 48 9
18 59 13
31 8 34
31 3 23
32 1 20
23 60 13
33 9 21
30 24 15
11 36 39
9 19 23
29 36 13
21 59 25
13 13 2
30 59 19
22 33 13
10 60 8
26 11 19
3 14 24
27 54 34
3 52 20
29 8 14
20 12 22
17 58 10
27 45 5
31 38 4
10 54 9
2 30 29
9 29 30
31 14 33
1 28 9
30 49 33
19 3 16
20 28 7
34 15 36
33 21 8
2 12 2
9 43 1
1 36 34
1 34 7
24 11 12
13 54 19
17 25 17
4 47 14
1 14 8
13 30 36
31 56 1
10 44 14
31 31 26
29 36 5
9 21 27
7 53 11
31 49 36
5 60 6
29 20 11
34 57 30
12 31 34
14 31 7
7 16 12
25 55 3
30 41 23
1 2 1
33 34 24
6 33 1
29 18 31
18 29 10
4 30 3
18 53 4
9 17 38
30 3 4
4 41 8
18 11 21
16 8 12
1 40 33
10 5 36
19 39 14
11 53 12
6 26 13
20 44 6
11 51 1
21 11 36
33 57 25
34 56 16
32 6 18
7 17 38
34 33 6
23 13 4
30 52 5
26 24 32
26 1 38
17 41 18
30 6 10
11 47 14
4 2 36
4 50 38
20 50 1
4 25 21
18 32 19
33 19 32
30 27 38
15 41 13
25 13 29
23 25 27
10 55 5
31 33 37
18 51 33
1 17 26
27 60 22
16 36 31
11 42 17
16 25 37
9 26 25
1 37 1
21 53 3
19 50 15
3 35 35
31 12 14
4 43 4
34 2 39
18 6 24
10 10 1
22 26 1
14 28 1
23 33 8
5 60 20
31 34 3
15 54 6
33 4 31
27 1 23
19 52 30
6 57 22
10 54 1
31 46 12
14 16 14
12 2 38
11 46 29
18 20 9
16 55 35
18 23 20
31 27 22
4 19 30
10 22 13
12 24 12
21 15 7
25 56 13
29 15 25
30 60 21
6 25 17
18 48 7
7 28 34
18 17 33
4 19 26
22 13 39
2 38 15
30 51 26
3 26 2
3 47 30
8 50 34
27 16 37
18 51 38
9 50 37
10 19 22
29 31 18
10 55 35
19 53 12
34 9 29
8 42 5
10 59 26
17 21 11
29 48 39
7 34 19
11 3 38
16 35 15
7 36 24
16 42 36
31 11 35
1 20 25
23 48 32
6 21 22
8 6 19
29 26 21
5 20 2
2 17 11
27 13 26
14 30 22
2 37 40
5 12 31
6 51 8
17 57 26
23 17 35
1 3 15
11 39 5
9 59 17
4 49 36
8 28 25
19 57 39
1 51 14
26 2 39
31 34 40
14 26 33
2 57 1
29 59 37
11 40 38
23 57 17
10 18 14
7 52 20
11 17 5
22 26 24
1 56 37
1 13 6
12 44 2
6 5 3
27 33 23
18 24 27
30 53 16
6 26 30
32 41 29
32 19 38
19 17 19
25 2 5
9 2 22
9 25 7
11 1 19
33 32 30
20 23 8
25 53 22
11 12 29
21 24 25
11 34 34
17 42 40
13 8 22
20 7 19
26 45 12
12 5 36
15 5 37
4 29 37
17 42 6
27 9 29
22 47 16
30 56 35
28 56 14
26 22 2
3 21 27
11 37 22
22 58 35
10 26 7
22 24 39
32 50 9
17 36 4
25 36 11
31 58 18
7 10 3
20 44 21
22 41 24
26 51 10
27 11 36
27 35 5
26 34 18
33 3 31
6 6 3
23 54 16
25 27 3
22 53 26
19 5 39
12 41 8
5 23 11
12 5 33
27 21 2
16 31 36
20 40 14
20 19 30
23 58 37
3 54 8
1 45 28
20 15 26
2 44 11
17 24 37
32 14 25
11 52 30
30 56 30
16 53 34
29 42 21
24 3 9
21 9 10
13 56 39
11 42 9
2 42 28
31 14 35
19 37 22
27 31 20
33 28 11
16 57 2
15 49 3
12 3 29
8 1 2
23 34 31
19 20 25
4 52 19
33 18 11
20 10 35
6 27 13
4 36 36
1 45 26
6 9 6
28 26 15
32 15 25
14 8 15
4 43 25
32 10 35
20 22 9
15 31 3
2 42 8
3 56 3
29 37 17
29 24 34
4 45 3
23 36 40
8 46 8
28 55 18
31 46 11
33 21 11
21 23 16
21 28 22
31 55 9
20 49 28
20 4 30
1 41 28
21 12 33
18 26 5
31 18 16
25 27 13
1 14 36
6 53 35
6 12 36
16 59 37
20 30 25
12 3 38
10 10 1
17 28 18
23 32 15
30 18 29
19 59 3
21 26 31
11 26 19
6 2 1
25 2 25
24 22 20
17 60 35
12 15 13
22 27 31
21 12 10
18 10 7
8 55 38
22 24 36
14 17 13
5 13 12
3 30 24
1 16 28
20 12 4
17 47 6
2 40 37
16 46 33
4 23 34
21 29 8
33 49 15
7 10 18
28 44 12
23 58 4
23 10 6
26 26 32
23 44 36
34 44 5
29 45 15
3 59 2
11 36 12
29 4 34
8 48 39
10 19 40
2 20 23
2 52 26
8 23 19
1 42 25
26 42 2
24 4 28
16 27 15
19 17 10
34 18 21
33 44 1
30 31 21
4 33 18
10 43 7
6 1 20
15 47 11
12 15 10
12 15 3
10 50 40
25 2 25
31 13 6
24 19 29
11 60 1
31 37 17
6 3 22
1 4 24
5 27 7
13 53 16
12 28 6
29 3 40
11 37 9
29 52 3
29 49 37
20 38 40
27 2 9
7 29 1
19 57 15
1 43 2
26 42 30
32 4 18
17 19 39
17 18 15
2 43 28
25 40 30
20 52 39
5 3 8
29 38 26
13 45 40
27 38 34
18 5 28
3 34 11
33 39 14
9 52 14
29 55 11
17 29 38
2 8 32
4 57 34
33 58 40
7 50 19
23 18 27
24 19 37
22 23 37
31 53 36
5 45 21
33 29 38
21 40 24
20 8 20
27 56 9
20 35 17
26 23 9
3 26 38
16 7 2
34 47 26
30 50 33
12 47 31
25 20 22
19 30 23
21 45 3
30 46 19
7 28 15
11 50 32
31 31 31
6 14 31
29 43 22
23 36 21
26 53 9
12 55 7
4 17 24
27 51 36
8 28 4
11 28 37
17 49 19
9 6 9
23 27 16
32 29 23
26 7 6
28 34 28
34 18 5
32 4 6
30 28 36
16 44 37
5 44 39
24 30 39
34 38 15
25 27 12
24 56 38
8 2 30
26 6 31
15 37 5
25 28 31
29 32 27
13 25 4
19 16 28
14 47 13
6 31 12
15 13 35
16 7 34
24 28 13
21 51 24
9 33 9
5 37 16
7 21 24
17 19 38
18 43 32
15 17 7
12 20 19
14 60 17
30 6 38
16 46 40
4 25 2
29 40 17
21 37 20
21 8 8
27 57 1
14 9 40
20 9 14
32 36 29
4 4 39
15 31 16
8 36 37
17 2 33
17 32 4
33 54 23
5 50 29
7 27 18
12 56 36
16 35 3
15 17 17
17 60 13
30 42 14
7 30 35
14 41 15
5 40 17
22 47 19
8 45 10
18 19 34
5 33 17
16 36 1
34 32 23
18 2 2
20 30 13
19 54 36
30 34 9
29 42 17
27 23 5
22 55 25
34 48 19
16 32 20
24 60 9
4 16 9
25 59 3
9 44 4
13 14 35
16 48 28
17 46 2
15 54 5
12 4 8
22 25 18
1 35 19
28 36 24
3 30 31
31 32 35
6 39 29
1 18 14
14 46 40
12 4 21
20 51 31
7 41 32
34 28 23
13 40 20
12 22 34
6 22 3
10 26 12
19 39 35
15 19 17
15 46 30
25 24 2
31 2 1
29 41 4
18 23 34
31 22 25
31 40 22
12 45 19
30 60 24
34 38 29
27 46 12
25 19 1
8 20 14
32 60 25
32 42 21
15 21 2
8 11 21
11 38 12
15 16 17
28 54 26
1 48 30
1 57 20
15 47 20
20 58 5
4 39 38
26 26 40
21 38 30
14 60 23
22 48 13
12 19 30
2 2 19
18 50 21
34 57 36
32 7 33
16 9 2
17 35 3
30 25 12
30 56 14
28 5 35
5 56 17
23 9 19
22 6 17
3 52 6
34 38 35
32 13 30
23 52 17
7 25 25
3 27 30
6 15 12
11 30 2
8 12 27
3 60 28
7 23 15
23 53 23
20 59 7
20 36 40
26 7 34
4 47 31
23 13 6
7 20 36
3 46 28
21 1 29
27 28 25
17 55 19
1 7 37
23 30 2
13 58 4
31 52 25
27 11 39
34 21 40
1 59 38
19 55 6
17 6 20
13 47 6
1 5 34
33 32 14
2 58 10
31 37 4
17 31 38
19 28 11
21 27 37
4 55 39
6 30 3
6 31 28
21 31 8
31 13 7
22 53 37
9 24 38
6 32 40
23 9 37
27 54 39
25 7 8
14 3 21
20 50 38
25 18 37
7 14 31
3 37 28
11 38 27
27 29 13
19 48 30
29 8 7
23 46 39
2 44 25
4 58 24
21 2 11
25 1 3
33 51 11
11 42 21
9 43 33
3 33 40
4 47 4
20 26 38
1 22 4
13 11 8
30 26 23
15 48 23
16 26 38
31 26 35
18 35 12
15 33 19
13 41 20
9 13 34
19 31 1
8 46 26
25 43 31
15 3 17
23 56 6
14 25 30
7 23 25
33 20 30
32 46 4
33 6 7
12 48 7
23 13 17
34 57 2
5 16 6
31 49 29
13 44 24
24 2 33
16 59 12
15 46 22
3 23 22
23 36 18
27 38 24
9 7 24
27 15 10
9 42 30
20 5 36
2 3 25
3 46 20
11 8 7
22 15 12
18 41 9
10 29 9
1 52 18
21 15 15
14 17 19
34 46 14
10 14 2
8 25 10
25 15 18
7 44 19
17 4 21
19 39 26
32 18 27
16 13 22
14 13 8
24 3 20
17 38 27
17 51 23
21 21 37
23 2 28
11 28 16
5 48 29
30 56 15
3 38 29
4 25 27
12 58 34
21 6 6
32 58 39
2 5 17
12 30 36
18 55 29
16 39 34
31 15 38
23 32 29
30 44 34
4 22 15
33 11 20
12 52 11
7 6 13
7 12 16
10 34 13
6 19 23
2 60 23
19 38 17
16 60 5
33 39 36
9 4 37
19 5 30
19 53 32
33 10 38
9 58 31
15 9 37
3 14 33
27 3 39
5 35 40
3 30 4
29 41 32
5 44 30
24 30 26
9 59 28
4 24 34
15 25 3
29 7 4
11 48 5
19 13 2
26 21 22
1 6 31
10 11 9
17 22 16
14 25 17
13 23 38
8 33 29
33 60 10
30 6 28
5 11 7
13 44 40
9 39 26
20 54 9
4 6 33
31 21 39
10 16 33
3 19 26
23 17 14
33 22 11
13 48 3
8 52 39
22 43 1
30 16 17
2 36 23
9 17 2
6 54 21
16 39 7
18 35 4
14 33 19
29 37 40
25 4 23
25 18 8
16 1 26
8 35 8
9 47 23
7 17 28
25 11 15
29 57 28
1 16 21
31 36 25
24 4 14
3 53 24
2 44 6
13 26 39
9 10 12
21 26 27
27 58 28
11 16 36
13 1 27
19 7 23
3 51 20
16 50 10
27 44 8
26 34 39
32 50 8
28 40 4
30 49 16
14 55 10
29 27 7
10 51 27
20 12 22
5 59 28
11 39 22
1 8 16
34 34 25
12 13 16
3 17 6
10 1 10
29 25 40
21 9 35
23 30 18
34 7 40
13 58 35
15 11 7
33 17 6
11 35 24
7 7 10
7 27 1
6 25 36
6 43 8
27 39 17
7 55 36
8 24 14
25 43 7
25 13 7
13 27 18
15 48 5
2 18 13
32 19 36
9 21 1
15 26 2
14 8 12
20 8 24
28 51 7
22 24 30
15 29 13
13 10 26
9 21 7
15 57 39
34 42 40
18 57 19
26 21 14
20 26 12
28 39 16
28 10 31
18 9 11
33 55 10
32 4 21
12 47 34
6 39 40
2 57 7
7 43 40
2 2 16
33 30 2
31 24 17
13 31 33
8 42 15
30 1 36
24 50 17
3 57 32
18 7 33
17 12 6
24 44 36
12 26 4
24 6 38
29 23 29
25 55 38
27 48 31
22 30 28
23 55 3
24 48 28
34 13 33
16 26 33
31 51 34
15 6 6
32 22 19
22 55 9
8 26 15
19 23 18
20 36 31
16 35 17
25 52 16
28 20 4
15 47 27
8 23 38
31 47 35
5 54 8
14 24 37
28 17 9
3 45 19
33 10 26
22 35 28
4 46 37
33 43 38
13 34 37
30 25 33
18 35 3
5 14 21
11 53 8
16 1 25
32 26 1
23 52 7
3 12 16
31 6 37
10 59 19
30 2 18
23 34 30
14 42 7
21 49 34
7 3 25
17 10 22
16 48 22
12 46 24
24 46 1
3 46 35
4 13 8
23 39 18
21 55 30
12 55 12
26 4 25
22 60 14
18 45 5
9 18 24
27 22 38
16 4 33
17 54 30
20 22 1
4 21 25
23 46 13
18 28 24
3 32 35
13 28 25
2 51 39
33 54 31
34 59 20
5 44 2
18 52 3
21 40 17
2 18 40
18 34 24
15 30 36
31 20 16
15 14 12
11 46 16
9 1 27
1 25 11
16 4 12
34 43 32
5 60 25
13 39 40
15 4 8
30 39 30
18 11 2
2 38 5
28 3 19
15 38 35
9 29 24
27 4 8
10 12 29
24 6 36
34 48 30
3 56 7
4 37 17
34 13 36
10 54 34
25 26 25
30 32 35
2 43 13
6 42 33
10 36 5
20 48 35
23 60 4
33 36 15
18 20 13
1 9 38
11 46 34
25 19 36
30 20 38
28 6 34
14 22 34
3 38 7
20 52 27
5 26 34
12 41 39
28 14 8
21 55 24
11 49 23
30 6 30
27 40 34
20 49 37
31 25 8
11 33 17
28 14 3
30 48 39
30 21 1
31 36 16
8 19 8
23 49 11
3 23 16
8 35 7
10 37 28
28 34 16
16 28 20
27 59 27
10 1 27
16 14 13
7 18 2
7 13 40
12 2 14
28 36 16
21 33 5
6 40 3
13 43 27
9 31 17
17 38 35
30 24 19
24 27 3
5 25 18
32 4 28
26 15 33
24 17 31
3 9 5
7 34 32
22 13 27
24 52 7
23 27 1
2 48 23
15 55 28
8 5 13
9 49 26
5 51 20
1 42 18
31 54 6
13 25 2
20 45 20
24 30 17
18 15 15
24 14 9
18 27 13
25 56 26
8 19 32
14 20 32
22 46 21
30 59 35
7 47 24
5 36 38
27 11 34
17 22 27
29 16 30
5 1 21
33 5 16
2 9 25
14 10 22
24 54 34
14 36 20
4 4 22
4 38 21
3 25 21
1 25 6
22 30 39
25 20 40
4 18 38
5 2 10
17 27 39
4 45 40
17 20 23
6 32 23
31 52 24
15 14 11
29 28 13
9 34 1
7 35 20
8 44 36
23 21 31
33 1 3
16 11 3
1 8 27
19 36 10
21 6 33
34 9 18
34 42 23
30 41 1
13 58 1
17 17 13
14 35 6
1 24 5
21 14 38
14 41 8
18 53 2
32 46 8
10 55 14
14 58 16
6 32 16
31 14 31
14 6 16
14 40 6
22 22 21
1 38 11
16 45 14
19 20 21
23 15 27
32 22 14
2 47 18
17 28 28
30 3 27
12 8 7
34 55 27
5 29 33
4 42 26
34 1 23
5 47 7
24 27 12
4 58 37
15 43 5
3 58 9
8 51 21
34 50 4
32 19 25
16 37 18
30 34 7
31 53 11
30 41 24
11 15 7
30 41 26
28 49 16
14 53 19
21 41 39
22 14 40
11 14 39
26 31 16
34 17 18
25 53 4
30 6 36
3 12 23
15 46 21
4 28 21
6 28 7
31 58 9
1 7 18
9 40 29
5 1 37
23 14 11
24 3 26
15 23 38
24 27 10
23 16 35
27 53 29
22 9 10
5 8 31
4 55 16
32 17 17
11 47 31
6 35 23
5 13 38
21 60 2
8 39 26
5 41 3
17 17 30
28 37 33
23 7 10
4 42 3
31 11 34
29 4 36
31 18 9
16 38 8
22 48 14
7 11 40
23 17 19
31 53 20
8 26 34
27 17 16
25 22 11
33 30 34
16 39 5
23 31 28
20 2 11
8 52 12
15 1 14
30 53 8
16 18 5
27 39 30
22 22 1
22 17 38
34 49 31
4 31 31
27 22 2
32 55 2
16 22 23
8 51 14
33 59 22
31 58 23
18 28 33
7 43 40
3 20 30
12 30 27
23 33 35
10 25 28
19 35 29
8 34 25
14 56 21
4 35 38
4 4 10
18 14 14
17 49 20
31 58 38
30 56 32
18 14 1
27 11 8
32 43 26
7 14 2
27 31 25
6 13 36
8 49 20
3 26 30
34 36 32
32 38 6
14 8 1
33 26 16
31 47 20
25 14 13
22 27 1
2 58 6
18 13 37
26 59 23
15 58 17
20 40 25
29 4 19
26 18 40
24 42 27
25 55 16
19 17 24
10 29 21
26 2 19
13 18 28
33 26 2
16 41 37
32 28 26
23 40 21
6 28 13
14 28 8
31 55 21
27 3 23
11 55 22
19 49 3
28 59 12
20 25 9
4 48 13
16 6 16
2 15 32
16 32 33
28 24 29
22 58 32
10 23 3
20 53 23
23 43 38
30 45 7
33 8 2
18 47 24
29 14 1
10 47 38
33 38 7
5 33 34
17 50 15
31 60 4
25 4 17
3 39 27
30 38 26
14 11 27
16 11 2
11 14 9
14 52 21
23 33 29
14 48 28
15 52 18
17 23 2
23 24 1
27 15 17
13 15 6
17 59 2
32 35 30
30 48 10
24 26 3
21 60 2
1 23 38
26 2 40
6 34 6
10 29 35
30 59 12
6 27 4
29 22 37
13 32 5
8 51 5
25 43 32
24 28 34
10 27 25
3 48 23
2 14 17
1 7 7
25 54 11
13 32 36
5 51 1
31 49 26
34 47 36
28 48 4
6 14 35
4 10 14
19 5 19
30 27 4
22 26 22
13 58 20
8 55 7
26 46 36
16 48 32
26 34 32
9 44 6
27 30 23
27 3 26
23 41 17
13 7 40
2 20 7
27 31 13
31 28 31
21 60 22
5 20 29
30 31 29
21 52 2
26 48 23
15 60 8
11 22 25
11 57 14
21 42 38
8 32 19
1 8 26
11 48 35
17 52 30
18 57 21
17 3 4
34 32 18
3 3 32
6 31 8
15 34 16
8 16 25
16 29 19
23 48 33
6 40 39
21 26 32
6 32 21
5 39 33
34 36 10
3 44 10
31 60 33
6 11 6
11 21 3
30 14 9
24 47 25
6 33 40
20 37 1
34 29 38
14 6 14
9 7 30
17 31 9
20 30 10
12 28 35
13 29 35
28 33 30
22 23 6
25 55 7
23 16 19
2 45 24
9 50 4
19 30 4
31 26 16
17 23 30
16 31 39
29 16 17
12 38 1
17 36 19
34 5 17
8 12 11
1 8 24
34 44 18
15 16 6
25 53 23
24 27 27
23 40 28
2 39 26
30 1 20
12 13 15
19 51 5
21 6 5
24 19 34
24 11 10
28 2 39
34 28 38
33 10 23
33 21 15
24 20 32
22 19 28
11 59 7
9 45 9
9 27 31
8 47 29
2 18 7
21 48 40
14 11 19
31 52 32
24 32 24
34 38 31
23 25 18
33 58 14
19 40 6
26 54 13
14 1 2
3 22 39
23 31 32
16 25 22
5 30 9
17 49 1
30 57 16
34 29 12
26 46 30
3 18 22
16 50 29
5 54 36
33 53 15
30 18 37
13 22 35
1 7 16
2 50 2
30 10 6
18 46 35
22 46 28
25 1 19
18 39 36
11 41 23
5 39 28
4 52 4
16 38 12
31 25 12
20 27 33
20 28 8
8 57 18
1 38 36
1 36 4
21 26 22
7 18 28
6 37 15
18 55 13
16 55 6
1 12 36
16 23 11
17 15 36
3 16 35
2 33 16
26 4 25
29 8 19
24 25 27
13 56 23
7 20 20
4 23 9
20 59 30
22 28 36
10 8 8
34 44 19
8 30 18
21 16 34
30 22 33
31 24 7
17 23 15
34 58 32
14 14 13
32 8 11
23 58 34
12 43 6
23 20 25
34 51 38
13 33 9
20 36 23
27 10 27
2 46 38
10 8 29
11 17 14
10 13 23
11 46 9
15 38 40
29 27 35
28 42 23
31 39 28
13 3 17
13 38 5
5 31 18
4 22 39
28 5 39
13 28 38
21 1 23
34 18 7
16 50 9
26 16 1
20 42 35
24 5 24
29 11 9
15 48 17
28 14 9
13 27 28
16 22 22
15 14 28
20 36 31
25 43 11
28 53 11
19 9 23
12 52 39
34 28 33
28 48 9
12 31 8
3 22 18
7 27 19
3 47 32
9 16 17
13 47 39
10 9 3
2 30 6
30 17 25
7 15 13
9 59 24
22 47 11
15 53 31
3 30 2
28 31 39
20 47 2
29 38 3
12 13 33
13 46 36
34 10 38
16 57 33
13 29 26
15 32 22
5 14 29
32 37 1
30 14 40
34 30 30
25 35 17
11 47 34
32 47 9
10 3 36
24 32 26
2 20 26
34 57 38
24 58 27
7 35 32
22 43 7
7 24 15
11 26 36
24 6 15
11 44 14
14 42 37
16 10 19
3 26 37
28 2 29
26 13 25
11 28 20
19 3 4
27 24 37
5 24 35
3 18 28
16 41 25
33 31 11
34 2 35
30 44 30
9 7 27
25 10 27
1 33 21
2 46 11
2 20 24
17 54 27
19 26 33
1 20 8
7 47 22
7 36 37
2 33 28
29 33 22
23 41 19
7 60 25
25 26 32
11 54 18
17 29 26
13 35 15
27 1 11
32 39 36
23 34 8
11 10 14
6 51 31
17 2 32
34 46 5
2 39 5
6 40 22
20 13 40
26 55 28
4 36 38
25 19 33
1 41 23
33 52 18
19 43 38
13 11 26
29 34 15
21 24 35
26 29 26
23 59 1
12 16 18
19 48 12
21 11 17
10 59 32
11 35 22
5 28 24
21 3 21
7 33 10
16 18 23
29 21 9
34 60 15
19 50 27
26 45 6
20 37 1
34 3 11
26 6 10
7 55 31
9 12 6
15 47 27
13 39 10
30 57 34
9 26 4
16 9 19
11 48 4
7 44 35
9 5 34
19 7 17
2 10 23
17 2 25
5 13 28
30 18 37
9 38 5
27 40 2
27 60 12
21 54 36
19 5 31
15 27 10
14 10 27
25 7 3
32 32 22
33 42 16
4 38 24
16 2 30
14 55 7
9 32 24
13 3 35
25 50 5
11 42 9
4 60 24
21 34 18
4 1 30
10 41 32
3 19 8
1 5 7
18 8 31
7 59 12
21 31 13
23 54 31
3 10 27
29 15 13
1 3 18
19 49 21
2 23 35
32 28 17
34 4 10
11 31 31
17 34 39
4 52 3
29 34 35
29 28 34
28 31 16
25 48 4
15 45 13
29 53 19
2 57 37
11 8 7
2 13 1
30 34 30
5 5 31
32 47 18
32 50 29
29 18 35
29 7 38
26 33 22
18 10 15
33 60 13
13 59 3
19 26 34
7 47 5
34 56 35
32 33 6
20 28 7
4 19 10
10 54 14
13 43 39
16 23 35
12 60 24
17 58 23
25 24 2
6 55 20
5 43 13
12 5 34
26 40 8
25 13 15
20 7 14
14 52 2
19 58 1
13 39 14
25 48 19
8 37 26
23 14 32
33 31 1
30 26 32
1 31 14
25 26 23
15 33 22
4 25 11
15 58 19
19 10 10
25 18 25
5 34 36
17 34 10
19 15 21
24 58 2
14 35 25
11 54 32
18 17 38
16 15 21
9 15 28
21 33 15
30 39 6
22 60 8
32 41 4
10 47 16
20 21 24
15 8 13
2 14 20
19 26 17
18 11 23
3 22 34
22 57 40
11 12 7
2 4 15
16 57 39
10 22 2
18 33 24
24 5 20
6 39 2
32 7 13
25 5 8
13 10 12
30 56 11
5 28 32
7 22 25
24 2 39
1 5 14
32 15 35
31 25 16
30 9 1
10 32 32
12 43 4
31 18 1
4 29 10
14 59 27
3 60 27
31 36 25
17 16 20
29 38 3
22 21 25
15 36 12
6 46 26
18 37 27
29 11 36
16 54 14
29 37 1
25 2 20
27 2 33
11 2 9
28 32 31
23 7 6
7 5 11
4 26 30
11 37 10
29 48 18
13 22 35
14 56 25
12 18 3
25 38 2
26 60 37
34 48 37
23 6 27
11 50 8
5 12 17
9 42 6
29 4 37
19 55 5
5 5 8
29 17 38
22 50 32
6 5 40
21 38 17
28 58 35
7 21 9
13 6 10
23 10 4
3 7 28
12 15 3
2 6 9
9 10 20
16 59 38
13 17 2
20 10 32
10 25 24
1 19 18
22 40 6
11 39 21
14 10 29
25 46 17
24 9 25
28 29 34
31 55 6
23 8 11
20 10 17
13 2 13
29 35 37
11 25 7
24 58 37
3 26 4
5 32 12
30 60 7
24 8 10
15 60 37
15 47 24
18 20 7
6 49 31
19 5 19
31 26 35
3 37 28
28 1 40
31 20 30
15 43 15
31 16 3
19 52 32
23 1 2
4 35 33
16 32 22
18 43 17
6 56 19
18 60 16
33 39 19
20 40 36
15 24 33
20 44 36
31 20 15
16 47 37
13 25 38
15 20 7
5 27 11
21 48 14
24 27 11
18 42 3
6 19 25
10 18 13
19 56 29
20 39 22
10 32 16
27 7 1
16 50 31
33 16 28
34 19 12
24 13 12
8 45 16
21 48 7
21 16 14
7 10 40
12 11 21
26 34 13
25 57 39
1 14 13
7 28 36
8 30 20
22 60 26
34 31 7
32 8 6
19 17 34
18 32 18
12 51 18
14 11 23
33 6 35
20 18 39
10 4 33
31 54 23
17 35 27
13 22 34
30 59 12
21 55 35
27 21 37
17 31 27
31 33 5
17 21 23
23 47 18
27 15 33
13 15 15
32 11 17
20 5 20
22 50 36
26 50 2
12 53 1
12 20 10
11 22 20
25 59 34
30 21 20
2 29 21
13 41 21
3 42 12
22 38 4
28 20 36
17 47 19
22 19 14
25 10 40
9 39 11
13 39 23
28 15 3
14 1 20
14 47 25
12 22 13
26 8 35
12 54 26
12 22 32
19 50 38
5 8 38
22 17 34
25 23 32
21 55 3
34 46 31
30 42 9
29 14 29
29 25 20
25 5 39
27 54 26
6 32 34
3 34 13
9 24 29
23 5 26
16 46 24
34 3 1
4 42 31
12 47 16
20 35 6
17 52 35
26 49 2
16 49 12
20 4 15
6 8 9
22 18 28
26 37 30
18 57 37
30 17 21
15 4 27
32 35 11
28 7 31
13 8 10
19 21 28
12 7 7
5 24 33
33 45 28
22 55 31
28 11 37
2 49 1
21 32 7
34 42 27
10 32 38
34 25 34
24 42 23
15 13 30
8 3 11
11 17 12
14 3 7
29 43 38
27 2 27
16 54 9
17 34 26
27 41 3
5 24 4
32 7 31
2 20 39
23 8 6
4 47 2
3 18 40
25 48 10
9 42 11
34 26 17
30 40 26
34 6 7
18 2 26
27 37 30
5 53 4
5 54 32
22 60 2
26 11 6
25 18 25
29 26 32
29 13 31
19 51 12
26 6 8
16 48 11
8 25 14
5 9 1
8 28 31
34 49 9
8 15 15
15 39 15
28 54 32
30 56 19
18 9 19
23 32 36
5 1 23
3 8 5
25 35 3
13 44 10
14 25 3
2 34 4
2 6 13
28 58 1
18 40 2
21 31 19
5 34 15
10 32 35
6 52 25
23 16 28
10 18 27
21 1 7
10 17 22
10 3 13
28 32 11
4 14 33
14 59 4
34 42 25
14 23 11
29 41 23
13 49 5
11 26 38
4 57 27
20 54 23
16 36 16
24 2 7
24 50 18
20 50 30
22 12 24
12 16 39
6 29 30
22 55 24
18 26 34
30 36 14
13 18 3
34 21 6
16 41 20
26 42 4
23 20 40
31 35 25
8 42 16
15 47 9
23 10 16
31 7 6
4 9 10
3 8 34
3 33 37
8 6 6
32 25 5
22 4 9
5 15 34
25 33 11
22 47 3
29 49 11
15 38 16
19 40 20
24 34 16
2 46 23
17 24 6
16 58 11
9 40 32
32 9 24
30 3 37
23 28 20
29 14 9
31 1 37
25 16 38
1 4 18
24 35 24
30 1 14
2 25 32
13 34 27
12 41 1
19 53 37
27 23 2
32 39 29
5 50 33
14 43 10
34 12 21
5 55 31
31 45 34
27 43 37
31 39 5
17 39 3
22 51 33
1 3 1
19 35 9
11 18 35
10 4 14
1 5 16
14 38 33
24 46 35
7 17 37
16 51 4
11 34 34
29 47 5
5 6 20
22 1 32
5 12 19
17 7 17
17 21 28
28 53 15
7 30 40
14 51 20
18 58 26
32 22 30
2 43 17
3 21 33
18 47 10
25 46 35
28 47 20
22 28 19
31 26 16
19 15 25
26 32 17
27 34 22
19 56 9
26 50 4
30 11 20
12 38 31
5 39 21
16 20 19
2 31 8
10 53 40
18 28 22
26 29 37
3 8 18
9 24 30
30 32 29
21 4 16
3 7 21
5 7 13
16 58 18
3 44 35
33 3 38
31 5 33
20 40 4
28 19 32
24 49 4
13 35 27
21 24 38
31 11 27
26 19 40
23 21 1
17 31 23
29 53 21
27 22 12
7 27 15
21 59 2
28 16 26
22 38 35
17 21 27
24 55 27
16 57 13
21 51 4
7 19 1
22 9 8
20 43 18
15 56 38
1 10 37
17 19 9
2 23 20
12 32 31
21 2 6
3 47 38
27 31 37
26 49 15
26 7 8
25 20 12
23 27 26
31 15 33
11 47 8
4 28 28
27 50 11
14 24 32
16 45 6
14 21 40
12 30 20
23 32 16
10 11 36
11 47 30
31 45 34
3 6 11
14 31 29
7 28 2
23 18 31
8 51 11
28 32 2
6 56 34
2 33 2
8 29 27
32 35 5
16 52 21
19 35 10
20 36 10
1 48 33
5 51 39
13 13 17
7 26 39
28 12 38
30 29 38
10 37 18
26 53 37
1 1 23
19 58 21
34 10 29
34 11 35
21 25 32
23 33 25
5 59 32
28 59 35
1 50 1
20 9 11
17 20 23
25 58 7
3 25 9
17 13 31
5 54 3
28 10 24
16 37 8
2 29 22
28 28 2
7 21 36
11 29 24
33 46 17
10 44 19
25 19 15
2 28 29
30 46 18
3 48 11
6 25 12
31 25 12
19 34 18
7 34 30
23 28 4
14 46 37
4 10 10
30 43 2
18 35 40
22 57 22
18 8 15
11 50 37
14 8 39
14 14 11
13 14 10
14 9 21
3 25 38
21 38 18
27 56 12
8 44 39
34 5 13
20 47 39
29 15 16
29 37 8
8 57 13
4 52 18
12 38 13
8 30 8
27 3 3
9 28 17
30 39 9
3 14 13
33 21 33
12 23 35
34 5 39
9 57 9
5 28 13
30 7 20
13 54 36
33 9 15
16 50 24
27 18 14
1 5 12
29 1 36
31 3 27
11 59 12
14 6 10
8 9 24
13 15 29
8 19 28
6 57 8
2 58 14
16 2 32
28 5 37
11 19 33
8 27 14
3 43 18
8 3 40
17 12 34
25 38 18
4 24 11
17 5 31
24 19 2
22 58 5
27 15 9
21 14 7
11 57 2
20 39 34
13 9 11
6 6 40
25 6 21
10 25 9
11 10 40
29 30 21
10 57 25
30 59 20
26 48 39
28 35 17
6 41 22
10 7 15
24 57 7
21 50 20
17 12 11
25 49 34
13 14 9
16 24 28
11 38 35
15 30 11
9 31 17
9 3 13
23 35 29
10 37 12
17 5 20
25 21 39
12 45 39
22 27 11
17 22 1
10 46 28
8 11 2
20 14 7
25 59 21
12 13 40
26 36 16
11 9 35
33 55 27
18 42 36
32 51 12
4 3 7
9 9 40
11 50 17
6 48 39
22 55 40
15 57 35
17 32 10
23 28 30
10 40 36
9 45 35
7 37 6
26 27 39
24 25 32
11 9 2
5 13 6
12 56 32
26 46 8
28 25 35
2 1 12
11 58 24
7 3 31
20 1 17
6 52 36
25 44 9
13 48 3
28 9 24
7 25 38
30 11 7
33 20 14
22 40 2
30 26 16
18 39 29
19 59 30
30 30 25
13 29 36
20 33 40
16 57 12
25 16 27
12 49 36
3 56 36
22 32 38
28 37 18
1 10 28
3 55 39
22 19 11
3 21 2
17 8 40
23 14 22
16 16 18
33 37 11
32 50 26
20 50 4
24 9 31
12 50 14
23 17 28
7 43 30
17 57 18
11 25 31
26 4 40
13 51 22
25 20 10
24 46 12
3 5 26
18 26 28
11 50 29
21 57 12
19 11 14
31 57 6
24 55 1
15 16 16
17 27 1
6 57 30
29 40 39
13 24 25
16 45 8
28 2 7
3 16 6
14 50 25
25 41 14
26 20 18
32 47 2
24 48 30
26 8 25
4 25 2
1 31 21
15 10 34
21 30 7
22 40 13
21 2 19
27 17 14
5 21 25
24 26 5
15 56 3
9 8 22
12 40 39
14 13 29
33 60 26
24 47 3
16 39 2
34 43 26
25 50 20
6 43 38
15 13 4
15 58 9
18 28 5
8 49 39
3 14 28
11 52 36
16 11 36
3 42 5
31 30 18
19 22 2
20 3 32
7 49 8
20 35 32
18 25 31
31 57 24
19 47 25
1 58 14
12 19 24
25 45 35
27 14 7
24 57 34
