40 63 3485 5516
2283 1517 3006 4109 1465 4051 4716 2047 4847 2722 2773 4416 678 4321 300 194 1779 3291 3528 3939 3229 3564 1777 2351 226 4015 3986 4468 4278 1668 2566 1427 80 1166 819 4622 4664 3128 2964 1362 1720 2462 2880 2208 2012 3519 4806 1462 2971 1365 387 3963 4573 2792 3925 3496 4852 1694 783 3918 2205 3248 2096 
915 2753 4440 4125 579 1630 231 2588 3894 4651 2209 2767 1897 4006 4229 3637 3199 1569 3440 3152 2497 115 1999 525 2524 2939 1964 118 2169 862 735 3235 266 813 4698 1981 3543 4404 1650 4402 3822 2539 1207 65 1611 3393 444 94 3923 3201 162 2972 3462 4679 677 582 4345 671 4181 2323 236 803 2773 
3786 2666 547 1537 2516 728 400 1216 3317 255 3560 561 3280 2086 471 4117 1334 3299 3578 1480 1406 4587 295 2370 2594 2424 1034 2570 909 2290 1199 3020 1572 2963 3566 1502 2438 191 1309 2602 267 2765 1541 3027 2830 1935 534 2846 2425 1852 500 1221 2597 1564 2874 839 4646 2080 2647 3776 774 4192 4339 
4590 1157 245 2269 426 1874 3755 136 3653 668 3847 2361 4236 2121 3960 1847 2082 1040 1911 2190 1689 1771 3233 2705 1750 1028 909 4730 1548 3330 2863 1759 1632 2196 1847 1040 1291 833 756 2961 1537 4295 1611 2574 4734 840 3070 4430 4867 3560 4877 2546 293 4368 3891 4178 1495 4577 4735 3486 1649 2668 1966 
792 1319 3708 4084 4364 3920 1798 2209 3116 4029 1285 4088 3563 3655 3975 4839 474 2590 3014 4814 1725 1896 2293 923 3024 1529 1640 683 4416 3882 2535 4129 3349 2977 4672 3602 1271 786 3738 2709 704 2807 3671 471 2408 3412 2662 1182 285 1275 2339 2870 3448 2991 387 3864 3996 4340 1369 75 1559 50 245 
4378 620 2930 952 158 4904 3452 2244 2350 3724 1889 4630 2170 3591 919 349 1154 644 88 4563 3316 3730 1601 33 577 557 834 2941 4160 2046 2538 1209 4405 3303 574 3046 630 215 1631 697 468 1034 3178 2669 1807 2521 4533 999 4181 3404 477 4221 1016 438 3505 3582 3065 4806 3060 3192 458 2896 619 
394 3557 4455 770 1156 4642 680 1881 3055 417 238 3049 2525 2020 4577 3223 3404 3909 997 1825 4484 4420 4069 288 402 1406 227 4643 591 4435 3323 1283 4205 850 2372 2770 91 1222 3345 3809 2966 861 3088 4846 2594 1402 1292 669 1634 3082 2383 3240 1226 977 759 2517 3157 2206 3452 1253 428 4402 3575 
2700 4593 3108 191 166 1484 981 3893 2016 3507 2996 1726 3214 3191 1265 1647 1575 1405 247 1408 1663 2605 2186 4712 640 2004 4587 4768 2500 1634 742 97 3197 3386 28 1818 1657 1946 918 3138 3956 3852 4295 635 3952 1321 3822 894 4116 3372 2176 299 1003 875 1657 4057 616 3325 1891 2932 941 4418 2253 
1515 1664 3550 4172 4178 4051 2234 4352 44 26 1852 3280 632 992 1391 1802 4513 3408 2354 3221 77 2897 4223 3004 1028 1959 1075 4219 2017 1132 4440 4127 1752 4091 1666 3977 499 784 2954 2875 667 3479 2757 619 3669 3602 2635 3585 4379 1100 2475 190 2001 3593 1228 4868 4371 1518 3257 3384 4589 886 2897 
1447 3362 1918 1244 1298 4409 1472 1480 3634 3826 3360 4650 1441 4171 1112 2470 761 266 1497 4137 3550 425 1865 48 1853 3374 3377 825 2797 1198 3167 3145 3910 2896 622 2750 1172 1767 3679 4806 3935 2692 1971 4714 4190 1196 2375 1075 622 2972 3999 2010 856 1400 3242 229 1399 1924 577 1512 4474 304 4705 
3638 2778 1984 523 4667 2806 1713 213 4416 1372 2312 4558 1819 490 2015 2937 2294 1069 4365 1676 3858 4696 3278 971 42 2669 4786 2172 1178 2172 620 542 1894 2750 52 3311 874 1592 751 2356 1381 286 4048 425 334 742 2426 2445 1070 1048 2562 657 1582 3877 3061 2301 143 1175 213 2700 487 242 3885 
4490 4590 1163 2958 209 3759 2149 1945 603 3289 4741 1049 4071 470 2146 2586 3678 1493 2417 3827 1552 2287 4020 3962 2092 3560 4411 2571 1886 3212 4318 4362 2228 4578 2713 3451 553 4847 3184 1053 139 2785 2931 4339 4452 4539 2046 4467 2995 1785 3226 1193 1697 1781 792 4594 1755 2200 4629 3101 1067 1054 3423 
4057 3616 3224 1107 2063 2794 357 3185 3276 3636 1448 1812 1544 3672 4848 2701 746 1616 99 2030 3316 3520 3393 3353 4090 4903 3790 1826 296 841 3801 2300 4668 3137 4578 1135 4719 1037 3289 2433 2038 174 591 4152 127 2993 2209 2581 4110 3429 1555 3428 850 4540 3719 239 3541 4443 1232 3465 2108 4844 2099 
1075 754 364 965 2770 1973 2593 2829 1340 3086 4388 3080 1519 3261 4776 1178 3586 4290 4213 1988 323 2641 3282 4092 4858 3759 283 1994 914 4878 251 56 636 3534 2046 3902 1190 3371 2662 3378 20 820 3743 1685 2778 1622 940 1619 4795 4722 1694 2332 1508 4556 1522 3673 4224 4270 3568 4816 1021 2896 3199 
66 4345 2208 932 2741 2731 4441 4339 1116 3971 4849 128 2952 125 706 1854 1296 2334 1632 1926 4621 1677 3635 2857 3580 2002 3532 2939 2148 96 4078 2541 3563 1366 4902 4805 2931 2856 3900 649 980 1596 4061 3682 3300 45 374 2747 4581 274 3540 2391 4322 1662 3659 2702 2424 3987 367 617 3413 3240 2770 
2817 3195 231 2441 3053 1818 4556 2495 1898 575 1736 531 3337 648 1586 120 348 2998 3149 3000 829 3486 496 2357 4004 2882 4812 1535 716 686 777 2786 4759 726 4815 1947 3058 4854 3675 3065 560 4702 3841 551 2296 2360 369 663 948 1084 4806 3455 391 628 3397 4324 4788 4795 365 1121 3674 4212 4731 
2458 1715 1663 1351 2857 4110 3844 4859 2027 1082 1919 3656 1976 824 118 3617 1869 288 4279 2971 3224 1320 1433 1580 876 1629 4385 1449 347 1915 736 3213 519 1798 1306 559 3571 1955 512 4427 1687 1913 1122 135 2409 4774 4821 2308 1890 3871 3137 348 309 3652 1285 2294 121 4144 4499 4557 4119 1235 1266 
4239 3208 2263 1426 2608 4427 4351 1889 3874 4183 3267 754 3583 3697 1037 4309 3358 2435 4404 2869 2039 3329 1346 3322 1284 4362 1709 1583 3072 4087 4210 1861 2375 3204 4305 3664 2493 2092 3769 2236 90 1738 1397 3336 918 2966 2807 709 4225 565 4556 204 4389 4481 2136 3411 576 3419 4909 3273 4595 2138 4629 
4436 504 3878 4590 4158 1553 4787 304 481 1315 2455 3708 1824 564 4468 2986 11 3039 1308 1748 679 4659 2722 4511 858 2989 3480 4902 3116 498 809 2759 4503 3418 675 2699 4098 594 4633 1315 4191 207 3426 986 1496 161 3261 2300 2864 158 2104 3567 2852 2118 3679 419 535 2972 3275 2615 620 402 4730 
2225 4630 2836 2923 4908 1894 4055 223 2695 456 2046 4271 4554 3851 4509 4413 4351 1499 947 2973 302 3340 370 1185 3694 1535 3164 877 4864 2913 4175 3688 3224 4623 2844 2960 4688 1287 887 817 759 1515 252 2296 1358 1551 628 4228 2089 2378 185 3211 2411 3085 1091 4134 1313 1749 2783 1725 2098 3151 4564 
1018 1856 2744 2470 390 3626 1068 563 2365 462 3390 2142 3584 3366 3972 2653 2099 4705 1068 1992 4205 802 141 3908 867 3869 3674 1934 3375 1266 4229 844 4016 486 3039 3967 3070 4183 732 1712 3953 339 4558 1995 1009 208 290 4843 3788 2059 2437 1786 3677 1853 3289 2590 3183 4179 1841 2248 1074 1116 4528 
3894 883 4629 4303 2740 4807 3662 2454 1174 975 3171 1342 4359 2467 1227 2185 4425 1424 3823 2879 3767 955 4846 2774 2073 3372 813 867 3843 4360 3009 4487 3304 2587 1459 67 2981 3496 4114 4491 4287 4030 3378 4126 4469 1543 365 4477 1156 3738 1456 3161 414 3464 231 1071 2398 1070 3243 439 3510 988 3366 
4597 4296 2657 3243 4302 242 872 3861 708 2095 241 131 898 4198 3297 1065 884 3013 3809 4901 2897 2223 145 3413 771 3493 1950 3927 1114 3923 475 2038 4621 2179 1894 3805 4864 4424 3494 46 927 3679 4005 1900 418 4732 2277 3208 999 3708 1945 2106 1146 56 4700 1570 3499 1357 2926 609 1551 4479 482 
2098 4037 2129 14 4805 1445 297 447 2211 3508 1116 1163 2811 3108 468 953 1064 4404 627 388 3072 3132 2226 2057 4581 248 191 3089 249 1865 3156 3407 1060 3712 985 3212 4054 667 2343 1077 2995 3444 4263 2197 4346 2569 3539 4883 2079 500 4195 4136 1827 3700 4201 3867 4100 2145 1237 1167 4578 3306 4501 
4815 2928 3894 4579 3556 4644 2588 3021 444 3959 1694 3265 3549 3954 3026 958 4399 2780 3862 4367 3400 3320 1381 3629 2321 2437 3840 2651 4006 1773 4263 4343 2682 2058 3433 2191 3696 813 3136 663 4806 3441 1028 891 4073 4492 3691 1201 1619 203 2625 2038 1383 2547 3892 1904 3594 3473 2022 601 1982 3464 2393 
224 2975 2559 227 1019 3611 4227 2675 4088 4420 326 3110 1985 3100 393 3956 3596 4383 4556 1192 2489 4079 4097 564 2034 3711 4797 450 1382 4433 4560 2879 3068 1949 4608 2689 3089 3267 2889 1088 4148 1481 3949 1891 4157 4642 4258 12 3254 1818 4098 462 245 1502 3721 4584 2854 4844 873 1527 470 2822 3106 
3403 1060 3974 1794 3245 2976 1616 4576 3886 394 67 1120 2743 4389 3205 1169 2286 2116 4821 4743 3792 4370 4042 536 3372 4256 3429 2122 3982 1985 3715 1757 4858 3163 1381 4191 2054 1460 1704 3099 146 4470 2231 2777 3606 1966 245 2232 215 1626 4476 2295 4578 1277 1638 642 3277 3839 4009 1338 1784 192 4196 
687 3671 551 4538 3850 2550 799 2314 4583 470 629 399 3657 1865 2635 2231 1343 1732 1529 289 4907 4461 2071 2584 2372 2001 4595 4903 128 3884 1418 2795 1512 60 2774 4554 316 3316 1234 633 1086 2674 575 406 1999 2452 4392 346 1778 485 4798 249 2855 3363 2913 57 2362 1449 4209 4698 2272 1277 3102 
1854 2648 2613 1639 896 2877 975 3618 1040 4225 2792 1534 1647 871 2672 4085 410 4813 3079 4181 2516 3252 540 508 3567 2852 2197 295 171 3410 3891 3461 1306 787 4694 28 846 4628 4114 3464 623 1639 2420 4343 2964 917 2754 351 122 4458 3643 4275 2836 2277 1770 3921 3037 604 4097 1745 128 1560 300 
2591 3485 3404 1270 2728 571 1870 4326 921 416 2878 2570 3372 4847 4134 2927 2673 1835 3031 3721 724 3173 2731 3256 3514 2707 1552 3194 2114 1276 3950 1964 4783 4462 3279 2067 3597 1725 26 2381 2182 3168 3205 3657 2163 3067 4176 1723 2463 2052 3443 3989 4746 1976 3422 1258 4815 2359 2377 4577 3223 4514 787 
491 2472 1302 3259 1847 3350 4772 1187 1323 2506 2535 2538 1814 896 3132 2371 399 4172 1747 2717 2099 279 363 4466 2956 4804 4272 2697 2155 788 3053 3938 4528 607 550 3031 917 4065 3538 2681 787 4774 2888 1104 1121 4688 1667 481 3695 3719 3211 1430 1544 356 4636 4024 4226 3728 1797 3796 3747 678 1161 
3550 4374 3045 3437 1825 2353 30 583 1766 2343 59 1160 1230 2572 3706 3321 4472 2203 2456 3225 4576 2148 1803 613 1158 2954 3442 3465 3669 3514 2094 4726 4283 1518 176 2117 2347 659 4092 4204 1551 1371 3339 4208 548 4055 3511 4598 114 75 2745 2157 4060 1588 4866 2699 4808 3761 2073 4408 3094 4601 1574 
3254 3977 203 1862 1626 1230 1044 1754 2155 3437 4653 2212 3307 1130 1566 2725 3412 3311 4743 4769 4482 1612 3030 4654 1264 4806 4368 4608 3119 3129 3815 3123 2089 2934 215 3017 3865 313 725 4480 302 792 193 4857 3760 253 1445 1323 68 3847 3175 4568 927 3530 4403 3420 4361 2903 2773 411 4724 3838 2019 
167 1950 4639 697 4293 2608 4444 860 1334 3695 3239 1760 1009 1843 1976 4435 354 4369 3462 3049 3091 847 1944 3582 4456 2260 925 763 761 988 4231 1056 2836 4206 2991 288 4609 4239 908 101 41 3766 3380 1564 2556 2165 556 767 2881 4748 1257 1655 1785 2119 1409 4812 2315 1815 4860 3741 4117 542 3445 
1899 2768 2665 170 3386 4691 708 3784 4072 672 1059 3537 2545 2075 1967 4283 774 1448 2319 4812 121 4300 1465 2622 1849 3666 3243 757 2189 1807 1535 3135 4023 2838 1095 1223 3136 2047 2517 1521 1773 4858 4672 4523 2895 1176 1129 1734 3022 1076 2064 3345 4165 4724 1094 2059 1522 360 2646 465 3348 4543 4714 
1299 1102 4014 2567 77 4848 1860 4329 3739 2013 1725 3539 536 1406 882 3612 2763 2876 4275 335 879 1569 1540 1879 2644 4431 2538 640 387 424 1561 3224 2026 2437 3238 23 1081 1628 4609 802 1065 2461 4056 2627 4678 4033 3032 529 2312 2280 2194 2986 1650 4585 3011 2654 1142 1560 4346 2421 260 1825 4285 
3038 1965 1695 2330 2368 2562 250 4716 3648 4579 4027 2375 1559 2198 2298 3109 3427 4240 1173 1282 631 1626 453 4386 729 1270 1521 4791 4352 3563 2813 3017 510 2528 792 3418 2993 1218 4141 219 1114 3197 1967 3562 3865 2964 1902 3887 408 2287 4819 2186 3921 864 1163 637 3444 3543 218 410 1376 4451 2491 
3251 351 3705 684 695 3414 2631 2493 3660 1999 673 2708 2089 2959 2055 3576 913 1670 1459 2974 4364 1652 2379 1323 412 1735 1236 745 3672 551 407 2409 4412 532 4019 3196 2797 3840 3603 4705 315 2478 4829 2709 1478 3635 382 4745 3508 2965 1437 4166 2131 3399 2448 962 2023 3735 2080 194 3801 1512 1229 
1495 4322 2915 1692 4263 2509 4771 217 2545 735 3169 3306 2836 2690 692 2029 2431 3093 4200 812 2609 1526 65 1737 159 52 992 2174 2204 2324 2663 33 2014 4890 601 1948 3111 1597 13 2032 2139 1416 2914 4246 4368 3537 2889 3027 2265 1541 4742 2542 237 4103 4069 2948 4693 2985 4518 327 1326 846 3683 
4285 2053 4323 811 1030 2849 2558 322 3388 3287 598 3587 4692 1324 4218 4211 944 4237 1556 4866 1044 566 1751 2548 4796 3516 3070 3659 3824 2914 4748 4366 4361 3921 369 4889 852 2495 1608 4374 50 4498 583 1431 4320 3421 4278 476 806 4363 3171 3518 4795 3779 2135 4888 2110 1360 1300 4594 1119 143 3614 
37 27 35
36 53 3
1 31 3
17 55 13
32 10 12
7 28 22
20 19 18
11 38 12
26 24 29
33 18 36
10 24 10
12 57 32
15 36 13
16 39 36
32 14 1
8 31 21
1 1 13
3 4 18
13 33 26
10 27 20
20 61 34
14 52 4
34 24 12
38 29 15
33 15 14
7 28 36
21 13 34
35 36 21
11 59 16
38 8 9
17 48 33
28 17 14
18 43 31
19 11 10
25 5 14
28 20 28
6 17 1
16 27 19
26 21 11
9 4 4
10 17 5
4 47 25
14 27 14
9 55 33
35 3 32
26 25 26
14 14 32
31 60 34
17 8 25
34 21 11
27 5 34
17 5 30
14 15 25
6 37 40
36 16 34
21 32 23
21 9 5
8 35 17
38 35 13
18 53 35
3 57 9
35 48 14
13 46 20
7 16 7
28 58 17
8 37 37
8 55 14
19 18 5
6 19 25
8 45 39
18 33 24
10 47 2
15 58 28
21 27 2
7 54 12
9 32 10
35 27 14
3 30 16
18 9 37
21 9 11
29 21 16
31 7 1
34 47 4
23 24 7
30 11 10
22 6 39
35 3 36
25 15 22
7 38 20
30 26 9
16 49 24
34 9 37
26 43 24
19 27 11
1 36 18
2 51 23
9 22 3
23 21 37
30 57 24
37 61 34
5 45 4
11 28 13
20 12 11
20 57 24
11 5 26
11 12 13
29 46 31
2 42 23
19 11 27
11 53 16
6 40 15
13 6 30
26 38 33
38 7 32
31 13 7
5 20 2
3 4 8
14 26 29
17 55 37
33 41 29
36 21 29
24 42 40
9 8 5
12 3 6
6 39 33
23 8 18
22 16 15
3 6 38
25 50 36
32 38 6
14 8 5
18 17 33
6 16 8
35 52 36
24 22 35
28 42 16
23 16 19
1 41 25
25 41 31
31 47 1
24 32 37
15 31 20
31 3 9
31 41 1
35 32 8
2 25 20
23 28 22
23 36 35
11 21 8
30 40 13
14 56 19
16 16 22
33 24 20
3 39 35
32 60 25
1 39 15
29 24 2
28 4 37
25 38 30
17 10 15
13 54 13
19 13 12
16 30 28
28 40 1
28 58 2
8 49 3
22 35 12
25 48 18
35 19 38
17 46 5
21 24 6
26 32 4
22 48 7
27 36 13
4 13 35
2 45 30
20 38 32
16 41 2
3 38 25
23 24 10
10 14 10
34 52 27
15 38 15
12 58 14
28 10 24
38 9 36
23 2 37
26 8 2
32 58 9
24 32 39
25 13 33
7 7 21
11 53 11
36 13 27
32 33 32
21 48 5
17 26 1
6 27 8
26 58 10
34 16 12
15 41 20
26 8 9
32 21 2
38 15 22
13 9 4
2 2 21
38 5 24
27 53 5
5 22 38
14 31 39
2 59 38
5 28 11
3 43 12
30 30 9
37 31 35
26 41 39
18 23 29
35 56 36
9 34 10
35 35 29
3 51 15
38 1 4
31 13 23
35 12 34
4 22 1
21 10 17
5 52 25
28 61 8
35 36 32
21 15 1
7 24 16
31 35 20
20 14 25
35 10 37
29 45 33
6 16 21
21 25 31
1 16 21
13 9 10
14 9 31
34 6 13
33 10 5
10 8 4
36 15 34
19 46 35
19 2 32
24 2 9
21 59 6
21 33 23
10 61 23
20 56 24
5 61 36
31 43 10
19 40 11
35 41 8
32 22 4
15 51 2
17 19 36
31 61 8
37 18 36
5 22 28
12 5 2
6 10 15
35 52 16
19 15 28
18 61 27
21 38 6
11 40 35
19 13 40
25 17 11
11 20 10
4 17 27
12 26 21
34 31 29
16 39 13
15 32 20
3 47 2
32 44 34
12 44 20
20 55 25
33 30 15
37 31 29
37 29 22
20 44 4
30 2 40
37 51 20
31 55 27
31 56 35
14 35 11
14 8 10
2 38 6
16 23 32
35 47 15
4 50 19
24 40 9
13 25 6
15 36 36
36 58 5
31 21 10
28 7 38
13 25 23
9 52 17
15 6 33
9 58 24
19 38 36
2 8 23
16 38 37
13 4 8
3 15 28
18 41 33
4 37 30
5 16 40
26 16 18
17 36 40
3 32 8
15 54 38
3 11 12
37 8 15
26 19 25
37 33 27
24 53 18
35 13 12
23 52 10
9 5 39
24 18 23
4 58 8
27 27 8
22 34 39
1 16 23
28 8 20
18 18 22
6 13 19
32 43 3
20 6 25
21 45 22
22 25 22
22 34 23
7 51 25
34 50 20
15 41 33
37 47 39
23 15 35
6 52 4
4 56 18
38 14 40
21 47 22
22 45 11
26 21 39
9 41 22
20 23 10
38 18 19
12 34 2
12 24 39
31 15 33
37 53 24
16 1 34
6 26 11
4 36 4
16 33 22
18 39 22
24 4 27
28 16 39
20 49 20
17 49 24
1 31 26
2 14 6
18 3 40
22 22 27
18 41 34
23 18 30
3 53 26
16 29 16
34 14 40
17 36 31
35 41 20
1 32 36
35 25 16
35 18 8
4 39 29
28 38 6
29 38 19
4 12 15
15 29 28
24 18 40
13 58 27
25 22 31
31 52 32
34 26 11
8 32 40
28 38 25
11 55 32
23 22 36
7 40 21
11 51 14
16 17 28
18 46 17
9 8 11
30 38 32
10 6 32
37 61 13
31 19 29
9 59 27
29 46 36
12 21 37
28 13 37
8 31 3
22 31 15
10 23 19
23 7 17
24 59 32
38 26 14
18 24 3
29 36 36
33 30 13
37 8 26
33 56 29
2 19 6
32 39 39
24 4 21
35 19 35
30 52 19
6 18 21
19 16 5
24 13 13
27 44 34
16 31 5
17 46 7
17 51 24
21 9 6
38 1 39
17 22 35
25 25 11
5 16 28
5 18 13
22 37 30
33 47 12
2 46 1
15 32 19
28 24 33
1 43 37
6 50 3
3 10 28
18 7 32
18 54 7
33 37 32
8 30 35
32 1 8
14 21 21
4 26 3
24 59 4
24 13 11
26 50 27
35 58 20
29 45 37
12 9 1
9 24 26
38 31 1
12 37 21
20 28 38
2 59 11
9 2 14
13 4 2
34 2 37
28 9 13
15 30 35
15 6 13
23 38 8
4 45 24
21 16 11
3 14 24
12 39 31
34 55 31
35 12 8
34 58 27
32 42 29
29 49 12
16 19 21
17 46 36
31 11 1
28 29 38
17 52 2
24 4 28
35 7 16
7 56 35
23 10 37
10 8 25
16 8 12
36 47 30
16 32 21
1 8 4
3 53 40
21 40 6
22 4 26
11 11 37
14 39 5
28 8 9
25 17 10
3 20 31
4 26 12
29 8 19
24 46 2
28 52 35
31 44 27
11 22 8
3 35 35
19 45 39
10 49 13
16 22 18
36 38 18
33 43 25
17 21 35
28 44 13
27 25 16
15 48 23
37 32 15
11 13 39
5 32 5
2 45 29
37 23 8
23 11 10
3 32 31
16 47 15
16 48 5
4 41 40
35 26 36
29 25 38
1 55 7
16 40 21
1 30 12
18 54 6
23 29 3
36 4 36
13 16 5
1 6 26
30 27 7
19 16 22
14 28 26
22 52 24
19 36 40
28 37 33
27 23 26
34 11 1
12 15 7
17 41 15
30 6 19
16 43 22
5 17 15
3 6 9
22 46 20
27 28 9
21 27 35
28 59 24
11 46 5
17 19 30
1 51 23
24 60 12
2 40 10
34 51 2
17 49 23
14 51 3
34 4 34
27 57 32
4 51 29
5 51 6
16 36 32
4 15 28
16 22 11
28 50 35
2 29 7
34 42 38
1 36 14
15 61 3
30 29 1
28 22 30
16 26 1
30 5 8
25 18 40
5 53 11
28 43 36
22 11 39
16 42 19
31 34 10
18 17 39
12 48 9
8 28 3
20 16 32
19 9 12
24 60 2
22 16 34
12 4 39
23 54 38
8 8 21
14 55 1
19 12 7
28 12 37
21 46 1
24 11 22
3 30 33
20 24 23
22 39 37
11 23 8
19 51 24
16 13 12
7 13 36
7 59 19
1 58 36
6 8 6
7 6 15
19 9 35
19 53 12
4 10 39
18 52 32
26 47 17
3 32 13
15 31 27
35 38 5
23 32 32
13 41 27
12 17 5
10 56 1
38 35 33
14 58 3
15 58 40
35 17 2
37 49 26
6 44 34
15 7 22
16 31 10
21 27 21
21 29 32
31 48 36
21 24 4
25 31 21
38 38 18
36 14 26
24 14 31
9 46 25
29 30 16
1 38 16
19 47 21
37 14 2
20 11 25
1 1 13
11 12 13
3 55 5
20 25 31
5 61 33
31 6 23
7 37 36
31 20 31
6 23 21
36 33 7
17 57 15
34 42 38
5 51 14
14 18 21
26 53 34
34 47 14
36 30 21
33 39 12
8 6 31
24 12 23
9 11 38
4 47 1
29 19 22
4 50 37
15 35 32
6 38 40
13 15 17
28 6 18
7 36 10
12 44 34
33 32 28
10 40 8
17 41 35
27 10 31
22 34 13
9 9 30
26 37 15
23 60 5
33 14 17
9 1 31
17 43 8
36 10 8
9 4 11
37 3 31
23 29 34
5 55 33
3 60 31
13 1 22
14 22 1
32 17 12
13 55 11
9 4 25
28 8 22
25 36 40
20 17 32
21 42 27
6 27 22
12 11 37
31 23 11
35 21 8
27 51 32
11 11 10
34 32 31
33 24 36
13 61 25
10 52 20
3 3 25
35 26 1
24 10 40
34 61 32
19 20 6
31 15 29
37 14 21
8 46 22
12 42 16
3 53 19
37 19 1
24 8 14
29 40 31
13 59 4
16 52 34
14 13 9
30 39 19
11 11 30
4 41 32
2 16 38
7 60 36
9 9 14
25 35 22
13 40 24
7 55 13
6 20 31
22 19 29
35 8 12
30 44 21
3 45 25
33 59 23
4 14 31
14 10 23
9 29 21
26 54 5
16 53 29
27 60 1
14 2 24
33 37 16
28 22 21
3 30 30
20 55 19
15 52 35
16 5 31
7 59 23
35 39 8
11 27 40
38 5 16
36 18 2
24 1 31
14 14 28
6 24 23
38 32 23
15 22 28
32 51 22
37 54 17
18 56 39
12 9 23
17 19 31
17 53 36
24 13 26
34 38 26
32 28 40
5 61 36
21 58 38
35 26 28
15 47 2
7 37 30
3 24 39
10 3 40
34 21 16
30 58 27
17 10 24
37 47 17
18 32 34
29 8 12
18 2 2
26 31 28
30 31 28
23 54 10
32 31 34
31 12 40
38 53 38
30 45 27
38 1 7
12 23 32
6 61 9
18 6 12
2 36 26
14 35 26
3 55 16
4 42 30
17 40 13
13 4 15
11 29 1
14 41 24
10 49 19
16 41 16
14 29 15
2 1 22
19 8 35
27 61 1
35 16 1
27 10 20
3 53 33
16 19 18
8 46 40
18 15 29
27 21 33
10 39 9
18 59 18
12 47 8
3 17 6
14 36 16
29 34 38
32 22 32
35 34 8
8 12 34
20 53 4
38 31 32
13 12 38
4 51 17
31 43 19
22 52 19
2 27 27
31 4 4
19 26 18
24 4 25
26 50 21
26 39 36
20 15 28
21 31 30
35 36 33
4 14 20
22 11 16
30 42 13
4 49 28
9 60 16
7 20 25
38 34 9
18 48 20
4 10 33
11 25 19
27 4 38
10 54 1
8 38 14
23 58 10
24 4 4
21 19 10
8 59 29
29 30 31
38 3 31
10 25 30
23 53 34
11 50 23
24 51 29
4 5 24
13 34 11
3 50 23
7 47 18
13 19 16
8 41 10
26 19 21
29 10 22
4 44 27
35 34 19
10 50 38
15 34 18
27 12 29
23 48 21
32 59 35
27 15 1
13 29 37
19 58 25
16 15 14
16 28 37
26 12 10
11 57 25
34 11 35
24 61 18
9 47 5
28 29 11
10 49 14
6 34 2
15 45 37
18 41 18
16 3 9
6 48 22
16 58 21
11 48 31
15 7 28
5 13 24
15 43 22
16 22 28
13 19 19
26 59 17
34 4 32
19 28 35
16 2 24
18 56 22
15 21 32
3 9 10
6 10 33
20 36 19
2 12 28
32 30 38
5 14 36
28 34 37
2 58 5
22 6 20
31 8 13
10 39 37
25 33 6
6 58 22
22 27 6
13 61 25
34 23 1
1 59 34
27 23 23
12 15 9
25 8 29
12 51 25
11 51 19
20 40 29
8 36 7
7 53 25
28 11 26
27 23 3
22 57 39
14 23 21
37 14 6
7 61 15
5 3 24
20 16 16
23 20 28
27 25 18
23 54 6
12 8 20
8 14 13
26 39 9
29 39 30
11 52 6
2 45 22
2 53 8
31 3 39
21 59 15
34 45 29
35 8 28
8 10 13
25 5 25
31 41 11
36 10 3
2 37 30
16 26 34
34 57 30
5 37 19
37 1 7
23 46 20
10 4 16
17 7 30
19 55 32
27 21 10
38 61 27
30 14 25
36 17 14
8 40 19
5 2 13
35 36 32
30 29 8
15 31 36
19 14 27
8 39 28
5 18 21
7 18 16
29 44 11
5 29 28
15 43 11
32 45 9
38 6 1
16 11 18
17 53 7
31 7 5
7 41 23
16 4 29
22 44 3
16 60 24
33 28 26
8 31 3
30 8 5
3 52 7
37 42 8
22 11 28
37 35 5
2 54 17
31 11 22
34 44 2
31 60 26
5 52 10
24 44 37
25 56 10
29 52 35
4 9 18
22 34 15
27 27 12
1 52 35
16 34 24
32 27 20
28 49 20
5 16 39
5 37 10
8 31 35
4 5 27
25 44 19
31 19 31
3 13 26
16 36 19
6 48 5
23 55 25
32 25 29
26 33 24
33 57 30
26 32 20
13 51 32
15 12 39
16 32 31
7 5 22
4 56 19
31 61 1
23 20 25
28 30 28
25 29 3
24 17 17
7 16 29
9 29 8
37 23 11
25 21 31
34 29 6
13 36 31
8 3 14
4 35 32
30 27 25
11 47 26
1 24 24
9 41 34
23 9 18
6 46 24
34 37 10
10 9 2
17 5 13
23 11 32
35 49 22
16 51 12
2 27 16
24 6 3
18 11 31
37 53 15
33 33 27
19 61 16
17 9 30
10 55 38
16 1 17
29 32 3
4 7 38
32 55 4
13 46 30
33 59 5
8 28 24
28 52 27
24 17 39
29 17 4
23 60 8
30 11 22
38 47 39
31 17 8
11 41 6
8 19 16
25 47 31
1 11 36
26 32 26
12 58 21
17 56 28
23 8 3
31 9 18
34 48 2
17 57 1
8 38 12
11 16 1
10 49 27
16 10 39
14 15 40
2 20 37
9 46 16
6 58 32
11 49 9
18 33 34
18 1 36
22 4 17
3 36 27
24 11 24
36 41 22
5 22 24
15 49 19
22 28 32
29 2 12
22 40 39
33 16 5
19 1 7
7 42 11
36 44 32
3 13 11
30 50 23
25 14 18
29 10 21
27 30 25
32 61 25
1 42 15
23 34 6
26 45 24
5 48 33
33 37 9
12 20 24
34 52 11
25 18 26
9 53 5
13 7 1
9 50 11
12 23 35
8 43 40
2 36 39
5 26 24
35 45 38
6 57 16
31 56 29
18 8 23
21 34 39
14 10 13
8 50 32
27 29 7
18 30 20
34 55 27
32 10 2
13 44 32
37 47 30
3 42 16
33 53 8
21 45 8
15 52 12
12 42 18
23 11 14
29 61 7
26 11 1
16 4 24
37 23 2
33 26 24
33 30 26
28 12 22
4 44 6
32 44 15
25 45 39
38 60 8
25 46 3
23 41 33
12 44 31
32 49 14
22 45 15
29 58 38
14 15 16
36 18 40
35 52 9
9 58 36
8 20 38
24 47 4
24 59 5
21 29 22
24 38 16
10 13 21
26 11 19
12 35 34
23 17 13
7 50 17
22 27 31
2 15 21
34 19 14
3 48 25
16 23 15
37 29 34
21 26 9
26 21 13
22 37 11
27 37 40
3 23 7
26 9 11
11 29 20
38 49 36
33 46 33
38 4 31
30 54 11
26 42 18
36 50 24
4 50 20
15 6 14
30 4 10
34 57 5
21 25 25
14 51 25
23 1 15
11 15 9
10 56 25
15 31 1
31 49 26
10 16 34
21 28 3
20 6 38
34 20 28
14 37 10
11 54 28
36 29 16
9 2 23
21 20 28
23 38 15
13 53 14
29 3 3
29 1 2
6 24 22
10 2 13
19 58 13
33 37 31
18 19 13
29 41 7
31 54 34
9 38 12
6 24 19
1 44 17
12 46 20
12 19 31
12 2 19
6 28 21
14 53 31
13 5 15
6 19 7
24 61 36
32 22 40
36 54 22
29 56 26
9 33 3
20 8 22
35 15 25
31 7 7
2 44 12
33 33 18
29 3 11
25 40 35
12 45 40
27 49 31
33 56 18
27 40 26
2 4 7
1 39 20
30 23 38
12 5 20
12 52 25
20 48 36
15 51 1
24 26 17
24 8 38
26 59 5
17 33 7
27 2 30
19 9 26
22 51 9
4 26 38
4 47 38
26 7 27
37 36 39
18 9 25
23 22 34
19 44 4
8 41 7
17 46 9
36 7 7
17 61 13
3 59 37
8 22 9
4 60 34
31 46 28
26 58 9
6 46 23
21 44 22
7 54 34
18 44 21
8 60 9
27 25 17
25 3 1
34 8 14
10 45 31
8 8 35
1 31 7
10 31 13
13 38 33
32 20 19
1 31 20
8 47 25
3 52 19
14 20 23
5 39 22
14 51 37
22 5 23
29 55 13
27 9 23
35 43 35
34 46 36
2 57 24
24 18 31
13 7 11
27 16 4
37 61 26
29 5 9
3 3 32
37 41 5
27 34 40
20 2 4
12 28 28
9 59 2
28 36 25
17 30 28
1 16 18
1 3 8
34 39 5
7 47 21
30 55 19
5 31 19
16 54 34
17 30 10
31 23 3
16 58 39
35 33 20
29 51 34
34 13 15
28 12 31
15 60 6
19 16 13
4 16 2
26 59 15
15 52 12
15 10 12
34 21 30
15 46 14
36 11 40
14 16 11
26 45 11
9 41 33
2 56 40
28 3 27
9 4 34
31 26 2
30 9 17
12 60 20
10 29 26
7 38 33
16 22 2
20 34 28
17 44 3
20 29 10
8 33 35
23 38 4
18 23 29
25 16 34
5 51 7
19 48 26
26 42 6
18 3 26
35 3 30
29 60 26
33 48 24
6 34 5
2 24 28
31 30 14
18 19 40
32 44 8
25 34 2
31 61 15
37 28 22
33 11 7
24 14 23
34 33 29
13 23 7
29 19 19
34 8 15
12 1 22
6 35 17
27 18 26
31 46 9
12 42 28
9 4 25
9 37 10
34 8 1
1 37 31
24 59 9
30 32 16
23 55 22
33 12 30
23 22 34
22 6 34
9 23 37
36 34 27
1 11 16
21 39 27
8 37 18
13 25 2
8 12 33
8 12 28
33 18 34
15 23 5
36 31 22
19 54 18
8 40 38
22 30 11
13 40 12
25 58 9
24 36 35
31 20 4
4 46 22
21 7 38
13 7 15
20 45 8
17 16 7
1 40 3
6 45 11
23 59 11
15 22 39
21 10 17
21 26 26
19 12 35
11 4 16
37 56 31
37 15 10
17 36 33
36 24 8
37 1 31
29 39 19
9 37 4
32 1 5
29 41 2
15 48 39
28 10 21
29 19 7
10 50 35
9 26 30
38 45 5
2 58 17
7 42 40
34 24 11
28 33 31
29 38 16
11 42 12
24 53 37
31 51 8
27 55 32
22 6 37
32 18 21
16 11 40
3 49 2
29 58 40
4 8 25
38 35 6
10 6 39
19 27 18
10 19 24
18 29 35
6 5 21
26 18 16
35 31 6
6 46 40
13 16 3
22 57 8
34 46 17
19 33 26
2 57 34
36 47 9
28 31 26
16 54 34
11 22 39
25 61 23
14 9 1
29 8 7
15 36 30
2 54 36
2 54 36
34 55 38
35 5 15
3 28 30
27 25 38
2 51 38
35 39 2
10 1 30
2 56 34
4 11 29
11 20 5
5 44 16
13 14 3
34 51 36
22 32 2
28 3 15
15 7 35
6 18 29
15 43 23
20 53 30
1 41 33
37 58 23
4 51 40
16 47 19
29 23 5
1 12 9
29 50 9
29 42 23
31 30 4
3 40 20
21 25 25
30 41 5
15 12 40
35 54 40
24 51 30
25 51 28
38 25 36
32 15 15
38 43 17
33 4 1
32 24 17
32 37 31
6 28 6
13 42 2
36 32 1
23 28 27
25 56 7
31 28 33
20 35 35
28 23 12
22 36 39
18 44 36
37 35 29
12 13 23
25 56 37
8 2 33
35 11 22
26 3 24
17 61 18
27 23 12
34 40 33
4 7 19
1 4 19
24 23 15
27 52 4
12 26 24
26 57 1
12 44 37
25 43 35
30 7 16
25 3 37
20 49 26
28 34 32
11 6 28
17 41 33
31 21 6
17 46 18
36 21 10
1 47 30
9 2 15
32 44 40
11 6 36
16 61 1
31 33 34
1 52 15
28 60 20
29 50 38
15 59 38
10 4 18
12 23 39
4 28 4
15 19 37
6 7 30
30 49 28
1 48 24
24 59 39
19 9 30
33 43 17
37 54 5
38 6 15
21 18 33
11 40 8
33 45 11
37 44 30
9 51 31
10 44 20
28 18 6
14 9 24
22 54 22
18 60 35
14 41 9
9 41 40
33 54 7
28 61 4
37 24 3
5 48 18
18 36 24
7 18 17
28 24 31
28 36 18
8 46 6
10 30 33
38 7 13
1 16 35
8 42 36
31 8 3
25 27 33
28 48 27
1 2 3
33 36 14
23 7 27
35 43 7
1 39 28
15 47 12
37 6 11
15 60 36
34 15 26
22 49 21
1 59 26
1 34 20
9 54 21
36 61 40
12 10 33
27 55 32
3 1 34
16 50 14
20 33 20
8 23 38
34 55 35
35 33 24
29 28 3
6 6 27
4 27 23
2 7 24
2 54 32
34 53 18
10 47 11
13 52 19
19 7 17
34 29 4
1 42 38
28 54 24
9 30 1
8 38 39
26 43 7
9 36 38
31 2 38
18 45 17
5 56 26
8 36 17
15 53 25
21 60 13
25 40 33
21 59 28
37 3 5
33 28 14
9 51 25
11 25 32
17 38 17
9 48 4
17 42 34
33 36 23
12 57 13
6 39 24
23 52 7
11 46 9
37 39 25
13 5 28
33 48 20
27 36 33
26 57 12
22 2 23
24 35 13
29 6 8
24 7 23
30 6 29
17 19 29
27 16 3
31 42 1
24 30 3
22 48 26
37 8 13
34 22 34
1 53 22
25 8 12
16 26 9
10 48 37
13 1 39
29 30 17
8 3 8
23 36 28
12 32 19
27 33 36
24 6 26
7 59 40
34 32 8
20 40 18
36 6 35
34 22 30
7 59 29
34 2 35
28 28 8
38 7 14
17 21 4
14 29 34
4 8 19
19 13 16
14 36 24
35 39 36
15 59 11
24 25 29
20 55 33
13 36 3
12 34 11
25 42 20
30 6 16
16 42 37
14 19 37
35 14 9
21 17 21
27 18 26
27 54 10
25 49 3
7 49 7
13 60 5
10 18 21
21 35 31
10 31 31
2 58 14
29 60 5
4 37 13
3 38 33
25 37 20
37 2 16
12 22 11
12 44 34
26 59 31
5 32 4
26 27 1
33 2 8
30 7 33
28 8 3
29 50 29
32 42 4
35 4 5
18 21 37
16 6 8
23 37 31
5 45 24
31 25 11
16 35 21
8 11 11
23 47 28
31 39 2
32 52 26
4 29 18
21 52 16
36 44 7
11 20 14
9 21 36
36 14 5
37 18 9
4 9 22
19 30 15
22 43 33
14 36 27
12 25 11
11 54 19
21 5 4
31 46 4
14 23 21
3 32 2
28 27 2
16 60 19
25 13 14
9 55 1
37 29 6
26 10 20
38 7 19
3 13 27
11 40 10
7 20 9
13 33 15
7 31 2
28 55 28
9 42 38
38 44 22
9 16 38
12 2 35
5 29 3
27 29 4
19 43 9
5 28 17
11 23 26
34 55 30
24 52 24
30 10 13
3 31 26
16 55 18
10 6 5
11 12 35
25 51 12
28 14 35
13 60 10
18 59 18
7 19 31
35 17 3
26 20 5
27 17 16
35 38 39
16 9 18
13 51 25
36 53 6
9 25 34
37 57 9
24 37 30
31 48 21
27 10 15
24 6 40
1 8 2
2 27 24
28 34 24
13 5 12
14 14 32
22 22 24
4 28 39
18 11 19
26 34 31
8 7 19
25 1 21
36 25 3
24 34 16
30 15 33
23 11 36
32 54 21
31 21 21
36 10 28
22 31 22
32 56 14
34 19 5
3 9 38
22 36 22
33 12 22
32 45 18
14 16 19
32 13 7
2 14 16
4 25 1
20 16 2
28 34 12
23 5 12
33 1 14
26 9 15
31 31 25
4 40 19
36 54 23
12 5 9
33 37 38
23 61 6
19 1 22
24 5 39
15 6 28
21 50 13
5 3 24
34 2 13
14 46 18
25 4 5
29 48 13
1 33 24
12 45 1
1 26 16
5 35 5
30 11 35
25 32 11
9 61 34
27 18 14
32 49 13
3 60 12
33 36 15
15 50 2
27 5 25
14 22 23
22 58 23
10 43 21
27 49 40
11 20 22
26 55 39
15 31 7
30 1 38
37 37 28
35 52 32
11 29 28
14 14 8
33 44 11
36 56 8
7 54 17
37 3 18
34 23 33
16 55 31
5 18 16
7 40 39
21 35 19
23 54 26
7 34 37
37 20 25
5 9 3
25 17 14
38 47 4
33 28 23
13 33 29
20 7 18
5 5 36
21 7 34
16 8 32
11 20 7
32 8 22
22 28 26
38 35 14
3 43 34
26 46 30
19 57 21
21 23 18
4 36 2
23 31 38
35 49 37
35 19 10
33 10 26
9 2 27
33 13 12
10 20 33
11 37 8
15 33 17
22 28 29
25 43 9
11 52 3
25 52 27
22 15 33
13 26 35
21 20 26
17 29 26
17 14 16
33 19 35
24 13 15
37 44 35
3 57 23
34 39 12
17 34 34
37 44 32
18 22 18
1 47 2
24 28 38
15 5 14
25 17 7
27 27 9
21 40 17
31 45 5
35 59 12
27 25 24
6 53 4
18 31 12
1 12 29
21 18 24
1 32 16
28 54 39
13 51 1
3 56 17
37 9 40
16 56 29
28 7 7
3 41 5
25 49 31
11 7 34
25 40 29
21 43 7
34 23 23
32 28 7
37 37 4
21 27 12
19 17 35
18 4 34
6 17 18
12 5 15
37 32 12
36 9 16
19 50 2
5 48 1
37 25 33
17 55 24
17 46 5
2 39 31
9 29 39
28 5 30
34 42 8
7 22 26
11 22 21
13 42 30
7 31 34
23 26 24
16 8 1
17 60 28
20 59 23
19 3 16
19 47 18
23 27 20
24 23 10
33 38 34
15 9 12
24 33 35
23 40 30
34 32 23
5 21 17
19 57 7
8 50 34
11 9 28
20 4 28
32 24 15
15 29 8
21 52 1
22 57 12
3 60 35
16 23 6
4 58 22
33 7 29
31 7 20
19 10 32
17 27 37
34 37 32
36 56 3
5 58 35
27 21 38
12 61 15
28 25 39
31 8 25
20 7 17
2 60 13
18 10 21
22 61 14
4 23 23
31 15 8
33 15 3
7 30 23
9 22 5
13 55 17
35 27 12
13 15 11
6 14 4
2 61 23
15 54 35
21 26 18
36 54 11
12 54 3
12 53 21
16 40 40
8 61 30
1 32 38
30 47 36
18 48 30
12 53 8
11 24 40
30 54 20
19 54 14
11 27 15
21 32 8
25 1 5
21 60 12
16 54 9
21 33 30
33 57 27
6 17 21
34 42 32
35 9 9
32 44 14
17 48 14
4 8 6
24 45 16
22 25 4
5 20 18
38 39 36
23 23 4
23 24 31
30 27 35
22 24 16
14 40 34
8 58 15
23 52 39
36 55 31
2 4 36
30 24 5
37 30 39
15 15 28
24 23 39
25 23 35
16 43 21
21 14 11
21 52 21
13 53 40
9 53 33
22 55 22
31 34 24
18 56 7
3 30 39
35 2 35
20 42 20
37 57 14
8 22 34
38 8 16
17 58 29
11 10 18
38 35 8
16 22 11
21 47 22
11 48 33
25 33 11
21 5 29
35 53 8
22 13 31
36 40 16
24 9 34
7 4 40
33 10 25
14 30 38
6 34 2
26 2 18
10 60 20
4 25 3
8 7 1
9 44 2
23 15 26
21 23 1
27 42 25
18 17 18
31 16 29
1 1 19
37 16 34
17 7 32
12 61 35
24 15 11
5 38 24
38 50 40
21 22 37
11 41 21
13 55 6
2 11 35
14 34 10
28 45 38
17 45 24
11 1 19
1 28 16
30 24 38
29 54 32
5 27 36
12 1 21
21 55 35
24 33 12
8 11 6
30 32 24
32 35 37
35 1 17
35 52 18
28 50 31
13 49 22
3 27 4
30 26 35
29 61 34
23 18 15
2 21 4
32 12 39
16 42 37
9 52 6
25 46 10
3 50 34
36 18 2
26 13 2
4 31 15
23 56 25
26 42 37
8 17 35
16 39 39
3 23 29
31 48 40
19 37 21
3 15 5
6 29 24
35 47 21
4 40 40
38 18 14
24 38 3
31 3 40
36 44 9
36 5 19
19 33 37
37 11 15
32 52 28
6 56 6
15 41 8
2 16 17
36 53 1
1 34 32
30 47 29
14 16 7
23 40 7
4 45 24
14 8 34
21 13 21
38 36 23
24 29 6
36 2 1
26 47 16
27 52 37
7 6 6
31 16 1
9 23 28
18 45 3
18 9 4
4 60 35
33 36 39
11 39 13
29 7 26
31 16 5
13 45 7
5 56 31
4 43 19
3 38 31
33 30 22
3 40 13
15 38 1
22 31 15
14 31 15
2 54 14
11 44 28
1 26 32
3 26 26
1 53 21
37 29 38
36 8 28
26 5 33
36 11 7
6 51 28
8 43 12
27 20 24
13 18 19
26 12 40
24 19 36
4 28 12
14 14 38
20 13 14
36 33 37
21 35 4
17 11 14
32 37 40
6 12 37
8 18 14
37 33 15
36 46 12
24 37 25
3 32 26
24 58 1
14 15 28
24 14 1
15 19 30
34 37 27
28 47 17
6 27 5
38 39 26
22 32 15
22 10 5
34 21 27
32 31 2
15 52 5
33 16 5
8 4 15
12 23 17
4 25 8
27 51 3
14 21 9
22 36 35
25 41 9
2 59 19
16 11 13
31 43 22
27 36 13
11 4 26
36 23 34
25 32 1
29 20 29
4 13 34
1 2 14
16 49 26
20 36 23
2 16 31
20 20 37
11 6 38
11 22 33
1 42 25
31 61 18
27 42 39
14 48 24
11 21 9
13 32 13
37 55 3
30 38 22
4 8 25
6 15 25
31 22 32
16 2 4
33 6 15
32 9 5
6 7 33
9 25 23
36 19 4
36 8 7
14 58 14
30 15 21
36 5 32
36 14 16
7 4 28
18 49 15
5 46 40
11 10 33
2 8 30
19 16 22
19 59 32
30 59 26
10 20 14
18 39 19
3 28 28
11 41 3
8 23 11
3 26 34
37 5 27
25 61 21
35 56 29
31 38 32
21 1 38
20 38 2
13 7 35
35 26 36
31 45 40
15 43 11
3 59 36
19 12 3
13 10 5
34 60 22
18 46 29
9 35 39
19 23 7
10 39 31
26 32 31
6 44 5
10 58 17
3 52 22
1 17 7
16 29 16
20 32 22
26 50 14
22 53 38
22 32 29
32 30 23
13 8 40
4 40 31
26 42 28
17 32 18
36 21 21
5 12 21
10 13 26
32 14 36
4 19 23
31 19 24
21 53 21
23 61 16
21 40 16
26 37 25
19 20 23
36 32 3
37 58 4
38 38 24
26 35 10
27 55 34
15 19 28
26 47 32
19 60 17
28 24 6
17 44 24
2 59 20
34 45 21
38 32 34
25 8 2
26 37 18
18 17 1
7 5 37
12 4 4
9 51 7
17 15 8
22 35 21
27 12 19
28 13 17
11 34 9
14 48 17
17 1 31
18 2 15
37 30 37
24 40 21
9 56 4
12 20 40
20 47 3
26 33 40
34 32 5
18 3 3
26 28 24
1 17 19
25 7 18
5 28 38
18 40 8
4 17 33
31 32 37
17 4 28
18 4 29
35 30 19
32 60 36
24 22 24
1 16 3
11 25 13
10 27 30
16 8 37
11 36 28
11 56 32
34 24 6
23 32 39
30 13 22
11 32 28
17 59 25
14 35 2
2 24 9
12 18 18
34 40 31
16 44 12
30 46 17
20 6 11
12 15 20
21 42 8
14 35 14
10 17 23
24 57 10
3 54 26
20 16 37
37 9 27
11 49 33
19 5 4
21 44 37
10 59 12
7 56 36
26 58 22
11 60 17
37 26 2
28 56 23
25 28 19
8 26 27
3 11 35
1 21 35
38 11 22
2 7 2
34 27 21
10 16 24
11 36 10
25 1 36
20 53 11
7 27 40
23 26 12
14 31 15
24 23 38
2 51 15
32 44 3
29 33 21
26 49 11
6 37 33
31 3 27
30 28 33
37 56 21
4 49 23
32 54 40
1 12 4
25 33 33
15 41 30
13 35 31
7 37 33
23 21 32
18 37 22
12 28 6
3 38 6
20 32 22
29 37 30
5 27 1
28 48 27
5 25 40
13 20 6
36 22 32
32 40 18
35 33 4
20 43 37
19 10 26
19 14 31
29 57 7
19 31 26
25 34 6
4 40 28
9 56 2
14 10 10
10 57 9
27 45 21
29 7 2
12 39 25
12 37 35
35 24 18
18 23 34
19 15 2
16 30 1
14 30 10
35 6 34
17 60 10
29 46 36
24 9 1
13 17 5
18 52 2
12 40 24
38 45 35
14 2 20
36 46 7
12 29 16
5 27 4
28 38 13
15 22 4
8 55 22
2 25 37
30 50 38
14 35 36
13 42 31
18 36 6
4 14 2
37 22 38
24 5 18
28 34 26
28 27 12
37 36 24
35 59 30
13 6 34
10 51 14
14 14 22
17 52 24
12 6 36
16 15 15
10 7 15
7 32 25
30 20 1
15 59 11
16 50 38
38 31 32
33 11 2
20 48 30
25 17 38
8 38 33
1 19 40
26 59 13
14 49 19
23 29 22
8 16 20
24 7 1
20 14 29
27 54 38
28 20 8
18 31 9
36 23 4
3 26 7
18 39 3
16 31 21
6 55 37
3 41 32
29 48 19
8 25 29
30 23 39
15 49 37
28 8 21
29 60 4
24 8 27
24 15 22
5 32 22
6 35 2
29 53 21
17 27 39
2 2 10
13 23 11
10 3 10
13 42 36
36 27 18
6 31 8
33 3 28
20 15 34
19 35 13
15 31 12
9 44 37
25 37 20
23 14 36
21 33 9
12 50 7
2 18 33
36 35 39
22 49 7
26 33 23
8 7 11
11 31 34
2 52 11
15 19 30
22 56 10
3 54 5
20 33 4
9 57 31
14 45 34
24 48 38
14 58 3
6 27 35
10 18 27
28 59 1
34 28 2
35 10 27
8 7 9
9 52 18
28 59 33
29 11 23
9 7 21
3 37 26
24 23 2
22 35 16
7 38 10
4 32 32
30 12 3
11 59 33
15 50 26
1 36 23
14 4 11
25 28 38
13 25 20
20 9 37
5 42 34
13 42 10
28 45 30
17 59 27
7 44 36
30 9 28
15 28 25
29 57 2
34 38 4
16 1 26
20 19 28
31 3 24
17 28 19
21 30 10
26 28 31
19 11 22
35 1 10
18 59 35
15 48 14
3 27 30
3 54 36
9 19 35
20 56 26
7 60 8
20 53 17
21 16 35
5 23 6
17 40 30
26 43 34
24 53 5
10 34 12
20 56 25
31 47 31
26 28 6
22 47 27
29 2 11
17 42 35
11 20 11
15 60 6
26 53 36
34 44 30
20 11 29
35 17 39
10 14 14
20 43 16
13 35 12
20 17 35
8 53 36
37 31 6
11 56 12
33 18 22
19 26 17
18 32 24
8 9 8
27 54 23
23 47 17
24 1 35
34 4 27
11 32 35
24 48 7
36 37 30
29 1 20
28 56 27
33 4 17
34 19 5
18 26 2
12 29 1
1 3 19
23 9 32
26 26 39
21 52 7
29 5 31
10 15 20
30 3 4
10 60 4
33 29 11
5 54 30
30 1 24
12 13 25
19 28 22
11 61 31
31 19 34
8 40 2
38 60 4
24 45 16
9 11 30
4 44 13
2 40 18
23 3 25
2 37 29
34 59 11
8 37 21
35 9 31
14 60 10
35 60 23
8 52 13
24 60 1
34 61 16
27 46 9
38 39 37
13 35 28
21 29 37
7 34 25
13 29 16
7 32 1
14 50 8
7 53 29
4 50 6
14 38 38
27 59 25
21 17 5
9 15 1
26 38 38
31 46 8
5 1 30
13 34 3
34 57 18
5 40 2
17 2 1
21 25 36
30 25 16
28 16 18
16 53 39
12 13 3
1 27 32
23 55 24
11 15 3
1 47 3
25 21 22
21 22 23
4 29 7
37 42 4
30 50 1
10 37 12
2 51 27
32 22 19
3 60 24
35 41 8
6 2 23
12 53 17
11 26 40
24 52 12
3 33 20
14 2 5
10 5 14
9 46 23
10 45 14
29 56 33
26 41 21
15 38 29
1 50 3
6 29 38
38 59 19
5 3 11
15 32 9
23 10 18
23 53 19
20 18 35
17 31 28
16 2 23
17 34 18
11 38 15
35 27 20
1 13 21
25 60 36
12 14 30
12 12 29
33 47 16
29 5 34
28 52 36
25 21 14
7 31 35
29 45 25
16 28 28
27 55 24
20 22 2
9 56 8
18 45 28
8 3 4
25 41 38
14 4 40
11 42 26
7 34 2
28 51 39
7 38 6
12 21 40
6 2 24
7 55 25
30 51 36
12 47 39
21 19 2
16 17 23
34 14 21
35 31 22
10 26 4
8 33 40
28 27 30
29 27 10
21 43 38
32 59 10
31 38 37
26 7 20
28 56 8
12 51 1
2 26 23
8 11 13
1 12 20
31 46 23
12 10 37
33 11 3
32 41 40
26 60 37
16 34 5
36 10 18
31 38 26
6 17 37
19 9 14
7 53 15
2 26 40
33 12 11
8 49 29
30 53 10
29 39 28
18 35 23
37 42 38
20 8 29
36 39 38
12 42 11
29 9 10
6 51 6
6 1 39
29 19 6
12 7 22
35 15 37
23 50 13
7 20 11
4 22 18
17 33 14
25 36 32
33 22 30
35 61 16
22 1 21
33 54 7
35 35 19
28 50 18
31 24 2
22 2 4
29 42 14
20 17 22
20 59 32
29 1 32
33 6 7
16 32 16
4 17 14
35 57 12
1 38 3
4 18 2
31 57 25
17 15 2
21 59 36
9 19 12
20 24 20
27 39 29
5 11 24
22 39 24
21 61 8
29 57 26
15 19 34
20 18 18
11 59 8
19 3 21
8 50 24
5 55 5
19 23 38
20 46 23
14 3 37
11 61 23
15 17 27
34 12 26
33 49 18
35 7 32
17 4 26
32 52 12
18 56 6
3 35 30
32 10 22
27 14 37
23 16 40
9 12 7
29 12 13
22 21 29
34 52 9
29 8 16
27 41 21
4 30 30
12 23 14
16 44 39
17 10 9
4 15 3
36 40 14
22 4 28
10 47 22
19 22 39
33 19 13
19 56 33
25 28 13
29 41 34
26 20 1
37 8 3
1 12 40
17 11 16
27 5 20
3 45 9
29 26 12
25 41 21
6 34 1
32 7 29
8 53 4
30 44 28
34 9 11
22 13 37
18 22 39
36 61 7
7 9 33
23 53 12
38 23 17
12 39 18
38 34 14
21 39 17
27 60 25
17 11 29
2 44 15
18 58 22
2 32 11
16 3 1
5 59 17
13 11 16
23 47 39
14 2 16
5 28 34
28 52 34
10 3 24
36 7 14
25 53 18
5 59 22
4 9 39
17 48 4
30 6 35
5 57 18
18 47 7
11 26 26
11 47 39
13 61 26
18 3 28
37 44 9
36 23 3
9 18 33
31 56 21
34 24 39
37 7 39
6 54 36
35 42 5
12 22 21
37 32 14
34 16 8
30 29 39
1 50 27
25 27 19
4 44 30
13 30 1
24 16 39
34 35 1
36 21 17
9 35 23
35 47 26
17 51 31
11 39 4
30 22 17
24 36 21
11 39 22
15 39 23
32 28 25
28 10 35
21 39 10
37 30 40
37 58 26
1 58 14
5 23 40
20 5 40
32 32 18
20 32 38
8 9 26
35 53 4
37 28 30
28 31 4
6 13 33
36 19 32
9 24 17
18 9 27
29 46 28
7 32 13
9 10 13
4 7 5
18 11 8
38 36 34
11 58 19
3 34 12
38 37 25
16 47 34
10 47 40
21 59 22
14 19 23
22 15 27
13 6 15
31 45 33
30 49 2
12 33 1
23 14 21
29 4 38
8 12 12
33 51 12
13 20 29
28 49 32
38 48 15
37 59 4
2 29 32
25 40 33
32 47 30
2 32 17
20 32 20
34 5 24
5 24 11
31 50 22
15 42 11
22 7 9
18 39 31
4 45 21
37 41 20
24 37 30
6 42 10
26 21 32
27 25 2
5 10 40
22 40 40
25 56 8
5 7 33
31 28 39
23 33 21
9 54 13
10 61 4
36 27 35
25 14 32
25 59 17
26 54 23
4 51 5
20 44 37
18 41 21
30 21 23
14 33 7
18 56 5
9 48 22
37 58 13
14 23 3
16 42 18
11 39 30
4 25 10
17 17 21
22 61 35
24 54 21
8 34 36
2 12 6
35 39 20
22 2 26
31 35 19
4 52 24
21 8 35
27 60 15
2 6 25
4 52 29
22 24 7
23 17 16
13 14 7
10 49 8
17 37 39
7 12 38
9 54 38
18 2 16
26 60 2
9 9 24
28 36 29
5 20 9
32 21 4
34 10 31
11 61 23
36 49 11
23 23 9
17 35 5
26 38 40
7 15 26
29 53 22
7 58 3
28 8 27
1 27 19
30 29 33
13 25 27
36 4 20
12 27 12
26 61 23
1 10 23
9 54 24
30 36 17
38 17 39
6 56 19
4 42 25
17 55 9
35 49 33
15 2 24
11 7 35
24 56 34
1 60 36
17 56 37
5 44 26
11 34 25
2 8 34
14 42 26
31 10 2
2 45 23
1 31 4
14 52 4
18 10 20
7 22 7
29 50 9
17 60 9
30 14 17
21 11 10
17 22 13
12 14 33
18 46 34
14 37 28
32 22 31
20 8 33
7 2 3
32 45 33
30 5 28
38 10 14
12 19 40
30 23 30
36 33 37
13 36 21
18 37 35
38 40 26
1 51 33
3 55 37
32 8 6
14 17 24
8 27 8
3 38 34
13 59 27
9 4 28
6 29 7
10 38 36
5 28 34
29 17 21
35 47 19
34 31 31
3 46 26
19 5 10
22 27 4
32 4 6
11 15 40
16 11 29
12 27 13
20 18 25
3 24 12
10 14 25
27 21 33
5 22 26
4 46 35
27 52 26
8 57 31
21 45 33
12 12 36
30 49 16
25 51 17
2 34 5
21 38 21
27 34 11
30 30 6
33 46 27
28 20 19
33 11 35
17 25 16
33 33 18
5 36 28
19 43 8
38 50 37
2 16 29
32 51 40
10 8 21
2 7 1
7 11 15
29 55 29
13 5 24
14 15 25
19 45 37
6 6 5
25 34 16
30 11 10
10 6 11
11 10 39
29 20 23
36 49 18
30 23 24
1 11 13
10 24 31
3 16 28
2 28 11
11 58 23
1 5 11
29 46 36
20 2 23
12 6 38
17 25 10
8 48 10
26 31 11
24 48 24
26 23 1
20 13 21
28 13 17
19 11 3
26 12 33
15 22 15
33 38 35
28 7 2
36 48 4
20 17 6
18 33 18
20 39 6
36 46 26
3 37 25
35 37 1
22 16 9
29 49 2
23 24 17
4 1 33
21 14 9
15 12 17
28 29 25
14 61 33
3 43 9
17 11 26
29 20 34
22 34 8
1 46 29
33 35 31
7 13 17
32 43 37
15 4 36
7 16 39
10 41 40
28 39 25
5 33 14
9 3 2
9 27 9
6 37 28
36 42 9
30 46 39
18 42 7
11 17 10
7 16 32
14 38 10
21 56 31
30 26 25
14 38 4
4 10 25
5 13 23
38 38 34
33 43 37
23 11 8
20 9 35
36 19 31
37 26 7
31 57 31
14 43 5
14 36 19
7 31 18
2 49 5
34 40 38
37 60 23
5 14 28
16 9 37
35 46 22
25 42 8
20 43 9
22 25 3
14 50 25
34 3 1
20 45 3
31 19 26
7 34 33
12 50 21
9 40 34
32 12 38
12 31 10
12 17 34
22 16 15
22 16 22
10 9 25
37 42 38
23 3 33
32 26 22
14 48 30
37 38 25
9 60 31
2 40 34
34 43 10
11 3 2
12 32 30
35 42 39
25 38 21
19 19 31
1 58 4
28 22 35
4 49 32
1 1 20
13 27 24
3 24 33
32 17 10
16 34 30
38 33 24
23 43 8
3 28 16
17 16 20
14 52 9
11 25 17
4 45 19
18 22 1
32 24 35
7 23 19
5 55 30
8 33 7
31 29 16
37 3 9
37 35 24
13 38 27
31 10 14
35 37 17
11 40 36
19 5 36
8 26 32
16 34 15
20 57 40
1 38 22
19 16 29
34 45 12
26 46 5
27 49 32
21 56 15
33 10 23
10 23 16
38 22 16
6 52 31
25 23 24
24 21 34
6 17 38
25 19 36
22 10 7
36 15 31
34 36 29
34 34 30
14 44 16
3 35 12
23 58 19
3 61 23
7 31 5
34 24 7
26 16 19
1 34 21
3 51 8
10 50 9
20 59 14
18 8 28
1 9 26
28 26 11
2 51 27
10 14 21
30 54 36
4 34 38
19 52 3
4 17 23
3 55 20
24 8 39
5 53 11
22 24 25
37 35 4
6 29 24
5 35 20
21 24 7
13 27 1
4 26 35
10 29 25
9 51 30
12 26 3
34 32 1
1 56 1
27 36 8
2 8 25
25 5 15
17 44 25
22 42 4
4 28 7
29 7 7
16 19 7
36 51 21
9 22 13
7 10 12
1 11 13
21 54 32
24 42 14
9 37 25
36 9 34
34 28 13
4 50 19
37 53 37
21 7 31
8 34 22
37 9 40
34 56 20
25 42 26
3 58 5
17 54 29
12 4 21
30 52 32
37 27 37
28 35 18
2 37 13
30 50 33
16 41 33
15 58 35
17 60 13
11 39 29
31 20 31
10 5 38
23 3 7
4 21 39
27 19 15
20 26 13
10 44 19
15 44 35
28 20 13
4 4 22
12 30 12
19 31 21
35 16 17
20 42 5
27 25 36
2 42 2
3 26 40
22 35 22
9 57 10
33 60 23
14 16 16
12 24 32
9 26 23
2 12 6
5 33 23
29 40 18
12 27 37
14 40 22
6 47 34
24 40 22
27 48 26
30 36 31
1 11 23
36 25 11
16 58 39
33 39 36
7 22 26
19 12 21
1 50 3
8 9 35
38 18 4
1 59 39
6 2 7
35 32 35
28 45 35
33 29 5
35 32 40
34 51 39
19 2 6
18 21 12
12 59 32
24 58 24
16 9 6
31 10 26
3 24 40
8 58 2
34 19 9
1 8 3
27 4 23
15 41 27
38 34 28
20 55 30
12 30 32
10 52 19
14 43 6
31 18 40
30 20 36
5 57 23
16 41 31
9 48 19
16 8 6
29 52 20
17 44 36
37 35 15
27 31 37
31 49 26
5 42 38
34 10 31
1 34 2
10 52 4
15 47 1
31 26 14
31 35 6
9 41 26
4 24 10
4 56 37
25 61 18
8 15 12
13 13 7
5 20 20
19 56 15
35 12 32
25 61 18
27 52 6
27 45 39
36 20 5
27 13 21
38 51 40
29 39 8
22 22 7
34 49 1
35 22 14
34 29 23
22 11 1
15 44 15
19 54 24
28 12 21
22 24 28
3 37 11
2 3 31
25 18 35
3 36 9
34 16 36
3 10 9
38 51 17
32 36 2
14 24 35
5 19 8
21 7 35
16 48 15
13 32 1
13 35 32
25 49 34
37 39 11
34 51 25
2 59 21
19 19 4
16 52 26
32 19 4
21 53 26
14 14 29
16 45 36
8 27 22
29 15 10
10 3 16
21 61 29
30 46 15
12 24 33
28 7 3
17 28 3
34 41 9
3 60 14
31 15 40
37 26 36
5 12 32
3 19 32
37 54 6
22 36 23
29 3 3
35 43 29
21 28 20
17 5 34
27 15 27
17 33 23
15 26 32
4 59 40
19 18 8
28 61 12
7 61 39
9 36 27
2 26 29
6 37 14
26 29 30
37 16 27
11 61 35
3 21 28
27 7 12
21 32 33
5 2 12
30 8 35
14 1 6
35 20 23
28 9 28
3 12 17
9 59 17
22 20 13
14 45 16
15 19 17
9 45 30
24 11 29
10 55 36
15 7 27
13 48 38
10 48 40
23 1 14
35 54 3
2 56 35
23 6 25
5 3 37
37 18 23
6 33 34
29 53 12
26 46 13
6 40 14
35 18 11
16 25 40
30 14 17
26 36 13
6 49 21
37 19 38
16 17 4
35 54 37
26 40 7
11 35 20
6 56 37
23 3 11
2 44 33
5 11 22
14 54 38
35 54 20
23 22 14
28 3 10
3 32 25
17 25 16
20 24 32
19 26 35
6 34 4
16 11 13
8 48 38
22 55 31
30 26 33
31 19 11
38 60 6
17 5 26
11 18 19
28 4 33
32 48 13
35 1 4
26 28 13
22 56 35
35 15 33
30 35 26
18 32 2
6 43 13
4 20 6
24 32 19
10 21 28
4 18 13
26 27 36
4 27 32
36 15 32
28 52 6
1 59 31
30 50 1
3 13 4
5 51 4
27 50 5
1 19 18
17 4 12
13 56 35
1 61 10
21 9 29
13 52 3
5 27 24
37 11 21
3 59 36
25 18 15
15 56 11
20 11 25
32 46 16
3 40 27
29 17 18
13 55 35
29 46 6
14 25 7
29 42 36
9 32 29
32 1 36
24 23 34
29 27 8
37 52 1
12 61 5
31 4 35
8 12 4
4 40 36
30 5 37
11 50 26
7 41 28
3 53 22
30 43 1
23 13 29
28 60 14
33 26 1
5 55 11
12 35 39
38 59 24
33 36 1
22 2 27
16 49 4
29 55 3
8 6 22
16 42 6
19 8 29
15 2 1
2 12 30
32 17 20
13 34 27
18 54 7
5 6 10
37 16 9
38 50 29
8 26 38
20 57 2
6 13 9
26 28 19
15 21 1
19 8 3
3 39 12
17 60 38
30 13 36
38 46 15
37 13 40
9 61 21
23 15 23
6 24 16
38 5 31
37 41 13
11 26 11
32 21 26
28 24 16
27 36 38
15 20 10
15 56 8
17 14 14
3 9 25
6 29 9
9 18 34
36 39 36
30 16 32
4 42 5
32 22 14
36 3 32
29 61 15
37 28 30
19 32 22
7 23 29
23 52 16
19 44 35
29 52 2
27 61 15
11 26 12
21 61 26
4 41 40
8 31 29
1 13 27
6 25 36
18 36 18
10 17 22
25 9 34
16 4 25
32 28 2
19 39 4
7 13 12
6 15 26
18 29 34
14 13 38
12 5 9
35 47 7
5 19 32
33 39 9
19 25 28
26 12 40
4 42 27
14 19 32
37 33 21
26 17 21
9 15 2
31 14 16
21 47 10
35 38 30
15 19 34
6 13 3
20 41 4
31 19 27
11 26 27
10 13 32
29 55 26
22 12 23
36 17 23
29 51 16
8 31 5
18 40 5
4 30 23
13 10 21
6 25 18
26 57 10
6 4 26
24 21 5
33 37 5
24 58 36
38 32 36
20 61 33
8 40 33
28 2 22
12 16 30
22 40 16
23 29 1
36 30 8
27 43 31
16 55 35
13 52 4
6 14 26
6 40 5
6 49 4
21 59 22
5 50 15
14 31 16
30 5 15
13 12 11
32 40 28
31 35 1
37 13 23
38 24 21
21 34 14
30 11 20
30 34 7
3 44 34
1 33 29
22 37 18
7 51 5
26 16 8
15 21 29
4 8 26
15 8 27
15 53 16
30 22 16
30 3 11
6 30 17
34 35 25
7 13 33
24 53 18
21 58 22
23 60 4
12 57 34
21 25 30
3 4 7
1 20 30
1 38 37
25 13 3
20 26 1
11 22 33
37 50 2
12 5 33
37 30 32
31 37 23
8 56 1
6 40 22
19 27 1
14 20 19
25 5 13
14 4 40
11 13 2
19 11 40
34 7 40
2 59 20
8 10 24
9 49 7
8 5 26
9 5 24
15 4 35
38 55 32
32 3 9
12 46 17
16 45 24
6 57 34
22 54 12
28 39 19
5 39 24
2 1 31
38 24 26
37 13 40
19 46 22
14 7 21
18 36 21
29 53 31
21 17 26
9 13 20
16 17 2
28 33 24
11 22 7
8 14 30
27 35 34
5 9 14
24 36 4
10 10 31
37 7 8
15 42 39
37 16 38
3 1 19
8 21 34
16 57 15
12 5 40
3 44 36
36 10 34
17 19 4
30 5 21
26 61 19
6 50 13
15 14 1
8 10 2
8 11 10
28 58 27
29 14 21
26 48 9
20 10 4
30 51 23
38 30 37
33 43 4
9 9 37
23 19 3
33 39 28
22 5 35
36 31 10
21 28 6
3 17 19
19 57 37
5 56 20
23 59 3
17 5 40
5 9 13
27 3 16
5 20 3
12 32 23
24 15 21
13 31 27
22 45 26
7 38 21
33 3 26
18 60 12
15 6 26
8 26 16
28 22 22
10 45 4
27 51 29
27 1 40
33 29 10
35 1 27
20 48 1
33 29 1
4 52 20
34 50 5
32 52 3
19 41 14
37 1 31
16 3 1
10 22 22
35 49 11
18 48 12
23 37 9
35 27 4
13 40 16
1 58 26
14 55 17
37 13 14
7 6 30
8 19 3
20 21 35
3 37 24
27 17 9
28 7 4
23 33 31
38 4 19
12 46 13
33 18 35
30 30 19
35 25 13
11 36 38
23 35 18
19 1 39
14 39 2
6 52 17
17 13 19
20 4 2
25 14 12
5 17 37
11 1 18
26 21 2
32 60 34
6 23 22
6 7 4
32 34 31
28 1 15
14 35 31
23 10 25
22 38 2
9 27 13
4 29 15
26 18 1
24 27 6
38 12 3
27 4 18
25 29 33
8 33 13
29 35 3
3 58 7
34 54 1
7 37 39
30 61 2
29 43 22
28 12 7
21 43 25
21 26 18
26 7 9
17 37 21
1 27 4
23 45 20
4 21 22
21 20 6
3 37 37
14 16 8
14 42 25
9 28 14
12 24 19
38 46 18
23 38 20
14 2 3
23 20 38
34 12 4
27 35 27
10 51 12
29 1 12
27 36 31
13 53 14
2 44 5
2 55 35
14 46 19
9 23 33
37 39 38
36 11 10
21 25 11
16 35 8
31 51 20
26 18 34
24 12 8
26 17 21
11 15 17
12 39 33
20 24 13
7 35 37
20 50 32
14 12 31
16 52 27
35 25 33
30 20 30
25 11 14
31 21 27
24 41 3
27 2 39
33 19 5
27 11 18
8 10 23
34 61 29
17 23 25
2 4 28
13 52 33
16 39 5
20 34 16
19 12 13
3 37 2
1 43 29
6 11 24
28 34 38
36 54 26
1 27 31
31 32 14
10 19 10
13 21 2
29 1 4
11 9 38
27 5 38
8 11 31
10 29 10
8 11 22
32 48 25
36 26 21
33 51 11
33 4 21
20 29 25
27 15 27
5 45 16
29 31 21
30 36 9
20 51 34
26 10 18
34 16 25
10 39 18
17 51 9
23 20 31
19 41 26
7 9 9
2 8 1
35 10 29
10 36 40
31 35 28
10 56 39
10 54 7
30 42 18
16 6 18
28 54 2
3 5 35
29 18 29
24 43 5
7 61 6
2 6 33
35 12 15
28 26 29
17 11 5
9 36 4
21 60 27
2 28 36
4 20 40
7 46 35
26 11 28
14 24 37
35 22 26
12 15 28
34 22 38
6 1 37
38 60 22
14 36 38
36 8 11
15 8 5
22 34 4
32 26 8
38 48 14
13 53 12
12 10 8
15 40 28
36 61 18
31 47 37
35 56 13
11 45 26
33 26 18
23 49 8
21 48 14
22 22 40
15 36 12
26 40 36
28 28 27
19 50 31
26 40 2
24 61 2
21 32 10
11 9 38
13 50 35
31 48 25
22 4 11
7 11 30
21 15 18
23 44 35
35 46 34
5 30 30
9 22 9
34 43 1
2 51 34
4 8 5
28 13 39
7 46 8
15 57 34
37 45 16
35 2 13
21 30 21
9 3 21
21 27 23
21 20 9
36 18 28
25 42 30
9 60 20
12 50 10
5 17 28
5 19 15
13 49 26
14 58 18
22 23 35
9 24 20
2 54 2
9 20 9
35 60 7
25 41 40
12 32 4
22 24 32
8 36 9
26 59 29
38 15 13
10 14 9
13 38 38
7 55 12
37 6 4
35 15 13
36 1 17
21 24 37
37 49 31
38 38 23
3 45 27
1 54 37
4 10 37
17 61 4
12 32 36
21 6 10
34 13 20
26 59 10
10 47 38
32 13 19
6 28 19
1 19 27
20 41 36
29 1 12
22 41 17
16 30 14
19 11 21
22 19 15
29 35 3
30 34 38
12 18 5
33 19 15
1 22 21
13 17 28
24 3 9
18 25 23
32 36 30
29 22 38
30 61 25
11 49 7
34 37 21
14 55 14
8 1 11
13 36 1
2 60 7
32 34 11
8 31 34
38 39 24
27 37 6
19 45 32
35 8 22
6 34 22
30 16 14
28 36 6
28 31 2
18 54 15
12 1 27
23 36 2
5 52 17
15 43 31
13 23 14
24 17 9
1 21 28
28 58 24
29 57 8
22 20 28
21 8 32
3 54 20
28 50 10
15 33 30
19 45 23
20 55 15
4 44 17
31 34 35
28 38 5
8 53 35
30 52 12
5 31 26
31 30 18
25 30 9
11 58 13
27 26 29
28 9 19
32 20 32
20 23 39
37 5 26
27 45 31
7 1 31
38 30 3
18 22 17
5 11 11
23 46 37
13 20 6
8 51 15
34 11 32
3 27 8
1 16 20
22 6 17
20 54 3
33 61 32
35 46 4
37 55 21
23 30 26
29 47 6
17 23 23
26 26 5
37 51 13
32 1 9
13 47 20
10 7 30
5 47 36
30 57 8
5 35 25
16 27 37
28 48 10
34 1 30
23 4 35
9 43 22
6 41 7
29 13 5
30 19 24
38 12 39
1 55 14
5 16 1
28 50 12
20 15 4
15 39 38
18 59 24
32 47 23
6 16 26
33 10 32
23 9 11
33 6 5
10 38 21
38 25 33
24 41 33
1 41 31
36 18 23
25 17 3
15 20 9
6 1 36
21 14 22
5 38 19
32 4 21
8 44 25
18 48 29
1 55 17
12 53 5
21 18 10
17 38 4
4 19 22
16 49 12
28 5 36
19 33 10
33 11 3
20 56 36
20 12 33
31 38 23
1 35 33
20 39 30
32 2 13
18 41 25
36 3 13
25 17 16
17 35 31
14 3 26
23 32 26
19 24 27
14 1 14
24 59 20
7 34 31
27 44 11
8 46 31
31 8 39
22 41 14
20 59 27
34 26 18
38 2 13
28 9 20
17 18 3
4 40 31
5 61 5
7 3 4
36 22 3
24 54 24
17 37 22
7 59 33
16 38 20
12 57 22
10 45 22
14 46 27
23 14 10
29 13 28
17 51 4
35 21 1
25 56 2
10 24 31
26 6 23
19 61 29
16 36 12
24 47 37
21 30 10
37 4 8
17 40 1
1 56 34
24 50 13
23 24 32
4 52 7
7 21 17
19 20 17
9 13 37
10 36 18
10 29 32
5 59 29
15 23 38
11 54 13
30 36 38
35 14 40
38 28 26
15 55 24
9 9 8
37 55 15
25 2 6
27 4 27
4 35 39
8 43 29
21 27 1
22 36 21
17 8 29
7 59 7
2 32 12
16 41 16
14 9 30
4 50 40
4 14 1
18 12 35
13 14 34
35 26 6
35 53 25
33 43 31
34 7 7
38 54 8
26 11 19
5 50 25
19 15 30
18 56 22
34 8 16
14 7 9
11 21 22
37 9 29
37 51 25
29 45 31
4 13 21
5 3 20
16 47 17
25 13 8
10 27 17
3 36 21
12 20 6
4 16 36
21 35 11
37 56 16
18 5 2
34 40 23
7 27 3
20 34 21
13 45 29
19 29 15
31 30 18
28 60 8
3 54 37
34 1 25
22 45 33
24 29 23
28 18 33
24 5 9
17 12 33
17 6 3
6 43 16
8 9 37
22 26 20
21 20 18
5 16 2
1 33 22
24 51 36
16 61 4
15 26 17
13 53 23
31 16 6
22 30 36
28 58 7
5 16 21
27 8 15
35 34 7
25 55 13
12 25 26
34 25 37
8 61 15
6 18 16
31 17 8
37 17 13
14 19 33
2 6 34
5 50 31
6 26 22
6 24 22
15 52 18
32 56 18
23 17 34
2 17 7
15 44 9
8 17 10
1 14 26
17 44 8
22 10 8
5 26 2
7 7 35
30 8 2
30 34 15
20 1 5
36 58 11
31 31 18
36 46 9
17 17 28
1 19 33
28 7 23
38 44 18
6 11 2
35 57 37
15 29 13
9 25 9
21 55 9
16 39 19
22 16 17
4 42 37
23 3 38
11 29 9
5 32 40
16 24 23
26 2 15
16 12 21
21 51 4
5 53 23
29 8 35
35 38 10
22 11 14
19 42 10
15 43 19
22 6 13
10 10 1
23 55 28
23 21 7
11 30 12
1 39 21
24 30 20
1 44 37
14 26 1
9 11 19
32 11 12
6 18 18
30 61 22
3 54 38
5 34 34
36 22 33
19 17 36
9 12 14
30 5 18
35 60 21
23 34 26
38 42 26
27 9 26
23 12 24
22 56 29
14 1 18
4 56 33
1 58 21
28 27 28
22 37 36
19 29 12
15 38 10
10 27 22
9 16 40
21 48 39
32 28 28
35 53 30
19 44 29
3 17 13
3 17 39
8 42 2
29 33 5
33 34 10
27 4 31
38 47 27
8 29 21
3 34 12
35 40 21
31 49 15
5 41 34
11 58 5
2 4 31
18 12 22
23 22 6
1 42 34
21 29 8
24 11 11
9 27 26
16 11 14
3 14 24
20 21 24
19 23 39
4 41 38
7 26 8
22 23 32
33 23 34
27 50 10
28 11 7
26 4 1
22 46 27
20 58 7
29 47 20
29 24 35
1 21 9
36 49 9
24 10 16
4 6 1
38 58 7
13 11 32
2 35 32
14 23 22
36 25 16
38 33 1
15 61 14
31 28 9
34 23 26
35 58 36
2 40 37
25 31 31
20 56 18
33 1 18
8 38 39
25 49 7
34 5 22
21 8 31
32 34 39
18 56 2
29 48 13
36 49 27
22 22 27
25 33 22
3 17 8
28 31 13
33 8 34
22 32 3
37 32 3
1 40 4
2 59 18
1 11 16
24 45 12
18 1 11
23 22 6
30 27 16
25 31 12
13 13 30
36 59 4
11 2 15
35 12 18
5 20 9
28 57 19
19 16 34
37 26 36
25 43 10
16 57 4
30 25 30
5 22 22
33 59 13
5 13 32
12 16 34
35 1 7
10 50 8
17 40 11
34 44 7
31 12 22
34 6 19
36 49 3
2 27 15
9 26 7
18 13 13
24 19 29
26 24 27
9 32 4
1 37 28
34 4 19
28 55 28
5 53 16
32 11 36
34 10 1
25 23 35
1 11 36
33 9 11
33 55 11
34 5 17
13 22 13
8 33 39
16 34 8
2 26 25
30 12 40
5 16 9
22 3 17
3 35 28
34 50 24
21 43 28
13 48 27
22 58 30
18 48 2
28 58 26
22 19 6
17 58 36
17 43 34
21 34 31
1 30 14
31 37 10
33 9 25
17 52 38
34 45 29
28 25 38
28 59 7
15 33 29
12 40 20
20 13 12
11 16 31
24 22 2
16 43 11
4 28 24
32 9 32
14 10 17
20 61 38
20 39 4
22 13 27
38 7 25
24 14 15
21 54 15
11 36 37
15 41 10
18 54 3
6 33 3
29 50 37
31 42 21
33 2 24
37 31 15
1 27 13
9 48 33
25 32 8
1 29 37
3 31 31
12 35 34
4 11 25
5 56 19
25 48 40
35 37 40
10 20 33
3 18 9
11 47 21
7 28 39
7 28 9
29 44 13
8 57 28
24 10 27
5 51 11
37 17 32
11 29 31
21 49 31
4 40 15
6 16 32
14 57 21
18 15 28
1 13 12
34 11 40
25 12 14
4 61 33
14 17 8
16 49 23
11 37 33
3 12 33
18 32 10
6 11 24
21 1 31
26 26 14
27 48 33
11 32 29
3 60 30
6 23 13
38 17 36
16 23 3
4 34 2
28 43 40
5 2 40
33 7 31
20 41 24
38 58 7
6 43 13
27 26 12
5 21 37
7 24 40
2 29 4
26 24 36
3 29 37
31 21 18
35 61 6
29 31 32
1 37 29
36 18 3
36 40 3
21 29 13
21 41 9
24 48 22
13 30 8
33 21 26
33 2 31
26 2 5
32 41 10
8 36 37
26 26 21
26 21 17
18 14 14
30 27 7
15 23 30
20 31 37
7 54 10
2 11 23
1 18 12
25 46 35
38 44 35
35 33 34
9 41 21
4 25 32
24 53 6
16 6 36
5 58 14
24 49 21
5 45 1
10 58 33
20 31 16
3 55 19
10 35 37
13 9 14
28 30 27
32 56 11
17 19 21
19 10 12
32 47 30
25 20 14
8 5 29
3 60 37
22 51 31
9 32 38
5 26 25
12 10 34
38 31 23
14 9 37
2 21 14
10 25 26
10 22 12
11 5 31
20 3 33
3 13 22
15 15 7
26 51 9
15 3 9
21 29 30
21 37 10
6 55 35
32 26 35
32 54 14
24 27 14
38 20 6
7 8 23
32 42 26
2 29 25
33 22 28
36 55 22
2 54 13
31 15 27
2 12 26
2 60 29
19 45 10
15 48 21
15 46 12
36 38 25
36 42 5
24 36 23
30 44 20
19 2 22
17 12 37
13 46 11
10 14 27
16 47 5
25 13 23
5 26 21
13 25 23
26 28 26
29 57 38
11 39 13
36 23 37
12 22 9
17 59 31
38 28 14
20 47 29
24 7 31
34 43 39
2 59 40
1 25 18
36 48 39
25 27 38
13 40 33
37 20 18
4 58 22
18 51 21
14 56 37
10 11 34
24 24 15
18 37 13
30 47 23
8 18 19
23 32 13
24 52 30
29 44 2
16 11 6
30 60 25
1 52 33
1 9 7
24 7 11
21 22 40
4 48 14
6 13 29
7 31 14
24 1 24
4 45 37
1 53 10
29 1 32
23 24 8
22 23 29
31 57 32
5 29 23
28 43 21
4 22 5
4 58 20
35 25 19
4 21 25
3 18 40
8 22 5
22 5 15
7 37 2
38 7 7
2 3 4
14 22 13
24 18 4
10 5 2
5 7 27
34 38 31
36 8 25
31 27 27
6 2 3
15 53 2
20 34 8
5 52 24
3 23 12
20 34 8
33 10 4
6 30 29
30 16 24
2 27 7
21 24 28
14 24 35
18 49 27
36 43 23
7 43 35
23 58 39
1 33 35
20 23 21
10 40 4
7 29 18
24 29 8
4 51 31
23 19 7
24 38 2
18 54 24
3 32 33
32 61 4
29 39 6
12 59 30
10 25 25
20 40 11
7 11 3
35 50 37
14 36 10
38 22 26
8 26 15
17 33 18
35 24 7
20 22 15
16 24 2
1 45 15
17 23 32
30 1 37
1 13 13
1 39 2
34 58 13
19 19 35
38 47 16
29 27 6
32 11 18
9 8 30
14 43 11
23 49 22
4 19 35
1 44 10
11 24 17
12 8 38
9 26 35
22 48 22
9 8 25
33 17 2
33 2 2
29 45 18
26 6 35
4 6 2
37 26 23
23 57 27
7 35 15
32 57 39
35 28 3
4 32 25
27 47 37
22 21 8
8 37 19
17 40 2
13 40 16
9 34 13
7 4 23
5 59 38
2 13 3
10 33 38
26 33 20
4 41 37
7 4 33
24 17 17
7 17 30
32 30 15
33 32 26
3 2 3
1 58 21
35 6 4
27 16 23
23 56 16
20 32 25
6 34 31
7 27 16
2 13 11
15 14 37
1 44 13
10 26 40
38 34 9
1 50 32
3 57 4
25 53 35
34 57 23
31 11 16
13 31 31
21 38 27
34 21 11
38 19 22
2 51 31
37 30 25
27 8 39
14 9 30
34 60 4
27 29 40
7 42 27
16 16 3
13 16 9
29 16 1
25 43 37
15 41 14
4 34 13
8 7 32
19 3 31
16 33 16
7 29 1
37 10 10
14 23 12
30 23 23
38 14 11
2 1 34
36 10 22
14 43 10
36 21 24
27 32 18
33 2 19
31 35 6
16 11 27
16 6 39
17 23 35
37 5 31
2 44 11
13 46 7
28 47 31
22 60 1
3 55 9
9 3 5
28 23 32
23 33 32
13 30 20
10 25 39
31 43 29
26 29 2
24 11 35
20 53 28
29 34 26
5 43 15
19 49 21
14 47 15
19 13 8
33 39 22
17 4 5
37 10 3
19 41 40
31 2 27
24 23 18
15 25 13
4 9 7
17 55 39
9 29 25
16 26 30
21 45 10
38 55 8
24 18 31
4 35 34
27 17 4
17 1 31
15 5 33
9 38 3
22 14 13
32 28 5
12 27 7
29 4 23
36 53 13
31 34 9
13 51 17
31 42 5
12 51 24
3 14 13
4 30 6
13 17 15
35 21 7
25 35 12
1 10 29
35 42 1
33 43 7
37 26 10
9 16 21
33 22 9
37 17 14
2 28 7
30 28 30
38 51 18
9 40 36
9 34 23
31 39 14
38 34 34
19 4 4
8 60 14
4 51 34
27 38 22
12 50 10
14 55 25
25 30 17
23 41 14
35 30 1
12 37 22
32 55 8
33 50 16
13 52 7
8 41 26
4 22 9
20 39 6
14 23 20
23 56 23
32 16 1
3 54 15
25 28 16
26 16 32
29 41 30
23 57 17
19 34 14
38 41 34
18 51 11
19 11 19
38 8 10
13 43 4
16 52 29
3 20 28
11 44 2
22 35 27
9 19 9
20 7 28
14 58 35
25 8 29
3 40 21
27 10 9
19 38 17
35 14 3
8 16 21
8 61 38
4 21 2
30 8 31
16 21 40
14 10 24
12 2 37
30 26 22
18 44 40
37 12 12
1 46 11
33 11 1
14 56 25
21 19 14
38 24 35
29 60 33
20 28 37
34 61 6
19 49 10
37 29 9
20 10 39
21 37 19
30 46 11
32 49 35
7 51 11
11 10 1
29 19 37
25 48 13
19 24 6
5 31 33
24 45 28
8 36 28
34 26 34
31 5 34
8 25 11
21 32 20
34 12 40
25 23 32
31 38 2
18 47 12
7 30 35
38 11 35
6 24 6
8 41 22
28 21 5
13 27 16
9 33 27
11 20 36
16 7 14
1 44 40
3 9 20
21 28 33
1 1 35
35 45 31
27 40 5
37 38 12
24 34 27
11 22 17
8 29 28
17 12 34
38 39 35
33 24 37
10 35 1
24 27 10
35 3 33
32 59 27
34 17 39
5 13 33
23 15 1
4 4 8
19 42 10
36 52 14
14 25 21
35 42 37
32 45 8
21 60 31
25 3 33
29 18 9
30 46 30
24 33 13
29 45 2
3 14 11
38 54 15
12 59 21
33 40 9
10 17 17
8 15 25
3 47 36
24 19 21
26 43 24
15 3 30
1 53 8
5 6 35
9 18 12
9 18 9
28 16 11
8 36 29
23 43 33
25 16 8
24 51 36
19 34 6
20 35 14
36 58 19
18 20 27
10 39 12
27 23 35
23 33 20
12 19 15
1 45 12
21 35 39
23 24 21
26 17 17
11 35 12
8 37 31
20 33 23
19 30 13
34 50 27
29 59 32
2 13 34
35 57 27
37 50 25
4 41 23
24 12 23
12 16 19
13 46 40
37 36 27
21 46 34
23 39 25
14 16 6
3 56 32
4 8 40
21 21 13
3 16 40
32 18 25
1 30 28
26 17 29
4 29 37
29 21 3
26 3 23
3 11 24
33 54 27
20 31 38
34 33 26
15 5 25
7 50 16
19 8 37
15 28 33
34 23 20
25 42 20
28 53 11
19 53 1
3 7 19
29 60 7
12 29 24
20 20 31
22 53 14
32 42 38
7 9 37
34 15 8
26 3 36
22 14 32
9 23 37
7 33 31
36 30 23
27 11 14
23 35 10
33 11 15
38 16 38
6 22 30
8 7 10
22 18 34
25 8 19
30 12 25
28 1 21
6 6 24
5 35 26
25 28 13
3 35 38
30 50 36
22 49 27
31 9 36
18 48 33
38 19 21
34 16 38
12 35 22
8 45 11
5 1 9
37 28 11
21 9 33
38 60 28
8 14 40
22 46 13
27 1 33
38 59 10
16 52 37
26 15 30
28 37 36
30 38 29
30 19 8
22 33 16
10 6 7
22 51 6
30 45 33
8 34 12
23 13 14
36 61 12
23 25 34
7 11 1
24 17 17
25 42 20
1 11 32
36 4 8
11 13 15
30 60 4
23 35 13
36 6 37
9 4 15
3 15 33
11 18 29
10 39 19
16 44 34
34 20 4
31 36 37
18 59 32
32 16 2
