39 7 456 2619
4752 706 1237 4034 3219 2578 808 
3201 4187 4494 1836 3214 3190 343 
1758 973 3195 71 794 635 2027 
3294 383 4752 1540 3849 1484 1270 
3703 223 318 4137 262 4428 1418 
3391 1126 3832 1376 3712 999 1564 
1295 2685 2642 4087 4323 1375 15 
2021 4406 4691 3291 4375 2148 1220 
1060 2714 226 4003 1510 2418 3726 
2872 3824 2585 716 2593 1520 4580 
4660 3510 4385 2586 3117 3678 1623 
1665 2643 1040 1137 3338 4120 2018 
4211 2173 3998 2796 965 1501 439 
2622 1159 4591 3565 1286 2001 1783 
219 3015 2244 2210 4644 2200 4062 
3952 2350 2859 3935 2509 4838 61 
1080 3850 4892 3067 2920 247 2226 
3876 4157 4512 2100 1833 3177 1448 
4064 821 3010 440 4324 1167 912 
674 1819 1973 185 2181 3534 4422 
1510 1416 53 1756 3763 3020 4455 
1231 1370 4058 1727 2489 2681 1486 
2456 1209 1038 4688 698 1834 3942 
3513 1206 2583 4537 251 4009 3877 
1494 2825 2688 3652 265 1690 17 
3120 2585 3036 1342 4484 3323 4003 
293 4531 3436 4068 682 1418 281 
613 299 2005 3303 4144 3298 2623 
1187 3242 3926 423 185 1197 4837 
1114 3099 316 3429 1206 925 3315 
4141 4553 3776 3763 3523 4727 1216 
204 3763 1875 4564 2064 3210 885 
80 837 806 2803 1472 1278 2045 
3694 1909 3528 3551 3364 3902 3753 
768 729 4478 1145 2762 1213 4102 
881 1770 3112 1964 2854 4195 4515 
2945 3574 1354 758 3836 1154 4648 
3858 2848 3066 1309 1206 3098 346 
914 391 2396 857 4824 3291 102 
26 5 27
30 3 18
24 4 16
23 5 21
11 3 32
15 3 20
1 5 38
24 2 32
37 5 26
5 1 34
21 5 40
27 2 33
4 4 11
37 1 39
32 4 4
30 1 12
11 4 32
14 5 34
5 3 32
33 4 5
24 1 11
11 3 30
12 1 6
37 3 18
1 4 3
30 2 31
2 4 36
28 5 14
9 1 30
1 5 33
1 4 39
36 3 22
17 1 31
4 3 37
5 5 17
35 3 34
21 5 34
37 4 9
18 4 10
4 2 37
7 5 37
24 1 22
7 3 24
15 5 27
37 1 40
24 3 36
27 2 14
27 2 14
27 4 22
36 5 24
37 2 39
32 1 11
34 3 5
5 3 28
29 4 2
1 2 19
6 4 5
32 1 3
27 5 12
30 3 22
19 3 29
6 5 15
27 1 12
19 4 10
13 1 23
16 3 9
21 2 13
34 2 16
4 2 27
23 1 29
23 1 40
19 4 32
30 1 38
14 1 25
11 2 27
37 5 22
7 2 34
26 2 15
25 3 5
24 2 26
22 5 33
26 4 22
24 5 11
35 5 16
20 1 38
24 1 19
28 3 6
1 3 37
20 3 1
16 4 30
17 2 10
10 2 32
31 2 34
30 2 29
15 2 15
19 4 37
35 5 12
18 2 7
12 1 15
37 2 16
10 1 30
19 3 8
25 3 12
30 5 16
11 2 4
30 3 15
17 4 35
2 2 28
17 3 34
19 2 39
37 3 36
19 5 11
31 2 11
22 2 20
2 2 35
30 3 1
35 2 6
30 2 28
2 1 27
31 3 28
34 3 27
6 5 7
6 1 23
33 5 3
8 4 22
13 5 10
24 3 9
24 5 28
19 3 35
31 2 1
11 2 23
21 2 35
24 5 32
9 5 17
8 3 32
30 3 32
12 2 19
31 1 39
24 5 23
27 2 2
3 3 25
28 3 11
18 1 30
36 4 2
11 2 22
31 1 3
1 4 29
19 1 31
2 5 35
23 5 18
28 2 3
27 3 6
27 5 26
4 5 17
2 5 33
29 3 12
18 5 2
28 2 20
1 3 18
9 4 32
32 3 35
10 4 4
30 4 1
26 2 1
24 4 6
26 2 13
3 4 16
34 2 29
36 4 5
26 1 34
7 2 18
7 2 13
28 5 38
29 1 7
26 5 18
34 2 5
9 1 1
27 2 5
24 1 17
30 3 11
7 3 36
10 3 22
15 4 22
16 4 17
32 3 10
23 1 10
7 2 29
22 2 35
24 2 14
29 5 15
36 2 39
4 5 27
16 4 34
12 1 36
20 3 11
36 5 26
6 1 40
32 2 38
15 1 23
30 1 24
9 4 33
18 2 21
3 3 10
14 3 17
18 5 19
20 1 21
18 4 4
34 3 23
1 1 24
28 2 9
29 2 9
23 3 9
21 5 25
32 5 38
5 2 36
21 2 39
24 2 24
4 1 27
16 1 15
30 1 32
19 4 31
11 3 11
33 5 6
31 3 13
17 2 38
6 3 1
32 1 11
22 5 36
21 2 11
6 3 16
6 5 26
21 3 25
15 2 32
24 3 21
25 5 37
36 1 38
34 5 32
19 1 6
23 4 27
9 1 21
1 4 1
9 1 20
5 5 26
32 3 30
26 2 17
8 2 19
18 3 18
16 2 14
6 3 12
23 2 13
29 5 5
13 5 30
29 5 20
37 4 25
17 1 4
13 2 39
28 3 24
21 2 35
10 4 6
33 5 15
32 2 18
31 1 8
30 4 21
32 3 7
5 1 35
37 5 28
16 5 36
20 2 39
35 3 25
4 2 33
32 4 4
33 1 10
32 1 9
31 5 26
9 3 35
16 3 5
19 3 9
1 1 33
29 1 15
29 5 9
24 4 1
1 2 23
25 2 15
12 5 19
34 2 17
13 3 30
12 5 14
20 2 33
11 4 26
13 4 4
9 2 24
34 1 10
9 5 36
29 3 39
8 3 23
23 4 23
17 4 34
31 4 25
36 1 26
2 1 9
13 4 16
4 3 35
7 5 16
35 1 27
27 2 1
23 5 12
36 2 29
18 5 27
6 5 16
2 5 28
25 1 11
7 2 28
12 4 23
2 2 19
28 3 34
11 4 28
30 2 18
25 5 30
33 1 25
14 4 10
18 4 23
33 5 26
5 2 17
13 4 37
27 2 8
16 2 7
30 1 32
30 4 34
10 5 4
7 3 17
17 2 19
24 1 11
36 5 1
19 2 23
10 5 12
9 1 6
7 2 40
7 2 22
4 3 32
36 1 29
20 4 29
36 1 14
37 4 37
8 2 35
12 1 5
2 5 7
32 3 40
13 3 34
10 3 30
23 2 36
18 1 38
2 1 2
11 5 6
33 2 37
23 3 4
22 4 25
10 5 38
37 1 8
37 1 10
16 2 2
29 5 17
24 1 29
5 3 25
17 1 10
32 4 34
19 2 12
5 4 30
9 2 16
4 5 29
4 5 29
7 5 32
15 2 9
31 5 31
35 2 6
25 3 10
16 4 20
37 1 26
17 5 21
5 5 26
36 2 13
37 2 16
31 1 6
24 3 1
18 2 8
36 3 4
19 4 9
37 5 38
9 1 22
27 4 25
1 1 31
31 5 22
34 5 20
22 3 7
3 1 34
8 2 22
32 3 20
34 4 39
33 1 20
9 3 40
1 2 30
28 2 5
28 4 20
29 3 9
32 2 6
13 1 22
37 5 31
6 2 27
36 5 10
15 1 26
6 5 2
21 4 40
25 5 40
29 5 14
31 3 33
31 1 29
6 2 20
26 4 9
25 1 16
5 4 12
25 1 2
22 3 34
37 2 17
1 4 3
22 4 26
25 1 22
31 4 16
33 4 20
2 1 32
21 5 28
17 3 5
26 1 36
33 1 24
12 1 10
37 4 4
28 4 4
10 4 23
23 4 7
6 5 7
31 3 27
2 1 30
1 2 10
12 1 34
24 5 33
5 3 35
27 1 22
5 4 28
5 5 5
36 4 33
30 5 29
24 4 31
12 5 1
1 4 5
21 1 34
15 3 20
35 1 31
19 2 33
28 1 12
5 5 40
25 5 13
22 2 22
33 1 17
33 4 13
27 3 6
27 4 4
21 3 1
25 2 39
37 3 12
35 4 27
27 5 3
6 3 8
37 5 17
5 5 12
29 2 10
14 4 8
12 2 33
21 4 38
7 4 10
30 1 11
21 1 15
20 2 16
37 1 26
31 2 14
27 4 11
10 2 11
19 2 3
35 5 40
7 4 35
20 1 18
2 4 21
25 2 5
37 1 20
17 1 19
31 1 19
27 4 15
13 5 10
37 1 10
27 5 23
29 4 23
9 5 30
13 5 9
34 2 11
8 2 9
27 2 39
29 3 25
14 4 33
9 3 40
8 5 15
12 5 22
15 1 29
37 4 11
9 1 8
27 4 21
33 3 32
32 2 8
27 3 17
22 2 15
28 4 12
35 5 6
8 1 15
24 2 19
37 3 32
20 2 23
2 5 22
11 4 13
31 3 21
26 3 28
19 2 11
33 5 1
31 2 26
15 4 13
9 1 7
5 3 2
16 2 40
10 2 8
10 2 20
19 4 32
21 1 2
35 1 30
2 4 17
23 5 27
30 3 8
32 3 20
5 2 16
12 1 9
35 4 27
33 3 9
29 4 19
4 5 1
19 1 25
6 4 35
6 2 36
16 1 2
19 5 20
11 5 32
29 3 19
27 4 2
16 1 2
9 4 13
5 1 11
21 2 33
36 3 5
16 1 40
5 2 35
14 1 6
24 4 19
6 4 28
20 2 31
35 1 29
5 1 1
9 5 21
15 3 32
27 1 29
14 4 33
32 2 28
30 1 32
5 5 19
13 1 35
7 4 39
14 1 15
29 5 2
21 4 4
28 5 25
7 2 2
35 2 16
8 4 19
15 5 27
12 4 25
8 3 39
17 1 4
12 1 25
27 2 22
34 2 12
3 3 5
35 2 10
4 4 36
4 1 24
12 2 39
12 1 23
37 3 37
13 2 20
30 1 3
24 4 20
22 5 16
10 5 18
14 1 10
35 5 39
24 3 9
1 3 24
19 4 22
35 5 37
15 1 35
16 3 8
14 4 15
17 2 20
30 3 25
29 5 39
6 1 35
30 2 22
18 1 31
35 1 23
9 1 12
15 3 3
4 2 20
13 2 12
32 1 3
21 5 18
12 1 19
4 4 2
10 2 7
26 5 21
23 5 25
6 4 13
18 5 5
29 5 21
34 5 6
31 1 6
4 4 8
16 5 9
4 3 36
25 1 29
18 1 10
13 1 32
19 2 19
10 1 9
2 2 24
2 4 22
19 2 14
9 3 37
29 5 9
34 1 18
26 2 15
3 5 2
7 2 5
31 1 18
11 1 25
32 4 1
35 1 6
5 4 27
36 4 20
34 5 17
6 3 33
24 3 3
6 3 8
1 2 19
28 2 27
31 5 36
4 4 31
26 2 2
8 5 10
29 1 40
14 5 40
4 1 32
32 3 37
36 4 16
1 5 30
18 2 2
3 1 28
7 1 15
29 4 34
5 3 29
29 1 33
23 4 21
35 1 10
5 5 25
17 5 16
11 2 11
33 2 23
18 4 23
15 2 37
26 2 4
25 5 20
4 1 24
24 1 15
20 4 35
31 2 10
37 2 22
24 2 20
9 1 23
37 1 1
4 2 4
34 2 8
32 2 17
10 1 25
28 3 20
29 3 12
5 3 15
32 4 30
7 4 16
33 4 32
8 3 40
8 4 26
11 4 3
26 4 14
25 1 34
5 4 9
30 3 28
4 1 5
23 2 16
15 5 30
35 1 26
12 5 15
26 1 17
9 4 31
31 1 30
24 4 10
3 4 3
37 2 15
31 3 7
24 2 4
31 5 21
20 4 5
16 4 35
35 1 8
10 3 23
10 3 27
26 2 31
12 4 15
36 4 19
31 3 32
18 5 17
31 3 35
22 5 35
34 4 27
32 2 5
19 4 28
18 2 17
29 1 12
31 5 22
13 2 16
31 3 37
4 4 1
12 5 22
29 1 38
17 2 32
14 5 27
19 2 23
2 2 1
18 2 2
8 4 11
31 3 24
32 3 3
36 4 12
36 3 17
30 3 30
4 4 25
1 2 35
32 5 17
8 4 13
33 1 6
13 3 1
7 2 21
34 1 34
17 4 32
6 3 11
9 4 38
19 4 31
17 3 4
29 3 15
26 4 38
10 4 2
1 2 29
17 1 15
36 5 26
16 4 14
4 5 2
26 2 35
36 3 15
37 2 2
17 4 6
9 5 14
20 1 39
23 1 33
24 1 36
4 1 39
8 2 17
2 2 14
25 4 32
19 2 39
11 1 38
16 2 19
10 4 33
10 2 20
10 3 1
5 5 2
34 3 19
37 2 35
24 4 17
33 1 19
6 5 21
35 3 18
6 4 28
33 3 29
16 4 23
1 4 2
31 5 19
36 3 17
9 1 26
29 4 39
16 5 25
25 5 7
10 4 25
28 5 40
7 1 15
17 5 37
12 4 35
19 5 6
26 2 34
24 1 11
29 1 9
23 5 31
10 4 40
11 4 14
19 5 38
11 5 21
25 5 19
27 5 30
28 5 14
14 1 24
35 3 4
25 4 1
1 3 7
7 2 30
6 2 35
35 5 7
12 3 3
33 4 27
3 4 20
11 1 6
15 3 12
22 1 32
12 2 34
5 3 11
3 5 8
27 5 31
5 2 40
21 5 21
1 5 16
14 1 18
6 3 6
3 5 39
34 1 37
6 3 24
3 4 7
37 4 2
10 3 2
22 4 2
15 5 30
17 3 26
29 4 40
36 2 25
22 5 23
13 1 31
32 4 19
13 3 31
2 1 29
5 1 25
10 4 3
8 5 14
4 2 18
7 1 34
5 2 10
7 2 7
9 4 26
33 1 7
10 1 24
5 4 6
11 1 5
31 2 23
7 5 17
33 4 3
37 1 7
19 5 2
37 5 4
20 2 33
4 1 7
9 3 19
17 3 16
30 1 30
16 1 21
20 3 18
15 5 9
12 1 33
20 5 22
26 2 5
29 2 3
27 3 25
13 3 26
27 3 24
1 3 14
13 5 26
20 2 36
37 3 6
13 2 32
16 4 1
36 5 15
14 5 2
31 2 8
11 1 2
29 4 36
30 4 19
33 5 6
36 4 25
23 1 5
18 3 24
16 1 1
22 2 23
9 1 18
2 2 40
34 2 4
18 2 29
18 3 19
17 2 8
36 4 7
23 4 11
36 5 33
12 3 1
10 4 14
8 3 20
30 3 37
4 4 7
20 5 7
11 2 2
13 1 15
37 3 10
33 5 4
35 5 34
33 2 38
7 3 6
18 4 32
8 3 6
16 1 1
30 1 11
22 4 6
30 4 12
7 1 28
6 1 39
21 4 7
35 2 33
31 5 39
34 4 26
21 3 13
21 1 16
37 3 34
25 5 27
23 4 32
21 3 5
21 1 18
12 1 39
21 2 31
23 5 17
26 3 14
18 4 9
27 5 5
17 5 22
11 4 36
3 2 32
4 4 40
9 2 4
22 2 1
29 1 40
35 5 26
7 2 13
26 1 18
12 1 11
10 2 18
1 1 9
20 3 22
20 4 28
13 5 27
5 3 22
32 1 18
30 1 19
28 3 35
12 3 31
16 4 3
33 2 8
3 5 22
28 4 29
37 5 1
21 2 10
13 1 1
14 2 9
19 5 13
31 4 38
35 5 38
32 2 22
30 5 24
17 5 35
33 5 10
10 4 4
28 4 14
37 5 30
22 4 37
24 2 18
20 1 19
30 5 30
19 1 3
30 1 2
18 2 40
1 4 26
6 1 32
21 4 16
6 2 21
28 4 2
27 2 1
10 5 31
27 3 36
17 5 27
3 5 16
37 1 32
15 4 21
28 4 8
21 5 38
15 4 34
25 4 12
1 2 32
18 5 40
6 5 3
31 4 34
37 1 4
30 3 34
2 2 3
13 2 17
10 3 34
12 4 7
9 5 5
31 5 36
19 3 1
4 4 30
22 4 33
3 4 38
16 4 20
3 4 40
9 1 15
3 1 20
26 5 18
17 5 18
24 5 38
7 3 21
35 3 31
26 3 36
6 1 11
18 5 2
8 3 38
20 2 39
8 3 32
23 3 8
16 3 16
10 4 24
18 3 4
6 2 12
13 4 8
21 3 33
23 1 16
34 5 16
31 3 34
22 2 5
10 3 7
32 1 27
24 4 32
28 1 40
22 2 6
19 4 1
32 1 20
7 2 40
36 2 34
16 1 3
11 4 11
28 1 29
33 1 17
13 2 9
3 2 22
3 2 33
2 3 36
23 3 5
19 1 15
13 2 26
11 3 33
9 3 10
20 3 39
36 2 38
37 5 9
30 1 20
29 2 30
24 4 3
9 4 9
13 1 2
8 5 26
27 5 37
6 5 35
7 1 28
34 4 26
5 1 8
37 1 21
35 1 6
5 3 11
11 1 7
30 4 34
16 5 20
11 2 1
20 5 26
17 5 2
13 2 40
35 5 3
16 5 29
27 3 18
10 5 39
22 3 7
19 2 24
31 4 2
12 1 5
35 2 38
9 4 40
37 5 24
31 1 20
34 4 2
11 3 22
32 5 9
24 3 13
3 2 31
23 4 12
17 4 31
22 5 29
4 4 30
2 1 8
4 4 36
29 4 1
15 4 5
28 5 7
25 4 26
9 5 37
36 1 25
17 1 7
33 4 35
14 2 24
11 2 19
11 2 36
34 5 40
22 4 8
3 2 13
29 3 24
16 5 2
15 4 7
20 2 25
10 2 33
10 1 39
13 3 35
31 5 19
26 4 29
28 3 29
5 1 35
6 5 3
19 3 8
28 2 27
15 3 29
2 4 2
36 5 1
36 5 28
1 2 10
36 3 19
30 3 33
11 1 17
14 5 37
32 1 19
20 5 17
7 5 31
18 2 33
6 2 11
32 3 26
28 1 23
20 2 31
29 1 30
12 1 35
15 3 20
36 4 39
37 4 16
21 2 4
20 3 10
22 2 38
19 1 33
14 1 8
19 3 37
32 5 39
24 5 24
4 3 26
7 5 29
6 1 18
30 5 18
31 3 32
35 5 29
4 5 17
11 5 20
27 4 14
13 1 15
29 4 16
29 4 11
19 4 39
14 3 16
21 3 37
36 2 31
34 2 30
29 1 36
32 1 6
21 1 9
2 3 32
1 4 32
22 5 11
18 4 39
35 5 33
12 4 39
22 4 11
18 4 6
35 1 26
8 1 18
5 2 23
22 4 25
32 5 31
1 1 2
7 1 3
1 4 15
35 4 3
34 4 29
27 2 24
16 1 3
27 1 23
35 1 36
28 5 28
4 4 25
32 3 17
8 2 15
25 3 18
15 3 38
19 3 1
6 5 23
21 2 24
15 4 22
10 5 28
9 2 4
24 5 34
20 5 40
31 3 18
34 5 14
31 4 11
19 3 28
36 3 1
33 4 9
22 1 32
29 1 9
24 5 8
16 1 12
32 2 17
28 4 23
13 3 9
14 4 35
5 2 39
21 5 3
23 1 32
7 3 11
15 2 35
4 1 19
21 2 7
15 5 28
17 3 6
1 3 12
19 2 19
4 1 13
24 2 37
22 5 38
21 2 39
21 1 24
4 2 39
16 1 35
33 1 40
27 3 12
9 4 11
33 2 5
10 1 38
9 5 22
5 4 17
24 4 30
20 1 19
23 2 28
29 1 3
10 1 7
7 5 9
3 3 27
19 3 30
31 5 27
8 5 19
6 2 9
8 4 12
34 2 2
29 3 18
31 3 17
36 5 14
30 1 11
29 5 11
24 4 27
35 5 17
15 2 30
33 4 16
5 2 37
22 4 39
19 2 32
23 1 27
30 5 37
12 2 29
28 4 37
7 1 13
18 1 9
18 2 34
25 5 31
34 2 5
8 4 9
12 5 39
9 1 36
22 2 27
26 3 5
28 5 21
18 4 7
21 4 19
37 5 4
36 1 24
12 1 34
2 4 25
6 4 25
28 4 13
2 4 23
2 2 19
24 4 29
12 4 38
32 3 8
37 2 36
5 3 39
27 5 38
35 4 2
19 4 25
21 3 6
32 1 25
24 1 11
15 5 17
24 2 12
26 1 7
30 1 8
34 3 22
30 1 3
17 3 11
10 1 27
20 4 38
31 1 1
13 5 18
4 1 32
24 2 18
17 5 3
30 2 26
4 5 7
16 1 32
24 3 20
34 3 5
21 1 6
34 2 17
36 3 7
6 4 13
27 5 34
35 4 8
17 2 35
25 5 34
25 2 27
10 4 35
33 1 21
15 1 11
18 4 37
32 5 33
37 1 33
7 3 26
10 2 26
29 3 16
34 3 17
31 1 7
17 3 17
8 4 28
13 2 24
23 2 5
10 4 2
11 1 19
16 3 29
19 3 35
21 3 22
9 1 22
6 4 35
32 4 21
37 3 1
33 1 39
35 2 34
33 4 1
33 2 30
6 2 4
19 5 8
1 4 36
23 3 9
16 4 30
18 4 22
17 3 11
21 4 18
33 4 3
25 5 33
28 5 7
22 2 4
37 4 8
33 4 11
36 5 16
13 3 40
18 3 25
29 3 15
7 1 21
15 5 1
15 3 34
35 3 29
11 5 1
5 4 26
27 3 37
24 2 34
34 4 13
22 3 23
2 5 21
5 4 2
2 4 6
34 5 7
14 5 29
18 2 19
31 1 2
7 4 32
1 5 8
8 5 36
22 1 25
37 4 26
26 1 6
26 2 27
36 3 12
34 2 33
6 2 4
18 4 31
33 2 25
6 3 25
22 5 19
9 4 15
23 4 40
29 5 7
8 3 17
9 5 38
18 4 34
17 5 18
8 5 35
20 3 30
13 1 32
36 3 5
24 4 21
11 4 25
14 1 18
30 4 25
4 1 6
19 4 37
35 2 32
33 5 17
26 2 27
3 1 7
36 1 13
12 4 17
2 2 22
5 5 27
34 5 10
15 3 14
15 1 1
11 4 26
35 4 13
8 4 13
8 4 7
6 2 11
16 3 39
36 2 11
1 1 33
13 2 26
27 2 9
25 1 19
14 5 28
23 5 11
27 1 20
12 3 27
5 1 7
22 5 32
9 3 31
2 4 34
9 3 13
21 3 19
22 5 11
15 4 25
35 5 6
8 3 29
2 5 1
13 1 26
6 1 14
20 2 32
37 2 14
5 5 3
37 2 38
24 2 33
28 3 28
21 5 29
25 4 18
33 4 10
9 2 16
10 2 21
5 1 6
19 4 6
12 4 22
31 3 18
30 2 35
5 4 36
13 5 8
32 4 33
10 3 15
4 5 30
14 5 32
37 5 16
35 1 7
3 4 39
7 4 23
28 1 6
22 5 15
4 5 35
24 2 40
9 1 16
36 2 27
26 2 29
4 1 26
3 4 27
7 5 21
30 3 21
20 4 2
34 2 6
19 3 17
32 3 29
13 5 35
26 2 2
37 4 34
13 2 14
32 5 12
22 3 8
31 4 4
4 4 26
1 2 7
13 1 5
30 4 38
20 1 1
26 4 34
12 5 6
28 4 32
12 2 28
18 3 12
25 5 9
29 5 12
6 1 11
2 3 15
1 3 18
17 2 13
18 4 10
37 1 31
12 2 7
10 2 33
5 1 15
27 1 11
32 5 33
4 4 28
25 3 20
9 5 27
37 4 26
19 3 35
30 2 1
1 4 35
14 3 26
21 2 21
32 1 37
4 3 28
5 3 21
36 3 3
6 3 20
21 1 3
33 3 14
36 3 14
22 4 2
28 1 13
18 3 26
25 1 38
20 3 23
22 4 25
37 4 40
17 5 32
5 3 29
33 2 4
26 1 38
36 2 20
32 4 39
26 1 26
12 1 21
30 1 23
29 4 5
25 3 14
37 4 24
30 1 6
28 1 38
26 4 27
17 3 11
10 2 19
33 5 31
27 3 32
7 1 7
20 3 37
2 5 13
5 1 35
29 1 28
8 4 25
35 1 25
21 1 37
33 1 21
3 2 19
6 2 11
13 2 7
28 5 25
19 5 13
23 1 38
19 3 1
17 5 5
36 5 4
32 5 17
31 3 34
5 1 9
3 4 20
2 1 20
32 2 9
5 1 1
6 1 39
18 4 16
15 3 20
19 5 23
30 1 40
31 5 9
15 5 8
21 1 16
5 5 31
24 3 16
1 2 21
22 1 30
17 1 15
2 4 15
14 3 3
12 4 2
27 1 9
36 2 36
6 2 21
10 4 23
1 5 15
16 1 6
1 5 28
12 3 12
30 4 24
27 1 21
29 4 10
2 2 10
2 4 31
37 4 33
34 5 21
14 3 6
37 3 8
27 1 40
31 4 3
12 2 3
20 2 6
36 5 2
23 2 27
37 4 1
19 5 3
12 1 34
14 2 5
1 2 26
36 1 22
13 4 9
30 1 40
11 4 19
5 4 18
20 4 18
30 2 15
8 4 5
32 3 13
16 2 15
22 2 34
30 1 14
37 4 11
8 2 29
4 3 17
33 4 20
10 3 26
28 3 22
19 2 16
11 1 7
17 4 8
30 5 29
28 2 37
33 4 13
16 2 4
23 4 26
2 1 18
32 4 28
16 3 36
20 5 37
31 4 29
24 1 40
30 1 37
12 4 24
34 4 38
7 5 25
25 4 39
29 4 38
20 1 5
23 2 17
31 1 15
4 2 36
33 4 37
25 2 21
9 4 30
26 5 33
35 1 40
37 3 2
26 4 18
36 5 37
35 3 21
11 3 5
36 4 11
37 3 6
2 5 19
18 4 11
7 1 34
1 5 10
26 1 1
9 1 37
20 3 30
34 5 3
3 3 28
36 2 39
14 4 40
13 5 25
27 3 12
8 4 11
31 1 12
1 4 17
28 4 22
26 5 16
29 3 27
1 3 7
4 1 18
27 3 38
7 5 14
7 3 20
6 1 22
34 3 35
35 1 4
2 3 20
6 1 24
14 1 40
5 5 12
9 1 1
6 3 16
12 5 36
37 1 33
16 2 10
14 2 3
17 1 33
24 4 16
30 3 11
17 2 19
30 4 34
14 1 3
12 5 10
2 3 37
19 2 3
26 4 28
10 1 38
3 3 33
1 2 1
24 5 32
16 1 35
37 2 25
31 1 4
7 2 25
12 5 16
23 5 2
9 1 36
29 4 34
29 3 1
15 2 18
29 1 14
1 2 28
3 2 39
25 2 5
6 3 1
11 5 6
15 5 3
23 4 33
19 5 21
5 1 8
36 4 24
35 4 14
23 5 23
30 3 25
36 2 33
23 5 25
28 4 23
29 4 37
31 3 9
18 5 27
31 4 29
3 5 16
12 1 4
11 2 10
9 2 35
12 5 10
26 2 11
26 1 9
34 3 13
32 1 11
34 3 22
28 5 5
8 1 34
13 5 17
25 3 21
4 1 34
14 1 16
27 5 29
14 1 37
22 4 18
8 4 25
26 1 17
21 1 3
11 4 31
24 4 28
18 5 34
8 4 28
17 1 1
29 4 25
1 3 33
36 1 1
32 3 38
26 3 9
33 2 4
20 2 38
15 4 34
1 5 21
35 1 4
22 5 18
2 2 20
22 2 6
28 5 21
14 4 33
8 3 13
6 4 13
14 5 21
17 4 20
5 1 18
6 2 5
22 1 39
18 3 4
14 1 36
5 3 38
13 2 1
14 1 30
16 3 24
24 4 24
21 5 27
25 5 17
10 4 25
20 2 31
6 5 18
3 2 8
27 3 8
13 3 14
7 2 29
11 4 17
6 1 1
34 1 7
37 3 18
27 5 20
30 2 35
11 3 36
7 1 28
11 5 35
28 1 7
14 1 36
22 1 26
22 5 14
32 1 37
4 3 7
13 5 19
24 3 11
16 2 33
6 4 23
23 4 24
11 3 2
4 5 34
14 4 31
17 3 27
27 2 30
18 1 4
13 5 12
2 3 12
32 4 34
6 1 31
30 3 18
18 1 26
29 2 17
7 3 2
11 3 18
5 1 29
12 4 14
24 5 15
15 2 30
19 1 30
26 1 38
36 2 1
31 1 16
2 3 38
35 4 3
16 4 1
29 5 12
14 2 3
31 2 12
17 1 34
36 3 4
35 1 23
2 1 14
34 3 24
6 5 25
35 5 22
18 4 14
8 3 34
13 4 5
27 1 32
33 4 26
4 1 39
29 2 28
4 1 22
7 2 40
1 3 32
17 2 11
23 1 10
20 3 13
22 3 16
30 4 32
19 1 12
9 4 19
22 4 33
28 3 8
25 4 13
11 4 9
34 5 39
31 3 5
6 2 8
28 2 6
15 1 5
6 2 3
20 5 26
5 2 32
16 2 3
20 1 12
19 4 30
10 4 16
22 4 36
8 1 9
8 1 3
19 3 21
31 2 21
7 1 39
35 1 11
31 5 38
37 1 33
7 4 2
29 2 11
4 4 26
21 4 24
12 4 22
13 5 40
3 3 25
20 2 15
35 3 40
35 1 28
26 2 4
17 2 26
10 2 17
17 5 17
19 3 37
23 3 39
4 4 34
6 5 21
4 4 18
20 5 5
18 4 36
2 3 9
9 3 23
13 2 31
37 2 3
32 2 1
24 4 21
25 3 11
5 1 27
12 5 39
26 2 27
35 5 32
18 1 3
17 2 17
37 1 9
23 1 39
14 1 31
31 2 39
10 5 31
4 1 3
16 1 4
27 1 28
7 4 12
21 1 35
31 5 33
36 1 6
30 2 20
18 3 1
25 2 22
21 1 32
1 4 20
6 4 36
23 4 32
26 4 27
8 2 19
26 2 40
22 2 26
35 1 21
14 3 2
34 4 8
37 2 4
9 4 24
37 5 6
17 3 2
21 2 3
3 1 4
27 3 21
4 5 40
34 1 18
36 1 21
8 1 17
15 5 37
6 1 34
23 1 23
23 1 23
27 2 5
29 4 25
4 1 32
6 1 3
4 5 13
21 4 12
29 5 11
6 3 40
11 2 26
31 2 19
35 3 29
32 5 33
13 2 24
34 3 14
14 1 38
7 1 7
9 2 27
26 2 31
30 4 24
10 5 9
7 5 20
8 3 8
19 3 21
23 1 34
11 3 10
24 3 6
21 3 4
17 5 14
2 3 25
10 3 11
6 4 12
33 3 30
10 5 8
35 2 34
3 4 40
22 5 4
16 3 36
17 1 31
33 3 10
37 3 23
35 3 38
36 2 10
36 4 31
3 1 20
31 2 33
29 1 15
28 2 38
37 4 12
36 3 30
19 5 14
33 3 28
14 4 12
22 3 29
10 2 5
20 3 25
14 2 29
7 5 7
15 1 23
14 5 24
23 5 37
7 4 4
10 3 6
20 1 37
15 2 2
21 2 18
34 2 26
6 4 6
11 3 21
13 2 22
37 1 37
2 5 16
16 3 25
29 3 5
2 3 22
16 1 24
20 4 12
4 4 15
31 2 11
24 5 19
2 4 3
36 5 4
27 4 16
1 4 9
8 3 38
26 5 18
11 4 13
18 3 20
36 3 26
16 4 4
33 2 9
12 1 34
26 4 31
21 2 2
26 1 2
20 2 15
21 4 24
8 3 2
20 5 37
9 1 13
33 2 6
12 5 30
11 3 1
24 1 25
11 1 22
24 3 34
14 4 12
5 2 26
27 1 12
16 3 21
29 5 33
4 4 1
9 5 22
22 5 34
32 1 30
28 3 16
4 5 6
13 3 2
29 1 36
34 1 35
28 5 4
31 2 22
18 4 24
34 2 9
24 2 22
4 4 3
37 2 35
27 3 4
34 4 7
30 5 24
22 2 3
28 2 5
20 1 14
6 5 40
18 4 35
28 4 10
2 2 14
20 1 4
9 5 24
9 4 14
35 3 14
11 5 36
26 3 40
17 4 5
24 4 22
31 3 33
3 5 39
32 4 4
37 4 18
21 5 18
11 3 11
32 5 2
29 1 26
26 3 30
22 2 15
5 1 32
36 2 6
20 3 27
18 1 22
28 4 18
3 4 12
26 1 40
35 3 7
22 1 7
26 4 2
37 5 9
26 1 14
34 5 20
27 4 22
31 2 10
27 1 23
26 1 27
26 3 30
35 1 2
1 1 15
13 1 8
15 1 13
34 4 39
25 2 2
7 2 31
20 5 24
5 2 12
3 2 17
3 5 36
14 2 20
26 4 15
35 3 38
9 5 18
32 4 3
16 3 31
28 1 38
1 4 35
12 1 18
5 5 23
23 1 13
19 4 21
29 3 32
19 1 24
7 4 5
2 1 8
7 4 9
22 1 24
25 2 25
29 2 1
16 4 12
27 2 29
9 3 25
1 1 20
21 3 17
37 3 10
1 2 13
20 3 23
19 5 13
20 2 12
26 4 10
27 4 7
4 2 5
37 1 25
10 2 11
8 2 15
16 4 40
11 5 19
11 5 2
27 3 28
7 4 24
23 1 10
15 4 12
26 3 20
15 5 10
19 1 22
25 5 29
26 5 31
26 4 11
11 1 34
36 2 32
37 2 14
11 3 21
7 3 1
7 3 18
31 2 15
22 4 39
4 1 15
29 2 33
33 2 30
21 3 16
4 5 35
8 4 8
5 2 9
28 5 13
16 5 22
14 5 36
7 5 35
8 3 24
2 3 33
9 4 18
31 3 39
13 2 1
20 1 14
19 5 9
17 4 30
18 2 33
27 1 37
3 5 30
19 2 14
16 1 5
29 2 7
10 5 16
9 3 20
12 3 5
33 3 2
23 5 21
1 2 32
26 2 35
14 3 6
37 4 27
27 4 17
5 2 37
15 3 38
14 2 6
33 2 24
27 3 13
3 3 17
4 2 7
4 1 10
31 1 34
31 4 8
21 3 1
24 3 22
31 3 9
36 4 14
25 3 34
17 5 21
1 1 28
25 1 22
14 5 14
33 3 11
24 2 20
14 2 11
22 2 1
3 5 33
31 5 30
33 5 30
29 5 35
28 3 5
31 5 23
24 5 37
2 4 34
33 2 16
25 1 35
31 5 7
6 1 20
9 4 14
24 4 14
6 3 30
36 1 38
32 3 6
6 2 5
29 4 21
11 5 34
10 4 23
16 4 12
32 4 37
8 2 34
32 2 12
30 2 36
5 1 40
26 2 3
3 4 32
30 1 19
14 1 33
19 5 24
18 2 4
1 5 2
13 1 33
15 5 19
16 1 7
19 2 39
2 3 15
8 4 4
14 1 17
3 4 39
21 3 12
19 3 26
26 2 9
8 3 9
34 2 1
25 4 5
17 4 36
19 4 1
15 4 8
6 3 19
26 3 40
12 4 19
13 2 15
27 1 17
3 5 16
18 1 33
17 1 21
30 1 32
9 3 3
4 1 37
24 5 4
15 1 36
24 3 19
34 5 32
7 4 9
35 3 39
5 3 14
12 5 19
3 4 12
37 5 10
21 4 20
12 1 26
23 4 29
15 5 21
28 4 11
11 2 16
1 3 12
6 3 38
20 4 17
3 5 8
35 4 33
17 4 9
34 2 25
2 2 30
11 5 7
27 5 3
15 4 9
33 1 32
17 1 17
28 1 39
2 5 11
6 2 37
20 3 37
2 4 6
5 3 1
14 4 19
13 2 23
1 1 37
21 4 12
11 2 22
29 5 1
15 2 23
27 2 28
20 1 17
15 5 15
5 2 22
4 1 27
8 4 7
6 3 18
27 5 4
6 4 1
29 4 15
2 4 20
3 4 4
9 2 5
21 2 4
11 3 31
22 1 34
5 3 18
26 3 4
16 2 14
26 5 10
11 3 4
37 1 33
5 1 32
14 3 36
6 5 8
22 3 38
36 5 2
5 1 36
32 5 24
26 1 7
10 1 31
21 5 26
22 4 39
3 5 16
3 3 36
28 4 27
36 1 32
19 4 5
24 5 7
16 2 14
25 4 31
9 2 34
29 4 11
32 4 20
2 1 20
29 5 23
25 1 33
35 1 23
35 3 25
2 3 6
12 3 11
2 2 2
37 4 18
10 2 4
24 3 12
19 1 12
13 5 32
27 3 21
4 3 17
23 1 8
2 4 32
9 1 35
15 1 13
23 1 9
14 5 15
1 3 3
30 3 2
36 1 35
24 3 25
24 3 30
26 3 35
31 2 12
7 4 39
3 1 39
32 2 29
7 1 23
24 1 26
8 4 39
32 2 16
35 3 19
13 1 35
33 3 33
12 5 12
37 3 30
16 4 19
29 5 34
1 1 29
6 3 17
22 1 39
24 3 5
17 1 16
32 2 28
21 2 27
6 4 35
34 3 7
30 3 21
32 3 17
31 1 18
20 5 7
2 1 29
12 5 7
4 2 24
19 3 1
34 1 17
30 2 32
11 4 4
37 2 1
30 5 25
15 3 14
27 5 18
4 4 22
9 1 4
24 1 3
37 4 12
23 1 3
1 3 33
29 2 24
5 3 11
34 5 3
3 4 39
1 1 28
10 1 34
17 2 4
28 3 31
32 4 29
32 2 14
16 3 23
33 5 25
1 1 34
15 3 12
24 5 10
6 4 9
11 2 19
33 1 13
1 3 23
8 3 14
24 5 14
7 1 30
26 2 1
