12 64 2537 1110
2666 4696 4411 2892 2290 4898 4105 564 2470 4293 2251 4484 1375 175 3005 3451 1574 3197 4814 3999 3001 3745 1161 857 546 3823 1834 517 3934 3133 678 1454 1930 4698 1670 4255 1820 4686 2451 144 4606 3974 2253 1247 1530 1878 2711 1251 4530 4408 2151 1368 2055 1412 4638 2084 3184 1678 729 3646 2641 3829 1953 4144 
1767 2846 1267 3139 4359 3218 436 2950 4512 472 2737 3194 4164 3187 2426 1734 1816 649 1477 3008 4178 3418 3098 2409 3105 3516 699 247 1397 545 4432 1914 4381 2661 2526 714 2624 4208 107 3695 2023 2424 2537 3748 2860 1772 3390 1371 3937 4361 3174 1918 3813 2428 213 697 169 3542 4736 427 3411 3505 4840 128 
3339 2266 2562 4144 1119 2362 4775 3428 957 1045 577 4639 1405 2030 4175 1799 1023 1375 3663 876 3798 4142 3844 1419 720 2189 1468 194 3541 3464 2146 1993 3271 2489 1667 1382 3527 4494 4349 4694 3393 4265 346 2027 261 3426 4690 1614 283 1271 3857 91 914 2476 4631 3068 227 4119 2087 51 2331 2316 4632 3422 
1594 1486 117 892 1324 2872 1077 3024 281 3478 879 3260 3869 4772 1613 4087 1004 771 4129 794 2070 66 4801 2515 1452 2733 101 310 1670 838 3885 3805 862 397 1104 3998 2825 3681 2224 4147 2472 332 3674 749 4665 4819 4643 1608 154 2251 505 241 2502 595 4106 582 4449 226 911 2532 1679 2341 3913 3326 
2746 418 196 2949 4647 2818 4170 3226 4377 434 1236 973 2629 4088 82 557 4128 4078 1690 2652 4405 2351 1684 3938 2681 4351 3612 2394 3717 2862 2489 1484 3227 1105 520 4722 3599 2106 2233 4519 2744 3381 1133 804 1560 3010 3843 3295 2505 1978 3209 1967 2482 2804 4046 3728 4861 1915 3622 3377 4820 2172 3119 1756 
3730 4799 4668 2143 4901 2238 1719 3071 1972 3821 2295 4262 1670 1303 2973 1184 1840 1421 1983 131 129 4412 4888 4422 4128 2099 1433 2284 3157 1312 3733 2774 3868 2678 2936 129 2221 1843 798 1920 1036 3532 1920 1291 3207 3472 1315 3128 1873 1836 2318 2104 2332 2048 426 4889 2334 2606 2787 479 4719 1354 1307 533 
320 1233 1974 3964 3049 2679 3997 1140 1247 232 3620 1666 1506 1028 2685 1644 2371 1651 3533 2293 4900 1058 1056 296 1269 1127 480 1651 1825 3388 2599 1620 1631 969 778 3895 1377 1348 2630 2799 533 2108 2282 1515 2855 41 179 3856 1391 4554 3501 1613 4519 2235 145 4834 4902 3137 1488 1007 1860 4829 1822 3374 
138 831 2192 151 624 1839 543 2447 3647 4379 4459 75 2399 907 1000 10 4563 2485 3420 1270 225 2731 2839 2167 3251 1518 1419 184 3330 1855 3636 4660 3921 3855 1144 4692 3476 4794 1890 1430 4195 1375 983 2970 2456 3852 3516 1820 1308 3948 4013 2672 1015 3078 2200 4907 1577 1498 4291 3793 2555 2871 3262 3183 
1377 4447 3505 81 2945 2902 133 827 2199 4744 4507 2214 2670 951 39 3636 1075 4749 2944 3659 372 750 668 2613 1804 2729 4332 2481 1571 3985 2129 3813 521 1381 2068 2477 4071 2014 2560 1509 3272 4086 68 1537 1179 3679 432 3639 2201 4061 3265 867 1016 4536 3346 4118 4763 2175 3309 1326 2569 31 240 3643 
911 2227 2762 3362 2728 4286 2143 531 4329 2310 4677 3740 1917 3083 3036 1755 1205 2114 3489 3108 1688 1149 2713 2675 3862 3135 4580 447 3552 1694 4464 2771 1102 4501 3083 682 4872 2345 4505 3440 119 3217 731 4170 3531 4679 1127 3704 3294 4005 3582 1882 4750 1454 3761 1134 4478 989 3470 1345 125 4877 3755 1604 
2414 2543 1150 1823 2905 4081 2219 3514 776 308 2957 127 4233 878 397 1764 4705 241 2389 1908 515 4620 1355 4043 476 4465 3373 4674 3199 484 4393 4290 4142 516 1092 3305 2263 4763 4237 1426 1611 1113 4075 1487 2967 3430 3358 866 768 2400 1175 3888 1801 2703 2918 1171 959 4238 3680 4324 4029 132 2754 3775 
4874 2136 53 1104 239 4485 2835 1628 3107 3753 86 3360 1814 3602 4772 1815 93 1620 3497 3186 1306 1150 3347 1255 4330 1545 3630 2340 4174 4286 3399 2381 144 1617 929 2200 317 2327 587 163 2761 4122 2087 4064 4708 2172 3005 430 783 1814 1603 4439 3717 1324 345 3281 2989 3735 2490 564 2581 1019 4098 4215 
2 5 15
7 41 13
9 40 24
9 4 39
6 19 23
6 28 2
7 40 2
8 15 27
9 19 8
7 45 3
4 50 35
1 18 30
9 17 3
5 59 21
6 4 37
8 59 12
7 44 8
5 40 29
3 30 14
2 48 13
3 12 33
3 57 30
2 36 9
9 6 3
9 54 20
3 57 36
1 57 11
2 16 22
7 57 27
3 16 28
9 37 37
6 48 10
2 42 9
2 49 10
10 59 24
10 27 22
3 60 22
8 54 13
3 3 13
7 36 8
7 15 23
6 8 2
7 41 2
1 43 5
3 2 35
2 26 12
1 37 22
5 26 37
3 35 8
10 53 18
1 58 40
7 11 28
2 36 38
7 58 14
8 59 13
8 45 17
2 13 28
1 19 24
4 54 7
7 20 4
5 35 35
3 31 34
4 11 9
3 41 28
2 62 40
8 34 24
9 10 12
7 43 36
7 42 4
7 23 15
2 14 31
7 9 33
9 36 34
4 38 31
1 48 16
9 58 29
2 46 30
4 29 1
8 8 8
8 36 5
6 26 28
8 4 1
7 31 8
6 61 33
10 27 18
9 60 23
10 49 3
9 52 5
9 31 30
7 31 7
7 32 29
4 56 39
5 14 10
6 19 38
5 5 35
9 37 21
3 53 7
5 45 8
5 39 12
4 13 15
9 14 32
3 10 35
5 53 25
1 17 23
1 36 12
3 53 21
1 3 18
9 15 34
4 18 1
6 55 39
10 56 22
10 13 9
10 15 20
4 28 39
7 57 9
3 8 8
4 54 28
5 40 7
5 10 6
6 42 20
9 26 14
9 36 18
2 46 15
4 21 32
3 1 38
3 14 19
8 39 8
5 62 7
1 4 36
2 20 25
10 45 30
1 52 7
7 53 19
6 6 14
5 41 28
10 41 32
5 61 5
10 7 24
10 22 22
4 29 9
6 22 37
3 33 25
10 48 23
4 30 12
1 22 13
5 60 4
1 57 38
3 60 31
7 2 31
3 28 3
2 7 34
7 5 5
5 21 24
5 29 36
10 50 3
7 43 17
10 20 29
1 39 17
6 8 17
10 7 10
7 62 31
8 4 3
3 44 24
5 9 14
8 18 21
2 19 22
5 8 29
8 9 38
7 17 27
8 5 7
6 9 19
7 43 18
5 6 14
8 13 35
5 51 1
6 9 31
5 35 5
2 32 5
7 48 20
7 6 16
4 43 22
2 54 9
10 3 1
3 56 12
8 16 21
8 20 34
1 34 13
5 58 11
7 8 14
1 21 40
10 5 35
4 47 25
5 17 31
9 3 29
9 47 37
2 49 30
6 46 24
6 62 1
4 28 40
3 49 21
9 19 21
7 50 7
10 21 4
1 52 3
2 13 31
8 56 18
5 7 19
10 55 2
8 35 28
6 11 19
3 58 12
1 23 20
9 58 36
10 54 38
5 20 15
10 45 22
1 6 9
6 13 10
2 61 22
3 13 29
8 37 2
10 21 28
6 40 22
5 24 30
8 50 18
7 47 3
2 22 27
1 8 12
10 29 16
1 38 1
2 53 7
6 11 12
9 6 7
10 2 30
10 27 13
3 42 20
9 3 16
4 9 29
8 47 13
1 59 24
5 34 21
3 53 19
2 3 21
6 10 39
4 18 8
5 42 19
5 6 30
7 49 20
2 61 30
10 56 20
3 2 30
7 29 35
1 59 15
6 52 26
4 14 37
2 15 20
9 1 20
2 13 33
8 51 22
3 10 26
5 19 36
5 10 25
7 1 14
10 62 30
2 55 28
9 41 27
5 1 15
1 3 21
1 14 27
9 42 21
8 14 10
10 60 12
6 5 34
4 4 25
1 5 19
1 56 14
5 59 3
4 48 25
2 32 2
6 11 37
1 6 30
5 7 31
5 34 12
10 18 22
3 34 11
2 41 7
1 32 32
2 58 34
1 26 14
2 27 28
7 11 6
6 46 36
7 44 25
10 53 6
6 53 13
1 52 33
9 31 37
10 33 11
4 18 12
6 21 33
6 13 35
9 28 15
9 59 35
2 10 34
8 17 3
9 1 9
2 55 18
10 56 14
2 21 15
7 3 36
4 1 38
3 17 6
10 32 40
10 51 9
5 36 2
3 2 23
2 16 17
5 39 27
8 36 32
5 7 6
2 18 8
6 12 30
9 17 19
2 52 29
7 50 14
1 57 33
3 29 13
3 16 33
1 52 23
6 28 11
6 3 27
5 10 38
8 24 6
3 43 38
4 1 25
7 42 24
3 5 10
3 60 8
2 52 31
9 18 15
2 58 19
7 21 24
7 58 13
6 23 22
1 30 12
7 60 31
7 58 31
8 5 7
7 2 27
2 31 21
6 21 27
9 34 20
8 46 10
4 55 34
10 2 21
7 22 23
3 55 37
7 46 20
7 28 27
3 6 27
1 49 32
3 28 11
9 48 23
10 20 13
9 16 24
4 26 31
2 19 32
6 13 23
10 4 3
1 50 11
4 53 4
6 25 25
6 14 30
2 11 20
5 28 21
5 44 17
1 47 27
6 19 2
2 55 27
5 31 32
6 50 1
6 59 24
5 12 8
9 21 17
3 56 4
6 49 14
3 6 11
3 57 14
1 61 16
10 15 40
10 18 37
6 62 14
10 14 4
2 17 6
2 5 33
10 8 26
1 58 32
3 3 7
10 49 4
8 54 28
7 7 32
7 49 9
8 32 40
7 14 4
2 5 13
5 46 21
9 38 8
4 38 5
9 26 31
9 34 17
5 17 12
5 55 5
9 32 23
6 54 29
1 3 5
4 24 27
10 34 22
1 29 6
3 39 31
9 5 3
6 56 19
8 25 13
7 12 12
8 19 24
7 23 9
8 11 38
2 21 18
7 45 22
6 51 19
4 19 17
7 2 8
3 19 17
2 46 29
7 46 22
1 37 25
7 13 7
2 14 2
1 7 29
8 46 7
6 56 12
1 44 21
10 46 22
2 45 26
9 26 8
2 33 34
1 56 19
7 25 19
2 13 20
2 45 22
4 34 32
6 29 25
6 44 4
1 17 39
3 16 16
10 3 2
9 3 38
1 20 18
6 60 33
7 33 20
10 57 16
6 38 15
2 31 9
2 5 24
9 7 14
4 21 28
1 20 11
1 48 38
5 20 8
7 5 30
7 44 23
7 6 27
3 40 23
1 20 40
2 59 40
6 11 20
2 15 39
9 14 15
1 19 14
6 48 1
7 54 38
9 51 14
5 38 4
5 23 27
7 42 11
6 2 36
2 53 36
7 39 19
4 16 31
8 57 10
6 10 18
5 31 37
5 6 20
9 34 20
4 50 16
10 26 32
1 26 15
5 53 1
1 35 5
8 35 36
8 18 17
7 47 34
2 7 19
8 39 31
6 2 13
3 46 26
4 6 3
4 40 2
3 1 6
4 48 21
6 56 1
3 30 5
4 18 23
9 52 1
2 25 30
3 40 33
5 43 23
7 4 17
4 44 16
2 10 35
5 38 38
1 50 34
4 40 15
1 15 34
10 25 14
4 52 23
5 1 33
7 21 28
9 49 37
4 44 20
10 50 31
8 33 38
8 9 8
8 23 35
2 58 21
7 13 6
2 38 30
4 3 25
3 9 6
10 19 30
6 51 40
1 24 21
7 27 35
8 27 27
1 42 11
2 55 9
2 19 13
10 61 13
6 34 34
2 6 12
9 26 30
7 60 39
1 7 16
4 42 19
4 18 1
5 39 3
3 21 15
5 28 28
9 30 27
2 30 11
3 19 19
4 53 33
4 40 22
1 47 38
5 1 19
2 35 28
4 10 20
10 58 37
5 42 10
9 49 19
6 29 35
8 44 18
3 11 29
4 31 32
6 7 37
1 27 13
1 21 21
8 54 1
7 1 22
6 33 6
5 30 39
9 55 20
6 28 28
6 34 18
7 18 6
3 61 22
10 6 23
10 15 34
4 21 26
4 1 9
1 13 30
1 39 13
10 61 11
2 14 4
2 22 7
5 35 7
10 8 13
8 19 25
3 35 4
2 46 40
4 61 1
5 12 3
6 28 1
8 17 28
1 28 37
9 31 20
1 23 30
10 33 7
9 42 27
5 40 12
5 33 30
1 15 27
6 49 1
9 39 3
6 19 33
9 49 29
2 23 19
4 37 5
6 23 14
8 37 28
5 49 8
2 5 4
7 21 12
5 47 32
1 24 20
2 21 30
1 28 38
8 27 22
9 7 40
10 59 39
8 27 20
1 19 16
4 43 34
8 38 28
10 30 13
4 9 17
2 24 11
5 31 15
3 59 38
3 44 13
7 23 27
9 7 3
1 19 22
1 29 21
6 49 37
6 39 12
9 53 23
10 27 4
8 60 18
7 62 33
1 19 10
7 29 33
4 18 6
10 39 4
7 49 37
1 22 2
9 30 13
4 10 24
7 30 5
3 16 9
2 33 1
1 29 33
8 40 3
1 9 40
6 34 8
9 13 22
8 60 25
8 11 28
1 2 25
1 29 31
7 12 26
4 51 2
8 60 39
2 52 11
6 46 35
7 48 36
5 62 9
10 11 1
9 60 29
2 53 2
7 50 21
3 36 32
6 42 25
10 36 22
7 5 24
2 45 28
1 11 27
1 60 21
10 50 28
8 16 7
8 7 15
1 48 20
6 40 30
7 2 39
1 47 16
1 60 23
3 18 23
3 59 11
10 50 11
1 11 37
4 44 6
7 38 38
3 35 12
1 50 38
5 33 23
3 47 29
1 55 8
4 62 32
6 28 6
6 48 12
7 21 40
5 61 34
4 53 26
8 8 40
5 56 12
6 29 39
5 45 8
1 34 36
6 2 28
9 62 26
1 46 35
2 13 15
5 30 32
10 20 25
5 29 35
7 49 7
5 40 23
2 19 32
8 24 4
3 44 39
7 2 34
1 30 9
1 32 35
6 57 28
10 29 32
7 5 22
10 48 22
3 13 11
8 22 40
2 40 36
6 26 37
1 30 10
1 38 38
5 42 13
7 33 14
7 46 27
1 19 34
7 42 1
5 10 21
10 39 18
1 9 28
1 48 40
10 19 23
7 10 8
8 47 36
7 44 12
4 62 18
9 56 29
3 5 24
1 24 37
3 57 13
8 49 14
1 39 3
10 41 36
7 48 18
10 1 5
5 17 30
9 11 40
10 9 23
2 11 17
8 35 16
5 28 13
2 18 10
4 38 9
3 48 1
4 4 40
6 25 8
5 53 11
8 37 5
10 7 27
1 53 11
10 16 11
4 19 4
10 52 24
2 52 9
10 49 40
1 60 40
9 32 5
5 50 5
9 52 4
1 54 10
6 14 13
10 52 14
10 37 1
6 46 36
8 38 19
1 58 2
4 19 26
9 40 3
2 48 8
8 29 38
5 47 36
7 11 13
8 13 34
4 47 10
6 42 6
9 43 2
5 24 14
10 54 25
5 35 14
10 45 2
7 44 18
4 17 39
4 17 8
5 10 1
1 30 26
5 18 20
9 24 25
9 4 36
10 33 18
10 50 17
8 55 2
9 59 3
2 1 21
8 18 4
8 36 11
1 3 40
1 50 25
3 43 29
2 19 16
4 2 33
2 48 35
3 38 27
7 2 26
10 50 24
10 51 15
2 11 13
6 29 6
2 2 32
5 59 20
10 19 31
3 12 34
1 46 28
3 21 5
8 39 31
8 1 32
8 28 38
6 38 15
9 29 1
6 15 8
7 19 21
10 25 16
6 14 22
7 60 33
5 59 22
2 45 15
10 27 40
3 24 38
5 24 14
6 48 28
6 18 34
4 14 31
4 34 11
8 51 12
1 31 31
4 58 5
4 58 15
9 45 21
6 16 29
1 34 16
4 20 37
9 23 36
10 22 31
9 9 31
1 13 21
1 56 29
9 54 26
2 32 28
6 23 11
2 47 10
9 45 20
9 18 35
2 46 10
1 42 3
3 59 12
3 44 23
9 58 28
7 62 20
1 18 29
10 26 22
5 39 11
1 58 9
1 7 31
2 53 7
3 58 6
6 55 36
9 26 5
4 38 27
4 10 2
1 23 25
9 59 31
10 55 13
2 24 1
10 4 20
4 29 5
1 57 32
7 41 35
4 51 29
3 50 27
6 5 35
1 19 10
7 21 8
5 54 35
9 61 36
3 8 6
6 61 12
1 3 7
3 40 12
3 21 34
4 14 40
1 60 15
2 23 29
5 56 18
3 36 32
10 35 39
1 37 7
6 56 13
10 17 14
5 25 9
8 54 14
9 40 40
9 9 35
6 38 1
2 46 35
4 51 1
10 61 2
5 45 22
1 28 15
8 22 38
7 38 24
1 41 30
6 53 20
5 43 10
6 20 17
5 10 38
8 28 1
7 58 25
3 28 9
10 33 34
7 50 25
10 12 19
9 58 18
1 2 27
9 19 33
4 53 17
8 10 7
9 7 8
3 57 28
7 41 21
8 48 33
3 7 13
4 61 30
9 49 2
2 24 27
10 26 39
8 54 10
3 1 37
3 41 28
6 58 32
1 44 2
1 18 23
8 49 20
10 47 13
4 60 30
3 12 7
9 58 9
9 53 5
2 52 3
7 45 6
9 29 20
3 23 34
2 33 8
6 43 29
1 25 40
9 19 29
5 49 36
5 24 11
7 51 26
7 41 38
3 54 29
1 44 20
8 5 20
8 45 37
5 39 13
2 13 31
3 49 18
1 61 26
5 58 27
5 7 21
10 21 32
1 54 36
6 29 35
7 29 29
4 2 12
5 31 26
9 39 2
6 11 6
9 46 4
1 40 14
1 58 31
1 44 22
6 41 19
4 51 21
3 28 6
3 53 27
1 33 37
8 44 27
1 22 32
9 33 19
7 9 27
9 11 10
8 60 39
2 57 9
2 29 13
1 15 14
10 13 34
5 57 9
7 56 17
1 18 40
3 8 23
8 29 26
9 36 40
6 56 28
2 26 14
3 28 38
1 38 30
7 35 3
2 42 19
5 20 20
10 61 8
7 44 21
8 9 33
4 37 9
1 2 33
3 57 5
2 51 33
5 30 10
7 59 13
5 31 37
8 10 24
1 34 2
2 12 28
5 27 28
5 16 4
10 49 25
7 47 2
5 62 25
6 21 5
2 49 1
2 4 35
2 55 28
3 9 40
5 14 22
7 58 20
4 48 20
9 29 13
9 6 6
6 59 39
5 25 26
4 16 20
5 36 34
7 4 36
7 45 37
7 29 13
4 37 32
3 28 13
8 15 13
3 2 33
7 30 4
5 23 40
6 43 16
4 61 11
7 22 3
4 49 11
5 13 22
7 48 34
9 61 10
6 27 19
1 23 29
9 37 35
2 16 22
9 26 23
9 12 14
9 16 5
2 8 18
8 59 30
4 42 1
3 18 12
7 32 27
3 38 11
4 58 3
5 52 34
6 19 27
10 28 33
8 16 40
4 3 11
1 53 37
1 27 34
10 1 34
7 25 8
2 19 1
