88 40 2657 6151
26 818 2482 1226 179 4702 2134 1476 2958 629 559 2724 4119 355 4630 920 2794 4452 584 1868 734 2554 641 3328 2771 1852 699 4300 2616 4571 2208 1161 2109 67 851 1577 4139 1546 2975 4657 
2133 99 1889 2878 2684 2923 3459 18 3685 193 1951 913 244 816 2648 1386 58 463 3241 4116 2520 3416 1499 3481 295 3247 4338 3842 4400 3702 1421 666 1347 111 3397 1305 995 4805 1692 4252 
287 1307 4532 4623 865 4146 934 854 1812 3084 1285 659 4656 1343 4137 1670 1990 88 527 672 1756 3053 3622 538 3926 4407 4338 314 4498 4010 1568 2894 4662 4553 971 4448 3509 3153 859 4742 
1631 4767 2495 3866 3365 2275 10 2897 4524 2020 1363 2919 89 4422 4689 1372 457 4312 3558 2317 3331 1135 944 4518 2830 4016 3218 4240 1495 2505 3090 3440 1917 2513 34 364 4504 3586 1333 2634 
3939 2311 265 2615 1229 2395 2921 2738 3604 1647 2236 1286 3011 4674 4152 3483 912 3310 2698 980 2959 817 1296 3984 2761 1646 2865 1883 404 4473 2678 3207 108 1124 3963 858 1034 3470 554 4713 
861 3467 2952 4817 2449 3248 4685 1551 3914 4495 309 1038 605 1167 652 1754 1852 3822 3583 1792 4839 845 1008 4174 3071 2403 1858 2631 1394 438 842 2237 1619 3333 180 3540 2583 2761 3400 1324 
630 3127 3349 3346 1467 3231 3287 2395 508 1152 1368 1457 1027 1047 2257 3723 1405 2185 304 3045 3861 1876 1453 297 2165 2999 1401 532 1543 1086 3451 912 3664 4130 4059 3412 4007 1547 4741 864 
1141 963 1666 3531 3556 3605 4618 1306 408 2630 4224 4209 4510 4081 3797 934 905 1029 449 2774 837 3166 1553 4519 2491 4593 3502 3443 930 4604 1457 898 1034 2767 2389 1565 3932 688 2667 1486 
2723 2785 4843 3918 4715 3412 3978 1281 104 2240 1076 4020 2963 3049 54 4861 1027 2292 2356 4102 2832 1254 4395 1410 2056 976 950 243 657 2413 2506 4314 4870 370 2949 275 3557 73 4570 2613 
3966 3865 2543 3201 450 1445 650 1101 2540 540 2738 2391 4262 1850 4869 3712 1992 3518 2515 2546 1123 3553 3833 1835 4815 4580 3977 2430 1255 3107 3119 1040 3225 2545 1140 4442 412 4906 4218 3320 
668 4453 1457 553 23 2209 411 361 1807 2702 83 3033 242 490 2840 309 961 1130 4524 3351 3823 2327 1469 3908 169 2549 2725 3617 1345 1734 2068 3900 1082 3756 4079 1504 2683 2701 2263 4426 
4324 1189 4786 1960 4394 4479 1227 4469 2164 1809 4580 2816 4447 262 1609 3334 584 710 2190 621 531 2814 2729 4042 255 899 1033 585 2525 4059 4887 1588 4336 4901 3927 1011 2701 2247 1755 2996 
4668 2165 1390 2228 395 1236 2757 4867 2031 1991 3358 3067 2681 365 1157 2306 4672 1206 3728 3047 2210 4421 803 1458 4442 2444 3525 260 3225 1107 108 4218 4578 4116 4141 660 1348 1666 4556 3468 
2935 1981 895 1812 393 1431 3066 3972 2254 4248 3507 3554 3675 2491 1558 1926 2702 4566 3503 1259 1799 1804 2494 4442 1743 585 873 1922 4652 1188 1701 4821 3113 4908 2652 1607 4843 3778 1487 2235 
3609 1341 414 1212 1149 1926 1109 3728 1126 1534 3486 1549 1069 1987 362 1603 4878 561 111 3256 1204 310 4292 3764 617 3678 4235 3968 4194 2433 3549 4715 1216 3666 3797 1125 4795 2251 4141 1742 
677 138 33 197 1373 899 248 341 3600 1481 230 4850 2152 4184 607 3148 4509 347 3996 1076 1634 2339 4587 2398 3322 3018 4729 2475 1882 796 1704 2014 2410 3119 4691 4555 2642 401 945 3605 
493 2041 4137 981 3134 3108 4407 4522 4752 3305 4548 302 741 2832 2675 3501 472 2380 3554 2529 2477 758 1975 798 31 4523 4474 3949 2621 2311 1296 577 301 1533 886 1786 3626 3250 561 38 
2137 1199 808 954 1865 2956 4583 4863 1863 3615 4367 1867 3063 892 3452 4028 3078 981 1970 3390 1219 2076 4320 4829 343 400 2408 2353 3026 4703 4595 4788 227 1769 3564 1654 4644 3087 3560 3754 
4319 1296 905 1036 382 1120 3660 3917 2531 4209 2767 4608 1188 3268 2948 594 1751 2027 3077 2035 2864 356 973 2160 3430 3315 568 4033 1942 2895 2441 1122 1698 2246 2872 3335 1605 4472 4198 873 
1348 841 4107 3018 219 3900 1301 2972 2337 1047 4192 501 425 494 192 3120 1592 1690 2151 2959 4408 522 3680 1151 414 2215 4690 4116 1423 647 2297 2150 2122 1678 4370 601 3865 3572 2881 1756 
485 2275 490 4794 3212 4729 4014 3824 4825 3417 4764 2482 2565 2792 608 2256 1896 2976 4470 914 4469 4704 3211 2115 866 3972 3974 421 497 2038 4892 4485 261 1672 2178 3330 523 4543 1314 3250 
1146 826 4749 3610 3622 2341 4213 3994 962 1247 4608 4805 4858 3872 4431 2943 1624 3924 2605 2356 1171 3904 3585 2318 3059 2826 4301 4816 4859 1771 4359 2454 3556 2322 3528 3110 910 74 2550 503 
123 3338 3814 3985 1259 3587 723 2243 2900 617 2575 63 2336 46 828 841 465 363 1418 4888 1452 3794 3004 156 330 179 4219 3326 3348 4346 4675 4571 609 1826 154 2075 3385 1260 192 1498 
21 1167 3595 3665 3650 4150 2101 3089 2645 3782 3520 2981 1925 372 3426 4246 4543 3251 4581 3634 2425 1970 2497 4321 4427 2448 225 3748 512 461 2370 1040 3422 2604 3686 4859 2538 2288 1016 3602 
4262 3717 4163 825 1171 488 4368 420 1915 2317 977 2913 4116 3949 2466 4426 2932 3227 158 1592 4724 1832 2032 1143 4251 4373 1304 2054 4659 1707 4261 3298 615 3117 3729 2158 4057 1829 4019 437 
2783 345 3369 3245 3218 4230 4578 4852 935 4220 2132 3382 2283 126 4033 4345 4907 2463 3596 2235 1312 2452 3873 1080 108 660 4511 3870 4361 681 3215 3401 2197 4786 2536 136 3011 3390 2208 419 
2828 3784 2730 1790 4217 2071 170 4294 1798 4362 1580 4445 1957 4506 4630 1358 3637 4787 2123 3071 4118 3058 65 2371 41 1486 2210 3370 1848 4138 2767 1193 4839 982 2110 4113 144 1356 1176 319 
3621 1137 448 4100 4266 1464 3672 3207 4803 4862 2639 484 4812 2753 502 1994 2783 3329 3450 279 565 3151 585 199 3206 4100 4600 4430 1511 3845 1328 3425 1879 4432 2096 3424 4599 4825 746 536 
1161 2353 1750 164 4675 4712 659 3063 1941 2105 28 3543 1319 3729 19 1159 3587 1195 925 1080 2767 115 3091 4314 1408 1403 3579 3508 4800 908 4776 3099 1775 4049 4352 636 2117 633 4770 3001 
2784 4898 4450 2215 2748 274 585 3361 2279 467 654 669 2553 2919 3777 1430 3141 3968 1688 2502 625 2102 2460 4814 1714 1790 1255 1969 390 4596 199 2468 353 3105 1697 2166 1263 3204 2916 2445 
2978 3260 2172 3699 1622 2573 3037 832 2787 1287 3658 4822 792 1333 1585 2321 1870 2425 1018 4264 3660 1708 2288 3395 806 1473 2188 4067 3356 1375 1241 2219 452 2780 3079 1224 1980 1972 1773 2588 
545 1662 4796 2188 3152 1257 2078 57 590 205 4213 2471 4516 882 2434 3341 4791 4270 2880 2177 4840 4147 1601 3198 4646 3644 2016 2130 2359 3823 2277 3098 2236 2174 1633 4885 1492 579 2572 1855 
1249 4282 3409 2038 2105 638 691 881 1840 2674 3476 3978 707 1359 2070 2168 2312 3453 1705 2841 4708 4013 4698 3535 2061 3626 1406 749 3359 1200 3302 3778 1436 3754 3981 1471 1881 226 396 2208 
295 2587 4274 2016 1121 2939 3624 2777 3157 89 3432 2344 2308 894 4725 4821 888 2230 3364 3580 111 1884 425 2863 2973 2517 2046 632 1892 2178 4022 4470 4551 4679 327 876 4525 1336 2614 2850 
3924 235 2739 3754 3423 895 2306 3820 1257 2107 893 4776 1887 2952 1167 2204 3549 1456 2826 454 4782 1382 450 4828 3329 355 1343 1287 1382 3775 4081 2525 2694 4628 1049 2385 2261 866 1782 560 
3618 4516 4472 4599 313 2404 989 2552 4294 1450 1033 3884 1624 4787 2473 939 3272 3241 3795 137 3636 2039 1982 3821 4614 4325 3812 4459 174 1032 3456 1779 3789 3207 2155 554 1022 3059 1186 41 
3862 2710 1676 3354 1075 3320 2225 2462 68 3507 3467 1529 1897 2278 4753 1626 4352 2704 284 2937 3570 4489 1277 1193 1437 602 4571 1508 3506 1329 3205 4743 3550 436 2903 3767 957 3846 1326 4596 
4692 1801 4318 4551 2256 2136 3289 414 4068 4387 3318 3573 3461 3213 1357 196 4893 695 2958 3821 1789 1708 4190 1641 3837 1307 4556 2620 264 3538 3063 2035 2286 321 4076 2077 622 3415 3850 2780 
3226 483 2191 3192 331 4499 2509 378 2880 3184 1915 3012 1029 3096 3551 1034 2150 1985 3259 747 2593 4676 890 4151 447 4903 655 391 2383 1449 3397 4107 4315 4066 4851 3501 827 4721 2510 2170 
1176 3722 4379 1740 1040 1041 964 1965 1654 3152 3427 4483 1196 1280 2454 2403 353 3837 4694 832 4092 215 448 3159 204 3570 2993 1613 980 3527 689 4720 1696 297 2735 4321 646 1008 483 968 
1668 273 107 4557 4468 1250 947 2674 3410 1812 4328 2275 884 4165 2258 4089 1921 708 2053 1405 47 4544 1744 2081 2404 838 541 2660 3250 3474 1193 2051 4003 74 2232 316 3847 752 1580 22 
4422 1176 4678 4822 4909 1481 3831 83 3954 624 3431 1599 881 2622 1177 239 3342 2637 1182 2615 4038 45 3775 3395 932 3960 3208 658 1747 3911 289 3668 686 4030 4867 33 1293 2458 2449 2323 
4680 3266 2645 4665 1721 1695 1360 1055 4095 2410 2655 2584 2901 207 3602 4880 3575 2443 1729 1707 1514 4538 2854 4406 2319 848 762 1570 3330 709 3632 1576 3518 877 3398 2454 3916 4465 4323 2135 
2470 2669 3367 2712 3887 485 4661 2141 2917 206 4208 4904 3508 3385 1158 2031 4597 4409 3642 3574 1092 4199 3819 4513 4206 1225 3477 2249 1263 3324 870 2828 4209 4633 4266 634 1176 3846 394 1439 
650 3186 3940 2021 2407 2113 4560 4601 734 1674 1291 3961 4364 3801 3676 2639 4602 3044 1481 150 4879 1881 114 1649 4521 2348 2399 3130 576 1114 4773 1471 2034 1986 686 609 440 3400 3892 4420 
774 4869 3611 4448 3510 1875 3027 1270 2418 2113 4764 4675 691 3436 1441 4718 239 2548 387 4717 3052 2615 1291 889 191 606 1886 1664 2239 2460 394 4245 2714 902 1269 2004 158 2881 1914 711 
2165 3445 4307 2793 1261 658 2004 1136 3211 1631 2431 1756 4171 2447 985 2158 819 2307 592 3016 1127 4299 1559 621 4050 10 3959 1117 4810 303 2880 3178 3738 417 4724 678 821 806 530 3281 
1001 3059 1741 2890 4584 2772 3677 1929 4033 1591 3630 3952 916 2987 3508 2737 4750 2318 1496 2800 1386 4012 4672 1335 2011 4114 1576 1989 147 3162 2364 125 2128 1695 3494 1507 2117 140 4550 2244 
2127 1918 2185 1255 4643 1358 4000 3511 1649 4834 4534 4613 1179 245 2077 2358 2375 401 4025 2076 3252 2196 1229 4884 4123 3646 4906 3325 4703 2426 1937 3362 3071 335 2414 1174 4526 2540 1946 898 
3672 4764 3207 1910 47 1011 1683 4227 3180 1321 4805 3010 603 1752 1418 986 2016 3253 1044 1303 426 2907 1445 2711 1320 2735 3379 3215 2542 2700 3071 824 4177 4053 495 113 520 1626 4551 2636 
3920 4617 421 436 2563 1066 2004 1969 2940 483 1650 778 2301 4550 1698 4864 3757 1149 707 4759 2835 4622 2285 1743 3533 454 2716 3714 846 3165 4835 4038 4836 3482 2770 1057 565 1597 1884 4798 
2771 4867 199 1725 1170 1435 907 3342 2959 1249 1279 2007 446 3108 1585 20 3512 4313 1446 1597 4842 1849 4304 706 2837 2426 2994 2137 2999 395 1136 3216 3181 1449 2975 1849 3126 599 4668 2842 
684 2084 4838 1944 671 1004 4680 1442 2909 2690 756 2584 3592 4146 3607 923 3360 79 246 1631 3734 4288 3615 2311 528 1266 579 887 4467 1002 677 3487 3193 1543 1525 1232 438 1948 3046 4547 
4194 3100 1582 3616 2452 3908 4553 1597 4047 2610 2294 4641 862 1193 1161 13 461 4851 4356 1252 2168 3126 3279 1007 3082 3038 40 632 319 4346 2399 4786 1779 77 2016 3244 288 4825 3814 1302 
4144 4074 2844 1694 1965 1258 3142 4114 4354 1262 750 94 679 189 1238 2835 1553 3812 3129 1042 3054 1476 1397 4806 918 1765 3725 1659 4241 4907 2567 4739 429 2288 4183 2151 1206 820 3513 1516 
1869 2634 4883 2182 354 4894 4728 1338 2503 4077 3892 767 3512 2409 968 1456 3525 3837 4888 1938 1615 1791 2641 3929 3971 1223 1857 235 1754 1497 3009 2200 3937 1561 2661 4617 1796 3896 458 2169 
2939 2672 2920 3810 4370 262 158 3422 123 3832 4168 2718 1583 4173 3910 4727 4202 4833 4868 1084 221 1099 3159 1121 3465 3197 1900 2373 1635 1696 1115 4844 4218 3749 2156 4892 3618 471 3009 1084 
2216 2027 1001 1896 4630 365 2891 659 2819 2295 3197 3937 1735 465 1520 131 976 4686 1386 4852 4228 2061 2931 4141 12 181 4880 193 2893 1297 2163 1302 2383 3521 2014 1552 2616 1575 2382 1889 
4818 3487 251 1233 1930 1730 2847 1724 2064 313 348 4674 281 469 3284 2533 4701 2300 2221 4221 2333 44 2882 4622 4203 1955 4167 4299 4556 3116 2719 1708 941 2184 2438 3443 4466 2909 2075 4006 
1376 2586 4267 1587 599 2274 4813 4233 4586 4152 89 4201 1556 515 4206 3308 4398 3654 3618 1055 4841 735 4056 3049 356 4177 163 1430 573 3511 2841 1791 2129 838 2503 3104 2465 2907 1167 677 
3427 4889 3241 3899 1871 2087 925 205 706 3992 918 4144 1667 3274 77 2126 860 2726 3954 3522 3720 1578 2914 3623 2533 4356 1051 1867 1334 3590 3170 1323 615 1971 563 58 4804 4708 1481 4317 
981 4182 2524 3220 2006 2448 2323 2697 4407 4229 3407 320 2206 1748 465 1020 3062 3433 2618 3228 3762 3782 2520 1978 4855 305 579 4170 2056 426 2995 3120 4109 4793 3947 813 3285 2652 2055 2156 
4461 1218 862 4230 1179 42 1553 2647 228 250 2631 164 2352 4649 409 3351 88 3007 4493 1769 986 438 1818 4690 1757 492 3512 105 802 2994 1930 3347 3971 485 2198 2017 2182 4176 4341 1109 
1196 1775 1164 3313 932 3955 3067 1431 825 3382 43 1146 2312 4566 408 2668 946 507 2653 3731 1265 152 4817 3102 279 3428 3960 1683 3519 1202 4131 4675 416 4097 1390 3636 1753 1987 3830 3586 
917 2636 691 4891 3546 1356 729 1237 3744 1324 2531 4000 3250 2256 3821 1610 642 2320 1305 2175 1849 4769 4532 1621 1582 2475 4368 4902 3715 3793 739 1794 1943 4312 2731 2265 3651 3706 3780 2134 
2893 4696 1875 3742 3391 4792 2947 3199 4690 2313 2072 3515 4806 711 445 4202 1618 2618 139 3499 1814 3056 658 990 3627 148 2426 1989 4015 2416 544 2681 3151 2591 946 4088 3792 2036 4679 3657 
2801 554 2888 3454 739 1660 1480 749 383 3792 4159 3772 2520 1486 116 4549 377 1265 4569 2563 867 4260 3368 4846 4663 2551 1836 3265 1063 4611 3687 3270 203 837 784 252 3184 4885 2693 2087 
1811 2742 1855 286 1175 37 1685 984 3551 1971 2866 3010 3398 2691 157 1024 2262 390 176 1518 1084 4367 1363 1484 3106 72 1145 1583 3456 355 650 984 1563 3752 2202 508 4717 1159 2166 873 
1245 3602 751 139 4125 3665 2910 248 688 3106 2585 2365 690 4192 1976 2599 1150 483 2386 368 2867 4523 916 1418 418 519 4329 4620 1732 2457 1614 1513 2613 379 4019 1744 4368 3691 4362 1717 
1635 4021 1234 365 4885 35 254 3078 85 3433 1447 826 2070 2247 2267 76 4178 3359 4545 1259 2327 1394 3785 1796 104 792 4884 1817 1754 3404 4466 3860 1819 3253 3536 4420 1178 3374 4494 4593 
1774 4470 516 1659 1426 2619 1734 3375 301 3936 4599 3673 828 1203 3098 3613 1527 1212 1572 1093 3454 2772 3794 4817 2083 4899 4268 3497 3746 1188 2091 3783 122 4296 279 51 2603 2936 860 1605 
4365 13 1554 3812 3410 3338 2241 4676 4543 4825 4424 4315 1433 2415 3060 4147 3010 760 3008 2179 821 469 4701 2848 2726 1369 4193 1804 1586 2880 3393 3101 4847 1835 3395 1136 3041 1138 1580 2376 
1781 2592 4035 4031 2834 1259 3873 862 1775 4273 3204 3540 1304 454 1516 1763 4754 424 4384 3290 2527 339 4399 1042 2236 528 1757 3254 4660 4124 4511 3756 1875 4431 4316 4809 2785 312 915 2484 
11 2385 2665 3038 4196 378 1977 1517 3248 2619 3068 4032 3409 3139 200 265 365 1429 4679 3283 2577 4718 4431 2415 2732 3034 2878 4577 2526 2760 4741 1030 3115 1739 4881 3246 3570 3559 1307 3675 
2854 1809 902 910 2546 2811 4439 1217 3868 4742 1984 2536 3194 86 2326 735 322 2594 2042 1698 4269 598 2103 4119 1159 2592 2161 396 4548 3104 1165 1372 3170 1642 1255 3189 1393 3475 1668 4725 
2169 2113 484 135 4859 508 1098 3931 3594 4670 1474 3256 2375 1676 805 3607 44 3357 4100 1557 1320 3140 2130 925 2029 4481 1008 4676 3694 2956 160 3287 3688 3837 1607 3443 3440 4673 1105 632 
1613 168 1851 274 265 4080 2277 4243 4867 1468 3574 3828 481 2072 2309 572 4897 1556 2176 1199 1153 4523 2652 2999 2676 3584 4756 529 4021 695 1836 3478 530 1754 4839 2963 4046 1125 4777 4554 
4522 369 2756 4170 1489 1562 2068 4739 1204 3530 257 4415 4421 447 2805 2595 1173 3154 2083 2455 4432 2663 4802 2751 2969 3989 4509 3682 2670 2287 2916 3452 1617 3035 1154 646 2855 2039 194 328 
698 3698 3204 2936 1821 895 2495 3125 2792 4155 3896 3483 4494 204 2957 4527 3343 3487 4472 4834 3215 1451 3112 3169 4424 1808 4484 4704 4656 4331 1070 2831 2419 1213 2623 3086 2586 338 924 4143 
2832 907 1589 1316 1797 2383 743 1449 3995 700 1935 3887 3689 284 1064 3613 449 3769 457 767 2469 2717 3491 769 4104 1030 98 2283 2931 3993 4563 1132 4105 3971 396 3858 3399 4417 1063 3533 
3163 2927 2394 4109 1361 3442 4554 2856 4728 3421 4398 164 2138 3713 488 4261 3015 379 438 2842 2346 1582 4012 3751 4602 1200 4369 2898 4448 4623 3269 1596 3771 4054 1241 2043 2319 288 3573 3734 
1551 715 3189 3176 1456 1979 4893 1708 2890 963 1248 2505 1512 1123 1091 1401 1073 3324 2584 2927 2337 2985 2391 504 3843 4708 896 695 2850 1748 472 2089 106 681 3333 1509 2480 1548 2616 1009 
2525 2779 3333 898 1447 243 2851 3527 3638 2543 671 2168 2274 949 4274 4650 2845 4242 4674 4354 1447 4883 2140 723 3151 4501 1847 1596 570 3985 258 3404 271 4067 2714 2308 3875 2814 2118 2734 
2618 969 4566 4241 4482 2444 2753 4659 4348 3751 2068 4835 2236 2792 3603 79 1414 1800 2482 116 4047 2666 437 3034 4667 2482 3481 93 3016 2518 3352 2833 299 1066 590 1651 2428 1423 2146 4512 
319 500 4259 3245 37 636 2251 4857 3509 3357 3758 4849 1183 2789 2850 2433 2190 2391 2466 1508 3109 1933 735 4016 4713 2240 458 4593 1868 35 1776 900 741 3186 2451 3575 942 3490 3490 2438 
3387 1551 2940 2845 1912 3403 1654 4743 4634 3793 4537 4761 2851 3447 1591 3948 147 3536 4204 2397 1924 3516 1312 2999 744 4326 934 2621 21 515 3119 1349 2904 625 1221 3325 2369 262 3677 2251 
4611 2273 4826 1795 669 1396 2017 87 2176 2667 3538 4583 1882 1612 2443 4476 2880 2862 2369 723 4356 4262 327 2344 1321 4079 344 3405 4549 4613 3742 457 882 4866 1574 1891 1210 4829 2955 3033 
1228 1171 1122 4750 4319 221 1972 809 1406 3500 4097 3937 3391 2998 2126 112 725 3282 445 4046 2897 4400 434 4160 407 3062 407 2600 3464 2692 2971 2098 459 986 1678 4486 4752 364 834 2947 
37 20 5
52 33 20
79 7 24
29 32 23
27 2 27
84 16 8
4 9 40
66 17 6
17 18 36
74 17 24
80 25 34
79 14 17
77 2 34
39 19 6
27 16 27
56 16 26
17 3 40
33 11 35
33 31 24
42 8 1
12 36 3
19 21 3
63 7 2
8 14 25
12 18 18
85 37 39
7 34 36
38 12 9
76 6 17
49 24 9
12 16 27
5 34 9
45 11 34
14 10 6
28 6 14
34 22 6
46 15 27
61 30 31
79 14 28
77 21 24
55 16 7
56 9 12
27 15 33
11 6 34
35 31 17
62 28 29
14 22 10
55 25 22
61 21 13
4 6 22
68 12 40
12 35 8
64 9 6
23 29 30
70 28 27
57 24 7
40 1 3
47 8 19
79 35 38
23 38 35
15 1 40
80 10 25
58 23 13
82 12 22
49 21 24
55 13 7
74 19 38
16 26 35
75 17 23
27 12 27
7 17 23
37 13 6
68 12 23
22 31 23
34 22 5
84 7 1
56 2 33
25 3 40
45 8 10
5 10 14
63 10 7
46 23 38
51 1 13
5 21 8
61 29 26
13 38 31
51 30 4
59 8 10
43 5 5
45 14 1
42 10 32
1 18 16
71 35 9
33 3 36
79 11 14
79 36 21
65 6 2
14 29 1
5 3 11
22 38 36
14 34 23
35 26 14
13 11 4
29 3 5
77 22 40
46 9 10
11 27 21
49 33 36
10 19 21
50 25 24
83 16 16
76 15 16
30 17 40
27 37 17
83 2 32
73 2 32
57 7 27
8 29 21
64 28 39
30 24 2
27 18 32
55 35 37
56 38 1
52 10 21
21 21 40
67 24 25
39 21 28
21 19 4
22 23 11
4 23 4
41 29 25
23 34 35
16 1 19
69 29 6
65 6 32
30 15 40
14 21 9
15 8 36
86 10 22
2 24 36
17 15 29
79 9 25
37 3 5
74 36 28
29 11 14
22 24 8
47 36 9
77 21 8
25 27 20
49 13 4
58 1 28
79 4 29
85 34 28
64 38 25
16 32 24
33 15 21
22 28 15
6 7 19
75 38 39
79 26 38
30 5 3
48 21 32
40 26 2
60 21 14
62 38 21
75 27 19
66 12 9
75 24 6
64 1 39
53 1 5
54 1 15
45 34 18
7 1 32
21 5 2
24 24 17
58 37 9
74 37 37
84 35 36
77 12 37
64 16 1
5 7 31
22 21 10
26 22 33
18 28 28
24 12 29
44 6 31
83 33 11
61 9 19
60 30 21
58 6 6
28 12 2
37 10 4
77 11 23
75 11 29
13 7 24
69 17 1
78 27 11
14 10 4
57 3 10
5 35 1
83 38 9
43 33 8
46 25 5
52 12 33
76 32 4
4 14 15
38 20 36
32 12 5
56 26 26
49 38 17
3 27 24
58 7 11
15 17 11
29 26 11
5 2 5
25 36 21
41 15 34
32 3 14
37 25 24
76 7 21
10 5 9
85 35 32
36 8 25
68 14 2
3 29 34
34 3 6
63 19 39
69 2 20
71 21 35
34 10 36
14 29 22
15 9 18
72 33 33
10 7 26
22 14 9
53 16 1
7 24 38
53 35 30
81 17 5
2 21 20
19 3 5
32 9 7
37 26 26
42 37 27
68 30 25
5 24 13
19 31 27
47 12 29
44 4 22
63 24 4
25 33 30
24 37 24
70 1 17
27 30 21
22 11 11
73 6 40
4 13 8
18 29 32
82 13 17
31 31 10
28 24 17
46 19 29
18 8 17
20 30 11
69 28 17
25 17 22
53 3 1
48 9 2
14 2 36
46 17 40
52 2 9
54 11 13
38 33 11
11 26 8
5 5 27
51 4 9
42 28 12
42 11 36
38 29 9
72 22 6
26 28 5
29 14 6
37 29 2
63 4 8
11 35 5
79 7 10
75 20 27
72 19 16
51 5 6
71 30 33
74 35 31
22 14 31
12 9 26
21 27 17
10 9 31
70 24 5
58 35 17
36 3 26
31 23 35
1 22 20
39 12 7
28 3 7
2 36 29
30 20 19
30 27 11
31 32 40
70 33 5
33 35 1
83 9 4
47 12 27
43 26 37
84 33 11
36 5 18
4 36 40
9 3 16
16 15 25
83 21 22
29 9 33
64 27 38
14 6 30
11 7 11
17 29 40
72 7 36
29 3 2
12 17 39
44 37 17
80 26 17
17 22 25
84 32 18
66 27 38
79 8 7
40 3 7
30 7 24
42 23 7
69 31 25
73 12 12
18 17 27
3 29 11
9 21 16
65 35 12
83 30 22
23 3 16
35 28 5
48 8 3
78 2 3
59 38 27
38 12 3
48 38 9
48 28 20
5 17 10
62 11 20
38 1 23
46 6 33
84 34 9
72 9 9
66 24 7
4 4 24
51 5 9
13 17 25
62 14 22
29 1 38
4 22 23
42 18 34
72 35 6
59 7 16
56 27 31
4 37 28
3 30 5
69 15 37
31 6 2
70 26 40
82 3 32
49 3 36
33 26 13
54 5 25
70 12 38
37 36 9
27 12 4
6 2 33
78 19 6
42 7 40
23 27 15
5 21 38
71 29 32
12 16 28
83 4 10
78 1 29
36 6 13
12 36 40
9 28 14
52 33 31
33 35 26
23 22 38
22 10 29
32 4 3
14 17 3
30 7 23
10 31 35
2 34 7
79 14 11
1 36 34
81 5 3
28 36 2
57 17 9
51 28 1
3 22 21
56 8 39
82 22 33
53 33 21
51 2 34
8 23 6
68 14 4
81 20 8
1 21 25
70 26 11
44 23 5
69 7 40
82 2 29
78 17 37
52 15 1
36 2 23
43 38 18
55 12 20
59 3 11
15 22 9
57 25 40
47 19 4
60 14 22
19 1 17
44 27 31
18 9 17
72 2 5
49 22 30
18 27 16
86 35 4
28 1 8
24 17 33
76 3 34
67 25 9
49 11 34
59 28 22
45 15 39
24 35 36
82 22 23
23 29 17
45 24 8
38 23 13
48 13 1
36 8 9
54 20 12
48 15 13
3 5 18
80 18 26
59 6 30
45 7 37
66 20 25
48 3 27
17 7 1
37 1 20
12 37 40
27 18 9
67 30 40
43 1 8
73 11 25
13 36 18
81 5 9
65 30 2
62 32 6
29 6 34
26 17 31
13 2 28
38 6 33
28 26 34
28 13 11
44 32 40
15 22 4
62 33 26
66 16 10
53 22 23
80 29 22
45 15 14
75 6 9
62 14 40
1 36 7
26 9 26
78 37 25
10 33 8
66 28 2
48 3 33
82 10 4
3 37 24
11 26 22
13 24 11
36 15 12
54 4 35
33 33 35
58 10 29
20 34 1
82 18 13
66 13 31
8 27 40
84 36 31
5 18 11
39 6 19
66 32 8
60 33 25
42 13 24
37 16 1
46 22 4
31 11 23
31 14 38
68 5 31
25 33 27
19 9 4
69 5 19
74 11 5
57 14 19
82 22 20
63 9 9
34 22 22
54 30 32
5 36 14
19 20 6
5 28 15
37 8 7
78 18 29
84 28 2
19 1 40
74 34 2
47 15 36
47 2 23
56 35 23
81 20 27
55 12 34
38 27 26
74 15 17
18 11 2
16 5 30
55 13 11
22 8 10
8 22 4
52 25 15
32 22 6
5 5 10
58 9 11
60 36 27
54 24 33
59 19 30
55 20 13
47 20 3
35 7 29
70 30 32
50 16 13
59 36 1
25 38 11
5 17 8
79 16 12
41 13 6
42 24 17
53 1 16
86 12 15
13 26 9
39 8 7
9 32 21
9 30 2
11 19 7
62 12 4
67 17 31
34 9 10
79 9 40
29 17 26
36 24 17
49 30 10
74 23 15
57 3 5
15 28 31
74 7 13
60 28 13
32 11 2
22 19 19
64 18 22
82 3 24
17 23 19
66 34 2
70 31 5
32 34 39
70 15 21
20 11 38
51 33 23
86 35 39
80 6 32
62 28 4
5 10 17
59 18 16
16 7 16
1 11 14
46 24 27
57 19 9
68 9 14
77 34 34
41 17 4
44 34 28
31 12 8
68 4 13
53 4 33
10 17 5
32 37 27
15 27 20
77 1 5
29 34 16
73 18 30
23 14 12
84 4 34
83 29 22
80 17 34
79 16 23
68 22 22
53 24 20
59 10 20
21 19 34
4 32 19
26 1 2
30 25 20
25 27 15
82 2 40
6 16 4
63 33 23
19 28 29
17 28 13
32 20 40
32 18 26
42 36 2
15 37 16
22 22 16
47 31 11
42 28 16
37 2 13
75 34 24
75 22 20
86 4 5
58 38 38
76 20 36
2 5 33
64 14 36
50 21 32
85 7 22
5 1 26
37 5 12
67 17 13
56 4 15
38 23 17
3 35 24
13 27 10
49 38 37
68 8 36
47 6 30
7 9 28
55 24 22
61 3 22
53 22 30
38 4 38
5 23 20
39 6 10
52 25 8
7 4 4
52 34 27
67 35 16
24 30 30
85 3 15
16 5 40
12 29 16
84 2 19
8 11 18
47 27 26
63 32 32
68 7 27
19 28 15
42 3 20
74 31 40
74 30 21
76 33 31
44 10 8
73 8 2
71 38 39
77 30 20
6 22 10
25 21 13
36 25 3
15 23 33
40 17 5
60 8 22
42 35 38
67 5 6
20 38 25
17 29 1
51 37 37
27 24 39
67 5 39
13 17 35
15 16 9
53 31 40
2 19 34
28 16 27
61 34 10
41 25 4
39 31 14
62 2 1
42 16 8
21 32 4
53 22 37
71 6 29
26 37 5
18 29 4
31 6 32
59 10 35
37 38 18
52 8 37
11 1 19
10 12 40
77 25 36
28 5 22
4 17 9
78 2 1
5 27 8
72 33 25
38 14 39
74 21 14
71 13 15
34 5 21
65 4 32
37 10 22
33 19 28
62 27 31
77 1 14
57 17 37
2 18 4
22 9 5
78 9 4
78 16 16
13 9 40
28 15 5
13 32 27
31 18 34
54 9 34
38 23 38
4 22 9
74 36 23
61 27 11
25 7 9
33 19 35
16 15 24
65 19 10
26 19 13
10 31 18
8 33 39
27 5 4
44 23 2
62 31 13
15 17 14
57 20 12
27 32 14
39 7 7
62 28 33
35 30 34
73 33 25
56 22 34
41 26 37
30 24 35
78 17 15
76 10 11
74 24 8
64 15 14
21 15 25
52 31 31
55 25 13
21 17 36
44 32 16
78 25 24
60 25 28
35 1 29
28 19 19
14 22 28
75 23 24
39 23 19
6 28 21
72 26 31
50 29 18
10 4 20
43 23 5
37 13 40
72 36 4
60 17 4
84 21 18
13 28 9
39 11 3
38 18 37
80 9 27
49 2 31
54 8 36
18 8 6
10 13 28
67 5 11
50 15 6
51 19 25
1 27 27
60 8 23
70 22 4
72 18 32
55 14 36
73 32 25
44 6 21
7 7 21
29 12 25
27 11 23
77 28 12
23 34 12
56 2 14
8 3 17
67 11 11
44 9 13
83 9 37
23 22 28
27 12 18
22 23 17
63 28 4
17 24 10
47 16 3
2 22 34
68 32 13
65 31 29
4 2 38
3 36 1
19 3 21
37 22 39
42 20 35
29 16 24
17 28 39
79 1 6
37 5 15
45 2 19
49 17 29
53 6 35
39 6 13
40 36 29
28 38 7
8 3 13
53 26 32
69 18 18
10 38 4
18 33 21
62 10 39
25 32 25
45 9 15
48 23 21
74 10 35
8 18 34
25 6 29
78 3 27
75 30 38
77 7 30
83 18 28
59 19 28
52 31 30
19 32 5
75 27 21
29 17 1
60 23 17
13 1 7
44 14 9
46 30 35
4 7 7
18 32 25
1 26 22
36 21 32
46 4 30
75 3 24
8 18 9
32 12 32
40 31 13
50 27 3
81 32 17
63 38 9
83 31 5
72 14 38
36 6 10
64 10 8
72 20 22
37 13 31
72 15 7
69 30 28
80 23 1
16 13 15
60 22 9
4 2 30
22 31 21
36 30 37
1 6 32
12 18 29
45 18 10
13 8 16
53 6 17
58 26 18
16 4 39
18 37 9
38 16 11
59 27 29
83 8 19
6 12 36
76 24 31
18 28 7
61 28 38
85 6 32
47 11 4
53 4 6
63 33 32
18 36 31
3 13 2
21 18 23
20 35 36
10 9 31
34 36 8
84 7 32
69 14 14
67 24 5
18 10 23
75 30 30
28 17 13
5 11 9
83 21 40
37 22 38
17 16 8
12 2 19
22 24 27
64 13 36
43 10 38
6 19 20
6 13 6
11 2 3
63 25 9
18 9 17
25 8 7
37 18 14
33 10 10
41 13 34
4 8 36
51 7 1
28 21 10
37 8 19
47 31 17
34 36 20
38 24 1
17 10 39
35 13 6
76 4 30
28 25 3
79 27 4
19 28 29
71 5 22
9 26 14
14 24 1
82 25 2
62 6 14
82 9 40
47 12 15
47 7 3
9 12 2
13 37 40
62 15 38
8 6 6
10 29 39
38 10 34
12 24 28
30 21 36
60 2 26
48 18 21
78 5 18
36 38 30
63 28 14
59 8 1
11 20 12
79 27 29
69 8 28
29 25 34
47 2 32
57 22 40
14 21 30
52 15 15
15 13 21
64 33 15
74 4 9
69 34 30
36 4 17
61 27 32
58 30 38
18 30 30
53 9 18
52 30 39
84 21 6
43 24 20
68 24 25
12 34 21
13 17 1
27 5 34
77 37 1
3 38 22
60 32 35
67 11 1
28 34 16
57 27 7
36 35 30
29 14 2
26 8 25
9 25 33
70 22 4
42 22 3
83 20 37
33 36 19
78 33 32
52 7 19
44 20 11
6 3 25
86 20 30
43 34 24
36 27 40
39 15 3
53 5 29
10 23 35
75 15 13
29 10 10
47 7 28
3 1 34
22 24 36
7 1 26
65 27 15
50 30 37
41 13 25
70 14 5
51 24 12
71 1 26
68 24 7
43 37 38
33 5 4
43 6 11
37 6 27
44 28 8
30 30 15
69 21 26
28 35 20
47 32 28
4 36 22
17 38 34
62 32 37
7 19 31
41 5 26
55 13 2
21 29 11
6 3 2
26 2 28
24 2 11
72 37 7
49 24 10
40 25 28
41 38 29
23 29 3
84 7 9
41 7 1
1 15 2
76 13 13
51 22 22
64 19 12
57 19 28
52 15 35
5 22 40
12 30 14
39 33 13
67 28 8
60 16 6
78 21 26
19 23 17
6 3 25
52 38 27
8 34 38
23 3 38
3 7 26
64 6 19
3 5 14
46 5 33
23 9 23
41 16 28
76 37 4
70 14 22
81 12 5
30 35 21
34 37 38
21 12 7
22 14 28
28 35 18
20 26 12
66 11 23
26 13 5
72 31 13
61 34 2
56 1 39
60 38 30
86 35 21
48 12 9
15 31 20
86 33 22
30 36 23
72 22 24
69 1 4
86 31 2
21 3 22
1 36 26
19 3 36
2 26 31
78 31 6
50 33 7
20 16 36
13 31 40
32 3 25
18 25 39
50 6 31
65 19 36
47 35 5
86 10 29
11 30 9
31 32 30
49 29 31
72 29 30
34 29 26
63 8 11
1 20 28
36 5 14
7 37 5
27 37 32
68 7 22
69 18 17
23 16 3
84 14 3
41 29 22
75 24 23
86 9 8
15 34 7
48 5 22
38 13 13
55 16 21
65 31 14
24 24 25
82 35 9
57 20 20
18 24 28
11 26 4
23 36 30
57 7 9
39 17 31
58 19 1
6 24 27
11 27 24
79 35 14
68 24 30
76 12 3
21 5 36
56 35 24
16 5 31
57 31 37
73 17 11
83 29 29
22 2 16
33 29 35
1 19 26
71 20 23
76 16 24
82 2 10
17 28 27
19 31 10
36 29 27
13 32 15
21 5 31
14 31 40
64 14 39
6 9 1
81 9 12
78 2 17
86 6 12
80 2 13
13 13 25
41 3 32
85 34 32
77 3 37
61 12 33
36 19 19
68 13 38
62 22 22
85 36 16
8 25 32
80 22 4
71 33 36
38 7 30
44 6 2
35 21 32
49 14 20
71 37 4
25 3 8
75 21 36
15 18 15
44 13 18
66 9 32
5 8 14
58 10 31
10 18 5
59 15 2
77 27 25
22 26 26
85 19 35
56 27 13
44 8 38
3 32 12
15 28 17
44 33 10
72 17 26
85 37 21
12 32 17
51 15 7
18 17 24
69 14 19
36 23 33
77 5 17
45 19 16
69 22 16
14 28 11
59 36 20
40 12 34
3 2 38
72 23 16
28 3 19
16 10 35
13 21 26
69 25 10
17 15 19
83 34 14
24 10 14
5 13 22
14 24 36
65 37 35
70 30 2
32 6 15
76 33 37
14 7 40
46 19 15
9 13 17
60 15 9
16 23 17
80 19 40
17 21 19
62 15 33
13 13 37
24 18 40
49 4 35
15 3 27
22 11 24
24 36 23
53 35 9
60 38 31
16 30 26
58 18 29
68 7 35
74 18 23
22 20 40
42 17 9
85 35 37
55 33 32
85 37 4
15 18 5
32 21 16
84 4 29
71 30 12
79 28 26
35 37 23
28 36 20
30 34 29
6 20 10
9 20 26
5 22 26
47 35 11
47 19 15
7 3 15
27 34 32
70 20 4
64 19 9
86 37 37
14 2 33
13 24 2
15 14 33
38 22 12
15 11 12
36 1 28
67 25 23
17 29 34
81 23 39
56 5 38
51 37 38
50 35 28
15 23 25
60 18 6
77 33 1
67 21 33
37 14 8
31 14 37
56 21 5
46 37 1
48 14 18
47 2 39
57 29 15
72 8 22
19 24 17
81 22 8
29 17 7
48 7 33
79 9 9
46 9 18
32 23 15
31 27 2
14 17 22
73 11 2
29 16 6
23 14 9
30 16 20
74 19 5
32 34 5
57 12 5
1 38 6
66 23 33
60 15 16
38 10 36
30 7 18
1 13 32
2 10 31
50 8 13
36 19 31
79 28 2
32 26 22
75 2 19
69 23 11
63 26 32
65 32 18
47 35 8
31 29 38
32 4 40
6 36 35
30 18 10
22 32 5
3 12 23
11 38 18
21 8 3
74 31 35
63 2 26
47 1 39
79 2 40
37 13 3
16 11 22
76 23 25
52 23 11
44 25 31
67 23 29
10 16 26
75 33 31
77 12 6
5 37 9
11 7 4
15 6 19
22 6 37
5 19 35
28 24 25
10 28 26
83 22 17
6 38 5
39 33 26
22 14 3
34 27 28
25 6 24
66 2 23
76 24 3
47 5 32
75 6 8
40 3 40
20 23 5
68 17 39
28 36 22
60 32 1
83 36 4
30 11 35
26 16 28
82 28 9
2 8 24
63 6 36
79 17 26
72 10 28
74 29 30
59 22 2
24 35 22
79 38 4
56 38 2
78 26 36
38 19 1
38 3 16
51 9 9
81 3 28
73 9 33
86 9 23
24 4 32
40 35 8
44 32 13
68 9 32
10 27 29
15 3 12
20 7 32
85 18 6
18 9 8
11 2 21
83 29 18
26 32 21
31 19 5
53 34 21
77 19 39
53 8 6
63 34 33
70 19 24
71 30 20
18 4 40
53 1 28
4 16 38
72 31 19
63 7 40
71 5 12
24 16 18
5 4 15
42 38 38
57 30 38
13 29 29
54 5 2
48 33 2
86 20 12
51 21 10
21 37 29
24 13 31
63 34 21
40 28 16
76 10 36
56 26 36
82 36 8
60 33 9
59 28 23
16 5 28
42 15 24
44 29 34
23 27 16
56 28 18
61 9 31
15 28 28
33 32 16
6 31 2
36 1 29
12 19 34
16 21 34
13 36 38
33 21 21
79 22 5
65 18 14
30 7 21
22 9 6
30 1 31
60 11 30
15 18 22
74 2 11
59 5 12
40 36 16
70 38 25
47 7 1
77 7 25
37 28 11
82 22 26
80 25 40
23 36 19
32 22 11
39 6 18
29 21 5
44 38 3
31 29 32
18 31 32
59 15 12
84 9 39
48 23 13
82 33 23
49 38 39
67 2 16
80 31 32
3 2 14
31 38 34
79 36 19
3 7 6
56 4 36
69 28 20
57 20 30
65 37 18
6 16 20
56 25 25
59 9 8
41 18 13
24 1 8
19 25 20
29 22 24
69 10 24
51 24 3
32 4 39
85 25 18
10 26 11
64 3 11
86 26 25
83 14 22
9 19 5
58 38 24
8 11 25
7 36 13
60 13 32
58 17 31
64 27 30
31 31 2
2 27 32
51 36 6
67 17 11
84 6 31
5 1 17
54 26 36
23 38 34
76 23 19
69 7 11
7 14 3
82 21 19
6 13 3
67 32 9
7 15 35
6 31 28
67 23 26
86 14 14
18 28 4
54 34 25
21 20 9
82 24 28
53 10 21
35 37 40
86 11 29
78 14 9
70 18 15
12 33 31
85 4 16
81 17 4
4 38 28
43 20 1
12 31 8
2 28 12
79 38 21
57 27 1
77 4 36
77 12 8
14 28 10
43 15 23
1 6 10
32 31 9
42 25 12
83 2 6
44 10 22
8 13 8
42 6 27
29 6 36
9 4 24
8 32 32
42 8 7
59 29 20
54 7 19
55 35 28
33 11 34
25 37 37
60 15 9
42 14 29
12 29 13
20 29 12
24 33 16
83 19 21
85 31 8
6 23 39
56 34 29
67 37 13
54 7 35
16 12 3
9 23 15
7 37 39
13 14 27
78 27 38
7 26 24
80 11 33
80 20 3
39 1 29
73 16 7
66 33 34
30 31 29
45 5 9
19 35 40
37 27 20
40 33 36
86 4 18
16 31 40
81 35 8
82 35 34
32 31 38
45 7 11
84 10 6
44 28 10
52 3 13
12 24 7
78 20 37
63 38 34
37 15 39
46 37 23
25 23 21
68 32 38
10 29 37
57 8 34
33 14 4
12 27 6
19 29 36
12 27 14
45 9 30
62 32 33
6 5 19
26 29 5
25 36 11
81 32 34
10 7 1
38 3 10
13 7 31
6 24 30
50 30 36
83 20 36
76 4 37
14 26 2
81 24 33
85 38 12
11 31 15
4 1 24
15 20 32
14 13 18
52 20 23
34 23 6
46 17 26
36 37 35
69 20 14
14 31 9
47 29 27
26 21 27
70 38 17
8 34 23
56 25 35
55 5 34
69 20 39
27 38 5
68 26 32
78 22 5
18 32 27
14 21 16
37 7 32
5 4 18
82 4 25
81 4 7
29 4 30
67 8 29
44 23 23
13 8 7
40 10 4
49 5 39
82 22 12
18 11 35
58 27 35
43 37 20
3 13 9
65 5 8
76 15 14
19 27 1
15 13 25
47 30 27
69 2 16
77 23 29
79 28 7
45 16 22
17 37 8
76 12 22
7 22 1
4 1 31
62 21 14
20 29 25
10 35 36
80 2 24
74 2 8
20 26 39
4 15 30
45 23 36
48 7 2
15 23 40
63 32 17
12 15 19
55 5 37
76 14 9
42 26 29
20 12 7
6 31 32
9 19 32
4 25 15
23 7 13
27 5 30
54 10 10
44 21 5
49 30 25
54 8 23
3 15 25
22 6 3
72 19 19
24 13 18
78 35 31
73 30 21
14 3 39
7 14 16
25 14 10
7 18 23
70 23 26
17 22 6
6 23 34
34 1 3
27 16 14
72 14 17
67 20 39
43 24 39
33 8 22
50 22 9
9 26 30
71 1 21
59 27 7
13 13 30
33 35 11
25 10 38
32 13 4
2 15 30
67 13 14
3 3 26
46 6 36
59 33 38
83 35 40
20 1 30
81 32 33
51 12 5
39 15 28
36 14 39
4 35 32
41 2 18
70 11 20
15 19 3
84 8 25
32 23 22
3 30 32
20 37 5
42 6 25
5 6 13
64 16 27
14 11 3
32 14 8
26 4 35
56 5 23
41 24 4
33 16 3
41 11 10
85 28 19
38 25 40
84 17 30
76 17 28
27 7 20
15 33 11
58 19 13
18 3 26
58 12 11
6 12 12
3 26 32
16 12 29
29 17 28
75 15 32
62 38 39
33 20 4
54 5 25
25 36 6
26 13 8
27 13 1
41 28 4
67 24 1
59 21 18
65 2 31
44 9 1
12 7 6
27 27 26
41 8 19
8 38 1
76 14 39
43 6 4
34 17 21
74 14 9
60 31 36
26 33 19
82 5 27
47 19 27
81 31 29
46 3 12
80 36 14
31 10 14
10 11 10
64 38 3
69 4 33
78 33 35
18 35 26
52 17 35
80 22 4
35 25 37
27 3 23
70 2 34
14 3 32
48 5 10
22 12 24
4 12 17
61 38 13
77 13 19
71 17 24
73 7 5
31 8 1
26 14 36
19 27 31
82 6 1
47 38 10
54 5 14
36 11 20
71 14 15
24 5 8
86 25 40
49 6 8
61 18 33
28 22 38
85 26 34
31 28 28
41 37 39
45 9 27
80 25 30
70 24 34
44 23 25
77 9 34
53 2 3
32 8 1
27 8 10
53 37 5
29 29 5
8 6 27
50 19 26
58 32 6
24 32 28
63 1 30
1 35 14
4 22 4
79 28 31
42 36 12
1 7 2
35 14 25
12 12 32
12 15 33
58 35 14
78 14 5
10 13 17
29 26 10
62 10 24
1 10 12
19 21 19
15 27 24
84 30 28
51 31 30
50 12 17
9 22 15
77 21 31
82 5 37
59 28 34
37 23 13
29 7 36
58 8 31
12 23 13
41 5 25
56 31 23
49 4 23
11 7 22
74 30 27
41 25 26
81 9 6
85 37 32
66 24 3
14 34 38
20 12 22
25 20 37
65 31 37
3 34 17
18 33 31
20 8 34
62 24 6
24 9 17
42 30 14
50 7 25
31 12 20
14 23 39
42 29 35
66 14 31
39 6 27
29 5 36
18 7 37
43 15 5
16 24 36
18 18 38
40 14 29
10 8 32
2 16 15
76 16 33
59 2 27
72 34 17
35 5 21
83 10 3
40 10 5
76 20 18
67 4 36
24 11 15
13 9 6
10 9 5
1 16 31
3 20 11
36 27 14
70 34 7
65 20 8
54 24 39
1 6 14
66 22 10
39 35 13
24 29 34
30 33 12
54 10 39
36 16 3
26 36 26
77 28 26
6 4 37
8 5 18
50 35 20
42 3 13
15 15 24
70 37 15
10 32 30
28 35 10
55 24 25
51 24 3
4 25 37
7 34 9
43 32 32
64 18 32
82 20 19
48 32 19
9 29 19
13 13 31
60 20 37
33 10 25
82 11 36
54 17 23
29 31 24
75 20 16
34 3 39
15 12 24
16 11 29
42 23 11
34 15 14
11 20 15
15 34 35
41 21 17
45 32 39
61 10 36
82 36 34
84 32 17
3 1 1
54 13 39
70 8 33
52 19 39
80 14 8
73 3 18
2 36 16
39 27 4
56 2 36
32 26 6
12 32 31
63 36 22
68 9 40
82 5 7
24 4 34
54 26 27
10 4 31
50 15 10
11 3 25
67 11 15
67 12 20
23 21 30
83 26 32
27 27 24
35 16 12
81 22 18
37 27 13
68 18 30
21 9 15
26 9 24
59 1 6
49 7 40
53 9 40
36 26 3
48 27 20
44 34 36
67 7 37
19 25 3
18 29 20
85 37 4
66 37 16
16 36 8
85 37 12
64 21 22
49 38 34
76 18 1
65 3 6
56 28 11
7 17 29
84 4 9
14 26 23
50 17 33
14 13 9
40 23 34
65 32 22
33 17 33
32 33 27
37 23 18
19 38 4
58 1 5
35 20 20
58 22 31
9 25 13
21 1 34
55 30 23
8 10 37
79 11 6
20 20 39
58 30 21
84 18 2
32 33 15
43 16 35
65 11 19
8 15 24
3 23 34
51 7 14
67 8 36
51 31 6
55 12 6
39 25 2
16 4 7
63 35 1
34 9 4
18 18 18
5 4 4
71 25 14
75 15 23
67 29 8
86 32 12
46 29 4
4 6 36
52 17 8
52 31 6
20 19 8
77 11 12
39 13 26
41 25 35
39 32 10
37 24 22
63 18 6
49 26 7
48 11 21
38 1 26
20 6 9
23 35 39
13 36 15
47 4 29
46 22 9
2 29 23
50 23 19
85 17 3
25 21 14
75 21 17
74 1 16
27 12 26
72 34 19
77 1 30
18 12 13
12 2 29
61 36 13
60 11 27
85 1 2
70 2 4
68 31 6
72 17 6
29 24 4
68 25 7
49 35 12
20 38 4
39 22 24
86 13 11
46 36 19
8 17 14
59 19 22
43 6 7
4 31 7
2 30 34
58 18 7
10 23 20
67 14 34
64 10 35
19 15 27
58 27 8
67 29 37
26 22 19
34 33 14
74 6 35
33 30 22
78 36 35
3 10 32
38 18 13
28 14 31
58 5 3
84 27 37
4 17 9
35 25 9
61 33 31
77 35 20
39 15 2
43 24 12
17 7 38
63 7 36
35 17 21
75 4 20
10 11 25
67 12 4
86 25 38
81 3 14
48 29 32
43 3 18
50 10 7
28 11 23
6 15 29
78 20 35
81 10 37
12 29 9
40 38 34
42 35 9
53 35 33
16 35 34
25 12 35
31 6 17
54 9 35
75 23 3
22 36 33
9 27 4
37 37 31
7 21 29
76 19 39
16 30 19
57 26 36
57 27 26
28 9 6
24 5 15
12 38 7
77 2 39
45 28 4
50 13 8
17 1 16
63 10 19
7 32 4
45 36 17
11 28 20
10 20 34
76 24 21
49 32 33
16 17 19
65 38 32
28 28 38
65 21 16
19 36 32
77 21 10
51 23 26
10 27 13
49 37 31
1 29 35
32 28 33
49 25 7
41 12 8
58 4 39
66 2 12
80 20 40
57 20 24
7 18 32
19 19 14
44 9 27
37 9 6
28 4 34
13 30 35
8 9 22
79 29 28
6 12 12
60 20 37
49 1 30
56 3 23
37 9 1
10 1 39
27 30 7
81 24 22
79 8 33
29 37 15
80 12 33
8 12 7
64 10 39
26 35 34
55 38 9
46 1 19
35 35 21
32 38 10
47 14 20
54 21 1
22 9 33
44 33 23
55 2 31
76 33 16
73 38 37
11 15 5
37 24 2
52 21 33
23 17 15
12 6 27
57 27 12
42 16 24
53 37 25
68 25 25
34 11 32
34 22 32
41 17 15
33 8 2
40 26 2
20 1 13
80 38 5
16 28 33
58 14 2
30 26 22
82 6 15
69 35 5
37 8 35
61 3 31
53 3 25
8 4 30
80 31 32
36 32 19
34 24 8
11 31 14
20 27 20
67 8 22
68 18 19
34 27 18
15 24 8
52 7 37
19 27 19
35 32 40
39 29 37
82 2 14
50 8 26
62 8 13
84 3 1
73 8 34
27 4 7
67 36 19
61 10 33
2 34 35
30 18 10
63 23 37
68 3 20
84 16 11
37 9 1
43 2 33
17 11 24
11 6 14
13 5 5
14 29 23
18 33 18
3 12 3
58 14 40
3 5 3
70 21 13
5 16 8
29 18 39
1 34 6
63 9 35
73 27 23
41 8 25
36 31 11
5 7 24
50 28 33
33 37 23
63 25 2
10 28 28
70 1 6
81 18 16
80 20 5
51 18 11
6 38 19
45 9 36
28 30 20
39 5 37
27 34 3
60 5 35
14 36 35
11 11 12
61 34 27
74 10 18
43 36 7
58 32 23
3 7 30
35 38 5
61 26 2
67 26 19
2 33 21
63 19 40
43 24 37
81 23 8
20 6 20
54 2 22
15 6 17
31 11 28
46 21 2
58 1 17
12 9 27
18 20 29
72 1 16
64 26 14
33 30 37
20 20 34
79 10 21
37 30 23
15 10 40
83 26 3
58 5 34
11 34 1
53 37 34
33 19 18
54 2 2
44 15 39
11 34 38
74 29 27
28 6 39
56 27 40
53 19 3
14 1 10
22 19 5
34 3 17
85 34 8
64 36 35
42 8 28
35 28 22
47 13 21
64 33 20
77 22 37
48 7 6
61 28 16
28 31 36
69 3 19
6 22 24
11 4 36
19 8 9
14 27 18
56 31 17
17 15 11
45 29 30
29 19 4
30 6 16
53 10 14
77 10 25
76 6 36
54 3 31
21 16 14
15 11 15
40 6 12
44 30 40
40 15 40
19 5 6
46 26 25
55 22 39
54 34 29
55 20 32
63 22 5
65 1 36
61 27 37
41 15 6
70 14 4
2 30 37
32 16 16
40 12 8
68 12 23
9 32 16
37 29 19
79 15 6
1 23 4
59 4 20
79 25 21
33 37 38
60 38 2
82 27 29
85 32 29
34 25 40
13 24 16
54 22 22
43 22 2
76 27 20
12 4 4
51 14 20
56 1 27
24 14 18
81 29 26
48 35 3
12 22 38
38 3 40
24 29 34
15 30 21
83 14 15
25 24 4
1 18 9
63 11 29
12 11 31
15 32 23
22 20 18
5 12 39
83 23 40
74 32 22
6 37 5
42 18 2
64 24 19
16 19 19
63 15 24
39 35 2
86 4 33
57 27 12
78 36 11
12 4 32
47 14 23
20 5 13
76 5 20
66 14 35
79 5 8
64 17 31
29 10 34
15 34 29
64 8 40
28 12 26
57 37 8
20 16 34
63 2 24
34 9 17
45 13 14
82 10 10
21 15 27
26 9 32
29 1 6
44 20 18
5 31 27
41 12 30
30 6 33
24 1 7
36 9 37
54 12 19
57 35 40
39 31 4
2 11 6
6 28 37
62 3 37
54 16 16
70 33 39
80 3 7
11 38 25
19 28 36
30 35 14
48 35 4
82 6 17
76 9 36
14 10 30
83 30 18
2 18 20
37 12 5
69 22 2
45 31 27
52 19 31
68 25 36
51 25 25
6 14 27
46 25 33
4 27 27
29 3 19
5 30 6
45 32 4
46 24 33
69 11 16
26 22 23
78 5 9
10 6 7
36 24 13
28 36 13
74 13 26
20 24 6
52 19 1
69 6 5
33 25 7
57 34 15
47 33 6
58 12 36
28 14 24
10 27 40
9 22 4
10 35 9
53 32 28
22 27 30
76 12 33
33 4 33
2 31 32
59 2 8
36 27 13
32 25 14
48 38 31
11 26 23
44 35 22
82 37 38
46 8 33
29 27 31
69 9 4
67 13 1
23 34 11
72 31 8
57 14 22
46 9 24
14 13 15
74 11 36
27 27 12
62 8 4
72 9 39
74 19 39
8 25 39
82 4 26
39 24 26
16 15 25
65 27 27
26 16 32
54 32 19
43 24 38
30 38 1
25 19 26
39 6 1
11 18 14
19 7 18
30 24 3
39 37 38
21 14 24
41 9 29
4 10 11
26 12 10
72 9 10
54 5 9
3 22 9
29 31 35
18 22 39
67 7 27
39 16 19
9 9 11
47 24 25
6 26 34
66 18 7
86 6 5
31 12 15
25 15 25
20 10 19
17 21 2
48 16 26
63 21 22
71 29 40
21 10 23
73 7 33
19 27 8
5 31 2
21 12 35
51 13 39
79 3 35
13 32 3
84 23 17
26 9 20
53 10 16
41 23 22
67 33 32
10 36 14
27 37 11
3 10 15
19 29 15
16 31 34
77 35 4
1 20 14
13 7 4
6 11 39
39 16 37
59 3 1
65 20 8
49 21 24
2 7 32
57 31 6
81 34 30
15 29 18
11 10 17
2 4 8
85 10 12
57 7 13
43 8 3
13 5 40
33 38 7
72 22 15
23 19 40
3 38 30
18 38 13
18 11 11
35 22 22
46 34 36
22 38 4
15 33 2
32 4 40
50 35 21
41 26 40
49 34 15
18 15 16
4 13 26
29 2 12
65 32 37
48 3 1
48 36 33
54 28 27
79 9 27
3 26 33
24 34 8
42 2 33
15 17 17
77 15 38
63 11 27
20 26 14
8 30 35
54 19 23
8 8 15
58 12 5
29 3 30
47 23 18
55 16 2
40 23 37
72 3 16
21 17 39
84 20 5
71 26 12
20 2 17
72 2 4
41 13 31
23 30 6
58 13 16
11 27 29
37 15 24
11 21 27
55 7 31
28 23 7
63 24 9
21 18 28
38 37 18
33 9 18
74 33 18
17 1 22
65 31 32
40 7 13
3 7 28
3 33 32
29 26 37
24 22 5
10 33 14
22 12 24
85 17 31
41 29 40
47 21 4
31 32 39
5 38 17
41 22 40
32 6 29
21 35 18
26 23 34
42 20 27
74 16 29
70 31 7
22 28 20
51 18 31
18 36 38
44 12 8
67 23 14
4 17 17
84 28 25
6 31 1
42 35 31
6 38 9
85 25 25
38 13 11
34 10 25
49 13 3
22 13 17
18 23 20
25 7 38
30 16 40
2 26 35
25 34 19
12 32 21
32 1 30
9 36 10
22 29 14
18 1 22
67 29 9
78 26 8
77 21 14
77 33 33
27 23 22
69 17 10
9 23 12
66 15 15
67 26 38
20 18 8
26 21 5
71 17 17
16 26 28
82 13 31
41 19 14
65 1 32
7 19 32
36 21 16
19 14 1
18 38 2
34 28 10
19 25 16
55 9 21
25 37 24
22 14 10
31 4 12
79 34 18
67 9 19
52 31 16
36 15 4
70 3 37
56 14 30
63 4 22
24 27 25
11 5 25
13 1 32
23 14 1
19 22 17
66 36 26
63 25 27
82 17 26
76 5 38
70 23 12
84 33 21
35 11 29
73 28 20
79 32 30
45 14 25
45 10 25
54 1 19
7 35 40
57 12 35
79 29 27
61 25 2
68 12 39
21 25 5
36 26 25
72 21 25
47 19 36
1 31 34
18 33 2
66 11 38
79 20 24
64 29 40
52 13 19
82 37 20
62 8 33
7 27 14
20 19 35
84 18 31
31 27 34
42 10 7
55 10 40
6 29 21
51 3 27
81 1 31
76 31 17
30 22 31
41 15 12
19 4 6
10 33 39
56 38 5
23 1 23
36 30 10
42 19 25
21 25 26
52 3 5
77 1 2
4 7 30
80 37 21
18 31 3
69 25 10
76 18 3
2 11 20
66 12 29
74 25 28
41 15 32
50 4 29
62 22 6
8 7 20
24 16 22
19 9 32
60 4 24
9 2 38
85 13 24
50 33 36
55 2 9
36 9 7
72 3 15
66 38 39
50 7 11
6 6 10
76 4 2
17 7 32
10 1 14
52 1 30
62 18 24
1 15 11
42 23 24
38 4 6
12 16 31
69 22 1
31 27 27
81 28 18
7 29 8
48 6 29
25 35 28
75 34 18
46 14 10
64 31 3
39 4 39
69 14 19
9 19 26
2 28 23
52 12 24
51 28 38
36 15 29
43 2 31
53 20 39
52 22 1
30 13 24
45 7 20
3 3 8
18 27 1
7 20 17
83 29 5
65 30 23
8 19 29
54 20 18
17 35 13
56 35 39
27 35 22
66 35 39
41 29 4
73 1 17
22 1 20
41 24 39
21 37 3
62 2 33
63 18 3
59 18 26
78 1 25
67 24 4
7 21 20
71 21 23
23 34 34
72 13 31
29 7 35
44 15 29
7 23 40
48 7 15
7 29 28
30 21 24
68 8 17
20 21 16
75 17 21
37 6 30
19 14 6
80 14 34
25 27 26
79 34 28
34 20 37
60 18 24
24 2 9
49 27 35
13 15 34
6 32 2
9 36 1
56 20 18
69 18 35
42 2 18
31 30 32
28 17 10
52 22 27
58 3 33
27 38 3
78 23 26
63 22 9
23 2 24
70 30 5
14 34 23
61 14 6
54 18 31
79 7 22
2 35 26
37 35 28
59 15 31
82 15 23
49 16 29
56 8 26
21 27 36
83 19 40
54 24 6
34 10 39
32 34 23
64 31 27
44 7 15
82 13 25
43 5 22
11 5 35
84 25 1
25 27 36
32 10 8
67 29 33
42 7 8
79 34 29
81 37 23
81 2 9
37 35 6
37 12 24
27 20 36
41 5 9
80 11 31
15 33 21
25 25 14
3 6 3
20 31 13
16 10 11
66 37 28
61 35 36
62 13 7
37 16 38
45 30 31
38 25 13
85 9 30
12 13 5
59 34 3
26 19 30
80 37 14
66 3 24
32 27 23
12 11 37
67 19 25
83 36 19
73 37 31
42 25 39
9 23 18
19 4 34
28 3 28
25 9 8
50 6 36
27 28 37
55 25 26
4 31 10
63 24 20
21 22 5
47 18 7
66 20 20
33 28 11
7 31 30
60 26 13
69 31 19
61 7 26
47 35 31
40 34 10
3 35 15
47 20 25
86 3 7
16 19 38
53 34 39
68 17 16
34 30 21
58 6 6
40 14 5
70 17 4
27 29 18
59 10 26
10 28 31
55 23 29
4 11 11
62 11 11
48 35 19
28 3 39
5 34 10
6 37 8
74 27 29
61 16 38
31 23 6
56 32 20
62 20 17
42 26 9
12 22 6
69 17 40
45 33 5
6 37 37
39 7 22
47 5 17
56 36 30
42 30 20
21 35 24
47 18 17
34 2 36
15 1 30
82 19 27
30 15 25
27 3 36
77 29 36
30 20 29
76 15 10
24 18 25
75 25 36
35 3 7
63 32 27
10 38 29
41 5 24
18 35 32
69 26 28
54 14 26
28 30 40
64 23 24
74 30 13
80 28 28
34 27 12
23 33 37
2 26 3
31 21 18
51 23 5
69 15 30
17 9 28
67 31 26
24 5 9
70 29 21
29 4 9
70 14 32
5 8 24
46 25 9
64 7 37
49 19 28
70 28 39
17 33 36
66 11 13
63 33 12
86 5 23
15 15 30
39 32 33
7 31 14
74 17 18
48 4 23
72 5 30
29 22 31
71 37 1
50 29 4
49 27 12
11 19 32
33 29 22
41 26 10
54 20 34
59 38 36
83 1 31
53 37 23
16 27 31
51 21 32
43 4 25
22 21 29
13 6 33
86 29 21
31 15 22
9 31 24
33 37 37
64 4 32
45 9 37
72 29 4
27 11 21
64 36 30
82 14 34
71 22 21
43 27 4
5 21 2
72 10 4
64 3 39
57 10 15
42 12 8
73 36 4
54 7 5
54 37 29
34 15 7
80 29 28
24 9 23
22 4 31
69 9 5
66 27 9
49 8 3
25 1 7
33 1 36
82 25 26
85 6 3
72 37 1
77 14 34
11 12 18
53 24 15
75 4 6
18 31 20
48 10 15
20 23 12
75 11 10
62 30 2
84 26 12
32 22 40
25 13 12
16 24 33
2 9 26
10 5 36
13 19 3
42 37 5
24 13 10
79 23 13
84 18 36
1 4 38
70 31 10
32 24 17
13 10 1
16 21 26
53 14 20
51 6 3
17 9 34
21 7 37
6 8 26
72 12 40
12 2 30
30 5 29
14 19 10
39 2 9
14 4 34
56 22 11
62 38 27
49 18 24
83 30 33
8 18 25
40 28 21
55 21 12
48 8 37
40 19 38
24 15 33
75 4 35
72 31 17
35 26 39
40 20 9
71 5 8
38 29 29
45 19 38
28 37 26
51 35 16
56 15 4
2 15 28
58 37 2
62 30 33
56 30 39
80 9 6
38 1 39
61 3 19
38 28 1
30 1 3
58 4 15
5 32 4
85 14 1
71 36 24
83 38 32
75 37 36
35 24 31
38 17 29
2 3 19
55 27 18
13 26 28
22 24 22
78 35 6
33 6 21
23 4 21
74 36 25
45 6 11
28 15 35
74 9 21
11 31 35
75 33 35
6 17 19
79 27 38
78 6 13
30 36 2
12 18 27
73 20 9
8 15 37
62 33 37
53 15 1
76 2 16
60 5 27
31 35 9
70 14 37
54 35 3
46 4 22
51 22 19
62 38 35
64 27 18
78 6 10
68 3 14
28 8 22
5 33 13
5 26 5
19 23 15
76 5 17
62 27 7
20 25 1
3 28 12
44 35 15
35 24 4
23 16 32
66 34 11
56 7 23
1 18 4
77 20 28
15 25 32
50 23 36
12 38 3
55 30 6
66 34 26
80 31 6
55 6 13
64 14 12
57 26 31
18 18 7
69 24 11
70 36 2
59 18 24
36 33 7
71 34 38
68 32 28
6 1 27
49 26 15
60 19 19
51 8 21
13 9 9
21 35 34
12 13 32
12 5 38
79 24 9
31 25 38
16 32 1
39 17 32
21 19 20
52 26 13
3 29 8
65 32 35
10 2 15
71 22 39
76 3 20
34 18 25
79 29 27
73 27 34
41 22 4
44 4 9
22 22 32
20 28 38
82 22 38
38 25 4
62 36 39
15 31 26
59 16 6
38 26 14
6 16 26
28 21 10
35 38 4
6 7 2
33 17 14
13 5 11
29 2 2
7 23 4
50 2 24
68 1 25
8 27 14
36 35 38
69 26 34
45 36 3
63 15 29
39 36 23
82 32 25
54 33 3
54 26 31
6 33 39
58 37 15
11 18 22
50 1 36
85 11 36
74 2 36
2 2 9
60 22 21
56 8 17
49 30 40
65 18 9
57 14 4
34 5 33
3 22 23
11 38 3
25 1 36
60 4 34
37 23 23
39 6 23
36 27 15
37 32 13
24 27 21
77 29 8
75 19 10
35 5 24
60 36 32
46 30 10
15 36 38
82 1 11
84 20 15
64 21 25
43 34 28
31 14 24
43 25 35
9 9 6
55 11 39
61 28 32
18 33 7
65 10 17
44 5 1
11 20 13
52 36 4
20 35 28
69 18 27
65 17 33
52 22 33
67 32 24
17 7 5
44 9 24
22 7 15
69 9 1
37 15 40
51 38 11
67 10 31
40 21 14
43 10 12
71 3 30
69 11 27
59 11 33
65 7 10
15 34 25
86 34 30
22 33 16
76 9 40
33 10 37
85 9 5
81 21 16
8 22 9
48 22 26
26 16 35
70 5 2
65 20 32
17 17 27
15 2 36
7 28 36
40 2 12
72 23 4
24 7 32
28 1 3
86 31 22
34 6 15
78 7 20
40 3 40
32 18 2
38 34 7
21 14 3
69 15 38
64 22 24
4 14 31
50 20 35
55 24 5
42 33 19
22 18 40
44 33 40
19 10 24
28 9 36
32 29 38
14 28 9
7 22 19
66 32 5
74 4 35
1 4 16
14 27 31
72 6 17
29 13 16
20 17 40
35 16 9
15 15 9
1 14 28
33 15 10
23 38 3
14 10 33
32 13 33
47 37 3
42 14 17
29 17 39
7 13 33
32 29 33
60 23 32
4 23 21
49 10 17
38 31 39
56 1 36
42 17 32
8 15 20
11 15 12
38 17 14
54 6 39
44 18 2
13 4 4
85 14 34
52 21 24
59 29 12
62 14 25
84 23 27
62 8 39
75 25 34
21 15 37
51 36 3
67 7 29
75 22 17
5 36 35
85 24 18
44 13 35
13 15 22
61 8 29
3 33 6
80 16 11
60 29 39
70 27 38
63 35 17
49 9 18
27 34 1
21 24 15
57 38 24
57 11 23
8 7 36
29 25 4
49 35 15
31 8 19
17 37 38
84 30 9
17 16 17
71 22 16
37 20 38
39 20 13
53 37 32
52 19 16
83 36 34
36 18 5
3 30 1
69 12 35
53 33 27
49 4 6
43 7 31
18 34 29
75 3 28
60 6 3
4 21 25
86 27 14
71 7 32
63 27 2
67 30 8
47 26 33
20 2 34
11 24 40
67 37 35
71 3 28
12 10 4
35 24 14
40 21 39
36 27 20
33 25 1
59 27 31
43 22 32
13 22 26
53 10 15
5 5 37
59 9 31
81 20 11
74 2 27
8 13 20
20 1 32
9 37 11
56 15 12
85 33 12
33 24 35
11 31 21
18 38 40
36 5 18
4 3 2
47 21 31
66 15 32
68 11 26
68 1 35
79 8 23
18 28 39
47 4 14
84 37 15
70 20 2
77 21 30
50 25 17
65 20 8
84 25 31
23 35 31
65 12 39
38 37 37
34 9 25
83 25 2
65 21 22
41 21 39
52 36 31
27 19 16
33 23 40
7 23 30
59 30 6
44 37 38
77 11 29
3 7 25
26 10 31
53 6 30
25 13 35
25 20 14
80 13 21
23 7 32
20 12 1
70 25 39
10 37 26
8 13 5
46 21 34
82 24 34
8 4 5
23 4 6
51 22 35
58 22 10
56 24 19
15 19 29
55 3 28
8 19 38
27 5 32
66 7 38
77 28 10
52 4 28
32 6 30
31 6 19
14 1 25
36 7 22
76 18 35
81 16 21
47 3 19
6 6 40
66 35 37
75 7 14
44 33 11
12 8 38
23 32 36
43 9 9
23 11 34
22 1 37
19 18 32
7 2 38
25 16 12
33 18 14
40 14 8
19 4 9
26 36 27
14 11 11
75 27 18
68 5 12
56 36 12
85 14 15
50 25 7
30 13 24
86 6 20
79 37 27
57 3 16
25 11 24
14 38 16
71 30 2
60 17 15
29 6 35
15 14 2
4 35 20
44 34 39
75 14 33
46 31 37
57 4 7
15 32 10
18 33 29
65 3 22
38 6 39
21 36 26
29 7 18
85 8 25
25 17 34
4 10 15
62 7 1
58 14 28
15 36 8
48 35 19
43 12 5
5 14 26
38 31 10
17 7 32
1 13 8
83 9 36
54 3 33
42 15 29
71 23 29
40 10 38
61 8 19
38 2 5
28 38 37
46 38 23
42 9 24
74 18 28
57 11 35
71 38 7
43 3 20
56 35 8
17 10 36
5 29 20
28 15 29
63 2 7
68 10 28
64 31 2
66 26 36
47 29 10
3 26 13
86 13 13
24 8 40
3 24 1
7 25 27
43 16 24
84 12 38
85 22 20
85 26 2
56 32 10
63 13 12
59 31 26
55 31 20
9 29 5
49 7 34
53 27 7
60 13 29
67 25 40
85 32 25
79 13 28
65 19 33
68 22 20
85 27 26
25 24 6
2 30 17
17 33 27
50 7 27
55 38 4
26 31 31
1 4 9
75 19 35
67 30 20
20 21 18
26 9 19
45 20 5
13 18 3
54 36 34
42 4 19
6 31 35
37 33 3
75 12 10
51 38 31
53 11 29
30 29 8
8 9 33
3 36 32
50 5 23
86 14 24
39 15 5
44 23 28
65 8 32
34 4 5
53 24 10
5 2 22
45 10 2
63 28 32
78 30 13
19 29 27
71 11 6
36 25 30
81 35 1
4 25 34
72 23 2
31 16 36
78 8 14
6 17 27
39 16 7
62 15 12
60 4 7
32 2 37
16 15 29
62 10 19
6 33 26
1 2 24
86 27 25
50 9 36
15 28 23
24 4 7
32 1 21
6 19 1
27 34 15
9 22 11
26 21 23
53 33 11
41 17 16
82 25 30
15 31 24
27 35 8
80 15 20
75 11 25
12 38 17
28 4 12
57 22 19
64 35 16
40 28 12
66 6 26
21 33 4
20 36 26
44 6 35
14 35 15
62 28 38
32 14 4
85 38 25
7 11 14
61 10 37
12 33 21
5 25 13
39 32 19
62 37 34
34 5 1
9 19 38
50 34 19
20 31 9
26 26 27
33 8 10
71 5 27
35 22 10
18 25 1
49 28 29
2 18 35
47 24 23
41 27 28
77 34 3
3 15 34
9 26 23
61 20 8
73 14 30
45 26 28
18 33 17
26 36 35
49 27 9
35 24 31
60 21 35
1 29 35
70 23 39
28 11 37
61 14 5
58 14 40
71 24 35
19 11 36
80 30 9
5 19 21
66 13 7
43 3 23
30 21 2
1 37 15
19 5 27
59 5 15
46 2 26
84 12 25
83 16 16
60 16 9
15 38 37
3 33 28
61 24 26
43 18 8
60 36 6
40 29 27
21 26 38
66 28 25
11 18 21
74 35 20
70 37 40
6 7 20
5 20 28
54 37 21
39 19 2
58 6 38
1 3 12
48 14 17
73 8 12
68 34 19
8 35 11
6 13 1
62 37 40
4 28 34
5 11 18
37 35 4
82 24 17
7 4 16
55 16 22
4 29 23
57 7 32
39 38 9
18 35 40
59 20 39
65 2 22
1 21 22
3 12 23
7 20 37
27 34 1
81 7 22
33 32 13
23 31 29
68 2 16
69 4 11
74 22 13
27 14 22
11 33 14
67 8 4
22 25 17
86 22 21
5 22 4
38 19 15
42 33 22
40 2 10
42 19 33
12 23 12
42 17 39
28 10 21
33 23 4
12 2 23
80 2 36
29 11 34
53 19 40
29 38 12
19 30 34
26 7 17
25 19 5
49 15 29
39 18 12
83 11 17
42 27 14
73 21 14
37 9 29
53 19 39
65 2 2
2 13 40
17 21 6
85 30 30
60 22 29
9 20 16
46 6 23
65 35 13
82 27 3
67 24 11
62 6 23
85 29 28
75 29 26
86 12 12
3 28 2
54 9 14
75 23 33
44 24 18
5 17 13
53 33 16
21 18 35
28 31 24
29 4 39
32 31 2
35 21 2
40 10 11
77 25 20
73 18 4
62 6 10
70 21 8
8 18 8
77 20 33
23 36 2
66 22 11
75 6 15
67 31 23
19 14 5
37 12 5
41 13 17
51 3 34
85 17 10
85 27 16
9 30 7
63 21 14
14 26 24
86 35 31
25 1 9
25 27 26
54 20 7
78 13 27
36 6 15
42 35 36
53 19 14
41 15 10
2 31 13
15 7 14
5 28 2
10 31 12
86 28 2
11 38 26
30 22 1
26 1 10
4 26 34
43 4 31
1 29 27
73 9 16
24 20 40
51 35 30
54 1 16
58 23 32
49 20 31
11 7 27
17 2 8
21 34 24
37 33 4
2 16 19
68 2 22
70 4 15
15 33 32
24 37 17
7 16 6
74 1 19
62 29 39
56 11 40
69 9 38
30 24 10
81 1 24
10 5 19
29 28 26
13 11 5
39 20 31
36 3 1
25 32 13
47 3 27
46 7 9
74 11 19
76 38 31
25 17 17
51 25 29
86 14 3
63 5 15
85 11 19
63 2 27
66 37 8
9 36 19
43 28 36
82 20 33
60 33 35
4 10 1
68 11 11
27 38 14
2 20 16
58 15 22
69 16 14
61 1 38
29 20 37
40 30 18
63 37 6
19 34 35
38 14 4
86 27 17
70 6 16
53 13 35
28 15 7
42 37 24
57 22 33
39 32 40
42 19 9
28 11 39
82 12 24
15 19 11
31 33 20
45 28 11
1 11 15
12 27 16
2 3 21
76 26 20
32 17 8
50 7 28
35 18 8
17 20 14
48 13 37
56 8 35
77 5 3
66 2 21
23 6 8
23 18 40
7 12 40
63 8 36
46 7 16
72 29 14
5 10 38
21 35 12
39 25 17
30 30 24
43 10 8
52 28 38
67 23 31
47 15 15
7 9 23
80 13 27
41 22 40
20 32 34
11 33 23
48 20 10
42 2 20
22 19 2
86 15 14
66 8 14
39 6 7
33 36 7
30 36 29
65 12 4
79 4 8
33 16 2
4 9 2
74 1 17
42 35 20
57 3 33
59 15 32
28 5 30
2 18 28
30 23 17
62 2 12
62 21 8
40 38 32
7 34 12
78 11 18
76 32 5
54 20 2
81 10 39
5 38 13
21 3 25
33 9 15
64 34 39
44 31 35
70 4 9
3 4 35
20 29 6
15 5 14
55 9 12
59 23 18
25 11 20
17 12 6
3 33 32
85 28 30
1 1 22
47 21 24
7 25 32
13 36 34
10 15 20
41 17 9
78 31 19
19 33 28
72 24 38
33 11 2
68 33 39
27 16 7
20 10 21
39 8 10
36 4 32
24 2 21
79 18 3
16 25 28
74 3 22
45 32 16
52 30 21
26 34 40
49 22 4
22 12 31
31 13 23
36 23 22
84 4 2
14 37 9
7 36 18
20 11 31
83 6 30
43 22 23
68 20 40
57 31 20
73 7 31
38 23 29
48 23 9
66 11 2
64 8 7
49 26 34
7 10 35
75 17 24
8 20 19
79 31 12
67 33 25
59 36 22
43 38 7
8 25 34
73 36 35
53 28 29
68 11 5
62 24 35
4 18 36
2 31 24
64 17 39
85 29 6
1 9 29
20 26 6
1 29 28
3 38 29
54 8 21
68 37 39
12 3 7
43 7 38
29 11 33
36 4 40
75 35 24
25 14 21
59 9 4
49 22 25
44 21 25
83 18 26
1 7 38
65 36 17
23 8 39
19 15 19
8 26 13
76 31 40
29 13 28
86 10 27
48 31 2
86 10 1
86 33 7
57 3 23
27 34 27
18 1 28
28 22 33
77 17 25
54 8 1
24 11 21
5 33 23
63 14 15
29 10 8
81 35 30
11 28 31
19 20 19
45 28 22
42 35 9
30 35 21
81 37 33
22 27 11
54 15 32
38 37 18
72 4 3
36 33 35
42 4 24
1 20 30
5 26 1
3 29 28
31 11 9
86 18 7
2 1 25
63 14 34
86 27 25
23 13 3
7 30 40
47 10 12
8 38 14
11 24 13
27 34 18
5 2 20
14 4 17
22 16 27
43 12 35
76 36 22
33 6 28
1 5 10
12 21 17
48 25 10
17 38 30
35 25 31
60 34 34
52 19 19
54 13 10
59 18 27
54 38 7
74 5 21
70 29 27
29 1 3
18 31 5
31 26 21
86 25 13
46 12 39
85 24 4
63 28 37
84 11 10
22 7 19
11 21 22
84 31 3
37 38 14
69 20 39
20 4 28
12 24 30
34 29 19
32 15 40
3 18 27
19 24 1
52 30 7
18 3 12
35 38 19
40 28 14
79 3 13
72 5 36
86 37 11
40 9 20
58 28 31
81 7 15
44 30 2
79 4 21
32 33 32
8 24 8
68 37 37
21 35 22
3 8 30
42 2 25
46 23 26
53 16 36
79 10 30
75 11 10
7 19 38
29 21 23
52 33 22
4 14 17
59 32 1
46 24 6
64 37 40
4 31 18
40 38 28
64 15 27
32 21 27
44 12 28
42 12 15
51 18 23
50 37 39
4 7 16
56 14 10
83 14 9
3 6 9
25 27 25
21 8 40
50 15 5
53 13 9
65 7 32
68 5 36
18 30 13
12 17 8
42 32 23
32 36 14
26 17 37
59 33 27
71 1 28
14 32 34
42 17 40
1 3 38
10 20 3
24 38 10
63 4 11
56 7 39
7 32 28
55 36 13
71 21 13
27 34 19
33 33 33
83 1 9
54 10 8
48 37 14
24 37 19
33 29 27
81 30 28
9 9 10
29 36 35
40 1 38
81 13 4
83 12 27
36 16 28
83 4 13
13 19 5
58 27 39
20 29 9
66 2 24
17 14 22
37 4 15
43 12 39
69 22 28
32 32 3
55 14 18
48 32 37
85 14 22
39 27 23
6 12 8
16 18 22
43 34 19
44 9 8
79 2 23
49 28 9
62 10 29
53 26 21
61 17 9
4 32 5
53 28 25
41 32 22
57 22 29
50 33 10
2 19 5
18 36 10
13 20 18
9 35 24
78 27 7
63 15 8
21 1 23
56 8 10
27 36 2
76 1 30
26 4 2
83 6 30
81 21 38
15 36 39
78 4 29
19 12 28
20 21 29
14 34 8
37 29 39
70 2 18
73 30 9
43 16 35
55 21 32
69 30 23
27 17 32
34 7 27
63 25 15
73 13 20
45 18 9
60 24 24
30 4 2
1 38 15
64 36 39
72 19 31
76 34 19
21 23 12
33 11 10
1 21 4
46 4 12
30 10 5
78 19 38
10 33 19
36 22 11
35 9 10
66 29 16
59 32 29
73 11 5
39 37 8
18 10 26
77 16 15
82 31 25
28 16 7
29 4 13
32 1 9
31 34 11
80 32 34
46 13 22
20 32 19
60 32 24
15 18 15
23 25 24
66 19 35
34 18 38
85 21 15
28 21 13
82 34 8
64 23 24
41 9 2
82 17 14
18 23 24
26 29 19
22 22 36
1 7 19
10 14 5
3 16 25
56 31 13
48 35 33
4 22 23
35 28 9
55 30 35
37 27 8
29 7 28
10 1 30
34 38 35
53 4 15
4 16 31
4 21 1
19 3 26
33 16 9
59 20 33
80 26 39
55 12 3
46 29 6
19 28 24
52 34 18
30 14 39
46 16 34
12 2 13
27 4 14
58 13 9
67 5 1
75 33 19
60 13 24
49 13 8
12 2 21
6 31 17
4 33 27
85 37 40
78 11 37
50 18 35
4 13 12
80 5 26
44 10 10
15 7 33
40 4 10
58 18 12
77 23 32
46 3 15
59 1 37
74 29 40
9 9 28
64 4 6
4 27 23
43 31 20
33 13 5
44 25 29
51 7 2
67 30 4
55 1 26
26 17 27
50 24 28
19 13 7
62 26 11
20 17 31
71 27 36
81 20 27
55 27 33
76 8 24
55 24 4
27 36 4
2 26 14
2 31 1
55 31 8
17 12 5
25 20 36
51 35 16
48 37 39
54 12 16
47 27 17
79 19 37
36 18 32
70 38 7
52 12 39
19 9 2
25 14 4
32 28 16
14 29 12
64 28 19
22 32 9
38 29 23
8 25 11
75 4 35
47 29 9
41 32 11
62 20 28
66 1 13
43 5 7
79 17 10
54 30 37
13 19 28
22 13 8
36 35 11
44 29 9
76 27 33
48 17 18
30 16 33
9 20 5
12 29 14
29 34 13
64 34 39
16 38 8
46 18 23
1 8 35
72 36 36
6 6 4
29 3 17
12 38 4
10 3 3
77 7 40
64 9 12
46 31 5
70 19 3
43 13 33
26 29 25
13 19 22
55 10 20
29 29 31
4 21 15
27 29 29
47 18 10
27 25 37
42 3 11
71 12 21
51 32 3
14 26 29
12 9 38
4 15 23
63 14 33
29 3 21
70 32 3
44 11 19
77 26 28
71 34 3
42 14 38
42 30 16
72 8 28
72 15 13
60 15 25
5 5 5
12 20 40
63 24 17
31 32 3
31 1 23
71 38 11
66 34 16
59 8 24
34 8 33
61 28 35
56 8 20
77 13 24
83 6 31
37 3 7
39 9 40
83 16 4
16 20 35
38 22 21
19 28 38
12 27 29
69 35 29
80 9 27
24 22 16
28 3 15
40 9 16
3 27 19
29 9 9
33 38 31
5 7 25
29 18 26
43 20 14
27 36 39
59 9 19
69 12 3
69 19 5
86 28 13
79 19 9
19 3 22
46 12 30
66 1 35
63 10 31
64 6 19
25 29 4
57 14 10
64 38 34
67 5 3
9 7 21
80 7 18
69 34 17
86 18 27
58 23 4
65 17 7
72 3 19
66 33 13
11 36 37
62 15 11
13 25 18
1 14 32
18 8 21
21 15 30
27 7 33
32 14 10
30 19 40
5 38 20
4 19 34
11 9 34
15 10 32
32 31 4
9 22 3
15 20 18
79 11 10
8 16 16
60 21 25
40 23 17
71 24 11
77 32 29
32 14 24
79 13 7
54 10 10
80 11 17
61 24 6
4 33 29
86 19 33
72 23 9
56 26 37
43 25 30
31 32 37
16 13 4
34 25 7
67 10 24
43 13 11
70 5 24
53 4 34
40 24 22
76 30 3
24 12 39
19 33 17
68 36 5
14 11 10
49 8 27
26 17 9
14 25 32
32 38 39
42 16 35
70 14 26
80 33 19
29 11 15
11 38 6
1 30 37
81 2 20
82 1 33
6 18 19
60 38 24
59 5 1
2 29 37
69 8 13
40 10 3
28 27 9
20 5 16
8 30 5
41 35 10
69 25 9
3 2 2
85 25 15
67 28 26
2 19 25
69 27 19
59 2 4
10 18 13
26 20 30
78 5 27
32 1 32
26 35 29
6 34 38
80 15 9
62 10 29
65 30 30
54 15 18
24 18 2
4 6 17
54 5 5
55 10 3
2 26 18
37 1 15
70 16 29
17 27 27
6 28 5
54 25 6
84 21 17
13 2 19
56 21 33
30 38 2
66 22 27
57 26 31
77 4 1
46 2 4
85 20 12
66 13 8
4 36 19
38 10 38
49 9 38
42 9 28
6 34 8
63 12 3
51 14 37
47 30 7
54 11 6
40 2 18
56 30 9
62 13 9
45 8 3
65 6 16
37 3 22
59 36 4
55 10 39
76 24 12
2 21 7
11 27 5
37 28 15
84 9 26
8 7 29
47 10 22
16 27 10
81 33 3
73 9 17
83 13 18
10 21 14
8 34 24
85 3 3
56 19 24
19 10 20
52 17 35
57 27 38
14 23 16
79 35 25
51 14 24
70 1 33
57 7 18
14 5 25
42 25 7
71 7 3
48 36 33
68 22 17
41 25 15
67 18 9
4 17 19
32 1 40
6 29 8
14 30 27
49 16 7
80 14 4
49 3 12
9 15 8
2 14 14
36 10 37
67 21 38
64 11 1
44 12 17
59 30 35
33 20 21
42 29 33
73 22 34
15 20 32
63 11 13
26 3 12
12 26 13
50 29 19
80 5 36
43 20 36
62 28 17
75 26 20
9 34 19
54 11 7
41 6 34
12 9 22
26 8 28
13 20 4
59 13 30
71 3 19
57 36 14
14 2 25
73 12 6
76 5 38
82 9 26
3 13 32
42 30 1
43 18 7
65 5 20
37 15 27
58 8 35
64 3 4
60 16 29
71 27 32
8 23 6
80 1 26
63 36 7
3 27 18
36 26 29
52 10 8
2 5 1
6 21 40
36 19 25
77 11 40
74 35 13
51 13 3
68 17 1
76 22 2
33 8 36
42 14 3
41 15 39
16 11 16
77 26 14
42 27 10
22 8 12
22 6 24
26 4 3
21 13 32
86 29 3
78 28 10
4 28 12
51 12 19
4 6 3
4 36 14
50 35 36
78 1 13
17 36 20
65 1 29
6 8 9
16 22 2
53 23 32
62 5 28
1 9 36
2 1 22
16 2 36
53 1 13
41 32 24
71 25 31
10 36 7
56 30 16
18 6 30
60 33 30
33 34 2
79 16 29
22 12 5
73 30 24
16 25 22
4 12 36
56 36 34
25 22 29
67 34 10
50 29 34
62 27 22
55 37 34
31 16 6
59 8 14
77 6 13
30 7 5
76 34 26
48 15 27
7 9 36
6 5 29
64 19 39
75 18 8
59 5 6
43 5 4
71 18 9
30 15 28
4 27 15
54 19 35
71 31 12
64 21 5
23 13 33
42 30 3
78 3 14
69 21 30
51 7 14
11 21 3
39 25 20
82 17 14
24 34 13
1 1 12
36 37 38
17 22 18
44 12 12
1 26 17
50 17 23
5 38 28
82 8 38
83 29 26
71 3 10
46 32 38
53 10 9
60 20 1
8 21 19
40 31 3
41 24 33
79 2 40
31 1 27
23 5 17
42 23 40
36 34 38
74 33 39
63 23 40
72 19 3
32 38 17
61 36 14
11 27 17
23 9 40
53 3 1
79 21 17
23 2 25
33 36 21
81 16 36
33 2 37
64 5 12
81 12 32
55 25 36
34 2 17
7 8 3
4 22 34
28 12 32
82 25 7
85 36 40
83 30 6
43 33 36
44 28 4
84 9 12
71 23 24
2 21 12
13 25 22
51 13 15
19 2 35
73 29 7
64 13 39
22 32 33
12 2 40
3 4 36
54 12 34
24 30 10
62 24 13
37 13 34
21 7 37
5 35 22
86 18 37
74 31 7
67 31 37
26 36 12
49 6 12
64 35 15
65 1 16
60 1 9
12 33 25
68 26 29
1 4 13
44 35 23
79 36 40
40 30 7
68 26 15
57 31 34
56 29 8
10 3 5
23 5 37
6 26 24
11 27 2
16 17 7
76 4 5
15 20 40
57 11 25
67 10 33
66 38 3
33 25 3
21 30 36
22 15 39
6 13 22
46 13 8
13 29 16
59 5 30
27 2 2
12 3 17
55 7 36
70 11 32
73 24 21
44 35 23
76 25 18
54 14 4
30 38 21
28 6 12
20 35 5
39 14 14
38 20 33
52 12 19
14 6 40
44 37 38
9 3 16
49 6 13
63 9 19
85 10 9
3 37 22
76 28 32
64 36 7
35 7 19
1 14 15
34 22 22
81 19 37
22 34 20
23 18 27
63 12 12
21 33 24
49 1 18
45 25 35
3 12 7
73 7 31
78 21 31
20 32 31
72 21 33
70 32 38
35 7 16
2 7 22
78 16 23
16 2 3
64 9 28
55 16 21
2 4 31
78 16 1
25 2 19
21 19 1
11 29 2
58 18 3
83 17 20
11 12 34
77 8 26
41 3 24
20 23 9
53 3 36
27 33 18
85 20 40
27 28 29
51 18 32
36 3 34
67 30 14
21 3 23
26 18 9
66 28 17
35 4 20
15 8 23
16 16 6
75 14 39
71 34 27
65 12 26
1 8 28
76 3 30
44 25 26
79 32 21
35 34 39
66 13 16
6 28 38
22 8 22
50 22 21
3 26 3
30 32 24
9 14 32
21 35 39
61 8 27
66 1 26
32 25 32
17 8 28
56 29 16
17 8 35
39 4 6
40 38 36
20 2 2
19 32 22
58 4 22
56 33 35
3 8 19
36 10 34
50 4 9
37 17 37
15 4 20
78 25 25
15 16 15
73 33 13
10 21 14
42 24 22
76 6 34
8 29 3
11 14 25
81 28 23
19 23 13
58 16 33
29 24 40
80 37 3
8 33 17
80 3 37
76 32 20
58 32 3
26 33 28
78 13 40
19 24 40
59 21 22
47 26 27
7 32 7
8 27 15
18 9 6
75 33 26
53 4 31
35 24 13
33 14 29
81 18 10
84 2 6
33 24 29
11 8 6
24 4 23
33 8 35
11 7 30
31 31 1
19 17 2
7 7 23
70 18 1
70 27 21
37 31 32
34 17 28
44 14 32
41 25 9
83 38 8
60 38 37
34 21 17
5 29 1
54 5 4
71 9 29
13 9 37
83 10 30
25 5 39
65 19 2
75 3 4
77 1 13
2 34 10
47 12 13
62 33 7
5 12 7
17 14 8
23 16 15
17 4 28
71 7 36
20 22 13
76 24 39
58 7 2
82 37 34
67 15 2
65 33 22
27 27 23
79 7 40
29 13 20
63 28 34
32 22 39
37 36 16
82 32 39
68 15 36
17 32 27
33 3 33
16 1 34
58 17 11
6 22 19
13 15 18
34 29 11
42 11 8
24 3 29
58 6 6
71 25 3
56 18 1
51 15 14
43 27 2
78 1 33
52 36 28
49 13 39
11 37 13
30 28 12
22 8 34
56 36 7
48 33 27
40 20 24
61 25 9
31 5 37
67 23 4
48 17 20
84 30 39
25 34 34
27 25 22
54 30 6
21 11 38
10 9 38
75 4 36
25 16 29
64 20 24
58 23 10
41 38 30
85 23 9
70 14 7
1 20 3
8 33 12
11 33 30
54 31 10
22 35 9
36 5 20
3 28 8
70 32 1
17 16 37
56 27 5
6 5 31
58 14 39
20 22 8
5 21 15
32 24 32
14 15 4
62 10 33
62 18 3
12 1 21
3 16 19
54 15 16
56 34 21
29 30 24
9 7 15
77 22 15
66 23 38
25 10 38
3 3 19
36 19 8
6 2 2
37 21 4
76 7 39
17 2 13
82 13 3
68 8 32
66 13 18
51 16 21
61 10 40
81 35 10
5 28 22
19 22 6
42 36 8
8 25 26
32 33 2
16 24 40
25 38 36
4 31 38
66 33 7
24 26 37
57 13 4
1 1 22
9 38 37
35 36 3
15 2 28
69 9 32
84 15 28
49 18 19
4 11 21
32 27 2
63 17 2
48 37 33
79 29 13
11 34 10
66 8 3
86 17 15
68 20 27
64 8 22
8 24 18
44 11 40
26 18 19
60 12 23
7 29 19
17 9 6
35 37 25
74 38 1
56 31 4
48 7 3
63 37 9
10 18 23
40 4 27
20 3 35
16 23 40
62 29 16
38 35 10
20 11 40
22 35 29
1 25 7
71 25 6
3 3 19
15 24 26
51 14 32
74 14 23
34 37 28
17 34 35
73 37 31
10 28 21
48 9 24
45 13 27
35 12 25
80 2 1
35 28 1
16 23 32
43 22 14
47 30 6
29 19 13
31 9 2
13 31 28
19 3 37
43 2 27
29 2 23
6 26 34
65 2 26
60 11 17
64 1 25
38 34 35
52 9 33
46 35 18
53 5 21
34 2 29
80 38 7
77 2 39
23 37 29
19 34 22
20 1 22
63 22 4
58 27 40
11 10 16
77 8 21
12 18 25
29 35 38
22 10 18
52 34 32
4 25 34
68 36 15
49 4 26
61 29 8
81 26 7
18 37 12
4 29 8
67 38 28
37 12 7
60 38 39
34 31 38
13 9 10
37 29 4
25 31 1
15 10 31
61 28 1
83 21 15
24 29 31
12 7 37
20 32 17
51 31 31
35 29 35
17 31 30
50 14 35
59 4 3
49 26 12
82 19 33
49 21 38
46 29 21
75 15 19
60 31 5
40 4 12
56 19 28
45 24 7
3 38 34
25 24 3
12 6 30
57 11 5
9 38 34
64 9 40
34 5 25
32 15 37
74 14 4
75 32 38
78 15 35
2 34 10
23 6 19
10 37 36
6 25 20
62 12 10
80 12 34
69 14 35
60 2 34
22 5 14
1 24 29
3 20 20
54 21 29
42 34 39
65 6 40
31 29 19
60 24 7
54 24 32
16 20 21
7 2 15
8 17 20
48 2 32
25 13 22
58 8 31
73 22 13
47 4 15
64 35 9
31 31 35
59 30 28
51 18 16
7 1 17
68 38 5
49 7 10
35 17 8
9 38 28
21 32 8
23 10 13
31 29 31
64 2 20
54 5 5
46 14 28
78 31 7
62 3 27
69 24 8
43 10 21
64 17 14
49 11 35
75 2 26
60 38 38
55 17 17
48 37 24
66 23 28
53 36 22
85 25 1
40 34 13
19 19 39
85 4 15
22 33 12
82 38 30
86 27 12
62 32 29
9 4 5
34 5 18
60 16 33
32 25 16
44 19 29
11 31 13
64 11 23
86 4 28
22 3 9
4 24 19
58 32 5
85 17 3
84 2 8
20 27 1
5 31 22
19 27 10
67 8 36
46 13 14
79 29 15
70 38 23
31 35 29
57 1 3
28 17 30
42 13 23
5 1 16
19 24 10
2 38 5
85 5 29
41 38 6
18 4 27
61 12 31
13 30 3
23 11 2
78 4 19
62 3 39
48 7 34
42 4 3
6 20 31
69 6 40
16 36 15
86 31 31
15 6 32
7 22 40
57 5 25
85 37 10
73 29 35
12 19 11
44 29 31
86 25 11
49 20 17
52 1 23
1 5 8
74 3 31
18 23 4
2 26 29
16 34 5
66 7 6
62 1 6
59 26 2
36 4 5
15 1 38
53 32 9
84 17 13
23 28 31
45 26 5
70 18 22
2 12 22
60 24 4
35 17 24
33 38 14
70 19 23
79 5 1
82 37 23
82 17 5
65 5 8
13 38 40
78 8 25
8 6 35
85 34 30
77 4 19
65 11 26
25 7 26
57 8 9
46 17 39
19 28 31
76 18 24
71 26 6
55 1 1
60 38 21
79 7 21
51 30 27
4 26 34
70 22 28
31 12 37
74 15 26
52 18 13
80 17 8
86 35 19
68 3 10
80 13 28
25 16 20
6 24 1
19 37 21
31 17 13
60 12 18
53 31 1
9 20 37
58 3 13
5 24 32
63 34 7
70 27 31
76 27 23
50 35 16
26 22 35
4 38 17
72 5 18
18 20 23
59 14 14
79 3 7
71 26 6
7 4 39
9 16 18
17 6 2
1 1 25
73 37 23
30 38 13
20 13 20
68 29 36
11 10 15
73 19 1
37 21 10
48 13 22
31 16 5
49 6 16
54 22 12
85 7 16
59 22 2
79 10 27
5 37 25
78 31 23
17 16 14
6 21 27
4 11 28
46 35 38
61 21 38
47 33 2
63 20 37
62 12 28
13 20 13
49 16 32
35 6 28
47 3 23
10 30 2
51 1 36
63 24 25
27 17 38
36 34 24
15 2 37
29 2 13
64 29 25
36 32 15
28 18 27
5 35 11
68 26 13
54 8 10
2 21 36
13 20 8
84 18 22
21 9 40
45 36 27
34 37 2
7 15 22
73 15 8
42 5 29
42 30 25
14 18 6
74 7 34
7 10 21
74 30 33
69 8 10
15 22 24
24 32 30
31 17 13
46 26 31
45 17 9
72 16 7
8 32 27
42 12 18
29 9 19
21 23 11
54 27 9
83 36 7
14 14 17
27 36 12
12 15 40
65 7 14
55 11 32
70 15 10
7 22 38
78 36 5
61 15 24
59 30 9
14 22 12
26 6 36
80 23 3
26 6 27
63 25 37
33 2 19
18 7 6
86 22 20
2 10 18
6 8 26
45 15 27
40 25 21
1 19 29
62 16 10
33 36 3
51 11 27
86 10 7
54 6 24
29 13 25
19 24 14
69 1 6
17 38 28
35 16 6
15 4 10
45 18 20
69 14 19
47 11 30
18 9 9
62 13 32
62 18 27
78 36 25
8 14 18
49 4 6
17 13 18
51 2 8
59 37 4
76 21 7
27 26 27
55 22 4
56 35 23
73 34 26
75 27 39
26 21 39
3 37 12
20 36 10
72 6 10
17 19 30
44 6 37
29 11 27
49 36 28
44 17 23
60 27 14
8 28 8
27 5 35
66 1 32
50 19 27
54 24 7
5 21 20
32 33 8
35 19 22
42 6 28
76 10 17
73 36 10
2 6 3
77 37 31
59 5 30
27 34 11
10 9 40
40 5 40
8 35 19
25 38 36
6 27 33
75 11 3
3 25 31
31 36 37
67 9 27
29 37 32
16 12 34
18 27 24
73 11 33
77 31 28
30 32 3
6 14 19
8 14 17
72 5 16
37 26 13
51 2 34
52 25 5
74 34 30
13 15 23
48 21 34
64 17 7
28 32 31
70 9 35
57 11 19
63 35 10
74 28 25
10 32 40
24 22 27
67 34 10
50 22 20
56 29 30
25 15 37
58 32 37
53 2 4
23 30 10
38 13 35
18 2 24
3 26 36
63 35 10
83 29 5
45 21 2
16 38 5
84 36 20
26 15 2
74 17 40
25 1 23
22 28 6
24 26 24
2 37 11
35 3 25
25 20 39
66 2 24
16 15 30
22 2 2
51 22 32
67 24 26
10 11 28
5 22 19
53 17 39
81 21 36
40 6 23
31 32 30
56 6 23
64 20 38
21 8 25
75 19 23
72 32 23
52 12 21
58 31 13
56 4 3
35 32 13
14 1 8
32 33 38
52 4 40
30 20 37
68 21 22
75 30 40
54 32 18
65 10 34
82 18 11
80 30 2
9 3 16
45 16 7
76 31 21
5 7 12
26 25 17
77 24 15
34 18 9
47 29 5
71 29 38
56 10 20
75 38 13
49 29 16
58 25 22
70 26 34
2 5 37
11 14 15
30 23 4
38 4 21
77 11 11
61 3 34
58 5 18
58 4 16
58 32 17
53 25 19
77 34 23
40 11 15
79 38 6
11 10 27
29 38 8
1 13 16
32 8 10
44 24 37
62 7 32
21 25 2
28 26 34
3 4 7
49 19 37
13 34 25
14 27 36
6 34 29
15 24 37
78 1 38
80 36 4
36 25 9
83 15 20
30 12 39
23 34 30
57 23 13
41 5 19
34 12 20
22 3 5
60 31 21
38 38 21
26 29 14
79 17 35
60 23 16
58 3 21
80 38 10
47 24 22
55 33 16
60 25 38
27 27 23
84 14 19
15 3 21
33 9 25
3 13 18
53 36 22
32 27 14
56 9 6
3 16 2
12 5 33
66 22 10
10 25 29
29 4 4
44 19 15
64 31 4
46 12 13
64 28 34
8 12 16
77 3 17
44 2 13
3 22 19
60 10 26
54 38 31
15 27 17
44 29 32
31 16 39
21 30 34
40 36 16
58 16 30
3 9 30
53 8 35
51 16 33
50 21 27
31 29 10
74 11 13
23 12 5
56 27 36
8 23 35
31 8 34
16 27 40
8 14 22
81 15 10
34 33 38
15 28 37
47 34 6
20 20 34
51 6 18
78 9 14
65 22 2
60 34 11
44 13 40
71 10 8
30 29 20
58 11 10
26 24 14
14 35 3
17 7 30
37 4 28
32 35 2
65 18 21
74 15 18
39 15 11
76 8 21
51 25 2
84 16 10
72 9 12
49 13 33
54 11 24
24 5 27
1 29 11
11 33 17
67 8 26
62 32 27
23 8 10
23 28 39
12 35 40
32 28 6
64 12 15
22 3 4
45 7 11
57 8 16
1 25 36
8 2 12
47 17 23
76 1 16
69 19 29
55 30 23
29 3 39
45 28 13
41 14 40
12 34 14
34 17 34
17 6 19
5 5 11
50 1 5
23 29 15
64 24 11
30 34 35
25 19 31
80 10 4
12 10 40
69 19 24
46 33 24
7 14 32
28 1 38
44 25 33
37 14 6
10 7 31
61 28 20
70 30 36
57 32 21
58 13 11
62 19 26
23 32 28
44 38 20
31 13 17
81 24 19
63 16 40
25 37 37
81 26 36
65 14 37
16 27 20
35 18 16
25 2 15
26 3 18
86 22 14
2 11 29
58 34 29
34 28 22
52 14 14
85 31 34
30 15 28
17 19 25
55 33 14
43 10 32
16 36 5
68 16 24
65 36 7
1 21 26
69 22 18
52 5 31
62 26 31
74 18 17
58 20 10
86 4 19
65 33 6
58 7 37
53 38 35
81 37 33
28 24 7
44 31 37
48 31 3
26 11 13
7 19 16
64 20 29
26 21 18
44 13 8
27 30 10
81 19 34
20 31 4
1 11 8
40 16 36
82 36 13
40 33 24
20 22 24
16 2 21
35 8 37
19 4 1
10 20 18
82 10 12
76 9 10
81 22 22
56 27 35
71 8 7
71 34 19
26 17 17
24 27 27
68 23 5
36 19 14
54 23 7
8 36 27
6 12 32
23 34 9
27 4 22
2 9 17
35 20 25
66 7 18
27 10 29
67 10 11
13 2 39
73 27 34
64 37 32
79 32 24
47 32 21
35 13 9
21 11 32
11 22 7
56 34 14
75 20 38
19 35 22
34 25 3
31 35 30
45 21 26
18 24 22
43 21 11
39 32 32
45 4 12
39 27 40
35 33 31
1 27 22
67 9 35
27 14 32
25 15 38
64 27 15
50 36 38
37 27 29
68 32 36
11 28 16
55 14 10
63 31 2
80 18 39
22 10 4
63 22 21
60 1 32
47 11 20
10 18 11
27 19 25
21 9 38
28 5 8
9 27 21
62 15 1
20 36 27
2 35 13
22 29 28
17 36 6
12 6 11
65 4 26
80 12 33
19 32 37
9 25 14
59 26 23
75 21 10
36 10 27
82 22 2
25 38 10
27 7 4
