15 48 1865 2647
2175 3030 2943 2628 3087 2788 1149 658 323 166 745 3381 3348 4590 125 1404 3144 4360 3157 702 3300 3460 1250 3220 2508 2845 725 1978 3969 4851 4163 2583 22 332 3554 3292 3173 955 3638 507 4064 3986 3184 4706 2233 100 4150 3059 
1464 1582 3791 288 4644 262 3631 2842 16 1618 3597 4596 604 584 4310 3762 4021 4492 4595 2198 1104 3906 1966 750 1898 449 2543 1977 348 3744 4141 3746 2019 3054 3472 1955 1246 4284 1698 428 2241 770 1505 4735 4797 656 608 3364 
361 4420 1004 4434 2560 4823 1605 127 2002 2077 674 4387 2881 2702 2760 3471 3306 1607 587 3607 218 3780 3233 2995 506 4261 1224 3947 3980 2721 2427 3117 1282 3788 4040 2911 4395 1955 4646 238 4241 3916 4686 1996 4033 499 1428 3085 
2271 4130 664 2857 4788 2464 2914 539 3052 2922 2087 4045 2971 1930 4659 3007 2430 326 1172 2445 2372 110 2910 388 4392 2336 4294 4818 2411 4117 1101 4328 1283 1674 1366 2127 3049 2020 542 685 673 3667 3330 2703 771 3150 3799 1944 
246 643 488 969 133 3581 1691 3441 4477 354 4282 4741 2946 2518 4264 1295 1629 4489 3214 268 2036 539 894 859 2164 1130 2881 81 2903 101 550 4534 769 1967 2831 1364 4681 496 618 3311 4735 4387 4294 2364 441 298 3449 2533 
3137 4778 1941 107 4222 1975 97 890 2402 4429 2261 1782 666 4728 3661 4589 276 4521 4563 19 3491 2284 245 3071 1708 2628 4357 761 3536 3572 386 454 121 4380 1658 2515 4847 2336 2635 2132 649 1457 2910 3425 615 4288 683 4160 
1439 612 1547 1115 1655 1081 63 4894 2258 3444 1820 475 1102 2169 1866 782 3057 4475 4758 1710 268 1590 368 2915 480 2790 3749 953 1368 2969 3451 4385 1311 4153 4160 2731 1438 1847 2643 1209 4510 1508 4218 628 3364 2070 2144 4217 
2677 1421 3036 1369 2430 2100 1793 117 1134 3532 4856 2154 1040 1030 1691 2478 133 3009 4530 3784 2666 1815 4297 1395 4516 3943 4171 1262 939 256 853 4035 3891 3407 4341 2582 670 3388 3710 1766 4797 271 2569 217 995 4568 1155 4626 
1570 764 3795 2379 4344 565 1668 885 4144 3803 4495 2009 3508 4888 2554 4498 2135 4236 1649 2820 3143 3017 3334 1663 601 4375 521 2411 1029 2212 4181 929 4372 917 1389 300 2587 1521 4446 509 596 3770 450 1973 1311 2814 2805 1302 
142 2432 2157 1031 1067 3602 1813 4231 3753 2599 2287 1182 679 1834 1269 348 156 2102 257 3815 4488 4873 304 2553 1650 1884 2403 852 1363 1793 4853 2444 1440 1974 3711 3962 2804 1445 4086 1591 2791 2227 373 387 1750 4795 3096 3188 
1816 4330 3485 1212 4000 1727 4364 3146 2921 2988 920 1273 1199 455 3260 1316 173 4450 1856 4304 554 898 357 858 1157 3935 715 3541 2275 1012 245 4205 4557 1763 2365 353 3153 3775 2086 573 657 2012 1688 2560 3044 3574 3046 19 
1549 2444 3003 4164 1987 544 2695 3670 1207 378 4307 3299 1493 4444 2564 1835 2058 1206 4880 3764 193 693 1182 4809 852 2766 2853 622 4706 4277 857 4513 4311 3536 4534 563 4287 209 4465 1632 4134 505 4764 1554 1160 1617 1349 3751 
3852 2625 1717 4539 3438 2068 1456 4184 185 3671 2987 3770 1493 1770 1666 1378 4035 1641 623 1553 3731 4299 4675 2395 1321 1195 1791 1367 3175 4256 1350 4239 37 497 2098 3077 2272 2140 166 1871 2489 4306 485 754 4060 692 2387 4411 
2551 3462 3983 4367 1586 1859 4156 3053 1223 4224 1198 120 3540 259 109 2012 711 1072 2246 538 3053 4577 3516 4590 2143 3389 3976 3530 3577 1897 1224 4445 3890 2274 243 4189 1437 1755 2963 3968 3569 150 1423 3492 2240 3886 2812 4532 
3132 1675 4070 3328 2555 4376 167 2756 2981 2873 4770 3051 1820 4254 3343 3687 1657 1929 1543 4149 2837 492 3899 4217 4187 2427 888 1462 4550 4273 4075 4171 4200 621 773 4306 1827 378 4579 830 4139 3474 4423 4680 3295 2779 3263 2292 
6 28 28
6 11 2
7 30 9
12 16 36
11 32 3
13 41 29
8 42 14
11 34 40
5 14 36
3 35 22
8 8 27
12 13 23
8 34 26
9 16 8
13 15 6
4 34 35
8 10 16
4 41 8
6 11 17
3 14 5
11 4 6
11 24 14
13 26 35
13 11 36
5 20 8
2 15 18
6 7 38
8 32 28
4 4 15
2 6 38
13 17 12
13 33 12
5 23 6
12 31 9
4 36 6
9 33 13
6 20 10
4 21 19
9 15 23
13 45 40
7 20 36
2 13 12
7 22 11
2 14 27
2 18 31
9 17 7
6 12 27
7 15 38
2 32 30
2 22 25
13 36 4
9 43 17
1 3 18
13 7 32
1 5 2
9 33 11
2 44 25
10 10 5
7 1 14
9 9 20
12 9 24
10 10 1
2 31 5
8 42 27
8 31 38
5 9 29
10 27 21
6 40 10
2 42 20
2 17 2
13 12 13
7 17 12
1 17 37
13 12 21
13 46 21
3 28 15
4 7 36
12 41 10
12 34 31
6 5 34
9 4 34
11 39 26
10 20 32
13 43 6
13 44 33
12 34 8
10 25 31
3 17 3
10 39 5
3 7 28
10 10 36
8 20 16
1 30 10
12 37 33
10 11 39
11 14 21
12 30 16
12 2 21
13 14 21
8 36 8
11 20 15
3 36 22
2 5 21
10 2 6
5 16 37
4 17 7
1 44 29
12 7 1
12 29 17
9 7 24
1 32 31
1 7 29
8 45 29
6 13 16
3 1 23
2 31 7
7 33 14
3 17 29
7 9 15
2 9 17
1 32 29
3 42 11
3 31 20
12 19 22
9 13 30
3 15 6
3 5 22
3 38 17
1 31 23
7 18 16
5 9 19
9 31 5
4 39 30
6 27 19
4 43 17
8 32 17
10 38 32
12 1 12
12 24 5
3 45 19
5 29 40
9 40 30
3 13 6
8 7 11
9 38 28
9 4 21
5 19 36
13 32 23
10 46 34
11 3 11
1 42 9
12 19 8
10 6 2
12 32 20
11 27 35
8 14 29
6 10 6
8 17 11
10 36 1
8 36 5
1 32 17
11 27 32
1 7 18
2 45 24
8 22 22
9 36 37
12 36 16
8 46 22
9 35 32
8 42 26
3 44 22
10 20 34
4 34 14
1 31 18
7 38 9
11 44 17
9 45 34
12 5 3
13 7 20
11 37 4
12 22 27
1 11 33
6 28 34
4 6 6
10 15 36
5 35 14
6 29 11
2 31 6
4 25 4
7 11 34
10 13 40
9 26 6
4 10 20
9 37 1
11 18 15
8 23 12
13 29 37
2 7 6
10 16 32
10 22 30
13 13 5
11 24 10
5 46 21
10 18 23
6 13 16
4 34 20
2 2 15
7 23 39
4 34 23
6 16 37
9 21 19
6 23 19
11 11 40
8 22 38
11 44 34
8 10 13
9 37 34
9 8 30
10 21 32
4 37 28
11 17 7
11 33 39
7 16 24
9 27 25
13 35 24
4 42 25
4 30 1
6 1 24
8 6 17
3 3 40
1 34 12
10 18 18
4 22 31
11 10 22
4 21 20
11 36 21
12 24 29
10 32 5
7 19 7
8 35 26
1 45 25
13 45 9
7 19 20
4 25 17
6 22 11
11 24 25
3 14 13
3 23 18
5 15 12
12 37 35
8 25 24
1 24 8
10 6 14
5 7 23
1 5 39
13 26 18
3 18 38
1 22 2
5 23 26
7 45 21
7 4 31
1 32 4
11 30 12
10 8 37
4 30 27
9 11 20
5 5 13
10 21 23
1 42 5
12 45 19
13 40 38
11 10 16
1 29 10
13 28 8
5 20 18
8 35 23
1 26 35
11 23 13
8 46 15
4 3 36
13 13 33
9 31 13
11 3 26
7 44 38
4 4 31
13 39 6
3 36 35
1 39 27
7 21 16
8 9 21
9 39 21
1 20 34
3 4 22
7 13 36
8 32 28
10 36 15
3 27 2
2 10 40
9 43 40
7 8 10
8 42 25
10 4 8
2 33 25
7 15 33
4 34 23
3 31 6
3 42 12
5 13 31
3 5 5
11 22 14
2 39 5
4 46 28
2 45 17
11 19 32
8 12 20
2 37 29
3 1 32
10 22 15
1 35 25
4 11 7
6 32 1
2 22 10
10 36 38
2 17 25
4 22 13
2 41 3
4 1 30
2 28 3
8 7 38
4 36 28
8 15 27
5 43 33
13 36 19
1 18 28
2 34 28
9 20 1
10 28 13
5 11 29
2 8 40
8 36 25
4 27 18
8 10 10
8 36 25
10 9 38
6 29 19
2 5 35
3 44 21
13 35 31
1 22 9
13 2 22
4 41 8
13 39 20
13 27 38
8 13 31
12 34 18
11 5 32
13 45 2
4 9 13
8 6 18
6 19 29
8 13 11
7 24 39
1 42 40
13 24 16
2 35 26
7 1 6
10 32 21
7 35 21
3 9 30
9 43 21
8 35 38
5 9 15
10 42 37
9 4 31
8 41 14
12 28 8
12 6 24
10 16 7
7 10 6
11 7 11
5 35 35
1 39 28
7 45 30
3 18 1
3 38 14
8 8 25
11 32 8
6 6 3
8 22 21
10 29 10
2 1 34
6 26 11
13 46 30
13 1 1
13 11 18
5 14 21
13 21 19
10 2 4
2 44 36
11 40 24
3 42 30
10 6 31
9 36 21
3 23 31
11 24 32
2 20 37
13 32 28
3 22 20
2 21 39
5 20 27
6 22 27
6 43 31
2 33 12
6 41 13
12 32 7
3 28 12
6 8 31
7 35 11
13 36 28
12 44 6
1 8 12
5 37 20
4 25 37
1 33 33
2 36 12
1 20 16
5 6 10
1 15 33
10 27 21
5 45 10
3 20 33
10 5 31
12 19 17
7 23 17
4 30 34
6 39 23
10 20 27
8 1 7
11 24 35
5 7 12
6 4 30
3 44 9
1 31 39
5 34 10
6 16 33
7 17 10
1 21 1
6 45 29
6 23 25
5 8 8
13 9 29
8 21 5
9 42 29
2 3 10
1 44 16
7 16 33
2 14 29
13 3 31
6 41 11
4 22 1
6 34 28
12 19 13
12 33 18
4 25 22
9 40 22
13 31 16
10 46 37
9 46 36
13 42 22
12 35 1
5 13 40
3 41 36
6 33 33
8 29 20
2 43 29
13 20 40
10 42 33
12 21 30
12 40 29
12 29 17
12 6 6
9 2 14
13 6 22
4 17 6
2 32 14
10 20 35
3 39 3
9 45 21
10 6 23
4 10 34
11 2 12
5 10 8
1 28 28
6 44 17
2 22 22
13 44 19
10 16 26
4 12 3
6 45 35
1 37 4
3 46 13
13 38 37
6 22 16
8 46 38
6 18 34
4 11 40
3 7 30
6 33 8
5 6 9
9 24 35
5 8 37
8 28 16
2 16 9
12 22 33
12 9 14
7 44 14
1 30 15
6 32 36
13 8 12
13 16 26
12 44 6
9 21 20
3 7 25
2 10 9
10 18 25
11 22 21
10 9 35
3 11 13
11 27 8
12 46 8
13 26 24
10 7 35
12 27 22
3 33 11
10 18 13
7 12 10
6 27 18
12 43 16
6 4 27
5 2 14
1 38 11
4 14 5
12 2 8
12 13 35
2 10 36
8 24 27
5 44 35
12 1 38
11 46 25
6 37 3
4 31 25
3 42 16
1 45 39
11 45 16
6 1 26
1 26 18
13 20 36
9 22 5
8 4 40
7 44 27
7 35 36
11 14 28
7 17 19
3 5 16
10 29 13
7 44 26
1 29 26
5 26 35
10 36 26
7 38 10
13 32 28
4 41 9
9 27 24
6 22 12
2 32 38
2 6 40
13 33 31
9 28 5
2 37 18
13 7 32
4 22 21
7 23 40
12 20 31
8 33 23
1 20 13
12 11 23
6 1 40
5 41 33
5 4 15
5 39 14
3 8 17
13 8 27
8 41 18
9 43 9
10 23 21
5 9 1
9 24 19
3 34 19
12 34 2
11 35 21
10 12 28
9 35 26
8 21 38
10 46 36
11 39 17
5 26 25
4 5 21
2 27 24
13 40 36
8 26 40
11 42 5
5 12 36
2 39 21
7 8 26
11 36 39
7 12 4
4 26 6
2 43 21
7 37 30
3 4 40
13 43 31
8 33 4
8 34 30
3 25 40
7 1 20
5 46 15
8 41 27
10 2 40
5 40 6
8 43 31
1 12 15
7 40 2
2 44 2
7 12 17
9 14 23
4 14 10
10 8 2
11 45 5
4 27 27
3 15 21
11 25 31
6 28 12
10 33 4
6 8 19
7 39 22
10 46 15
3 14 12
1 42 28
12 29 8
7 3 11
3 3 36
9 45 33
9 6 11
6 35 25
12 4 10
7 28 6
8 7 31
13 8 31
4 26 15
7 14 18
10 24 14
10 18 11
1 1 5
8 22 9
8 40 23
3 44 19
11 26 25
3 26 14
1 35 32
9 9 7
8 27 7
8 31 32
4 46 28
10 32 6
11 17 19
10 38 40
5 7 39
9 15 1
8 15 19
11 16 32
5 20 13
7 19 38
2 36 8
7 21 5
5 6 18
12 25 10
12 15 29
3 20 36
10 44 18
1 6 36
4 22 13
9 29 32
11 29 2
11 17 25
11 20 19
6 13 37
2 18 40
6 44 13
10 11 30
13 38 19
13 9 32
12 25 21
12 33 32
6 17 18
9 8 9
9 10 37
7 28 5
10 13 26
3 38 24
1 15 20
6 19 33
6 14 30
7 34 4
4 10 17
8 28 2
10 31 27
5 22 17
3 12 14
7 29 17
11 17 8
3 6 39
8 16 14
7 20 25
3 9 11
7 11 9
13 18 1
3 20 8
2 5 16
3 11 30
8 36 39
6 21 18
3 28 7
1 27 17
7 39 9
5 2 16
3 21 11
3 39 3
8 32 27
1 37 37
8 18 4
5 38 1
2 38 11
4 12 18
10 31 14
1 15 29
13 45 16
1 18 33
3 36 15
13 1 7
11 32 23
6 27 17
8 11 1
11 32 34
13 46 22
2 11 3
12 9 23
8 44 21
13 5 2
8 14 5
8 45 35
12 12 33
12 14 1
5 15 14
12 34 24
8 31 31
5 27 8
9 28 14
11 24 2
10 11 6
11 44 32
3 15 8
12 21 8
4 40 11
4 20 18
9 38 32
4 34 18
10 2 6
10 35 17
7 10 15
4 23 31
5 17 11
7 15 16
13 43 2
1 24 30
5 36 35
9 9 12
9 10 26
1 35 3
9 43 30
8 33 25
2 44 29
3 23 11
6 38 5
7 3 38
1 41 37
11 10 6
11 22 16
9 7 26
3 13 9
9 8 35
1 40 29
6 26 35
1 5 16
9 9 14
6 27 21
8 45 37
1 30 12
3 29 35
1 4 13
10 24 21
2 18 28
10 16 32
8 20 32
7 38 33
11 19 33
10 4 24
3 24 22
3 21 2
3 39 20
11 2 3
1 2 38
11 14 17
13 21 35
2 26 18
9 10 37
9 38 29
12 17 13
3 17 10
2 4 12
12 20 5
5 35 26
6 31 31
8 23 7
10 10 36
9 19 40
5 2 35
4 33 10
11 3 31
5 20 13
1 8 30
9 37 40
4 33 35
6 44 4
7 40 29
13 17 14
3 37 18
10 45 14
3 41 17
1 8 31
12 22 35
11 32 32
6 28 10
6 16 27
5 32 14
10 31 1
13 10 16
5 22 22
2 13 28
7 34 18
11 15 23
2 26 14
1 32 22
1 39 23
4 46 27
8 25 27
6 36 23
1 45 32
10 27 23
12 39 22
13 45 38
13 46 21
3 41 34
1 18 14
9 15 30
13 11 12
12 8 17
11 37 21
1 28 23
3 8 27
8 8 29
4 32 30
1 2 13
9 35 9
9 46 23
6 41 9
13 22 17
8 15 24
6 34 34
11 13 16
12 10 24
8 20 19
11 29 12
1 16 23
4 22 21
10 2 21
6 45 18
3 27 10
11 13 3
5 15 9
5 15 31
7 7 30
7 39 10
13 12 7
7 12 13
3 5 13
7 44 28
8 37 40
7 34 30
1 4 25
6 31 34
8 41 32
1 32 37
1 12 7
2 12 37
8 32 18
1 31 11
6 24 24
1 7 31
11 8 18
11 7 4
1 14 10
13 30 37
1 18 13
9 11 30
4 32 7
3 6 4
4 12 16
11 32 17
13 10 4
3 14 36
4 12 5
7 30 18
2 26 6
3 45 18
1 30 39
10 10 27
10 30 34
6 10 2
5 22 24
3 24 18
5 5 16
3 38 35
11 7 18
11 18 32
5 16 25
8 3 16
8 33 39
9 1 6
13 11 10
8 33 36
8 22 33
2 35 3
9 30 25
7 22 23
4 11 26
3 28 8
6 25 13
2 9 21
10 45 12
13 17 35
13 1 5
8 24 39
5 38 27
12 4 25
1 45 10
4 23 31
4 35 38
13 42 34
5 32 20
8 22 28
1 41 10
9 7 39
11 2 13
2 3 14
10 17 6
12 7 14
4 35 10
7 41 32
6 19 8
12 38 4
12 28 17
4 18 17
3 37 16
2 7 29
10 26 24
9 10 24
8 44 37
2 12 5
6 19 24
2 16 18
7 19 29
4 5 38
2 45 29
13 31 8
10 11 23
7 37 2
3 1 36
6 10 23
5 4 31
7 39 34
3 39 14
13 29 36
13 46 4
7 27 30
1 30 37
8 21 7
3 34 19
9 42 29
11 11 31
13 32 7
4 46 28
8 37 39
2 21 24
10 29 27
4 43 26
9 9 19
12 26 31
7 46 13
7 22 33
13 12 13
7 38 15
10 16 9
7 7 38
9 11 35
1 42 37
13 22 36
10 14 19
12 12 5
13 33 1
8 37 9
1 12 5
10 44 11
9 35 4
8 19 24
12 46 30
8 39 30
5 25 16
2 15 3
4 43 23
7 1 22
9 46 22
13 8 8
10 36 35
3 22 21
9 39 3
7 18 35
2 5 18
4 27 5
11 22 22
11 43 28
5 36 33
5 14 32
11 33 29
3 22 21
1 40 29
13 36 12
4 20 23
1 6 37
8 46 26
10 16 1
5 33 17
4 5 15
11 13 21
10 13 16
10 19 17
13 31 38
3 22 2
10 2 4
10 43 25
1 35 9
5 43 2
9 36 16
4 33 2
8 6 13
1 37 26
1 14 29
8 14 5
6 26 17
10 25 35
7 17 37
4 6 21
4 26 36
11 7 4
13 38 14
2 12 11
12 46 12
8 22 7
13 2 36
3 40 36
8 39 24
13 10 39
8 22 9
2 26 32
5 37 11
11 10 9
5 29 11
11 40 24
13 6 34
3 35 2
3 37 5
5 23 7
10 10 12
12 15 32
12 13 22
6 34 20
5 16 40
11 38 27
3 4 17
6 12 40
6 39 16
13 6 17
5 42 34
5 46 13
13 36 5
6 30 30
5 21 34
8 42 26
2 1 33
9 14 36
12 30 12
10 30 16
4 32 13
12 39 6
10 7 3
7 11 5
4 13 24
13 1 16
5 33 9
12 1 13
11 11 3
3 27 15
1 31 21
11 23 30
13 21 30
12 28 20
7 22 39
9 21 36
11 23 7
8 24 19
8 21 37
2 36 21
3 29 19
6 18 7
7 2 11
4 9 22
1 29 29
9 42 38
1 29 21
6 30 35
13 28 3
10 30 20
8 36 8
13 38 33
1 33 5
13 11 1
8 31 26
9 7 8
9 36 11
6 29 30
2 13 22
11 36 35
7 17 15
3 1 23
3 45 40
6 12 35
1 39 10
1 40 2
5 28 28
2 1 4
2 16 4
13 44 8
10 39 9
8 25 30
7 15 36
6 35 21
2 17 25
7 36 40
5 40 22
9 8 32
3 27 24
13 23 5
7 44 14
2 32 4
3 24 31
6 41 19
13 13 20
4 25 17
4 7 6
2 2 24
3 35 26
4 15 6
5 35 18
11 21 19
4 8 2
1 24 38
5 41 30
13 35 30
6 31 20
11 36 14
1 28 8
2 15 8
10 9 16
12 9 12
9 29 8
2 46 36
7 37 31
9 46 1
6 46 26
10 8 8
2 11 19
9 21 5
1 24 4
8 17 35
4 7 8
8 17 15
6 32 11
12 40 30
7 27 28
4 36 39
13 32 2
10 22 22
2 22 40
7 15 21
2 42 7
7 13 35
4 12 22
2 14 23
4 32 26
2 25 13
1 43 4
3 33 14
10 5 9
11 3 15
4 33 11
1 17 26
8 14 8
9 43 26
2 11 29
2 2 17
8 19 23
4 45 3
10 22 10
10 7 22
11 44 1
7 45 1
1 37 17
10 37 26
7 32 37
5 26 40
11 33 2
7 33 15
4 44 39
6 15 18
4 44 8
12 32 10
1 44 25
5 19 8
10 9 21
13 6 21
5 19 16
4 39 35
2 8 38
2 7 13
11 17 31
6 13 26
3 36 3
9 36 35
3 16 31
7 4 18
9 1 23
6 37 40
1 27 32
13 41 1
3 10 29
8 36 38
3 24 25
4 11 20
8 11 24
13 35 12
9 37 3
5 8 19
9 21 23
10 13 31
6 39 18
12 31 11
11 3 25
13 16 21
13 34 37
13 45 5
6 23 38
1 1 14
8 21 39
13 5 17
4 36 25
11 15 17
3 35 17
11 46 6
13 38 40
8 17 34
11 39 32
2 5 15
1 3 21
9 27 11
3 20 26
1 1 2
2 12 38
5 44 1
8 36 3
13 32 1
13 34 20
12 22 17
13 26 26
6 46 31
8 43 40
11 7 22
9 24 9
7 40 26
11 41 13
2 23 2
8 17 14
10 21 8
9 9 29
2 22 36
4 37 18
7 21 34
1 16 7
6 11 18
5 10 30
10 8 19
9 9 12
10 22 24
6 36 27
8 40 39
11 13 14
10 20 30
9 19 19
3 18 15
11 10 39
4 30 9
8 20 11
3 17 2
1 7 8
12 32 31
3 26 23
13 30 10
9 43 32
4 24 4
12 27 22
12 40 25
3 16 19
13 11 6
10 40 25
5 12 16
10 17 10
11 39 11
12 15 34
10 35 34
13 20 6
6 32 36
2 7 6
4 38 18
11 43 14
2 32 13
13 15 38
8 40 21
8 17 3
11 41 39
8 17 39
2 27 3
13 9 25
3 34 36
6 37 1
9 33 7
3 31 1
11 43 37
2 12 37
11 12 34
3 46 27
10 10 8
2 30 38
4 40 12
3 7 3
3 16 31
3 12 12
3 33 7
8 8 18
1 45 3
12 7 20
1 32 18
2 18 31
5 39 10
7 22 33
1 26 40
9 35 11
1 6 27
2 19 4
6 41 19
12 35 27
6 1 2
3 36 29
4 39 4
11 39 19
3 36 21
8 19 10
11 44 20
2 44 38
10 4 24
12 17 35
4 2 9
9 16 6
4 45 15
13 46 4
3 4 8
12 36 36
4 21 9
10 38 21
5 2 13
2 41 40
3 5 38
4 31 18
3 7 23
7 33 18
10 36 17
10 45 40
11 9 11
3 12 29
1 39 16
11 33 22
11 5 7
3 42 7
12 29 2
3 6 3
8 14 20
8 34 16
1 43 21
8 45 32
2 28 20
2 17 11
13 9 18
10 8 6
11 6 40
5 13 21
11 5 21
13 30 38
9 39 8
9 3 23
10 18 27
8 27 34
9 38 20
12 19 31
5 44 10
1 23 9
2 42 40
9 16 22
6 19 28
8 40 24
13 31 8
3 17 36
13 26 5
12 28 36
1 6 32
10 39 40
6 31 1
12 23 8
13 18 39
4 35 38
2 16 2
8 25 3
11 9 1
7 28 18
13 18 33
2 12 28
5 26 11
12 37 37
5 10 38
9 23 9
8 45 23
7 28 5
9 33 8
6 6 24
11 29 34
10 41 22
7 6 6
1 34 28
9 25 19
7 20 17
12 36 26
3 30 31
2 12 1
8 5 33
11 25 16
2 30 24
2 29 22
8 36 17
1 3 37
5 20 16
7 32 20
5 46 15
3 23 4
5 44 14
10 16 24
6 23 10
1 16 3
8 25 19
13 34 18
6 19 35
12 14 22
2 40 1
11 16 14
2 37 25
5 31 2
13 28 8
1 36 29
12 26 40
6 35 35
12 28 22
10 26 3
8 10 21
5 13 18
5 8 5
12 3 14
1 24 34
13 41 1
9 8 27
1 42 7
1 13 20
12 30 5
6 10 27
2 42 16
3 34 23
6 8 37
5 23 38
11 2 32
8 2 40
13 34 35
10 17 27
7 39 12
8 13 31
12 7 8
9 13 31
7 35 34
8 42 4
13 11 3
2 46 37
4 28 39
5 3 35
9 21 6
7 7 19
9 36 38
9 13 3
3 24 16
4 43 31
8 25 10
12 43 17
1 41 23
6 3 31
1 46 24
4 19 3
7 18 37
1 8 21
10 1 24
4 33 20
1 13 28
2 36 39
5 6 8
9 36 17
12 46 36
5 5 4
6 30 13
6 24 37
12 37 18
11 17 16
12 45 25
12 19 29
3 23 19
1 27 34
6 32 8
4 32 18
9 15 38
7 20 6
12 2 3
10 1 28
12 4 31
6 35 2
4 28 26
3 19 9
3 39 15
11 45 15
3 34 35
3 13 1
3 39 14
6 13 6
6 42 1
12 34 30
13 11 10
5 2 3
12 7 12
10 13 12
6 20 28
13 32 29
6 33 5
8 38 25
6 21 20
10 5 28
5 3 14
4 34 11
4 9 28
1 38 40
7 28 13
11 7 14
4 18 24
12 30 2
6 2 20
9 8 15
10 36 31
6 24 5
7 34 4
13 21 10
7 41 14
3 32 22
9 16 20
10 35 37
8 45 14
11 7 22
8 1 16
2 18 14
7 18 15
3 19 26
11 13 32
11 2 28
9 22 38
6 32 27
9 24 15
9 12 21
5 24 16
7 19 2
5 3 14
1 46 33
12 33 30
9 11 36
11 33 25
5 20 13
6 15 36
7 37 29
7 25 29
2 44 34
4 3 34
7 12 3
8 15 27
1 1 20
1 11 18
8 28 19
4 5 30
13 24 31
1 3 5
5 5 15
12 18 9
13 4 37
9 40 3
12 32 4
3 30 5
11 23 13
11 11 31
2 23 13
7 6 32
5 20 16
10 41 18
12 34 12
1 33 4
6 10 23
10 2 26
12 37 5
9 12 27
5 45 27
2 8 30
1 24 14
8 33 13
8 6 38
11 31 8
3 25 6
6 26 3
10 34 30
7 31 11
5 35 28
9 12 17
12 14 5
7 41 27
6 29 19
3 41 1
12 18 40
12 24 11
4 14 18
9 43 10
2 16 6
4 13 17
11 35 27
10 46 19
11 39 38
2 28 37
7 7 39
4 28 38
5 32 8
6 8 3
12 18 16
8 38 32
6 3 21
8 30 32
8 45 13
12 38 34
9 22 19
12 23 26
13 3 11
3 8 5
12 14 16
12 7 29
8 38 14
3 17 33
6 17 12
10 17 27
8 43 6
10 31 31
2 23 22
12 8 25
13 16 12
7 1 22
6 6 9
4 33 10
7 5 39
9 44 16
8 18 39
11 29 37
13 26 27
10 27 17
3 28 5
1 35 20
13 26 28
10 41 24
11 23 28
9 18 20
6 16 16
7 9 37
7 22 4
9 41 23
7 16 31
13 32 18
6 13 1
7 41 9
4 25 25
7 27 38
5 12 1
13 3 22
12 43 17
6 1 31
2 3 36
6 11 29
12 4 31
6 3 12
13 2 37
13 19 30
13 2 26
7 28 11
6 14 33
9 40 30
4 9 27
12 7 16
3 40 12
8 43 7
5 28 28
6 34 39
5 25 21
11 33 15
7 9 30
5 10 30
13 13 25
10 42 9
13 45 18
13 41 14
1 5 26
6 17 39
13 13 26
2 27 37
11 39 9
11 19 35
2 14 24
8 11 19
2 10 32
2 17 15
12 33 1
13 40 40
3 44 6
13 27 3
6 13 17
7 37 23
8 9 39
12 28 5
9 14 40
5 23 28
13 17 4
3 17 33
12 34 23
8 24 1
2 46 9
9 16 20
13 21 24
7 39 26
7 41 21
1 8 11
6 41 30
13 20 1
7 8 26
10 1 19
9 44 23
5 15 31
12 25 2
13 34 36
4 46 6
2 44 33
2 37 28
9 22 13
9 5 31
10 11 11
12 39 3
10 29 25
6 5 26
8 24 33
4 19 40
2 46 3
10 9 16
3 22 38
5 9 22
12 33 10
10 33 31
4 32 26
8 33 9
8 35 9
8 16 34
10 12 40
4 27 27
4 26 25
1 40 16
12 40 37
6 20 32
8 33 17
11 4 27
7 18 12
7 38 7
11 39 19
3 34 26
5 26 26
4 1 18
12 4 3
3 5 3
6 42 32
1 10 40
10 3 1
8 2 2
9 41 4
5 31 25
12 41 29
6 20 36
1 1 28
3 17 27
10 6 14
6 25 17
1 27 36
8 6 37
12 16 9
11 32 4
7 33 14
3 27 10
13 26 14
10 21 2
9 34 23
3 3 20
11 37 30
2 8 5
5 19 12
8 45 18
11 35 3
8 2 10
11 3 23
9 5 1
6 33 1
10 44 25
5 21 25
1 1 17
3 43 7
1 43 20
5 23 40
7 41 10
6 45 23
9 17 18
11 29 26
11 31 11
8 8 10
3 22 24
12 15 3
7 14 28
8 11 29
4 24 35
1 34 35
4 4 6
10 29 5
13 3 14
5 2 11
11 21 11
10 15 35
7 15 25
6 35 3
6 4 23
8 28 7
8 14 7
9 44 32
11 21 30
10 35 36
11 42 38
5 30 26
12 31 16
11 11 33
7 3 9
7 43 19
2 8 22
3 46 37
1 41 32
3 14 16
6 39 31
11 42 38
5 16 3
11 40 28
5 45 3
6 4 3
1 37 4
8 21 38
2 14 15
12 38 23
1 11 9
10 43 22
7 18 24
3 21 15
6 6 20
6 27 5
5 14 10
6 44 36
6 6 24
9 26 19
12 36 19
13 19 10
1 9 1
4 45 19
6 18 12
2 37 1
7 28 8
4 29 12
4 18 13
5 20 22
13 13 27
1 28 1
12 38 19
13 12 34
4 3 16
6 22 35
3 2 8
1 9 14
1 28 33
1 17 3
11 2 30
13 33 10
13 10 12
6 30 11
2 27 37
10 7 28
13 35 40
3 43 1
7 16 20
3 11 29
2 6 24
8 21 7
5 36 11
5 45 21
6 10 8
13 18 12
9 34 20
5 15 9
12 18 28
6 42 22
10 26 28
12 12 25
9 29 9
5 45 18
9 26 37
7 28 34
4 17 35
4 12 1
6 9 22
8 44 21
12 10 9
11 6 1
12 18 40
11 30 21
8 40 30
5 29 25
4 16 37
2 6 12
1 12 33
12 14 30
2 14 4
6 23 30
13 33 24
6 12 23
12 40 12
12 17 39
7 40 12
12 13 12
6 22 23
11 27 13
5 37 11
10 11 15
11 35 23
8 45 38
13 10 26
2 16 23
6 33 27
3 29 22
11 38 7
9 4 25
4 38 35
13 22 24
3 40 33
13 35 9
13 24 39
11 4 37
12 30 10
7 3 32
13 28 3
2 5 38
2 16 38
13 11 2
12 24 21
5 15 37
9 9 39
2 27 17
10 9 30
13 37 10
7 18 36
7 41 3
8 26 29
12 4 6
10 46 33
13 42 4
11 14 6
8 4 16
9 12 8
9 43 35
13 43 5
5 20 26
7 7 38
5 31 13
6 6 19
5 21 6
5 22 37
6 2 17
11 1 3
5 10 27
11 3 13
6 23 13
7 5 15
9 8 11
2 46 24
13 20 7
6 43 39
12 8 28
13 13 27
8 18 38
1 43 13
9 43 33
11 6 40
12 34 19
13 25 13
13 37 1
10 19 2
7 33 21
1 44 39
10 23 21
13 43 7
3 18 14
7 4 31
9 41 33
13 32 34
5 46 17
7 30 26
1 12 4
10 29 16
12 9 21
9 13 3
10 1 18
10 6 30
10 35 16
8 38 15
13 26 23
5 40 24
7 39 33
6 27 24
13 34 34
10 31 20
12 14 4
3 39 33
12 3 1
6 35 34
1 19 22
12 4 32
1 9 30
2 17 40
13 4 17
3 30 37
13 21 27
6 26 22
9 8 21
5 2 26
1 11 19
12 10 26
11 40 13
10 37 12
13 19 29
13 46 27
13 31 33
12 9 5
11 14 20
10 12 13
6 9 23
10 37 18
12 24 36
3 17 37
2 11 16
7 16 8
13 35 23
3 44 15
8 25 20
4 1 34
2 26 5
4 35 2
7 27 35
13 36 31
1 26 29
5 6 2
6 16 16
9 11 33
12 27 37
6 8 20
6 44 29
7 19 38
12 45 7
7 43 29
1 39 21
1 41 3
9 10 33
4 34 35
6 22 13
10 3 37
8 10 31
1 16 40
3 1 31
10 2 18
4 28 14
5 24 17
7 36 15
12 42 34
11 1 35
10 34 35
7 35 13
11 43 3
2 37 26
12 2 37
12 17 1
12 9 17
2 24 18
12 4 39
6 16 37
6 30 35
8 7 32
2 7 12
5 32 31
9 36 40
3 41 40
9 32 33
9 13 27
8 7 17
10 23 14
9 23 18
4 19 15
6 38 11
7 37 25
5 3 40
11 6 13
7 33 10
2 1 28
3 29 37
7 8 3
11 2 5
7 21 4
8 4 40
10 18 20
7 35 15
3 46 4
7 40 6
10 34 18
10 13 4
3 38 1
2 6 14
10 8 24
10 11 29
13 36 29
4 14 26
3 26 30
6 2 16
10 24 11
3 28 35
5 38 38
12 12 6
6 44 2
9 11 29
5 38 27
7 24 32
3 3 18
13 25 16
9 41 20
7 32 38
10 20 3
4 23 21
5 30 24
6 7 15
1 35 32
8 3 18
8 7 12
8 38 26
2 26 30
13 4 21
4 16 12
5 36 8
11 20 6
12 22 8
10 14 30
10 15 21
1 5 6
10 1 37
7 16 4
5 46 23
7 29 23
5 36 10
7 40 25
13 44 6
1 19 21
12 33 1
7 21 10
5 41 38
6 45 32
8 2 36
11 19 4
8 12 6
8 37 9
4 36 3
4 31 3
2 43 7
7 3 35
3 35 29
6 31 2
12 24 20
5 29 33
6 21 7
3 27 35
1 10 12
6 37 14
3 24 35
13 38 8
9 3 13
8 1 24
6 40 37
12 1 37
9 12 11
5 9 38
8 14 11
10 28 1
3 44 11
9 20 20
4 43 33
4 29 40
1 19 10
8 2 28
12 7 32
12 43 20
13 1 14
4 31 25
2 27 1
9 22 1
10 22 9
2 41 36
5 17 34
12 29 2
3 7 14
3 33 36
13 18 34
13 37 2
10 38 20
8 15 10
4 6 8
11 4 12
10 29 33
13 37 8
10 9 32
11 28 26
4 19 26
12 17 15
7 24 34
5 45 21
7 6 23
10 13 10
2 45 12
8 30 11
6 21 31
11 39 4
2 5 9
10 25 27
2 9 33
12 26 8
6 14 20
7 6 6
3 20 17
12 21 26
8 25 2
3 41 35
5 21 31
5 41 19
3 42 20
4 40 3
12 43 1
7 12 12
10 1 32
6 18 14
13 19 8
5 41 14
13 9 4
7 10 30
8 17 16
8 46 17
6 28 17
13 7 40
5 37 34
13 4 19
3 1 38
12 18 28
6 33 36
13 2 28
10 15 31
10 4 29
8 1 27
9 32 2
1 36 18
1 29 11
7 28 5
10 3 1
6 5 1
3 3 34
13 41 8
2 40 34
3 34 9
11 45 24
13 23 7
3 32 29
11 25 33
3 7 37
9 32 8
3 26 26
13 10 17
8 20 34
13 43 8
8 4 14
8 11 6
6 6 16
1 28 12
2 4 5
12 32 27
11 14 18
10 40 15
9 23 39
7 14 6
13 18 22
6 28 39
13 44 23
10 28 15
8 25 19
11 27 29
13 40 7
2 43 5
11 11 31
8 29 23
11 29 12
12 36 10
5 27 35
5 45 16
6 41 23
9 26 32
12 9 37
7 25 27
11 3 3
6 3 32
3 42 8
9 38 14
9 32 11
1 34 18
4 26 25
13 10 17
2 18 35
10 29 38
3 22 23
4 28 16
4 33 18
2 27 7
3 28 30
3 33 18
13 2 29
11 37 40
2 26 27
12 41 16
2 43 31
6 2 36
10 44 36
8 21 22
11 5 17
11 35 18
6 35 16
3 13 24
11 35 11
8 34 29
13 11 17
9 38 6
13 43 18
9 41 35
3 8 1
10 29 29
13 4 21
11 10 23
1 44 26
11 28 15
11 39 17
7 6 15
7 5 27
11 34 12
8 21 12
7 11 5
2 45 29
1 6 7
6 44 24
11 31 11
13 26 8
7 6 13
1 14 24
9 2 2
6 21 10
11 4 33
8 15 30
4 9 31
8 32 22
7 11 36
13 32 5
11 41 21
13 35 3
7 27 29
9 26 7
8 6 36
10 34 22
4 14 39
8 3 24
11 8 25
12 43 33
5 19 12
4 5 15
11 20 11
5 3 27
11 30 6
8 35 1
11 16 9
6 35 11
10 2 24
5 32 12
11 39 34
1 36 35
9 22 30
2 28 18
8 36 16
2 9 38
12 35 29
13 22 28
12 25 9
8 22 28
8 2 14
12 27 15
8 35 25
2 2 27
1 29 11
13 46 40
13 34 7
1 18 37
2 35 1
4 22 36
13 12 30
1 44 22
13 29 4
4 4 7
12 39 32
6 40 8
4 3 33
3 46 24
6 38 13
2 17 4
2 41 32
1 7 37
11 32 18
8 10 4
7 26 32
2 34 10
4 9 12
7 28 5
9 44 1
9 26 24
11 27 36
7 5 18
2 5 8
6 9 10
5 1 33
11 23 35
5 19 31
12 4 19
13 32 31
8 39 29
5 36 23
13 13 5
3 11 23
9 6 6
9 21 19
11 27 18
13 15 4
10 38 28
7 41 9
12 17 25
4 27 2
1 37 33
6 7 4
6 20 39
1 45 28
4 24 18
9 14 5
4 41 12
13 21 3
4 2 32
12 19 1
5 7 6
11 9 16
12 36 5
6 5 6
5 26 17
1 18 23
5 8 12
13 5 40
2 34 7
13 32 17
11 27 15
6 3 8
12 19 25
5 15 37
12 18 37
10 26 38
5 8 14
11 15 34
8 20 12
13 20 30
9 25 40
9 34 37
1 19 5
10 34 30
8 6 31
5 29 8
8 35 9
2 15 39
4 30 39
4 19 40
2 1 6
13 24 36
8 14 40
8 8 13
8 19 23
7 18 1
2 43 26
13 4 7
11 31 32
8 42 20
8 23 17
4 10 29
8 42 4
7 31 18
7 14 9
7 30 29
13 35 21
10 17 20
11 11 19
3 39 35
7 46 25
3 40 6
6 24 23
8 17 38
13 33 10
2 16 1
4 8 19
10 41 34
10 36 20
13 13 23
10 30 20
3 9 11
12 36 40
6 33 15
12 44 26
8 22 12
11 21 8
9 18 25
11 32 30
10 28 21
6 2 4
6 33 22
4 17 15
9 30 17
3 13 35
12 31 13
3 19 5
7 3 11
7 4 24
12 38 9
13 26 32
2 30 12
11 25 36
7 43 14
7 43 15
8 6 15
11 32 21
3 12 16
4 35 37
4 35 11
13 26 13
7 37 25
7 9 4
