42 6 3385 5642
981 4061 2093 3995 764 460 
1056 2892 645 1260 3343 3141 
4030 4158 3925 457 1389 1646 
4764 3253 1549 2347 2248 1058 
1166 4020 1252 917 1672 4707 
4877 3991 176 2314 68 1103 
1365 3241 3041 1368 1886 4395 
4700 2513 3640 4404 2830 3191 
1242 975 4774 4610 2722 4786 
4602 4836 1062 2917 2280 4249 
558 2336 1820 229 789 1893 
2688 85 1961 4009 4482 3160 
1067 4533 3684 4550 569 1771 
411 1172 166 2363 740 702 
3342 2790 4107 2908 3659 728 
600 3000 439 4901 1079 2922 
1343 840 650 52 4137 731 
3515 2775 3832 1812 1202 4545 
2395 2005 3155 3069 2188 2550 
1310 656 2171 3286 469 4796 
4267 4227 3489 1891 739 1605 
1370 808 3771 554 32 2315 
3772 3496 1300 3129 3860 3122 
3013 2257 4386 1142 2269 1164 
2761 3293 31 1722 262 3478 
1846 1881 1957 3641 3159 2920 
4682 3537 2123 476 769 3288 
2063 910 3662 4614 4607 723 
1153 3985 1023 1317 3650 3682 
2304 4602 3670 2123 2290 2464 
1939 3203 1099 4635 1311 1687 
324 2937 2206 1206 866 3874 
3575 1075 3722 3761 2863 3817 
231 1439 1940 1055 4826 69 
4710 2781 1991 371 4680 3933 
4467 2483 2306 3805 2267 2676 
692 4638 4492 2244 3093 1698 
1630 1754 2369 169 4463 1155 
1957 408 4129 3256 217 949 
947 3228 1804 875 819 3704 
1294 4385 3724 3354 475 3332 
4169 4458 1340 4818 1179 4617 
23 3 1
22 2 22
36 4 38
11 4 39
38 1 13
4 2 18
16 2 28
33 4 9
35 3 40
39 3 29
30 4 25
9 4 35
12 4 29
3 1 8
9 4 23
1 1 2
26 1 13
19 1 29
36 4 13
30 2 16
7 1 25
8 1 22
18 1 26
7 3 3
7 2 32
31 1 17
28 1 25
21 4 25
1 2 11
23 2 18
10 3 22
12 3 24
26 2 4
27 2 20
37 1 38
7 4 10
23 4 39
11 3 17
34 4 10
11 1 19
14 4 15
22 4 16
6 3 36
35 3 3
13 1 27
22 1 30
34 4 23
34 4 19
21 4 37
6 2 11
5 2 6
1 4 21
8 4 13
20 1 27
7 3 9
24 3 26
10 3 1
11 3 21
21 2 27
32 1 8
40 1 32
9 2 8
29 2 40
36 2 10
36 2 23
32 3 5
11 1 29
17 1 8
32 4 26
33 1 3
26 2 3
27 3 16
40 4 25
17 3 2
17 4 10
20 1 14
12 4 11
27 4 9
13 2 38
30 2 30
29 3 9
22 2 14
40 2 30
29 2 30
6 2 32
30 1 14
8 4 4
38 4 26
11 1 28
17 1 31
32 1 9
37 3 18
40 1 3
6 3 30
21 2 24
38 3 30
1 2 3
29 3 6
28 2 11
6 3 34
33 4 23
39 3 20
39 3 5
2 3 21
33 4 16
31 2 16
33 4 11
1 1 12
28 2 40
2 4 20
10 1 7
2 4 40
5 1 36
8 3 23
8 3 7
7 3 3
40 2 29
24 1 39
25 3 20
2 4 38
34 4 17
34 1 30
1 2 8
38 3 21
36 1 34
11 4 30
38 4 33
24 3 22
3 2 32
14 2 33
11 3 38
33 1 4
20 2 39
19 3 40
6 3 26
39 3 24
30 1 26
12 2 37
3 4 8
15 1 29
1 3 13
6 3 15
36 4 28
38 4 7
16 1 39
3 1 14
28 3 27
25 1 21
35 4 33
34 3 39
14 4 36
29 1 33
16 3 28
4 3 21
36 3 19
1 2 1
15 4 29
40 3 9
22 3 14
2 3 17
5 1 30
23 2 27
8 1 37
27 4 11
35 1 29
8 4 37
34 3 33
37 1 19
4 3 19
13 4 29
24 2 9
4 3 9
3 3 9
2 2 30
13 1 6
11 3 15
6 2 22
3 1 39
3 4 33
9 4 38
38 2 35
23 2 4
33 4 39
5 4 31
1 3 16
18 4 13
16 2 30
36 2 4
32 1 5
37 1 8
31 2 35
3 2 14
38 1 7
19 2 10
23 1 1
14 2 18
39 4 10
35 3 25
12 1 9
8 4 17
7 3 23
15 2 34
21 2 4
17 2 6
23 1 28
27 2 34
10 1 31
27 1 11
17 3 38
33 2 14
1 1 36
11 4 18
1 3 15
28 4 8
38 3 2
37 2 11
38 2 32
2 4 14
8 2 32
10 4 40
15 4 28
14 4 32
25 3 11
30 2 31
11 3 11
28 4 17
26 2 27
27 2 19
27 4 20
8 3 38
32 1 37
32 4 26
8 2 22
33 4 25
18 1 1
9 1 29
34 3 32
3 3 39
28 3 15
35 4 5
17 2 40
25 1 22
7 4 24
28 1 27
39 1 7
22 1 6
9 1 20
3 2 38
37 3 24
10 1 32
6 2 39
23 2 40
26 1 26
21 3 18
28 3 35
12 1 38
40 2 6
6 2 23
8 4 9
34 3 1
4 3 18
8 4 20
30 3 25
33 1 40
17 2 32
35 1 18
29 3 26
26 3 16
2 1 29
5 1 10
16 4 1
9 4 27
16 4 23
36 3 1
5 3 32
30 4 24
28 3 19
37 1 36
13 4 25
24 3 35
3 1 16
8 2 8
10 4 33
10 2 9
6 4 31
27 4 12
16 1 6
19 3 28
33 4 37
31 3 17
7 3 19
29 4 36
39 2 23
27 3 30
19 2 1
34 4 1
24 1 20
32 4 28
1 3 18
25 4 25
13 1 11
16 4 33
34 3 23
26 2 20
38 4 19
23 2 28
28 1 35
3 4 20
10 3 40
5 1 2
27 2 28
35 1 12
36 3 9
25 3 4
29 1 6
34 2 5
11 3 13
27 3 2
21 1 25
32 3 12
4 3 13
37 2 33
26 1 17
19 4 26
18 4 31
3 1 32
29 3 22
32 3 4
20 4 32
15 1 38
37 2 13
38 1 25
15 2 20
8 2 6
12 3 38
21 3 27
17 3 18
35 3 24
20 1 39
34 2 7
5 4 23
21 3 14
17 1 13
35 1 18
19 3 19
3 3 29
11 1 7
22 4 33
22 4 13
27 1 32
37 3 34
18 4 30
33 1 9
23 4 35
1 1 12
17 4 17
3 4 19
24 3 35
6 4 12
36 1 5
37 4 16
27 1 18
39 4 16
9 1 29
16 1 24
2 3 26
10 3 39
10 2 17
26 1 22
20 3 24
30 3 29
13 2 16
37 4 31
7 1 34
29 4 35
36 3 29
4 2 5
3 2 8
34 2 38
6 3 1
1 2 8
8 4 19
26 2 37
4 2 4
5 2 28
3 1 18
11 3 32
8 3 2
1 4 35
16 4 31
7 3 7
40 3 2
35 1 12
37 4 30
36 4 7
23 4 21
39 1 3
10 2 20
1 4 15
25 1 13
35 2 26
27 2 15
8 2 2
22 4 25
11 2 37
32 1 33
40 4 16
18 4 39
40 1 37
35 2 32
13 1 7
35 4 2
36 1 18
12 2 5
1 1 1
7 4 7
30 4 7
40 1 25
34 1 28
40 4 15
23 2 28
12 3 28
1 1 13
40 3 1
31 2 30
31 1 28
2 1 29
2 1 30
17 1 8
30 2 35
27 4 40
30 2 19
40 2 14
35 3 28
24 2 19
13 4 1
34 2 13
37 1 15
34 2 24
13 4 8
13 1 8
7 2 21
28 2 3
35 4 39
21 1 29
4 1 31
12 1 9
10 3 24
34 4 35
16 3 31
14 4 21
12 4 35
36 2 40
17 3 10
1 3 35
28 1 24
12 2 23
32 3 27
7 2 18
28 1 5
16 4 26
13 2 5
2 3 10
6 4 9
2 2 37
21 4 2
3 2 14
19 2 24
31 2 29
15 2 40
31 4 7
2 2 16
18 2 26
13 1 39
19 1 24
26 4 14
23 4 8
24 1 15
15 4 31
32 2 33
7 4 21
2 3 24
35 4 26
26 2 20
39 2 5
17 3 33
12 3 31
32 4 11
10 4 26
7 3 1
14 2 32
27 1 16
27 1 16
35 3 22
12 1 38
1 1 34
34 4 30
40 2 7
40 3 24
12 4 29
10 4 2
36 3 23
25 3 16
21 3 26
23 4 20
23 1 14
5 2 40
35 2 35
17 1 38
23 3 39
29 4 12
7 2 29
17 2 12
11 2 20
13 1 23
32 4 29
39 4 12
26 2 3
15 2 1
5 3 5
23 4 25
26 1 27
10 3 17
29 4 36
8 3 35
5 1 6
16 2 9
33 2 27
39 4 34
39 2 13
39 1 24
15 4 33
17 3 14
7 4 18
30 2 36
35 4 24
14 1 35
30 4 36
4 1 14
20 1 14
35 4 35
34 2 12
32 2 19
28 1 6
26 1 39
30 2 12
4 2 12
3 1 37
22 4 1
34 2 28
19 3 5
6 1 36
36 3 40
31 2 11
23 1 16
30 4 5
13 3 18
17 4 32
2 3 33
8 2 14
3 3 27
37 1 15
7 4 12
16 2 15
20 2 3
35 2 40
39 4 26
26 3 39
38 3 17
39 2 14
33 4 29
37 4 8
3 1 28
35 2 18
17 4 39
10 4 40
13 1 18
27 1 3
3 4 14
38 2 40
30 2 1
34 3 22
27 2 27
30 2 13
3 4 14
15 1 6
33 3 39
35 4 27
21 2 40
39 3 22
35 1 22
36 1 18
4 4 7
35 3 15
36 2 28
24 4 6
3 1 22
10 2 5
14 4 15
5 1 19
19 2 11
37 4 35
4 4 7
28 4 29
26 2 9
15 2 34
21 2 17
35 1 8
10 1 14
6 3 12
26 2 21
37 3 5
37 2 14
28 2 37
22 4 14
14 4 16
9 2 33
10 4 1
10 4 10
19 3 14
40 4 35
2 4 12
29 4 1
9 3 12
13 2 7
19 4 12
12 3 14
2 3 22
32 4 25
31 1 13
16 2 3
2 1 38
10 4 1
1 3 2
26 4 17
7 2 3
9 2 35
16 4 22
12 1 37
31 1 17
38 4 2
37 2 10
7 1 18
27 1 39
39 1 29
39 2 1
1 1 7
38 1 16
27 1 35
6 3 19
1 3 16
26 3 24
36 4 3
31 4 23
15 2 26
23 1 39
39 1 36
10 1 6
17 3 17
22 4 20
9 1 29
1 2 32
26 2 32
17 3 31
32 1 12
7 4 12
2 3 17
26 4 8
1 3 22
23 1 25
12 4 22
19 4 21
12 4 33
10 2 25
30 1 32
12 4 36
35 2 3
12 3 34
13 1 29
34 4 25
22 3 15
39 4 2
35 3 37
37 4 8
22 3 26
36 4 27
12 3 38
11 1 24
29 3 31
7 4 4
21 1 28
20 2 12
37 4 2
34 4 32
7 1 27
29 1 15
29 4 7
18 3 12
30 1 12
24 4 6
33 2 24
24 3 40
1 2 13
13 3 25
13 1 14
39 3 21
38 2 15
2 3 27
16 4 19
8 1 7
16 4 3
13 1 36
13 4 28
12 1 17
24 4 8
8 4 4
39 3 11
40 2 5
38 2 37
24 3 3
39 3 24
16 3 3
26 1 4
6 2 35
33 1 3
38 3 20
27 2 12
10 1 7
2 3 12
11 2 1
20 3 28
12 3 24
6 4 5
39 4 13
27 4 8
7 3 8
11 1 10
2 2 15
7 4 34
6 4 11
2 1 8
6 3 38
17 4 18
25 4 34
29 4 17
2 4 32
8 1 16
31 2 26
31 4 14
29 2 4
1 1 34
8 2 25
26 1 27
12 2 21
12 3 10
8 3 9
37 1 8
16 4 28
22 1 10
32 3 31
30 2 32
31 1 28
33 1 5
21 1 24
27 2 19
39 2 13
5 1 23
13 4 24
37 1 10
5 2 24
36 1 10
35 3 38
18 1 4
34 1 27
30 4 27
10 4 31
34 2 36
17 2 28
4 4 23
38 4 36
5 3 39
25 3 17
6 1 14
24 4 5
3 2 24
31 3 14
24 4 15
15 4 8
40 2 34
28 4 5
19 1 34
21 2 8
20 4 33
15 2 2
3 3 28
28 4 28
36 3 7
40 1 8
8 4 31
30 3 30
12 1 8
18 3 1
16 2 15
35 1 24
26 2 6
34 3 15
30 1 16
22 3 26
28 2 18
8 3 33
19 4 36
21 2 16
5 2 20
31 1 26
30 2 21
2 2 9
13 1 36
29 2 14
21 4 21
18 4 17
34 1 23
36 3 31
1 3 11
3 2 25
27 4 4
23 1 3
13 3 4
4 2 3
6 4 32
39 2 16
9 1 1
20 4 37
12 4 25
3 2 36
28 3 23
37 1 14
1 1 15
13 1 21
14 3 35
14 1 12
26 3 16
7 1 14
8 1 15
36 2 37
12 3 4
4 2 13
8 4 17
25 2 39
21 2 8
38 3 20
18 3 37
22 4 20
25 4 25
2 1 27
22 1 33
39 2 7
27 2 31
3 3 30
34 4 32
17 2 11
25 1 14
7 4 23
28 4 20
20 1 6
39 1 13
9 4 40
28 2 32
25 3 16
7 4 36
5 4 15
19 1 35
1 3 38
19 4 34
34 3 12
24 1 23
4 3 34
18 4 28
29 2 31
6 1 38
20 4 26
27 2 21
1 4 38
34 4 21
25 3 19
18 3 22
36 4 31
20 2 21
13 4 5
16 1 28
8 1 3
28 3 19
26 1 30
38 3 31
4 2 34
14 2 28
14 4 20
31 3 17
38 1 39
25 2 33
25 3 5
6 4 11
6 3 21
37 4 33
35 2 39
16 4 6
16 3 12
33 2 29
10 2 13
27 2 9
17 1 32
8 3 26
24 1 33
23 2 35
27 4 33
23 2 5
3 1 25
11 3 15
34 4 40
32 3 34
25 4 9
2 4 26
13 1 20
19 1 33
1 1 2
32 1 29
35 4 10
15 3 5
27 3 33
5 1 20
1 1 3
24 4 36
35 4 17
3 3 8
33 3 29
18 4 12
16 4 37
24 1 7
39 1 20
12 3 5
11 3 5
27 3 36
30 4 35
32 2 4
14 3 24
39 4 1
13 4 26
33 2 11
34 2 14
39 3 24
3 3 34
22 4 34
38 3 12
5 2 1
35 1 17
23 4 15
12 1 4
33 4 28
28 3 22
1 2 2
21 3 27
11 1 1
6 3 38
25 3 14
16 3 10
29 4 8
38 4 34
39 1 26
12 3 27
31 4 15
1 3 30
17 3 27
30 1 17
14 1 37
37 1 19
14 4 14
32 2 11
6 1 23
30 2 32
39 4 35
26 1 17
30 2 34
1 4 40
40 3 16
12 2 9
31 4 30
14 4 3
16 1 32
19 3 27
33 4 6
20 1 3
7 3 27
2 3 20
17 2 4
13 1 36
33 3 28
37 4 22
25 4 35
31 2 11
13 2 37
14 2 1
2 1 16
6 4 6
22 2 28
7 3 40
21 4 21
17 2 28
24 3 26
38 2 5
22 2 13
12 3 11
5 2 25
15 2 18
30 3 20
3 4 5
26 3 33
12 2 37
7 4 15
27 3 22
1 3 15
15 1 6
9 4 9
3 3 4
22 3 22
19 4 5
40 1 14
19 1 5
26 1 37
7 3 12
9 2 5
13 1 16
35 2 4
28 1 17
6 3 31
39 2 26
7 3 3
10 1 26
5 1 36
16 1 2
10 3 17
12 3 14
29 3 32
40 4 28
14 2 7
36 3 24
35 3 28
19 4 11
33 1 26
2 1 32
18 4 18
31 4 7
2 2 26
31 3 25
27 3 17
10 4 11
35 2 5
11 3 14
8 1 6
16 3 20
30 3 40
8 3 33
18 3 36
34 3 16
31 3 21
17 4 38
33 3 39
19 1 3
21 3 19
28 4 33
13 1 33
28 2 29
34 4 25
28 1 24
22 2 3
9 2 23
32 2 40
2 1 22
40 4 23
22 2 2
13 2 24
11 1 16
24 4 7
17 1 1
29 3 16
31 2 7
3 4 25
17 3 13
12 3 24
29 2 38
1 3 3
37 3 13
30 4 23
37 3 18
17 2 36
34 2 14
6 4 20
10 2 20
17 3 28
11 4 10
7 3 5
3 2 23
8 4 7
38 2 31
38 4 1
18 1 13
32 1 37
13 2 36
16 2 39
31 2 29
9 4 29
5 3 21
10 4 2
26 2 10
31 2 13
16 4 33
8 4 35
10 4 12
26 3 19
10 4 2
14 2 4
18 1 32
5 2 24
11 1 24
19 4 7
39 2 13
17 1 31
36 3 18
30 3 10
23 2 20
32 1 11
22 4 21
2 2 17
40 4 24
23 1 39
36 1 33
20 4 8
23 2 29
26 1 39
33 3 30
19 3 40
31 2 30
23 1 36
8 1 38
16 3 17
25 1 37
36 1 10
29 2 39
10 4 10
26 1 33
20 2 35
29 1 25
30 2 2
19 1 16
10 1 39
31 1 14
15 4 10
38 2 20
6 3 16
5 2 23
28 1 6
28 3 14
23 3 20
36 3 17
28 1 9
24 2 33
36 1 17
3 3 37
14 1 11
16 3 31
33 3 17
24 3 19
39 3 34
2 3 7
33 3 3
35 3 2
23 4 6
3 1 22
11 3 18
12 1 36
1 2 13
5 4 35
6 4 29
16 4 39
33 3 28
18 1 22
34 1 20
29 3 10
6 3 37
24 3 10
10 4 24
28 4 6
26 1 5
18 3 28
13 3 25
21 4 28
27 1 1
2 4 35
31 1 16
26 3 23
14 2 14
18 2 20
29 1 33
15 2 32
24 3 12
1 3 18
25 1 23
23 3 17
11 3 22
24 1 11
31 4 40
34 3 25
8 1 20
28 4 3
21 4 40
34 4 23
36 4 4
1 4 6
35 4 39
21 3 23
25 3 23
22 3 30
38 3 33
26 1 5
1 2 12
33 3 20
19 4 24
32 1 14
15 2 25
26 2 4
14 1 3
22 3 9
12 3 38
18 4 23
35 4 2
25 1 22
16 2 26
29 2 6
35 1 21
19 2 7
31 3 12
36 3 12
1 2 24
32 3 22
15 1 37
38 1 12
9 4 3
19 4 18
4 4 5
24 2 24
36 2 12
8 1 9
2 4 39
4 1 33
8 2 16
39 2 10
24 3 39
3 2 27
40 2 25
36 3 9
37 2 39
37 3 27
6 1 36
35 2 31
15 2 27
28 4 5
25 4 32
20 4 7
23 4 8
12 3 15
12 4 31
8 4 35
4 3 33
13 4 35
37 4 24
32 2 27
21 3 2
27 3 6
31 3 8
16 1 13
14 2 36
10 4 1
14 2 21
35 2 11
15 2 21
15 2 4
33 3 33
35 2 28
16 2 30
36 3 28
26 2 33
34 2 29
19 4 8
1 3 3
9 4 25
18 3 18
33 3 12
25 1 33
9 1 2
6 1 36
21 3 13
26 4 22
17 1 25
27 2 30
28 3 12
35 2 29
18 4 18
12 1 29
1 4 12
3 4 12
20 4 14
36 3 9
26 3 16
38 3 6
9 4 38
34 3 19
39 1 30
25 1 11
38 1 13
13 4 33
25 1 1
4 3 27
15 1 13
26 4 25
23 4 38
17 4 24
12 4 36
30 2 37
32 1 39
25 3 3
36 2 32
12 2 1
4 2 17
21 1 16
21 2 8
17 2 40
38 3 21
11 3 27
25 4 11
11 1 36
26 2 40
36 3 21
10 1 7
30 4 4
23 4 11
1 3 3
35 1 26
26 3 9
21 3 5
36 4 33
38 1 31
1 2 6
5 3 23
8 3 26
36 4 20
34 1 18
1 2 2
35 3 18
19 4 31
1 4 28
18 2 27
4 3 31
13 1 14
35 1 13
6 2 22
31 1 3
7 4 36
39 4 23
10 1 10
14 2 23
35 2 31
17 4 23
36 4 25
6 1 14
31 3 16
39 3 35
40 2 4
35 3 23
2 4 7
19 1 26
11 3 5
36 4 30
7 1 32
9 3 31
34 4 26
19 3 39
27 1 19
6 1 30
31 3 10
20 3 28
38 1 28
27 1 28
16 2 2
35 2 38
18 3 18
9 2 36
12 3 34
27 4 28
28 1 4
21 1 5
4 3 36
28 2 11
19 3 17
20 1 19
28 2 10
29 1 34
39 1 10
38 2 26
5 4 21
32 4 21
11 1 16
33 4 2
12 2 13
40 1 29
17 4 1
10 1 35
30 1 36
15 3 8
2 3 33
18 3 39
6 4 15
11 4 34
3 1 27
33 4 2
11 3 12
27 4 37
11 3 37
11 4 5
2 4 23
33 1 3
6 3 7
33 3 40
25 3 5
26 1 7
16 2 30
35 1 38
8 1 10
22 4 24
29 1 13
23 1 8
32 4 5
17 4 19
18 1 31
17 3 20
10 4 6
28 1 16
11 3 32
38 1 16
32 3 4
32 2 37
22 1 28
2 1 11
15 3 23
27 4 16
28 2 27
10 4 15
28 2 18
1 3 22
11 3 19
4 1 40
40 2 8
1 4 24
15 4 26
20 1 34
10 1 4
9 2 30
9 2 40
16 3 22
33 4 11
36 4 40
30 1 24
31 1 28
37 3 2
37 1 29
26 2 32
17 2 30
13 1 20
9 3 1
38 4 1
20 4 13
12 1 22
3 3 7
28 1 39
6 4 32
8 3 3
25 2 33
26 3 10
21 3 36
12 4 37
10 1 34
27 2 33
29 3 24
14 1 31
25 4 23
16 2 29
16 3 8
23 3 24
28 4 15
22 4 2
19 4 36
29 4 17
35 4 33
30 2 28
13 1 29
9 3 13
37 2 20
9 1 27
28 4 15
11 2 32
14 3 11
7 1 5
22 1 30
21 1 9
32 1 33
29 4 31
17 4 6
1 4 31
24 2 25
27 2 19
11 2 13
8 4 6
36 4 30
11 4 35
3 2 34
33 2 28
34 2 24
2 2 40
9 1 16
27 3 30
7 2 26
15 1 21
16 2 28
11 4 33
9 1 39
36 2 20
28 3 18
14 1 5
11 1 9
5 1 10
24 2 7
38 2 12
19 4 14
23 3 24
19 2 21
18 3 32
10 4 15
36 1 12
9 1 40
40 2 22
5 1 33
12 2 8
38 3 19
24 2 25
10 4 9
13 4 20
15 2 21
25 1 19
26 2 11
31 4 19
26 4 32
21 3 27
17 1 19
40 4 7
1 2 4
2 1 5
16 4 20
20 3 34
19 3 8
40 2 14
14 1 17
20 2 11
31 4 31
38 2 23
4 1 11
39 3 19
36 3 4
36 1 7
33 2 39
32 1 31
23 1 5
21 2 18
17 1 23
13 4 11
25 1 22
25 1 9
7 1 22
33 4 6
23 2 22
26 3 38
28 2 11
32 1 27
11 4 6
23 3 28
4 2 40
38 4 20
19 2 13
30 1 26
33 2 36
37 4 24
30 2 3
22 3 23
22 1 22
21 2 30
18 4 21
19 2 14
13 3 25
15 1 9
25 1 19
32 2 4
31 1 24
38 3 28
32 1 22
2 1 13
12 4 5
9 4 16
4 1 14
21 3 20
8 2 35
37 3 1
7 4 22
7 3 26
19 2 17
22 1 10
11 4 10
35 2 21
6 4 9
12 4 26
16 2 14
30 2 23
21 4 26
31 4 39
35 3 2
28 3 7
34 4 6
19 4 27
28 3 26
20 1 16
30 4 7
27 1 32
23 3 20
32 3 5
12 3 24
35 1 15
3 2 4
38 4 30
14 2 36
3 1 37
12 2 1
1 2 26
32 2 40
25 4 18
10 1 20
22 1 21
39 2 12
5 1 25
38 2 40
6 3 33
13 2 11
8 1 20
5 4 7
20 3 11
32 3 40
12 1 1
23 3 4
25 2 23
36 2 13
5 2 39
7 3 27
11 1 39
22 1 7
8 4 4
6 2 23
1 2 31
30 4 20
1 4 27
26 2 40
31 3 37
15 4 36
20 1 3
38 3 33
38 3 13
2 3 23
31 3 12
30 3 32
11 2 27
9 2 35
11 2 1
29 2 15
9 1 2
9 3 31
24 3 5
18 4 40
23 4 6
13 4 36
5 1 18
39 1 32
1 3 40
6 2 20
9 1 30
39 4 1
34 3 7
37 4 22
38 4 19
32 4 8
11 3 39
8 3 34
14 4 40
30 3 32
34 1 5
2 2 18
3 2 13
15 3 10
6 4 39
17 2 8
11 2 37
40 2 24
10 2 27
16 3 19
19 4 24
11 1 39
35 2 23
11 1 14
13 1 16
12 4 35
25 1 23
20 3 19
5 2 26
15 1 39
35 2 10
12 4 9
17 4 26
34 4 34
4 4 34
24 1 24
18 4 22
35 4 10
7 3 31
6 3 26
36 1 25
13 4 28
31 1 14
33 2 1
32 1 40
27 4 18
22 1 13
32 3 7
22 4 8
21 2 7
13 3 37
40 2 1
14 3 2
1 1 29
22 1 31
12 2 27
14 1 33
39 3 19
32 4 1
37 1 16
26 4 39
30 4 26
38 4 36
3 1 17
11 3 23
22 1 14
35 1 23
30 3 30
30 4 17
22 3 4
36 2 6
22 4 30
26 2 3
23 2 38
23 2 40
6 2 18
38 3 16
40 3 29
23 1 3
35 1 8
8 1 33
39 1 36
6 1 8
17 2 21
8 4 9
35 1 26
30 2 34
1 2 18
9 3 28
15 2 10
11 1 26
8 1 27
36 2 13
37 3 17
40 1 21
3 2 34
29 2 26
21 2 38
13 4 34
2 1 30
26 2 1
13 3 11
34 1 14
5 4 22
30 2 1
2 4 21
36 2 3
33 1 9
4 1 28
13 3 20
34 4 38
31 3 19
40 4 37
21 1 40
5 1 26
20 1 30
36 3 7
39 3 8
15 4 17
39 1 34
40 3 21
28 1 27
9 4 35
40 1 31
26 4 34
28 3 32
37 1 20
1 1 31
18 3 18
33 2 3
26 4 31
5 3 37
7 3 23
16 1 8
33 2 7
33 2 5
34 2 9
30 1 2
17 1 18
30 2 12
18 1 23
10 2 14
38 3 34
30 4 2
6 1 32
15 1 1
28 4 38
29 2 9
2 2 13
3 2 22
19 3 28
30 2 5
5 2 24
7 1 36
33 4 17
15 4 33
6 4 4
17 3 1
12 4 30
11 1 33
38 4 13
7 4 1
40 2 26
2 3 30
13 2 22
26 4 12
15 1 32
24 4 17
32 4 30
28 3 5
26 3 21
28 1 36
14 4 29
3 1 16
25 3 18
14 3 11
25 2 4
20 4 12
40 3 24
13 4 17
12 2 39
35 1 15
5 2 28
7 1 19
32 1 37
10 3 21
26 2 23
11 2 7
14 2 7
31 1 1
7 4 33
17 3 13
19 2 10
22 4 3
25 4 5
13 2 34
3 4 31
21 1 7
7 3 22
18 3 28
19 4 21
23 4 25
33 3 40
30 2 27
7 4 33
10 4 38
6 1 35
28 3 29
2 4 2
26 2 25
21 3 28
30 3 12
1 2 3
31 1 28
27 2 37
8 3 10
17 4 13
35 2 28
8 2 19
14 3 6
11 1 17
26 1 26
38 2 16
11 1 25
16 3 25
25 4 33
12 3 18
35 3 37
24 4 31
22 4 12
4 1 8
27 1 14
1 4 5
30 4 21
10 3 39
16 1 7
12 2 31
39 1 11
40 4 29
5 1 8
18 4 4
29 2 17
8 1 31
21 3 36
4 1 3
27 4 4
9 4 40
24 3 5
18 2 33
5 2 17
34 4 1
38 3 7
28 3 3
19 1 6
33 3 32
6 2 33
33 2 23
34 4 1
37 3 37
18 2 5
32 1 12
28 3 29
4 1 14
14 3 35
8 4 28
18 1 31
27 2 13
19 2 17
17 2 39
2 2 30
26 1 12
39 2 4
28 4 25
10 2 35
27 3 35
2 3 18
4 1 11
16 4 3
8 2 37
9 1 39
13 1 11
40 1 5
38 3 26
23 1 34
7 3 15
29 2 36
5 2 36
6 2 27
15 4 13
21 2 9
21 2 31
10 4 28
40 4 10
13 2 4
24 1 4
4 4 6
39 2 12
11 3 22
40 4 7
37 2 34
5 3 3
1 2 11
30 2 1
27 3 35
29 2 5
5 3 20
36 4 3
1 2 17
24 2 10
35 4 32
17 1 6
11 2 22
32 2 12
25 2 24
1 2 29
8 4 30
1 3 35
25 4 17
8 3 9
3 1 34
12 2 40
8 2 2
16 2 4
33 2 35
38 1 33
8 1 4
4 1 40
9 2 36
22 3 13
35 3 26
16 4 35
2 4 20
27 4 34
24 3 33
22 2 13
40 3 38
18 1 21
30 2 35
35 3 4
32 2 7
34 4 22
39 3 40
8 4 14
3 1 28
21 1 12
16 1 35
23 4 34
11 2 39
39 4 35
7 3 23
13 4 12
6 1 11
36 1 15
14 4 25
20 2 6
1 1 31
4 2 28
32 2 31
35 2 9
32 1 17
15 4 15
37 1 12
15 1 1
37 2 14
6 3 16
6 2 10
18 4 22
31 3 28
24 4 25
7 2 31
25 4 7
7 1 24
24 2 29
17 3 4
35 4 2
36 4 29
27 1 39
33 3 30
32 1 26
25 1 12
28 3 15
19 3 3
1 2 11
19 1 35
36 4 12
13 2 3
4 2 36
22 1 37
2 4 33
35 3 21
8 3 40
10 3 27
26 2 4
15 1 38
13 3 32
38 2 2
23 3 21
30 4 21
38 1 6
26 4 33
39 2 2
30 3 9
25 1 6
14 3 39
10 1 20
40 1 29
17 4 34
4 1 40
2 1 35
8 1 9
29 2 28
33 3 17
33 1 37
40 2 8
22 1 35
9 1 21
21 3 38
16 1 22
28 4 32
16 1 33
12 3 5
11 1 4
21 3 11
8 2 17
37 4 25
34 2 24
11 1 19
40 2 29
25 1 18
5 1 40
30 2 13
4 4 36
36 2 11
34 3 8
10 1 2
6 2 16
8 1 14
35 4 11
18 2 21
19 2 34
17 2 11
27 3 17
23 4 32
29 4 20
40 4 2
25 4 31
24 2 16
23 1 6
17 3 26
11 4 12
9 1 29
36 4 29
11 1 29
39 3 32
8 3 25
15 2 33
37 1 40
19 3 10
32 1 16
15 2 11
17 1 25
8 4 2
5 2 22
34 1 6
38 4 38
35 3 14
24 4 21
23 1 4
16 3 3
17 1 35
17 3 31
40 3 27
36 3 15
30 2 23
15 1 14
9 1 39
19 4 30
18 3 16
18 2 3
18 2 13
1 4 29
26 1 2
17 4 14
25 4 29
21 2 6
20 1 6
3 1 20
36 3 4
37 1 33
29 4 21
13 4 40
13 3 24
18 3 1
22 4 36
22 4 32
18 4 22
35 1 17
25 1 37
18 1 34
17 1 6
14 3 35
5 4 24
1 2 36
24 3 13
32 3 22
30 3 19
31 3 3
15 4 18
27 4 10
2 2 40
2 2 34
36 1 29
7 1 33
10 4 27
21 1 27
35 3 8
10 3 3
12 4 23
34 1 24
34 1 25
33 3 21
29 2 28
19 1 4
29 1 17
1 2 17
18 1 31
26 1 26
1 2 5
32 4 25
28 3 6
28 3 5
16 4 24
6 4 24
28 4 33
35 3 36
17 2 27
29 1 7
28 4 36
5 2 2
23 2 7
6 2 5
4 3 19
26 1 1
18 4 14
40 3 7
34 2 4
6 4 27
11 1 12
39 1 4
28 2 24
4 4 23
39 2 2
4 3 12
26 1 32
37 1 21
40 1 5
31 2 7
34 4 12
9 2 29
17 4 18
31 1 5
16 4 26
30 4 22
10 2 19
32 4 5
23 3 37
20 2 32
5 2 24
26 4 14
16 3 22
37 2 35
11 3 17
31 3 19
39 1 28
21 3 23
35 4 17
33 4 18
30 2 16
19 3 18
23 1 35
24 2 34
38 1 39
4 1 37
29 4 38
21 3 37
22 4 9
16 3 39
8 3 33
16 2 3
34 3 37
30 3 23
21 3 25
16 3 16
29 4 13
16 4 7
12 2 15
36 3 6
25 2 10
22 2 6
19 1 40
26 3 2
32 1 5
13 1 3
23 1 14
6 2 22
35 2 32
38 3 15
40 4 1
30 3 26
16 1 9
25 3 17
34 4 19
28 1 13
20 4 13
19 4 8
21 1 18
12 1 11
7 4 12
28 1 2
22 2 39
33 2 20
9 4 40
35 4 24
31 1 6
30 2 20
24 2 8
32 1 27
6 2 7
22 2 8
40 2 7
8 4 35
17 4 11
21 4 24
24 3 24
1 4 35
17 3 1
12 4 20
37 3 23
20 3 35
6 1 29
40 1 11
15 3 16
17 1 36
30 1 31
35 4 24
21 1 38
14 2 19
10 3 13
26 4 18
14 2 10
17 4 24
3 2 31
18 2 37
17 2 30
18 1 12
5 4 13
31 1 29
17 1 35
34 4 27
27 4 40
14 2 29
17 2 24
33 4 13
1 1 33
36 1 8
1 2 32
13 1 8
36 2 24
25 3 17
34 1 11
20 4 38
15 1 20
36 3 30
16 2 34
7 3 35
8 1 5
23 2 18
35 1 32
25 4 37
3 1 4
7 3 40
11 1 19
21 4 13
19 4 12
26 3 15
24 2 30
21 2 29
38 2 35
19 2 34
37 4 36
25 2 39
12 1 15
33 3 28
21 4 26
1 1 20
40 2 1
20 3 36
40 2 11
25 2 31
26 1 2
1 1 27
24 1 25
34 3 2
10 1 36
40 4 8
35 3 29
37 2 37
8 1 15
3 1 29
38 2 34
23 3 34
16 3 31
40 1 18
16 2 39
13 2 26
14 1 21
28 3 25
40 4 13
33 2 10
21 2 23
34 2 14
4 4 25
8 4 14
17 1 31
3 1 15
25 2 22
28 3 30
11 3 13
24 4 26
18 3 13
31 1 26
33 4 29
13 1 14
16 4 36
39 3 21
33 4 22
8 4 15
20 4 31
33 4 25
39 2 2
30 2 19
6 3 24
28 3 31
7 4 13
34 1 3
11 4 39
31 3 29
24 1 30
29 3 4
25 2 27
14 4 25
19 3 20
32 2 38
21 2 6
30 2 11
6 2 14
24 4 2
25 4 29
24 2 18
37 4 23
35 2 28
35 4 17
6 4 37
39 4 21
1 4 5
39 2 25
7 2 10
34 1 32
24 1 30
5 2 2
34 1 40
12 4 24
20 1 27
16 2 35
26 2 38
14 1 35
14 3 31
32 1 39
37 3 31
3 4 12
2 1 18
2 3 30
8 1 3
30 1 12
9 2 23
37 2 25
31 1 9
13 1 30
17 2 23
6 3 16
2 4 5
11 4 28
16 2 12
9 3 25
27 3 27
20 2 5
8 4 11
2 1 4
39 1 20
6 4 26
5 4 4
40 3 29
26 1 12
6 4 2
22 1 2
38 3 34
31 3 40
29 4 37
31 3 22
32 2 36
26 2 31
23 4 14
30 2 6
25 4 31
34 2 38
21 2 25
25 4 10
35 4 31
23 2 1
30 1 22
18 4 23
2 3 5
28 1 28
13 1 24
36 2 19
1 4 23
5 3 5
5 1 23
25 3 37
6 4 23
1 3 2
16 1 38
29 2 4
3 2 9
29 3 1
18 4 32
17 2 5
17 3 17
19 3 32
35 4 31
39 1 33
21 2 23
21 3 6
37 4 7
17 1 17
30 3 31
14 3 13
26 1 5
29 2 21
36 1 27
9 3 17
24 4 21
4 4 13
4 2 29
37 1 4
12 3 8
11 1 10
25 2 19
31 4 10
25 4 39
10 2 29
20 1 13
2 1 24
1 2 34
27 4 12
30 2 28
35 1 10
15 2 30
6 3 28
8 1 27
6 1 32
20 1 11
15 1 11
34 4 16
11 1 40
17 2 20
14 2 17
23 1 16
5 3 5
10 3 15
20 2 1
29 2 26
17 2 6
11 1 22
7 2 30
34 1 19
7 3 3
29 3 33
17 1 40
35 1 18
11 4 13
1 1 22
36 4 16
16 2 9
2 2 13
19 1 18
6 4 15
29 2 24
33 4 1
22 4 25
33 1 11
34 2 30
10 3 10
35 4 39
22 3 34
12 4 14
38 3 13
23 4 6
24 2 23
34 1 7
30 1 10
16 4 10
12 3 10
32 1 28
36 3 35
11 3 16
38 4 19
37 2 23
28 3 5
14 4 38
8 4 2
36 2 2
27 1 39
31 2 39
6 4 3
23 1 17
39 3 29
23 2 32
3 1 17
5 4 23
5 1 12
26 3 26
10 4 3
2 1 30
21 3 2
27 3 6
29 4 40
27 3 6
39 4 25
37 4 40
32 3 16
2 3 27
5 1 4
16 4 19
16 1 28
5 1 38
35 3 29
21 2 3
24 3 19
13 4 31
18 2 40
29 1 36
30 2 23
12 4 11
35 2 13
12 3 33
23 4 11
3 2 16
11 3 32
14 2 40
10 4 33
2 1 25
17 2 34
16 3 8
2 1 39
26 4 10
28 2 24
35 1 19
32 2 7
25 2 27
34 1 33
11 1 2
32 1 8
31 4 12
32 2 16
37 4 17
26 3 3
7 2 16
36 2 37
30 4 8
27 2 30
10 3 9
13 1 3
26 3 3
36 3 31
14 3 15
4 1 22
35 1 17
3 1 28
6 3 6
2 4 18
33 4 28
22 2 5
1 1 19
29 1 20
21 2 4
32 2 3
36 1 27
8 4 40
7 4 29
14 4 26
30 4 29
21 1 10
4 2 38
30 2 18
11 1 40
28 2 2
29 1 7
17 3 40
13 1 35
36 1 26
12 3 34
8 4 12
37 1 33
22 3 10
11 3 13
7 3 7
28 3 18
36 1 20
24 1 34
26 2 36
25 2 27
10 2 38
15 2 31
27 3 7
2 2 9
5 2 33
11 2 35
25 1 2
3 2 4
11 4 19
15 4 28
7 2 16
28 2 40
34 3 40
8 4 21
18 3 40
19 3 20
39 3 19
15 1 36
37 3 28
10 1 19
17 3 8
5 3 15
21 1 10
36 3 19
20 3 39
2 3 22
22 3 14
8 2 31
4 2 28
29 1 8
12 4 11
10 2 27
9 1 38
3 2 10
36 2 24
30 2 10
31 4 29
34 1 11
33 4 8
11 1 18
11 2 2
10 1 24
34 2 20
31 1 8
11 1 23
27 1 31
35 4 37
38 4 21
3 3 2
16 2 12
20 1 7
33 3 36
8 2 17
40 3 29
36 3 21
14 4 32
18 4 24
11 4 23
36 1 30
37 1 34
10 1 21
9 3 6
5 1 19
23 3 25
16 4 22
20 3 21
7 4 24
28 4 12
38 4 25
14 3 11
37 2 17
20 1 24
13 3 18
19 1 17
27 2 23
19 1 23
35 2 26
2 4 39
39 4 14
18 3 23
7 4 37
24 4 20
20 4 19
40 4 13
37 1 13
36 2 34
40 3 17
35 3 5
37 4 33
24 2 11
18 1 33
25 3 14
9 3 29
20 3 28
37 1 35
34 1 37
14 3 25
23 3 28
16 2 29
5 1 39
20 1 22
39 2 2
38 4 25
37 4 2
39 2 14
37 3 30
31 4 21
26 3 20
19 4 7
25 3 5
29 4 22
14 1 25
33 1 36
23 1 3
6 1 11
11 1 15
12 1 36
38 2 19
31 1 24
15 4 23
5 2 23
40 3 38
23 1 17
10 4 18
40 2 4
21 4 10
29 1 14
16 1 18
2 2 20
31 2 16
6 2 7
33 2 10
22 2 34
7 1 14
34 4 15
18 4 27
16 1 30
8 2 31
19 1 22
22 4 26
10 4 31
14 2 22
18 2 20
29 2 13
33 1 31
26 1 17
29 4 26
2 3 15
14 1 19
9 1 2
26 3 15
12 3 20
23 1 5
35 4 38
33 1 17
30 3 18
33 2 16
3 1 32
31 4 13
39 2 9
16 4 31
29 2 27
15 2 11
12 2 17
15 1 34
18 1 4
12 1 23
25 4 31
29 1 27
15 1 18
4 2 17
17 4 38
15 4 7
22 2 36
13 1 18
10 2 12
11 2 30
33 1 9
5 2 10
21 3 36
34 2 36
1 3 37
31 1 6
38 3 10
1 2 8
21 4 22
7 1 25
13 2 24
23 2 25
14 4 24
26 2 4
25 1 17
35 3 19
28 4 3
21 3 1
7 4 13
22 1 35
4 1 9
25 1 30
23 2 15
18 4 2
2 3 6
28 3 40
5 3 7
1 2 11
6 1 6
11 1 33
31 2 35
3 1 9
8 2 15
20 1 22
26 1 22
11 3 11
18 3 36
29 4 6
15 4 37
31 1 31
24 3 2
21 3 36
22 1 6
10 1 20
26 4 32
33 3 13
24 1 26
27 3 17
30 3 11
38 3 8
34 4 21
16 3 22
14 3 30
5 2 14
15 4 30
19 3 39
22 2 11
10 1 39
9 1 26
22 1 39
6 3 8
38 3 20
33 2 31
22 4 33
21 4 36
10 4 14
19 3 36
30 4 38
39 3 33
14 3 14
3 4 27
1 3 28
10 3 10
22 2 19
7 2 28
39 3 2
22 4 26
9 2 34
27 1 12
36 1 30
32 4 24
15 2 17
16 2 8
26 1 15
31 2 7
20 3 10
23 2 12
39 3 3
19 3 12
3 2 34
3 3 5
4 1 28
10 2 14
1 1 1
21 1 12
8 3 21
1 4 17
6 2 30
26 1 34
13 1 18
23 2 28
35 3 33
15 4 4
23 2 30
40 4 36
27 4 28
34 2 30
40 2 27
5 2 21
8 1 28
25 3 19
3 2 38
5 2 40
34 1 31
27 3 32
13 1 16
32 1 2
24 3 29
4 1 18
36 3 9
19 1 3
20 1 9
13 4 2
5 1 37
30 1 13
33 2 20
29 1 32
39 4 9
18 4 24
40 3 5
6 4 1
21 4 4
38 4 32
12 2 3
31 1 34
32 2 5
15 3 29
14 1 34
7 3 21
3 2 14
20 3 29
28 4 17
38 3 32
35 2 32
2 1 14
28 3 9
35 4 16
37 3 11
25 2 30
16 3 20
8 1 5
14 2 18
11 3 8
29 3 13
30 1 1
21 4 39
32 3 15
1 4 12
14 1 1
23 4 21
19 3 40
3 4 18
18 4 27
7 3 21
34 3 8
39 3 34
26 4 27
33 3 30
14 1 20
20 1 9
10 2 5
2 3 4
25 4 4
29 3 25
36 4 31
8 4 35
38 2 29
1 2 35
40 4 36
33 2 23
16 3 27
15 2 4
33 4 4
23 4 4
35 4 37
38 2 27
1 2 17
34 3 6
30 3 27
34 2 16
1 4 10
7 4 23
8 2 7
13 3 34
25 4 25
15 3 23
40 3 17
20 3 3
7 2 18
1 1 10
13 4 15
20 4 26
40 4 30
29 1 22
16 1 4
37 4 27
28 3 6
16 2 3
16 2 6
5 4 36
35 4 31
39 1 12
15 3 20
30 3 17
8 2 39
37 3 13
6 3 1
34 3 10
5 4 17
27 2 2
32 4 2
7 4 27
39 1 10
5 2 20
39 3 37
18 2 20
1 3 18
34 4 22
39 4 20
30 3 6
21 2 28
23 4 38
13 1 24
38 2 39
8 2 13
38 2 6
36 3 3
26 2 33
3 1 30
29 2 21
23 4 23
16 4 7
12 3 39
29 1 23
30 3 35
19 2 27
24 4 6
9 4 28
22 1 5
5 3 23
26 1 7
19 3 7
1 4 31
12 1 22
5 3 24
12 3 29
24 3 35
14 1 23
38 2 8
20 1 19
21 1 4
17 3 13
12 3 8
23 1 6
10 4 11
6 1 2
21 3 15
40 3 7
37 1 32
1 4 21
2 4 17
8 1 29
5 1 2
21 3 33
15 2 40
6 3 30
16 3 6
3 1 14
14 4 2
13 3 7
6 3 6
19 1 13
26 3 12
19 3 28
19 3 33
24 2 2
19 4 18
13 1 34
18 1 12
38 3 29
33 2 37
2 1 34
35 3 2
19 4 19
11 4 40
3 1 30
25 4 24
18 4 33
35 2 40
5 1 11
34 2 12
19 4 34
30 1 11
20 1 32
37 2 3
25 4 13
12 1 11
10 3 28
37 3 22
38 3 29
14 3 31
38 1 10
34 1 5
27 3 1
21 4 20
37 4 26
22 4 9
25 4 33
30 2 11
13 1 21
11 4 7
2 3 19
10 3 37
11 3 20
28 3 2
3 2 4
8 1 19
28 3 40
18 2 7
9 2 28
38 3 12
19 3 5
24 2 30
10 4 14
38 2 5
12 3 10
17 1 17
39 3 21
5 1 37
33 3 10
9 2 19
34 3 13
14 1 35
28 1 17
2 2 4
4 4 7
10 4 24
24 2 7
31 1 29
17 4 24
11 4 38
25 4 32
32 4 19
22 2 6
32 3 32
6 1 28
36 2 24
31 4 20
6 4 31
7 2 20
14 3 24
27 4 10
6 2 35
5 2 19
40 2 38
22 1 7
11 2 13
32 2 32
1 3 39
30 3 10
40 3 20
9 4 40
34 1 5
23 2 34
40 1 15
18 2 33
8 4 21
8 3 12
37 1 30
19 3 6
27 4 27
2 2 37
40 2 9
5 1 21
1 3 33
39 1 38
22 4 4
20 1 27
40 2 11
27 2 12
33 4 25
15 4 28
38 3 18
10 4 38
26 1 27
17 4 13
12 4 25
22 3 7
6 4 25
13 2 16
32 4 37
8 2 35
22 1 8
25 1 16
3 4 11
3 3 9
31 1 40
34 3 8
38 3 23
20 2 29
14 3 29
29 1 40
37 4 10
17 1 37
2 1 8
20 4 5
16 1 5
5 2 8
13 3 2
26 4 5
19 3 6
11 3 4
12 4 40
18 4 7
19 2 11
6 2 20
26 4 5
29 3 12
38 2 18
36 1 23
30 1 21
22 4 27
19 2 11
37 4 13
21 2 12
12 2 36
35 1 20
23 4 2
14 3 37
7 2 2
18 4 2
31 3 1
4 3 36
39 4 33
30 4 31
15 1 24
7 1 14
35 2 26
16 4 32
1 1 40
33 1 23
24 4 6
26 1 22
9 3 23
40 3 23
14 1 28
32 3 3
1 3 1
5 4 16
1 4 19
27 2 35
15 2 30
8 4 25
23 4 24
23 4 17
19 1 10
29 4 27
20 3 23
12 4 14
6 3 3
6 2 12
18 2 4
29 3 11
16 4 14
29 2 37
30 3 25
29 3 17
34 3 8
30 2 16
31 4 36
20 2 1
9 3 37
8 1 21
8 4 19
21 3 40
17 1 22
31 4 35
17 4 4
14 4 35
3 1 34
23 4 1
10 4 12
31 2 20
33 4 8
4 3 19
22 2 10
38 1 7
8 1 22
7 3 32
6 1 34
7 3 4
16 4 6
5 4 23
27 2 36
20 2 18
38 3 16
6 3 4
7 4 3
20 1 6
25 2 33
34 3 38
5 4 40
2 3 12
6 3 10
37 2 11
32 4 31
4 3 16
18 1 26
18 4 8
19 3 27
29 1 25
13 3 12
4 3 26
20 4 32
26 3 26
15 2 38
13 3 22
15 2 40
15 1 36
12 1 36
18 1 33
7 1 22
32 2 20
19 2 9
34 1 21
16 2 34
14 2 2
8 4 5
22 2 31
39 2 6
7 2 31
40 1 19
24 2 36
32 3 6
31 4 11
34 1 6
25 1 14
38 4 12
34 3 25
3 2 32
18 3 14
34 4 27
5 4 10
2 2 34
33 4 10
29 2 39
25 4 40
30 4 37
37 1 16
29 3 32
23 2 1
7 1 34
15 2 1
30 2 6
10 2 33
13 4 32
33 4 2
26 3 13
27 4 25
7 3 15
4 2 2
30 3 15
22 4 18
35 4 1
33 2 12
3 4 21
10 2 28
39 4 13
23 3 24
19 1 36
18 3 1
11 2 18
29 4 36
38 1 8
18 1 7
26 4 20
15 3 12
21 3 26
38 4 32
4 1 35
19 3 8
10 2 36
19 1 25
2 4 39
40 2 13
5 3 13
21 1 16
7 4 20
1 4 30
35 2 3
22 4 30
27 3 40
15 3 28
15 1 2
35 1 9
3 1 35
37 2 25
26 3 25
31 1 39
1 3 32
4 1 15
29 3 39
30 4 27
10 3 24
1 1 22
34 3 6
10 3 31
27 2 17
34 1 18
8 4 13
5 1 40
32 4 16
20 3 18
9 1 27
21 2 16
30 2 11
26 1 13
18 4 26
15 1 39
11 1 36
31 3 5
14 3 40
8 3 15
30 1 39
29 1 19
29 3 37
33 1 5
35 3 14
1 3 39
30 3 29
17 2 20
27 4 1
15 2 1
7 4 4
40 2 12
32 4 16
7 3 35
15 1 23
10 1 14
39 4 36
32 2 14
9 2 15
18 3 34
29 2 6
12 2 40
6 2 28
19 2 36
32 2 37
15 2 15
39 4 29
39 1 28
36 3 24
28 4 32
27 1 38
8 2 8
30 3 3
3 1 17
30 4 38
22 3 5
33 1 33
12 2 28
18 4 22
15 3 20
26 1 4
19 1 28
8 2 18
15 4 39
38 2 31
38 4 9
7 2 9
37 2 9
15 1 11
27 2 27
31 2 25
33 2 29
26 1 19
33 2 10
33 2 6
13 1 37
33 1 7
23 2 37
17 1 16
5 3 8
23 3 25
4 4 3
25 3 2
26 4 22
16 3 17
29 2 27
22 4 17
6 1 25
33 1 31
25 1 15
14 1 15
20 2 10
23 2 19
26 4 16
2 1 35
26 3 29
32 4 21
35 3 33
8 2 16
17 2 8
14 2 22
13 4 19
24 3 37
30 1 40
35 1 3
2 3 26
25 3 17
23 3 7
40 3 23
40 1 12
27 2 10
24 4 36
20 1 4
22 4 32
12 3 40
30 4 10
8 2 29
31 1 16
40 3 11
15 3 7
12 2 10
16 4 30
17 2 9
8 3 8
8 2 28
36 4 5
8 2 38
9 4 20
29 2 18
20 1 12
17 4 36
25 3 39
3 1 35
36 3 32
2 3 8
28 1 20
8 1 9
18 1 16
39 1 1
21 4 12
1 2 17
30 1 16
27 4 18
30 3 24
19 1 34
26 1 10
11 2 32
20 2 39
2 4 15
19 3 37
15 1 28
22 4 8
40 1 18
32 2 10
10 4 13
18 3 27
36 4 18
24 2 20
35 4 16
14 2 16
23 2 34
29 2 11
31 4 17
27 2 11
30 1 21
37 2 19
23 4 25
23 4 38
5 3 35
25 3 19
5 3 25
6 1 38
5 1 18
34 4 39
26 3 27
13 1 14
28 2 33
4 3 24
13 3 29
30 1 26
10 3 39
38 3 13
14 1 39
25 3 16
21 2 31
40 1 18
10 4 34
7 4 22
14 4 39
30 3 22
34 3 28
26 4 9
20 3 10
25 1 12
11 2 4
19 3 30
39 1 37
24 2 6
6 3 3
23 4 30
9 1 13
21 3 35
4 2 18
37 1 13
17 1 29
32 1 40
15 2 20
28 4 22
5 2 7
1 2 14
7 4 17
20 2 13
22 3 7
6 4 39
10 3 20
33 3 38
25 3 34
36 4 3
18 4 2
30 2 18
21 2 21
3 1 23
18 2 5
28 1 1
25 1 17
10 2 3
24 4 8
28 1 20
29 4 4
19 2 28
13 4 35
10 2 1
35 3 37
20 3 40
4 4 38
7 2 30
21 1 36
18 2 10
3 3 33
2 3 9
35 4 1
20 1 9
23 3 16
13 2 2
21 3 22
7 1 24
21 4 10
2 2 9
11 2 1
38 4 40
10 4 10
38 2 40
33 4 11
26 2 23
35 2 27
11 2 10
11 2 21
39 2 32
26 3 16
32 4 26
8 4 14
11 1 30
3 3 28
29 2 38
8 3 6
34 1 20
33 4 23
13 1 31
12 3 27
11 4 11
2 3 29
5 1 29
3 4 10
18 2 5
24 1 28
9 3 9
14 3 1
25 4 18
16 4 8
1 2 30
18 4 40
12 4 25
25 2 21
35 1 14
26 2 12
26 1 27
27 3 27
11 2 33
14 2 26
29 3 35
24 3 33
22 4 9
6 3 2
36 3 22
17 4 34
10 3 5
5 1 37
26 2 11
15 1 38
30 2 6
2 2 17
28 1 20
4 2 13
40 2 19
30 4 23
24 4 17
10 2 32
23 4 40
23 2 9
14 1 30
38 3 13
12 3 11
29 1 30
6 3 21
21 1 18
17 4 2
1 3 2
17 1 35
27 2 11
19 4 28
33 3 22
34 3 35
40 1 33
21 3 9
20 2 30
37 4 39
34 1 27
5 4 23
38 3 4
26 3 21
7 3 9
29 2 17
30 1 6
29 1 22
30 4 13
10 3 4
5 3 39
35 3 24
11 1 31
18 4 6
12 4 11
18 4 17
13 2 21
34 1 10
21 2 28
15 3 12
18 4 37
28 1 3
22 3 27
26 4 6
34 2 17
5 2 21
32 4 21
40 1 24
11 1 26
6 2 4
38 1 28
1 3 37
8 3 12
22 1 24
39 1 9
25 2 18
10 3 29
21 3 25
30 2 31
36 4 40
2 2 10
12 2 32
4 3 9
35 1 40
10 1 33
4 4 36
25 1 37
18 2 40
4 3 4
21 4 18
11 1 4
19 4 26
13 2 24
3 1 5
30 1 4
1 4 27
29 3 1
38 3 26
17 3 31
9 1 25
18 4 20
29 3 11
4 2 15
38 1 37
30 4 21
4 4 6
16 3 28
29 3 36
30 4 30
38 4 2
21 1 17
21 4 9
15 1 16
39 2 35
40 3 30
32 2 32
32 4 32
29 4 15
10 4 23
33 1 34
5 3 8
7 2 34
39 4 29
22 1 31
29 1 10
1 3 11
12 1 39
37 1 10
35 2 12
13 3 14
16 4 30
23 2 36
40 1 37
33 3 5
28 3 14
21 1 31
28 4 6
7 2 12
22 4 36
16 3 12
28 4 30
4 1 26
29 1 11
34 3 19
27 3 34
16 2 25
21 1 30
16 2 16
13 3 11
19 3 37
16 1 2
25 4 25
20 1 34
29 1 33
5 1 31
32 3 36
5 4 22
24 4 25
39 4 36
22 4 9
27 1 17
38 3 8
21 4 1
26 4 26
5 1 13
1 1 39
10 3 20
4 1 36
22 4 13
31 4 3
11 3 36
11 4 38
2 4 26
5 4 12
26 1 16
39 3 16
32 4 25
7 4 16
3 1 22
14 1 38
28 4 26
31 3 40
37 2 4
23 2 38
29 4 32
21 1 24
24 1 3
6 3 11
26 4 5
39 2 21
18 3 9
3 2 16
16 1 18
14 1 38
25 2 3
23 3 25
5 1 29
26 1 24
23 4 14
40 3 18
7 4 13
25 4 19
26 2 4
19 4 20
31 3 20
26 4 23
27 1 39
24 2 22
12 4 14
23 2 1
5 3 10
33 3 6
16 2 25
28 2 3
29 1 25
6 2 18
8 2 2
9 2 30
5 2 16
39 3 6
37 4 25
11 1 32
23 4 25
10 3 13
22 2 19
1 1 14
23 4 29
8 2 18
9 2 34
3 4 30
3 3 26
21 3 38
29 3 19
17 4 30
34 2 13
1 4 27
23 4 12
3 3 29
9 1 33
9 3 13
6 4 37
13 2 12
4 3 16
10 1 9
30 3 31
38 1 36
18 2 32
6 3 33
40 3 13
20 4 12
28 4 8
18 2 9
4 2 18
24 1 13
31 3 15
8 3 33
8 1 40
23 3 17
31 3 17
23 4 13
14 1 17
39 4 3
33 3 14
34 1 8
5 3 15
16 1 35
16 2 5
29 3 10
22 1 7
12 1 28
30 1 37
23 3 6
4 3 23
13 3 34
8 2 14
15 4 12
25 4 26
26 1 2
13 2 24
13 4 16
32 4 39
11 2 27
18 3 21
29 3 6
17 3 12
18 3 33
35 1 21
15 1 29
3 1 22
11 1 38
27 4 5
22 2 38
17 4 31
3 2 10
9 4 29
25 4 9
25 1 16
3 2 17
24 1 14
1 4 13
7 2 28
30 3 30
5 3 22
8 4 32
38 1 8
36 4 11
35 3 14
27 1 38
5 3 30
31 2 26
11 3 25
19 4 32
3 2 1
9 1 12
28 1 7
27 2 22
28 4 10
9 3 39
39 1 21
38 1 37
11 1 28
30 1 9
26 2 6
30 4 27
32 4 22
38 1 13
27 4 24
11 1 29
25 3 13
16 3 22
4 3 34
17 2 30
24 2 20
22 3 3
8 2 13
19 1 3
12 4 30
38 2 18
1 4 15
30 2 38
29 2 7
23 2 14
18 4 39
21 4 35
28 4 20
14 2 6
10 1 2
27 3 39
12 1 39
2 4 27
26 4 3
9 1 24
32 1 3
39 4 34
9 3 20
33 2 38
37 4 35
8 3 15
25 4 10
4 2 21
33 4 12
36 3 10
39 1 21
31 3 35
5 1 7
36 3 27
26 3 29
26 1 28
17 3 4
33 4 5
1 1 32
14 4 11
25 2 4
15 4 23
29 1 26
4 2 38
21 3 3
37 1 26
38 2 38
34 3 13
7 3 9
37 1 25
18 1 5
21 4 31
40 4 31
20 3 7
11 2 10
30 2 38
12 3 21
34 4 12
36 1 2
9 2 21
19 4 7
17 2 38
33 1 28
8 1 22
1 1 13
34 2 25
4 4 31
13 2 16
18 4 4
36 3 33
21 1 25
7 2 24
9 1 33
22 1 3
27 4 1
6 2 10
17 2 32
28 2 35
20 2 12
12 1 18
14 3 25
40 2 7
23 3 9
6 1 2
15 4 6
38 1 24
32 2 15
26 1 23
28 2 24
1 1 5
7 4 28
39 3 29
6 4 33
28 4 8
6 1 23
1 4 14
18 2 3
12 3 21
14 1 39
1 4 16
28 1 29
39 4 32
29 4 29
17 2 22
39 4 38
35 4 25
31 4 19
39 1 23
21 4 12
11 2 36
18 1 22
34 3 2
19 4 24
4 3 10
37 1 5
26 3 25
24 4 20
29 2 16
26 3 24
27 2 22
24 3 11
29 1 7
28 1 24
18 1 20
18 4 36
26 1 32
8 3 3
2 4 4
31 4 19
1 1 3
4 3 20
11 4 39
20 3 29
14 2 21
39 3 23
10 3 30
22 4 29
39 3 1
27 2 24
20 3 14
28 1 1
33 1 22
23 3 13
35 4 27
31 4 26
26 4 35
6 1 23
17 3 22
31 2 17
2 4 26
30 3 30
5 1 33
34 3 34
4 2 31
19 3 21
15 4 10
4 1 33
16 3 2
27 4 32
38 4 21
3 3 21
14 2 5
26 1 28
21 1 13
39 3 12
27 2 9
14 2 36
22 4 30
39 2 33
1 2 16
35 3 10
23 2 27
9 4 36
39 1 8
18 3 13
16 1 10
4 2 32
30 4 21
10 3 14
17 1 11
2 4 1
4 4 15
16 4 6
1 2 14
25 1 2
29 1 7
12 4 16
12 3 10
18 3 38
4 2 7
5 4 18
8 3 10
34 1 12
27 3 34
4 4 25
31 3 34
8 3 8
24 4 28
32 3 1
3 2 13
14 2 8
38 4 26
29 1 10
36 1 36
32 2 3
38 2 39
5 4 2
20 1 21
15 4 16
17 3 4
10 3 26
11 3 17
16 3 29
26 1 7
38 4 14
28 1 37
26 3 25
14 3 24
21 4 21
29 1 25
36 1 2
19 3 13
9 1 8
37 4 6
4 1 7
22 1 3
25 2 9
1 3 13
30 2 37
3 3 17
11 4 2
29 3 3
26 1 12
21 3 6
19 1 40
32 1 13
31 1 5
4 3 6
12 2 5
37 4 39
7 2 4
8 4 36
4 4 23
18 3 28
22 2 1
24 2 31
25 4 5
30 2 13
24 4 4
26 2 27
27 3 38
37 1 29
34 4 1
3 1 15
20 4 25
8 3 26
21 4 24
30 3 5
2 2 11
16 3 31
7 3 12
22 3 36
10 2 19
4 3 5
29 2 20
37 3 37
27 4 22
24 4 3
26 3 12
18 3 35
24 2 22
40 4 39
29 1 3
2 3 37
39 4 2
36 1 12
18 1 30
4 4 5
23 4 29
9 3 34
35 4 33
21 1 1
20 1 2
22 4 31
32 3 35
18 4 13
11 1 27
24 3 25
40 2 33
36 3 26
29 1 2
3 2 8
4 2 11
28 3 12
20 2 6
13 4 11
27 4 30
22 1 27
35 1 34
38 1 12
29 2 4
28 3 37
5 3 22
27 1 4
33 2 19
14 3 21
27 1 33
28 4 14
25 4 17
33 2 21
17 2 13
5 2 34
16 3 14
14 1 6
13 2 18
40 3 23
25 3 34
28 2 35
34 4 39
34 4 9
20 4 7
40 1 32
22 3 35
35 3 29
9 3 34
8 2 9
2 1 8
4 3 11
15 4 22
38 4 19
20 1 9
27 4 31
6 2 8
13 3 1
8 3 12
39 2 29
19 3 12
9 2 3
12 3 32
11 1 25
4 2 36
10 1 6
29 1 27
38 2 33
38 1 36
29 4 21
17 2 5
21 3 28
12 1 1
14 1 3
36 2 14
34 3 12
34 2 9
18 3 31
17 3 3
32 2 5
34 1 15
36 4 33
18 2 22
2 1 11
13 1 2
8 3 13
38 2 7
26 2 17
4 4 16
5 1 3
21 2 8
22 2 38
11 4 9
8 1 7
15 1 23
20 3 28
14 1 9
26 1 30
33 2 9
30 2 14
24 1 10
11 1 2
38 2 34
36 2 27
24 4 34
13 2 17
8 2 25
2 1 28
8 1 24
13 1 16
27 1 13
1 2 10
20 3 8
4 1 6
10 3 19
10 3 29
32 3 24
13 3 15
2 4 15
3 4 14
13 1 6
29 1 2
16 1 11
27 1 24
20 4 39
39 3 35
33 3 14
14 3 3
25 2 35
33 4 24
6 2 10
13 2 30
11 2 26
34 3 23
35 4 30
15 4 29
13 3 11
9 3 9
19 3 26
30 2 4
18 2 29
28 1 3
40 3 33
39 1 6
32 2 11
12 4 32
28 4 15
40 4 18
39 2 13
2 1 38
30 4 36
37 2 2
29 3 36
25 2 25
12 3 32
7 2 28
5 1 29
18 1 12
25 2 37
22 4 30
22 4 2
22 3 29
14 1 13
23 4 23
35 2 13
35 4 35
9 2 10
23 2 21
24 3 34
38 3 36
26 3 26
40 2 40
40 3 40
18 3 2
24 1 11
30 2 1
29 3 9
34 4 26
33 3 37
38 2 32
26 3 2
38 4 10
34 1 30
25 3 34
22 2 6
14 3 21
29 3 11
1 1 40
8 2 36
5 2 16
18 4 1
31 3 1
31 4 17
37 4 17
3 4 3
9 4 28
13 1 33
1 2 27
29 2 5
38 2 8
20 2 9
19 3 3
12 3 26
20 1 35
30 4 4
4 3 31
12 3 24
35 2 29
38 1 28
11 2 40
25 4 19
17 1 12
2 1 24
20 1 37
15 3 25
3 4 24
15 4 16
31 1 36
7 4 20
31 3 35
22 1 5
29 4 40
23 2 36
31 2 17
5 2 38
6 1 36
31 4 9
31 1 11
4 4 1
4 2 4
18 1 40
18 4 32
33 3 33
34 3 13
8 3 16
38 3 30
15 4 27
7 3 23
16 2 12
1 3 13
20 2 33
20 4 39
20 1 24
37 3 18
33 3 3
33 4 8
29 4 37
34 4 25
32 2 22
38 3 37
21 4 4
23 2 16
23 3 20
35 4 7
6 3 4
2 1 3
33 1 5
21 2 11
33 2 26
28 1 14
36 3 39
6 2 11
36 2 33
5 1 30
12 1 36
21 3 24
17 4 9
18 2 36
33 4 6
20 2 26
13 4 31
15 1 2
28 1 38
19 4 1
5 2 37
37 4 30
18 2 26
12 3 2
23 1 38
27 2 38
40 4 17
35 4 28
21 1 2
9 1 31
20 2 3
12 4 33
27 4 24
19 1 5
5 3 8
27 4 31
36 2 40
32 1 17
23 4 16
36 3 6
11 4 37
21 3 31
35 2 25
36 4 31
16 1 23
13 4 32
6 4 35
40 3 9
31 2 4
33 4 16
14 3 30
2 4 32
14 2 10
2 2 39
29 2 15
25 4 29
22 4 21
5 4 29
33 2 27
33 4 20
26 4 31
22 3 34
25 4 25
5 2 16
26 2 3
18 2 21
38 2 2
38 4 12
23 1 14
40 4 19
16 3 3
13 4 29
39 1 1
30 1 36
14 2 26
5 4 13
15 1 11
2 4 16
13 3 19
26 4 2
2 3 39
32 2 23
4 2 18
6 4 11
18 4 39
11 4 29
27 1 22
2 2 21
21 2 26
24 1 39
39 1 33
22 2 4
4 4 3
40 3 1
40 1 20
16 4 40
23 2 18
5 3 3
3 4 35
14 1 40
8 1 11
10 1 39
13 1 32
24 4 13
18 2 26
12 4 33
6 4 28
5 3 18
4 3 22
23 3 23
29 2 20
23 1 37
26 3 33
3 1 3
4 1 12
39 4 2
25 1 23
20 2 11
21 3 37
38 1 30
38 1 20
20 1 18
19 4 25
8 3 15
6 1 31
25 1 14
16 1 5
1 1 30
7 3 33
38 1 27
13 3 20
12 3 12
1 2 36
26 2 18
38 1 11
9 4 12
4 3 30
27 2 19
22 2 26
36 3 13
31 1 38
31 3 36
19 4 9
26 4 34
4 2 14
39 2 24
1 3 20
32 2 40
31 1 21
16 3 22
2 2 21
23 2 40
21 2 32
33 2 38
14 1 26
3 4 17
28 4 8
4 4 37
11 3 9
28 3 8
31 1 16
16 4 35
6 3 25
1 3 7
23 2 21
38 3 3
9 1 24
18 1 34
24 4 25
27 4 34
36 2 28
3 4 23
6 2 24
9 4 25
12 4 33
3 4 1
1 3 6
28 2 6
2 4 2
25 4 1
17 2 15
20 2 19
10 1 24
1 4 24
3 4 9
30 4 28
29 2 1
34 3 17
2 3 10
4 4 16
13 2 30
17 1 14
5 4 38
7 3 23
17 2 27
37 4 21
9 4 14
10 3 25
31 3 26
32 4 6
19 1 2
26 3 2
15 1 33
30 2 7
4 3 34
7 1 34
19 3 29
17 2 16
20 1 28
4 4 21
18 4 4
20 2 8
1 2 5
18 3 19
39 2 26
21 2 17
30 3 8
25 4 2
37 4 29
39 4 13
39 3 15
2 2 40
40 1 30
34 3 23
12 3 8
9 4 2
16 3 19
18 4 38
3 1 12
35 4 27
11 4 38
4 2 32
32 1 23
3 2 29
25 1 17
17 3 14
6 2 40
32 3 4
4 3 9
30 1 14
26 1 23
20 4 34
6 1 20
28 4 6
15 1 33
22 3 13
6 4 40
39 2 36
12 2 34
11 3 21
3 1 27
15 4 11
40 1 8
31 4 19
17 1 28
14 1 37
36 2 34
20 1 9
6 1 20
37 2 30
5 4 19
24 4 37
8 3 33
21 3 11
10 1 10
15 1 20
2 3 16
17 3 39
19 4 13
31 1 39
25 2 13
7 4 21
16 4 31
35 1 20
26 1 20
18 2 24
20 4 15
25 4 6
3 2 18
28 2 6
36 4 14
14 2 34
27 2 19
14 4 27
1 2 1
35 2 20
22 4 37
36 4 29
20 1 20
23 3 11
39 4 14
36 1 40
23 4 16
4 1 38
31 1 19
40 3 1
16 3 21
7 2 37
3 2 12
13 4 40
5 3 15
34 3 7
23 4 36
16 2 7
28 1 25
8 2 12
9 4 36
29 2 8
19 4 28
5 2 28
35 2 6
18 3 25
35 3 16
6 4 24
28 2 9
32 1 11
2 4 31
37 2 15
19 4 18
19 4 19
17 1 2
34 4 9
8 3 11
23 4 8
20 1 38
23 1 6
3 3 32
37 4 18
7 2 8
17 2 16
31 3 31
36 1 12
12 4 22
3 1 29
22 1 40
34 4 19
30 1 18
11 3 33
14 2 5
17 2 27
30 4 40
11 2 39
20 4 33
26 4 30
39 3 36
20 1 29
31 2 23
22 3 22
10 2 10
4 4 31
7 2 32
29 1 29
27 4 9
25 3 5
12 2 2
23 3 35
24 3 5
30 4 33
23 1 39
38 1 10
28 3 4
6 4 29
29 4 12
39 1 27
10 3 33
34 2 21
23 3 21
30 4 10
24 1 3
16 3 3
11 4 36
24 4 3
25 3 20
34 1 38
25 1 7
40 1 1
29 4 4
3 3 25
26 2 3
3 2 17
12 1 17
8 4 35
10 1 17
23 3 21
3 4 16
33 2 6
4 3 13
35 2 23
19 1 19
3 4 25
33 1 25
6 2 8
12 3 17
8 1 20
40 3 4
36 1 5
40 3 35
21 2 36
18 2 4
26 3 35
40 3 39
28 3 16
2 2 2
8 4 20
2 3 5
32 2 28
4 4 23
3 1 5
40 2 28
27 2 14
37 4 29
16 3 6
38 2 6
25 1 32
9 4 4
24 2 38
35 1 26
24 3 13
15 1 30
3 2 4
35 3 18
3 2 12
14 2 6
19 2 36
29 4 32
16 1 39
29 4 19
40 2 16
27 4 10
7 4 33
26 4 5
2 3 23
23 1 8
18 4 22
25 2 14
36 1 33
22 4 32
16 2 24
18 2 40
22 4 23
5 3 19
10 4 36
3 2 35
14 3 18
30 3 4
31 4 3
30 2 29
1 2 36
11 4 7
21 2 3
23 1 34
36 1 38
15 4 6
3 2 22
34 4 6
11 3 35
30 1 14
36 4 8
21 1 4
14 3 32
31 2 40
19 1 37
11 3 6
18 3 30
38 2 6
32 2 8
9 2 38
5 1 34
17 3 22
23 1 37
28 4 9
12 4 14
29 3 2
21 1 7
24 2 11
35 4 36
7 2 36
31 4 25
16 4 9
24 1 8
24 1 29
31 4 15
38 2 32
35 1 2
9 4 12
10 4 6
27 1 14
15 4 4
35 2 4
28 1 11
15 3 34
37 4 5
1 3 17
5 4 8
11 3 23
19 1 26
21 3 36
23 3 18
4 1 33
19 4 25
13 2 15
16 3 24
17 1 7
38 1 39
17 4 30
19 3 28
21 4 16
28 4 26
35 3 22
6 4 33
17 1 35
8 2 33
11 2 20
26 2 39
29 4 24
15 2 29
17 2 21
24 1 20
21 4 24
38 3 19
16 1 23
23 2 1
32 3 28
32 3 3
9 2 6
6 3 19
40 1 17
13 3 16
10 3 23
22 2 32
16 2 26
17 2 4
1 3 34
1 3 14
7 2 29
28 3 30
13 2 1
27 2 38
6 3 3
17 3 10
12 2 4
9 4 34
38 3 30
3 1 22
19 1 8
18 1 36
28 1 20
32 4 37
6 2 31
21 2 6
15 4 10
6 3 30
27 4 30
3 4 28
6 2 40
30 2 26
15 2 14
34 1 28
38 1 20
22 4 6
28 4 2
30 1 11
14 3 25
38 2 33
12 3 18
22 1 36
36 4 20
11 3 7
34 2 35
2 3 31
1 1 9
17 3 37
17 3 21
8 4 14
14 3 20
1 1 31
31 2 15
14 2 10
5 1 22
3 4 28
15 1 40
22 1 35
26 1 22
27 2 27
25 4 2
38 4 6
7 1 34
40 2 2
8 3 14
25 4 34
32 3 32
38 1 19
16 3 36
6 3 32
25 1 37
34 1 8
7 2 29
21 1 20
34 1 6
11 2 33
4 4 23
33 3 3
5 3 3
21 4 32
34 4 37
40 3 6
35 1 10
4 4 18
2 3 38
36 2 8
23 1 28
18 4 34
26 1 11
3 3 29
27 3 25
22 2 13
20 2 38
29 4 4
39 1 35
12 1 24
31 2 16
13 2 29
23 1 39
29 4 5
16 3 24
25 1 33
1 2 8
1 2 30
23 3 38
16 1 35
26 4 29
21 2 9
2 4 32
30 1 32
16 1 15
20 2 29
4 3 36
3 4 23
21 2 1
16 3 21
31 3 2
12 3 8
11 3 27
15 2 39
13 2 34
33 3 18
18 2 16
17 2 33
38 4 13
21 4 30
1 4 6
9 1 3
17 3 27
30 2 19
11 3 15
3 3 36
8 4 39
40 3 10
18 1 11
1 2 27
35 2 3
16 4 2
24 1 16
2 3 7
13 1 31
23 3 5
17 3 4
5 1 4
6 3 12
18 1 25
8 3 40
2 1 20
17 2 4
16 1 26
32 4 25
30 2 26
34 3 33
40 1 11
19 3 40
34 3 2
10 2 25
6 1 24
21 1 18
28 1 13
1 1 23
14 1 25
21 1 3
31 3 34
27 2 35
24 3 23
39 1 6
3 2 31
40 2 27
20 4 34
8 3 15
35 3 11
39 1 33
32 1 36
19 2 7
8 2 3
11 3 2
10 1 28
1 1 19
27 3 5
9 3 5
24 3 19
25 2 24
22 2 36
17 2 25
9 4 29
39 1 9
2 4 36
35 4 29
19 2 22
2 2 26
35 1 34
10 1 13
9 4 14
27 1 11
4 3 32
24 4 4
30 3 8
11 2 18
40 4 20
23 4 15
33 4 13
4 2 1
21 3 22
31 2 3
21 3 14
24 1 24
5 1 33
4 2 11
7 1 14
4 2 27
35 4 24
1 4 12
5 3 10
14 4 22
15 2 38
33 3 9
12 3 32
18 3 17
24 3 25
7 1 23
39 1 6
13 4 18
40 2 40
17 4 27
18 1 39
39 1 34
8 3 34
4 3 27
31 2 9
17 4 29
26 3 12
24 4 19
9 2 22
39 1 15
12 2 24
20 3 24
33 3 2
10 1 34
17 4 17
33 3 35
19 2 22
9 1 6
5 2 32
28 3 32
29 2 19
35 1 16
19 1 4
21 1 9
18 3 19
9 1 19
30 1 17
20 1 24
25 2 11
17 3 18
35 1 9
14 3 40
19 4 23
6 1 12
15 2 21
19 3 10
6 1 6
23 2 15
24 4 9
37 2 30
37 3 29
2 4 32
9 3 31
25 4 20
4 1 5
37 1 13
32 4 23
35 3 2
1 4 34
8 2 4
31 4 34
13 2 36
7 1 2
40 1 21
5 4 2
6 1 14
33 1 10
18 4 6
31 3 16
17 3 30
39 4 35
2 4 6
15 4 21
20 3 22
36 4 7
3 2 33
36 3 32
16 1 29
33 1 6
13 3 25
33 2 29
21 3 24
33 2 19
20 4 34
37 4 24
8 2 21
34 1 26
8 4 12
8 3 31
27 2 9
28 4 7
3 4 12
18 1 39
8 3 8
23 2 40
6 3 11
37 3 14
40 2 9
1 4 7
14 3 27
23 4 21
12 1 21
18 1 4
5 2 23
7 1 12
18 2 2
23 2 31
35 1 28
34 3 25
7 4 12
2 4 18
1 2 30
1 1 32
19 3 13
25 2 13
16 4 22
2 1 27
1 4 34
26 2 15
33 3 39
13 1 35
25 4 13
1 3 22
32 3 37
21 2 20
21 3 10
19 1 23
21 2 2
25 2 2
35 4 10
10 3 40
23 2 16
22 4 9
39 2 18
1 2 25
28 2 38
35 4 17
25 2 15
28 1 37
6 1 34
17 3 22
13 3 25
4 4 35
18 1 29
30 2 13
26 3 32
17 1 21
27 3 29
24 1 24
1 4 37
11 1 32
15 2 32
9 4 21
23 1 40
3 4 10
8 3 37
5 2 10
34 4 15
17 2 19
12 2 10
4 3 29
14 1 39
12 4 21
38 2 4
33 3 33
34 2 23
39 2 8
40 4 24
8 1 16
4 4 27
16 2 20
16 1 32
14 1 30
17 4 9
19 4 34
32 4 34
9 3 24
15 3 12
25 2 7
22 3 31
34 1 7
36 4 36
13 3 6
35 4 3
9 1 9
8 1 19
19 3 7
1 2 16
40 4 39
13 3 31
32 3 15
4 3 34
22 4 25
39 3 18
4 2 16
17 3 2
22 4 21
6 1 20
4 4 18
33 3 9
27 1 39
36 1 28
20 4 24
38 1 30
22 1 4
8 3 9
17 4 19
28 3 34
3 2 12
15 1 24
35 3 15
39 2 22
11 2 40
2 3 5
31 2 39
31 3 30
7 3 18
37 3 14
37 4 19
12 3 17
1 4 12
23 3 30
32 4 26
40 3 38
2 4 12
1 3 40
16 4 35
9 2 26
24 1 18
18 2 17
34 4 2
4 2 14
12 2 37
12 3 8
17 4 34
31 2 35
8 2 29
35 4 12
18 2 38
32 1 5
19 4 17
5 4 12
19 3 36
23 4 20
35 2 5
27 1 31
4 4 36
