43 38 1912 1977
2951 2319 909 2523 3042 1012 3238 3667 2494 601 387 1817 4588 3580 1470 1779 649 3536 1350 4280 2470 2453 3761 107 1915 3132 2562 4694 810 3138 83 3976 2661 1557 4211 2664 2598 816 
1753 3631 4509 1671 2617 339 3044 1149 465 2234 1890 1004 2321 290 3477 3386 410 3620 3725 3988 1682 253 992 2847 4282 3729 3439 4755 2476 2313 3427 2456 1817 1392 3820 1861 2090 1373 
2839 4633 916 1349 3559 4582 1625 2344 3582 182 548 3135 552 1508 773 3955 1421 1434 1839 137 4541 526 526 1061 2437 1522 3083 4528 3924 665 1732 4594 202 2597 4038 2331 4272 2449 
3404 1197 2429 2229 1995 3765 2520 2976 1048 1130 3524 4836 2529 2461 2125 1522 1170 930 1607 3731 464 1376 4206 3536 771 2086 2962 3104 524 4732 4020 2282 4346 2835 2242 3450 1348 3951 
3723 1935 244 3904 1447 2630 85 1468 4622 134 752 1653 4529 2220 2494 4851 2138 1165 1612 2100 4111 277 233 3248 3004 4717 2094 2314 2524 1845 700 3140 2194 4624 2562 4523 2784 1361 
48 689 344 3811 621 2076 4374 148 1913 4386 1613 3881 3242 138 711 896 4311 2441 1698 2524 4877 2924 887 668 890 892 1500 3742 427 3398 1538 296 4752 4808 4700 3002 226 2781 
2483 238 1380 2399 2900 3775 750 259 4206 3208 3030 3292 2136 623 3168 2280 4902 1022 878 2111 3758 2435 1581 4073 1310 2701 4424 4370 851 4025 1233 144 3680 431 1203 2992 3627 1751 
782 3318 2975 1476 4255 774 625 3007 1365 4134 1082 585 3239 3895 3883 309 3496 4522 498 3846 3815 923 4083 4365 3076 1205 3014 573 3006 1859 985 1502 3919 1315 4499 1534 4336 2249 
1280 905 1702 2019 3479 3351 1292 3225 4649 270 3308 4372 3242 4733 1055 3974 4908 3489 4621 577 3123 529 4812 1938 58 4711 2972 2389 363 3290 4326 2991 1388 1359 4077 3308 616 1208 
1740 961 3590 1884 4090 3548 2174 2552 2030 4680 1585 192 2164 2669 3428 4409 2252 872 3782 2576 2118 3118 1071 4034 2924 2139 2497 3134 2215 608 1638 834 4451 2179 713 867 2730 2141 
1610 1953 1692 4654 4476 967 3352 1038 342 1536 804 4207 4124 2858 2940 1255 3498 2981 438 268 3123 3249 645 3172 389 2817 3054 3020 2547 4496 3554 1505 2751 3059 880 1906 2413 196 
3125 3069 3417 2527 4751 603 3887 4261 1512 4788 3659 2139 3980 3089 2492 4733 3511 942 4418 1604 1457 3278 2904 4151 3759 1683 4825 486 4781 2505 3806 776 88 1974 3704 3105 2466 1984 
544 1429 1398 3022 907 3499 4481 1872 601 1106 4603 3306 1503 1377 2202 597 4078 2972 4580 44 2539 3203 3007 4059 560 1655 4306 3920 2147 3029 1928 1601 691 974 3374 2585 3352 2552 
3935 4095 4404 1289 3115 698 906 3741 936 607 65 654 4075 960 4369 1706 4801 35 1830 1307 2224 2482 4898 1762 3751 1926 1429 4424 1286 967 211 2625 4665 1620 923 1832 1029 903 
2352 1558 1707 3778 199 3954 944 2199 3066 125 1964 4889 394 2423 1210 3318 253 248 4847 4569 2372 2200 3622 472 3976 1056 4714 3788 191 4473 1719 2904 528 3384 4089 3296 127 4132 
4464 2150 1288 550 1609 2030 3951 3133 1829 1072 523 3925 3315 1422 4174 3117 2412 3805 715 1078 4262 3148 1008 620 4888 1339 616 349 1330 3775 3002 4612 1553 3362 4165 3286 1344 806 
3949 4149 734 1605 1822 2462 4545 1326 3387 1407 2160 1080 4488 438 3470 1201 2030 1154 2720 2000 739 2849 4225 1982 2697 873 3460 2620 3279 3433 4874 1616 4432 2432 4589 1339 3881 4616 
4061 4064 3244 3772 990 2151 300 837 1543 1077 4284 3768 1768 4237 148 73 2514 3095 2552 761 579 1838 1071 3386 4530 1446 3117 791 1112 2140 1691 816 976 76 1161 3760 2424 1573 
967 3898 1927 1432 200 714 1959 4208 3714 4045 1005 3879 1044 1924 1786 584 2182 2065 4225 630 3091 3997 4845 2920 2865 478 2880 808 1971 1463 3883 3586 2314 3454 4022 1375 3079 2494 
1325 4234 3166 1803 3024 1597 3176 4777 1504 4519 1105 73 4431 1036 1238 1432 1251 2260 2133 1933 2551 1672 2977 4842 1115 4219 3301 3566 1025 1713 4275 3962 1964 3795 3637 1890 4883 4138 
3698 2194 1893 775 474 1167 3086 580 2387 4854 4733 2267 1152 2792 4888 145 4738 2882 3644 4026 2862 3467 3495 2528 211 656 2519 1543 2444 3679 1386 2170 951 4713 1960 3144 1169 266 
2621 3658 389 4095 279 3847 150 1730 1177 381 3469 3662 2447 2447 2882 3322 451 1973 1016 1454 1690 3440 3393 2223 2344 1321 2133 3281 2601 507 3454 2082 3519 3414 4513 2378 3930 3210 
591 1492 3370 4361 4275 161 2555 3186 2594 1423 81 1201 1182 3259 2961 2724 2903 4122 1330 1686 397 1812 3066 4469 4433 1767 3986 4419 3376 3860 1978 4294 4164 3335 1202 4251 1309 978 
2981 1222 3995 2405 3089 706 459 1204 961 299 1861 524 4448 3057 2163 1979 3542 242 1637 1097 864 2486 3586 2407 4086 3021 3198 2679 3820 506 3247 3487 2369 443 3800 2186 1761 2805 
1462 82 3347 1846 3999 148 1531 1576 1768 3925 4074 1630 2730 1375 1557 4909 1024 980 4531 2170 1704 701 4250 1576 1201 2508 970 3103 1307 3533 4756 632 3609 2504 4908 1469 799 4729 
2267 2316 1429 3300 4698 4356 2145 2457 2883 2920 2338 2860 3474 2982 3340 2438 3878 359 1544 213 3848 505 2599 3456 4323 2665 3185 3183 2102 853 1717 389 45 3688 3041 4226 1908 4307 
3043 3007 557 4177 3570 4092 57 2886 601 1425 3866 860 1171 2547 799 4112 1460 1419 3543 4570 4428 4036 3911 258 1940 4141 729 2669 1192 4085 1042 2303 1296 1976 4793 2777 4306 1852 
1422 4249 4433 4753 2679 1993 3175 2179 1408 4375 727 3886 696 1481 2439 1120 4722 530 359 3803 3655 1258 1908 4029 501 295 97 1306 3236 4388 3450 4040 3556 4759 1576 557 4654 2187 
4357 1881 2723 4299 559 683 4255 1495 1625 2188 2538 1445 4078 2052 3456 4357 3422 1122 1680 3682 1294 59 3514 3617 1123 906 2760 3720 1327 224 382 341 3554 4825 2257 318 2633 1394 
99 1199 1055 1369 3710 1269 4736 2892 2909 4173 2665 1301 539 364 2850 4466 3519 1791 1791 1585 3447 4682 232 3425 2219 2882 1398 1208 2411 3609 867 4372 3256 1613 651 4074 4390 2451 
164 4255 2508 153 2989 4162 4889 4703 2424 12 2108 1471 3911 3273 2658 4596 1900 3581 2622 2663 1294 205 1433 3823 2764 1282 3073 871 3698 4131 2621 3836 2560 1619 1062 536 3505 3678 
3903 4728 2183 3137 1237 2187 605 821 311 3785 3743 4342 2309 3178 1828 4345 285 2645 2989 2470 2703 2817 983 1342 1838 3902 3792 2660 2419 633 4355 4832 2560 3650 135 1463 4414 2300 
1164 2448 867 2452 4545 3000 444 4808 197 4708 951 4475 2259 4750 1027 2326 257 659 902 331 729 3921 3814 1533 3406 2283 3406 3811 2290 3050 1677 2091 4772 2594 1528 3302 3447 4525 
750 2084 1764 1853 1060 3438 2970 4521 291 1259 3021 2797 61 592 2191 3011 141 635 3964 4354 4240 1651 1740 3574 4798 3168 4850 82 1257 699 165 2520 4143 1784 1443 3468 4439 1015 
1139 2311 278 1132 2140 963 3230 4361 2827 2226 4153 3000 4123 4341 1935 3508 3071 3728 415 4203 4439 2815 1222 438 1333 612 2594 3048 599 3645 3487 405 4080 3638 3494 1916 276 3312 
1895 1855 2317 3599 4183 4532 2031 2057 2368 3438 3897 3356 2385 2798 3392 4298 1565 1552 3562 757 3611 3220 684 2582 1978 2106 297 1508 1990 2063 156 2732 4354 2801 1304 268 1495 885 
2380 2091 2192 1458 2120 1702 2463 3466 1505 576 4299 3834 2236 2577 2054 21 2990 3006 4789 723 4108 4223 4601 4651 957 1747 2466 2924 3442 3380 4753 2491 4533 3497 1219 3419 4409 3789 
607 2347 2862 3511 2726 1893 1526 3919 2169 4735 4730 2926 3947 2602 3490 729 1715 263 816 4350 3338 662 3976 1605 1225 1816 1658 506 1336 2502 1617 3526 2206 2539 1814 1367 1486 30 
1126 2642 1648 2729 1248 4307 208 589 2251 679 4763 82 570 4160 3432 403 4045 291 2699 641 702 4068 1744 1137 4207 2333 1836 1265 4473 3938 3522 3839 3826 4525 1416 3399 4144 3370 
1359 3912 4627 2224 3637 1616 3816 3206 3098 2253 1709 3030 4437 4267 4385 908 321 4753 517 4495 2541 2757 2445 688 3177 3235 4696 3000 1938 3133 1834 1720 2141 690 1103 229 3730 4646 
3499 2528 2728 2825 3802 4262 4145 2242 4215 2022 1110 2043 4443 3944 2032 2966 1669 3419 115 806 1103 4216 762 3405 4630 3994 4604 65 4462 616 506 3905 4028 3815 144 2152 4712 2692 
2574 4222 4132 4181 3436 364 1445 1659 4622 4900 3502 1969 4667 2190 3955 4321 1071 694 2844 2037 481 2064 3751 1630 4290 2568 506 2458 3901 2026 680 1238 439 3545 1281 1680 2042 3555 
3584 4696 78 887 1713 4429 297 2777 1160 2274 1875 2127 4523 4403 3791 2976 2784 825 2585 2484 3297 1432 3722 667 430 3306 1471 842 2298 4190 3151 785 2881 1939 2499 159 307 185 
4 1 6
35 31 26
8 25 12
17 8 27
17 4 1
16 7 27
23 4 17
37 12 16
22 6 36
40 17 31
27 19 28
24 12 31
28 6 14
18 19 33
4 13 24
7 20 40
9 34 37
6 10 18
3 6 34
28 9 7
19 3 1
39 23 8
40 35 25
23 22 28
19 33 25
14 33 32
10 31 20
15 5 29
30 29 11
38 4 14
7 15 17
18 21 38
41 16 12
26 1 39
4 3 25
35 9 33
11 12 34
5 8 29
35 12 8
10 12 25
28 10 19
4 15 34
37 23 34
39 9 16
6 12 31
18 8 13
15 29 8
24 36 14
12 17 34
21 23 14
37 15 21
34 2 37
37 24 22
17 3 11
28 14 23
6 26 17
3 1 34
35 28 18
29 34 34
41 28 22
23 12 31
26 28 3
35 19 8
27 9 33
20 29 18
24 3 20
22 7 7
27 19 19
18 19 11
27 34 13
39 19 17
24 36 13
39 2 4
2 5 21
13 30 5
9 5 21
23 5 39
23 12 37
5 14 23
8 8 20
19 2 25
25 11 25
6 28 2
29 28 20
38 15 11
7 29 33
32 36 10
41 1 3
39 32 13
12 32 35
18 26 19
21 13 14
32 35 35
21 7 26
14 28 18
35 23 8
5 19 35
14 9 32
3 27 12
24 5 32
10 17 38
9 20 7
28 21 38
24 29 18
18 21 31
15 24 35
9 30 15
32 27 27
12 5 9
28 33 36
21 17 33
9 16 5
24 9 4
18 33 17
24 5 27
23 26 6
11 14 16
23 35 34
2 21 30
22 6 6
6 22 8
18 12 25
15 21 26
28 3 17
13 8 7
24 1 37
1 14 23
33 30 8
2 14 21
39 29 37
4 29 9
33 29 39
24 26 11
36 12 13
28 3 11
23 16 4
10 5 18
3 31 37
10 14 10
9 4 5
41 15 32
14 10 15
10 15 13
24 7 31
7 8 3
23 18 9
3 12 28
1 24 19
27 2 27
24 30 15
10 5 1
6 10 3
30 36 10
16 11 6
19 1 11
19 20 33
26 28 18
33 6 14
18 32 18
19 29 14
5 14 12
22 24 18
9 4 5
5 11 6
22 4 30
13 15 35
24 24 35
11 8 22
12 14 9
31 26 33
25 27 34
30 20 4
40 16 10
23 30 16
28 15 37
9 12 11
8 12 16
13 31 19
26 31 39
41 27 39
39 13 10
2 11 32
2 34 39
25 30 1
11 7 34
4 36 32
23 28 19
8 18 7
32 2 22
26 11 33
4 12 11
29 7 27
7 27 39
39 7 27
39 18 14
21 2 26
3 18 23
27 5 33
27 29 33
9 15 24
17 27 37
19 34 21
25 18 39
37 9 16
31 36 25
6 3 3
8 13 16
13 18 15
1 21 5
4 24 19
27 4 36
26 31 33
19 34 1
8 26 11
11 28 26
35 36 36
22 24 36
5 33 31
21 9 9
2 33 35
18 28 8
35 12 13
16 35 23
22 8 39
26 10 36
34 7 7
20 23 35
28 34 13
38 21 19
28 15 12
25 19 33
33 9 10
36 30 28
6 33 19
11 21 13
34 31 6
32 16 9
10 32 4
31 1 8
6 21 31
27 23 8
4 15 19
22 21 22
31 35 3
20 30 3
19 1 27
10 18 34
1 27 17
25 16 15
17 10 34
22 8 14
23 12 17
15 30 19
33 13 7
35 2 29
11 32 11
15 28 12
37 9 18
41 5 5
9 18 16
41 5 28
11 17 34
24 25 10
5 28 18
36 16 8
6 24 34
12 19 2
12 15 27
22 7 20
38 33 19
35 24 17
41 21 6
41 33 12
6 5 2
14 23 39
19 36 34
12 9 10
24 35 19
23 27 37
24 27 35
3 23 33
28 27 34
29 25 25
28 14 6
3 13 10
26 32 11
29 31 15
5 19 33
26 34 28
16 6 2
41 20 1
28 9 14
29 18 21
41 28 8
23 9 24
30 6 14
21 21 26
4 10 26
14 7 28
15 21 38
33 17 7
11 17 15
25 17 3
11 27 29
32 3 28
37 24 29
34 12 36
37 27 40
6 20 11
32 27 4
38 1 29
40 3 23
22 1 12
32 19 28
34 7 13
31 21 40
31 8 38
37 1 28
22 5 17
3 13 37
22 10 22
37 31 31
35 4 3
4 12 4
29 6 28
9 8 6
32 36 9
35 9 20
35 31 17
39 18 19
19 11 7
6 36 40
8 15 26
24 17 23
3 28 17
40 31 30
14 23 31
5 36 38
33 14 25
18 4 35
25 23 38
18 30 19
15 32 40
11 20 40
16 4 18
14 15 21
23 2 33
6 15 31
16 19 24
21 10 26
12 19 2
36 23 16
20 17 9
15 14 5
37 9 3
29 11 19
37 31 14
41 21 26
28 16 6
27 12 25
15 1 32
16 22 7
30 27 4
32 2 29
39 6 25
36 24 25
38 4 36
18 31 27
38 28 16
19 1 40
25 26 2
39 23 20
11 17 20
32 34 29
28 19 36
9 35 40
34 12 37
37 12 7
30 6 25
28 22 20
9 22 3
31 11 15
24 20 4
16 24 39
3 32 6
13 6 4
18 26 30
39 15 38
30 19 2
31 6 12
35 30 12
1 6 12
22 28 36
11 17 39
15 24 15
35 26 34
40 15 3
24 8 35
12 24 37
9 22 3
41 25 36
10 13 23
34 36 10
17 10 31
20 35 15
41 18 12
5 15 27
17 28 11
3 20 35
37 7 34
38 32 20
29 24 37
16 1 26
29 8 27
5 20 26
5 15 10
8 11 10
17 19 9
5 28 32
25 28 22
21 35 4
31 29 38
15 26 33
9 6 11
27 1 38
21 31 32
31 4 40
30 27 11
6 9 10
23 16 9
37 1 8
10 3 10
4 30 39
27 20 13
17 15 34
32 10 5
20 34 8
21 3 8
11 19 35
39 3 4
37 25 40
13 22 4
11 6 37
7 27 26
34 1 31
35 27 17
17 4 37
3 6 24
8 1 23
10 22 28
29 24 3
12 3 4
12 13 8
9 5 23
17 18 37
9 3 25
8 1 33
10 6 33
2 30 6
20 7 20
31 1 11
14 28 16
15 6 8
13 21 31
27 24 2
5 17 27
37 34 5
4 19 14
34 17 38
22 13 19
10 15 19
41 24 12
16 28 18
9 14 37
24 1 33
41 25 3
21 7 3
34 2 14
37 21 12
32 16 23
27 4 13
8 8 1
37 12 11
10 17 23
29 13 10
12 28 23
38 9 23
40 24 19
37 4 26
2 6 11
34 12 18
38 35 17
18 24 23
23 35 19
38 20 35
32 16 20
11 18 35
38 1 2
37 19 1
30 34 25
36 17 18
34 36 4
6 29 22
38 16 21
40 5 16
32 31 11
28 9 19
36 8 35
29 8 24
30 18 10
2 32 31
25 11 15
2 34 39
38 11 25
20 16 20
8 25 38
13 5 18
25 13 39
34 2 32
1 24 34
25 17 38
22 5 19
2 2 25
32 31 17
5 6 40
29 30 22
8 23 24
18 28 28
4 24 10
5 36 8
39 31 25
4 12 36
30 19 2
33 7 36
31 13 39
18 7 27
24 31 22
24 20 27
40 6 30
1 25 26
32 2 16
10 32 11
38 26 17
14 26 26
37 34 28
30 11 38
29 23 15
28 12 2
2 32 22
38 8 11
9 5 5
19 7 29
3 9 32
9 8 7
12 3 11
11 23 21
14 14 31
8 26 28
15 21 17
31 22 19
24 35 6
30 11 33
21 4 25
17 11 17
10 32 24
32 1 38
17 23 19
9 8 27
13 19 38
34 12 12
12 35 18
15 25 29
4 15 11
19 26 19
37 26 17
41 10 24
2 23 3
14 6 28
1 34 9
16 19 32
34 18 21
2 25 6
39 28 3
39 7 19
3 34 16
23 36 7
5 30 37
39 19 37
32 34 40
18 26 9
20 8 23
12 5 16
16 9 39
40 11 18
7 4 17
35 19 26
20 29 28
21 15 38
7 16 39
24 27 18
2 6 12
12 19 39
39 5 7
3 10 16
4 7 32
24 32 30
27 6 39
35 11 10
11 35 39
40 4 9
35 20 28
40 32 23
28 18 18
37 18 34
18 33 12
6 9 15
37 33 26
13 14 1
40 6 15
27 33 33
1 20 11
21 28 3
8 6 6
17 17 22
23 15 4
2 18 21
11 25 3
33 8 7
11 6 4
3 6 7
13 12 1
18 8 6
21 15 3
5 15 29
7 35 3
40 3 12
33 18 24
6 22 33
18 25 31
33 28 38
41 30 31
22 6 18
34 29 18
3 15 5
39 10 18
6 22 16
30 21 21
15 19 23
33 10 12
3 25 6
39 23 11
34 7 17
27 17 26
28 11 25
18 16 3
6 9 22
1 17 31
1 19 35
24 9 30
23 33 8
1 6 16
34 9 14
41 10 29
27 31 27
23 6 14
4 32 19
22 22 8
31 2 38
16 25 35
11 16 28
22 19 23
36 5 9
24 26 31
9 20 30
8 15 3
13 5 10
28 15 4
28 34 13
33 1 6
15 4 5
3 1 8
6 36 6
5 1 35
2 36 5
20 10 25
24 33 25
32 35 16
19 35 1
11 1 1
37 6 9
18 25 16
5 13 2
34 17 4
28 15 2
6 28 26
20 29 12
26 3 20
1 22 36
37 8 34
35 7 31
8 31 4
14 28 7
40 23 2
3 25 31
16 33 34
7 19 7
15 35 22
2 16 9
15 18 3
26 26 24
4 20 32
23 21 13
41 10 24
25 26 15
38 8 8
32 24 4
6 31 29
15 16 15
21 24 28
29 5 16
10 30 4
40 33 7
36 15 23
11 34 40
37 19 27
32 35 7
26 5 6
12 33 31
22 23 18
23 1 27
21 13 14
40 19 6
35 10 8
35 14 27
26 14 35
18 27 33
21 27 19
25 16 4
38 22 21
34 8 4
2 35 34
21 33 30
13 10 9
12 22 16
16 34 5
25 19 27
37 4 12
18 30 2
34 26 1
6 3 9
23 22 32
6 31 23
26 31 37
26 19 9
11 30 23
36 35 15
4 4 9
6 32 28
33 30 1
26 19 21
18 14 40
2 35 37
10 25 34
34 20 34
25 15 27
22 13 17
13 17 2
13 29 25
21 36 31
40 36 32
30 3 12
24 26 22
15 11 38
28 30 11
22 13 24
24 8 14
5 21 25
40 13 24
29 2 34
27 15 9
14 12 5
32 3 14
5 19 34
6 30 13
8 8 38
4 1 9
2 31 33
27 21 34
31 2 38
34 5 33
1 19 4
17 30 4
6 15 14
29 13 35
10 31 28
35 24 26
7 2 8
26 8 29
18 27 25
41 34 12
25 31 1
23 27 23
12 33 27
27 4 27
5 21 6
38 5 11
17 11 30
38 29 39
2 15 18
41 29 21
10 13 37
32 28 26
17 1 9
37 12 25
36 13 17
5 10 24
24 31 8
26 27 37
30 28 23
32 21 1
35 17 12
5 6 3
27 29 17
19 32 38
26 35 5
10 5 31
34 25 32
21 2 10
18 20 16
26 11 23
22 29 15
19 22 32
33 28 12
8 35 36
17 35 8
17 1 11
3 34 2
19 4 17
35 26 40
17 32 14
7 28 38
26 29 16
7 1 6
29 6 27
9 34 24
1 18 33
13 15 2
4 11 9
6 33 24
37 31 38
8 14 26
7 31 13
13 33 4
8 29 40
13 24 19
9 29 14
28 18 13
15 22 5
17 25 11
27 25 14
32 23 34
2 13 20
21 14 1
20 18 12
28 34 20
13 24 1
8 4 33
36 15 14
31 28 2
3 33 2
30 3 35
4 26 12
36 21 9
26 11 15
23 29 37
38 14 31
7 11 7
4 7 9
19 15 40
17 20 34
12 31 17
25 1 34
8 14 28
30 27 38
28 2 3
34 12 34
7 33 30
34 2 28
3 34 36
33 27 4
41 18 18
8 24 5
17 4 11
19 19 26
27 12 22
37 32 28
41 21 13
6 29 26
1 8 20
29 23 28
33 26 13
23 16 24
40 35 21
28 15 15
33 9 3
12 19 1
39 21 1
29 25 19
38 30 18
14 20 9
24 35 6
24 36 2
31 18 12
18 7 20
6 32 22
39 28 11
33 14 16
19 27 26
29 35 21
10 4 1
26 36 4
25 3 8
26 1 2
37 27 31
1 2 10
4 11 5
10 20 33
8 33 15
38 34 39
12 35 39
4 13 11
19 34 38
18 6 7
14 8 9
35 12 35
13 4 38
20 30 12
9 9 23
17 30 21
29 3 26
30 20 27
41 32 12
17 15 10
21 35 33
17 18 2
6 35 26
6 13 32
33 26 20
5 14 35
22 12 19
25 29 36
35 17 22
40 2 23
18 18 10
16 21 27
32 6 22
31 11 33
6 6 25
14 14 15
14 19 13
12 9 21
21 36 34
40 15 23
41 35 29
5 34 25
20 21 32
22 13 20
33 21 21
26 9 5
13 14 19
8 17 26
30 19 4
37 32 8
32 30 10
20 19 19
40 21 9
8 33 3
38 28 39
10 26 29
30 30 13
40 26 40
39 22 38
1 13 3
8 24 37
1 1 14
16 24 21
11 5 15
9 25 29
14 29 22
37 34 7
24 8 25
32 6 16
8 33 5
27 6 17
22 25 22
12 23 5
26 11 9
31 4 39
39 2 15
37 1 12
20 34 40
13 32 9
10 30 13
32 32 10
27 26 7
11 18 29
30 34 39
8 12 10
12 8 1
5 26 40
40 22 17
7 9 4
2 35 17
1 6 3
36 34 36
36 27 10
7 21 12
35 14 10
30 10 30
35 32 3
21 28 36
27 30 17
28 10 3
34 8 34
29 8 2
41 14 31
7 32 2
12 10 15
7 1 10
6 12 22
28 25 7
39 36 7
17 27 22
7 30 16
14 3 24
13 23 6
6 36 17
24 36 33
17 18 3
39 29 3
22 14 16
2 15 24
3 7 7
37 31 8
19 9 31
12 9 10
25 36 27
40 31 27
20 27 25
33 12 10
4 30 1
13 28 21
27 23 22
6 22 29
30 25 3
7 13 4
6 33 3
30 27 38
1 16 20
6 2 34
39 30 35
18 28 12
21 34 24
33 27 30
33 34 34
39 27 1
5 21 20
30 6 32
31 19 21
20 7 6
5 36 13
23 31 19
7 9 29
10 7 23
25 28 4
5 6 21
28 13 20
2 2 20
3 7 7
17 9 2
11 13 34
8 36 33
23 8 22
22 16 1
28 19 15
9 29 37
39 31 21
30 7 36
7 14 12
29 14 10
34 34 6
33 17 9
33 8 33
11 33 29
31 25 1
38 27 27
10 19 35
37 9 2
31 33 6
10 7 25
22 31 14
23 30 40
13 3 1
22 36 18
31 11 33
26 16 22
6 4 40
16 25 16
39 5 4
30 30 3
33 20 36
31 10 1
28 11 36
29 3 4
3 30 21
1 12 27
14 27 15
22 18 7
33 35 3
28 16 19
22 34 38
20 14 26
27 31 25
23 11 36
13 9 11
4 31 9
8 31 20
29 13 14
33 1 12
35 30 12
19 26 39
35 12 10
6 23 24
27 19 33
30 17 40
1 30 4
17 18 17
19 11 3
13 23 20
1 10 22
39 36 25
33 26 9
14 4 29
6 33 7
37 22 17
26 26 11
36 25 33
24 13 6
19 30 37
34 7 37
5 34 18
30 32 7
32 7 25
24 7 25
6 18 28
5 26 33
36 29 35
35 33 24
2 19 35
7 2 26
32 2 18
27 2 14
23 5 16
27 9 22
33 35 28
29 22 39
17 16 21
41 36 39
6 14 35
38 24 1
24 6 21
29 34 20
19 23 15
32 7 5
38 24 20
30 12 21
13 31 17
6 15 18
39 15 13
8 21 10
29 19 13
9 28 15
28 13 1
33 1 11
17 1 28
41 5 3
35 13 11
35 21 12
12 2 1
19 23 23
14 13 5
34 19 7
22 24 21
6 29 40
28 8 25
14 20 31
25 14 2
27 20 25
31 18 22
10 8 12
29 22 9
19 6 8
12 24 29
11 33 9
27 10 35
19 20 12
21 24 13
37 31 12
40 2 9
29 31 19
39 11 12
8 32 37
19 11 24
32 7 40
35 31 28
29 25 36
3 17 2
39 4 26
39 17 24
6 8 11
18 36 24
33 30 33
17 8 6
33 7 21
23 19 4
4 35 30
8 32 26
40 17 12
41 22 11
26 9 2
37 14 7
36 26 29
17 17 24
5 28 7
38 15 25
35 25 30
16 30 39
23 31 5
34 21 26
11 3 34
20 16 15
33 12 7
7 29 3
27 7 13
40 28 20
16 29 19
26 27 40
13 1 20
13 3 35
38 26 7
4 7 34
7 2 31
10 21 27
35 8 2
34 3 26
5 4 36
40 19 37
27 8 24
41 31 25
3 16 7
29 35 1
25 2 1
13 5 18
2 22 13
15 32 25
6 13 20
24 14 19
9 27 20
31 18 19
19 32 18
36 16 36
22 8 38
35 31 11
35 35 34
40 8 1
5 24 8
36 28 30
38 14 26
40 28 16
32 25 9
8 17 40
39 21 20
23 7 33
38 35 24
38 29 27
6 1 16
8 5 8
19 33 40
2 26 35
35 7 9
13 35 17
34 34 10
25 29 31
39 18 24
28 26 9
36 35 24
38 20 16
38 19 40
33 29 35
14 5 16
40 23 30
12 18 36
25 17 7
34 30 12
36 1 22
18 26 31
16 21 29
13 9 22
28 14 22
23 11 39
4 9 39
7 12 34
21 35 8
1 25 15
26 27 40
15 16 11
20 4 24
19 31 5
31 9 31
40 3 5
8 12 5
19 28 6
5 26 19
27 30 16
5 11 39
21 31 2
1 22 18
22 26 1
16 11 14
2 1 19
24 36 10
10 19 25
20 27 27
8 6 36
35 10 19
3 27 5
23 18 5
33 2 14
35 29 18
23 18 19
35 13 20
15 30 4
15 12 9
10 11 29
2 29 38
41 18 31
14 2 31
34 14 10
17 5 32
28 2 22
30 18 14
16 16 21
41 4 31
3 26 14
15 3 33
1 25 2
30 12 19
34 10 3
2 29 27
37 4 29
39 29 28
35 31 18
26 21 32
6 16 12
13 31 37
35 32 14
19 35 31
35 1 12
39 16 6
19 16 7
14 8 34
39 25 18
33 22 16
9 28 26
11 22 5
21 23 6
8 11 14
21 24 17
9 5 37
38 29 16
27 24 24
2 1 4
9 7 34
17 1 1
28 35 19
16 18 5
38 20 17
18 19 38
31 34 8
24 34 11
33 35 29
39 7 12
35 15 39
36 9 19
37 25 26
28 26 26
26 36 13
14 6 15
31 26 26
18 22 22
2 32 22
9 25 18
32 2 34
7 1 22
21 10 28
35 13 16
25 34 24
22 6 35
29 17 10
11 18 17
24 28 17
14 3 25
36 27 22
18 34 33
7 31 10
13 2 32
26 28 20
34 16 4
15 16 28
27 22 7
15 23 39
18 25 35
20 33 27
41 28 3
35 15 29
36 10 12
15 27 5
26 12 12
27 4 28
4 14 13
9 20 6
37 28 35
6 11 19
13 24 32
21 19 35
12 8 5
41 27 36
9 16 21
1 22 38
23 3 37
32 25 29
24 18 17
33 24 19
4 9 36
34 5 28
9 27 40
35 26 2
37 3 24
16 16 35
15 35 21
11 15 19
15 31 18
39 8 29
33 26 29
25 14 5
26 13 20
41 13 27
37 7 27
1 6 20
28 10 34
30 1 27
14 11 4
18 14 28
28 4 14
13 8 12
39 13 2
7 35 12
41 14 33
13 1 19
6 28 12
29 16 35
10 23 23
18 29 31
6 2 29
4 1 26
4 22 18
10 3 4
2 10 40
9 15 39
21 27 3
31 11 2
24 15 36
25 10 36
36 2 20
25 28 34
16 18 17
13 31 24
14 23 33
16 25 2
31 31 6
9 22 34
24 32 28
28 29 1
20 34 27
10 6 17
16 25 2
7 5 25
38 1 22
32 6 7
39 35 21
32 13 28
7 25 33
19 23 19
31 36 29
1 15 6
39 21 33
11 7 19
29 24 5
29 6 33
1 28 22
32 25 30
19 15 15
6 26 18
41 21 30
24 36 33
4 22 1
35 36 36
14 8 36
2 29 14
1 33 40
22 29 1
21 11 5
3 6 5
16 12 8
14 11 2
40 24 33
6 20 30
31 14 15
34 34 29
26 24 19
6 6 4
20 4 36
10 5 2
27 1 10
34 14 26
2 24 19
1 14 26
29 28 9
40 28 10
36 4 10
34 16 34
11 18 2
31 25 15
28 6 37
8 31 24
27 5 27
17 4 17
39 20 22
34 19 17
11 5 3
16 9 12
6 2 34
31 34 24
23 26 15
14 5 26
6 10 34
23 1 13
16 17 9
1 21 6
34 22 16
8 7 8
10 30 27
12 3 18
17 8 39
36 2 30
4 7 40
28 3 25
20 24 30
10 21 20
9 2 13
4 26 36
9 14 19
37 3 22
15 29 8
8 12 22
21 5 27
29 30 11
41 25 25
30 5 36
33 22 33
19 31 9
41 13 31
9 10 9
28 21 22
34 34 24
25 21 22
17 30 23
29 34 38
7 3 25
28 17 26
2 22 5
23 4 29
20 31 27
7 17 18
19 10 34
14 25 40
40 12 17
33 21 17
39 22 35
26 18 23
40 2 1
9 20 30
15 32 15
22 3 38
18 30 8
19 5 3
28 32 9
38 2 15
32 3 4
32 23 25
34 17 28
12 24 7
41 7 22
1 35 4
39 6 13
30 33 9
40 18 3
7 3 5
25 22 40
33 14 17
16 23 6
29 34 25
37 29 24
21 9 18
41 16 4
29 10 34
2 32 32
39 2 27
10 19 10
29 5 25
22 32 9
11 33 8
26 2 22
16 35 34
10 28 3
25 35 36
9 1 32
17 25 2
2 33 26
35 35 8
5 31 7
26 31 15
24 12 28
12 16 18
37 31 39
32 5 28
14 17 35
6 36 35
4 16 30
5 27 19
24 10 33
16 30 35
16 12 2
4 3 5
6 16 17
37 8 11
2 34 40
5 4 2
3 14 30
28 10 17
5 11 3
21 14 23
28 26 6
31 11 28
27 32 27
23 33 16
4 17 25
41 2 7
22 31 10
4 35 16
21 14 17
32 8 25
30 4 3
18 31 16
11 5 33
13 18 36
32 24 6
21 23 26
7 18 8
17 7 25
3 23 36
28 16 11
11 29 15
12 22 40
9 6 40
9 24 21
38 27 3
30 34 7
12 21 7
27 27 3
27 19 4
28 8 7
19 21 7
40 15 18
14 33 16
25 35 31
18 14 23
13 18 25
25 34 36
19 34 14
28 26 22
9 27 32
37 2 39
30 30 20
33 25 10
11 4 18
35 3 36
36 9 19
30 25 40
10 27 15
21 4 38
40 9 1
26 17 13
19 16 5
31 1 38
40 1 40
32 22 11
23 13 4
36 34 34
19 24 1
9 12 18
8 27 29
38 20 32
36 20 2
20 31 29
27 13 5
40 19 35
8 1 33
28 5 33
28 3 17
18 16 12
9 15 32
24 33 22
5 10 15
10 6 9
8 1 17
34 19 12
17 25 38
16 28 27
19 21 16
35 13 5
39 4 31
41 18 22
20 27 35
9 21 31
37 34 17
28 28 24
28 22 23
13 30 37
7 21 14
14 18 40
25 14 22
36 1 38
33 33 28
3 20 40
18 26 30
36 35 4
25 34 10
22 17 28
40 5 7
3 28 8
8 9 39
1 10 6
35 14 10
38 21 25
3 28 29
22 9 19
29 30 14
37 11 34
30 4 31
32 19 7
16 14 34
1 19 16
3 36 34
20 19 36
29 23 38
5 21 14
39 21 17
27 14 16
31 23 35
40 8 8
22 26 34
33 20 15
33 3 25
38 15 12
31 17 7
28 8 40
20 11 30
11 29 40
25 15 2
29 15 22
27 35 28
39 11 36
5 9 12
35 31 23
5 34 18
9 34 33
22 2 19
36 12 21
15 11 20
22 10 20
9 14 18
29 13 10
8 20 1
41 6 38
11 35 11
35 5 16
9 3 14
1 15 19
35 18 31
5 3 33
9 31 36
22 14 14
24 11 13
22 31 7
2 14 32
36 29 15
31 2 13
14 26 16
35 21 1
34 19 38
19 26 37
18 28 14
33 16 22
21 4 39
1 14 18
31 30 21
13 28 1
15 23 10
40 19 29
28 11 9
28 25 14
16 16 3
35 15 16
33 28 16
5 5 16
27 36 8
17 15 20
9 1 4
34 19 34
27 24 33
15 15 37
9 3 10
29 20 4
28 36 18
2 22 35
21 23 39
10 19 36
23 23 4
12 19 16
18 30 24
15 9 37
9 33 7
25 28 35
24 2 39
31 22 9
41 32 3
19 31 24
27 21 34
25 27 34
16 18 24
30 10 8
13 20 39
34 35 5
17 27 4
26 21 18
11 19 33
37 30 10
22 18 17
32 25 32
10 25 12
33 1 20
31 7 26
7 1 8
13 15 40
17 22 3
11 10 29
38 18 21
26 33 2
34 16 5
39 21 21
19 9 33
10 14 19
8 21 11
33 36 22
2 7 17
1 16 18
20 17 37
16 32 9
3 32 27
14 2 2
35 26 17
16 17 40
6 25 8
33 32 30
35 24 11
13 28 24
38 22 29
15 18 32
34 18 14
24 8 8
23 15 38
32 18 6
30 31 29
9 3 14
16 29 32
11 21 14
23 7 34
38 14 39
11 18 40
4 36 35
38 8 10
5 22 13
35 20 26
14 2 12
21 23 35
40 32 37
13 6 26
30 22 14
3 10 40
5 21 6
32 29 1
31 22 32
22 28 19
30 27 3
4 1 4
41 21 10
18 28 19
6 21 39
3 24 27
21 8 7
38 12 4
12 7 18
21 29 30
27 7 28
13 14 12
22 27 12
26 25 8
14 35 38
38 14 39
38 15 11
15 1 30
7 11 36
18 24 1
21 22 11
28 19 12
3 2 39
18 33 1
34 1 23
40 17 25
21 32 10
8 36 31
10 8 26
14 28 17
12 12 7
37 19 5
23 9 13
22 12 40
31 33 9
27 7 24
6 28 14
6 24 14
20 10 10
27 29 27
37 26 21
6 22 4
39 24 2
27 2 36
25 15 36
1 17 32
10 26 21
28 7 11
10 12 37
36 4 10
2 11 27
29 10 3
20 36 9
