68 17 1623 5431
3049 3799 3576 3523 3183 4339 1724 610 3517 440 416 2987 4219 2906 4126 4463 3203 
4903 528 3863 3471 1944 2110 2476 2908 3865 4562 3568 667 382 1721 794 2664 4638 
4764 4560 806 2179 4563 202 4837 2932 435 1376 870 314 3015 2612 213 3476 4362 
4061 4062 64 704 1916 3170 1710 2502 2829 3316 2629 3949 4320 2352 2608 1917 528 
4469 3737 4661 1995 3184 1987 4276 619 3886 4235 870 1519 1699 3905 3188 1300 3184 
1551 4295 3985 4762 1975 1922 3507 2797 691 297 1502 2328 624 326 2594 672 1387 
3173 2123 4349 1690 3866 3279 3991 2528 3069 3365 1419 526 1131 683 4257 2534 3845 
2307 3446 2762 4374 3821 4503 53 4502 4094 3153 542 3901 2718 2384 589 3455 1662 
1579 229 1920 2050 782 1600 3223 3678 3613 3656 3604 439 1142 3320 4155 2658 691 
3058 1136 1556 4588 678 1525 1894 3037 2027 2444 2308 3013 1152 1561 525 3817 2548 
747 2607 2337 1852 4590 3914 3769 2334 2750 4049 3771 2519 2711 320 680 3760 4282 
365 2432 21 1437 2889 1268 2659 4255 2904 205 4230 2459 2388 1467 4831 2083 3564 
1536 3746 3531 757 16 1786 3304 4190 1307 2204 4072 2774 3631 114 576 2597 4532 
2156 1429 1122 2874 4153 1351 2986 1265 931 3170 1237 1973 4705 3250 2167 2620 411 
3578 1157 847 3308 682 2205 31 4484 1166 4606 346 4788 4593 3348 214 3645 2950 
4585 4898 217 4526 908 400 1365 1640 3444 2938 2875 4337 1207 4864 860 1334 4278 
4659 84 4396 4299 3649 4408 1926 2849 2287 3563 362 438 2278 213 663 636 3506 
4820 1219 3957 1297 1206 1927 2066 761 1080 1907 2459 2182 538 2997 4282 121 3621 
3891 4259 4625 3699 3240 3738 4279 456 1839 714 662 4468 2037 1040 2320 3297 2821 
4333 1714 3385 1020 1365 496 1276 3532 1348 3557 2095 2906 4132 2069 2812 4209 1702 
1242 1200 436 1303 2327 362 1901 3078 630 1127 4051 43 2369 2673 100 462 3804 
1805 1382 3364 2438 1138 4348 2439 789 3083 2516 1225 425 2626 4080 1946 1185 4158 
2877 1274 2872 2722 964 2335 3388 1484 534 2257 3078 4813 3150 4827 1161 583 214 
514 4643 598 4039 1850 1176 4481 1195 3645 3437 320 4634 2403 1851 1526 1801 2124 
3865 1321 2532 4075 2628 1086 525 2782 4463 398 4170 4024 1393 215 4451 3896 1756 
4699 544 291 2619 836 2948 3544 3752 2075 4638 4700 1281 2192 3067 1824 1564 4904 
161 1571 1888 2351 3757 2848 773 3328 265 3349 916 4567 2874 4045 4679 3173 4589 
2631 4242 1042 4765 746 4507 1662 1865 3528 522 932 2341 935 3461 221 4861 2908 
3746 4099 1869 2182 4739 3042 2768 4005 177 4595 3156 1599 2656 255 1544 3986 3555 
1334 893 3080 2548 4428 575 1211 2309 4388 694 2015 3231 4497 211 537 235 2110 
442 2401 4456 1373 3698 1135 503 2480 1527 4873 87 1609 2710 1532 4623 3612 3036 
3431 2272 3512 637 3900 1176 4373 1836 460 1005 1526 1607 848 3680 713 3059 1831 
4791 1622 2233 2680 2167 2699 2666 4155 661 2487 4720 2649 2975 685 2977 2125 1298 
1377 2563 4298 4187 1399 771 1059 374 1488 4028 1073 369 1095 1488 1347 1414 3760 
3010 464 3689 4312 1617 1135 2524 1612 4075 4881 1128 1949 126 1128 1858 3180 3971 
4800 3898 31 3071 1488 1708 3998 4538 1716 3437 632 1400 1642 149 849 951 1298 
2357 4282 1235 351 4462 1581 3103 1628 842 1479 894 4385 3818 1555 2179 2669 1539 
565 1285 1515 1613 1571 1498 603 4088 3253 295 1722 3264 1198 1620 520 872 2015 
1446 1862 3514 701 2437 3760 1496 1254 4589 4664 3820 1828 2912 930 2026 1732 1568 
3640 3398 3917 4817 2857 2429 1626 972 3517 1866 2736 3591 848 520 225 4446 48 
3611 741 4528 3657 4594 1304 343 1048 549 4354 846 890 390 4627 2535 256 4278 
4664 3318 2705 340 4661 1707 3034 3843 2910 1656 3065 471 2125 1512 3236 937 1220 
3671 4171 4788 883 4456 2930 1229 2782 568 786 3743 3160 4737 1235 3402 3195 1936 
800 461 2552 2368 2314 4211 16 1047 2826 3197 44 250 646 4814 4707 1770 4721 
1737 863 974 949 4842 3141 4469 552 556 240 1772 3937 1297 3224 1337 3176 1510 
1635 1950 3031 800 646 3490 3396 1520 4468 4054 4065 1018 3757 815 3301 3377 2463 
1079 2845 1266 54 1854 2918 4670 673 2009 3652 547 2788 3263 1824 4622 1669 2234 
1309 1357 3862 4279 201 1186 808 2606 2548 4515 3368 1491 4624 1032 2289 824 1936 
1052 3174 3382 1030 2532 393 2545 356 2788 163 2400 596 1314 3753 2874 3364 2482 
1300 379 917 557 485 2788 1641 721 560 3012 85 4537 3311 3768 725 2710 1150 
3230 1597 4552 1417 3581 1801 2039 1016 3977 3128 1877 4752 2610 3170 4076 2994 4653 
2676 935 155 2024 128 694 4383 4175 2852 191 2559 761 1432 430 315 1283 257 
4587 3522 4432 3324 3748 2264 3382 1996 1289 2765 1696 554 530 727 2509 4801 3411 
941 2050 2309 4439 3249 746 878 3037 4546 4832 2646 2828 894 2045 2280 4352 2046 
753 3186 966 1678 1312 3390 257 3806 671 913 2525 1204 2882 3162 2032 4407 4302 
2095 4653 2089 3668 4242 2562 1613 4022 2107 3910 3849 79 383 4751 1624 2591 4429 
747 3794 538 4020 2982 314 336 1455 1266 1657 2230 460 2700 4844 1637 2634 1482 
1934 4590 613 2728 4505 3622 710 4269 4236 972 2779 3340 1734 4671 3268 2777 2565 
3900 3539 1449 4787 2970 3172 2539 965 3666 3035 4094 2386 671 2858 3809 323 1425 
142 4423 666 1055 2838 4101 497 4323 3645 2807 3079 1994 3200 3716 4423 3733 3496 
142 1345 61 4425 3188 2211 3003 4203 4315 2657 1248 4862 2369 2732 638 3172 3837 
1962 1169 3213 2351 72 2656 3821 1084 490 1769 937 2781 3578 1905 2615 2786 1413 
473 667 3123 1750 535 3108 3859 2930 1632 2895 2883 934 1146 3483 1870 527 3361 
4379 1979 1735 1158 3329 2280 1556 2268 2975 3638 2637 1691 3096 311 2628 1024 85 
3853 4016 4236 310 13 4021 22 2991 1621 1580 3954 2551 54 4239 4626 1107 1755 
3659 4346 19 4341 2376 2306 4172 2834 144 867 3441 4140 2880 2404 1266 3339 3244 
4786 4392 2077 3807 2197 4613 1391 2102 3415 541 2611 4812 3831 323 3976 2904 3954 
4139 2632 3738 2140 1866 3939 3856 731 2306 2312 867 1805 1490 1875 721 825 592 
50 6 8
43 13 18
57 10 1
14 8 25
52 4 20
4 14 33
10 5 29
16 6 30
2 9 13
19 14 30
13 13 5
64 4 28
8 5 3
10 11 29
11 8 36
16 9 28
17 10 32
45 9 33
64 10 26
11 12 7
52 3 19
15 14 37
11 15 27
59 14 11
6 6 20
27 11 10
18 12 36
37 14 13
18 9 40
14 5 16
39 4 11
40 1 6
59 3 40
37 1 38
61 9 18
13 8 16
27 11 29
20 1 24
41 7 4
37 15 7
66 12 10
58 6 12
40 7 23
10 12 9
16 9 8
1 6 3
44 1 14
3 13 13
64 15 37
3 1 10
9 15 30
24 13 11
11 4 4
9 12 3
50 3 12
43 14 12
55 12 16
2 7 5
29 9 33
58 8 2
5 5 28
65 6 10
63 12 35
19 4 4
38 4 22
3 8 35
32 3 11
18 8 2
19 13 13
6 8 28
49 2 33
18 8 9
23 8 37
29 7 14
20 11 11
50 14 7
34 10 26
16 15 3
16 12 33
61 14 12
9 1 25
26 7 13
54 14 22
25 6 18
66 14 25
33 14 21
17 2 2
29 1 28
63 2 12
19 3 15
12 2 10
39 6 30
51 15 20
48 12 17
60 4 5
58 10 28
48 5 5
23 7 23
47 12 20
35 4 18
36 9 13
33 13 24
18 2 28
44 3 38
26 5 8
47 10 22
51 9 5
17 2 15
48 12 15
42 10 10
3 14 35
62 5 5
64 4 8
66 13 32
7 1 30
44 2 23
36 13 9
50 11 21
38 13 2
27 6 29
38 2 6
11 2 3
28 6 16
39 3 26
19 12 28
23 9 3
17 1 11
61 3 29
47 3 20
14 15 34
25 15 5
54 5 29
12 10 35
39 10 23
40 13 2
47 13 16
8 9 33
58 1 35
8 12 20
32 7 13
17 14 32
40 13 37
21 13 1
57 14 22
17 6 4
38 2 37
9 13 30
18 6 20
37 11 26
3 9 8
62 8 4
56 1 39
2 14 9
10 14 9
4 2 4
46 5 17
12 2 21
18 11 1
25 7 4
55 4 36
28 5 1
65 1 14
35 11 15
60 9 1
6 5 33
16 5 5
1 10 29
15 2 31
7 12 15
65 9 11
31 8 11
64 1 1
60 13 14
17 6 10
14 8 21
53 4 13
7 7 34
3 14 16
22 3 15
50 15 12
62 10 15
51 5 28
44 15 5
6 12 14
27 8 40
21 15 10
63 7 8
43 11 31
3 1 4
11 10 11
52 7 6
8 2 9
45 11 13
12 1 8
27 1 35
56 2 9
26 6 26
19 2 38
58 8 12
38 9 39
42 6 25
49 13 29
56 9 30
50 9 11
1 7 8
58 9 12
4 7 18
1 6 1
61 15 40
41 7 31
4 1 27
6 15 33
39 12 3
17 3 32
11 9 6
43 2 9
24 11 35
51 5 20
30 8 16
33 12 6
15 15 32
4 15 32
63 3 20
54 11 11
53 7 33
2 12 40
46 15 10
41 5 11
58 11 20
54 1 1
24 5 18
21 10 16
15 12 40
35 12 16
6 4 9
18 11 40
46 9 6
35 4 20
46 1 35
3 9 40
46 1 25
4 13 38
27 7 12
1 5 14
42 9 21
49 2 18
4 10 12
45 7 32
10 4 21
12 10 3
64 15 7
9 1 37
54 15 36
36 6 23
20 6 27
20 11 4
34 11 32
33 2 37
60 12 36
4 12 14
54 13 27
49 6 32
17 3 32
22 13 39
17 11 16
40 3 10
7 15 18
40 11 1
38 1 32
66 10 6
14 2 20
5 9 38
26 14 32
23 5 40
18 3 31
30 14 26
51 12 18
39 11 31
51 11 5
41 6 31
64 4 5
51 8 5
56 8 2
9 15 23
58 6 10
25 11 32
32 15 26
15 12 5
3 12 26
33 5 7
8 1 6
63 15 26
64 9 8
49 10 35
66 11 32
9 8 16
56 7 12
40 7 23
32 3 22
57 8 38
31 7 4
59 15 20
51 2 11
35 13 13
54 1 22
26 4 6
42 9 8
27 1 10
61 14 36
50 2 13
13 5 11
11 12 11
33 11 7
22 14 40
34 15 2
58 6 16
53 8 19
11 8 19
64 5 18
51 11 12
32 12 12
16 15 25
60 13 18
28 6 4
60 8 29
16 13 34
10 4 37
24 9 31
11 3 36
23 3 7
6 1 7
63 15 16
38 14 36
9 7 27
54 12 23
63 4 8
36 1 37
10 15 7
13 3 9
55 13 36
8 5 26
34 15 19
43 10 9
24 2 40
43 10 13
45 1 38
58 14 20
52 3 6
10 15 9
34 9 1
55 4 25
6 15 27
28 3 39
63 4 32
35 4 38
42 9 28
30 15 27
55 1 12
61 6 9
39 10 10
47 2 32
52 1 21
16 11 34
34 5 15
50 10 2
35 12 10
34 15 17
5 14 20
9 13 10
58 13 35
10 15 10
65 13 12
47 10 4
27 4 6
10 4 18
4 5 24
49 14 22
13 6 39
60 8 40
65 12 11
35 9 32
12 3 21
48 12 8
7 13 2
53 14 4
57 10 38
24 9 13
38 5 25
34 14 23
55 3 8
66 1 37
26 5 5
8 10 29
17 11 8
54 14 20
7 11 40
12 13 17
47 10 32
24 14 38
16 9 7
45 10 37
52 15 35
17 4 31
62 7 6
44 8 4
31 13 29
60 1 27
42 11 13
45 13 21
52 13 39
37 11 24
5 2 4
54 3 33
47 13 32
15 8 37
30 5 38
2 5 26
22 6 25
43 13 34
20 15 6
6 11 30
9 11 19
47 1 16
41 8 6
64 4 23
64 11 27
58 9 18
44 8 18
5 14 23
22 6 31
10 6 9
60 9 34
33 4 4
51 13 28
11 10 5
21 13 14
20 13 15
48 1 14
63 3 21
56 2 3
37 13 17
64 6 40
60 7 16
17 6 17
41 4 23
12 1 39
24 3 19
46 3 34
23 13 20
21 11 6
26 8 25
19 7 10
34 4 6
19 5 31
23 1 19
64 12 40
6 9 26
55 11 12
24 14 20
13 6 7
58 11 7
25 5 29
5 7 13
43 13 31
11 12 34
33 1 2
2 8 14
21 12 23
10 8 37
57 10 11
13 13 15
66 5 11
33 2 27
15 11 39
33 5 9
41 14 15
3 3 40
13 12 12
25 3 12
57 2 28
31 8 10
2 1 29
34 1 9
1 4 35
3 3 21
56 15 26
51 9 33
51 14 5
59 6 13
22 8 20
5 6 9
50 9 8
36 9 8
60 10 22
14 7 19
9 9 28
49 6 19
49 13 15
16 4 19
65 4 37
7 7 34
13 10 23
43 9 14
28 13 22
42 2 9
43 7 19
1 7 23
48 5 17
36 6 22
15 10 4
53 13 15
9 6 21
27 6 6
61 7 18
27 8 17
63 4 13
38 10 32
66 15 29
14 15 27
66 9 27
5 12 29
59 4 12
2 7 28
43 1 40
7 15 39
60 7 13
8 12 28
37 6 18
15 2 9
58 6 23
37 4 33
48 8 40
53 12 10
64 1 8
56 13 29
7 13 11
32 9 35
56 4 36
8 7 39
29 11 28
16 12 33
5 11 3
48 9 17
57 6 19
41 14 12
53 4 36
37 11 13
43 13 32
44 4 26
23 13 20
31 10 28
42 11 37
39 9 32
20 12 1
57 2 9
55 1 11
40 10 26
33 2 40
52 11 21
14 13 14
24 11 40
53 9 8
27 13 31
3 5 4
22 6 27
46 4 1
43 4 21
40 2 16
29 6 2
65 5 30
42 1 17
2 6 23
19 14 29
48 4 30
22 2 11
51 13 1
23 5 8
24 8 24
31 14 22
6 6 13
56 13 20
4 8 38
11 4 18
9 4 26
50 8 23
33 2 13
43 14 24
45 8 10
3 4 38
17 10 27
52 9 40
25 13 5
39 13 20
59 13 25
31 12 27
41 12 30
3 9 15
66 13 19
9 15 11
19 15 31
41 6 23
17 5 14
58 4 2
30 9 18
43 10 29
22 6 15
46 13 21
31 1 20
20 6 16
50 10 6
61 11 38
27 12 36
9 3 21
10 14 31
29 4 22
19 9 40
48 9 32
35 12 14
58 5 16
59 10 2
54 11 1
63 14 37
45 2 2
27 12 2
19 15 26
23 9 25
31 5 40
32 11 19
50 3 13
32 15 2
59 11 8
41 9 17
60 10 38
27 5 23
22 9 10
63 12 34
4 10 19
33 12 32
52 3 20
9 2 25
27 5 21
43 4 10
26 3 11
49 7 32
48 6 4
9 9 22
45 9 22
17 7 23
13 2 23
58 7 11
47 14 23
49 8 15
17 9 28
30 1 18
48 1 33
6 7 6
18 10 5
53 6 9
17 8 33
42 1 29
9 10 40
66 6 17
30 3 19
64 13 7
17 11 30
49 15 4
32 15 31
61 13 26
11 14 25
55 1 31
55 3 11
38 1 28
3 3 21
20 3 8
46 7 11
21 10 9
12 14 18
55 13 22
49 2 36
54 10 21
18 8 22
56 12 2
35 3 15
30 14 20
33 11 39
51 7 40
48 15 29
18 8 39
35 6 7
4 13 26
11 13 16
47 11 8
25 9 31
9 7 21
4 11 32
32 2 31
14 2 9
4 5 23
2 3 15
59 11 32
5 7 35
45 2 22
51 15 7
25 11 27
21 14 1
7 14 20
1 2 40
64 8 9
35 7 18
33 13 12
16 8 4
65 2 11
44 10 4
29 10 11
42 12 17
65 13 16
34 2 24
41 12 18
15 9 6
47 3 11
15 12 32
14 10 28
33 11 9
4 12 13
1 8 16
56 9 4
39 5 13
13 14 31
52 9 10
17 3 19
9 4 17
62 5 38
66 7 12
15 13 22
7 7 14
32 13 26
51 8 8
11 1 36
2 4 15
42 3 30
58 9 36
6 4 35
9 2 6
48 7 10
9 6 36
17 8 25
19 4 4
62 14 10
33 5 3
62 3 11
61 13 40
10 15 8
63 15 3
60 10 11
28 2 5
66 6 37
11 12 30
36 10 13
54 11 25
37 4 4
29 2 21
48 8 28
14 8 38
17 7 26
15 10 35
47 2 15
60 5 30
54 12 27
8 8 26
21 3 16
27 10 40
24 5 4
13 1 31
63 11 4
42 8 14
7 13 31
14 2 28
50 1 6
64 15 7
50 13 1
29 6 35
61 13 2
21 15 2
48 15 25
10 13 29
63 3 6
2 13 27
19 12 15
60 14 31
13 6 33
58 2 7
2 3 27
28 15 35
26 6 36
45 12 37
61 7 24
26 9 18
65 13 5
8 6 8
24 2 23
35 13 30
20 1 31
30 1 7
24 6 19
18 14 34
39 4 8
17 13 6
31 3 23
66 4 18
56 15 3
56 9 25
14 13 20
59 4 34
3 15 22
45 12 33
37 2 27
63 6 1
6 2 40
39 4 39
64 10 29
55 15 35
59 11 33
1 5 31
66 4 13
21 15 3
51 12 27
12 3 25
3 7 8
54 12 22
20 6 38
3 13 35
22 15 10
55 6 36
9 11 10
6 14 8
31 5 35
5 7 27
55 1 20
11 15 18
4 2 5
33 1 16
34 6 34
41 15 32
4 6 18
13 14 38
36 12 27
7 4 19
40 15 27
8 2 33
7 9 33
14 1 19
20 9 8
7 6 12
32 14 27
33 4 19
2 10 36
56 13 26
23 3 13
60 7 22
2 9 16
25 6 40
20 6 27
16 6 34
46 10 8
15 8 19
59 7 15
3 7 39
46 10 11
12 12 29
4 6 28
54 15 40
55 15 20
62 3 35
57 15 11
26 9 31
2 1 40
46 3 7
7 8 38
3 12 10
50 7 7
16 3 39
3 4 13
39 14 8
6 14 3
30 14 39
39 6 16
60 12 26
13 4 30
61 8 2
13 12 22
18 5 11
15 12 29
19 14 11
26 10 37
30 13 3
58 14 5
9 8 30
38 3 10
17 5 32
16 15 36
40 1 25
63 14 3
52 3 5
28 4 18
33 13 33
28 13 2
5 14 39
65 1 18
22 9 27
44 6 8
60 11 34
14 13 10
22 1 35
60 10 31
9 7 7
10 9 20
45 11 19
56 8 35
40 6 14
52 5 12
64 10 3
58 8 28
49 8 29
43 5 26
30 5 14
9 4 16
63 12 19
50 1 37
20 2 39
22 13 36
43 11 13
33 13 38
54 11 37
12 2 1
58 14 28
33 1 23
13 5 3
38 3 20
51 2 38
30 5 1
37 11 13
43 4 14
62 5 12
7 10 10
32 3 15
25 3 4
14 15 5
5 13 36
16 2 11
19 14 34
27 7 33
17 11 39
30 2 23
35 10 2
1 9 28
14 4 3
58 2 37
11 14 12
4 7 17
61 5 39
12 9 3
57 11 37
66 5 1
37 3 17
1 5 36
39 4 39
30 3 14
21 15 38
9 7 18
20 10 19
40 1 26
16 9 11
24 4 15
25 8 23
33 13 37
22 12 17
58 9 34
56 13 5
54 1 13
23 4 14
12 3 11
9 4 16
42 11 17
21 8 16
44 1 11
19 10 18
27 15 24
59 7 9
23 6 20
7 13 7
63 6 11
7 15 23
33 14 8
10 12 20
11 11 24
51 15 8
42 2 32
35 13 18
4 15 37
31 2 34
59 6 17
18 9 31
47 6 28
28 2 13
39 2 15
43 10 32
22 14 24
44 9 10
4 5 20
55 7 6
19 12 35
28 14 17
18 12 23
50 10 32
17 4 26
31 7 32
56 11 3
56 4 7
28 6 15
27 8 24
29 14 7
62 11 35
45 7 13
63 2 23
15 4 33
23 12 20
33 6 35
45 4 20
6 9 1
29 9 14
16 1 8
64 6 33
10 13 34
64 11 18
32 4 39
37 15 28
37 15 12
48 9 6
23 5 15
8 14 22
26 13 2
31 3 29
29 12 3
29 3 7
26 8 17
58 14 11
29 9 21
38 1 24
29 4 13
26 9 39
48 5 35
2 5 15
46 14 13
33 9 36
31 13 40
66 13 21
37 9 33
1 4 36
41 14 33
9 15 20
59 2 40
43 4 24
46 3 30
34 4 36
47 7 1
19 4 23
6 13 23
8 10 5
61 12 8
30 11 1
32 7 5
36 10 10
53 8 21
22 3 26
59 15 6
55 5 11
12 12 20
66 1 13
15 15 5
55 12 14
41 13 21
46 10 22
13 11 8
39 8 40
6 12 27
15 6 32
14 2 7
59 13 26
27 9 6
33 13 19
18 2 33
46 15 4
55 7 35
38 13 35
40 5 15
6 5 8
42 2 36
14 9 12
15 6 34
14 10 35
44 12 27
43 10 7
55 15 25
35 5 5
52 9 15
32 11 17
39 3 3
28 10 28
64 14 19
14 4 5
38 13 18
59 8 37
12 4 12
32 5 2
21 10 21
63 4 34
50 15 30
16 12 2
24 6 35
61 5 24
62 3 15
46 13 29
37 5 13
17 2 6
35 11 28
63 5 32
11 5 13
46 7 28
44 2 32
58 2 1
7 5 32
33 6 2
37 9 37
53 12 40
11 11 35
29 13 40
43 11 33
54 3 24
43 6 35
46 9 12
59 7 29
6 15 11
30 5 18
26 1 35
33 5 21
5 2 39
58 15 3
28 7 20
62 10 11
41 2 38
58 10 5
43 11 35
30 9 30
59 2 1
25 3 21
64 6 34
15 5 36
32 15 6
38 8 6
28 6 9
61 5 40
52 11 37
52 15 28
31 11 17
40 13 38
61 11 12
29 11 20
56 9 39
66 8 19
41 10 29
29 11 40
16 8 38
18 9 11
60 6 28
31 4 20
32 6 5
59 12 28
19 11 13
51 7 17
46 4 32
13 11 3
58 5 1
33 12 7
2 4 2
34 3 18
3 2 4
9 7 21
23 2 11
52 7 30
45 14 21
65 15 24
50 11 29
53 15 36
19 10 24
36 14 38
51 15 7
1 8 39
51 2 7
57 11 26
6 3 40
31 3 6
23 7 13
56 4 1
38 6 27
22 15 8
12 12 35
34 7 34
57 9 34
11 10 27
31 4 35
11 3 33
59 5 26
56 4 8
54 6 18
26 8 33
33 1 33
22 8 39
9 4 22
43 3 22
46 6 11
63 9 15
61 11 6
66 12 35
9 6 35
12 14 10
24 12 7
52 5 9
3 3 11
13 3 4
11 11 3
64 9 38
9 11 37
46 13 2
46 7 7
63 8 19
11 11 8
66 6 38
20 11 11
47 2 19
57 6 24
25 5 20
63 5 33
60 1 7
57 13 27
47 14 3
32 7 32
55 9 2
39 6 22
22 7 40
60 7 40
26 4 23
45 9 27
60 9 35
58 8 38
9 7 2
46 4 32
58 4 30
40 11 17
61 13 31
52 9 34
7 14 13
49 11 9
3 7 32
47 10 14
42 11 38
64 15 36
47 13 7
43 1 30
10 12 12
35 13 3
48 7 10
64 14 33
64 8 27
45 11 29
7 11 31
54 11 15
5 12 12
36 2 6
19 1 40
39 3 38
5 10 7
55 1 2
59 11 4
19 7 22
4 7 26
65 4 34
51 14 34
24 9 3
16 15 29
33 13 13
49 7 3
39 4 32
57 15 29
51 3 13
53 10 33
44 5 2
65 11 40
36 6 30
11 7 23
27 4 37
62 4 8
16 9 4
11 9 6
25 9 16
65 13 18
2 15 16
1 11 30
6 12 14
55 7 11
47 2 9
46 9 4
34 12 5
21 3 21
12 12 34
30 3 6
62 1 36
64 1 2
27 15 14
14 9 19
8 10 5
11 3 13
57 15 33
52 10 31
39 3 34
38 3 33
25 1 12
20 3 31
36 13 28
60 6 18
50 9 26
41 14 16
15 9 5
30 1 6
25 5 2
23 14 40
66 3 22
45 4 25
64 10 22
14 8 18
19 7 38
3 3 15
38 9 2
1 15 15
27 14 25
29 9 32
40 4 26
7 6 28
57 6 21
49 5 10
2 1 19
1 8 38
40 9 24
14 1 27
43 8 26
17 1 25
11 7 25
26 2 16
61 15 26
6 2 19
30 3 20
7 13 30
62 6 19
24 1 28
30 8 33
43 9 24
9 13 37
18 6 5
40 10 3
20 2 12
26 7 7
65 9 10
37 9 39
39 11 7
44 9 23
66 7 10
50 1 5
66 14 10
47 4 34
51 2 4
52 2 6
32 8 20
57 5 25
44 1 22
55 5 11
5 9 19
59 14 31
59 1 2
58 11 8
58 2 12
41 12 25
42 13 3
15 9 16
66 1 37
47 5 25
22 1 36
9 1 23
32 3 32
65 13 29
54 2 24
16 4 30
10 4 8
56 11 18
57 13 19
11 9 36
7 10 6
44 4 33
15 7 10
18 11 39
42 8 25
3 1 2
48 8 39
50 1 31
3 15 10
41 6 5
21 9 17
18 14 40
16 3 30
3 5 29
18 8 25
46 13 27
40 11 30
34 14 39
65 14 24
45 2 17
15 11 10
41 5 33
20 8 11
41 6 29
17 10 29
55 12 17
17 11 20
59 1 35
59 4 38
17 5 39
42 13 25
25 9 39
16 2 16
66 14 40
28 1 14
56 7 10
12 5 15
19 15 22
20 5 8
22 13 12
11 15 3
37 3 27
1 14 27
11 4 2
61 15 38
23 6 16
26 10 38
27 2 8
61 6 31
39 6 34
42 9 31
21 13 10
27 9 39
55 7 3
9 4 26
17 10 39
25 6 15
37 5 7
61 15 19
29 12 11
6 7 35
12 10 39
24 5 1
33 8 1
9 5 30
36 6 9
65 3 9
52 12 38
1 2 4
43 3 39
55 8 11
62 1 19
38 8 15
38 6 9
63 15 21
4 14 24
18 12 6
48 9 2
18 12 36
27 4 5
8 7 32
11 9 36
53 4 37
10 7 3
7 3 20
18 11 5
28 11 14
32 13 24
8 5 14
43 14 30
19 10 25
52 6 18
1 5 30
7 11 39
56 8 15
12 4 2
2 11 2
49 13 1
47 12 39
20 5 17
47 9 12
40 12 11
52 6 35
35 15 35
44 3 20
35 12 40
7 14 28
39 14 23
46 9 30
45 7 17
8 9 33
36 15 17
46 1 30
40 14 27
48 8 15
52 3 26
5 8 27
63 4 34
13 7 13
66 2 14
58 13 17
16 7 7
5 14 22
20 11 39
49 15 5
7 1 25
16 1 33
3 7 15
23 5 30
56 11 24
64 6 40
17 7 9
57 11 16
53 4 30
22 7 22
31 7 16
11 5 9
57 4 36
7 12 12
35 6 23
45 11 40
37 4 15
32 7 10
26 10 15
1 15 5
11 15 10
24 1 34
54 15 28
53 2 20
30 15 7
7 15 21
24 9 19
35 3 30
20 4 33
53 9 30
32 8 2
23 7 27
47 13 36
57 4 9
31 5 2
56 4 31
26 10 37
54 9 5
8 15 35
15 11 34
17 13 24
60 3 38
46 1 36
17 4 15
28 9 2
18 7 22
5 13 9
43 6 13
4 15 22
52 9 28
44 5 24
5 14 18
10 12 7
23 7 17
27 13 17
9 7 33
54 5 39
43 10 31
47 11 32
3 10 40
6 12 22
32 14 4
59 6 25
41 5 30
66 13 14
29 4 24
47 8 8
2 9 19
7 4 15
47 8 2
16 5 10
4 11 29
51 10 23
16 6 36
4 9 37
48 1 24
38 9 23
3 14 10
30 6 29
7 4 16
3 6 14
8 9 36
63 15 2
41 12 1
26 6 21
5 4 12
13 6 18
27 7 23
37 12 21
55 3 19
52 11 19
30 6 36
60 8 2
41 8 33
23 10 13
45 10 21
2 13 31
26 12 38
11 15 3
63 4 3
52 8 14
9 9 36
18 6 40
51 4 17
44 8 34
34 2 10
65 10 1
39 1 26
36 15 30
37 3 1
42 4 23
9 11 32
28 8 5
12 13 1
43 1 26
32 5 35
54 8 15
14 4 12
21 15 35
39 7 4
66 11 40
59 15 37
13 9 19
63 11 40
2 2 29
26 8 18
15 9 1
15 1 37
29 9 40
36 10 3
1 15 36
10 5 7
48 14 18
52 8 11
65 7 7
52 6 24
44 5 8
56 15 16
27 9 37
54 8 24
64 10 13
29 10 5
28 9 24
3 1 30
32 1 31
39 14 17
11 14 34
11 2 35
27 13 14
16 9 12
56 8 21
54 2 27
54 4 6
29 15 29
63 13 30
19 13 26
62 10 22
13 14 8
22 12 16
44 2 9
18 7 5
63 6 40
1 6 14
52 12 22
9 8 25
50 8 10
10 12 15
42 11 14
6 14 19
61 8 19
56 9 15
25 8 27
52 15 1
65 8 17
48 13 13
20 13 5
23 11 16
25 5 16
25 3 27
44 15 10
21 3 25
33 11 38
26 15 29
6 12 17
59 7 23
50 9 17
12 1 19
30 11 12
53 6 9
21 8 24
41 1 35
52 1 22
13 8 31
2 1 16
39 6 1
14 3 11
64 7 30
7 10 35
57 11 31
21 15 35
23 6 10
65 12 29
54 5 33
32 13 36
21 2 17
32 12 23
11 10 16
44 13 35
51 15 11
49 8 15
22 9 29
37 15 9
20 2 38
16 9 32
60 4 38
23 3 17
19 15 31
24 2 19
13 2 19
35 11 40
12 8 31
60 11 11
33 14 31
33 11 37
51 12 27
66 3 11
10 6 10
37 9 40
63 6 13
43 3 28
66 9 30
63 12 39
37 11 26
66 4 33
31 4 26
8 7 19
40 2 4
50 1 17
52 11 17
48 2 16
6 8 5
2 15 11
12 13 34
23 4 1
25 8 5
8 3 19
54 9 3
40 1 1
43 6 35
53 6 15
48 8 40
57 6 2
65 5 3
15 8 2
12 7 29
61 6 16
11 11 27
28 7 3
42 15 8
56 15 22
58 13 25
1 9 35
60 12 19
42 6 7
34 12 29
11 15 39
34 13 20
58 4 39
66 1 32
9 6 35
9 5 38
31 1 16
33 2 24
1 15 3
27 1 25
2 2 2
48 3 25
52 12 13
28 3 26
36 7 19
48 10 13
51 3 7
31 12 30
32 15 8
47 10 37
10 4 13
28 2 14
44 7 14
66 15 27
13 15 33
29 5 7
4 15 30
4 15 31
59 12 3
30 15 40
35 2 36
57 15 26
34 2 29
20 11 37
56 10 1
66 12 7
28 1 26
41 12 34
18 15 39
36 6 40
30 13 28
18 13 18
65 15 12
53 6 17
56 1 2
30 2 18
11 13 30
12 11 1
28 8 1
53 3 4
47 12 31
60 4 10
54 3 21
24 13 2
27 3 14
27 9 3
37 5 26
24 11 7
43 3 18
17 5 15
41 1 2
14 8 14
17 10 39
37 3 22
60 8 16
17 10 11
3 15 10
24 7 19
25 3 27
62 8 28
3 14 33
57 12 10
50 6 8
33 9 24
63 13 1
55 3 8
4 4 31
63 7 17
57 14 26
44 10 22
59 15 11
55 15 25
3 14 7
58 14 18
43 5 5
49 11 13
45 2 37
35 1 16
40 5 22
3 9 27
20 12 34
35 3 13
59 15 7
64 8 3
33 10 12
34 11 13
17 6 22
31 14 30
53 9 14
30 8 29
12 1 18
65 9 28
46 12 32
12 5 6
1 12 40
17 10 32
33 2 33
25 9 31
42 6 17
25 11 26
38 3 9
8 13 28
12 14 20
43 11 33
26 3 29
43 9 10
42 12 24
21 8 4
60 10 28
2 13 4
53 14 14
31 8 28
54 4 6
44 12 28
62 4 18
30 4 38
57 2 35
39 9 36
58 13 38
44 9 35
42 10 17
53 15 40
26 1 30
52 11 24
51 4 30
39 14 32
22 3 25
23 8 30
32 6 27
19 1 23
2 14 3
64 4 34
24 4 9
22 2 14
11 10 2
56 7 4
23 7 23
16 7 19
44 1 30
35 11 12
50 4 39
2 5 27
61 4 38
57 8 9
23 8 10
42 8 4
41 5 22
19 3 39
3 2 1
48 8 24
20 2 15
17 15 2
13 13 32
63 1 2
66 13 24
61 4 4
27 12 21
2 8 19
14 7 20
41 8 10
64 8 18
55 7 29
50 13 34
22 8 31
7 15 5
51 15 18
62 5 23
20 14 2
64 2 1
3 13 18
27 12 17
29 11 37
42 3 8
14 13 2
14 14 33
45 11 24
57 3 37
26 15 6
10 7 11
20 12 19
7 8 33
26 1 33
9 4 7
54 4 17
40 10 26
40 10 3
53 6 23
64 5 10
35 13 8
1 1 18
29 2 4
49 15 7
18 4 23
11 15 3
40 7 35
23 12 11
33 4 4
41 4 12
29 14 6
10 5 39
36 12 40
39 1 12
11 13 9
57 15 2
36 4 1
13 9 10
46 9 32
66 2 16
60 14 3
59 1 9
52 13 7
61 11 29
11 7 35
22 8 39
17 13 26
42 8 5
59 8 13
60 10 31
63 11 3
23 11 11
14 7 31
44 15 14
63 8 12
8 14 5
22 13 4
58 11 23
4 1 25
13 15 9
19 8 16
7 3 7
9 5 12
4 11 22
56 3 34
36 5 27
13 2 24
54 5 14
7 2 17
10 10 2
56 14 38
6 13 24
29 12 13
25 10 23
56 3 19
64 11 23
15 10 12
28 8 24
21 7 36
43 6 18
60 10 26
2 11 32
58 11 9
23 7 26
29 13 30
63 15 20
17 6 39
5 11 38
18 14 28
66 11 39
59 3 14
53 12 35
50 4 40
4 4 3
17 11 20
54 9 38
31 9 13
56 3 33
6 7 10
13 5 27
57 7 2
46 5 13
33 9 37
14 6 27
10 8 32
61 14 18
6 9 8
41 13 16
20 4 34
58 1 36
27 13 37
40 9 25
11 11 24
7 6 9
22 3 28
30 15 13
64 11 15
12 8 33
51 7 37
23 13 29
12 9 10
6 4 28
12 1 38
28 15 24
34 13 16
46 9 29
64 9 33
63 7 38
33 4 32
18 7 24
41 14 27
45 10 39
57 14 38
2 9 11
62 10 17
48 5 16
59 8 11
13 10 27
11 3 23
41 12 15
55 9 22
46 3 10
63 12 35
28 12 28
18 1 5
14 2 15
51 1 39
54 7 13
37 4 31
48 7 30
47 6 36
49 8 1
22 1 19
46 10 40
26 15 35
28 6 20
29 11 31
50 1 40
3 4 34
59 2 22
26 14 34
6 8 3
37 15 40
60 10 18
28 11 20
16 13 3
17 2 36
27 13 19
24 14 18
34 15 20
30 13 26
54 3 38
12 7 11
27 4 12
65 10 25
53 1 21
25 1 13
51 1 39
62 15 34
11 7 16
25 11 23
5 1 15
1 6 3
8 10 11
26 2 36
62 9 10
53 9 22
36 3 28
60 7 9
49 7 12
41 3 39
11 14 25
12 2 38
1 15 7
5 8 2
59 1 40
14 13 21
1 1 26
5 14 24
1 5 27
8 12 20
6 8 17
5 4 11
55 14 19
42 10 32
58 13 39
36 1 23
14 11 11
60 9 32
9 8 15
47 6 3
49 4 10
42 6 26
5 15 2
44 15 23
40 4 16
3 3 4
34 13 29
13 9 29
5 9 26
22 9 20
31 15 18
21 1 25
59 2 1
50 4 20
32 10 26
5 9 29
48 9 34
34 11 29
29 12 38
22 10 30
8 4 6
48 8 36
37 15 26
13 14 6
8 15 12
28 8 3
40 13 2
25 12 28
59 12 40
46 2 15
28 15 10
16 3 13
44 12 23
42 4 8
25 11 3
9 5 14
66 10 35
57 7 40
49 13 15
51 3 17
42 15 23
58 6 33
63 14 32
34 4 5
38 14 29
42 15 4
6 7 10
66 10 22
28 9 17
56 5 15
12 15 7
33 6 4
13 3 37
17 2 23
55 4 19
38 3 12
8 7 36
9 1 22
9 14 28
59 11 34
25 2 21
12 9 31
42 10 12
16 3 17
30 3 31
52 8 1
14 5 28
11 15 15
35 5 33
24 2 30
4 14 4
18 15 32
59 7 22
30 13 35
27 8 15
61 13 22
10 4 17
54 2 3
20 15 8
51 12 23
13 3 21
48 11 5
54 12 15
56 15 26
61 4 34
64 10 3
1 10 6
20 4 26
52 12 13
20 15 2
45 13 19
23 11 13
3 1 22
59 14 1
62 8 18
43 14 33
55 11 29
13 1 39
29 5 13
54 1 37
49 1 20
21 7 20
41 7 37
29 10 23
51 15 14
64 2 12
39 7 20
29 8 34
12 5 7
58 9 5
27 15 36
2 15 12
53 2 30
47 8 13
34 1 16
16 14 25
54 9 21
21 2 10
51 1 30
61 15 40
22 7 40
21 6 26
11 9 18
20 9 28
2 10 2
23 9 25
22 6 3
28 15 13
49 7 28
16 2 38
46 9 40
42 10 10
51 11 38
25 5 31
14 6 36
41 15 17
50 4 40
52 14 8
24 15 26
14 11 17
28 12 19
30 9 18
53 5 34
40 5 9
14 8 8
48 13 12
54 5 38
57 7 29
65 5 27
8 6 1
56 14 26
41 6 5
12 4 27
32 2 39
21 5 28
18 13 31
26 7 34
63 5 11
30 12 26
47 9 37
46 9 29
33 6 26
2 4 6
17 13 15
50 5 39
58 9 29
30 7 30
51 8 31
34 4 11
34 11 3
29 13 16
60 7 24
38 1 21
54 3 40
26 15 37
15 10 10
38 7 9
40 9 4
57 13 39
28 1 24
16 10 28
2 10 23
53 14 33
55 11 6
13 13 22
29 1 24
11 8 35
49 14 39
31 3 23
23 10 29
42 4 19
7 8 7
18 6 5
2 6 7
32 9 24
6 6 11
35 4 10
65 7 38
8 10 7
34 13 36
51 11 19
63 4 32
37 3 30
22 11 32
19 13 26
54 13 35
21 9 29
37 12 27
24 13 30
60 9 15
46 9 8
37 13 26
29 3 18
16 13 16
5 5 30
2 12 12
15 12 36
48 2 36
45 1 9
19 7 36
36 5 30
57 10 37
23 10 37
21 11 23
62 3 8
43 10 11
17 14 31
24 15 9
39 8 36
62 3 17
60 14 8
43 12 5
24 4 27
25 7 6
47 11 27
16 1 20
28 12 4
3 11 8
63 12 15
23 9 4
53 10 22
63 7 21
61 1 3
27 7 38
3 6 16
31 6 8
18 6 15
47 5 26
49 13 25
45 12 33
52 6 29
7 5 3
46 13 3
26 2 15
44 3 24
2 7 10
6 9 18
49 12 14
55 11 5
24 11 17
21 12 40
46 13 26
13 9 31
48 4 16
45 4 37
65 8 7
48 4 39
25 3 31
39 10 2
9 7 2
7 8 16
62 4 37
36 8 2
9 5 6
37 11 33
36 5 20
63 12 33
9 8 17
44 14 16
50 13 15
60 2 14
38 11 14
28 5 17
40 14 2
1 12 9
20 15 33
16 3 39
63 14 39
22 6 24
9 7 16
36 14 40
64 15 34
26 3 26
50 13 6
22 2 28
3 14 39
14 5 38
43 3 12
5 6 8
57 2 39
59 10 32
35 3 30
32 8 39
66 2 34
35 2 3
32 1 28
13 11 33
4 9 31
36 11 16
54 3 22
66 6 31
59 11 7
50 11 23
61 15 30
7 11 10
30 14 28
58 3 24
52 11 4
18 7 12
12 13 13
4 2 16
16 7 10
20 11 20
24 3 13
35 9 6
16 15 4
66 5 30
48 7 23
27 2 35
63 7 7
63 6 4
44 8 25
65 12 14
20 13 17
27 8 13
33 10 29
19 9 3
31 9 14
20 2 10
66 5 16
6 13 5
1 1 11
34 15 18
35 2 31
47 6 6
10 12 21
36 9 34
45 4 30
47 3 18
24 10 9
62 8 22
57 14 8
14 15 7
38 7 10
40 5 31
6 4 2
25 15 15
15 4 15
54 7 4
16 13 20
56 12 19
26 1 11
38 8 2
33 15 24
15 13 5
23 6 26
53 12 22
60 8 25
15 2 23
1 12 9
61 7 34
62 11 5
16 11 9
4 12 4
16 14 16
52 13 40
20 9 40
28 6 7
39 8 31
12 1 23
52 9 13
41 6 34
63 13 31
62 9 19
24 10 38
24 11 37
49 4 19
16 10 38
55 4 19
24 14 24
20 15 34
63 1 12
33 10 15
55 15 11
50 7 33
58 3 23
22 6 37
48 14 19
25 3 15
47 1 9
24 14 30
57 14 32
36 10 5
60 11 7
59 12 20
21 8 8
31 8 39
53 14 32
8 8 6
52 7 23
30 3 35
26 5 12
26 4 25
20 14 32
28 6 32
23 6 39
65 5 33
31 13 2
24 8 21
3 9 34
21 6 35
41 5 29
2 2 5
6 13 19
28 3 27
22 8 3
45 14 33
27 9 28
4 11 8
25 4 33
8 3 24
6 15 13
16 8 15
7 3 21
9 11 26
34 15 26
19 1 40
47 14 19
42 9 10
13 8 27
9 2 32
35 4 16
6 3 2
16 7 3
17 5 20
32 7 5
58 1 36
19 11 28
65 14 13
41 7 40
13 11 4
39 12 12
45 5 15
34 10 28
66 4 40
62 2 19
37 11 35
5 14 31
65 11 5
25 12 20
15 2 24
63 8 32
2 4 11
64 7 31
9 3 39
62 14 29
44 10 29
21 11 10
18 1 29
23 14 34
16 4 37
65 7 15
5 3 37
52 13 31
60 1 4
24 15 25
10 2 40
13 2 1
50 1 39
59 2 12
35 14 11
54 7 7
2 4 32
54 9 8
64 8 27
19 10 12
21 13 1
12 11 40
58 8 35
41 5 4
8 1 11
38 4 3
1 14 27
3 5 24
2 6 27
9 14 17
24 7 9
54 4 36
37 15 7
29 5 14
62 13 26
37 3 32
14 9 12
31 7 29
14 1 39
29 5 16
50 14 34
30 1 3
49 12 16
9 4 14
54 13 31
3 4 31
7 13 35
64 12 35
63 1 8
51 8 8
51 15 38
39 1 18
7 5 31
41 15 22
48 9 15
27 7 40
55 10 34
24 13 24
28 15 34
31 11 17
16 1 1
54 14 23
7 6 24
42 14 36
48 9 21
32 10 6
31 6 7
2 9 13
25 3 19
43 14 33
26 3 30
11 9 27
66 9 30
5 9 38
55 12 34
48 7 10
9 15 26
31 12 15
49 9 34
60 9 13
62 11 23
10 1 28
38 13 37
21 4 27
41 10 32
5 8 6
30 5 15
33 8 17
2 15 27
63 1 34
7 11 28
2 1 31
29 8 36
24 9 22
12 6 11
27 12 35
39 14 10
45 5 11
7 3 25
23 3 34
21 4 39
48 1 15
10 5 31
59 9 8
4 12 13
37 2 24
45 14 12
23 8 40
7 4 7
7 2 35
42 8 7
33 4 38
30 5 34
66 9 37
35 13 36
42 9 27
46 7 32
35 6 17
15 3 6
36 5 22
52 10 4
5 1 9
22 13 21
22 7 38
50 9 19
12 8 19
23 15 14
63 9 36
32 13 20
13 3 17
39 15 38
40 13 25
18 7 19
53 3 19
21 11 22
22 1 19
4 15 11
12 6 22
40 4 20
57 2 4
54 7 15
46 2 1
61 7 23
5 3 34
40 14 34
54 7 12
22 11 15
24 13 15
27 7 35
36 10 33
11 4 12
4 5 40
48 1 16
45 6 39
17 1 38
64 12 34
41 15 16
3 3 16
40 4 5
4 3 15
18 9 38
55 6 14
46 2 1
33 2 10
39 12 30
6 13 12
44 7 21
59 6 37
50 2 21
40 1 22
66 1 20
31 15 31
43 13 40
43 2 12
47 12 36
9 7 30
18 5 31
44 11 40
34 12 22
36 7 2
60 12 13
63 7 6
47 10 40
59 10 21
37 9 30
5 12 21
30 3 2
62 14 36
3 11 27
35 3 25
65 14 35
46 1 11
18 4 31
58 3 8
3 10 28
25 4 24
6 12 1
1 15 19
62 7 34
52 15 5
48 9 29
41 6 15
22 11 7
39 3 21
7 5 2
7 11 29
23 7 3
19 11 35
46 14 39
56 10 39
54 5 15
18 5 35
45 15 18
49 11 14
15 12 28
63 5 34
57 7 9
17 1 8
46 2 21
15 8 13
3 6 34
47 14 11
23 10 27
41 11 37
20 14 9
16 9 36
12 1 22
57 6 31
64 1 18
60 12 12
5 6 28
27 9 7
55 8 34
3 8 16
41 7 8
17 12 39
58 10 30
22 4 9
3 4 34
26 9 13
8 10 36
33 11 36
64 5 30
53 11 19
58 15 27
17 6 22
55 3 37
16 2 28
10 11 38
27 8 6
60 15 10
51 2 31
24 7 18
11 10 8
43 3 24
11 11 33
5 14 40
58 11 40
63 3 24
28 4 18
49 9 35
46 13 20
45 13 29
61 15 23
55 12 9
61 1 36
4 12 3
39 9 4
17 14 17
20 2 2
40 7 20
66 3 23
61 12 13
48 14 24
36 3 34
57 5 39
65 5 39
34 11 10
37 15 16
5 1 12
15 3 36
55 6 22
32 3 38
37 13 34
32 15 32
14 11 37
22 5 7
18 12 36
60 7 11
21 11 22
2 15 16
27 12 19
40 3 34
65 13 2
51 15 32
10 15 4
29 6 23
1 4 39
59 8 21
38 10 21
45 1 1
35 15 16
33 8 34
5 11 12
50 2 33
52 3 29
16 10 37
15 12 7
49 14 23
1 13 38
43 7 14
37 10 31
48 5 20
58 10 40
54 2 13
3 3 15
48 4 32
26 11 6
65 10 34
57 6 32
29 1 31
45 13 17
49 7 15
17 7 28
59 5 36
21 1 16
50 5 37
45 13 1
27 10 21
28 9 27
36 12 9
4 1 10
37 6 22
14 9 22
12 5 25
54 12 15
7 5 22
42 15 20
21 5 7
39 8 38
19 9 29
34 12 36
15 3 4
23 5 8
57 8 28
25 1 9
66 14 6
55 8 18
59 6 11
8 7 7
17 1 6
20 15 28
60 1 2
45 1 33
12 9 13
62 3 39
59 9 1
49 9 32
44 6 18
15 2 27
65 10 10
37 4 6
3 10 20
5 15 15
28 3 39
37 14 36
37 7 34
65 7 8
1 10 7
42 8 38
18 4 40
42 2 40
38 7 35
18 8 2
7 12 38
42 13 23
40 6 13
11 6 39
58 8 36
33 15 2
54 1 15
50 13 36
3 10 26
17 3 4
28 7 9
7 15 37
32 11 11
44 5 22
58 6 21
39 8 40
42 8 24
17 2 4
41 12 14
26 15 11
43 12 24
20 4 16
14 12 11
23 4 20
58 8 30
13 9 7
5 10 6
42 12 8
54 4 13
22 4 31
1 14 4
30 5 15
62 10 8
25 1 8
61 13 26
61 1 9
21 12 16
53 7 30
29 10 9
52 14 29
63 1 18
51 13 2
43 12 28
27 8 38
32 6 21
56 14 25
25 2 37
33 5 5
43 13 7
58 3 40
62 8 6
54 7 19
47 15 40
61 12 22
59 13 31
58 7 31
48 6 28
46 3 22
47 11 8
10 2 6
4 10 15
39 5 24
25 5 29
51 7 17
36 5 25
54 4 12
20 8 4
13 12 24
47 6 36
3 8 30
65 11 39
18 6 3
57 14 32
32 8 22
42 8 16
37 7 16
30 11 40
21 7 4
47 14 13
49 12 32
34 7 19
58 9 3
55 10 38
25 8 31
56 15 40
37 6 13
20 10 27
63 3 18
20 12 25
13 10 20
44 1 40
61 12 11
65 5 24
2 14 12
64 12 9
26 12 2
34 9 35
14 3 35
44 8 12
51 11 3
51 2 12
50 7 7
28 8 37
43 7 32
63 4 3
19 14 6
63 7 2
16 12 20
16 3 28
51 5 31
51 6 33
45 14 23
7 3 22
14 2 14
63 5 33
15 14 1
22 4 27
38 4 21
17 3 1
22 8 32
1 4 13
11 11 12
46 9 8
43 1 30
7 13 34
7 15 26
3 7 12
8 9 17
8 5 21
52 1 29
25 6 19
14 11 34
31 7 25
36 7 19
15 14 40
41 7 8
55 15 34
2 15 40
8 9 32
13 9 1
37 2 25
35 3 20
2 3 14
45 3 24
55 13 28
31 11 4
28 1 21
21 3 25
46 15 39
42 11 9
56 9 23
17 1 4
18 13 18
12 10 36
45 9 28
1 8 35
33 2 33
30 8 22
25 4 15
55 15 14
22 5 40
2 11 38
34 4 37
47 11 23
25 5 31
20 13 11
18 8 19
29 5 37
60 6 12
44 13 35
8 4 3
56 11 7
39 2 35
26 2 37
57 1 27
1 15 19
24 14 5
60 10 23
48 1 22
55 12 4
44 15 1
28 7 12
5 4 13
23 1 12
32 15 19
39 13 32
49 6 40
61 4 25
61 12 29
28 12 3
20 1 5
5 4 30
19 6 40
12 7 17
33 8 31
6 11 31
11 2 23
34 7 12
8 13 37
25 13 19
12 4 38
32 7 27
26 1 30
14 13 37
53 6 30
64 1 8
4 13 27
16 8 16
43 3 36
27 3 18
59 13 30
56 7 14
18 12 35
46 13 40
44 5 39
45 5 39
26 6 37
34 5 38
56 15 3
1 13 24
21 7 8
63 1 38
50 2 18
2 8 20
53 10 3
61 12 25
57 3 6
15 13 21
21 2 39
66 12 30
31 4 13
27 8 25
4 2 20
47 15 2
57 12 15
65 15 19
1 1 22
5 12 2
39 14 31
48 11 25
7 11 10
64 12 7
66 3 30
25 2 34
17 1 12
35 8 31
13 3 29
10 10 25
40 8 38
65 8 7
35 7 14
27 5 40
32 15 23
42 6 11
50 3 23
46 12 13
18 8 20
27 4 37
24 3 12
34 4 13
15 12 23
52 13 28
56 11 29
15 3 16
36 7 1
18 14 14
26 12 37
65 12 38
51 5 9
28 15 7
41 1 34
27 5 39
11 2 1
14 2 28
52 11 6
29 5 8
46 4 34
61 6 20
28 14 20
5 3 3
28 4 3
23 2 25
56 3 31
50 1 5
3 10 10
5 15 17
64 15 18
15 5 9
54 1 13
33 3 27
14 5 14
51 3 15
26 13 14
14 7 35
40 12 28
32 9 3
45 9 11
58 14 27
21 8 24
48 9 18
57 7 22
42 6 29
58 3 3
55 12 38
63 4 12
25 8 23
39 3 20
41 14 2
59 8 17
27 6 33
54 4 4
1 7 7
54 5 13
1 8 22
44 9 20
30 10 39
45 4 15
31 7 12
50 8 15
42 7 35
38 8 28
19 15 2
46 14 36
14 6 39
64 15 26
23 15 28
8 14 18
14 10 22
17 9 21
21 9 20
27 2 36
23 9 11
9 2 13
28 5 7
4 10 14
34 8 26
16 9 19
19 13 39
39 14 29
45 3 38
36 1 28
18 5 29
35 2 37
61 6 29
53 13 14
19 4 17
12 15 20
9 6 40
32 12 35
27 10 30
10 15 36
49 3 19
21 10 22
49 2 29
65 7 8
59 3 3
34 8 19
44 2 22
18 9 40
38 14 38
43 5 10
2 12 4
63 9 40
48 15 17
45 1 1
4 10 14
48 9 27
22 7 12
53 9 17
57 3 15
15 10 38
35 5 35
6 2 4
44 1 23
24 4 29
30 7 33
62 3 3
43 14 6
40 14 24
31 5 15
52 12 18
65 7 7
29 14 40
19 10 28
23 3 12
53 14 3
13 6 16
10 13 17
1 9 39
61 10 9
10 6 23
58 1 15
1 3 21
56 11 26
8 3 17
54 10 11
2 11 23
4 11 34
15 10 2
31 10 37
50 13 38
41 4 6
55 13 9
30 12 23
24 3 36
13 9 1
13 8 27
38 6 7
8 2 18
7 11 25
15 2 27
12 5 10
3 14 10
11 15 26
45 5 16
24 1 3
39 13 4
39 5 19
42 11 2
35 2 25
10 4 6
19 2 27
3 12 16
49 6 2
51 9 8
8 14 10
40 8 32
25 1 26
55 10 17
12 9 18
6 14 16
24 7 7
27 8 23
40 12 22
43 10 35
32 2 21
33 5 24
48 15 25
34 10 28
28 1 35
43 13 20
60 6 24
41 11 8
16 14 18
66 5 15
21 1 39
45 5 9
4 12 16
63 7 2
57 1 36
32 1 1
52 15 20
52 2 37
52 9 4
43 5 21
39 14 28
13 13 27
1 12 18
34 15 3
50 3 2
40 11 34
42 13 3
30 15 31
1 11 17
10 3 18
34 4 1
63 14 31
12 6 37
6 14 24
22 4 12
21 8 4
28 6 14
36 14 19
32 3 23
11 9 35
27 8 9
16 2 34
4 11 7
9 1 39
28 13 23
61 4 37
51 11 34
34 7 16
16 11 36
52 4 12
60 8 7
33 13 9
27 9 2
25 8 34
65 3 35
28 15 31
5 1 5
57 11 18
32 2 31
59 11 3
33 1 13
52 10 23
65 11 25
34 9 3
32 1 40
33 10 37
42 15 13
10 12 15
40 8 24
1 14 25
38 15 8
52 15 28
3 13 21
53 5 38
24 6 7
3 8 21
38 4 24
28 9 33
61 11 13
11 11 38
19 15 24
65 14 39
32 15 19
50 1 7
45 6 28
26 14 7
45 2 2
55 1 26
41 4 15
29 1 6
28 2 4
33 6 25
56 2 13
59 9 12
19 3 27
19 4 9
1 10 22
37 5 22
16 5 13
32 2 9
14 13 25
22 5 30
48 14 30
63 9 8
65 11 9
11 3 15
57 15 31
22 14 27
8 4 34
61 13 18
31 12 13
59 14 19
20 9 16
30 3 38
59 8 16
7 15 18
42 8 9
46 9 3
62 6 28
51 8 23
29 9 9
2 4 2
46 3 26
1 2 9
63 14 25
46 9 38
14 14 36
24 14 36
28 13 31
33 12 25
43 3 33
21 4 38
36 7 5
56 4 13
59 4 40
62 5 34
62 14 34
32 4 9
33 14 31
51 7 25
56 3 26
56 9 16
51 3 12
45 9 30
45 4 25
2 4 28
29 2 39
2 12 10
45 14 17
57 4 26
8 6 5
42 1 24
14 10 8
3 13 34
23 10 33
36 12 21
63 12 12
61 5 39
4 6 21
6 4 29
8 5 14
65 1 6
8 2 32
65 7 40
8 2 19
18 9 33
31 2 5
21 3 34
60 11 12
64 3 29
17 9 21
12 14 39
42 15 36
5 10 26
2 2 3
59 13 22
7 8 33
7 6 10
65 15 11
17 2 8
16 13 3
27 6 23
41 1 31
22 15 14
30 9 19
47 5 15
42 9 2
14 8 14
48 2 27
9 4 39
10 12 31
40 13 26
16 14 25
39 13 33
5 11 20
16 9 32
62 15 39
17 3 6
22 15 6
46 7 6
64 11 5
42 14 19
22 7 22
50 10 33
39 13 13
62 3 22
18 1 40
21 11 34
12 1 26
39 12 31
55 5 34
29 2 33
38 12 24
2 2 10
48 13 11
44 7 23
55 2 22
23 11 15
50 1 37
12 5 28
48 14 4
9 1 11
24 10 26
29 10 5
53 12 12
25 1 10
34 10 29
44 10 34
8 12 9
11 8 20
27 3 13
46 1 22
20 5 33
17 4 38
29 14 20
51 1 9
31 12 21
12 5 35
45 13 9
33 4 21
14 5 40
13 15 13
61 14 20
13 9 6
8 11 10
2 5 6
42 9 22
63 12 4
54 3 10
63 15 28
54 4 37
5 3 20
63 1 25
50 2 24
66 2 33
32 1 3
11 6 6
56 11 8
59 6 1
14 7 1
52 13 37
7 9 14
17 8 1
20 2 15
25 2 17
38 7 4
26 15 13
31 3 27
23 4 26
29 4 3
66 9 11
16 14 39
21 2 23
64 7 33
13 15 11
18 1 31
62 9 15
61 7 22
51 2 7
59 8 34
37 2 2
6 2 15
4 15 6
21 15 5
19 3 14
55 1 4
61 10 39
14 13 19
51 5 7
2 6 12
4 2 21
3 8 6
8 2 30
19 12 29
3 6 32
14 2 1
38 7 17
45 6 13
63 13 31
16 3 7
36 15 2
54 12 38
21 2 1
32 4 13
45 12 16
3 4 15
15 14 31
2 12 1
28 12 2
29 8 17
20 11 7
45 3 9
3 14 20
57 12 19
19 10 17
5 2 28
1 9 30
26 3 19
63 1 5
4 7 36
65 5 29
60 3 37
38 11 26
43 11 35
46 4 27
32 5 32
45 3 22
48 10 2
54 10 32
54 10 26
58 14 2
65 13 10
51 4 17
44 12 22
3 7 25
23 3 25
13 8 36
42 3 24
12 11 23
11 6 14
19 5 37
42 1 22
2 6 30
28 11 31
28 13 36
24 5 25
37 3 23
12 3 40
40 8 11
14 5 22
27 7 19
8 12 19
26 11 11
2 10 9
12 5 13
10 4 27
11 10 11
58 14 24
22 7 6
42 5 17
44 14 21
18 1 7
20 10 32
54 9 16
35 15 1
54 5 4
9 10 3
29 10 18
15 11 38
24 12 22
58 8 1
44 14 4
50 15 11
22 2 38
23 5 27
47 1 39
48 6 17
9 12 11
15 7 2
31 12 17
51 11 13
32 8 35
2 2 14
9 13 6
12 5 1
28 14 26
44 11 16
64 11 10
1 12 22
7 4 3
64 15 11
37 12 37
37 3 40
39 4 29
21 9 8
60 14 28
53 8 6
56 7 21
42 14 24
24 11 25
48 14 17
44 7 27
19 1 14
2 8 18
10 10 13
54 15 22
41 1 19
34 9 13
44 3 12
5 1 37
4 9 27
20 12 9
50 3 13
56 14 32
5 13 17
40 13 39
57 13 5
45 4 16
54 6 6
37 1 2
48 8 36
37 10 14
30 11 11
25 6 37
18 8 4
1 15 36
50 4 23
48 10 31
63 11 39
49 13 35
25 14 26
43 12 15
33 12 31
46 10 39
4 13 27
51 12 25
29 14 35
46 9 4
44 8 9
22 12 32
53 8 12
31 12 28
51 14 34
20 11 4
56 14 9
38 7 26
46 2 7
17 9 33
13 11 33
30 2 19
45 6 12
42 10 7
6 6 10
60 10 12
37 13 28
2 7 14
49 4 8
15 2 2
24 14 35
25 9 31
60 8 24
48 7 14
64 7 37
46 10 19
53 6 1
14 3 26
37 8 32
4 8 12
26 5 6
9 9 12
42 4 19
34 9 17
61 11 17
24 2 7
43 2 29
30 7 34
11 10 40
7 5 7
35 1 24
53 3 15
27 12 8
65 6 26
8 15 3
25 1 12
57 2 23
58 3 11
35 12 24
30 7 40
2 15 21
17 14 39
2 13 34
17 13 39
36 1 7
25 2 8
5 1 30
10 15 39
13 10 35
61 9 29
57 1 31
51 5 13
44 5 31
16 11 6
66 5 13
63 14 2
45 4 2
6 11 17
42 4 32
22 4 21
50 13 28
50 7 11
41 4 12
47 9 8
42 10 31
3 7 37
42 15 25
7 6 9
34 7 22
25 1 8
45 4 20
59 3 35
39 7 31
47 4 15
30 10 2
65 11 8
22 8 24
64 1 9
57 4 28
30 7 35
37 5 10
64 6 2
20 9 37
43 6 29
26 11 10
50 12 31
60 15 37
58 9 23
30 10 40
8 2 14
26 10 34
43 10 22
54 11 19
45 5 40
31 1 21
38 14 7
39 12 28
6 6 7
16 12 23
9 12 9
30 3 24
47 5 30
23 15 12
27 14 3
52 13 2
14 3 37
63 2 15
38 2 36
20 9 8
7 13 10
50 13 17
44 10 7
28 13 34
47 5 27
66 10 9
53 8 33
52 6 17
62 1 5
45 15 2
1 13 10
34 13 5
11 9 7
60 5 33
3 4 15
15 4 3
10 11 29
28 12 32
28 10 12
34 10 1
41 5 37
59 7 2
53 4 2
19 10 1
10 2 1
5 8 27
34 5 26
41 1 37
7 6 17
37 13 30
53 12 7
14 5 31
39 8 3
31 9 30
30 15 8
38 10 7
46 13 9
55 13 27
28 13 31
17 6 17
51 6 10
45 14 4
2 8 10
24 12 1
30 9 14
5 4 14
6 3 4
28 5 17
66 6 26
21 15 25
30 5 16
28 2 7
55 2 22
62 1 26
56 4 36
29 15 20
50 12 7
2 13 20
22 15 35
50 9 32
27 8 9
20 13 3
57 12 8
59 8 33
33 15 20
11 10 40
35 12 7
53 11 25
64 13 26
36 1 4
46 15 8
34 11 27
26 3 30
22 11 8
1 8 25
28 7 2
21 1 22
49 12 6
40 1 25
21 4 21
25 3 20
21 8 13
65 6 19
30 15 37
32 4 28
58 5 37
1 9 33
3 2 30
26 2 21
46 5 32
49 3 33
54 7 20
2 15 37
59 8 16
20 9 34
62 8 6
36 9 26
1 4 27
7 14 39
4 7 1
38 15 14
10 7 8
8 6 5
6 4 9
48 2 12
26 12 26
31 8 13
56 9 22
6 14 2
58 11 38
9 2 34
47 10 27
48 2 20
3 11 19
38 1 3
43 2 12
7 14 29
27 3 1
59 4 7
66 12 24
1 3 35
54 8 23
57 8 39
53 7 9
11 13 13
29 10 13
11 4 26
44 13 25
46 2 26
61 8 10
50 8 6
47 8 7
22 7 11
41 3 30
60 13 13
5 15 15
29 9 25
39 14 24
26 3 24
47 7 13
5 5 9
4 12 18
53 11 5
46 1 29
2 14 23
61 2 9
38 15 34
57 7 36
18 11 32
46 8 20
66 11 26
23 1 2
17 11 37
33 7 10
58 4 9
62 8 24
6 5 21
41 1 34
25 8 33
16 6 3
4 9 16
34 5 9
30 12 12
10 4 36
54 4 20
47 13 5
46 10 22
7 7 22
3 14 26
23 11 35
43 3 24
23 15 16
63 13 13
10 1 33
19 3 6
39 13 35
18 14 34
54 7 4
46 8 27
63 5 21
26 14 36
60 15 20
6 6 4
54 6 35
15 9 8
49 4 9
1 11 7
40 9 2
3 13 22
1 14 5
27 13 29
5 1 30
61 4 25
24 13 24
60 5 22
37 2 8
42 2 39
10 11 3
36 4 18
36 5 10
30 4 37
57 9 11
39 1 9
3 2 39
22 6 27
19 9 5
6 4 36
55 15 21
10 2 15
59 9 36
66 13 26
15 5 39
29 12 6
64 9 4
54 6 5
52 15 9
31 13 37
3 12 19
49 11 23
45 4 17
30 1 33
41 5 31
15 15 21
34 12 28
12 9 16
33 2 15
7 7 16
3 11 25
65 5 19
5 14 29
9 4 15
65 7 19
34 4 10
28 15 34
63 8 11
56 7 31
37 10 35
6 13 4
8 13 36
27 6 14
9 14 1
49 13 2
7 12 26
11 3 39
14 5 23
38 1 40
36 8 17
17 9 25
25 8 17
24 13 32
22 12 2
61 10 33
24 12 9
50 11 12
25 2 40
49 4 25
61 9 21
10 12 17
8 3 26
61 6 38
23 8 37
38 11 31
18 4 26
63 15 15
66 10 22
64 2 28
64 2 29
48 13 15
55 9 15
6 9 17
30 15 31
17 7 32
43 7 31
48 1 37
38 5 34
21 8 26
46 1 33
33 7 14
27 9 31
20 12 8
43 3 24
20 4 2
36 15 5
59 1 33
12 2 9
8 12 31
28 8 32
62 2 35
17 10 19
48 3 25
14 14 38
20 13 9
38 6 32
47 9 4
35 8 40
63 13 38
50 4 7
56 1 29
47 11 16
66 14 5
33 5 12
32 12 34
21 13 39
10 10 27
36 8 6
39 12 29
44 2 33
34 1 37
42 8 19
4 12 36
46 13 1
40 8 4
9 4 29
33 5 23
47 11 17
51 5 29
40 2 17
9 15 32
42 1 27
49 4 28
30 4 22
4 11 8
5 12 40
56 10 32
6 7 1
36 15 18
21 7 9
38 7 7
9 1 3
61 8 39
52 13 33
58 15 38
42 6 22
4 2 33
30 6 31
47 14 4
56 5 39
25 11 13
11 5 23
23 5 20
34 2 9
63 6 17
30 8 19
24 4 12
58 2 17
24 12 4
59 13 5
54 6 9
53 3 3
34 7 27
54 11 10
53 7 31
22 3 2
59 6 11
29 15 28
64 13 35
30 3 32
42 9 19
1 4 11
7 7 17
44 13 26
56 7 36
8 11 12
29 13 31
59 11 2
27 4 14
39 13 25
44 4 22
50 2 11
33 9 23
47 13 38
52 6 29
43 7 23
17 1 10
19 4 18
20 8 17
25 14 3
62 14 30
29 1 30
45 12 11
61 7 5
7 3 35
37 8 37
55 4 3
51 12 2
42 11 30
59 12 36
66 2 4
6 1 37
43 10 39
31 9 10
9 4 37
64 11 24
43 12 4
11 13 14
45 11 35
37 13 14
27 14 2
13 13 23
28 14 14
57 1 22
6 12 29
8 5 19
16 6 40
39 8 33
44 2 10
32 14 1
10 9 2
10 3 9
8 6 15
48 12 6
20 14 7
49 11 18
66 8 27
35 3 34
42 4 28
44 13 4
22 10 18
62 2 35
58 1 21
21 6 15
14 4 16
48 5 3
40 3 28
62 4 40
30 2 8
14 14 6
63 2 27
60 15 15
63 10 17
41 5 4
57 10 12
43 14 10
45 13 10
6 2 3
40 7 14
49 10 1
5 7 36
20 4 12
8 14 4
37 14 15
8 3 37
10 8 27
56 15 40
41 14 5
54 11 9
17 1 21
43 1 14
1 5 18
63 1 18
16 15 33
60 9 32
40 13 37
9 9 24
65 10 1
66 4 23
9 3 34
43 12 4
5 9 25
38 4 31
48 13 25
53 6 19
16 4 1
21 15 24
12 1 18
2 11 28
14 12 16
56 13 6
19 2 16
20 10 29
44 13 20
55 15 26
53 1 5
2 2 20
24 12 29
1 9 6
50 3 11
23 14 24
60 14 11
31 8 28
16 5 10
54 3 23
20 14 26
55 15 22
9 11 9
51 10 36
52 8 29
56 1 23
33 11 23
8 9 9
58 1 14
47 14 4
12 7 13
62 13 21
7 2 38
63 5 35
9 8 32
14 9 38
5 7 3
41 7 10
19 9 2
8 4 34
61 11 30
27 5 33
17 14 11
59 14 6
52 11 17
31 7 10
39 5 37
23 6 14
36 7 10
60 14 10
54 11 9
25 10 18
11 11 40
13 8 8
31 1 39
43 11 9
37 3 18
28 4 18
14 5 4
53 4 15
18 3 1
32 10 20
59 3 3
62 4 9
42 15 23
15 9 29
1 1 33
3 11 31
46 1 25
12 4 9
8 4 30
37 7 38
64 13 31
52 11 40
66 1 22
52 10 11
25 5 28
44 6 10
33 7 8
40 10 6
33 1 18
3 11 14
9 12 22
12 4 15
37 3 23
56 4 26
44 5 21
27 12 30
17 3 17
48 5 22
63 6 32
34 1 18
50 12 1
29 12 15
19 3 26
45 11 39
45 6 24
46 12 11
42 15 14
42 12 20
21 10 5
46 7 40
5 12 4
26 15 14
38 7 2
22 3 11
42 5 9
18 14 7
39 13 16
55 6 32
52 4 31
24 11 28
64 13 11
45 8 15
40 13 35
11 8 35
9 9 29
53 15 28
32 14 23
61 12 23
24 4 27
49 3 37
16 11 5
66 7 32
21 2 11
4 13 31
6 13 2
23 1 17
54 4 29
6 3 6
56 4 7
23 3 37
12 13 22
37 7 23
16 1 34
62 1 16
64 15 1
48 4 7
18 2 8
5 14 31
43 10 32
15 5 36
58 12 24
53 6 40
1 12 1
2 13 17
4 12 26
5 3 8
6 3 6
20 9 14
60 10 7
45 13 30
8 14 32
57 2 24
8 13 3
14 3 19
19 8 18
48 12 24
17 15 34
40 10 11
58 1 34
36 6 21
37 13 4
53 13 26
58 5 5
14 6 3
47 5 25
5 15 6
51 14 34
3 4 26
59 4 15
3 6 28
2 11 18
42 7 27
48 8 28
62 11 33
45 15 32
37 14 37
16 14 34
19 4 6
64 8 40
10 9 19
62 10 37
33 10 20
63 15 16
43 15 8
9 13 8
60 13 1
33 12 6
55 7 2
63 6 27
6 5 18
45 2 24
13 1 24
59 13 6
20 3 21
44 6 40
62 10 7
58 9 29
30 7 8
62 2 4
4 13 9
57 3 40
19 9 25
16 15 40
10 8 24
39 5 22
46 10 9
23 1 30
16 2 30
53 2 26
47 7 9
45 13 6
17 11 35
38 3 22
22 3 32
16 6 12
52 10 33
28 15 29
27 1 11
40 15 26
11 1 16
64 11 4
6 15 10
8 9 7
62 7 8
50 12 39
31 3 13
12 10 8
13 13 20
11 8 8
10 14 33
14 3 35
62 3 22
48 13 25
40 4 26
53 14 22
9 14 31
60 4 13
13 3 29
31 4 13
59 11 16
21 6 25
7 6 1
57 1 33
30 7 10
6 1 25
32 11 3
17 7 17
23 10 2
14 4 1
46 4 25
52 7 29
34 15 40
16 11 27
33 6 3
28 1 11
28 7 30
35 14 26
5 1 31
30 11 30
66 3 21
54 15 16
20 12 14
46 5 5
66 15 39
18 4 1
13 3 9
31 13 2
37 3 25
38 15 31
29 12 12
29 2 3
58 4 28
47 2 2
36 8 28
26 3 10
39 8 33
35 3 24
65 4 10
24 15 28
12 2 12
28 9 4
43 6 15
37 1 29
41 2 22
47 7 10
5 6 8
46 15 15
29 15 11
1 5 24
10 10 30
63 5 7
41 6 24
11 10 16
14 15 33
44 5 9
57 9 26
54 9 21
39 1 8
52 1 5
28 10 28
22 2 39
3 2 40
48 4 13
66 10 13
53 7 20
8 4 39
19 4 32
56 4 36
36 5 37
14 9 39
35 4 6
51 1 17
42 12 29
47 7 16
59 12 39
12 12 19
23 14 19
56 11 32
42 12 13
25 7 40
51 10 30
25 11 30
11 10 2
33 12 9
59 14 39
41 7 34
46 12 34
53 1 26
49 12 22
51 15 40
53 14 38
37 7 31
32 15 26
26 14 19
23 5 21
46 3 4
12 14 31
66 12 4
42 1 13
18 11 35
20 2 30
56 6 3
1 8 22
6 11 24
16 1 16
37 3 4
43 7 15
27 11 31
36 12 29
56 6 12
44 1 39
4 2 31
33 8 7
46 14 28
12 14 2
35 1 28
48 15 29
11 12 31
65 7 37
21 15 17
20 7 13
44 13 9
3 2 23
40 12 13
60 8 22
60 5 2
28 7 21
27 15 40
22 4 32
42 12 12
1 8 24
42 2 13
56 8 20
66 3 20
23 6 37
57 2 11
58 12 35
18 8 20
8 12 9
31 10 1
45 13 2
7 7 38
11 14 13
48 13 7
53 13 25
12 3 31
47 5 1
27 6 31
26 8 19
14 12 1
62 4 6
2 4 23
44 10 39
52 3 19
55 11 14
20 6 2
10 11 6
48 12 36
11 13 9
19 5 35
2 10 6
15 11 15
1 15 5
35 15 21
35 15 37
36 6 3
36 1 27
8 7 27
4 6 29
35 14 31
1 9 15
36 11 20
58 15 24
51 14 26
62 8 27
26 8 20
15 13 24
9 13 32
10 14 17
24 12 36
40 15 30
58 5 30
3 2 15
48 15 30
15 15 33
12 2 14
48 8 29
66 2 28
65 13 22
29 10 15
66 4 20
5 2 5
56 15 23
33 12 18
4 1 12
38 11 3
56 10 17
57 12 39
37 13 25
50 10 8
12 7 12
19 11 30
29 4 23
54 6 31
13 15 40
44 8 39
9 9 9
21 5 11
25 13 22
31 1 22
13 2 4
8 1 12
39 13 35
17 8 28
61 3 23
48 13 38
8 11 32
40 9 29
20 8 5
25 1 14
3 7 31
16 1 35
66 7 12
17 4 31
7 10 34
49 10 9
28 10 22
8 1 32
28 4 19
44 7 3
3 6 25
46 6 19
39 5 38
31 5 39
26 13 2
63 6 18
56 3 18
62 11 23
10 9 33
56 11 31
36 9 14
21 6 25
23 3 40
5 3 30
46 8 37
65 15 15
47 5 32
37 13 34
1 11 17
62 1 11
8 5 13
30 11 24
53 13 1
15 13 27
31 4 4
36 11 27
61 2 32
59 9 6
42 14 40
65 13 1
16 2 13
14 12 34
17 6 4
65 5 10
4 12 10
5 6 30
24 10 16
45 4 3
57 15 18
2 12 27
63 5 37
29 4 4
20 13 37
60 15 14
64 3 23
49 1 8
15 15 5
1 6 16
41 15 27
44 14 24
16 12 25
59 14 15
66 11 32
58 7 11
51 1 23
1 9 6
62 3 18
29 11 3
42 9 33
15 15 8
62 15 7
35 8 38
16 4 5
41 5 9
22 2 6
19 5 32
32 14 34
32 12 27
8 13 29
46 13 19
56 10 16
61 11 35
43 9 36
60 15 6
40 1 16
43 8 40
29 14 2
29 6 38
42 2 22
38 7 6
55 1 31
43 15 32
64 5 5
59 15 38
35 9 20
29 2 13
62 8 22
35 9 7
17 4 37
16 13 18
22 11 9
61 3 24
11 7 8
2 2 10
66 10 4
40 11 39
49 2 25
45 9 21
49 3 9
66 12 8
65 13 34
51 4 7
7 7 40
37 12 12
14 12 24
3 12 4
61 4 6
38 15 12
37 5 4
16 11 36
60 2 39
36 2 25
34 2 25
36 5 25
54 14 40
20 5 37
51 15 36
49 5 33
33 8 7
11 7 38
1 1 11
10 13 15
51 13 13
14 10 1
52 7 34
12 12 7
52 9 2
20 3 6
64 1 27
37 15 32
60 4 37
43 8 23
3 15 7
11 8 7
64 15 5
36 10 36
33 12 1
20 5 3
53 9 13
55 1 7
18 2 35
13 2 5
11 2 36
58 11 24
14 15 25
26 4 14
44 12 16
56 1 29
21 9 8
22 4 18
52 8 8
1 6 32
16 14 31
45 9 37
31 8 14
30 4 34
14 1 12
63 2 23
55 10 3
30 9 33
34 8 14
59 12 1
43 5 39
17 7 2
60 11 10
16 12 40
20 13 32
10 11 38
42 6 14
63 12 40
37 9 24
46 4 25
40 8 1
47 8 25
39 2 3
30 9 40
30 8 21
13 12 4
44 10 23
17 14 40
32 7 27
58 6 1
32 1 23
36 12 17
14 11 36
24 13 7
2 11 36
52 13 32
24 3 37
43 1 17
55 12 27
53 9 7
7 15 28
44 12 38
60 3 19
46 8 9
34 13 6
21 14 31
30 6 26
34 8 38
28 1 12
18 6 29
19 2 6
36 1 3
55 7 10
21 14 19
40 2 1
2 1 21
36 7 37
60 11 27
35 10 9
14 7 28
56 12 27
45 3 18
3 7 18
27 11 14
47 8 6
42 3 36
53 4 17
49 15 33
31 1 5
15 13 17
46 8 36
47 3 26
13 14 32
44 1 11
56 7 21
35 12 30
17 14 24
59 1 35
14 13 15
2 10 26
12 14 21
7 9 21
3 2 30
23 6 31
59 13 37
37 1 2
9 8 36
39 9 22
47 10 3
57 13 35
7 2 37
38 2 18
65 15 13
30 15 30
30 5 11
32 11 26
25 7 12
65 1 28
47 7 9
22 4 7
9 6 37
59 7 40
40 3 33
9 8 23
40 11 15
27 15 21
63 1 18
48 9 10
25 5 32
60 7 24
14 12 23
12 13 15
51 11 18
47 5 24
26 2 15
14 3 21
11 2 39
14 8 24
25 13 30
52 15 9
26 12 39
21 13 39
13 6 1
47 15 36
31 6 39
22 7 20
10 15 11
19 7 33
23 7 28
26 2 8
26 14 17
14 4 28
45 5 11
57 12 17
15 8 18
43 11 32
37 2 15
26 5 3
35 12 3
50 5 18
38 12 3
31 11 9
31 8 30
25 3 24
57 8 10
48 6 6
7 10 35
15 12 27
19 2 5
48 12 2
43 10 28
51 15 35
60 13 32
22 11 11
34 7 24
19 4 28
6 8 22
5 8 16
13 13 6
32 9 1
14 6 36
65 15 25
33 12 11
16 8 22
44 4 39
32 12 13
17 11 22
64 3 31
58 4 38
34 9 21
22 5 21
61 1 26
61 3 6
45 10 4
16 2 31
18 8 33
32 1 6
32 3 14
10 15 37
44 6 15
28 4 11
62 8 2
31 9 29
14 4 26
13 5 12
60 2 12
4 4 28
6 8 17
27 4 16
44 12 7
51 15 40
51 12 21
9 4 27
64 15 20
24 14 37
11 2 40
48 14 27
35 6 9
14 9 40
34 2 32
30 7 29
60 1 9
33 7 40
55 3 11
59 10 16
53 14 11
6 7 11
9 9 20
53 3 36
38 12 34
60 2 11
18 5 39
44 9 5
63 6 14
3 1 19
33 8 16
1 5 30
17 6 30
43 13 40
19 14 36
33 14 5
66 13 25
59 13 20
62 7 15
17 12 38
49 4 30
52 11 5
42 13 18
38 6 8
53 11 26
23 5 7
22 4 22
62 15 6
53 5 9
47 8 1
20 4 36
55 11 23
40 1 10
11 9 23
40 13 19
7 5 23
39 5 16
45 2 6
61 15 34
51 11 10
28 12 10
55 7 14
26 11 31
13 1 40
29 7 9
46 14 20
54 9 29
58 8 38
58 2 5
19 15 14
15 3 15
26 3 17
22 4 37
18 2 11
30 8 36
29 1 1
58 9 6
5 14 37
19 11 30
51 4 11
54 10 10
42 1 32
22 15 17
38 15 20
2 3 33
56 3 27
42 11 22
10 9 22
11 2 29
29 9 3
31 10 11
66 8 2
62 4 16
32 9 38
45 12 25
19 11 32
17 7 27
18 12 21
5 8 5
55 10 6
24 11 2
45 12 38
58 11 10
57 5 1
7 7 29
16 4 38
4 8 21
31 1 8
17 6 33
20 13 10
24 7 12
23 2 28
28 8 2
36 11 36
28 13 13
15 9 11
5 2 20
38 12 25
50 5 11
44 15 32
23 12 29
50 4 30
57 11 29
26 2 15
47 9 1
62 7 28
15 7 25
26 5 15
18 11 23
24 6 2
57 9 34
60 3 33
11 10 34
14 4 14
66 2 4
47 13 35
41 11 32
48 6 12
18 9 18
45 6 11
43 4 39
23 10 35
27 9 16
31 9 30
44 1 3
