17 34 349 10475
2089 2079 4148 2724 860 4123 3009 4620 1217 2245 4067 2871 3643 203 23 1952 48 4484 1605 4420 957 1878 3686 2976 334 1393 4514 4506 1176 2441 1955 4725 4194 2196 
1238 1058 1329 3123 3035 2819 1146 237 2627 2920 3008 3871 4770 4316 3788 3561 3469 1401 1295 4644 1938 2248 3215 4124 4769 2019 4599 1144 1453 1393 686 2468 3670 877 
2438 4263 2016 4842 3780 159 1267 1976 305 1029 3771 4393 3902 872 1393 1554 1908 1473 2032 4342 2220 3471 4053 3910 1572 3450 3710 1674 462 1019 3340 2138 1829 2687 
3354 3671 1601 912 872 500 3860 150 3976 3495 2983 4126 2918 4507 2945 4140 2424 2104 4907 423 4908 3973 2736 1258 2435 4405 44 3251 2547 72 4570 3917 2074 2074 
3462 2332 1375 1228 2783 3978 1530 769 2888 2226 2747 2081 3482 1434 51 3737 4124 2822 4222 244 2195 3879 1017 2186 4710 4280 4577 3833 4014 1536 1292 4459 4581 2630 
4907 3617 4481 2218 996 57 1980 2215 3354 2452 2596 1160 2506 772 2512 3815 1885 4774 949 1945 2955 3544 1854 1991 620 2466 3090 203 505 148 1857 1957 563 4431 
4809 4658 1503 3273 3409 3746 2501 1637 1673 4763 2244 948 3940 730 871 715 2150 1136 3522 2433 4178 1528 2003 710 2519 687 4708 1779 613 2295 4298 4439 3537 2012 
3712 116 105 4177 1597 303 3027 2779 1010 3532 1251 481 3644 3538 2686 3238 2246 2853 997 1399 155 2119 49 831 434 1631 2961 3673 2043 1650 1450 1484 3321 3097 
203 4897 565 2202 4859 906 1191 353 4450 1694 4890 975 691 3125 1923 593 3879 406 1296 3209 725 2639 1619 2673 2299 1601 1851 462 3563 4766 481 499 4692 4168 
3747 4032 2327 3204 3295 2568 1505 2559 171 1985 4274 1659 3947 499 404 913 3545 3531 3871 986 3593 1846 3524 442 3965 2444 3968 1952 647 3658 990 995 2526 1222 
4552 1423 4653 47 3678 109 709 3648 2279 228 4873 674 2248 3520 4662 2270 1111 2956 1997 3957 374 3500 1512 3236 1307 984 1945 2371 1838 228 3279 4742 3843 4746 
4250 392 3878 520 392 3375 4868 1395 4003 2392 1402 2978 1211 966 103 4302 3121 2508 3000 4332 2023 485 764 4418 3376 4828 2129 4178 2651 340 51 2170 3875 570 
4842 1241 2802 2557 2029 982 2388 1648 1097 20 3642 2562 507 1438 1173 949 3053 3790 1174 2993 2589 2119 4431 369 652 564 3255 2100 1642 4501 701 3879 4442 3745 
477 1629 1708 976 3073 1522 3873 4621 3610 1880 572 4644 867 848 3704 3788 1857 1897 1640 4377 1042 1863 3469 688 1194 4327 3500 4279 689 3837 1809 3006 4389 1258 
568 4058 2745 1277 864 1281 1309 1813 50 3506 2043 1098 1887 2288 175 1875 2855 2753 2354 1123 4013 424 4219 3260 254 628 3814 3591 4693 2705 1149 4763 71 4459 
4229 1379 1506 3732 4635 1352 4335 2181 200 3240 1164 4216 2057 4573 3647 743 4618 3928 3607 1248 2094 404 832 830 318 2262 3744 2250 4542 2157 4187 4538 787 4839 
774 3076 174 4434 431 1976 2969 3313 1318 4206 1905 3063 2024 1574 620 2590 3819 3075 1905 2194 134 3525 2494 2104 1908 4638 479 4413 3626 3196 860 186 1546 440 
12 4 23
15 25 37
12 32 14
7 7 18
1 24 1
10 6 11
3 18 35
7 7 9
3 4 4
1 1 37
12 11 40
3 14 24
2 12 34
6 12 40
15 18 21
9 5 13
14 21 23
9 2 26
13 5 12
13 32 14
12 30 4
11 27 9
13 32 9
6 27 2
9 13 1
12 2 4
13 13 17
15 10 8
9 22 36
10 17 26
9 18 9
8 17 1
15 5 3
9 8 37
6 6 35
13 3 22
8 24 36
15 8 39
3 23 27
3 2 11
14 25 37
14 31 31
12 12 36
10 28 3
4 16 19
3 22 3
15 22 23
14 10 12
6 20 32
7 16 17
4 4 18
8 4 37
10 6 25
14 12 21
1 24 7
9 27 12
4 9 31
3 25 40
13 26 28
13 20 16
10 16 6
12 6 25
8 15 24
11 8 7
8 5 15
4 2 39
9 5 39
2 11 23
10 9 18
6 5 40
11 2 32
4 31 37
14 3 3
1 19 37
4 9 22
7 17 9
3 32 39
15 29 19
14 13 6
10 21 35
12 1 39
8 28 35
6 21 32
2 15 28
13 26 18
12 16 31
9 4 34
2 24 24
14 15 40
14 10 38
3 32 13
6 27 28
15 20 38
9 19 17
14 17 11
4 16 21
6 12 25
14 7 36
5 3 22
14 18 12
5 4 37
4 24 24
11 32 14
12 13 28
10 19 16
2 10 4
2 24 19
12 12 17
5 27 18
5 22 39
6 20 11
4 9 10
6 1 40
15 14 30
8 32 27
15 15 32
5 24 14
9 30 31
9 26 23
1 7 6
15 29 32
9 8 33
5 10 37
9 16 31
10 25 5
13 9 26
11 9 1
3 2 28
7 11 5
2 7 16
15 15 36
6 18 7
4 24 23
3 6 7
10 29 37
7 9 36
3 18 2
10 14 7
12 7 28
15 25 12
5 26 33
13 21 20
14 22 33
13 7 2
8 27 20
6 22 22
13 11 15
2 26 8
11 2 36
12 7 14
15 17 32
2 12 39
12 28 8
1 20 8
13 1 31
10 11 40
3 22 6
1 20 34
5 9 27
1 25 8
7 31 32
7 27 11
5 4 35
2 11 9
5 20 12
6 26 26
5 32 36
5 5 9
5 18 33
8 8 34
7 26 1
5 20 2
7 8 29
12 4 7
12 32 37
3 31 26
9 27 18
12 12 28
9 13 19
7 11 33
4 11 15
10 16 1
6 13 16
9 17 27
12 17 25
2 30 3
2 12 4
12 27 38
1 26 11
6 27 18
1 23 18
10 16 22
1 25 23
1 6 29
15 1 14
15 9 9
5 29 29
10 7 10
5 26 29
8 10 27
10 13 27
6 30 19
9 13 21
11 13 12
9 4 21
1 15 16
11 27 11
15 8 19
14 3 28
12 24 2
10 1 10
9 18 25
7 13 35
1 29 26
1 6 6
15 1 20
7 31 24
11 11 1
2 22 30
7 11 9
15 26 27
6 6 11
6 16 23
15 21 4
12 15 7
1 1 40
3 30 33
5 18 2
15 1 23
14 19 10
13 20 31
2 13 32
6 2 26
9 7 17
9 32 10
8 31 39
3 19 33
11 11 19
6 20 3
7 5 37
7 26 36
12 32 29
7 3 26
10 3 11
9 7 33
10 29 20
2 6 26
1 10 24
14 14 27
6 3 21
14 1 37
11 24 22
12 30 39
3 22 39
8 19 5
6 24 32
4 18 7
11 9 10
4 13 13
6 31 12
1 1 6
1 11 9
7 13 4
9 30 1
11 5 36
12 23 15
9 10 8
8 3 17
7 15 39
1 16 8
11 4 36
2 12 11
10 13 24
12 26 38
8 24 5
4 16 32
7 2 25
15 1 20
4 2 11
7 9 25
12 26 27
13 15 16
7 24 18
1 16 6
13 25 40
15 23 38
9 11 11
15 17 10
6 20 9
13 30 26
3 7 26
5 23 8
2 18 7
12 31 17
2 27 32
1 21 17
9 15 1
11 32 2
12 18 19
3 19 3
4 4 39
3 18 34
9 9 40
12 24 35
10 21 29
11 15 17
2 24 4
13 16 27
12 31 24
9 31 35
2 4 26
1 30 20
3 9 6
11 19 29
13 18 38
14 20 7
1 10 27
11 7 19
10 15 21
10 30 6
7 13 27
9 3 32
8 25 25
7 24 31
3 23 33
13 2 16
15 22 13
3 11 19
15 26 28
5 21 5
13 25 36
4 19 35
11 21 23
13 9 17
13 1 35
1 3 26
5 29 5
2 31 31
8 5 12
6 5 1
5 15 2
5 19 31
11 21 1
15 8 15
8 8 3
15 28 34
13 24 20
6 5 29
8 2 17
12 27 36
14 27 19
3 22 34
1 14 6
15 9 11
8 1 38
9 5 6
10 20 39
10 23 37
6 7 10
2 21 16
8 3 17
10 22 18
7 29 24
6 32 18
2 6 25
8 27 6
8 10 36
12 8 34
3 1 22
15 13 11
12 8 31
1 15 7
10 12 34
12 21 16
9 23 11
13 9 4
10 24 31
15 9 28
13 21 22
14 28 29
11 21 18
10 19 17
10 30 22
7 25 11
14 23 30
15 29 23
6 14 38
4 28 10
10 23 34
11 7 8
9 9 7
13 18 19
4 22 27
12 2 17
6 20 1
7 11 8
11 16 30
7 22 2
15 21 15
11 13 40
3 31 30
10 27 37
13 24 30
9 11 15
1 6 1
9 10 9
3 2 31
13 15 23
5 21 6
9 10 15
11 14 37
11 1 15
4 18 26
8 14 30
7 5 12
3 23 36
15 27 9
9 8 7
15 8 33
7 22 27
6 26 30
2 21 5
1 4 38
9 23 30
7 32 7
7 23 31
9 32 10
6 21 30
10 31 2
10 7 4
5 22 34
12 17 7
10 8 34
6 32 23
11 3 39
5 16 34
8 10 27
13 7 23
11 13 37
8 10 26
14 17 8
6 29 37
6 31 8
2 18 28
3 1 22
14 18 13
4 27 23
12 6 7
8 8 21
8 14 39
11 2 2
14 13 34
2 26 6
3 7 3
7 28 3
6 7 35
6 10 22
13 21 15
9 26 10
3 31 27
7 21 19
2 5 10
8 2 20
5 11 18
12 4 2
9 22 20
12 8 11
14 29 1
2 27 8
6 23 12
5 21 22
11 9 7
1 22 25
8 20 13
1 5 13
12 20 12
2 15 19
14 17 22
1 1 14
6 5 9
9 22 22
7 24 34
8 23 37
11 10 15
1 17 38
7 17 30
1 3 17
8 18 18
6 26 3
4 8 19
5 21 35
5 18 19
7 19 38
8 26 2
4 19 40
11 8 22
3 10 19
3 4 6
11 18 11
5 11 4
1 16 27
4 8 39
14 29 30
7 24 10
2 4 33
8 10 40
4 10 17
8 31 22
7 26 5
9 28 19
15 27 20
14 27 20
14 2 9
9 7 22
6 4 28
8 28 26
8 21 3
14 4 12
9 16 6
5 30 9
14 3 34
3 28 7
14 26 25
1 32 27
10 17 4
12 25 10
1 19 18
14 21 40
10 28 14
15 18 5
8 31 20
8 7 28
12 26 21
11 5 1
4 5 3
9 18 31
8 9 5
5 22 5
10 32 37
6 2 33
11 9 11
4 23 25
13 31 36
9 6 2
11 15 26
2 13 32
12 24 21
8 22 33
10 4 9
8 11 34
9 7 36
15 23 36
5 19 2
6 29 2
12 30 36
5 29 15
13 23 2
6 29 35
15 19 26
14 17 10
9 15 15
11 12 16
10 11 26
6 20 40
14 15 20
6 22 10
5 19 26
4 17 9
3 19 8
13 15 26
11 32 36
13 3 4
6 14 29
8 3 39
3 17 37
9 22 33
14 12 29
7 17 28
12 2 40
1 23 35
13 20 39
14 18 36
10 30 11
1 3 1
9 14 21
14 23 5
6 3 23
12 13 36
12 3 25
5 11 11
13 5 24
11 9 5
10 18 14
14 6 32
8 7 3
9 24 35
13 4 32
7 2 31
9 3 37
12 9 29
13 16 32
8 19 9
13 13 27
2 15 32
10 12 24
9 32 18
14 27 37
14 3 11
11 8 37
4 22 13
13 13 27
3 23 1
4 14 40
6 11 22
13 17 20
10 7 7
3 21 26
14 5 39
7 12 26
1 17 30
15 17 26
1 2 30
3 3 12
1 21 24
5 10 3
6 10 36
4 21 25
3 12 23
3 9 21
5 2 33
13 25 14
12 16 15
12 18 28
2 21 20
7 10 26
3 11 32
11 9 34
4 30 17
5 30 8
12 23 6
4 9 8
13 16 25
8 30 8
13 31 15
7 17 28
1 3 15
5 30 12
8 9 11
12 11 16
14 1 13
5 7 9
4 4 34
4 21 22
14 13 9
10 22 27
3 3 33
13 8 22
13 11 31
11 16 26
1 24 10
14 13 13
7 26 9
7 4 22
9 2 28
8 5 37
1 23 33
1 10 16
10 21 35
5 3 35
5 29 20
13 29 5
11 28 30
7 15 15
2 30 18
10 29 11
1 8 30
6 26 1
7 1 39
7 5 9
10 4 16
2 14 28
11 6 20
12 16 26
12 22 35
1 17 12
8 5 4
1 19 34
13 13 10
14 17 12
7 11 18
9 21 13
11 20 8
15 14 15
11 18 32
6 2 24
11 30 20
5 30 6
8 13 37
3 23 1
10 5 5
4 18 27
3 6 31
10 25 20
9 15 4
11 26 26
3 10 4
12 13 3
1 29 37
13 23 15
4 3 24
2 22 39
15 31 25
8 13 38
3 14 24
12 14 8
5 25 4
8 27 16
8 16 26
1 14 27
11 11 9
11 13 3
2 23 13
1 30 5
9 23 38
7 16 20
4 1 6
10 14 20
2 25 34
5 31 19
6 29 37
7 19 32
2 25 36
4 14 37
1 24 1
3 14 7
3 31 29
9 27 9
14 20 29
11 28 3
6 17 35
13 31 4
2 14 1
13 29 7
7 9 6
6 12 36
14 5 21
14 1 23
2 16 9
4 11 14
13 18 13
5 5 20
13 28 23
11 24 25
13 31 34
8 26 25
1 4 37
4 24 24
8 30 30
7 23 6
11 7 20
6 26 13
15 24 34
15 10 35
11 14 34
9 2 22
12 26 14
13 30 39
13 18 15
7 16 21
14 5 15
4 11 31
13 16 22
4 21 34
15 30 29
14 4 9
2 4 32
10 17 28
4 20 16
5 25 39
9 6 26
15 11 8
15 2 23
3 9 5
11 11 30
4 32 2
3 4 26
6 21 23
6 7 1
14 19 14
13 19 7
11 31 13
5 6 11
10 4 29
4 12 38
9 11 23
3 24 9
1 32 19
8 18 39
5 30 30
7 21 6
8 3 14
13 9 1
10 22 39
5 31 26
15 21 23
11 4 9
6 14 22
12 21 26
6 20 14
6 7 16
1 10 14
15 20 36
13 22 20
2 6 28
4 19 3
11 1 38
2 11 40
2 27 26
9 5 6
3 23 33
15 3 6
15 30 26
14 32 39
15 14 38
6 9 25
15 8 28
15 2 23
10 11 19
12 2 24
2 5 16
9 18 32
6 13 38
13 16 15
13 14 39
8 3 4
10 3 35
4 32 14
8 4 35
8 8 1
10 25 38
10 29 1
5 9 20
5 21 32
6 32 12
6 25 11
9 23 10
6 2 4
3 32 23
3 3 16
15 18 28
12 1 19
14 5 28
14 25 9
11 22 31
14 28 33
11 16 11
8 10 33
10 32 28
11 8 24
1 1 2
7 22 38
7 6 30
13 13 22
4 25 40
6 27 1
15 19 20
13 29 36
4 17 7
13 24 37
3 6 25
7 21 29
6 6 11
3 3 9
15 20 32
5 18 14
4 26 38
6 2 20
3 17 11
12 29 38
7 6 4
11 11 14
2 28 7
5 25 18
13 5 15
5 11 3
6 1 26
8 17 8
2 26 12
2 9 27
4 1 5
4 8 8
8 24 21
15 6 13
1 31 9
15 22 11
7 22 25
12 7 14
9 24 24
10 24 17
14 1 20
2 6 3
3 7 7
2 15 30
5 18 39
2 25 24
12 6 36
15 2 36
7 9 38
9 18 26
4 5 6
10 1 14
13 17 35
11 27 9
3 10 2
3 3 28
15 20 29
2 3 10
11 32 2
10 26 3
3 31 33
9 16 18
5 8 8
11 31 36
13 4 34
8 23 37
3 17 6
3 28 18
14 10 24
7 19 17
15 22 12
15 20 2
5 17 25
14 30 18
4 18 21
5 4 19
14 5 32
3 2 15
11 27 24
4 10 17
10 18 30
12 24 24
5 27 22
10 20 9
10 23 21
5 8 7
15 7 7
2 2 40
9 18 28
8 6 4
15 25 39
7 19 14
5 15 11
8 16 32
9 32 39
14 22 22
13 29 38
11 5 12
12 16 34
8 12 38
12 32 8
9 9 33
10 4 35
11 21 39
15 6 12
14 18 29
14 5 19
3 1 1
8 13 35
9 10 39
10 15 31
8 27 19
12 32 38
15 22 30
14 16 26
4 3 12
10 28 11
14 10 25
11 32 28
3 30 27
7 15 28
8 11 3
7 22 19
1 9 21
14 16 30
5 24 14
3 13 19
10 14 33
14 5 22
12 12 28
15 15 7
5 18 27
3 31 2
14 10 13
15 32 22
10 22 35
10 2 27
11 16 29
12 29 21
11 8 36
9 31 32
4 9 32
7 18 26
4 23 37
12 20 9
4 15 13
10 8 22
7 5 30
5 21 31
1 27 9
1 17 34
8 32 18
3 32 1
4 28 6
10 26 27
15 15 16
11 1 9
12 4 31
14 27 39
15 8 10
13 32 13
13 24 21
14 17 36
4 4 25
7 18 34
3 10 1
2 32 12
10 17 32
12 18 33
6 32 7
8 6 7
13 7 40
7 32 4
11 13 13
10 17 6
15 9 35
10 28 20
5 22 40
2 3 1
8 7 12
14 15 2
12 9 3
15 26 37
5 28 19
14 23 22
5 26 15
12 19 38
9 31 6
2 7 8
1 4 38
6 20 21
15 6 4
6 15 2
3 28 40
4 1 32
3 13 30
13 23 21
4 16 22
8 14 2
13 4 12
12 22 31
8 13 13
4 26 6
5 26 27
6 20 36
1 17 16
14 29 26
6 28 37
11 22 15
10 13 35
3 24 19
11 2 13
7 5 30
6 4 39
5 31 22
2 22 23
14 7 37
8 9 40
2 30 22
15 29 30
11 2 16
10 24 14
15 4 30
2 1 36
14 23 14
15 18 11
14 20 20
11 10 23
11 19 22
4 28 24
13 10 40
11 2 35
11 30 22
5 26 4
12 32 6
7 25 13
12 18 34
5 18 35
10 6 34
12 5 26
5 22 36
13 10 15
14 27 7
2 23 23
15 22 25
2 3 8
2 12 5
1 31 35
13 12 27
6 9 18
1 9 16
13 5 18
2 4 37
2 14 36
15 31 39
11 24 37
1 10 17
5 5 21
1 17 38
7 7 27
14 15 23
15 28 28
4 19 9
13 15 26
14 32 23
8 28 14
15 28 32
7 6 1
9 11 10
14 23 18
6 14 40
13 7 10
2 27 19
5 30 34
6 10 26
14 16 28
4 8 8
7 1 11
13 8 27
13 14 17
2 2 31
12 17 36
4 7 1
11 7 22
5 26 16
5 7 32
4 16 20
14 25 4
10 31 6
4 29 22
12 3 1
5 11 24
9 1 12
2 4 9
11 24 25
13 1 10
12 12 13
8 22 17
5 28 24
7 10 15
5 9 20
9 25 25
2 26 13
6 10 26
12 2 40
10 16 40
6 5 20
14 19 17
4 17 34
1 18 9
11 4 29
12 9 18
5 28 16
14 23 34
10 4 35
11 31 24
12 19 26
14 7 32
3 19 5
8 30 3
8 11 16
6 26 18
4 19 11
1 5 40
2 20 22
4 13 26
15 21 37
7 5 38
3 8 8
1 12 40
6 25 23
9 23 33
11 7 31
2 20 9
8 11 26
9 24 22
11 11 18
6 18 33
8 4 12
15 15 28
9 10 36
13 13 37
15 28 23
13 13 16
3 7 39
3 30 4
8 3 35
3 30 23
6 23 16
11 13 24
7 20 40
10 8 23
8 10 24
6 20 28
11 5 2
2 5 40
3 4 24
2 30 5
2 19 8
11 24 4
15 28 26
13 12 2
7 22 31
9 16 5
5 32 36
2 7 33
6 11 18
10 29 5
15 31 18
7 8 29
5 3 33
6 30 10
11 7 11
10 23 28
9 2 35
4 8 28
12 23 15
14 8 37
14 12 7
8 24 21
14 1 16
1 16 25
7 23 26
11 9 1
7 7 22
5 30 9
15 7 36
11 31 36
3 23 34
5 30 7
2 19 12
13 25 33
6 27 25
9 15 10
8 13 7
1 1 34
8 22 22
13 20 27
5 14 38
15 18 19
9 2 12
10 21 35
15 14 19
11 7 12
4 24 4
1 24 11
13 4 11
15 21 15
6 23 17
8 27 19
3 16 6
11 28 17
6 2 25
6 5 38
3 10 12
13 17 13
13 21 24
3 29 1
2 29 4
3 15 35
1 2 26
9 13 32
3 1 37
14 15 34
7 32 3
5 21 16
10 2 37
12 18 21
13 22 27
13 10 27
15 16 20
11 22 32
2 12 4
11 11 32
15 17 4
7 10 26
3 22 26
4 24 38
10 7 18
3 32 6
13 5 31
14 30 19
14 11 31
15 14 2
8 15 35
5 19 18
5 28 19
7 8 1
2 7 32
15 26 36
3 31 19
9 15 13
2 27 16
3 5 25
3 10 23
2 15 28
11 4 39
13 20 13
5 29 26
7 16 26
9 9 5
4 25 35
1 9 16
5 2 25
8 6 12
14 10 11
6 28 32
10 20 32
7 18 31
3 3 35
10 4 16
3 22 31
10 18 30
4 15 5
13 28 1
15 20 23
2 17 23
11 2 16
11 26 29
14 11 24
12 26 23
1 6 15
8 20 22
7 8 3
6 13 34
12 32 21
2 4 2
12 18 7
3 12 17
6 4 38
3 15 5
9 17 13
1 8 25
7 13 34
15 24 31
7 17 2
15 25 12
15 6 16
13 3 14
12 29 22
12 12 5
10 24 33
15 14 34
13 24 17
8 19 29
8 19 12
9 14 29
6 29 36
2 4 31
14 1 39
2 27 28
12 22 5
9 28 24
3 31 40
6 1 33
14 24 2
10 17 33
6 14 13
13 19 40
10 10 36
12 22 39
13 32 18
15 26 10
8 13 31
3 2 36
9 15 29
9 9 27
6 9 32
5 23 19
15 11 40
6 15 17
4 12 31
11 27 3
4 28 39
13 32 1
7 24 26
6 11 26
12 24 38
10 9 24
14 29 23
10 25 19
14 10 18
13 18 21
11 15 2
13 4 29
10 32 30
3 22 18
15 27 11
10 28 39
5 8 37
12 31 30
14 3 11
2 12 13
12 1 39
15 8 5
14 18 16
8 29 3
5 20 4
5 14 26
1 17 35
8 28 12
12 26 9
14 14 20
8 3 13
15 18 25
14 22 6
2 20 29
12 1 11
7 11 29
14 23 32
1 8 18
14 8 34
6 1 4
8 13 7
1 30 12
11 3 15
1 14 17
12 27 35
11 10 38
6 21 31
9 3 38
2 21 17
8 11 22
1 16 26
4 8 8
2 13 12
3 3 17
6 13 34
8 11 17
8 11 20
1 25 12
3 11 40
6 5 35
10 30 15
10 21 29
15 17 14
15 19 25
6 22 6
13 32 19
3 3 32
8 23 16
9 5 11
9 21 31
15 26 40
2 3 19
5 16 6
14 18 36
2 1 36
14 32 12
10 24 33
3 24 16
15 17 8
8 26 28
14 18 28
12 25 35
11 28 30
9 21 16
11 6 40
5 26 5
7 14 25
9 28 8
6 26 35
3 32 12
10 20 1
11 2 22
12 19 3
14 3 8
13 20 31
9 6 10
13 1 16
11 27 2
1 7 33
6 7 31
9 7 25
1 20 21
3 6 33
12 20 23
5 5 31
12 27 4
6 2 34
7 21 40
12 26 19
11 14 29
3 30 9
13 11 3
9 2 9
9 19 38
9 31 12
14 2 15
10 3 26
10 11 16
8 30 26
14 5 33
14 3 20
14 8 22
6 22 24
8 32 38
13 18 25
3 16 14
8 23 3
3 1 33
9 8 37
15 16 8
12 14 35
1 5 39
14 18 16
15 19 4
4 9 23
9 30 6
4 20 27
5 13 30
10 27 34
3 18 5
12 18 26
15 24 12
1 25 24
13 29 30
11 6 2
12 30 34
2 2 37
5 24 26
1 22 18
3 22 29
6 23 8
13 1 14
9 10 38
8 27 24
14 22 7
8 4 4
12 4 22
9 29 27
12 3 12
1 11 25
12 30 13
7 12 28
8 22 20
7 32 38
1 13 5
4 28 26
1 12 38
15 9 38
1 13 1
6 30 21
2 17 32
4 6 29
7 25 34
2 32 33
1 27 8
8 4 10
9 2 40
11 19 14
10 13 13
6 21 35
1 18 40
5 24 11
15 10 8
4 1 2
14 13 21
7 4 13
15 16 11
14 13 35
12 28 21
1 23 32
10 17 10
2 15 11
4 5 14
15 5 23
6 8 17
2 16 22
7 3 9
10 24 23
5 9 15
14 18 30
5 24 36
12 7 22
15 25 16
12 9 31
5 9 8
12 6 13
13 19 17
2 20 16
5 31 14
2 3 22
15 14 29
8 23 33
3 29 11
5 17 27
1 6 21
5 10 16
14 26 34
14 19 37
10 31 37
9 25 32
14 32 19
6 25 23
6 6 2
1 26 6
10 23 18
12 25 22
5 10 10
7 3 25
13 23 6
10 22 14
13 25 28
2 1 12
5 28 4
6 10 22
6 3 26
8 12 40
3 10 29
11 18 24
4 7 31
5 31 32
2 4 18
5 31 11
11 27 18
14 8 37
11 13 4
10 10 29
5 11 34
8 12 10
7 22 25
13 7 39
1 1 13
1 25 35
3 15 37
4 25 23
9 25 34
6 22 3
14 26 25
7 1 33
6 1 1
12 14 30
14 31 35
8 24 21
10 11 33
9 19 24
4 30 2
10 1 6
11 5 31
13 13 40
11 1 35
8 31 27
13 26 34
12 28 31
11 7 31
13 11 5
1 18 36
5 21 31
8 8 19
13 12 31
3 6 18
14 17 6
4 5 29
7 5 1
6 16 37
4 8 34
12 26 25
8 32 32
10 1 35
11 25 15
5 30 28
15 2 4
14 21 22
6 7 32
1 17 19
12 12 40
7 1 37
14 32 19
8 22 36
2 25 16
3 17 9
9 20 21
3 8 7
3 25 33
2 1 12
8 20 19
5 19 13
14 24 17
6 31 28
6 15 2
13 10 24
3 26 35
15 16 18
10 8 6
12 31 22
15 19 6
14 28 24
5 11 25
14 26 16
7 2 29
11 2 27
4 20 4
8 4 23
2 18 31
13 27 15
13 8 4
8 10 7
11 11 20
8 23 30
9 20 15
5 2 8
6 18 26
12 29 3
1 22 2
15 12 11
11 23 18
11 19 15
10 22 6
11 17 35
6 7 31
2 15 4
15 13 28
15 31 29
7 19 28
1 30 11
9 28 23
10 9 25
11 26 36
13 13 1
5 28 40
6 25 11
3 7 15
2 18 22
11 13 17
10 6 1
11 22 18
3 14 23
10 28 21
14 7 17
3 30 18
8 20 3
7 5 14
13 6 17
3 4 21
14 31 27
14 6 27
12 22 7
2 14 24
5 19 19
2 23 35
4 19 2
3 17 20
8 10 24
2 31 13
7 21 25
12 32 7
14 12 12
7 24 14
15 25 17
5 22 23
4 14 24
14 25 22
11 30 34
15 25 37
3 26 17
6 31 20
5 16 17
1 24 30
8 13 15
12 11 9
12 1 15
15 16 38
2 28 25
3 26 19
3 22 1
12 19 12
4 5 16
14 2 2
9 28 27
6 24 19
2 19 1
3 21 13
13 21 5
9 26 27
12 21 38
8 32 27
12 3 40
14 2 34
9 30 35
15 13 10
8 31 15
5 8 22
12 4 10
11 25 36
7 28 33
5 21 11
3 31 32
4 10 11
4 28 1
3 24 7
5 27 10
6 30 7
4 23 22
12 3 2
3 17 3
2 24 9
11 29 22
11 3 15
9 7 31
1 22 35
2 23 6
5 21 9
1 2 23
6 9 36
8 24 13
11 14 5
9 25 7
7 28 30
9 16 16
12 20 7
4 29 17
7 29 28
15 28 13
10 18 1
4 5 28
14 22 6
11 17 40
9 10 6
6 28 36
11 26 36
6 20 10
3 11 18
15 21 8
6 25 14
11 21 29
1 16 11
10 24 19
11 16 17
1 28 8
7 27 8
8 12 34
2 30 12
11 5 23
11 6 7
1 12 10
13 22 40
5 12 20
1 30 34
2 22 5
8 13 32
14 7 5
3 8 7
2 7 35
6 26 25
6 24 39
2 26 36
7 31 39
10 11 21
3 11 12
10 32 9
14 27 15
9 10 4
1 4 16
10 1 40
5 28 12
11 12 34
8 18 5
14 14 16
10 9 27
5 1 6
8 5 19
10 13 10
10 10 33
5 21 35
1 13 27
9 28 39
15 18 15
10 12 33
14 3 27
1 14 24
3 28 1
15 17 27
7 14 29
11 20 17
12 27 18
10 32 26
7 8 35
2 24 2
8 31 4
14 13 16
13 17 6
4 3 26
13 24 37
7 1 34
2 10 24
9 21 27
7 31 18
12 32 20
2 6 37
1 32 21
9 4 7
9 24 5
11 2 7
13 6 13
8 28 31
13 5 23
6 19 19
3 3 16
12 25 10
6 13 2
5 9 8
14 4 34
5 12 20
3 31 25
10 11 16
15 7 3
3 25 22
9 30 18
6 23 13
9 11 25
3 8 2
5 28 18
11 25 3
15 23 27
12 20 11
15 29 23
2 22 30
9 2 32
9 21 18
9 22 25
10 22 33
2 14 10
13 15 12
7 27 9
11 4 19
6 4 6
9 21 35
10 8 6
3 15 40
8 32 40
5 22 15
5 24 39
12 1 1
3 6 31
12 3 22
3 2 40
6 12 31
3 3 13
11 32 37
9 8 22
2 26 34
9 17 34
8 15 40
12 12 4
14 4 25
2 26 28
7 31 21
10 4 3
14 11 6
13 31 13
7 17 9
4 9 38
6 29 39
9 4 13
6 30 15
2 32 10
13 27 25
1 23 8
11 1 27
4 11 25
7 10 10
14 15 11
1 9 34
6 31 37
1 20 5
10 24 31
1 8 7
15 5 22
8 25 5
14 30 5
12 27 6
10 11 3
2 11 28
6 17 37
14 26 32
10 5 9
15 30 15
14 2 19
12 31 25
14 30 13
11 18 39
3 9 16
10 24 16
6 21 40
8 6 9
4 22 12
14 32 14
9 3 1
6 20 14
9 13 27
7 13 29
11 24 8
15 9 23
3 15 3
3 26 35
12 8 31
15 30 16
12 10 38
4 8 36
5 29 25
15 14 19
12 16 38
2 19 10
12 15 1
10 11 28
6 32 8
3 15 27
12 28 5
9 15 17
5 16 20
3 12 3
3 23 36
13 9 9
5 14 3
5 24 6
1 14 21
10 8 21
9 20 25
1 21 26
2 18 24
14 31 5
11 28 35
1 21 18
7 16 14
8 28 37
4 16 2
15 7 30
6 15 38
13 8 21
12 5 3
4 24 27
10 2 2
3 29 12
15 3 3
3 9 31
11 29 29
13 12 16
4 28 22
15 8 7
4 3 28
15 14 35
11 2 34
9 2 40
5 6 8
8 3 38
10 4 15
7 21 2
13 24 10
11 10 20
13 29 40
14 16 6
7 16 36
11 30 4
2 29 29
6 28 6
7 4 40
15 19 32
5 13 23
4 15 38
15 21 13
1 7 15
11 12 26
7 27 5
4 14 31
5 24 10
12 20 35
9 23 34
15 18 14
2 9 12
15 3 6
8 8 21
2 18 35
9 24 32
11 18 40
11 17 12
12 2 20
15 13 20
10 7 16
10 15 23
3 12 37
1 21 22
15 31 28
12 22 25
3 12 16
5 30 29
12 13 26
7 13 17
6 26 10
6 5 5
12 15 35
7 11 21
5 21 29
4 9 20
15 24 12
9 23 35
12 32 6
15 3 7
15 14 23
6 29 26
1 16 39
6 23 17
11 26 16
7 8 35
5 9 14
10 25 13
14 26 6
11 30 13
13 28 24
11 23 8
8 1 39
3 31 19
1 31 25
14 5 37
5 31 21
5 21 5
2 32 12
8 20 18
14 20 20
8 29 32
14 24 7
11 15 20
12 20 11
7 18 28
8 3 21
3 1 33
2 4 18
14 12 11
2 17 12
11 11 21
2 27 2
12 17 8
13 6 27
10 19 13
1 23 1
4 27 9
2 4 21
9 24 38
15 32 28
4 3 17
6 26 15
5 14 15
13 20 10
3 13 25
7 22 5
11 12 3
9 9 31
8 18 1
1 14 27
6 3 23
7 21 1
6 1 19
11 30 30
15 10 30
13 1 32
15 29 32
11 15 17
1 4 30
10 32 3
4 22 11
1 4 27
10 13 31
10 21 3
14 27 5
10 16 40
8 4 37
6 24 22
1 3 13
6 19 27
1 5 7
11 13 33
5 29 4
8 11 36
15 22 14
15 19 35
15 27 2
1 4 33
9 20 20
9 5 21
9 16 34
2 18 6
1 12 22
9 6 11
2 2 20
6 29 17
14 32 24
13 27 4
4 27 12
5 21 26
8 6 15
2 12 36
3 22 22
11 9 2
5 29 15
4 2 25
2 21 1
11 11 22
11 20 2
3 29 3
4 14 34
10 25 19
11 27 17
15 9 23
9 1 8
10 15 23
1 16 34
14 3 1
3 15 10
1 7 26
12 13 21
5 22 4
8 14 32
11 17 23
12 8 17
13 17 21
7 26 3
6 30 19
7 15 25
15 6 18
13 6 10
9 19 7
5 7 2
15 22 32
5 6 38
12 2 24
6 23 25
15 22 24
3 26 31
2 11 40
12 6 34
4 9 2
6 24 38
1 23 22
11 4 4
2 3 3
11 24 18
12 22 28
12 4 31
5 24 4
4 9 25
15 24 14
9 5 23
4 3 38
15 27 6
1 21 7
6 31 19
12 26 10
8 3 7
1 13 38
10 12 25
7 19 5
10 7 39
9 3 20
2 32 4
12 8 14
13 12 9
9 15 10
11 25 5
11 29 30
4 19 12
9 28 5
5 30 32
10 23 23
6 23 35
7 29 23
2 29 36
6 23 36
3 3 5
2 31 4
9 27 36
15 14 13
1 2 15
9 23 39
10 6 21
5 6 25
15 10 8
6 21 31
2 23 12
1 18 18
3 27 16
14 16 28
2 22 38
1 13 39
4 26 32
11 5 13
12 30 36
9 27 27
7 4 31
11 11 17
6 8 9
14 19 29
5 19 19
12 9 16
13 5 24
12 6 29
13 14 2
2 30 17
3 22 23
9 12 35
2 8 8
15 6 8
4 24 9
3 22 33
4 16 19
10 14 29
14 23 18
1 31 40
14 17 9
7 27 13
4 30 35
5 14 12
9 8 2
11 4 27
4 14 14
12 18 10
9 3 11
10 10 33
14 1 2
11 11 28
9 1 38
8 5 32
6 21 36
8 25 23
11 29 15
13 8 21
15 3 26
8 21 16
13 8 11
8 22 24
9 1 25
8 11 40
9 4 17
9 15 8
8 27 8
12 27 34
1 19 39
11 12 34
13 17 17
8 26 37
10 16 36
1 26 29
8 3 4
11 5 34
3 13 19
12 30 24
14 21 38
10 22 32
8 2 24
5 9 36
10 10 1
11 31 15
8 4 15
4 8 21
6 19 28
4 28 12
6 9 24
2 24 15
7 22 22
12 15 3
15 28 5
4 16 36
10 32 23
14 5 29
15 11 39
9 4 24
4 21 17
14 3 9
1 9 21
7 20 39
12 16 34
15 17 34
8 28 29
12 12 37
5 18 20
10 27 3
5 22 28
13 24 26
8 24 17
6 13 9
4 22 3
11 31 30
4 3 34
6 17 15
4 20 28
1 11 24
10 15 8
4 31 35
9 24 3
3 30 8
12 20 38
4 14 3
1 23 30
5 22 18
3 11 7
3 2 10
14 10 6
10 21 33
15 21 24
13 31 8
12 17 7
6 14 25
7 18 33
15 27 40
6 26 1
6 16 4
7 32 5
6 16 10
3 7 9
10 12 26
3 24 23
9 24 25
10 5 8
4 20 33
12 1 6
7 1 39
3 28 14
12 6 19
3 17 16
6 12 13
8 18 39
1 8 2
5 25 26
5 20 1
3 19 32
11 10 34
13 7 4
1 21 20
13 21 14
14 4 14
11 11 24
14 4 14
12 9 15
5 2 37
15 28 29
13 7 22
8 27 33
15 26 10
1 19 35
5 25 21
9 21 7
6 7 13
14 11 37
7 3 13
6 13 26
12 6 36
5 30 15
4 13 3
4 28 36
6 17 38
8 8 23
11 21 4
14 3 33
8 4 14
10 23 36
10 8 20
14 12 26
4 10 25
10 1 34
11 25 32
10 23 14
10 20 33
6 7 35
2 2 32
12 1 13
4 26 25
13 10 11
2 23 7
13 2 12
12 7 40
13 1 31
8 27 24
7 32 23
15 21 38
12 22 36
2 2 3
4 25 27
15 1 16
12 6 16
7 20 31
5 16 11
1 12 15
6 26 17
5 16 33
15 8 2
4 19 37
9 20 2
4 20 38
6 11 37
7 19 37
15 15 31
3 22 13
12 21 33
13 1 24
10 12 5
2 19 35
5 13 17
6 14 18
10 4 25
8 10 35
8 19 13
11 20 27
3 7 34
3 29 39
6 31 1
9 10 2
6 21 36
10 28 12
1 6 31
7 30 40
14 7 8
7 3 28
15 19 22
3 11 35
6 32 8
2 7 2
7 2 25
9 11 5
3 8 10
9 26 35
8 10 7
15 22 19
6 32 19
8 15 16
2 13 4
8 7 16
14 32 6
13 2 26
3 4 5
11 21 19
2 27 33
2 8 36
13 11 7
14 8 19
4 21 40
6 13 2
5 17 20
13 25 24
6 14 36
4 28 29
14 7 23
10 5 21
4 7 40
12 2 6
15 26 33
7 14 9
12 5 14
4 7 25
2 15 40
9 26 8
12 13 27
6 1 12
7 14 33
14 12 32
2 15 17
1 22 15
14 6 3
12 6 16
1 11 3
15 3 3
13 4 37
1 1 39
10 15 18
6 30 5
13 25 31
14 25 7
7 26 8
10 2 35
11 12 19
10 14 10
10 5 4
12 11 8
13 25 36
12 27 1
1 9 15
12 18 3
12 1 14
9 1 18
9 16 14
6 1 34
5 12 12
15 30 1
15 14 30
2 18 17
15 28 17
12 28 25
7 27 33
3 10 16
1 32 24
9 25 16
6 29 25
9 19 8
4 2 27
11 31 17
13 28 23
3 22 22
4 10 33
15 4 30
14 28 40
13 20 33
13 7 10
15 18 38
6 2 37
2 14 32
12 26 8
13 28 4
9 18 36
10 14 18
10 25 37
6 32 10
7 26 28
10 8 12
14 2 31
7 19 2
14 4 33
2 31 24
14 2 7
8 2 23
15 17 28
9 26 32
5 20 36
8 11 9
3 22 35
5 29 24
10 28 4
10 7 29
7 20 38
7 5 3
1 22 21
10 9 22
12 25 9
3 9 27
3 24 20
1 30 33
6 15 16
9 20 6
4 8 6
3 20 24
5 31 33
7 18 37
5 4 26
13 7 6
10 4 8
9 28 27
5 20 20
1 26 14
10 25 36
14 16 17
10 29 22
11 28 8
15 19 12
15 22 17
5 25 13
8 25 26
5 1 3
12 8 8
15 24 25
10 7 30
7 24 16
3 23 17
5 21 12
2 10 21
13 8 34
1 5 40
8 11 10
9 6 4
1 19 15
8 1 3
3 11 23
3 6 16
3 23 9
10 21 28
14 22 30
12 8 12
7 24 23
1 2 37
4 29 10
14 27 5
5 17 31
10 17 10
7 19 12
2 7 2
5 14 27
12 1 18
4 13 15
13 31 7
11 14 34
2 12 11
6 10 12
5 4 4
6 31 17
15 6 26
5 29 35
2 27 33
7 14 13
12 29 25
8 20 34
11 31 22
1 1 21
1 13 13
3 4 19
2 26 18
14 18 4
15 25 25
1 31 29
5 11 9
6 23 8
3 25 28
12 18 32
8 27 15
13 30 15
10 19 33
1 6 30
6 28 11
11 20 22
4 13 12
6 10 40
15 7 15
2 22 21
11 17 24
12 1 8
4 26 2
1 6 13
9 25 16
8 10 25
5 20 20
13 19 39
10 31 19
8 15 15
13 26 3
10 27 8
12 2 31
5 8 21
8 17 12
12 30 1
15 22 23
2 24 34
1 18 3
6 7 10
13 1 39
14 9 10
8 14 29
5 27 13
1 15 12
10 32 5
5 29 7
12 4 17
8 4 34
15 5 40
14 3 13
10 8 34
6 22 1
14 25 37
14 6 38
8 5 7
10 12 37
6 13 4
6 14 24
4 30 26
15 20 26
14 11 9
9 27 15
3 29 26
9 4 27
9 28 26
3 6 23
9 17 34
12 30 3
2 3 29
3 10 39
4 14 35
9 6 36
2 18 33
8 22 30
7 16 30
4 20 12
3 24 17
12 2 10
12 16 38
8 20 35
13 17 35
12 14 17
2 32 32
9 30 10
13 31 14
4 26 24
15 10 15
15 30 37
13 30 35
11 2 20
13 32 31
4 17 28
13 21 38
5 6 10
8 8 24
11 4 13
12 1 36
8 17 33
1 4 31
15 17 8
1 7 12
13 2 24
5 23 34
15 18 4
2 8 28
13 19 10
10 24 18
2 22 18
7 7 12
8 17 12
4 22 24
9 32 35
6 10 28
8 22 8
6 2 33
2 8 28
14 16 29
13 25 3
3 1 9
14 9 36
13 32 24
4 28 15
6 30 23
4 19 8
3 18 14
12 28 30
5 28 35
7 27 33
5 5 22
11 19 27
1 15 22
10 27 24
11 27 35
5 5 7
13 21 10
2 6 35
5 28 12
6 6 39
9 27 3
4 14 39
4 5 12
14 2 1
4 24 14
4 3 36
7 10 24
4 16 29
12 30 5
13 8 36
15 10 35
5 19 28
4 6 39
10 1 29
12 3 12
12 8 1
10 14 14
8 26 23
4 29 34
3 5 31
1 23 20
7 6 9
1 22 21
10 15 9
5 23 2
4 13 39
5 25 28
3 8 19
11 28 29
4 2 2
12 27 27
14 21 20
1 3 36
5 31 28
12 11 13
13 6 22
9 3 1
2 18 33
5 6 39
3 14 39
1 1 16
13 19 35
3 32 31
12 24 15
6 18 34
6 27 14
15 22 38
1 16 35
10 17 17
11 20 4
14 17 2
1 22 39
7 31 36
2 19 35
4 9 1
11 8 21
10 27 39
12 17 26
11 22 19
5 18 14
9 21 22
13 12 28
8 1 9
8 2 20
13 1 17
2 31 10
6 31 17
2 23 20
8 25 21
11 8 32
14 18 20
8 1 23
9 4 27
10 10 38
4 25 14
14 6 1
3 31 24
6 29 33
8 25 14
10 32 16
6 27 36
13 12 11
7 18 25
11 12 29
1 15 12
2 18 37
3 29 15
15 2 22
15 15 38
3 23 18
1 2 14
13 20 10
14 6 13
10 5 19
8 20 23
7 21 1
3 25 28
5 12 15
4 6 27
14 15 6
2 5 16
14 31 40
6 15 39
1 5 34
8 12 20
13 17 29
11 18 22
11 4 14
10 14 6
4 16 25
2 31 2
9 19 18
10 3 40
2 4 14
1 13 14
2 3 23
9 16 25
8 12 12
5 15 7
11 20 10
14 28 32
4 14 33
8 18 3
2 12 7
10 21 29
7 4 33
13 5 34
1 14 12
3 19 19
11 10 30
14 32 17
7 15 35
2 23 33
10 7 23
7 27 25
4 18 39
6 18 11
1 13 13
3 13 19
2 5 37
5 18 18
7 9 7
12 18 33
12 2 11
5 26 18
7 18 5
6 16 22
8 29 26
9 28 13
14 4 26
8 16 27
1 28 36
4 10 39
5 8 7
7 22 13
8 5 31
12 31 22
9 24 31
1 29 3
2 26 20
10 22 35
3 5 33
8 13 31
7 30 34
6 8 27
1 18 33
10 17 24
10 19 19
3 8 38
10 10 35
11 10 4
9 18 14
9 8 29
7 5 24
9 5 6
14 5 14
10 6 8
3 9 40
12 21 23
13 15 24
6 30 29
10 4 32
12 6 14
11 28 30
5 14 13
9 7 22
3 9 19
14 12 31
11 15 3
15 20 33
11 10 34
1 18 3
3 12 7
10 28 3
6 22 15
13 3 40
4 6 33
7 29 27
8 14 29
6 11 40
4 21 35
8 7 12
11 29 37
10 30 33
6 18 35
7 2 29
5 5 40
11 18 35
1 15 16
12 14 15
11 17 30
13 22 29
3 10 19
10 10 10
1 22 37
9 1 31
12 6 11
8 9 19
8 27 20
10 1 22
1 2 20
5 2 39
10 1 15
3 5 1
4 12 37
14 27 15
2 32 9
10 24 6
8 8 35
11 5 17
15 27 22
13 26 9
10 15 40
4 18 10
11 26 4
5 1 37
2 1 7
1 13 17
12 27 39
2 13 5
14 9 23
3 7 2
15 11 17
14 15 3
11 18 9
7 2 2
2 17 11
13 14 37
7 25 36
10 6 3
6 23 40
15 26 4
8 16 35
12 30 12
10 26 18
1 8 26
1 14 11
5 14 28
10 12 3
10 10 25
6 8 34
9 6 29
15 31 21
14 23 5
12 30 10
3 31 16
11 30 25
5 22 23
9 32 6
12 8 3
10 18 24
2 23 16
11 12 5
14 2 5
13 28 13
1 5 10
12 2 32
2 9 39
3 17 2
9 22 14
13 30 23
7 17 16
9 20 30
3 5 3
7 27 1
5 25 20
2 30 7
5 8 18
15 3 20
10 15 4
14 19 32
7 7 30
1 11 21
14 31 27
11 4 22
6 30 20
3 14 3
7 18 35
12 8 38
8 12 11
11 11 32
12 15 16
4 4 34
6 12 38
9 20 39
1 27 5
11 18 5
13 19 5
4 15 6
12 19 27
5 19 5
4 21 6
3 15 25
7 4 6
14 13 13
9 28 10
13 16 38
3 4 30
10 21 17
13 18 12
13 27 38
10 9 31
15 24 4
11 9 36
13 6 23
1 31 19
7 17 28
2 29 24
14 30 19
3 14 5
9 18 28
3 21 29
10 10 38
3 6 17
6 17 2
9 9 14
13 9 23
14 13 5
15 8 14
14 31 38
3 1 6
4 30 17
4 6 20
15 25 40
10 3 20
13 15 18
10 6 38
6 23 5
10 31 11
10 4 2
15 7 35
11 19 33
1 15 40
1 19 27
11 25 23
12 17 31
6 26 14
12 25 37
6 29 11
3 22 7
5 2 5
4 6 31
7 27 33
7 32 18
4 27 3
3 17 33
1 31 31
9 19 38
15 8 3
1 9 20
14 22 17
9 23 24
4 13 2
1 12 38
10 22 23
15 13 21
13 9 37
2 19 1
3 19 32
13 15 33
4 15 7
12 13 15
15 25 9
12 13 5
5 17 17
2 7 40
5 7 34
5 7 26
7 10 25
6 6 25
14 3 1
13 18 29
5 2 27
15 4 38
11 16 28
5 29 37
12 32 40
14 17 15
1 28 16
4 12 32
11 1 32
14 20 24
3 17 2
14 16 10
10 21 28
8 2 15
2 9 13
7 17 18
5 24 16
14 6 22
8 10 7
12 30 8
6 7 14
2 1 20
6 24 23
9 11 25
4 12 1
11 10 10
1 16 2
6 4 10
7 32 32
13 2 37
1 25 23
12 30 35
11 13 19
4 4 31
1 6 34
11 9 31
7 16 12
15 17 33
5 18 19
3 16 23
8 17 40
8 22 35
2 22 31
9 26 7
12 16 25
3 19 30
4 28 2
15 21 12
14 28 3
6 28 9
15 27 17
6 21 10
12 14 10
9 3 34
13 13 5
1 3 13
5 4 18
7 23 17
13 3 26
10 32 26
13 28 8
6 1 25
6 28 15
12 8 11
7 10 19
13 11 2
4 18 23
11 28 11
14 23 24
15 15 33
10 24 24
14 24 36
3 12 29
15 32 6
11 23 35
9 13 29
7 26 24
7 15 21
13 10 9
6 32 8
12 14 28
10 22 30
13 19 27
15 13 31
12 10 33
12 2 26
7 24 7
2 28 7
8 31 9
5 17 13
6 10 9
3 15 15
3 3 28
6 31 22
5 22 19
7 12 14
2 23 11
14 26 13
4 19 6
5 9 7
8 1 11
8 19 10
15 22 21
4 7 36
13 9 1
15 15 8
10 20 16
8 13 32
10 9 13
9 30 16
11 3 26
9 32 4
11 24 36
3 3 14
12 6 1
7 11 7
8 11 6
8 27 13
7 15 10
14 30 27
9 26 3
7 1 16
14 1 36
15 28 2
11 30 24
4 31 24
6 22 38
3 4 32
6 11 25
14 11 6
8 28 36
14 30 25
13 30 14
13 20 29
4 5 17
13 24 2
1 27 20
15 3 22
9 21 23
14 9 14
11 17 21
12 32 18
4 29 30
11 25 37
2 27 29
3 27 8
15 29 1
7 32 28
15 29 20
7 22 6
1 13 22
10 11 36
12 6 24
3 27 20
15 26 26
14 21 35
4 29 31
12 17 33
7 11 12
12 3 32
13 6 2
12 23 19
1 12 38
2 13 20
10 1 29
14 25 17
5 3 19
2 1 2
2 15 37
13 13 21
11 27 14
1 9 5
12 10 39
10 21 17
9 24 12
10 11 16
14 3 13
7 13 40
13 18 10
7 28 30
14 30 29
14 22 7
7 29 27
7 27 27
2 7 2
15 8 10
3 12 5
5 27 29
7 3 37
12 28 2
10 9 12
11 19 38
3 4 27
15 8 19
12 10 33
2 2 36
1 26 22
5 12 1
6 4 27
6 18 13
14 18 11
15 27 24
7 5 12
9 6 36
8 31 10
13 19 15
4 5 10
10 17 28
10 27 5
2 16 36
11 19 10
6 5 22
13 7 30
8 8 12
5 31 23
13 9 33
6 31 14
8 28 14
10 32 23
4 27 12
9 26 12
13 23 22
5 19 34
14 4 7
7 26 18
3 10 21
15 10 25
4 27 37
13 25 40
10 14 3
6 22 36
3 2 17
11 3 34
2 21 35
10 14 27
15 1 26
1 7 11
15 25 19
2 26 35
5 17 31
1 19 38
15 31 24
3 6 28
2 18 40
13 16 15
7 3 32
10 31 25
2 30 2
15 4 22
12 14 12
10 17 3
5 13 23
11 15 22
4 3 36
13 20 17
2 24 37
13 28 20
5 13 19
13 26 10
13 11 24
2 2 1
4 25 17
14 3 9
1 3 35
7 5 30
15 22 39
13 10 30
9 12 10
2 5 15
14 18 3
14 3 5
10 18 18
12 6 24
14 23 26
7 31 34
11 22 36
6 3 14
15 5 35
4 9 8
3 11 30
8 25 12
12 3 13
13 14 40
15 31 19
2 19 29
4 17 14
11 22 15
15 3 26
4 7 30
4 6 1
12 27 37
6 7 9
3 30 28
12 6 4
15 1 20
2 27 7
12 1 27
9 28 2
11 15 17
11 19 9
8 14 20
15 2 6
11 10 11
12 26 11
6 11 26
8 4 7
10 25 3
2 11 8
13 23 24
12 3 23
4 20 14
4 5 4
12 16 30
15 20 24
15 7 31
4 3 35
6 12 32
15 16 6
11 10 33
7 4 24
8 26 35
7 6 27
7 25 38
13 20 36
10 27 21
10 26 11
8 10 6
6 11 6
5 14 29
10 18 3
15 1 5
2 22 33
13 28 29
11 16 28
11 28 32
4 16 9
7 13 15
2 20 28
3 19 38
8 10 30
6 20 37
2 27 40
4 1 27
7 19 27
3 21 24
13 6 22
12 29 33
14 11 30
14 5 6
12 2 14
4 19 27
1 24 32
14 15 15
5 5 22
3 19 34
1 8 8
12 17 7
4 1 20
12 21 10
3 26 17
15 29 31
4 12 19
7 13 33
6 30 14
6 3 39
13 6 32
9 23 20
5 14 33
3 16 6
2 14 11
5 32 9
1 9 5
15 21 24
15 14 26
3 27 20
2 25 36
4 4 16
9 2 30
3 30 30
10 3 26
6 11 20
7 23 32
2 28 29
7 5 7
8 4 4
3 10 27
15 9 23
15 4 9
5 17 15
5 9 15
4 5 32
10 6 12
8 15 30
5 3 35
4 7 16
6 10 31
7 17 3
6 14 22
5 6 35
12 23 23
15 21 34
15 23 34
15 19 16
8 6 32
5 5 24
5 2 2
14 3 17
10 14 6
6 31 8
13 29 27
10 12 36
8 4 15
7 17 40
10 20 8
10 17 13
3 21 4
1 2 27
6 11 21
4 16 40
3 8 35
1 24 6
4 13 7
6 12 15
8 3 28
10 26 20
8 4 6
8 15 12
10 20 20
6 25 34
2 28 19
7 2 31
13 15 19
8 14 28
8 26 33
2 26 9
2 11 21
14 14 33
9 16 29
11 32 37
6 2 32
14 20 15
9 4 37
1 5 39
2 27 39
2 28 25
3 1 29
8 7 1
13 27 8
5 24 25
5 28 29
3 16 32
14 31 16
2 18 7
13 2 37
3 14 35
8 26 22
2 8 25
13 22 30
1 5 12
8 11 19
14 31 29
4 30 2
1 22 9
6 5 36
2 19 9
5 28 3
8 32 31
4 18 35
4 3 25
4 23 14
5 28 14
15 31 26
4 9 24
15 11 27
6 23 5
15 5 35
10 21 27
15 28 27
9 4 25
1 23 7
15 20 14
6 8 4
3 11 18
1 27 2
8 26 17
11 13 29
8 20 24
10 28 9
1 12 33
13 29 11
4 28 26
5 13 19
7 18 18
2 26 25
13 19 25
1 1 29
12 8 24
7 20 35
4 24 19
1 25 13
5 6 26
2 21 2
15 6 2
11 28 25
10 9 14
8 18 17
2 27 1
7 17 15
7 8 32
1 22 19
7 24 17
11 12 6
12 7 24
8 13 34
8 5 18
4 25 7
6 11 8
1 4 9
15 26 22
8 13 19
11 19 7
1 17 12
13 29 16
7 11 30
12 9 3
12 8 19
7 5 2
9 24 29
7 2 2
5 14 19
11 7 24
7 14 8
5 24 35
2 9 6
15 25 33
6 20 30
13 6 12
15 31 32
5 24 21
11 8 14
11 6 40
14 26 31
3 25 30
15 23 5
14 23 4
7 31 2
10 32 39
15 11 18
4 23 10
6 22 16
14 26 2
10 6 13
6 11 38
10 12 13
1 10 1
7 24 31
2 18 5
1 31 3
1 26 38
2 9 2
6 27 30
1 22 21
4 9 34
2 27 5
10 25 36
6 2 3
13 18 29
6 7 8
3 23 13
10 18 33
13 19 8
3 27 5
11 15 40
15 26 4
2 1 24
14 19 27
6 15 19
1 30 19
15 21 22
15 11 16
13 1 7
9 23 23
8 2 22
3 22 17
6 32 24
4 25 9
8 18 10
8 28 13
3 24 8
6 7 33
2 32 39
10 3 8
1 7 32
12 9 5
5 7 14
7 31 29
6 4 20
4 17 17
15 9 32
11 30 30
11 6 19
11 21 13
10 26 17
12 1 32
12 11 37
5 32 16
9 2 33
6 1 39
2 29 12
9 4 20
11 27 5
9 20 7
11 7 6
7 24 32
10 21 23
10 13 27
12 20 35
2 7 29
4 5 7
2 17 35
10 3 25
9 17 31
7 1 6
7 21 1
1 24 16
4 16 30
2 7 29
11 11 16
7 27 18
14 1 18
2 21 19
10 28 20
15 31 12
5 24 24
7 6 22
12 16 23
15 1 3
15 18 4
2 24 9
4 25 39
14 24 23
14 7 17
8 18 14
11 6 21
12 12 31
15 9 8
6 15 9
5 18 33
11 16 12
8 19 8
3 21 21
11 7 3
13 18 19
3 22 30
13 17 8
13 32 9
1 3 20
3 1 34
6 28 23
7 9 23
9 25 22
2 30 27
2 19 35
6 26 30
9 15 21
4 26 15
14 28 16
15 13 21
4 29 5
12 18 10
6 4 4
4 6 37
15 12 17
6 32 35
5 30 9
1 16 2
1 19 13
9 29 35
1 20 25
1 28 28
8 3 38
4 5 32
7 29 16
4 19 25
12 8 33
14 2 28
4 22 9
12 23 33
13 24 21
15 9 10
15 31 4
5 9 38
4 13 36
2 30 33
7 27 22
3 32 5
6 4 31
8 14 2
8 25 1
14 24 21
1 25 15
8 10 4
2 15 2
14 3 3
15 14 31
4 23 25
11 30 25
4 2 31
15 22 7
1 25 38
9 6 30
10 23 18
12 13 13
12 9 27
6 16 39
3 31 16
4 25 8
15 7 11
13 10 22
9 3 1
6 20 15
7 31 7
4 15 1
14 27 10
15 25 20
14 20 35
1 25 17
5 15 5
10 26 29
6 19 37
1 4 23
6 7 18
11 24 19
3 8 27
11 27 36
6 11 28
13 27 32
2 24 25
8 20 24
8 11 35
12 17 17
10 13 28
1 3 20
1 14 39
15 10 24
3 2 22
6 17 28
6 11 26
4 31 13
6 19 26
15 18 33
11 19 18
6 3 26
7 32 10
14 30 28
5 12 5
13 30 1
12 12 24
10 16 39
14 20 24
10 11 17
13 17 6
6 11 23
15 3 25
5 25 11
2 19 33
1 20 2
1 6 11
13 28 40
13 21 4
6 19 20
9 23 27
1 14 33
4 18 9
3 15 2
14 3 36
11 10 1
9 12 26
6 17 25
1 15 25
12 2 4
15 17 28
12 16 21
4 15 13
14 12 13
14 11 1
10 29 26
14 10 6
2 12 36
13 14 6
2 6 28
9 26 34
9 13 31
13 26 18
6 5 18
11 24 20
4 32 33
11 21 19
5 12 35
8 4 39
11 16 4
9 10 8
12 21 24
8 27 36
8 28 40
11 17 8
11 27 14
9 5 19
1 17 30
11 4 22
5 24 37
10 9 20
9 23 37
11 21 7
4 9 17
13 22 7
10 31 11
13 18 17
6 28 2
13 23 14
4 32 22
6 9 38
11 16 30
5 13 28
4 19 23
4 25 16
15 30 8
8 28 24
6 2 35
6 8 37
3 2 21
9 29 16
10 6 33
1 9 27
2 20 31
8 10 10
6 12 32
4 20 35
9 5 40
5 23 35
5 28 24
2 23 28
13 20 35
9 18 11
10 21 1
10 11 19
10 7 21
1 5 28
11 14 23
14 8 29
9 3 31
8 28 29
8 32 39
8 4 33
12 23 36
10 1 36
11 23 16
11 4 35
11 11 11
7 14 33
3 23 17
12 8 32
6 11 37
5 29 24
11 23 2
6 21 35
12 20 28
1 13 3
9 20 5
9 24 11
4 12 12
5 25 36
12 15 20
10 27 30
9 13 31
9 23 10
6 11 13
6 16 13
1 16 10
8 4 34
8 18 21
3 29 26
13 4 22
12 10 10
15 8 22
5 30 20
14 16 32
8 2 34
10 16 39
2 26 26
4 3 1
1 22 28
10 21 22
8 20 32
5 10 3
1 23 8
5 8 7
10 26 37
1 15 37
15 6 17
5 4 25
12 19 35
9 31 22
10 31 21
4 17 30
10 15 25
5 12 20
12 4 18
4 2 16
12 20 38
4 27 32
12 28 3
1 12 13
1 29 29
13 7 9
12 32 37
7 30 4
2 12 5
6 11 12
11 10 19
2 9 36
12 5 16
10 6 38
8 12 11
12 23 25
12 14 40
2 9 19
12 23 1
6 29 34
13 26 17
11 11 23
6 27 15
2 21 2
15 23 13
1 5 24
3 12 6
13 4 33
14 5 14
7 27 38
14 9 24
3 2 29
13 2 19
10 15 26
6 18 7
6 28 30
3 31 37
5 5 25
5 24 8
12 8 6
9 7 10
11 6 9
14 3 15
10 7 10
9 8 36
14 4 21
2 9 38
12 8 21
9 16 14
10 31 36
9 13 27
15 10 31
11 19 38
1 19 5
4 8 16
15 9 26
8 31 15
9 26 28
4 17 31
6 18 10
15 14 18
15 22 36
6 21 4
1 2 2
13 18 14
13 13 24
11 16 36
7 26 9
6 19 19
10 8 13
14 32 23
9 13 23
14 29 1
10 7 11
15 12 15
9 18 34
11 16 15
4 22 6
5 31 28
7 19 16
12 23 15
5 29 17
9 18 25
1 16 37
11 29 9
6 2 11
12 29 10
9 18 31
3 12 13
10 5 24
9 30 23
7 22 37
1 20 22
7 5 7
6 15 16
12 4 12
15 4 14
1 2 34
11 17 8
11 18 4
2 30 5
2 23 33
15 22 21
3 5 8
9 16 18
5 29 9
8 10 40
6 9 21
2 22 10
12 18 17
1 28 23
9 4 18
15 9 2
5 1 27
11 24 16
11 2 34
5 4 10
11 15 18
5 26 36
13 32 34
1 31 16
6 5 29
8 21 28
8 24 20
9 28 6
4 25 39
6 29 21
9 14 20
9 26 20
13 29 14
7 22 22
12 17 5
3 27 14
3 4 1
7 19 24
2 5 3
9 20 7
5 8 17
5 32 19
12 28 26
12 29 2
9 21 20
5 15 12
13 9 1
12 21 5
15 18 13
7 8 3
8 20 17
13 13 36
1 32 8
7 32 35
4 19 23
15 4 23
4 30 38
15 2 12
7 9 3
10 12 24
3 21 17
10 13 37
4 24 39
8 12 25
8 16 15
1 7 21
10 21 8
7 7 1
3 9 33
6 19 35
4 26 26
14 29 12
1 20 15
12 14 39
7 14 2
10 32 25
11 10 38
11 28 12
1 31 3
9 2 22
12 7 32
1 30 38
15 12 26
12 9 23
14 9 39
7 31 26
7 32 11
5 29 27
11 12 7
12 1 34
12 11 7
2 27 23
3 27 19
5 13 22
15 26 34
14 14 29
3 23 23
12 18 27
8 6 19
13 18 13
3 5 1
13 17 21
15 14 14
7 19 26
11 9 29
14 24 35
8 2 1
11 9 22
9 2 25
1 19 36
1 6 24
1 4 7
13 14 16
7 24 24
6 2 35
7 3 10
13 17 10
7 21 22
13 14 27
7 28 22
5 7 25
12 11 26
6 30 40
9 9 18
10 4 36
4 8 7
1 32 34
3 18 38
6 10 36
13 32 27
8 21 23
3 22 35
14 11 23
4 4 26
13 13 14
10 10 1
5 19 21
14 23 24
15 14 30
1 8 30
13 8 36
10 16 28
11 25 30
5 25 27
12 8 17
6 6 4
4 3 4
13 8 29
3 31 31
1 10 25
7 12 28
1 2 26
14 3 39
9 6 25
11 26 33
12 2 10
4 3 34
13 6 38
8 18 7
12 3 26
1 24 5
8 4 24
7 6 4
5 31 40
9 13 34
11 6 25
1 28 28
15 8 36
4 13 23
10 14 16
8 18 31
8 29 22
3 13 7
14 5 16
7 25 26
5 13 36
3 31 30
8 2 17
3 32 30
8 4 4
11 17 40
7 4 40
6 2 32
12 4 30
1 4 3
5 5 16
13 11 27
4 3 25
1 7 7
4 29 11
15 18 35
3 16 29
6 32 17
10 32 21
11 3 16
1 18 19
12 26 17
15 32 10
10 13 21
6 15 18
13 17 4
2 14 22
10 31 36
6 28 33
7 12 24
6 8 23
7 19 3
5 7 8
8 13 22
5 17 12
11 32 15
3 24 19
7 24 2
10 16 14
2 15 10
2 29 4
3 17 24
15 6 22
15 26 15
5 8 8
13 14 20
9 5 33
2 20 8
1 1 7
7 1 10
4 2 21
5 16 26
11 29 12
1 30 38
1 3 19
13 7 27
15 15 20
5 18 33
5 26 33
12 1 10
8 12 13
4 1 40
3 18 3
15 22 31
8 2 7
1 8 12
6 17 2
3 31 1
1 9 3
8 28 25
7 4 29
2 18 33
2 2 22
2 18 11
8 4 7
4 24 28
2 12 6
7 24 9
15 19 34
9 18 18
7 9 38
7 6 18
9 24 22
13 18 2
15 22 37
10 10 8
12 9 16
5 11 17
15 3 3
10 32 1
14 22 4
15 16 23
5 24 21
8 5 7
14 22 10
12 14 20
5 4 28
11 21 4
2 5 38
13 19 18
12 4 14
8 12 12
10 27 17
1 20 35
11 4 7
12 26 3
10 5 27
15 27 34
15 32 36
14 15 35
1 30 34
4 13 35
1 12 4
13 30 27
4 4 40
8 18 14
7 23 18
12 8 29
14 22 7
1 8 25
1 20 40
7 18 1
14 3 12
9 12 38
10 28 17
3 15 12
9 18 35
4 9 5
9 9 2
3 7 2
8 20 25
15 21 34
8 30 22
15 19 5
13 7 15
1 32 11
10 21 1
5 17 34
12 26 33
1 23 5
1 26 14
1 3 27
5 13 11
12 18 39
3 7 1
3 31 38
10 24 8
12 18 26
5 16 18
9 18 11
4 9 24
7 22 36
10 32 32
2 24 36
11 25 24
4 32 17
5 9 32
1 1 24
15 26 37
15 3 35
2 12 17
12 1 5
13 6 31
12 28 30
2 9 18
14 18 12
2 28 26
7 2 3
11 25 6
2 12 4
12 30 39
9 8 36
4 32 40
7 3 17
8 10 28
1 15 39
1 32 7
10 15 25
8 29 10
4 2 16
7 17 28
10 20 32
4 21 26
6 21 12
13 21 33
3 21 15
5 19 28
6 13 10
2 2 24
5 26 20
3 21 34
9 24 5
6 28 25
6 5 2
11 17 10
15 22 4
15 5 15
3 11 15
3 17 4
9 9 40
15 26 33
12 12 4
14 7 28
13 2 33
6 5 26
3 15 27
3 31 4
7 6 21
15 1 29
8 14 20
1 32 10
15 6 28
5 9 13
7 22 25
7 29 16
13 23 40
5 5 31
1 2 2
12 29 28
9 29 4
3 16 27
1 18 27
5 26 1
13 2 4
11 29 4
10 4 29
12 6 7
3 11 30
10 31 15
4 8 13
12 31 21
2 26 19
5 11 9
7 7 7
13 21 21
6 3 13
9 3 7
5 24 35
11 26 15
9 16 28
5 24 33
15 22 3
2 10 19
9 27 30
12 7 9
5 12 34
13 26 6
10 23 17
9 10 5
12 24 35
1 11 35
6 29 32
7 12 25
8 31 25
7 27 17
15 26 2
8 10 40
5 31 22
5 18 18
15 16 38
13 26 32
2 22 9
1 12 33
15 31 29
7 11 40
2 14 10
15 16 40
7 21 10
11 10 21
8 10 7
5 29 13
4 5 13
4 32 34
5 24 16
8 24 5
1 6 28
6 2 24
7 17 1
9 12 31
8 11 20
3 22 10
4 3 29
15 25 35
4 30 39
6 6 3
14 30 12
3 21 23
5 7 26
13 2 33
4 7 11
9 24 21
11 22 19
2 26 1
13 31 2
10 31 22
9 14 12
15 25 18
10 11 27
5 10 40
11 24 34
9 11 3
9 24 6
12 14 21
9 7 11
12 17 2
2 3 29
11 7 6
14 19 24
13 16 38
8 9 40
15 15 17
1 12 12
1 1 20
8 28 17
6 19 4
2 7 11
1 30 4
2 6 6
14 5 31
10 17 21
2 31 39
14 15 1
12 32 13
2 9 20
13 25 14
7 16 24
11 25 26
2 5 26
9 6 32
9 31 13
15 12 8
2 10 39
12 18 8
14 21 38
8 20 32
10 32 17
8 29 11
14 23 31
12 29 12
9 19 28
8 27 2
12 5 4
13 26 16
11 29 27
11 5 20
10 9 40
12 4 20
8 30 25
5 28 33
1 6 15
10 17 20
15 27 8
3 15 34
3 27 20
14 5 21
11 23 9
11 11 17
5 6 36
2 23 21
4 31 5
15 23 24
10 4 35
11 11 37
14 2 21
6 6 2
5 20 25
2 2 31
14 31 19
15 11 8
1 28 3
10 1 22
6 32 39
11 5 17
10 29 24
10 5 8
2 29 18
5 5 40
6 11 37
14 16 14
13 10 35
5 25 16
1 6 11
1 8 7
6 9 7
12 31 38
3 29 17
8 17 1
12 23 15
6 27 22
11 6 23
4 1 9
14 7 3
6 12 25
13 29 17
13 31 10
6 16 9
3 17 25
15 14 28
1 25 24
5 32 11
14 7 24
10 1 25
9 25 24
7 22 36
8 20 38
1 32 14
8 24 2
3 3 27
4 18 22
6 16 2
13 14 19
13 21 22
7 4 10
7 20 4
12 21 40
11 10 11
12 5 19
6 28 19
8 29 24
7 5 4
13 4 24
6 22 35
9 23 38
7 23 14
12 14 34
15 15 8
6 10 5
1 32 18
15 15 3
1 17 3
4 6 5
7 28 13
13 13 38
3 7 26
9 12 34
11 8 16
8 32 26
7 29 25
15 4 18
10 27 5
13 3 33
11 11 14
7 21 27
8 17 39
3 28 16
11 21 36
1 29 12
5 16 11
4 19 34
6 1 3
13 27 2
1 26 10
3 29 35
8 6 19
3 14 38
2 26 38
8 8 31
11 28 30
5 4 4
4 12 23
7 10 11
10 26 4
12 27 9
13 32 15
5 6 7
11 18 37
9 19 19
10 29 9
6 17 38
15 8 15
6 28 1
2 22 9
5 13 1
5 22 8
4 11 14
1 21 25
3 12 10
5 4 35
3 23 34
6 4 30
6 24 35
7 5 33
13 9 9
7 18 23
1 30 16
2 27 35
8 20 15
9 1 37
6 3 33
9 11 6
5 13 38
8 17 12
10 20 22
5 17 35
9 17 11
2 15 24
11 9 38
1 28 38
9 15 28
12 2 16
12 32 37
11 13 22
3 1 29
4 24 39
15 8 14
14 32 33
15 25 21
15 14 28
5 10 18
7 17 30
14 28 26
12 18 10
10 3 32
4 22 36
14 10 26
7 25 21
4 3 20
7 7 38
7 23 22
11 18 21
14 16 13
4 22 27
9 8 35
9 15 19
9 19 37
9 18 38
13 25 4
3 6 29
13 31 32
7 27 30
1 4 20
13 16 40
11 30 39
4 10 33
14 15 10
5 18 12
14 25 4
5 29 38
14 13 34
4 7 35
12 8 1
10 16 22
6 17 33
3 16 21
11 16 37
7 20 33
1 4 8
4 1 4
8 25 15
12 2 27
15 29 25
15 10 30
6 22 13
5 1 20
14 2 26
9 16 38
2 19 7
9 29 3
5 15 38
4 18 21
12 29 35
8 7 25
8 31 15
13 16 8
11 12 27
10 13 20
11 16 24
15 5 23
4 7 30
12 32 31
8 4 5
1 20 19
9 7 1
6 11 20
14 6 32
4 21 11
11 31 6
15 2 20
6 15 3
4 30 38
9 23 10
4 21 6
3 26 7
10 1 35
1 9 39
1 23 35
4 24 12
10 21 35
4 25 24
3 13 12
11 21 34
8 1 23
4 20 26
3 10 14
11 7 23
10 18 19
15 15 37
9 1 25
15 2 37
4 12 21
12 19 11
5 29 5
11 21 40
15 2 33
10 18 37
12 28 16
10 18 36
8 15 40
14 14 3
10 24 16
10 5 2
7 8 31
8 28 22
6 1 39
12 17 13
6 24 18
13 8 5
4 17 15
1 18 32
1 14 3
3 6 29
5 21 17
2 25 9
7 6 9
7 24 4
13 25 22
10 13 11
10 27 8
11 23 12
9 31 16
9 22 34
11 12 4
8 28 39
3 22 38
12 10 32
6 20 29
6 2 31
10 19 35
12 30 34
10 16 40
5 31 7
4 32 6
3 25 39
7 14 2
4 19 16
2 26 28
9 7 37
4 15 20
2 8 36
3 5 17
5 23 4
10 26 32
4 30 15
10 10 18
11 3 26
6 1 35
15 8 2
8 21 11
14 15 15
13 22 15
15 6 26
11 4 38
11 3 25
3 15 37
13 14 9
8 10 38
3 2 30
8 6 14
3 11 12
3 30 12
6 20 32
4 18 34
12 10 8
10 27 10
10 26 17
5 4 33
8 1 14
2 2 26
5 12 6
12 4 36
1 28 38
12 26 11
11 21 20
12 14 28
11 28 40
2 19 22
5 7 38
12 12 18
11 29 27
15 17 37
8 27 7
12 11 26
8 3 1
8 23 2
12 28 39
2 8 32
10 15 25
14 19 23
2 23 13
14 24 14
13 17 11
3 32 26
6 26 24
6 12 38
8 8 39
8 12 2
11 32 30
2 6 36
12 30 18
5 13 36
12 27 5
4 22 1
9 21 23
4 12 35
12 13 7
11 30 39
12 3 8
2 29 3
2 1 21
13 21 2
12 4 16
5 6 15
14 26 24
4 32 24
15 21 29
14 13 17
7 13 31
4 25 19
12 29 23
2 3 7
8 11 40
11 29 4
9 3 14
12 11 32
2 14 6
12 20 18
4 28 14
8 14 1
2 23 12
5 24 10
12 15 16
4 17 27
1 28 4
8 24 31
5 26 11
13 10 12
13 4 36
5 30 34
4 4 23
14 30 40
7 32 39
13 30 4
7 2 2
2 8 14
13 13 22
3 4 10
8 2 30
13 2 5
8 4 16
14 6 30
11 20 28
12 20 17
6 6 8
11 27 15
7 28 34
5 1 35
8 21 5
5 27 12
6 13 15
13 14 11
4 30 35
15 22 25
10 16 4
12 25 29
7 14 24
10 32 26
5 19 24
12 11 12
10 31 5
14 24 14
12 4 30
14 25 16
15 8 32
9 5 17
15 25 1
15 7 1
3 2 16
2 29 32
4 31 13
9 9 6
5 28 38
8 17 27
11 19 36
14 25 4
5 13 10
2 13 5
5 22 1
10 3 6
3 5 37
3 29 24
10 27 30
15 19 12
3 7 18
7 8 19
7 1 15
7 4 12
13 25 39
6 10 9
2 21 3
10 2 5
7 10 13
8 22 4
4 12 28
11 16 15
3 16 25
14 16 33
13 26 1
8 26 38
4 32 1
12 3 27
6 27 35
12 21 16
10 24 37
8 25 11
2 20 19
12 20 37
14 17 4
2 9 23
14 25 18
5 1 34
1 3 37
2 19 11
13 17 26
5 6 39
2 1 9
1 28 1
8 25 39
12 11 1
2 8 7
2 27 33
3 27 23
12 28 21
10 30 20
4 19 30
6 2 11
2 26 6
13 28 14
13 11 34
14 1 35
4 10 5
1 17 28
11 30 34
5 31 3
10 30 32
5 32 8
2 7 7
6 4 18
15 29 32
5 29 29
3 27 21
13 22 29
11 25 21
1 1 31
1 17 38
15 3 21
2 10 31
13 7 30
6 17 32
4 9 33
7 9 9
6 15 27
13 19 16
7 8 31
3 7 6
1 27 35
15 14 8
8 6 4
4 3 15
3 29 37
13 3 27
8 18 21
14 18 17
3 25 25
7 20 10
3 12 8
1 20 31
2 4 40
12 27 29
5 9 14
3 13 9
15 10 8
15 22 40
2 17 18
3 23 14
5 6 13
15 9 39
6 16 19
13 21 15
8 28 19
7 29 6
7 30 21
9 25 20
9 18 35
14 28 33
3 7 39
8 1 2
2 30 5
3 12 20
2 31 20
6 19 31
11 4 40
12 16 16
14 4 21
8 22 8
9 19 18
15 19 25
6 7 33
7 25 31
1 17 18
7 12 13
12 11 40
3 11 2
8 1 33
5 1 39
5 7 12
3 2 39
4 1 14
14 22 33
6 20 23
1 24 11
12 14 18
8 8 6
6 19 3
11 13 19
5 26 19
2 15 5
3 1 4
1 11 22
13 6 20
1 29 26
7 7 36
7 28 37
14 19 2
6 6 23
1 21 20
6 22 7
14 25 6
13 17 19
11 12 25
7 1 15
14 2 3
10 5 36
15 7 29
8 13 13
1 5 19
8 25 24
1 6 24
12 15 21
4 29 36
3 16 30
2 26 28
7 9 38
1 28 15
8 3 35
8 2 35
10 20 35
14 12 14
1 20 14
14 15 38
12 13 11
2 3 21
3 11 37
3 6 14
6 21 18
11 27 31
6 9 34
4 28 40
13 19 21
9 12 4
6 6 17
8 7 24
3 27 9
11 32 31
1 16 31
15 12 29
11 20 21
11 30 16
14 11 16
8 7 33
4 28 27
5 9 26
1 9 24
8 26 17
10 23 38
3 10 28
13 18 24
3 6 39
14 10 30
14 18 18
15 21 15
7 29 32
11 23 18
6 4 23
12 18 11
6 16 14
3 21 11
9 31 22
4 17 2
7 18 26
6 18 15
15 17 21
12 28 26
15 19 9
7 3 26
15 14 38
4 9 28
5 28 32
12 27 3
5 19 1
10 10 35
2 19 29
15 21 9
4 26 27
11 15 37
7 28 10
2 8 19
15 25 7
15 21 23
14 3 25
13 10 1
6 30 7
5 15 4
14 15 5
15 19 21
11 26 7
2 29 2
3 14 36
8 30 11
5 2 15
6 13 13
13 21 19
3 19 10
15 8 37
14 24 28
2 11 14
8 29 6
10 13 34
12 24 6
2 24 4
11 7 35
8 11 7
8 19 17
13 14 16
10 28 33
10 29 15
14 25 17
10 10 3
10 28 8
11 12 26
8 32 35
8 12 35
11 16 12
1 2 32
3 18 38
15 15 25
5 24 38
8 18 4
3 14 35
14 13 31
9 9 3
13 27 33
1 26 29
3 29 17
15 32 5
6 20 5
6 26 19
7 22 35
13 20 18
14 30 7
4 17 33
5 19 17
7 3 17
13 17 19
12 25 14
12 14 29
13 32 36
13 19 24
11 29 16
1 1 36
6 27 6
13 12 36
14 22 24
9 1 30
7 26 36
3 10 11
7 10 17
13 8 22
4 11 8
5 9 38
7 15 2
15 25 6
4 32 9
11 19 18
14 19 35
15 18 13
2 28 16
3 13 11
4 24 21
5 3 36
3 4 23
9 22 5
15 30 21
2 14 22
15 32 34
5 7 1
14 24 7
13 19 3
5 22 37
4 13 11
13 6 31
4 13 32
12 7 39
3 31 40
9 12 7
11 12 14
2 21 6
15 28 7
7 7 5
4 1 5
3 6 8
2 28 2
4 4 31
6 24 14
1 28 18
13 7 14
9 23 40
10 17 32
15 24 18
6 13 7
11 13 24
6 13 7
3 10 8
2 15 13
11 20 7
7 24 38
11 2 17
2 27 13
4 14 11
11 14 10
6 30 34
11 23 34
7 30 5
8 19 7
10 26 24
3 31 28
1 26 1
3 3 17
2 22 34
3 3 4
2 22 34
1 6 18
4 4 32
5 3 15
1 13 1
6 25 37
1 15 14
14 23 38
14 13 4
12 17 32
8 24 2
12 19 40
15 2 14
2 3 26
9 3 20
1 14 14
8 10 5
9 29 23
6 17 10
11 9 15
4 31 27
6 13 26
12 12 32
9 9 19
7 22 2
5 25 5
2 9 30
8 26 10
15 15 20
7 24 3
4 23 6
1 5 1
9 31 4
4 23 17
9 22 24
15 22 34
2 12 17
3 30 39
7 13 7
11 24 4
12 22 22
11 22 3
14 22 18
4 11 40
7 16 14
3 26 14
8 4 34
3 29 14
5 25 25
10 25 4
6 18 11
1 1 9
4 32 6
3 13 28
4 30 6
6 31 3
6 29 33
7 1 8
3 19 6
12 1 10
9 9 2
11 18 32
6 23 22
2 26 7
3 10 27
11 32 5
13 8 3
15 25 39
6 22 19
4 23 27
12 11 35
11 21 17
12 3 28
15 10 1
15 26 15
2 19 30
7 24 17
1 7 21
5 13 6
8 11 33
14 12 32
10 14 13
10 13 11
14 23 20
13 8 22
2 25 21
1 21 25
8 25 33
8 23 8
9 31 18
8 19 25
10 18 40
2 1 20
10 8 29
13 15 5
14 17 38
7 14 26
7 21 8
15 30 31
12 15 21
14 6 40
13 1 5
15 25 25
13 13 35
13 23 39
12 32 31
3 9 17
15 27 16
10 19 4
14 4 40
15 19 4
3 18 37
5 10 20
12 12 30
4 18 21
12 25 16
12 16 15
5 11 37
2 27 36
4 4 36
4 7 21
1 2 20
6 29 29
2 26 39
10 18 31
11 6 40
2 1 5
2 25 11
10 5 24
7 29 31
7 12 2
4 18 28
12 30 35
3 15 14
3 11 9
2 6 20
3 14 2
14 23 25
8 13 31
7 27 15
3 29 19
2 21 32
14 30 38
5 1 28
5 24 30
12 28 24
12 18 14
15 18 34
13 13 24
12 26 22
15 11 6
2 10 12
5 21 8
15 2 4
10 32 16
2 14 18
7 18 32
2 31 29
15 26 33
13 18 2
4 11 33
2 30 17
2 4 29
11 30 10
5 15 39
12 25 26
8 10 3
6 31 24
7 10 16
3 20 20
15 25 36
8 26 4
14 19 3
5 32 1
6 7 16
2 26 33
14 20 9
15 17 34
10 18 5
9 15 38
3 6 31
8 15 10
6 8 9
3 14 7
2 5 6
5 21 34
8 24 2
5 28 23
1 11 26
11 32 32
5 18 14
8 12 36
12 5 13
5 22 15
15 25 10
9 22 7
6 5 15
7 23 7
13 9 6
9 11 1
3 16 37
7 20 34
2 29 36
12 31 8
11 16 12
7 2 38
4 4 28
15 12 18
12 3 2
10 2 28
11 22 16
4 16 20
13 27 15
10 29 34
13 21 28
5 5 9
6 20 33
13 7 3
2 29 30
3 25 23
14 4 35
10 15 9
8 32 7
3 7 9
6 11 16
2 25 7
15 6 38
9 28 19
3 32 31
6 28 27
7 4 22
5 25 29
9 5 2
11 14 28
13 25 30
5 4 36
6 24 33
6 20 16
10 23 6
2 26 11
1 32 36
1 18 8
4 1 18
10 31 6
10 11 12
15 12 3
12 26 18
9 9 14
11 24 6
6 6 5
6 3 30
3 26 8
6 11 8
8 19 22
9 11 22
1 29 20
6 3 4
7 25 16
1 25 25
13 10 5
3 18 11
7 2 25
6 10 34
13 29 24
6 22 36
8 1 5
8 4 36
6 17 19
9 8 16
8 20 16
4 11 25
12 9 2
4 25 9
2 22 6
1 18 34
12 14 14
1 15 32
11 29 28
4 15 11
2 32 28
15 17 3
7 12 34
5 26 10
8 23 22
12 9 16
9 30 30
9 7 12
10 22 25
12 27 20
10 20 26
2 10 17
4 20 18
15 7 12
6 27 17
3 11 5
1 8 22
15 6 34
12 31 24
4 13 11
1 9 8
15 14 35
11 22 2
10 16 26
15 27 7
9 14 35
12 12 12
11 20 20
14 1 37
10 6 20
9 5 39
14 18 2
2 26 31
5 21 2
15 19 9
10 31 16
12 21 36
8 2 20
8 5 2
12 27 35
6 3 36
7 15 16
4 13 34
14 29 32
4 27 26
2 17 30
6 4 5
4 13 39
8 32 32
15 10 6
6 9 5
7 18 13
1 15 21
13 14 18
8 2 22
9 10 18
1 7 21
9 29 35
10 17 27
6 10 31
4 30 23
9 13 30
1 5 14
5 28 28
1 17 38
14 23 37
4 19 14
2 13 20
2 21 3
15 25 1
2 2 10
9 19 25
6 29 34
13 27 11
1 7 32
9 3 35
14 21 21
8 3 22
4 10 2
12 16 36
10 12 22
13 6 40
12 17 1
14 21 14
15 3 10
9 3 10
12 18 28
9 29 14
6 5 25
8 19 17
5 10 10
12 18 39
13 32 1
4 19 7
11 15 15
15 11 36
8 15 5
11 30 3
8 10 30
12 29 24
7 19 35
4 27 33
4 19 11
8 13 13
14 20 25
13 11 17
12 18 38
12 13 1
13 22 24
6 10 12
3 16 40
6 19 34
15 24 25
13 22 33
15 1 21
8 28 13
11 25 12
13 24 1
12 29 17
1 11 21
2 26 3
11 3 11
11 13 37
2 28 39
2 30 37
6 1 23
5 18 34
8 10 26
7 2 27
10 29 30
3 3 27
2 7 7
2 32 30
1 20 34
7 13 33
8 28 39
1 1 16
11 28 15
1 22 14
14 32 27
13 7 15
7 28 9
8 32 20
4 32 6
4 15 30
4 27 25
8 13 7
12 26 19
3 4 20
12 29 7
2 12 29
11 18 33
3 14 5
13 13 8
4 18 23
8 1 11
8 12 20
9 1 39
6 16 16
3 3 12
10 17 26
10 30 29
13 17 39
6 12 7
8 18 37
8 14 11
4 16 16
15 14 32
15 28 9
13 3 27
1 10 2
10 19 16
12 26 37
5 31 17
15 2 11
10 10 20
6 24 28
12 26 34
5 13 32
9 2 29
5 1 26
5 6 4
15 15 27
4 24 38
7 14 24
15 6 37
3 15 19
14 8 2
13 12 3
6 20 36
14 25 38
4 32 32
12 3 11
9 2 3
2 8 39
8 20 8
8 19 17
4 22 2
5 8 23
5 19 25
4 4 39
1 23 27
13 21 21
9 23 5
14 28 22
2 5 13
1 28 11
10 8 16
3 23 2
2 17 11
9 28 22
9 25 34
14 14 38
3 24 24
2 4 38
14 26 36
14 13 40
15 7 40
6 30 40
8 14 28
3 11 1
8 12 40
8 11 33
6 6 3
1 29 23
12 4 16
2 5 27
13 30 5
6 27 28
10 4 13
1 14 19
3 27 11
5 9 26
10 11 29
8 21 19
10 3 35
14 11 39
8 6 11
9 27 21
8 28 29
7 28 31
5 9 14
10 3 8
10 30 8
9 4 23
10 24 29
6 30 13
3 6 24
1 25 38
13 11 9
8 3 19
6 28 19
8 23 39
9 12 37
7 6 35
5 9 35
14 30 16
1 4 2
15 26 13
10 15 30
6 16 16
11 21 21
6 28 19
2 13 19
8 27 34
7 10 29
13 12 37
11 12 16
13 4 24
10 13 27
10 4 19
6 5 20
10 23 22
5 32 25
7 9 31
2 12 20
15 1 21
11 3 31
13 24 23
5 30 32
1 14 28
8 14 7
13 4 14
8 28 20
6 15 7
8 23 14
6 25 34
12 25 25
1 15 19
7 28 37
9 2 38
2 22 34
14 18 6
6 8 16
15 29 13
13 14 32
2 7 23
4 27 25
2 25 15
13 5 16
10 4 38
14 2 3
10 10 26
8 20 7
5 21 37
15 4 17
4 14 17
4 15 6
1 19 29
12 16 22
10 16 26
13 30 10
11 18 9
1 23 39
3 2 25
10 32 32
1 16 7
2 2 11
14 3 8
10 32 31
11 10 3
5 30 5
8 30 22
8 8 16
4 12 40
5 31 17
5 17 9
3 16 3
7 27 7
6 19 19
9 22 17
7 2 28
13 2 24
4 3 26
15 14 15
10 14 31
13 3 38
9 15 38
2 7 17
2 23 15
15 17 15
4 24 35
12 8 37
12 18 6
4 3 6
8 11 15
6 28 18
2 11 39
8 10 32
11 12 30
15 20 37
7 5 5
6 28 20
5 16 9
8 30 2
14 21 5
14 12 30
11 14 19
11 15 18
13 5 29
11 12 28
9 7 21
1 1 20
12 7 39
1 8 4
3 3 36
3 11 35
3 14 23
2 30 1
9 20 20
2 14 25
13 32 2
13 18 24
8 7 17
9 15 39
1 11 29
8 31 11
14 9 2
2 24 2
15 32 25
4 2 8
6 3 20
7 26 30
14 24 27
2 29 8
11 3 23
2 9 2
7 18 9
4 8 30
3 15 30
7 20 2
13 29 30
15 15 14
3 12 31
7 9 36
13 32 15
7 26 15
15 14 25
5 32 21
6 29 1
7 4 34
1 9 35
3 15 36
12 19 17
15 26 10
2 23 25
14 22 14
9 2 6
13 29 5
9 5 4
11 26 34
6 3 22
12 27 17
15 15 7
5 20 24
15 4 20
3 1 34
3 28 36
1 22 10
11 1 13
5 3 36
6 2 31
11 26 33
13 14 25
11 14 8
9 27 17
12 6 4
1 31 31
3 29 7
3 27 5
11 12 19
3 32 27
5 19 38
14 6 7
13 2 5
15 25 15
6 2 40
6 11 1
15 9 26
6 3 34
1 11 35
6 26 36
14 31 39
4 22 29
13 2 36
2 4 23
15 19 12
14 10 2
10 31 35
13 24 8
9 5 27
10 10 34
13 1 31
7 13 39
14 23 23
2 28 28
12 13 13
8 2 40
14 22 9
2 1 38
8 12 37
2 4 27
9 15 16
10 29 28
9 11 3
13 28 32
9 10 7
5 21 28
5 16 32
14 1 32
3 14 1
14 25 26
2 21 21
13 20 8
2 28 30
4 5 37
4 7 20
4 30 14
12 23 17
13 8 23
12 22 3
14 11 31
14 8 27
4 19 16
9 4 10
12 12 9
6 31 27
15 19 23
8 21 39
6 22 20
7 10 34
12 29 10
6 21 30
12 31 6
11 16 24
5 2 15
3 29 5
1 6 26
13 2 13
4 3 30
6 22 13
13 25 19
9 21 28
10 16 28
13 22 8
14 18 11
2 13 30
11 24 8
15 32 28
7 4 27
6 32 23
6 30 35
10 30 25
10 15 30
5 15 22
13 6 24
11 5 5
6 5 27
2 23 27
15 3 3
13 5 3
15 20 29
11 13 40
8 28 12
14 28 29
2 11 5
15 12 13
4 19 39
13 1 4
8 16 25
6 13 32
8 32 16
8 20 39
12 22 38
14 5 36
12 14 8
12 10 33
5 1 25
7 4 33
4 13 3
5 10 34
4 14 19
6 1 29
6 9 9
8 3 13
12 22 21
5 28 7
12 32 1
2 7 6
15 6 3
10 7 17
5 6 4
5 14 1
4 6 40
3 3 19
8 19 7
2 7 20
6 28 36
15 16 10
13 1 35
10 12 24
7 24 15
7 11 24
6 26 3
9 8 36
7 25 34
11 24 34
10 2 25
8 15 2
13 9 28
12 11 23
5 30 20
6 31 3
4 1 25
1 25 40
7 24 26
12 1 37
5 4 29
8 1 37
13 32 21
10 3 7
11 7 40
13 28 12
6 9 2
5 21 29
10 15 5
5 32 15
13 15 26
6 15 2
12 18 5
1 27 13
5 10 35
14 30 11
1 6 10
9 32 24
9 10 4
2 5 14
6 13 36
15 29 15
1 16 6
1 11 14
8 31 37
10 32 1
3 4 18
13 9 37
15 1 27
4 30 21
1 17 14
10 18 36
10 24 10
15 4 3
5 6 27
5 2 31
15 25 24
15 11 22
6 9 13
14 32 32
14 2 23
12 23 33
6 32 31
6 1 26
6 23 16
1 1 37
3 1 30
6 5 26
2 24 25
9 25 39
8 18 20
13 13 14
13 24 33
8 3 10
8 16 12
7 28 13
4 29 4
9 3 18
13 19 22
15 5 32
12 24 23
14 1 25
6 32 19
1 26 15
9 20 31
12 15 1
2 27 23
4 32 35
7 28 16
14 31 12
9 9 40
6 1 5
11 3 31
5 4 1
1 14 30
5 26 13
4 9 11
3 32 40
1 28 9
8 26 11
12 16 10
6 1 25
6 10 28
8 24 19
1 16 13
5 9 12
8 14 33
2 14 22
2 7 34
3 9 21
9 9 40
13 7 7
7 2 29
15 8 11
4 4 2
4 2 14
12 18 5
10 1 8
7 23 31
9 22 29
8 24 21
15 19 13
15 28 3
9 27 22
7 6 1
8 5 23
4 26 35
2 26 10
1 5 19
4 20 28
8 14 39
6 23 38
7 13 5
13 19 7
15 8 29
9 2 38
13 2 12
4 26 15
9 14 36
11 24 10
2 16 17
7 26 34
11 28 33
13 12 15
3 28 19
3 9 32
1 16 9
10 25 6
12 29 17
4 13 35
5 24 24
12 11 7
15 6 4
7 11 15
13 17 20
2 30 39
2 4 5
11 24 36
11 6 38
15 20 23
5 32 10
15 28 10
14 1 38
4 1 15
12 12 15
3 5 37
4 2 22
11 3 5
15 22 17
1 15 31
7 6 21
11 5 21
10 18 36
1 13 18
5 26 11
7 20 17
15 4 22
13 10 31
10 11 28
12 27 2
14 27 37
5 2 20
9 31 27
11 11 5
10 26 32
12 30 27
11 6 38
14 17 25
4 12 34
13 4 5
10 29 34
8 7 21
11 7 10
7 28 35
6 4 4
15 15 39
8 13 25
1 7 12
12 6 33
14 7 38
10 1 36
8 23 33
10 14 6
15 31 31
9 1 10
9 26 30
6 4 19
2 27 10
4 20 36
3 20 9
8 29 21
10 1 12
14 19 25
3 18 6
2 22 23
4 12 13
9 25 33
14 1 29
13 11 18
4 9 16
1 3 5
5 5 2
11 16 10
11 9 24
1 1 13
6 18 9
13 21 2
6 3 36
12 3 11
6 28 15
9 10 25
6 24 33
2 31 18
1 12 35
12 12 27
1 11 9
11 20 3
8 9 31
5 2 20
9 6 6
5 23 34
2 32 2
1 1 2
4 29 13
11 5 26
9 13 4
4 24 35
3 25 8
6 21 1
1 31 7
6 32 18
9 1 35
10 8 34
10 6 18
14 17 33
6 11 9
13 4 32
15 13 35
3 28 13
10 6 16
5 16 19
6 16 31
3 21 26
6 11 34
12 18 27
1 10 9
2 18 18
2 3 37
13 8 12
1 16 16
6 8 17
8 17 12
13 20 15
8 25 28
10 4 1
3 24 4
11 2 13
13 26 40
9 8 20
1 29 9
13 21 11
15 25 4
9 10 7
3 28 3
10 6 32
14 1 22
1 26 18
8 16 18
9 9 38
6 11 6
4 8 26
11 12 15
5 32 38
8 22 26
3 29 22
7 19 2
6 15 15
4 20 28
5 25 35
7 31 32
2 25 11
4 20 8
14 1 32
1 7 36
10 10 29
10 27 5
15 32 10
13 26 39
10 19 4
2 30 38
11 13 2
11 5 16
13 28 7
10 6 26
15 2 1
6 18 38
6 5 29
9 31 35
11 25 32
8 11 40
2 8 28
5 3 7
13 22 23
13 30 12
6 18 12
15 24 5
7 3 25
14 2 38
4 8 24
9 30 2
12 19 36
5 1 4
6 19 4
13 19 5
2 31 15
11 1 4
11 23 7
3 5 37
13 18 10
12 28 18
12 3 3
9 9 39
11 22 28
11 24 33
6 3 33
5 7 21
11 22 21
10 31 29
10 10 36
13 18 9
14 13 7
3 28 26
9 5 19
1 23 7
15 3 10
8 18 3
11 10 18
8 2 35
5 31 26
5 14 23
9 9 16
13 27 2
11 18 1
11 15 1
14 29 3
10 27 36
10 25 3
1 12 23
10 31 8
15 7 34
1 6 5
15 1 21
15 20 20
11 11 33
8 7 5
4 12 36
12 20 3
1 28 9
13 12 9
12 32 29
3 29 26
8 3 40
4 28 25
14 4 27
10 25 25
5 5 1
7 3 24
12 8 25
7 8 18
1 30 36
6 15 1
8 27 18
12 28 11
5 28 17
4 14 19
11 15 20
12 28 23
11 2 9
6 10 2
10 28 8
13 32 31
6 1 16
7 19 37
11 22 3
9 26 28
4 15 31
7 14 31
1 12 15
8 14 38
7 32 5
3 18 1
12 24 15
7 23 16
2 21 26
12 31 4
9 15 28
9 13 25
14 17 4
11 27 25
5 12 10
6 5 16
3 20 26
15 14 6
1 21 38
15 11 23
12 16 14
10 23 18
1 16 22
8 10 5
5 11 20
14 27 11
6 2 34
11 11 36
11 9 34
10 4 2
13 25 23
15 31 4
3 4 3
4 28 16
12 26 36
1 21 6
3 15 4
7 17 28
1 20 19
7 22 33
9 12 21
3 15 7
5 25 27
12 22 40
6 4 14
13 17 3
6 3 21
15 30 29
6 21 16
10 22 2
4 12 37
8 21 15
8 15 40
14 14 2
8 21 16
4 10 24
14 13 31
3 26 5
12 12 27
5 12 21
5 19 12
7 26 37
9 12 1
11 16 29
8 9 6
9 14 32
10 14 32
10 2 3
11 24 4
1 12 31
10 3 29
11 29 8
1 27 35
13 26 33
8 11 11
3 30 5
9 2 18
12 20 5
8 2 18
10 5 26
9 8 31
6 8 9
1 25 25
12 5 17
1 9 19
13 9 37
3 16 13
12 16 36
4 14 32
5 13 17
15 9 17
14 15 23
2 7 11
11 8 6
8 13 7
15 15 28
1 29 21
1 21 29
3 30 38
2 2 34
5 13 13
2 4 17
14 16 18
13 27 8
13 28 3
5 2 19
5 10 13
8 17 21
2 32 24
1 24 27
15 7 26
13 20 36
7 7 26
14 29 34
14 12 28
11 22 17
8 4 33
1 24 23
8 28 18
6 6 26
15 20 20
14 29 19
11 32 9
7 21 11
2 31 9
13 11 18
2 21 37
14 16 6
6 6 27
1 14 11
2 18 3
2 31 36
12 7 15
11 6 32
5 3 22
14 19 26
6 15 11
7 6 10
4 10 26
1 21 11
10 4 5
7 18 22
11 2 40
2 16 32
3 1 7
13 27 3
3 2 22
10 25 21
15 29 23
3 26 30
12 8 37
3 2 11
5 17 26
7 24 28
1 1 16
3 17 30
15 8 26
1 11 16
12 2 5
10 28 12
4 12 12
1 27 15
14 25 11
2 5 14
4 10 30
6 1 26
7 12 39
12 25 37
8 1 2
14 12 27
1 7 5
7 9 31
7 14 25
1 1 8
7 28 19
14 19 14
2 29 6
12 27 27
2 1 2
4 5 8
5 17 7
12 21 3
15 2 8
7 28 13
15 10 26
8 10 6
14 6 28
1 7 34
10 15 5
12 10 1
3 10 16
3 31 36
15 11 29
2 11 16
7 20 24
7 30 7
14 16 26
12 1 39
10 21 38
10 11 7
8 26 19
13 26 16
10 12 40
14 11 25
6 6 11
11 31 18
2 18 7
10 22 35
6 19 25
6 11 40
1 1 11
9 19 4
11 14 39
14 22 39
10 16 32
11 18 1
8 8 33
5 19 23
10 29 27
7 28 10
7 23 32
2 22 30
12 14 17
12 23 30
8 10 25
3 3 15
4 21 8
11 9 5
6 3 34
12 24 5
1 31 39
15 26 3
5 22 18
5 19 11
15 30 11
12 7 35
1 23 16
5 20 26
9 11 29
7 14 26
11 29 29
1 4 39
13 22 28
15 29 18
9 19 14
8 30 33
14 13 8
5 17 1
11 25 30
6 12 21
15 22 14
4 1 30
4 17 4
9 3 28
9 29 13
10 23 22
15 19 5
1 20 1
4 22 16
6 4 10
8 28 3
9 8 5
3 1 28
12 20 32
3 3 4
14 31 28
15 13 30
12 15 19
1 12 10
14 26 2
8 3 28
7 10 36
11 31 30
14 32 23
9 8 19
3 5 22
6 9 38
8 13 14
5 18 32
3 8 20
5 13 36
4 14 35
9 27 8
7 23 34
2 6 23
9 17 4
1 1 17
9 5 6
9 27 31
11 24 19
10 19 15
9 21 20
7 4 18
5 26 4
2 24 11
9 29 5
11 8 29
13 23 5
14 20 34
8 24 39
10 27 1
7 1 13
6 18 26
1 27 4
5 13 19
11 23 16
9 13 3
14 12 20
9 21 22
9 5 15
4 32 21
10 1 18
3 7 22
10 9 16
2 13 8
15 10 27
13 29 10
7 21 3
10 8 7
1 7 32
9 18 8
10 19 32
9 10 27
1 2 25
2 6 8
10 27 8
12 18 29
7 15 35
10 21 27
5 32 39
7 24 40
1 2 19
14 20 12
5 1 20
4 5 40
15 2 16
6 28 30
5 15 25
4 21 8
9 3 8
9 7 25
1 32 22
2 27 13
2 1 9
2 8 39
1 28 33
7 18 15
4 1 36
6 20 33
13 14 21
3 3 14
11 25 28
8 16 30
13 4 10
14 4 11
14 9 13
9 4 29
1 2 19
12 15 35
11 23 24
7 24 29
15 2 23
13 22 8
11 7 36
8 25 17
10 14 37
12 23 18
12 12 16
8 26 17
1 4 2
14 18 29
2 16 28
14 19 29
13 3 27
4 9 4
1 23 12
14 20 31
4 20 1
2 28 16
10 15 8
7 24 22
6 31 16
9 2 19
9 7 4
15 28 19
1 22 11
7 10 36
14 12 24
1 22 32
9 27 13
13 2 10
3 14 21
13 32 19
10 20 24
9 23 30
7 17 14
3 28 20
8 27 32
14 24 21
8 13 4
6 20 13
12 8 19
5 14 9
9 25 28
9 21 29
15 9 4
12 19 33
2 9 16
7 14 25
1 30 12
3 7 18
2 13 31
12 13 4
11 19 10
14 31 23
6 18 4
3 7 13
4 31 9
15 26 15
5 22 18
13 14 40
12 31 35
3 26 16
4 7 27
11 31 13
6 10 21
8 9 12
3 26 33
7 10 12
7 30 24
5 26 19
7 12 9
2 24 24
13 28 17
10 12 21
15 16 9
2 26 19
3 32 10
1 25 38
15 14 30
4 4 2
12 17 12
2 24 21
6 31 10
5 21 27
6 10 30
13 16 2
1 25 12
1 3 24
3 32 39
15 11 17
15 23 32
11 9 25
5 18 35
11 21 12
1 15 14
2 30 12
9 10 22
10 8 10
6 17 10
9 29 26
4 3 2
4 3 8
11 16 22
15 12 16
6 31 36
5 11 19
13 15 31
15 19 24
9 9 26
10 8 1
11 19 25
6 5 27
6 15 30
2 1 30
6 28 27
7 11 24
13 7 34
13 28 38
8 17 8
7 16 29
10 23 38
9 24 24
1 28 19
7 2 20
11 5 27
13 28 13
8 21 31
10 15 19
14 7 22
10 3 5
15 11 26
9 13 37
3 32 5
1 10 28
6 26 31
3 5 25
2 25 24
3 21 7
3 23 20
3 15 29
2 1 4
9 21 24
2 3 6
13 26 25
2 4 32
9 19 1
6 3 34
6 25 32
6 18 38
4 28 15
14 31 8
2 31 5
5 14 19
3 13 24
14 21 34
11 19 16
15 4 23
14 5 39
9 20 40
4 19 16
11 16 21
8 20 19
11 25 24
8 23 38
15 21 17
15 32 25
3 3 21
1 6 4
13 22 11
7 18 9
13 26 31
8 26 33
11 19 39
14 9 14
9 25 15
12 9 6
9 17 15
12 25 2
1 23 40
6 31 39
11 23 12
2 9 7
11 26 26
12 17 21
9 28 4
5 7 26
12 3 8
2 25 14
11 14 11
12 28 17
6 12 4
9 25 38
15 21 40
7 24 37
3 5 36
6 2 39
11 21 35
9 23 2
10 5 19
11 13 33
13 8 12
1 8 18
13 14 36
8 13 31
11 17 39
6 10 18
1 26 23
13 1 17
12 28 35
1 14 16
8 29 22
12 31 22
9 20 33
10 4 38
7 25 7
13 11 15
11 6 22
12 16 12
1 11 36
8 2 21
5 18 27
11 25 32
2 32 27
13 19 11
15 4 40
13 25 14
2 29 22
12 14 40
5 21 15
11 24 23
3 9 35
6 1 23
14 11 27
9 1 24
2 32 7
15 26 12
3 20 1
3 22 9
7 20 29
14 13 38
6 17 7
12 16 39
7 12 6
12 16 9
11 10 2
8 23 6
6 9 15
3 7 23
10 12 23
8 12 14
5 22 12
8 4 10
5 16 39
6 22 3
9 24 14
6 12 7
7 3 2
12 17 24
5 29 40
2 17 16
13 2 2
11 2 27
5 2 15
8 13 33
5 24 40
1 22 23
10 27 9
10 12 40
9 10 16
8 30 2
14 15 16
4 13 27
11 29 30
1 6 27
13 30 6
14 27 27
15 25 11
14 15 25
12 2 26
2 15 15
4 31 11
13 7 5
8 17 12
7 30 3
6 12 36
3 23 1
10 18 34
13 3 21
7 26 17
8 5 4
15 10 22
2 16 24
12 32 23
11 13 9
13 11 36
15 31 29
3 30 38
2 8 30
4 12 14
3 4 35
9 2 5
12 16 18
10 24 31
7 29 34
4 27 5
6 32 13
9 9 39
6 30 17
15 4 5
4 8 10
15 17 13
13 9 27
9 28 22
12 21 37
14 31 36
7 22 18
1 31 10
14 14 23
9 26 6
11 27 6
8 29 33
10 28 2
2 14 4
5 14 11
4 19 29
4 22 14
5 15 38
6 20 22
15 2 38
9 27 23
11 23 18
5 5 30
2 7 29
6 3 20
14 27 37
4 28 34
15 9 25
12 15 31
8 5 8
14 25 3
7 29 10
11 30 37
2 4 37
12 29 20
15 15 39
3 11 31
4 10 4
8 17 17
2 24 26
11 21 5
4 1 32
11 30 29
13 9 6
12 5 26
13 1 2
12 22 22
5 15 8
9 20 21
7 23 4
9 7 8
8 4 35
13 26 16
14 13 39
6 6 13
11 2 1
12 16 20
8 11 15
1 4 12
12 30 8
12 18 16
15 21 16
12 4 28
4 22 10
10 4 30
14 23 36
7 14 24
8 3 26
2 17 18
2 2 5
5 32 23
2 29 28
14 4 21
11 9 31
11 32 8
8 25 21
5 2 23
12 21 23
11 25 24
10 13 34
2 22 33
9 6 25
2 10 3
11 20 15
4 11 25
2 14 8
14 14 7
8 6 14
9 14 32
14 6 37
13 31 22
15 15 30
3 2 28
15 26 27
15 7 23
11 31 39
6 4 19
10 26 20
10 22 21
10 20 22
9 13 21
5 32 28
2 6 12
14 30 3
6 18 37
10 18 9
13 21 8
14 22 27
13 27 36
14 16 1
8 8 21
15 12 35
9 5 24
5 21 25
12 8 5
9 9 6
11 30 40
2 15 31
11 20 7
5 25 38
15 26 38
3 9 27
9 14 8
7 26 19
9 12 12
3 13 3
13 32 40
14 6 37
4 10 7
10 11 29
7 12 32
7 9 39
12 32 4
2 23 31
8 24 15
15 4 9
6 5 6
6 13 30
14 30 35
2 30 18
1 25 2
2 9 25
4 3 9
10 22 20
14 18 6
5 29 10
7 15 12
14 31 22
12 14 12
10 19 16
14 7 4
11 25 25
9 5 5
1 9 14
10 21 9
8 21 23
9 16 1
14 5 21
12 17 27
6 8 40
12 18 10
11 9 34
2 15 14
8 30 14
14 9 14
13 1 16
1 15 22
3 20 4
3 1 5
13 28 31
13 21 37
8 31 26
15 12 6
10 16 22
1 1 37
5 19 33
15 12 39
13 7 2
8 29 1
13 1 22
11 4 7
2 24 40
8 6 19
8 18 29
6 11 28
3 21 31
8 10 33
6 11 10
13 8 16
6 30 36
2 17 38
1 29 19
6 3 22
15 3 1
7 30 12
6 12 8
12 10 23
10 5 35
9 28 28
14 16 7
3 2 26
2 23 12
13 4 33
3 19 5
1 20 19
7 26 37
11 16 23
4 29 34
13 26 38
14 1 36
14 31 2
7 28 32
14 9 5
13 3 33
15 21 31
1 17 7
14 20 9
6 3 30
12 20 6
14 31 31
11 25 8
6 13 11
10 10 23
5 26 10
15 15 38
15 25 1
5 18 35
9 30 16
1 29 18
15 22 3
5 6 38
1 7 27
6 1 21
14 26 29
1 7 15
10 7 1
2 24 15
11 29 18
8 15 29
4 3 38
2 2 2
14 2 32
5 14 24
8 18 2
11 23 1
12 1 5
8 31 29
8 12 37
8 21 17
12 27 6
5 12 26
8 20 3
14 7 21
12 31 26
14 28 26
11 15 11
2 25 34
14 25 18
8 5 24
5 15 28
5 12 16
5 32 9
11 19 9
11 11 10
11 30 23
10 28 5
5 16 21
2 8 17
1 28 7
15 9 2
9 26 23
8 12 13
10 18 38
15 14 12
7 25 26
12 30 28
2 25 26
8 28 30
11 7 37
8 4 30
9 3 30
8 25 2
13 9 7
1 32 13
7 25 34
15 19 24
2 10 33
6 23 9
5 10 13
7 17 3
9 32 33
10 13 18
11 20 19
5 32 28
13 16 2
13 9 27
2 16 18
4 10 22
9 24 12
7 29 4
14 11 24
1 20 34
13 25 12
5 9 38
5 25 14
10 8 33
12 21 24
13 28 33
5 17 21
6 17 14
7 15 28
1 2 36
14 7 35
1 8 18
10 19 5
9 8 38
1 32 18
11 15 22
15 14 26
14 8 26
5 4 9
15 32 20
7 13 15
3 5 26
14 15 10
5 31 5
15 16 16
4 23 33
8 4 4
13 18 33
12 19 9
13 1 25
6 30 8
10 4 13
2 23 21
2 12 25
5 1 5
11 11 20
8 26 1
5 24 5
9 3 2
5 22 19
7 27 12
9 32 20
5 2 26
12 15 40
8 29 27
11 1 29
9 3 6
15 9 38
2 20 14
13 15 39
3 11 25
8 20 35
11 23 25
8 25 5
1 2 40
11 21 37
8 1 3
11 24 5
4 28 2
6 10 18
14 21 27
9 12 26
7 16 9
13 10 33
11 2 11
11 8 16
7 19 38
11 6 6
12 31 30
3 8 17
10 13 32
14 27 10
2 18 9
5 27 33
15 10 8
12 4 40
13 11 25
8 25 13
10 25 5
8 12 38
8 32 27
12 21 5
2 3 20
2 8 7
7 14 21
6 25 3
14 27 12
14 26 33
12 25 7
13 26 35
8 26 17
3 11 27
9 18 32
1 1 21
14 30 27
5 32 8
13 22 35
15 21 39
1 8 6
12 7 19
13 8 12
2 10 13
14 5 10
3 2 40
15 1 33
14 13 1
3 3 14
10 3 33
9 23 9
1 12 37
12 11 8
3 19 6
5 24 7
3 8 9
13 9 31
3 24 20
6 19 10
11 13 35
11 16 28
7 23 31
11 31 31
5 13 10
4 22 26
6 14 2
3 20 18
15 4 40
1 4 18
14 13 36
7 10 14
8 5 33
4 23 29
3 11 22
14 18 16
12 17 36
6 27 21
15 21 15
15 25 6
3 14 38
3 13 12
13 17 14
4 13 11
2 30 10
10 21 5
14 20 30
12 26 20
6 17 19
1 8 16
12 16 25
1 15 32
4 28 39
13 9 27
5 5 6
3 4 39
4 10 7
6 19 3
6 16 1
6 12 20
15 23 19
9 13 3
13 22 39
11 8 1
12 21 1
1 22 28
6 19 26
3 16 34
5 13 1
3 12 20
5 5 22
1 28 7
8 30 16
8 9 15
6 7 33
10 30 25
8 27 23
8 31 13
6 26 37
9 23 10
8 13 21
3 27 34
1 7 38
6 16 40
2 3 9
12 19 34
7 18 4
12 3 6
4 3 25
1 8 4
15 32 37
8 20 17
5 3 5
5 8 17
9 23 28
15 16 8
6 19 33
10 29 29
15 7 3
12 11 23
6 14 28
4 19 8
3 21 31
4 9 2
14 21 20
6 28 10
2 2 38
6 7 29
9 3 17
14 10 34
13 24 8
5 22 32
4 17 32
10 19 35
3 7 25
10 12 30
14 16 16
9 22 23
12 12 8
3 32 18
14 21 10
15 3 13
14 24 2
8 25 37
13 5 24
6 29 28
4 30 11
12 30 13
9 32 3
4 21 34
8 27 23
4 11 1
15 27 24
7 7 18
4 13 7
1 4 33
13 28 15
8 30 15
6 29 1
3 29 24
6 29 40
10 24 18
2 17 23
4 3 18
4 21 13
11 11 14
7 19 31
2 17 18
10 7 33
5 29 22
3 22 12
1 30 19
12 7 5
12 4 5
5 23 8
4 2 4
8 4 29
12 23 33
11 19 25
5 27 10
3 32 7
14 8 25
11 2 26
5 8 27
13 1 2
5 5 24
12 13 27
8 2 8
15 17 39
2 17 21
10 22 28
10 29 40
2 16 14
6 16 1
12 30 14
5 2 39
3 10 25
8 30 22
6 3 10
14 22 26
8 16 21
15 23 34
13 9 32
15 18 14
13 14 28
10 16 16
12 10 11
6 17 27
10 16 30
5 13 36
12 7 31
1 18 31
8 20 4
8 3 15
14 4 18
10 2 40
5 29 2
15 24 29
1 20 16
2 12 30
3 14 15
10 1 28
6 20 24
1 7 30
14 6 15
9 14 15
14 7 22
7 7 8
12 17 1
5 10 23
9 22 19
13 29 7
8 7 18
7 16 6
15 19 33
5 30 38
5 29 7
13 26 25
6 22 8
8 25 21
12 7 16
13 21 2
1 12 10
13 21 22
10 25 34
7 22 34
12 28 27
3 4 16
11 27 32
6 18 39
5 4 2
12 27 11
3 25 2
2 8 15
9 25 22
3 7 18
9 22 14
9 27 38
9 23 25
1 3 1
7 2 40
1 22 1
4 31 20
15 22 8
4 30 35
13 9 7
6 6 6
11 29 14
13 24 2
6 8 1
13 17 6
10 13 18
9 5 27
3 3 18
12 20 30
6 2 39
3 12 37
15 3 1
4 5 32
6 12 27
11 19 7
12 7 6
5 22 31
15 5 15
1 4 26
14 30 28
2 30 26
13 25 13
10 22 28
11 10 9
5 7 1
9 6 22
13 21 3
3 4 40
7 11 14
15 9 29
5 28 10
1 21 22
13 16 34
4 12 27
4 17 32
9 9 4
12 1 37
7 8 6
8 28 23
7 7 24
2 21 5
10 19 26
12 30 9
9 18 6
10 3 25
1 30 22
11 16 27
3 24 22
3 17 7
2 13 14
12 5 32
7 17 11
9 22 4
10 31 19
15 25 30
2 6 36
13 31 22
14 26 17
12 23 24
7 9 7
8 22 31
14 17 15
9 13 8
10 8 22
6 19 21
5 3 38
8 16 40
8 16 21
12 30 27
9 9 25
12 11 6
4 30 37
4 25 23
7 26 34
6 5 8
6 14 3
2 3 39
4 25 20
2 3 24
9 24 4
4 13 19
7 31 13
15 6 14
15 32 38
15 17 29
1 27 5
6 10 3
11 26 29
2 17 19
5 30 31
6 4 5
8 14 19
3 8 37
8 21 12
1 21 29
12 7 22
12 13 29
12 18 20
2 30 25
2 20 38
3 32 31
6 17 25
8 15 33
5 32 18
6 23 7
1 26 15
8 4 3
6 9 33
9 17 27
3 28 35
7 25 12
15 10 30
3 24 9
12 16 25
12 20 29
2 4 3
9 24 8
5 23 16
5 29 35
8 13 14
12 17 11
2 6 35
9 12 31
3 26 22
1 26 24
1 12 17
14 11 30
10 1 18
8 3 25
15 7 10
8 26 20
11 29 15
2 27 1
10 10 14
11 8 39
5 4 40
7 17 18
1 21 23
12 12 23
7 10 17
5 10 32
15 13 10
6 31 37
12 26 37
13 13 35
13 12 14
6 27 25
13 32 31
10 29 13
8 8 9
3 31 26
1 1 21
5 24 13
6 13 18
13 27 2
7 32 32
15 30 22
6 17 32
5 2 34
12 15 11
12 24 32
3 29 29
11 25 5
3 20 29
5 19 3
9 20 27
5 21 30
4 25 14
6 24 19
11 27 29
10 10 28
11 30 40
4 5 8
4 12 39
15 6 10
9 3 24
5 4 37
10 2 13
6 32 35
1 21 23
2 4 21
9 7 16
11 15 8
3 26 20
7 11 5
15 5 6
14 18 29
4 24 26
15 22 4
4 14 21
6 16 11
5 1 13
15 7 18
14 18 33
6 9 30
9 32 19
9 13 4
8 30 8
14 15 4
8 27 33
6 31 38
11 30 18
6 5 33
3 25 4
10 13 6
13 9 40
6 22 33
1 30 8
12 29 7
3 4 6
8 21 28
1 32 16
7 10 27
15 11 1
10 3 31
15 14 26
5 23 20
11 20 6
3 28 4
15 2 35
4 13 3
12 1 20
7 3 7
8 15 12
1 10 32
12 3 7
4 32 23
1 9 28
11 18 27
2 7 38
10 19 7
9 1 6
10 13 29
2 26 28
12 26 3
12 24 7
6 1 18
5 9 1
7 5 12
2 21 2
14 1 6
8 6 22
1 1 38
13 3 24
3 20 7
3 11 8
7 16 20
3 29 19
12 1 10
15 25 4
13 22 21
12 12 15
7 32 30
5 32 31
5 2 7
8 15 35
9 6 28
15 21 23
2 13 16
13 31 17
14 12 3
10 1 3
11 11 31
1 27 15
8 3 22
1 22 26
2 31 34
6 15 22
5 26 23
14 10 33
3 24 4
6 5 2
15 22 40
10 9 5
9 30 39
1 20 18
5 16 8
15 8 36
12 30 3
6 15 28
14 18 40
9 24 13
14 24 40
9 4 4
9 3 15
7 1 38
4 11 39
10 28 12
13 2 21
1 32 32
2 30 11
7 16 39
5 2 21
10 3 35
5 10 11
7 18 11
2 26 36
13 21 6
7 25 32
4 27 15
1 32 7
10 28 31
10 14 13
13 31 14
14 24 16
7 12 3
11 27 15
11 16 25
12 16 12
7 4 2
7 1 30
3 28 29
11 28 8
7 13 11
15 9 10
14 14 11
3 28 29
5 22 37
11 6 21
4 25 18
14 30 15
11 10 22
7 28 24
12 3 37
3 29 3
9 31 4
8 7 24
1 27 31
5 26 13
12 18 6
6 18 33
9 2 40
12 28 34
2 16 30
13 9 32
13 25 26
1 25 37
14 7 15
3 1 7
7 29 10
14 24 5
9 25 4
7 29 21
9 31 11
7 16 23
5 7 7
5 27 37
6 11 31
2 24 39
15 5 34
11 18 8
13 11 4
12 32 17
13 32 28
9 31 19
3 22 38
5 23 14
6 1 18
9 4 24
1 3 35
14 11 32
14 30 24
8 21 16
12 23 22
11 25 4
7 1 9
8 15 21
2 1 14
10 10 20
4 15 8
6 9 14
3 16 37
6 12 24
14 31 20
10 14 20
1 7 15
5 21 22
12 18 37
6 13 2
12 25 36
3 20 32
12 15 12
1 9 11
7 10 12
8 26 21
4 30 33
14 30 4
7 15 7
8 16 32
3 23 15
10 30 24
10 13 25
14 23 19
5 6 19
14 23 12
1 2 30
2 15 24
1 27 22
15 4 12
5 28 14
14 12 7
5 27 18
12 20 14
8 26 5
13 15 4
9 22 28
15 29 26
2 30 14
12 17 10
7 27 17
8 23 31
9 11 13
5 5 27
8 28 34
6 29 29
13 9 9
13 2 8
3 28 35
4 18 27
3 9 27
3 11 5
10 30 5
15 31 8
3 25 14
8 15 26
3 6 4
13 8 10
4 27 40
6 16 25
15 10 24
13 22 20
14 11 33
4 10 7
10 28 26
15 9 4
1 31 38
8 32 3
8 23 10
13 24 28
14 11 20
11 14 17
11 9 32
12 31 11
3 29 10
15 17 26
8 20 25
11 10 8
14 27 1
9 14 27
12 9 11
1 22 14
5 17 6
13 23 38
3 29 38
12 2 14
7 10 15
7 28 38
15 32 27
1 9 9
5 5 25
12 2 35
1 21 23
4 12 16
10 26 11
11 24 6
9 18 6
9 5 2
6 23 32
7 7 31
13 21 10
12 23 17
10 3 22
11 15 36
1 25 10
4 16 4
12 21 33
6 4 1
8 23 16
3 8 14
15 10 6
10 27 15
2 1 3
9 26 22
2 10 4
14 26 30
6 32 27
9 21 27
5 31 23
15 20 31
12 28 4
11 11 27
4 13 23
10 26 14
13 30 5
13 29 13
2 21 37
9 27 27
11 18 15
11 5 29
6 17 29
9 5 17
13 24 39
5 1 39
2 3 25
6 14 5
10 32 37
6 2 21
7 16 38
11 26 26
4 4 32
12 8 6
15 9 32
9 20 20
14 27 21
6 18 21
1 22 36
5 7 40
4 1 20
9 9 2
11 10 27
4 25 1
10 16 1
7 23 7
5 31 7
14 12 30
7 15 27
15 19 17
2 2 15
11 30 40
10 15 21
11 6 13
7 6 27
6 15 16
11 14 31
15 7 24
15 13 20
12 24 39
1 26 4
10 2 13
6 12 5
1 6 3
9 7 26
13 22 36
3 30 26
3 16 37
5 17 28
13 24 5
8 6 20
14 28 25
15 23 39
12 9 15
7 21 11
14 1 3
1 17 9
10 28 8
3 22 7
12 18 29
10 3 38
13 18 23
3 13 15
6 6 9
2 8 15
12 31 23
14 9 8
4 16 34
11 30 10
1 22 25
11 16 36
2 29 32
4 26 24
7 10 31
6 6 29
6 11 15
10 14 34
5 8 1
10 5 34
1 5 15
1 26 27
8 16 31
11 26 1
12 10 28
8 14 12
7 24 26
15 17 27
8 4 36
10 10 2
13 9 13
15 22 6
7 11 36
4 8 37
1 8 14
10 16 1
13 23 12
9 10 21
4 19 38
10 13 11
3 17 18
2 32 24
13 31 24
8 24 9
4 4 36
12 10 19
8 21 31
11 23 15
12 18 35
9 4 8
8 20 16
12 4 8
3 20 32
8 6 24
2 20 33
7 1 34
8 32 11
2 2 35
1 20 14
10 3 16
11 18 27
8 27 10
13 10 18
14 25 39
12 22 24
15 26 33
9 6 22
12 14 39
3 26 32
9 12 24
14 28 3
5 7 19
3 13 19
5 1 13
12 28 31
9 6 19
4 31 36
7 14 2
14 9 18
1 30 28
10 19 10
2 26 28
4 7 35
1 8 28
11 19 1
11 6 12
2 12 5
3 1 35
11 4 27
1 13 1
14 10 37
15 8 17
13 20 13
5 5 5
6 17 22
7 17 30
2 30 11
3 16 22
14 1 31
5 10 9
4 14 22
7 27 40
9 5 15
2 30 18
10 9 5
4 15 5
8 8 29
7 15 17
10 23 32
1 13 35
3 31 31
12 19 11
1 29 1
15 14 40
9 12 1
6 30 9
2 2 26
9 23 37
8 9 26
5 14 2
8 11 35
13 15 3
2 10 24
5 16 16
7 18 22
10 23 30
12 2 15
11 5 32
9 4 34
1 8 6
3 22 12
14 17 32
11 3 26
3 11 28
15 15 40
13 32 13
6 24 2
8 12 39
5 23 16
1 4 38
9 13 35
2 12 17
13 23 23
8 27 31
2 13 2
10 8 3
12 28 4
12 7 22
9 7 5
10 28 3
8 12 30
2 3 1
7 6 4
12 11 23
6 3 20
9 14 8
2 32 4
8 6 21
4 17 25
6 11 1
8 30 22
1 6 31
13 3 8
6 9 40
13 25 33
14 19 18
14 21 38
1 3 34
1 2 3
12 11 26
10 22 8
7 1 35
7 23 4
9 2 23
15 19 30
1 12 18
3 8 17
6 16 9
12 11 14
12 32 22
8 23 10
15 24 38
5 17 7
14 3 14
11 12 34
3 1 37
1 12 40
10 14 27
15 23 3
9 15 4
14 24 11
3 10 20
2 17 36
12 18 27
7 23 29
10 2 26
13 9 34
12 14 1
9 3 20
5 12 15
3 26 17
8 13 13
4 26 20
2 4 26
9 17 28
2 1 24
3 29 30
15 19 35
5 30 23
10 23 10
2 12 18
5 5 25
4 28 30
11 25 33
1 8 36
14 6 21
4 15 4
5 25 40
6 18 5
6 10 32
10 19 31
11 28 9
9 8 8
6 11 8
6 29 35
6 1 25
14 20 37
3 21 29
3 22 15
6 6 38
3 10 37
5 26 10
13 19 35
2 19 16
15 14 11
8 14 30
5 9 1
9 1 17
11 14 12
7 7 32
9 24 28
9 3 40
5 14 13
9 8 24
8 16 9
3 32 37
13 14 27
15 8 28
12 29 24
14 16 12
8 15 21
11 20 33
5 27 23
3 24 11
4 18 38
14 9 10
6 8 19
5 8 17
9 29 25
13 14 11
9 7 37
2 3 13
10 8 10
9 31 20
5 4 14
13 13 31
8 15 5
12 13 37
7 2 23
11 22 38
3 5 15
4 1 16
15 11 10
10 4 40
1 15 4
13 6 20
8 22 9
11 29 11
11 23 7
9 9 11
3 2 24
15 17 7
13 4 21
14 29 37
4 14 8
7 5 27
8 32 37
5 18 1
8 28 15
4 17 31
1 31 14
12 18 18
9 6 7
11 11 36
3 8 23
12 31 31
2 21 28
11 22 6
12 17 15
12 4 38
5 12 12
11 8 32
10 31 15
1 27 30
10 19 37
2 18 17
3 11 17
5 14 37
9 1 25
15 9 40
13 23 10
5 11 2
5 26 35
11 16 15
5 7 14
4 13 39
7 27 3
11 28 28
10 20 28
6 8 37
7 2 40
5 2 18
13 13 35
6 28 35
4 9 19
6 29 24
2 29 16
15 21 11
2 10 32
13 25 29
14 3 21
6 11 21
3 29 14
2 25 11
3 29 26
14 28 20
15 24 27
10 16 15
6 29 34
9 2 18
15 1 16
13 15 35
15 27 18
7 31 16
9 4 29
4 24 34
14 10 29
1 25 23
6 31 5
9 19 26
5 17 24
7 15 3
13 11 28
4 1 18
8 1 33
15 22 12
4 4 23
1 1 38
12 20 12
12 5 16
7 3 34
11 24 6
8 8 3
10 8 18
13 20 27
9 19 18
9 16 10
1 4 32
4 26 5
8 29 10
11 32 29
2 23 17
3 20 17
12 22 38
5 3 35
8 22 30
4 32 22
13 18 25
5 21 31
9 13 11
6 13 28
13 20 2
1 10 23
14 5 18
10 1 13
6 7 31
15 2 20
7 30 14
11 4 28
9 22 2
5 26 34
11 12 6
10 28 33
2 3 23
12 14 9
2 29 1
14 3 11
10 26 26
2 9 30
14 8 20
6 3 7
2 2 22
11 27 4
2 26 33
14 9 23
5 29 28
3 9 3
14 29 20
12 23 18
1 1 13
2 4 40
5 16 11
1 28 31
11 12 9
10 22 9
7 22 7
10 31 31
5 26 6
3 23 40
1 25 30
4 9 33
11 15 30
13 4 30
15 7 8
5 19 17
15 18 3
8 17 13
2 16 28
9 3 20
4 7 7
13 24 27
7 18 25
5 5 36
13 25 31
6 25 1
9 9 27
1 1 10
15 19 3
12 16 20
11 30 33
7 5 6
11 3 18
12 13 23
2 1 2
10 30 17
4 19 5
5 20 12
7 10 4
12 15 10
3 12 7
14 28 28
13 2 24
3 21 4
11 20 34
11 29 10
11 18 36
9 3 39
10 7 15
11 5 3
13 9 1
7 16 22
2 17 7
1 11 33
9 9 4
12 29 23
11 9 28
15 1 1
8 6 13
5 26 34
5 3 9
3 23 36
10 14 4
6 19 9
4 17 16
10 14 39
5 10 21
5 32 19
11 16 16
5 16 3
11 12 27
9 19 10
3 7 26
11 5 30
12 12 1
12 27 29
15 10 36
5 7 34
8 27 29
10 17 34
7 25 27
10 7 17
1 17 33
2 9 16
7 19 35
11 31 2
1 1 25
7 29 3
10 25 30
3 31 35
10 30 14
5 9 34
4 28 2
4 21 8
9 26 14
6 18 19
5 22 9
2 6 33
10 7 11
14 14 21
12 7 28
7 17 18
5 32 36
15 20 9
1 26 3
7 7 1
10 6 39
8 24 38
3 11 39
9 19 4
12 25 36
7 28 38
6 10 33
12 28 16
6 19 25
14 27 34
2 3 37
13 13 7
7 21 36
2 5 21
7 32 33
13 10 25
1 14 17
1 19 32
11 12 11
13 4 18
1 7 39
8 2 22
12 1 7
2 13 33
14 20 4
13 4 7
9 23 8
10 20 33
11 32 33
13 29 6
2 24 28
9 4 10
15 9 16
5 19 10
15 24 31
9 19 36
8 6 13
8 26 20
12 30 30
10 14 10
14 22 8
6 23 33
11 15 9
2 12 12
5 7 5
9 24 7
11 9 7
6 1 31
6 23 23
7 19 31
2 27 29
9 8 8
2 18 33
10 1 3
8 4 40
3 1 9
15 29 34
5 7 15
15 23 16
12 8 23
3 1 37
14 20 30
4 17 13
8 9 17
1 13 22
6 7 38
3 1 2
6 5 32
2 12 24
10 18 7
5 2 3
8 26 2
12 10 26
11 11 40
6 32 30
11 15 10
15 9 24
14 5 15
3 18 24
12 29 35
1 24 26
1 8 3
1 19 31
13 7 37
5 26 16
8 30 22
3 32 36
1 19 10
11 25 16
8 29 7
5 29 10
7 24 24
9 28 5
4 11 19
9 3 38
1 11 11
9 8 24
5 18 39
10 14 10
2 15 29
14 13 20
13 21 12
6 19 40
13 30 9
6 17 20
4 3 25
4 5 28
15 18 10
15 12 31
4 17 5
2 26 3
15 31 7
14 14 5
6 8 39
14 14 2
2 8 39
6 21 19
8 25 1
6 13 17
5 25 1
12 19 39
9 28 31
3 14 18
12 23 9
14 8 27
14 9 7
1 8 4
4 14 14
3 16 20
1 17 34
15 16 11
8 32 34
5 31 26
11 27 18
1 21 20
5 27 23
8 30 5
6 24 23
7 9 2
15 15 36
8 27 16
6 12 22
9 26 8
2 22 29
14 32 39
2 28 1
2 10 23
2 21 16
4 7 26
7 7 24
14 24 33
9 17 25
5 15 30
2 19 23
13 26 35
5 27 7
15 21 25
1 3 31
4 12 32
9 26 40
7 15 4
11 29 37
3 27 29
3 26 31
12 8 11
10 18 11
13 11 31
13 15 18
10 14 14
6 29 27
9 15 8
2 22 19
3 25 37
12 9 33
12 29 18
6 22 22
5 11 38
12 9 13
7 10 34
3 12 16
8 9 24
12 2 16
7 29 22
8 7 11
5 2 21
14 2 31
3 24 23
8 26 3
4 13 14
15 29 8
9 20 26
2 15 34
1 17 17
13 23 38
6 9 7
13 3 36
5 6 19
2 15 19
2 29 28
1 3 7
3 21 20
14 32 15
5 20 32
5 21 12
2 12 13
5 8 10
14 9 7
15 21 10
11 5 4
8 25 9
6 27 17
7 17 31
1 17 7
13 31 34
6 17 1
13 32 2
13 13 35
11 29 39
10 14 29
3 17 37
1 4 14
9 20 29
13 1 7
7 8 15
3 8 17
14 23 36
6 4 33
3 29 5
7 26 21
2 4 8
6 1 40
15 1 33
13 6 17
6 11 17
10 30 3
11 30 22
3 12 37
4 28 26
9 10 6
2 12 26
2 20 17
1 15 10
3 32 26
14 13 31
9 4 39
12 9 37
2 16 28
6 19 28
10 30 13
6 12 7
3 5 37
6 22 2
13 13 13
15 8 17
12 8 14
14 1 29
5 14 28
15 7 34
14 24 17
6 10 30
15 3 20
11 7 20
2 13 6
12 5 39
8 24 2
13 10 6
7 14 6
11 31 6
6 29 26
9 2 1
5 8 10
11 6 33
4 1 36
6 11 5
14 10 26
3 20 2
3 17 3
1 9 37
14 19 11
14 9 23
14 31 1
8 32 39
2 30 31
4 13 2
2 20 22
12 26 32
13 3 18
6 9 39
15 20 25
12 32 13
3 11 12
8 17 25
1 28 9
9 24 7
15 23 39
1 11 5
2 20 37
14 5 24
7 27 35
14 27 2
1 14 18
10 30 9
14 3 21
1 22 16
11 3 27
2 4 13
11 24 25
12 15 39
4 22 4
14 21 18
2 18 11
8 29 2
14 6 19
12 5 3
9 18 29
9 8 13
1 5 15
11 8 40
12 26 11
15 27 18
2 22 31
12 23 34
2 5 33
11 21 24
1 31 17
9 22 34
7 18 8
1 14 38
14 14 9
3 23 8
13 27 21
12 13 28
5 1 3
13 27 14
12 26 9
10 14 1
9 27 25
7 30 23
4 26 7
10 23 9
5 7 16
5 1 19
8 8 33
15 19 4
9 21 23
3 5 36
8 28 3
4 15 23
10 23 4
11 21 32
9 5 10
3 29 13
6 27 19
11 12 26
9 17 36
15 11 3
13 23 40
13 22 8
15 30 12
11 4 5
5 5 35
11 17 24
14 9 10
4 20 29
12 32 36
13 25 33
1 22 18
7 9 4
9 22 40
3 28 35
15 31 12
14 12 21
12 4 24
2 2 31
11 5 26
14 7 40
13 26 34
14 11 23
15 6 13
13 13 23
9 2 1
14 29 10
8 4 10
2 8 20
15 25 26
9 1 28
5 25 40
12 26 1
2 21 31
2 6 23
3 22 32
13 17 6
12 9 39
11 5 32
5 30 10
9 7 38
1 16 10
13 1 10
14 1 30
7 20 35
5 23 16
14 25 22
7 14 8
14 1 24
15 16 17
9 20 28
7 2 14
5 15 23
14 28 6
13 22 8
11 5 27
1 11 18
1 26 32
5 6 15
11 18 11
4 26 31
5 2 37
1 30 1
5 25 5
7 8 6
5 18 12
1 23 30
5 18 22
4 14 24
14 12 19
12 27 14
15 10 29
9 15 21
2 21 29
14 2 4
3 1 5
4 2 22
11 6 4
1 20 24
8 2 23
3 3 25
10 24 23
9 3 40
1 3 39
3 1 14
1 14 11
6 12 10
8 22 36
11 13 35
9 21 40
6 5 7
10 10 25
15 13 8
9 29 1
4 25 5
6 2 13
6 9 7
5 15 1
4 15 1
12 4 19
15 16 26
12 25 4
15 7 1
15 25 22
1 13 23
14 26 40
5 17 36
1 32 10
15 12 37
1 13 18
5 22 22
5 15 5
4 18 26
7 23 5
15 3 2
9 27 30
10 1 6
2 11 4
2 26 11
9 7 15
8 25 29
8 21 34
14 5 33
7 14 8
2 23 30
12 30 15
12 7 34
5 8 8
8 24 25
15 9 30
15 2 19
10 5 13
2 32 23
15 22 18
6 19 25
1 32 25
7 32 29
2 32 29
1 26 24
2 20 36
11 18 2
15 22 23
14 12 3
4 18 13
3 29 16
12 17 37
6 17 10
9 31 3
6 21 1
1 26 37
2 28 35
9 9 14
10 7 37
9 2 17
4 21 7
6 25 4
12 20 3
10 17 35
12 17 15
7 17 31
10 26 28
3 15 4
8 22 20
5 10 1
11 12 33
2 5 22
4 1 5
9 17 10
11 32 8
1 25 30
6 14 6
11 27 29
11 6 12
8 25 18
15 31 15
1 10 16
12 10 13
13 7 17
10 21 30
12 25 36
13 8 6
1 25 33
4 13 36
13 5 24
15 26 23
12 1 38
13 2 20
1 25 18
5 21 31
10 4 4
10 28 18
8 14 30
14 7 16
3 29 23
13 9 26
3 28 37
9 19 8
13 28 16
5 5 35
2 20 33
10 17 40
4 7 19
9 5 16
7 19 4
3 6 21
3 9 4
15 30 16
4 13 21
7 30 34
1 28 27
11 18 11
6 11 8
4 14 11
4 16 27
15 24 35
10 29 6
3 27 7
15 27 13
12 22 20
6 13 22
12 26 28
13 30 22
10 11 38
4 2 29
13 25 1
11 8 24
3 7 28
9 29 20
5 9 11
3 22 36
14 31 12
9 16 31
3 14 15
7 5 30
6 28 7
13 1 21
5 19 30
4 17 40
12 7 25
7 24 15
2 24 39
10 1 23
15 26 16
1 19 27
7 17 9
9 16 1
4 30 33
15 22 13
9 6 16
3 9 37
14 31 19
2 19 5
8 14 24
11 31 18
12 20 25
12 6 34
6 9 27
15 9 37
13 32 35
8 19 11
3 12 4
15 22 4
12 24 27
6 19 28
15 14 22
2 26 24
5 7 28
13 29 37
7 23 28
1 19 37
11 30 34
8 24 33
9 12 39
5 3 15
2 12 38
4 26 37
5 9 29
11 16 19
6 25 3
2 6 6
10 22 31
15 10 32
11 32 36
6 20 38
15 22 39
9 30 13
15 25 4
3 31 31
15 15 14
11 19 11
15 14 19
14 26 38
12 30 3
8 15 22
7 22 8
1 9 36
11 27 28
11 10 23
1 29 4
5 8 15
7 20 36
5 20 32
10 9 14
4 1 2
14 5 21
9 12 18
10 30 25
3 15 25
4 27 19
12 31 7
13 10 20
3 13 33
5 26 37
4 30 33
4 7 4
12 32 30
10 28 10
7 1 14
15 4 7
14 22 28
13 8 38
1 19 8
11 26 24
4 2 32
7 7 10
12 17 37
9 5 14
10 22 36
12 14 7
8 2 5
9 30 15
8 10 8
8 19 1
12 12 3
1 20 13
2 10 25
3 25 36
1 1 15
6 5 39
10 3 2
13 28 17
12 21 26
12 20 4
4 20 21
14 27 31
12 10 19
4 17 12
7 14 7
11 9 5
10 10 23
7 23 15
1 29 28
3 14 30
5 25 9
14 20 13
3 14 12
5 31 28
7 1 4
4 27 20
5 27 23
15 14 38
11 21 14
9 11 19
1 20 1
1 4 8
9 32 3
4 32 22
6 24 4
6 27 24
12 12 1
10 13 24
13 13 36
15 4 18
7 15 32
14 21 21
15 23 21
2 30 12
12 9 18
8 12 29
6 7 8
2 6 7
11 25 23
7 22 25
2 23 20
9 11 5
6 1 12
5 6 33
7 32 5
6 2 8
10 27 4
4 21 25
3 2 7
5 2 14
13 22 35
2 29 26
8 17 14
15 4 37
15 4 33
3 20 5
7 9 29
2 21 1
7 19 9
12 25 18
6 1 13
3 32 40
5 17 10
7 19 7
11 20 18
10 19 9
15 26 35
15 14 10
4 20 31
1 4 32
7 16 11
7 5 14
15 8 7
6 29 13
2 15 14
10 27 2
3 17 9
14 9 9
5 23 30
2 2 22
15 19 33
9 28 4
14 11 5
14 18 2
8 25 7
3 4 2
1 5 37
4 1 34
8 8 20
3 20 22
3 15 21
7 5 26
14 1 4
14 21 14
5 19 34
1 5 13
6 2 35
1 17 8
8 2 23
2 4 2
6 26 21
6 11 11
11 1 3
11 7 28
4 21 15
4 1 28
2 11 8
5 5 20
8 4 6
2 10 4
9 29 5
1 24 5
10 14 10
11 29 16
7 14 29
4 9 24
3 12 4
1 2 36
11 24 37
2 29 15
15 16 13
5 16 37
2 15 1
3 25 14
5 29 14
9 32 29
3 22 17
15 16 24
15 20 3
5 18 7
10 12 26
8 26 25
10 25 39
10 22 9
9 6 9
3 4 5
4 31 26
1 1 7
9 7 27
15 21 11
1 17 36
2 7 18
12 20 25
2 17 37
11 16 25
7 17 20
9 26 10
8 11 6
1 28 16
8 4 37
2 22 26
7 24 3
3 15 22
7 3 24
12 5 36
3 25 36
1 28 4
5 12 2
6 30 37
4 32 28
4 30 8
4 24 36
1 27 14
15 31 40
2 21 31
15 14 4
14 24 14
7 1 1
4 19 5
14 16 31
10 14 3
10 12 13
2 9 26
11 32 35
2 11 2
3 6 2
2 2 30
7 31 17
2 21 3
3 18 32
4 23 20
8 26 17
2 31 2
3 15 29
2 19 30
7 10 27
15 21 28
13 6 12
11 9 19
9 2 25
4 19 27
11 18 13
7 7 15
7 3 35
1 26 1
12 20 9
10 11 14
6 22 9
12 28 17
12 16 37
1 25 12
8 9 25
10 29 26
14 3 4
10 15 40
6 7 35
3 26 2
14 4 5
15 6 24
12 28 36
4 15 27
9 27 19
4 27 32
15 14 19
3 30 4
13 6 33
5 5 26
1 2 34
1 18 8
9 4 34
14 12 36
3 9 10
7 19 34
7 2 18
11 1 21
2 3 15
9 27 25
15 5 4
12 4 32
8 28 32
11 12 32
14 24 24
8 14 7
3 27 4
2 31 28
5 22 10
2 16 12
5 11 7
3 23 34
11 21 29
6 29 35
11 3 24
2 28 2
14 11 35
4 22 22
15 22 12
4 3 4
12 13 36
12 32 16
4 30 31
1 32 15
14 9 2
6 9 23
10 15 22
6 31 14
10 4 26
1 6 36
8 25 34
11 27 3
14 12 9
2 27 33
7 15 14
10 16 20
8 25 28
7 8 27
14 25 9
8 20 21
8 15 28
11 7 15
12 28 37
1 7 2
6 3 38
3 1 40
6 28 25
1 5 14
6 9 22
3 10 3
5 19 24
6 19 1
10 19 6
9 31 3
10 24 21
4 32 30
2 13 35
6 3 16
11 20 20
3 26 31
2 31 39
7 7 16
7 30 17
1 14 12
11 18 7
4 4 8
11 32 14
7 22 39
1 1 19
2 31 10
6 17 13
9 31 36
10 8 1
15 7 15
1 32 25
15 5 34
15 22 8
7 25 14
5 6 6
12 15 37
4 13 9
3 25 8
15 17 21
1 17 18
14 18 13
11 2 19
5 13 15
5 30 31
5 16 3
4 18 34
15 4 11
13 14 33
11 21 29
6 20 27
3 18 35
1 19 5
13 6 40
14 28 13
10 10 1
9 32 35
8 2 31
4 30 28
8 20 37
11 31 27
4 6 36
7 15 40
12 14 37
2 2 19
4 32 13
1 7 23
6 9 21
14 27 19
1 25 17
12 26 5
8 22 19
15 6 15
8 18 39
6 15 39
10 6 36
15 17 27
2 25 38
2 21 15
1 15 13
11 20 29
12 22 33
3 27 32
5 21 27
10 20 28
15 15 37
12 5 4
14 4 23
1 8 5
4 18 15
4 32 16
10 23 38
10 12 29
5 7 37
7 5 31
10 13 34
11 28 34
4 15 35
15 9 12
1 20 16
11 5 19
2 12 15
7 27 7
13 23 21
3 14 20
8 13 27
14 5 36
11 5 8
9 28 19
13 9 9
7 17 33
11 24 25
12 9 1
12 16 6
3 2 1
4 6 11
3 8 1
7 15 19
6 6 35
7 24 19
10 30 13
4 23 16
9 13 20
3 10 3
9 28 40
3 18 29
11 26 32
6 3 10
1 16 21
14 12 31
15 26 8
11 29 10
4 8 37
10 12 5
4 28 6
14 20 32
7 25 29
10 25 34
12 10 1
10 23 20
13 22 7
13 14 8
13 29 10
11 27 14
13 11 29
13 18 13
10 19 36
8 7 32
11 30 33
7 12 20
13 17 39
7 3 9
4 31 13
11 23 7
8 12 30
13 15 18
5 21 38
8 18 7
5 20 26
12 3 21
7 28 30
3 24 3
4 1 40
7 18 40
7 20 11
7 17 33
5 8 30
3 26 10
11 7 34
10 31 21
14 23 9
7 19 34
6 32 14
4 30 11
1 11 40
15 10 21
7 27 22
10 20 24
8 14 19
14 18 33
15 20 23
14 28 36
7 27 7
12 31 2
7 1 4
7 14 10
2 13 6
9 30 24
9 1 7
9 24 2
4 32 19
2 11 19
6 6 1
7 27 1
7 32 1
13 5 7
13 7 25
9 23 18
7 1 11
1 18 29
14 19 22
9 25 20
5 12 20
14 2 8
14 29 33
10 6 19
7 2 36
5 7 13
6 7 16
1 3 7
8 26 39
4 11 21
11 20 33
2 32 5
6 12 23
8 18 7
13 26 36
7 18 24
5 7 13
13 11 19
15 15 13
14 3 28
5 16 17
14 3 23
2 13 27
12 20 22
13 23 32
4 12 38
3 8 5
8 26 20
6 2 25
8 21 6
2 7 26
6 20 34
14 15 11
15 8 28
10 24 31
7 13 21
13 30 35
1 11 5
6 4 10
5 23 19
7 12 21
12 4 38
13 23 32
7 1 15
3 9 27
10 5 5
13 27 19
5 29 8
9 26 25
14 24 1
11 21 5
9 19 7
6 27 14
9 10 15
5 31 31
15 23 26
3 1 2
4 4 27
10 20 30
6 29 13
15 32 20
15 7 3
11 16 23
11 30 16
9 21 34
3 28 10
14 8 38
14 19 36
12 22 24
1 22 12
9 1 4
11 24 1
2 12 9
10 30 29
2 19 9
3 29 27
15 23 28
9 9 15
3 11 33
7 22 31
4 26 39
7 16 31
1 4 36
13 2 23
1 10 23
13 8 6
3 24 15
7 12 11
15 6 34
2 27 26
