65 77 202 3052
2940 1454 3748 1312 2780 412 2834 4843 4559 88 4393 697 556 3935 3804 3692 4280 4792 1768 1782 373 3215 3382 790 1575 728 4446 519 2786 4450 382 3736 11 212 4648 22 3589 4796 4080 1092 2787 3518 2353 919 140 2707 1066 1212 4629 15 4270 614 2559 1137 4824 831 2273 791 3035 2717 4035 294 2955 2878 2884 2015 2052 4805 2893 2287 335 3278 1176 28 694 2507 3721 
2292 76 75 138 3985 2823 127 4449 843 525 975 4481 2868 106 4565 2029 4518 4526 1800 461 1748 438 87 1566 3075 4028 2610 645 3282 1483 754 295 551 2404 2107 3120 2745 1708 4114 2298 2652 839 358 61 2456 368 4212 3518 1170 3775 1885 319 3641 2868 2687 504 2317 1628 2612 2481 3632 101 2042 4097 69 2931 4167 3124 3016 4351 713 1247 2650 3050 2278 3661 4059 
107 980 506 997 3280 118 42 2589 2613 2788 3952 4492 4229 672 4478 1203 1671 1871 4340 961 1530 2051 2584 4330 656 2004 4566 2952 3355 1263 462 973 4223 3414 3906 564 2210 3417 3879 1004 501 4143 4474 4875 1339 227 3200 995 4413 3322 4382 4704 1272 532 4683 1797 4565 1517 4128 3594 281 755 2957 408 398 4249 20 1401 42 74 1425 2387 3884 1794 3427 1640 4109 
4559 2369 4311 3817 2432 3319 4498 2952 116 2454 4784 4639 1571 1507 544 4219 2635 1152 827 3083 701 1340 975 1509 1030 1428 1225 2335 229 3283 4286 1585 2029 2880 1417 2951 4202 3297 1348 853 4628 3395 2931 4071 2637 903 4543 4084 2856 2187 4815 716 1289 580 4480 3160 3973 3122 3518 3371 3347 1155 4087 1476 1525 3835 4616 4382 630 3361 1771 4219 623 1415 1984 3113 3723 
3284 2371 3805 3012 2596 3772 2159 4479 4330 3563 760 2756 3084 4426 800 769 3162 4574 3558 544 4813 4156 3334 3866 4314 2028 1163 1716 3904 2057 2344 3991 1766 2633 1238 3530 973 3028 1067 3051 4230 366 2806 2946 3315 1441 3089 4356 813 4230 3698 3496 4452 3761 1664 2194 114 2985 2201 1044 1226 1621 2244 690 2703 4373 2596 2981 2079 4086 273 4393 3283 3397 1168 4299 950 
3886 4160 2662 2516 21 4000 2028 268 3483 3460 537 4786 1692 1699 3353 1143 2710 4010 3021 3917 1215 3818 3528 2568 2793 3105 3022 4176 128 1758 4051 3685 4441 4417 4808 2617 1947 4583 680 4387 3383 2076 3389 2168 3796 4266 4403 753 2661 1786 3125 3542 1430 2554 2885 2433 3425 1029 3324 3735 4311 2527 1444 2340 889 3584 2283 657 4717 1479 4563 1716 3534 2679 3874 4674 2868 
3347 1006 3766 1771 622 2195 296 216 1573 2209 2987 4611 1707 4328 3311 1628 2077 3475 3438 4392 4584 567 2255 4752 456 3363 2425 355 1928 3422 587 166 261 2282 4695 2388 1360 3514 4781 2223 3606 521 1162 1172 4396 396 775 4357 4607 2461 4211 4885 3929 2984 1626 3712 2671 666 2562 3761 3177 3280 575 1114 4856 2947 3676 4320 1439 1814 3005 1185 2501 139 4633 1890 1053 
2741 3351 4370 1583 3842 3135 1404 2943 676 4509 3447 1339 417 4694 1647 3500 2143 2134 3213 3088 1921 2913 1467 1831 3270 4429 4886 118 3549 4073 4396 3184 3376 2472 855 3626 1302 1886 4234 613 3003 3331 2173 4136 4390 568 3989 1547 4805 4252 4772 4224 2561 4348 4190 501 2609 3041 2550 4831 1694 526 694 1303 3977 3756 4758 135 2112 3621 3979 2351 566 2588 1674 2924 1101 
3998 4877 1721 2649 3701 165 1080 4324 3656 4089 1788 646 3351 2054 1874 2690 4606 3499 4025 1881 4310 353 3429 4708 2686 666 598 2961 1362 1032 3497 26 1683 4568 4877 4346 2357 819 69 547 164 3720 2513 3449 3519 4669 3296 2966 2629 304 4878 1802 660 1143 1011 1984 50 4663 743 4251 1552 1372 2658 3364 3242 3364 251 4089 1037 3514 3485 1960 3094 3428 3817 3128 4198 
622 1154 3733 2358 1774 4246 4278 2807 4073 2168 514 357 4531 4168 3569 2633 2045 817 3508 4275 1622 2717 50 4367 4024 2808 2621 4735 4109 4617 3944 3907 186 318 4167 1581 3163 3133 235 502 3781 2482 1802 415 4698 2317 2440 2544 2925 1116 1351 4559 979 3057 4262 2375 2169 2637 970 3838 1395 1188 647 533 2294 3514 736 2012 855 3052 1086 4252 3166 3478 4348 3398 655 
1401 3331 4697 3039 4879 1314 2954 1909 2767 4722 2306 3201 1739 2520 834 667 2674 2144 3849 3580 2480 2428 4819 334 2241 1449 4250 684 4091 2054 4878 4379 4207 4531 1715 418 3383 2701 3344 2502 1087 2227 2862 809 4739 4163 4079 3889 3722 2477 263 3741 4659 3129 2469 874 2902 1886 4027 3369 3158 3437 4587 2387 2955 1144 4486 2972 261 2072 2202 3370 2849 4324 3973 556 717 
4205 3023 2570 2441 2046 2093 2324 2307 4203 1210 1054 66 3477 1432 1875 3136 3080 4694 3202 2762 2021 3855 1392 827 1754 1875 3973 3055 899 3084 434 1842 3826 1405 1350 4881 639 62 1647 1628 4018 669 607 1086 3614 236 652 347 3307 4414 2759 2241 3805 2130 2079 2619 4861 601 180 2085 4678 2475 2048 4829 4864 2676 3611 1349 1498 322 1132 4143 3377 4079 3482 2246 2815 
3362 338 942 2773 741 22 4724 507 1719 2492 1882 1753 3345 2644 2516 4759 3099 3422 2617 3925 1537 3214 2737 1905 3903 2670 3968 2389 327 2536 906 2973 2436 978 3800 991 204 4036 1304 4110 4790 2029 1260 1813 4462 2509 2280 4671 4552 2836 2178 2415 1216 1957 4582 4596 2081 2514 1031 3461 1135 4656 3966 1921 2871 1574 4241 4079 2450 3001 4109 2688 4356 4325 4024 2749 989 
2036 3741 2852 1361 3880 4341 3105 2554 3765 1352 1000 2383 3989 810 809 1056 3196 3252 3931 1163 849 3872 2329 4650 3169 2398 3062 1085 1179 4622 321 2253 2364 4396 3757 103 2138 4456 3009 4135 297 1953 4696 1904 2032 590 602 2402 647 1139 2025 2631 4151 2053 2906 2231 367 3182 1170 1736 1810 50 4199 1514 2286 3502 791 3447 2497 4068 2198 3622 1887 2361 2806 1056 3259 
1454 3129 2196 3129 3081 726 1160 2165 3290 69 636 1748 4468 2670 4118 4525 2454 1136 2726 3153 131 4562 319 3378 4225 4032 329 1100 3584 1707 3843 3151 1892 885 4846 1408 1585 824 4287 4763 1358 521 3802 4662 4035 666 2879 3932 3955 2674 4425 307 2244 3763 1392 1796 11 1922 3919 1221 1443 467 4656 3667 2441 2391 1744 2138 594 69 704 2573 3836 976 3869 1257 4524 
3655 1410 4256 1493 974 4445 231 2697 783 2306 4543 796 1612 219 1864 2084 4705 798 2690 1742 3332 1099 1531 1908 4892 2485 3275 3982 1260 1514 3899 167 1004 485 4497 3310 4263 953 4636 566 4430 2009 1391 2721 589 1569 512 4406 2486 1328 4281 3632 3025 180 4343 2616 4147 340 522 2822 3929 3006 3224 3924 3151 2820 4406 2340 18 4515 656 4100 4295 2720 3234 1603 3018 
386 173 3327 227 2839 778 953 2509 2896 4899 3572 2880 3396 2883 3069 423 3786 910 2361 4626 4158 1883 4741 2669 2384 1289 598 230 1323 3036 2163 1601 2365 3569 4060 1036 753 205 4690 3859 4296 3628 4373 3426 1799 317 4268 2529 2680 4477 4846 2208 279 1408 840 4523 2411 3742 1014 3654 1585 1722 3985 4764 2094 3647 3329 3878 1843 1009 831 929 794 337 4483 2421 4047 
464 4061 1585 2627 3707 864 4492 137 4092 1009 1421 4687 2916 2480 885 3095 981 3393 1361 4001 4713 1197 3958 3681 2330 1554 716 1623 3399 668 3753 2038 2470 682 2399 2834 2196 1871 3497 1018 3850 4162 14 3804 1210 1064 996 1232 2199 1462 115 421 695 4328 4136 4714 788 4543 1853 2306 970 364 3328 1052 1430 1576 4494 1965 1126 1061 1385 4125 4406 1783 1770 2144 4849 
841 1600 3054 1721 3440 1670 4795 3631 1069 3064 857 3194 2518 3721 3462 2034 1965 4463 1957 3856 3839 4186 2541 3866 2961 4113 1992 3221 2772 2896 4791 1844 4601 4847 319 2031 4714 1285 2786 4773 1460 4150 2918 1292 3804 2094 1427 269 837 205 4234 278 388 2776 1877 2189 356 1611 1414 1141 723 397 973 4862 874 368 2522 4557 2481 2534 2624 632 66 1243 1346 1625 212 
702 4609 2839 1460 976 435 2761 2055 1272 3838 2929 1433 3077 3512 3473 1218 4251 622 2243 1182 3320 2564 3710 3759 2846 3377 630 3738 4748 804 2719 4752 4422 2062 1612 1395 4643 1258 351 2103 1237 2419 1949 4253 4906 4615 2693 1356 1814 3563 3318 118 573 2442 1739 319 4763 3645 1696 1796 363 2065 2902 2374 3895 1886 4401 966 2107 3055 3942 769 1965 853 3441 1843 3938 
3272 1566 4800 1846 4228 1673 346 1018 970 312 3633 3926 1679 3267 1134 2139 4738 4441 4825 564 2255 3731 4385 3728 656 4180 1636 3769 2547 1250 3226 2135 3587 3201 3754 1366 2496 3324 4532 3794 2312 3128 2664 2780 1628 3931 3759 3873 1412 4206 3836 3545 2865 736 2485 3264 1430 4075 4320 2712 3233 621 1758 2679 177 2326 1357 2731 1051 2223 3593 2045 1255 145 1263 1015 1405 
4186 248 314 2429 259 3939 3210 2915 869 786 1842 1358 3849 3292 1248 3953 1975 3506 2399 3562 2292 1012 2537 3977 1088 477 2605 4002 2043 2908 1919 1384 624 3629 4706 3088 4570 2596 4811 302 1049 4689 3751 1538 1708 2622 498 769 605 2939 119 3070 3898 1836 1348 1868 4055 863 2799 1181 2403 1551 367 4519 946 1195 3849 1057 3054 968 4514 1849 2529 985 3664 1417 737 
2544 3543 189 2302 3954 1335 4476 340 230 4851 2266 764 191 2780 894 4818 3105 1430 2989 994 631 2585 332 136 1197 968 458 484 4299 4477 3042 2319 1950 350 1529 1001 2916 4514 262 2795 2479 1730 2525 658 1313 4381 4179 2223 4048 1005 368 2216 3880 913 1700 841 22 3197 2483 4233 1855 2080 1841 781 2108 2915 95 1756 2338 3320 4798 3515 4282 1575 3099 4815 3970 
1399 1302 1554 650 1982 717 946 1819 1724 4245 3908 3210 512 2434 4776 2362 751 3124 3764 1808 3239 1385 839 1269 4763 2558 3857 895 505 2459 3503 396 498 3578 631 4334 2222 3809 3424 4474 165 3165 1026 2024 2254 2997 2368 2835 377 615 4821 3525 1122 2228 1363 1618 4476 454 4336 3406 1924 3024 4358 1545 4146 2905 569 4352 3368 1566 2823 3851 3629 3522 1802 4805 359 
1994 1006 729 4493 308 1333 1216 3785 2536 729 1002 2411 2990 800 2338 4199 3632 2992 840 4564 1136 4704 295 1283 237 1616 1695 3962 914 1150 1187 1750 149 4148 2408 154 1438 3858 3635 2221 3591 3803 1515 170 3358 1430 1071 4262 3022 3821 2857 3415 1470 4058 1519 2204 4585 860 4173 4806 2574 1802 1034 3152 297 1854 3434 2729 3194 2600 81 2659 2645 3009 125 4450 238 
870 1491 2440 4554 2918 4222 3304 1065 3216 3304 932 3313 506 3086 1159 691 3751 1097 1432 2904 3257 4378 3920 2843 3705 860 471 3460 3760 4796 2321 1140 4578 664 3607 2540 1495 241 513 4485 3339 3433 4336 4704 938 2395 4261 861 4712 1907 264 2821 1650 3369 4303 4883 3081 582 4286 3559 2101 2832 1424 2462 498 3437 4862 4114 1009 2552 3456 4062 1093 396 2192 4893 830 
1890 4011 2755 1814 1383 3323 1961 4510 4548 3000 2027 643 1478 2539 2312 2782 3950 2799 175 570 1962 4033 3316 4388 4100 3362 687 3509 2625 2941 1460 1135 1665 1202 1620 4310 4372 3797 3597 1031 3267 3272 1503 1084 3642 4747 442 4262 1276 4331 1732 149 543 4504 508 3790 4145 79 1331 4867 4645 2071 3354 496 2933 1783 801 3421 4005 4532 2987 4402 1899 4637 3584 1171 1402 
699 755 4527 2165 530 4908 2362 2513 1672 3410 3878 183 4605 3084 4001 3659 730 2830 1681 253 2546 989 2199 3491 192 3729 2190 2378 1114 942 2762 510 4186 300 3240 1449 3126 2353 4481 3233 18 4866 2229 704 3648 2921 3231 2648 1060 2525 4543 4397 2543 495 2511 4823 4755 1035 1064 4867 294 3727 2557 2261 4839 3351 219 4907 4099 2084 225 3914 2020 1029 364 4866 3805 
3792 3628 4907 2753 4552 209 2726 1018 1643 3062 3619 1825 530 4132 2744 4431 2172 2665 3536 4509 1313 26 61 3626 192 2890 2170 3170 980 1297 2998 3466 2344 1488 4896 842 815 789 4103 1474 3698 3526 4781 3977 3981 4213 3322 2561 3920 2799 2973 959 2853 3102 1699 56 3777 1099 3388 2938 3259 3422 2828 250 2356 746 4826 4301 3758 1712 1726 2258 1911 116 184 616 1146 
2825 784 3048 3980 3498 3454 2189 1559 3006 617 711 1211 3974 3932 2242 3034 513 3035 4559 10 2106 3058 1991 4835 4088 885 3074 2494 1968 1484 175 2049 1007 4249 3652 4903 771 1129 2780 3622 4494 1797 4512 2218 4246 63 2156 489 2557 2329 458 4681 3200 3339 3309 2802 3992 3849 2921 4515 4662 660 26 1884 1156 3364 2022 3892 1569 155 670 2844 3614 95 528 791 1376 
2991 3837 632 3906 4847 884 2153 4871 755 1679 3837 2578 871 4155 2623 4152 372 1723 1038 299 3718 2515 724 1279 4167 445 966 3335 1270 2051 3021 1406 1250 4776 4541 1657 2288 1177 2361 3981 3211 2958 3286 2713 1624 3080 792 2141 1451 2967 1843 4181 4682 4641 2007 1645 4068 3167 4731 988 125 3495 2262 3341 2693 1180 1821 560 1361 2433 158 2143 239 1174 2931 1939 4159 
1354 2801 2859 1407 595 1651 3387 2972 2530 2162 513 1350 2318 4561 1446 3979 2225 4512 1445 4221 1374 3499 4443 3464 1789 1005 979 1628 4481 88 1359 4288 3934 3923 1285 3967 4600 1837 4580 2342 328 4821 2402 3235 573 3467 2119 3466 2002 1129 3472 1931 1226 2628 3972 285 3530 3790 3503 3776 3547 2422 1046 1296 3530 3455 1985 439 4367 3324 4171 4897 4314 1362 901 4346 3295 
3080 3679 3352 2963 1560 1113 2488 4904 4736 4826 30 2017 4467 2031 1375 4863 4794 1583 4869 603 3761 4873 1299 4741 3330 2410 3634 1545 4557 1484 3896 3459 710 2407 684 2616 3605 478 1428 2755 681 3205 978 143 924 1612 315 1575 1632 1919 4058 69 749 2003 397 4518 3152 4003 705 3424 156 1462 4508 2099 2325 3371 3363 2970 4101 4794 1879 4304 4443 1758 554 4520 3972 
583 2414 4347 522 3360 1159 4340 63 81 4102 661 2458 356 2411 2295 2589 549 2459 579 2461 516 934 4183 1032 3232 213 3884 3938 2239 736 2278 568 1759 1174 4842 2731 76 2725 2688 211 107 2857 3539 4620 2041 712 2760 4096 2860 3646 3890 4551 2096 313 4334 1767 160 2318 1392 1256 4286 4877 2804 1548 335 3261 4135 4551 241 1996 1028 1410 2736 2770 4394 3660 3888 
70 326 3478 528 1582 673 3287 3419 3930 431 3116 1519 1899 4664 220 525 1063 2290 2398 2421 2214 3144 4765 4291 1761 3936 962 170 4525 2831 1829 304 1412 469 1780 2654 711 3264 2496 21 3804 427 2018 2424 4101 3677 83 2303 587 3422 4047 700 2368 4091 3549 4010 4139 2783 4545 3571 3116 1235 3906 1812 2023 4634 4092 1774 1753 768 4853 2062 1334 2175 2550 493 1362 
4784 233 2938 4153 1980 581 309 4819 3389 2585 2442 1590 4300 4444 3098 3514 409 2924 3821 1559 2347 2981 355 2970 1556 2808 955 3822 3006 4563 595 4380 2457 1237 1004 3604 4075 2483 1851 4397 447 1505 728 3448 1562 3092 2675 3249 1345 1424 720 4386 3765 2340 4217 2663 3484 148 910 2623 720 3344 1230 819 1276 2200 332 4470 502 2303 324 2574 2807 470 866 4878 106 
3549 2078 724 3308 4525 1190 3545 4842 3274 2477 2886 4545 475 2707 1510 720 297 1728 3431 4824 4258 1440 753 1120 350 4880 1998 3103 3952 4796 1163 1162 1192 4749 4751 3157 4430 650 246 2721 997 2618 4590 36 1816 3399 2175 4759 156 879 1406 919 588 3990 4821 1864 2203 1011 2242 1346 1262 13 3209 823 1146 2337 1215 782 451 3924 76 2558 2565 3090 3993 558 2252 
2133 748 912 4521 1680 1143 1966 1946 665 143 1969 2758 2150 1690 3931 2194 302 380 224 2625 4558 4258 874 656 133 646 1059 1732 1421 4872 2237 1878 2297 243 3783 1716 2615 4555 3237 4635 1678 3037 2833 893 4512 642 4276 392 4398 2960 2265 4109 1690 892 1211 250 2512 52 657 4021 3574 2679 2270 1087 195 4632 2822 1974 4859 3288 1173 3786 1697 3148 3194 658 1944 
740 3878 1643 4875 2531 4637 4840 1783 4635 1777 373 1251 1663 398 4037 206 4189 999 69 4348 4338 81 353 1097 3574 3110 2980 1902 3152 437 3892 2017 729 298 4403 3154 2186 3896 2646 498 2577 401 3628 865 543 2765 3192 2971 4261 308 4454 2112 2154 187 4562 4783 3303 3936 578 3865 881 2928 4067 4124 3234 870 1137 1241 3860 740 2786 1176 1658 4323 1028 4884 483 
2120 4158 3640 3037 3242 2759 1031 1198 1542 330 2213 4624 3167 1791 4655 2078 4367 952 3320 3170 3339 488 4487 1791 1631 3527 1819 2691 3788 4277 1773 2870 3771 1648 3041 4760 157 3877 2811 3875 3449 1284 3828 3267 3652 2563 2965 74 3472 1804 277 1866 2216 1674 1073 1702 2026 2537 2912 88 755 866 1070 1679 172 3817 2036 3113 190 2281 3012 2278 4661 2065 3641 3597 1700 
4091 1573 788 383 4186 2669 2825 1263 4407 1524 2011 242 4511 1757 2431 4543 3501 2158 4182 2233 998 3511 2088 259 3259 1782 4107 3157 1260 3585 581 2931 4055 1213 4858 4095 4509 3277 3804 2707 438 1044 764 2745 619 2742 352 4197 2757 3453 3894 3272 4246 900 3783 4280 367 1096 1018 2040 1063 4797 2194 159 3789 589 789 1913 2896 3424 4821 2568 624 1875 3791 1258 3076 
4324 4248 874 4248 3025 3732 2980 1825 2230 2317 4419 3113 3234 1890 1967 3260 110 4042 1491 1964 2498 3437 3637 4378 3331 2680 1923 4428 2585 4697 105 2542 1948 4818 2263 3330 438 1212 3212 210 1489 3471 2761 2166 679 3625 4592 1542 2089 4406 858 4205 1587 604 3662 1704 3503 1433 4690 31 3277 362 669 245 1985 3424 3526 231 4719 4258 114 2612 223 1461 4807 4385 1542 
2369 2547 4435 3678 925 3668 4528 2733 3770 3116 3488 2434 4458 1936 4885 2229 2781 1781 2127 2594 4477 3760 1697 4346 4145 1958 3439 959 1028 4399 479 2306 1054 42 664 3775 3188 4680 2302 1449 2046 3810 4774 441 2863 1512 4577 3552 3119 1331 4417 314 4152 4090 4267 2173 3561 4117 3569 1844 1557 4162 2486 1004 3475 384 4139 4637 2461 1415 840 4712 647 3425 2926 4724 4319 
111 723 1575 697 4010 30 2778 4820 2086 3280 2563 1801 4456 2356 2323 2018 2880 4084 1817 4681 4534 2160 707 1437 3877 2310 4017 1800 1715 46 1343 4314 658 1294 760 3800 867 891 3450 1315 2102 3094 4665 779 351 660 228 2237 3693 919 1295 2201 1079 2861 2961 1111 1410 3876 3560 1568 3040 1716 1933 2736 1511 2353 2533 2310 4001 2677 1690 2715 2340 4043 1797 2469 1634 
201 4802 488 3914 2365 307 3585 1532 560 792 3576 4274 4858 640 2602 521 2263 3431 2074 1603 430 3150 365 4071 4698 4444 1459 2746 407 1670 2671 660 4136 1944 2110 784 407 2516 879 3357 1154 3503 1350 3152 423 1588 3620 622 650 2941 1953 1898 1214 2580 1244 2535 1586 4659 2483 4320 4118 3728 698 2404 4165 3977 4853 3336 3443 4275 222 3222 4620 4641 2225 3374 998 
4627 4810 4857 2896 4007 4688 3175 73 4816 3273 1011 727 119 4578 4760 1082 2214 492 1877 3159 2648 141 1398 2722 453 3663 1668 3460 1446 1441 1571 3907 3545 4657 2519 1212 4529 2463 139 2999 4713 1862 1667 1699 3712 2582 227 1833 263 3168 1970 4714 1745 71 4410 3697 1279 2009 4117 1952 827 4084 2757 536 2405 2892 3840 3374 595 40 1255 4679 547 2560 3932 1454 1017 
587 3037 306 723 772 3124 3931 1940 1926 3077 4710 1423 3199 3490 2341 2061 4613 4327 4321 2071 4676 870 4510 1333 4385 806 2086 2903 1043 2433 709 2222 1881 1772 2440 3091 676 4023 3918 1568 2922 834 1399 4187 3097 3260 2048 329 1907 889 1561 2667 1496 3081 4215 903 830 1182 4403 683 3517 859 1771 2157 103 1027 2103 1684 2191 3515 4121 3511 1472 2448 2126 2834 1613 
2529 1905 1255 842 115 1455 2351 2297 706 400 696 3945 2083 65 1846 4259 2548 2686 365 1037 3572 2344 4630 3808 3752 4579 3730 4584 3839 539 2333 451 1925 914 2394 386 620 4070 2227 2132 2786 3949 3373 1853 758 3427 1865 3569 2300 2410 2785 1520 3544 3566 189 1863 4763 1598 601 2175 2726 3252 3135 2080 929 2035 427 2527 466 3822 2667 1040 2959 719 3220 4651 3264 
4663 2418 2457 3914 2309 170 3878 462 2730 2687 223 243 4261 590 1415 697 4853 868 129 1324 4493 4488 2822 1989 3998 874 4549 360 2950 2232 975 2649 4183 1893 3451 4651 3977 1627 2191 4666 3580 1694 1608 3978 3152 648 3497 1613 3336 1966 409 2069 2218 1719 1770 3153 3086 4354 903 2157 3910 2921 3973 2461 4177 1828 2833 521 3391 776 4077 4788 3594 608 126 3982 4015 
1232 1228 1421 2054 1313 3958 305 3098 2444 2710 4828 1946 1526 3215 2807 2361 2349 514 2287 1387 4772 3691 2597 976 1945 4704 138 1756 2573 4436 1173 3828 946 2347 3708 3110 318 1116 3370 471 3273 1150 4592 2391 2148 4642 3735 3750 2084 4520 4105 700 3569 812 650 3109 3481 1229 21 2665 2528 3347 260 2411 2220 169 2168 1956 1714 1115 2860 4633 424 4711 1563 2108 577 
3391 4840 3026 4686 3716 276 566 1272 1082 1515 338 1888 3559 4677 2253 66 1221 1868 551 3494 4254 3504 2827 681 4106 3796 2072 4279 406 2447 590 3944 4445 2131 2980 1611 719 1949 4148 2875 1027 75 732 2097 2236 2150 4141 3731 722 775 4262 2451 3698 2544 1103 1694 3802 1126 4129 1262 1535 4320 1403 2760 2915 1278 4414 1549 1434 95 2284 3378 4765 478 751 4446 1250 
674 2911 2236 1478 89 856 451 252 2694 1184 2298 1149 1555 3785 234 2713 3130 972 1547 2916 2995 2430 1178 4692 1270 1789 1570 3995 4269 1447 2702 3077 3492 2911 599 4869 2136 4854 3310 3465 3306 1301 2605 4525 2488 2268 1727 4716 3426 3097 1692 3373 4349 3550 1247 2904 897 1069 342 3303 4658 1385 2899 4738 4497 3977 3620 446 578 2213 3689 2552 2975 4050 1319 1758 1609 
2590 2689 1359 4808 389 225 4647 1289 4853 4287 3537 1875 1272 3323 2597 1604 590 4198 4890 4693 3086 564 2567 3163 3576 3919 3187 4065 3643 2783 1975 2781 4310 2468 1892 4311 1035 4529 1686 2200 3743 3739 2827 116 3948 2939 364 3430 821 580 2334 494 2132 85 64 1787 758 845 1822 3749 3796 754 270 3570 4412 206 726 4903 2886 4163 2902 3489 4044 3718 4803 703 154 
4002 3054 258 2171 3357 653 2631 2226 2663 232 2595 2845 1294 430 989 2534 2601 2402 3596 4324 3272 2281 715 3070 2721 1278 690 3712 791 2346 971 4866 4419 1392 2374 883 1216 4273 2399 4122 3678 546 3391 23 4475 2869 4726 2723 827 1718 4307 3446 2611 2964 2697 3930 1913 589 793 3378 1286 3568 4225 4429 1627 1808 1414 3106 4778 1054 2818 68 2593 798 1690 2135 295 
2682 4107 4226 4620 1396 181 3715 3217 3763 1789 588 1566 3662 1503 1416 627 620 366 3222 257 295 1377 660 4190 4896 2029 1184 3581 1764 3982 57 3209 1509 3629 2189 4026 3618 549 688 1943 4474 1933 4034 855 1844 1119 32 3089 3420 1654 2956 1419 1597 1864 1941 1439 1579 2405 2357 2659 193 1928 1806 3983 4235 712 1243 3945 4864 3645 352 822 4053 395 1738 758 14 
4743 2781 3584 1109 1294 2791 3013 414 2139 339 4690 3624 1293 2275 563 4622 3679 1263 1100 654 3696 1539 559 2237 1285 2862 2016 2183 3622 2790 2839 3605 2310 3513 65 3132 1841 685 1261 3037 1516 2686 4253 3480 2583 169 2132 3418 2717 2032 3969 2264 2064 706 3077 1007 4361 2197 4001 2082 216 961 4346 1955 1744 1031 2262 3145 740 857 3277 1206 974 130 3666 1439 94 
3599 2234 2639 1828 3318 3080 1885 1585 1930 2808 3781 971 1748 3861 4721 3741 2694 4348 1891 4539 290 2441 2943 1581 2889 1644 1095 1092 3933 3016 464 1391 3144 2300 1427 3992 1730 169 3100 1891 3665 2264 901 3967 1730 820 4277 3652 2415 1284 3725 2167 110 1283 3317 2087 1838 4129 4519 1214 4095 3075 2262 3828 2237 3599 2921 4505 4108 414 1928 4671 362 1378 1265 1732 2511 
989 4404 742 3174 1545 2983 3109 1718 693 1033 2918 4288 921 1171 4734 2697 865 4562 1212 4111 1722 1900 3921 2384 958 4013 3495 4028 4558 672 3275 4281 3745 1435 4629 4207 4782 3160 2308 3817 2736 1742 3014 1515 1688 1276 1111 4378 1145 4531 1493 4874 1907 3044 2620 3551 250 3841 4259 3306 4454 396 1262 3028 4035 3105 3050 4422 230 297 857 3771 4892 4705 1045 2681 366 
877 3006 3133 4628 3410 1581 2516 1278 1227 1506 2077 3721 4387 2756 2185 1265 2477 4865 2457 799 4403 997 2217 3466 3079 2398 30 1438 3452 3004 659 4868 2245 1342 4632 2318 2576 2587 2228 1710 2230 3921 2528 1274 3681 2677 1129 3653 1349 334 2617 1721 3841 2267 1416 1289 267 959 664 760 2359 1609 2772 4321 1210 4897 770 478 830 1787 3355 4326 582 4091 4221 4809 2201 
530 3938 1499 1180 998 4469 4711 1358 2039 3731 724 2850 4307 3736 4681 161 1044 3964 1226 223 2711 4243 2712 2704 515 2274 312 2725 1294 1809 3663 1691 1187 1327 3574 147 495 965 201 2343 279 2453 852 4120 4631 3386 3724 4073 3714 397 749 3036 1226 1039 3087 3504 3477 1394 2156 2403 557 1778 4588 304 358 4732 2937 431 713 3661 4075 3282 1667 1864 163 4677 4349 
2056 2990 1054 3130 4268 1223 813 3851 2167 67 68 4591 4679 2623 1378 4770 983 4339 3672 2584 2948 2358 4737 1774 1953 3618 3137 2053 3576 241 4355 3934 4326 268 3780 2522 1054 593 3563 1544 3499 1879 2755 3456 4604 3538 1970 3133 696 2698 2897 1265 3278 1768 4243 3030 1938 2696 1242 632 3893 862 276 780 2180 4571 4757 368 1085 4070 4200 3830 748 3702 4554 3438 4626 
1712 820 24 2288 2019 2767 4000 424 1634 2069 386 2793 4455 1326 3547 2200 1228 823 3975 700 1988 246 1659 4133 3623 2624 2436 764 381 424 1193 3688 579 3482 994 4132 3098 2206 365 486 2652 3673 4456 3793 150 2066 4222 779 2421 1650 1309 885 1170 721 980 4435 2785 1633 4752 4655 366 2953 1897 1542 3463 1039 4884 4632 2271 434 4407 2098 1776 3574 1132 2743 3292 
3561 4108 944 1284 2102 1010 3284 1640 3349 1119 1838 3492 4052 4824 1937 1677 448 1424 404 3174 1838 2068 1580 4429 4365 365 3287 4166 2696 1587 538 1731 326 367 404 222 3271 1194 3072 2521 4895 3504 4368 3944 1297 4560 205 3394 4442 4025 2926 2222 760 3326 2530 2968 2925 2319 4652 2057 2442 402 2049 4054 24 4175 1655 3536 2375 4651 1036 2700 1156 4761 2622 2589 2357 
1873 2132 3666 437 2054 1600 4862 3609 1334 2105 158 1392 2364 3970 3864 4888 3511 3530 3910 4209 1445 1989 274 3057 549 1091 2203 2309 4299 4193 3336 299 4541 3291 3856 2761 1001 3680 558 3725 1985 4625 4238 3066 3300 1833 799 4403 3481 860 4367 106 2986 4338 2216 2414 1265 4127 4811 501 3319 710 2390 3707 1192 1004 4105 2857 1662 3438 2577 3925 3031 3862 3237 1965 3562 
3601 3325 99 110 3898 4284 2603 2779 4831 4671 3749 2044 3068 2289 2348 149 4710 815 739 2125 4414 116 2092 3127 4634 4508 468 3353 3220 3719 1237 2961 2985 426 4599 2651 3069 613 4382 1179 1186 2417 1149 677 3671 3943 3866 1503 4430 3616 2807 2937 1680 773 1700 2099 122 1701 2545 3656 2834 2154 3406 4758 1157 3409 135 3865 874 1729 767 4846 2323 1944 4488 3712 2435 
48 15 6
41 7 11
43 30 24
48 50 14
54 61 29
34 25 15
55 40 23
48 66 5
36 17 28
63 10 16
58 1 20
13 16 7
19 60 20
62 22 29
17 38 13
5 67 13
4 44 26
29 68 8
45 11 12
28 18 4
20 34 13
18 23 13
19 28 8
45 11 7
14 40 31
55 48 18
57 51 7
63 8 30
53 65 18
18 5 15
17 55 38
55 57 15
49 67 26
47 9 20
32 38 36
53 12 20
4 11 31
41 21 29
62 52 11
46 11 8
6 72 5
29 68 23
25 73 37
22 25 19
6 51 6
29 17 27
62 2 33
41 31 8
30 39 21
25 9 20
54 70 12
48 9 29
49 73 10
4 60 17
18 49 2
17 23 15
43 74 28
18 3 8
9 6 38
19 39 5
46 13 27
52 37 21
3 20 30
36 70 38
17 68 8
55 30 19
20 30 22
22 22 25
51 39 27
62 1 39
25 70 23
52 19 28
53 7 35
52 66 33
51 36 2
33 64 37
58 37 6
55 41 34
13 70 23
50 19 34
5 24 28
41 12 27
36 20 25
24 50 7
44 13 3
40 70 40
43 65 29
52 13 34
46 24 13
38 61 36
61 40 10
23 50 37
20 21 31
56 9 30
63 15 33
33 28 5
25 37 21
21 45 24
25 66 21
49 30 39
53 62 19
40 61 34
18 49 20
15 34 16
63 40 11
33 5 30
38 34 15
15 58 39
40 16 26
10 5 5
44 60 40
34 64 26
19 70 16
45 41 33
4 24 23
59 41 4
38 40 34
13 15 16
34 21 38
23 12 29
52 5 33
14 71 33
48 26 21
20 4 31
42 7 27
23 48 40
28 13 23
37 49 19
2 17 12
39 60 3
34 2 19
24 58 29
26 42 33
20 1 17
21 32 21
13 64 40
31 4 20
38 50 35
38 45 10
27 51 20
57 16 27
52 69 11
26 44 37
14 17 37
47 65 7
43 53 36
59 34 2
9 38 8
21 22 2
14 25 32
28 2 39
7 14 6
42 10 39
23 6 23
46 29 38
21 37 21
32 21 19
57 22 39
25 39 36
30 6 20
53 6 34
51 38 19
59 49 19
30 75 33
51 50 26
9 26 20
49 66 30
62 62 35
10 66 4
48 3 37
57 38 29
13 15 35
61 44 36
8 8 4
27 69 2
3 29 18
30 23 24
46 74 12
20 67 13
16 64 2
42 28 11
12 61 21
38 73 37
43 15 14
31 40 37
18 45 11
63 23 18
30 45 20
2 58 12
31 39 1
43 62 33
22 19 6
41 43 1
10 58 24
31 10 2
53 37 26
20 43 4
34 56 11
42 54 22
5 42 13
1 39 3
39 69 3
19 74 22
55 47 18
29 59 20
39 21 17
26 58 15
57 73 6
30 39 14
62 74 38
13 50 10
34 5 39
23 39 18
50 53 3
17 74 23
22 64 33
38 21 11
35 74 6
6 73 29
53 39 40
58 37 19
62 67 27
25 49 6
51 65 34
1 28 13
11 47 23
12 33 19
29 24 12
16 37 23
32 18 7
21 3 10
48 69 39
3 61 1
10 72 30
43 49 22
11 55 12
44 34 19
60 53 30
8 23 10
24 15 4
19 38 14
38 9 22
3 53 25
9 61 15
25 59 36
12 63 34
20 21 6
49 38 36
6 46 18
50 34 11
34 14 37
61 73 11
42 25 31
3 18 39
41 42 20
63 51 14
62 1 10
44 57 7
58 26 9
26 19 36
23 72 12
5 15 40
11 67 15
46 43 14
63 20 21
34 29 21
60 56 12
52 73 1
1 40 2
56 43 32
13 75 14
3 73 27
5 63 14
62 25 36
37 25 35
7 6 10
29 9 3
41 75 26
10 13 26
46 34 21
58 34 7
27 58 29
51 51 5
28 36 15
9 29 5
23 75 22
26 20 18
4 64 11
20 68 40
23 35 21
21 3 33
5 10 7
27 43 34
60 59 13
41 4 27
9 21 33
38 48 37
2 5 8
60 19 31
18 62 40
30 47 20
36 40 19
17 75 4
2 26 3
46 63 26
27 21 34
2 58 33
52 49 32
40 25 8
24 45 1
54 73 4
19 25 14
9 7 15
55 33 28
30 22 22
51 64 25
23 32 13
58 70 20
49 20 8
51 37 24
44 47 10
21 60 34
12 64 32
42 27 16
10 10 6
36 46 6
33 11 37
52 40 32
56 54 9
16 52 15
51 20 22
45 29 34
53 46 39
2 31 8
16 59 12
49 11 1
22 71 5
55 40 4
17 14 1
30 60 25
30 19 16
38 37 5
32 13 17
11 70 36
28 10 7
55 74 11
38 34 19
43 75 3
36 47 9
48 71 32
23 36 4
37 28 21
22 30 14
7 73 26
47 21 1
51 60 19
13 63 22
18 59 32
24 68 25
47 29 3
55 37 11
48 22 37
28 36 5
17 26 2
40 36 35
1 20 7
57 73 38
7 66 28
63 27 19
63 10 19
37 56 1
55 15 31
11 9 37
56 3 28
54 65 8
18 9 4
57 52 11
10 47 39
26 66 39
10 66 17
30 42 3
52 24 35
3 22 33
31 2 20
55 63 29
53 6 1
31 22 5
37 55 12
41 70 14
51 75 38
23 56 39
49 43 20
29 25 10
43 72 3
23 9 19
40 2 39
42 32 8
62 47 9
42 38 14
32 69 39
39 68 27
34 34 20
28 7 1
39 10 17
3 23 28
48 33 10
14 37 36
42 5 7
1 66 17
19 5 39
13 44 16
28 57 37
56 30 4
8 75 16
54 57 17
51 1 27
22 4 16
44 75 11
7 61 15
41 23 17
34 27 14
57 9 7
12 42 14
40 61 35
33 53 9
48 64 22
45 1 35
48 57 36
42 17 13
23 6 26
45 74 22
42 67 36
15 17 34
47 13 39
37 68 32
22 70 17
21 13 6
32 26 30
34 51 12
34 54 23
60 32 14
50 54 13
32 1 19
44 57 33
28 33 14
12 25 15
12 13 40
37 35 18
40 59 39
35 42 29
49 42 24
48 74 34
49 71 31
28 58 18
26 60 26
7 34 3
27 69 12
39 32 35
32 68 1
53 45 24
15 65 39
7 69 19
16 22 33
19 27 15
26 7 4
21 46 3
26 68 34
21 51 19
8 20 6
21 49 9
52 38 10
42 37 10
6 54 30
30 71 21
31 45 18
16 40 33
45 59 30
37 67 19
14 55 13
42 62 9
58 75 30
59 75 39
34 75 21
26 32 9
13 44 19
33 28 4
57 55 12
38 21 22
32 14 24
15 66 6
14 3 14
40 8 39
61 24 17
31 23 36
10 35 27
7 51 5
62 6 37
28 25 22
35 69 31
19 9 11
40 56 16
40 43 33
47 66 17
61 25 10
48 69 26
8 57 9
40 30 23
58 26 38
29 26 22
63 52 23
42 44 34
49 69 24
41 47 40
12 44 40
2 51 11
51 39 6
1 64 16
62 24 37
37 7 4
49 47 34
6 74 37
41 73 37
35 2 23
60 41 38
58 54 1
4 32 39
42 60 33
12 18 39
62 34 26
63 62 6
46 25 35
31 66 1
41 3 34
37 3 3
32 18 26
24 62 15
19 35 36
23 47 18
37 8 30
43 21 25
14 5 35
13 36 24
38 5 39
59 21 27
33 41 29
58 44 1
36 55 5
6 54 35
18 56 1
5 32 24
32 59 27
38 56 24
38 49 7
3 71 17
28 71 22
25 14 29
18 54 34
62 3 21
35 20 28
30 60 8
55 24 5
13 48 17
52 52 6
63 65 7
19 56 26
3 14 17
2 37 9
59 56 14
19 56 2
44 47 27
26 16 23
33 57 37
3 31 19
39 36 27
51 12 19
12 42 26
54 67 19
43 31 8
14 49 20
46 45 5
60 57 22
31 49 11
1 1 40
33 26 27
57 9 21
57 59 34
25 47 16
25 2 6
19 3 27
34 22 19
26 7 36
36 12 13
60 72 34
26 52 26
16 53 13
24 3 19
4 61 40
37 20 40
17 15 27
9 55 1
6 4 16
62 59 21
59 42 19
40 21 5
41 8 39
55 19 11
5 20 12
31 35 25
10 41 18
55 7 30
25 24 14
16 52 6
51 12 34
33 2 19
21 40 5
63 39 20
3 7 22
36 53 7
59 21 30
30 45 16
26 26 12
58 50 3
11 48 9
50 10 3
9 38 6
12 57 6
35 19 14
23 20 5
59 73 22
52 51 20
53 1 25
36 24 34
40 60 15
61 52 22
24 72 9
46 33 22
39 4 7
43 60 38
61 19 23
53 50 28
60 66 38
63 65 15
30 20 20
11 38 10
60 41 38
34 69 10
15 21 11
13 57 31
3 21 23
59 68 39
34 25 15
45 8 39
48 30 35
14 23 33
63 37 25
29 45 22
55 63 26
33 23 25
15 69 38
5 39 15
61 28 37
4 24 27
61 23 1
47 7 31
21 70 37
14 29 5
23 16 22
46 14 27
63 48 23
8 75 3
47 44 28
47 11 16
56 58 39
2 15 31
54 18 22
17 68 11
22 46 30
46 30 23
7 8 8
62 26 17
8 3 18
32 38 24
30 40 1
37 64 33
49 25 28
49 38 12
19 69 27
27 2 30
19 52 5
34 43 40
55 41 24
16 31 5
1 39 17
6 13 25
32 13 20
11 13 8
32 48 21
14 30 38
63 24 9
40 21 11
6 15 11
56 20 38
34 68 2
56 55 4
1 67 40
7 67 23
7 72 35
55 44 21
44 17 32
63 3 37
12 66 24
10 73 25
3 12 20
37 64 26
15 16 20
57 59 31
9 23 10
38 37 13
4 31 4
57 3 9
52 2 17
10 60 15
28 15 25
53 56 4
43 34 9
18 9 27
28 45 3
49 74 7
51 26 6
45 17 18
17 67 6
41 9 7
33 53 4
1 30 6
51 58 20
63 64 1
29 16 11
29 41 17
35 8 33
48 74 35
37 51 22
18 61 10
5 59 2
56 39 12
49 72 27
50 70 25
4 74 39
6 36 12
61 29 11
15 31 22
25 41 31
28 28 5
44 55 29
14 62 10
59 23 22
53 44 39
38 11 18
60 1 15
25 64 5
30 13 6
63 61 23
24 62 24
50 73 37
36 52 38
31 59 36
51 54 39
3 46 24
3 45 9
8 54 4
41 15 11
52 50 14
59 24 7
50 21 32
57 24 39
26 66 39
33 16 29
22 42 40
51 13 29
39 39 23
47 10 14
14 41 14
48 49 1
23 12 28
20 3 11
2 32 4
51 67 39
14 1 35
21 25 35
55 10 35
56 4 30
39 16 18
63 66 20
60 53 40
41 43 40
38 65 17
27 61 38
26 68 6
60 40 19
42 1 26
42 73 1
57 35 19
57 22 3
62 31 26
57 63 32
60 6 10
22 18 23
2 66 39
32 70 19
6 39 11
23 31 9
9 46 8
21 7 22
24 12 25
3 24 8
6 54 15
60 53 31
3 50 8
49 51 21
4 67 33
57 21 7
53 40 25
18 25 31
63 65 33
4 10 30
62 14 32
56 24 5
28 36 34
25 52 28
36 70 34
55 53 13
18 14 12
53 36 18
58 63 39
58 60 23
42 52 11
10 35 24
23 74 18
16 2 40
3 19 16
39 63 20
59 49 40
32 8 28
42 43 26
13 26 27
24 36 26
19 2 5
62 67 20
50 28 27
28 21 11
37 44 20
37 62 23
5 14 17
5 7 10
46 50 7
34 10 24
41 50 27
20 70 27
42 56 34
3 50 38
55 48 17
20 58 21
31 45 11
3 54 10
48 64 11
9 4 34
41 52 20
36 32 14
50 46 37
10 75 39
33 66 31
30 39 4
30 16 26
5 4 23
3 64 34
38 61 37
59 38 13
50 44 31
52 67 35
25 32 30
24 21 35
10 3 20
20 23 10
50 12 25
16 24 28
38 53 39
39 52 18
61 65 25
43 61 40
55 24 34
31 4 14
56 6 13
57 4 33
19 31 27
3 13 26
26 44 9
4 9 35
13 67 20
39 46 29
14 35 8
30 12 5
40 59 35
58 71 37
60 57 18
15 38 6
56 34 31
23 7 11
28 48 32
46 66 33
14 32 23
6 63 10
22 24 40
32 5 17
20 40 13
62 48 19
25 4 18
45 44 40
25 2 10
43 14 4
36 8 19
51 59 1
17 63 30
40 54 1
3 73 15
52 55 6
1 10 12
17 30 11
3 28 9
10 66 33
33 57 38
19 58 6
53 1 36
45 66 3
54 35 9
42 58 22
45 37 31
39 58 28
5 58 15
24 13 29
56 28 26
15 62 19
63 16 17
61 6 31
44 10 20
58 13 39
27 22 15
12 39 34
62 17 14
63 73 39
5 28 24
58 47 6
21 8 32
36 8 33
6 62 30
11 51 32
25 43 1
8 24 21
37 73 31
50 72 16
1 60 40
63 63 10
36 69 35
50 9 13
43 36 22
13 71 40
35 47 6
30 2 12
55 55 32
3 15 18
1 1 4
48 34 20
4 53 23
36 37 34
6 75 28
16 69 34
22 48 27
62 39 16
52 12 16
48 22 4
20 59 27
27 20 3
62 71 19
35 8 37
23 31 2
46 25 12
30 29 12
33 50 31
61 31 3
38 8 21
57 34 37
49 1 6
15 31 33
59 45 33
31 74 27
47 61 26
27 36 13
38 55 30
12 49 35
46 32 15
56 15 17
15 74 20
30 17 36
30 71 6
7 18 27
34 41 26
21 41 34
28 54 8
57 53 35
51 29 36
27 75 20
61 24 7
59 32 6
60 74 23
21 16 31
31 21 1
30 28 17
54 4 35
48 48 5
57 64 36
42 10 24
44 73 36
51 46 18
54 36 2
12 48 17
56 51 31
58 56 31
35 65 28
59 7 6
27 70 2
22 20 10
61 73 26
25 74 34
55 29 23
28 68 10
32 69 11
58 28 27
11 30 21
47 32 35
52 19 22
27 29 21
31 45 3
40 38 26
47 55 28
1 57 21
14 42 11
46 42 7
55 63 25
3 58 38
12 7 11
39 8 38
19 48 2
9 31 27
14 54 28
44 12 16
15 25 32
51 1 12
48 60 9
7 8 15
53 3 37
13 32 14
19 61 5
24 21 12
38 28 38
7 25 36
35 12 33
18 40 1
55 73 36
10 27 28
32 44 10
19 30 5
41 11 27
34 21 22
43 69 21
36 26 18
16 39 33
28 4 22
58 57 4
59 19 2
53 73 38
15 59 1
51 73 16
14 33 7
34 64 14
59 14 12
10 36 24
23 75 3
8 22 17
43 48 3
10 33 36
11 28 12
3 8 12
40 28 33
21 63 26
11 51 9
55 59 33
11 48 17
5 4 2
11 34 8
50 17 25
40 51 19
34 26 10
53 71 7
47 49 18
44 15 32
24 54 19
32 46 8
45 59 1
13 5 39
20 32 8
51 43 17
46 20 2
18 11 1
55 50 32
55 30 1
42 5 28
60 8 26
54 42 16
62 72 9
25 52 25
36 74 16
14 44 31
45 59 1
27 13 28
26 46 4
58 34 31
23 67 19
2 57 15
36 63 10
59 55 4
42 63 11
21 65 22
47 43 20
34 38 7
13 17 5
16 56 17
51 1 5
59 67 29
40 29 39
30 25 19
59 20 3
6 28 4
35 18 13
25 59 34
8 46 8
18 41 1
43 73 32
39 15 22
2 17 21
23 28 35
25 58 6
30 49 9
61 63 34
54 60 12
45 19 7
13 31 40
21 70 2
35 11 21
40 26 9
54 32 16
60 69 7
59 63 20
43 11 23
61 59 40
18 71 28
32 48 36
43 6 3
42 21 18
63 57 15
25 74 38
59 48 13
15 34 20
50 10 8
27 45 11
16 6 10
44 27 14
22 45 37
38 46 21
39 68 22
1 32 37
61 4 39
7 57 31
47 21 24
31 33 3
10 43 4
8 37 28
31 26 5
2 74 34
44 55 21
12 58 20
23 18 1
21 74 28
37 56 10
20 25 14
37 44 40
46 50 33
33 32 14
63 35 28
43 36 30
5 46 27
45 1 31
2 47 3
28 29 36
48 72 11
34 68 30
22 53 34
34 71 39
31 16 6
16 13 4
1 71 25
49 27 30
19 17 32
34 50 15
49 30 10
14 69 15
40 11 6
20 49 24
59 32 23
8 47 34
40 17 17
36 60 18
33 10 25
28 47 27
40 27 35
43 6 14
56 9 21
38 73 36
24 12 29
26 50 39
7 28 26
42 4 24
47 21 28
1 41 22
6 15 3
42 6 21
32 39 32
56 33 10
13 47 23
39 65 26
37 56 10
16 12 32
52 34 32
57 63 18
11 60 23
2 16 24
26 51 10
6 37 21
58 41 31
1 26 3
57 43 29
1 7 2
50 75 25
15 25 4
52 56 12
28 48 16
21 18 3
48 71 38
35 65 39
27 64 15
57 31 38
11 75 34
44 31 14
20 73 36
54 6 2
9 11 32
56 54 34
20 15 16
51 13 6
9 27 32
39 40 6
32 37 37
10 50 40
33 49 7
60 64 9
10 36 25
7 50 33
52 50 16
53 45 19
4 6 30
61 21 14
57 56 30
39 4 9
44 71 21
29 35 14
59 18 21
50 74 35
60 8 11
54 13 8
37 12 10
62 8 20
11 55 24
17 57 10
7 19 17
60 27 34
60 5 12
34 25 34
22 57 23
5 2 19
19 16 24
9 12 39
61 34 26
29 3 27
31 57 28
20 22 16
52 47 28
53 63 20
9 26 24
20 36 18
21 53 7
18 3 13
47 26 33
14 15 40
37 1 14
60 37 32
59 50 35
16 72 5
51 48 17
52 25 4
12 21 35
13 10 10
1 9 14
43 44 24
31 56 24
27 57 39
34 60 11
8 10 29
15 12 22
10 28 33
60 65 10
13 12 29
53 48 37
44 71 6
36 28 6
15 47 13
59 59 29
60 11 26
45 70 24
37 47 30
9 22 2
50 18 37
10 1 39
18 25 12
35 70 27
23 5 32
57 63 33
49 41 15
3 12 12
8 12 39
11 47 3
26 71 6
53 69 8
57 10 38
21 68 38
10 67 22
59 30 5
36 29 22
12 72 8
35 28 30
4 52 18
53 24 16
41 7 8
29 4 27
61 33 30
10 40 34
60 33 35
38 27 20
10 2 29
50 58 32
52 32 16
15 46 34
43 60 36
49 42 31
31 51 24
49 70 19
42 20 12
57 29 40
21 19 35
56 48 39
31 29 29
16 39 21
59 25 29
55 39 26
13 43 30
16 21 30
44 39 39
24 19 37
43 53 36
35 42 4
41 40 16
56 27 13
47 41 1
14 9 13
5 7 20
49 32 30
18 54 17
47 1 30
38 69 2
16 60 36
49 55 27
50 60 35
36 34 40
25 28 39
15 16 30
15 23 19
51 71 5
33 36 16
25 36 5
7 46 24
39 42 4
12 4 28
45 3 10
19 73 13
21 16 39
16 23 2
36 9 2
47 64 33
62 41 31
37 49 8
20 36 1
48 63 17
13 53 9
41 11 22
28 14 2
31 62 5
42 48 11
6 69 35
53 41 27
40 27 19
17 23 6
60 19 7
9 46 11
43 27 1
62 37 31
9 66 13
21 15 15
57 37 16
45 13 23
46 75 40
42 53 29
12 37 11
54 45 5
2 13 9
10 46 27
48 59 21
57 39 23
38 34 13
50 40 11
51 67 18
44 63 14
12 12 24
5 67 27
62 34 3
54 3 35
60 66 16
52 75 33
46 3 10
40 3 34
57 42 2
23 8 16
22 36 12
6 3 30
53 8 22
4 53 35
53 40 7
54 6 40
4 75 10
48 31 23
15 28 7
9 75 37
60 33 4
56 36 23
41 55 12
33 21 7
61 4 9
46 44 19
44 63 24
48 7 23
22 43 29
9 73 5
50 61 32
17 52 39
4 45 15
12 25 3
46 37 36
38 68 25
35 37 3
3 65 1
19 60 10
23 52 19
1 27 37
46 8 26
45 38 11
62 31 33
5 46 34
52 44 13
22 23 26
9 3 23
40 12 17
5 36 11
58 57 7
49 68 10
11 34 32
61 39 5
61 68 40
1 19 28
39 13 13
14 3 36
42 70 25
59 33 16
1 40 40
30 4 40
6 29 27
34 5 34
61 21 2
32 34 23
45 34 21
60 3 1
5 42 32
52 6 40
47 37 4
60 3 5
41 21 34
43 30 38
52 29 11
7 52 39
36 60 33
27 60 17
21 42 11
33 66 34
55 28 18
28 14 29
23 56 17
43 63 8
19 23 14
37 52 9
32 40 10
22 74 21
54 36 7
16 24 13
56 43 18
17 70 20
14 42 30
34 28 15
46 73 29
33 13 11
20 15 7
30 39 12
38 68 20
47 26 19
35 32 27
62 31 9
48 12 40
2 45 27
44 25 2
46 65 27
23 47 25
55 39 6
8 48 23
3 34 12
38 36 23
22 35 35
6 32 22
36 67 8
45 32 17
15 15 30
42 17 10
51 19 26
39 43 13
63 70 37
15 51 28
21 7 34
43 59 20
14 31 3
51 37 38
40 24 23
62 71 29
26 22 39
9 24 10
9 71 24
61 43 11
12 4 10
8 41 34
63 34 1
31 2 14
49 32 9
17 4 5
28 39 38
14 27 27
58 43 22
48 40 9
50 16 15
26 5 13
45 2 35
5 28 29
2 22 29
52 9 27
17 7 3
2 66 20
53 23 2
5 74 40
14 8 8
38 59 34
9 47 12
11 31 16
14 67 3
19 33 39
26 9 22
25 30 16
54 62 21
21 14 30
46 12 7
36 33 27
5 74 11
10 15 2
4 18 22
2 22 33
20 48 28
31 8 29
50 73 20
15 52 39
34 36 30
14 71 3
43 33 8
38 75 13
58 15 32
29 18 34
48 23 6
47 51 3
30 57 35
38 5 5
5 40 36
49 50 30
25 55 17
7 64 10
12 19 9
12 31 12
2 47 22
42 37 22
6 9 4
59 10 4
25 44 9
7 61 28
7 49 7
56 29 26
28 16 30
24 21 6
8 9 40
14 6 38
15 26 32
32 16 23
61 74 3
17 13 12
14 73 2
55 30 30
57 45 36
61 55 14
61 46 13
15 75 17
53 23 22
16 11 31
5 21 26
36 62 3
28 15 37
34 42 22
47 25 13
18 5 17
35 12 13
28 49 5
37 30 1
11 66 13
43 24 11
34 62 5
17 30 8
48 54 5
51 21 25
49 60 3
12 62 22
32 35 7
26 63 3
44 58 29
26 59 37
54 25 24
17 32 31
33 49 13
31 17 10
47 47 28
16 71 26
45 59 20
35 36 40
43 61 4
31 42 26
52 40 8
48 41 23
37 44 11
54 28 31
19 7 18
20 69 28
32 75 5
3 29 5
2 56 5
53 1 17
42 16 10
45 14 1
48 38 37
26 63 22
37 21 6
5 67 9
33 47 38
17 8 5
59 46 17
4 66 28
5 36 24
4 47 31
59 3 17
20 26 37
6 23 8
6 47 14
52 3 38
58 30 17
31 28 22
11 40 28
30 34 36
25 70 30
41 3 13
49 38 17
48 56 32
9 28 27
36 58 33
7 38 28
41 10 34
32 8 30
63 18 33
6 6 40
61 9 28
3 51 7
48 20 37
43 28 2
12 29 1
21 9 7
6 48 35
55 57 22
46 24 40
4 8 3
39 64 27
5 49 30
52 15 7
36 29 2
49 72 23
15 40 36
44 30 6
30 59 3
18 15 38
29 20 12
1 9 17
7 63 32
3 26 9
26 44 27
48 28 25
1 41 30
1 10 24
33 64 31
63 52 29
23 9 7
25 8 5
24 4 23
38 73 15
62 41 17
33 13 11
24 45 36
57 17 21
52 32 16
38 62 26
1 46 35
62 67 15
26 43 29
56 5 4
36 44 39
20 64 12
58 33 4
8 45 35
14 41 9
20 56 29
4 12 24
58 41 26
52 21 22
62 20 14
62 30 22
8 15 37
36 34 3
11 19 11
22 17 7
22 63 34
6 33 18
29 46 25
32 45 19
24 26 24
17 38 8
46 4 32
40 66 37
19 42 40
3 61 30
35 31 29
27 37 1
4 16 9
18 28 28
14 30 17
35 52 7
52 8 35
46 19 13
15 33 34
47 36 40
49 17 31
21 65 6
5 49 18
59 44 29
34 45 14
23 3 12
20 73 12
2 73 15
35 30 14
50 67 13
11 8 38
51 71 37
37 4 28
26 57 30
56 66 17
23 10 22
43 68 5
48 49 29
21 59 37
37 65 35
23 30 17
23 66 39
24 23 30
55 56 40
24 61 35
57 58 1
15 6 21
3 39 21
3 22 29
52 69 30
59 9 40
5 59 13
61 62 32
57 67 36
13 42 5
10 70 23
32 5 7
60 59 37
14 25 28
18 57 35
49 56 27
20 10 38
25 8 35
39 71 19
18 14 11
19 57 22
53 3 28
11 73 38
16 71 29
35 10 39
43 25 38
41 68 15
58 4 35
31 15 14
25 48 39
10 13 4
39 67 21
63 65 13
3 74 3
31 29 19
19 2 9
37 68 1
10 37 24
4 16 17
23 58 21
38 18 8
13 42 27
38 10 32
27 71 12
42 52 39
32 13 11
20 61 1
24 42 34
34 16 27
6 47 30
35 66 2
24 49 3
15 46 17
30 73 18
41 42 4
16 11 30
33 75 39
5 35 20
4 60 30
22 16 16
35 6 28
43 28 20
6 33 5
31 31 24
9 47 32
12 63 3
45 58 22
21 63 19
45 38 18
61 38 15
42 69 22
10 20 24
10 59 29
52 23 9
13 41 34
36 52 39
23 24 4
19 5 16
60 18 20
38 12 16
40 57 28
30 20 26
20 61 34
57 10 22
8 56 20
42 72 11
47 18 19
13 35 3
25 5 17
43 37 38
53 30 28
43 9 40
23 21 2
19 54 28
18 13 10
4 61 29
7 61 5
15 10 6
12 29 22
54 46 21
47 3 5
12 43 37
38 18 17
19 18 15
5 8 28
1 14 33
29 51 21
27 32 34
35 23 9
49 38 37
20 44 9
22 62 17
33 69 20
23 4 1
4 33 29
19 67 39
8 74 34
30 69 27
50 23 18
25 3 35
50 27 21
54 56 3
21 24 8
18 75 3
29 59 34
8 45 9
14 42 32
50 72 4
62 2 5
34 44 28
43 39 12
51 11 22
3 20 7
51 2 10
39 57 38
7 25 20
54 10 30
22 58 39
5 3 26
30 49 15
38 22 1
23 33 10
10 46 6
13 65 40
62 45 32
9 75 2
12 42 38
44 33 16
59 14 34
51 1 27
47 21 3
40 26 14
22 71 39
30 74 37
12 1 12
54 58 36
20 68 24
12 11 40
46 11 8
49 32 31
21 4 36
13 52 13
14 51 24
61 69 36
14 2 16
53 57 23
54 58 14
4 15 1
14 6 7
31 40 30
7 26 10
26 74 29
2 5 20
3 69 21
17 14 17
56 72 24
3 67 28
49 63 7
24 62 16
39 34 4
11 63 39
19 24 24
57 29 6
5 48 38
20 71 7
46 25 36
21 5 12
39 4 28
58 43 24
4 44 32
34 69 4
14 71 13
53 37 9
28 49 19
17 31 18
38 6 24
39 2 9
23 10 5
39 67 7
55 8 23
50 41 10
8 57 39
1 70 30
23 22 25
11 7 1
59 9 12
19 38 23
49 60 37
45 61 10
18 75 37
60 54 34
58 66 3
7 16 32
35 1 8
35 24 28
34 46 23
11 59 36
3 23 7
30 54 6
48 21 24
28 66 2
41 27 33
16 49 33
12 11 34
3 41 40
62 35 19
5 31 22
39 55 4
9 5 27
51 9 21
19 68 1
48 53 33
58 70 34
59 54 34
21 30 23
34 74 30
4 5 17
14 43 5
51 41 6
55 74 39
53 21 40
22 67 35
20 57 22
53 28 35
37 34 7
29 38 40
16 20 24
52 27 14
40 58 38
15 5 11
38 52 4
14 17 7
19 70 10
11 31 22
26 35 5
39 43 4
25 9 11
59 25 25
29 68 38
47 35 5
22 25 33
31 56 5
40 72 10
2 3 9
48 8 16
1 12 19
16 43 32
2 47 7
33 72 16
12 43 28
31 57 23
54 5 12
16 22 4
12 31 7
56 74 6
32 67 30
12 12 33
59 6 37
63 13 14
28 38 13
56 61 5
1 6 40
56 14 27
36 54 38
22 63 11
22 63 39
62 46 2
33 66 33
31 13 2
43 20 27
42 15 4
9 7 37
46 2 16
26 55 32
4 69 34
57 69 40
40 22 1
23 72 2
46 47 15
62 56 7
39 10 11
39 72 6
42 1 5
31 70 24
15 30 17
46 52 34
2 54 27
33 47 34
46 12 37
52 48 40
57 18 13
36 49 28
4 37 26
41 67 19
52 16 30
17 39 15
30 5 26
57 55 38
57 47 8
35 28 23
43 24 38
15 74 19
33 45 1
7 54 31
21 22 25
19 31 33
33 75 35
34 31 16
41 18 34
47 7 2
39 40 9
52 71 6
13 61 36
23 6 20
10 60 11
13 33 19
9 35 2
59 3 32
28 38 2
56 10 35
56 30 10
4 54 23
60 51 3
10 5 4
59 23 22
59 14 24
35 8 40
9 47 38
15 74 22
18 18 35
3 41 4
43 52 20
49 46 18
46 2 36
61 35 34
7 70 20
32 19 13
55 65 8
25 51 32
21 52 4
32 45 31
50 58 24
16 53 38
57 14 39
53 54 30
14 73 19
12 49 12
1 21 17
17 43 39
33 23 30
41 28 20
9 52 37
13 22 12
6 61 26
11 55 40
30 41 10
56 17 21
25 7 22
33 25 23
5 47 22
62 54 38
43 70 22
23 46 38
15 61 22
9 53 1
8 9 5
37 44 18
7 32 27
63 33 13
28 28 2
42 59 15
33 4 40
38 45 10
16 72 20
7 69 19
24 31 20
59 6 18
4 68 20
45 68 2
38 4 9
7 19 3
46 23 24
53 21 21
49 4 19
16 12 34
31 66 16
57 70 6
42 53 28
11 33 35
42 60 32
16 40 39
60 39 6
1 7 10
12 31 15
13 74 20
7 24 39
61 12 40
19 65 38
41 60 19
4 49 24
18 31 1
41 2 12
25 70 23
61 15 9
25 68 21
41 75 35
54 37 6
14 27 10
5 54 17
7 3 2
60 45 40
46 51 17
42 72 11
38 45 39
55 66 39
57 14 33
3 74 27
62 11 2
25 49 20
50 20 5
24 31 33
21 22 4
36 61 8
59 43 24
9 5 2
23 11 29
2 64 12
18 63 34
50 75 1
16 40 21
13 61 19
44 71 35
7 44 11
35 50 30
30 11 34
12 62 9
63 62 37
2 43 30
33 52 1
37 49 21
45 43 28
40 30 4
6 49 25
51 70 8
13 58 1
15 35 1
39 36 13
6 41 21
48 31 19
33 8 38
39 57 5
60 63 20
7 11 2
44 39 40
56 20 8
54 43 37
24 15 10
55 42 26
20 58 7
36 62 3
17 45 21
39 18 11
37 25 24
31 53 2
20 30 21
54 4 7
32 54 27
45 33 17
2 51 26
5 68 11
3 30 14
28 9 21
63 23 14
46 11 37
23 29 38
49 32 9
4 29 40
33 15 21
32 19 16
40 31 14
43 75 9
46 64 38
24 57 2
45 60 32
61 52 16
9 45 12
52 60 22
61 22 20
4 39 12
33 29 28
40 17 30
39 40 23
16 57 27
29 25 5
63 29 1
4 74 23
58 48 3
33 17 35
4 28 10
38 24 35
42 34 20
27 15 26
63 4 18
21 28 3
57 23 24
31 75 6
21 12 12
16 46 6
57 22 4
60 45 5
18 58 5
50 39 10
22 51 23
36 43 39
40 71 37
54 34 34
53 70 37
31 35 2
8 11 12
59 11 35
59 41 29
33 21 4
5 34 24
6 15 24
1 3 16
17 74 33
32 75 5
37 15 1
26 8 33
32 17 12
9 47 21
18 69 5
3 54 4
17 23 1
34 58 26
34 49 6
42 60 30
18 75 40
19 26 19
57 13 5
2 18 24
50 52 37
8 51 24
37 74 32
6 44 23
19 27 31
5 74 12
13 39 16
17 49 10
43 48 23
44 12 5
62 15 22
52 45 1
53 48 8
59 37 12
18 48 21
54 25 27
13 7 31
13 71 26
38 15 21
19 33 4
54 71 5
53 35 19
37 26 28
54 56 13
5 53 32
43 59 25
25 68 1
20 26 38
29 33 33
13 39 37
1 52 18
8 75 25
30 59 12
56 53 22
40 34 23
38 69 32
34 17 8
60 49 38
58 53 19
16 56 35
52 25 37
1 30 33
26 28 6
16 28 25
6 54 2
34 41 35
46 66 27
52 55 8
40 31 34
39 72 8
6 38 18
61 22 27
60 26 15
20 15 21
4 16 13
9 72 36
52 49 3
48 10 37
52 8 22
42 36 20
5 8 36
37 67 20
26 33 30
9 20 34
15 50 38
41 67 35
19 34 8
59 25 15
50 31 14
9 60 19
52 57 39
13 60 6
18 55 18
47 64 35
17 65 33
33 55 9
25 72 15
26 42 24
19 16 21
50 45 7
54 69 26
22 1 35
43 62 14
45 48 8
3 60 36
1 44 18
34 48 33
27 40 12
11 49 17
14 41 30
18 63 22
21 50 6
9 57 16
51 5 2
35 38 8
28 68 20
62 11 6
36 3 16
8 5 12
46 24 26
5 65 11
34 53 7
13 38 25
7 61 10
11 42 29
36 3 19
25 63 32
61 59 12
42 46 28
44 74 31
25 31 6
44 70 13
9 34 34
5 69 13
13 63 11
6 34 36
9 62 7
10 20 8
58 42 1
7 25 34
8 8 36
33 48 39
46 11 26
12 35 33
53 62 30
43 67 28
59 16 6
12 32 19
25 61 18
57 37 7
29 61 33
36 1 35
52 9 31
36 38 12
40 31 38
6 21 14
5 68 23
20 19 20
32 36 15
25 12 39
2 42 28
48 69 4
31 16 31
8 69 14
63 42 38
44 21 40
31 16 39
28 40 11
57 70 5
21 25 11
16 25 40
59 3 10
53 24 8
28 22 17
4 45 15
61 74 24
14 32 4
8 57 39
41 49 32
3 49 36
27 74 14
16 4 24
21 61 26
49 13 4
3 17 20
2 75 10
12 10 27
4 34 8
62 24 20
21 10 5
50 6 1
57 45 3
43 30 37
8 29 36
50 3 35
4 59 18
41 51 10
46 34 20
23 63 34
46 47 11
3 62 18
37 20 9
4 33 22
62 43 2
40 48 12
35 27 19
42 47 10
7 40 32
2 39 6
17 75 22
21 44 13
7 55 29
50 2 16
14 22 8
43 12 15
14 30 22
50 8 13
14 48 13
60 41 14
47 63 37
29 4 12
5 36 14
35 43 30
55 55 11
46 65 27
35 69 1
22 3 6
59 67 6
53 35 36
1 3 17
59 33 31
37 64 29
53 57 40
33 5 12
53 49 38
42 55 27
28 67 4
59 41 31
14 5 15
61 44 19
52 34 2
41 42 35
12 44 6
61 26 30
62 61 20
9 71 15
43 44 16
40 53 2
48 5 33
13 60 22
36 62 9
54 75 2
6 52 40
63 16 39
10 17 29
10 13 34
29 25 6
32 30 27
12 20 5
57 6 13
51 34 18
40 28 9
8 15 13
43 20 35
58 20 24
54 47 22
57 16 36
7 8 19
16 10 16
11 46 11
56 5 8
6 72 40
19 46 35
51 1 18
30 25 18
14 10 35
19 38 19
7 52 20
27 22 13
62 12 29
16 42 9
29 21 33
17 71 11
37 42 26
17 73 32
41 58 28
20 41 8
43 58 15
55 53 34
49 8 25
56 15 25
24 18 27
36 68 18
3 34 23
27 69 7
13 55 11
20 2 38
63 26 4
30 35 31
48 16 10
63 37 9
38 59 22
32 9 24
59 16 5
57 33 40
61 52 37
1 21 2
4 33 18
21 39 36
22 10 13
53 15 17
12 71 1
22 20 19
42 7 12
4 26 25
21 39 40
1 58 24
63 42 24
30 43 26
9 18 31
23 39 8
21 6 24
18 35 35
54 13 7
24 74 19
38 3 28
61 16 34
49 4 34
46 1 31
10 4 22
56 47 4
14 67 28
41 35 12
50 28 12
21 28 39
43 28 1
44 50 35
10 15 32
9 36 11
14 22 2
33 61 4
45 74 20
50 19 18
2 46 1
18 26 21
48 32 40
6 58 5
42 58 13
18 38 25
10 61 28
37 19 3
63 69 24
44 21 20
31 48 5
29 63 21
54 49 39
38 6 8
9 72 6
47 1 29
26 29 15
7 71 16
25 11 32
18 65 11
22 74 20
30 21 29
17 57 7
48 21 36
24 64 34
31 55 7
23 4 11
49 55 20
10 42 15
4 29 20
33 46 21
36 7 35
23 41 32
11 73 40
24 71 28
23 45 9
36 61 31
20 50 7
6 45 40
3 15 32
48 61 27
17 6 3
23 19 9
1 35 6
19 59 17
36 36 37
59 57 33
11 30 4
58 59 37
27 69 18
14 71 1
20 41 22
37 17 13
41 46 2
35 40 31
30 25 32
24 46 10
8 41 38
10 50 6
53 68 17
23 36 22
5 2 8
34 53 27
27 72 39
38 53 8
52 9 37
17 22 2
45 8 1
54 65 26
28 46 33
56 8 22
58 46 7
30 71 32
35 29 24
24 42 35
36 28 37
62 45 19
1 14 9
54 41 3
55 43 29
27 8 36
44 21 29
13 25 37
16 60 11
36 27 13
7 42 21
21 66 37
48 19 3
54 47 16
9 34 8
24 40 12
51 46 5
9 24 20
61 21 27
24 23 23
35 62 25
18 47 34
3 45 39
19 63 39
57 19 29
60 8 1
60 51 32
61 17 34
23 41 33
29 69 33
55 16 33
20 58 9
29 14 18
27 65 9
26 11 34
54 7 13
41 8 18
12 12 40
20 66 19
59 51 12
15 29 13
63 45 27
34 57 19
60 22 10
7 19 7
49 40 8
39 33 27
14 50 6
40 73 33
29 29 26
1 58 40
61 75 23
16 61 38
9 53 18
61 27 26
26 52 10
9 41 6
54 14 20
18 34 24
52 20 23
25 19 1
21 50 39
19 30 21
22 12 19
51 7 40
52 17 28
55 39 38
35 12 28
54 41 12
45 1 28
36 31 36
18 69 28
58 48 37
45 19 24
51 68 9
15 37 37
5 46 13
62 46 24
14 47 36
28 26 23
56 63 17
5 16 39
23 48 2
23 31 31
15 57 22
16 47 5
45 74 39
63 74 18
45 19 24
21 1 6
36 28 32
51 8 16
54 75 13
18 42 16
62 20 20
29 71 24
42 12 38
24 34 2
4 29 20
15 13 38
52 6 18
61 51 31
26 4 31
54 73 18
14 64 22
1 44 14
27 27 38
24 40 30
19 41 4
39 68 14
42 74 14
60 74 34
3 6 37
3 1 3
4 26 1
53 71 40
27 17 29
28 12 11
23 40 11
31 26 1
57 62 1
24 59 34
15 39 9
19 29 11
36 74 15
33 53 37
37 31 4
7 25 32
39 53 14
53 11 31
33 42 37
61 75 32
43 47 37
4 69 8
37 34 22
38 30 39
23 58 7
20 5 32
29 13 40
14 22 13
57 21 22
42 52 35
15 21 4
30 31 3
12 15 8
16 32 30
33 49 15
11 55 7
44 42 40
63 10 20
5 38 12
10 54 28
16 39 12
63 21 30
60 50 14
61 8 28
54 39 6
4 36 6
61 65 32
8 63 29
29 13 38
18 35 14
11 60 7
6 9 14
25 5 3
61 34 12
50 61 14
56 18 9
17 32 30
59 49 35
35 16 13
47 6 31
6 25 17
58 14 22
42 26 24
44 18 25
51 18 6
28 34 26
6 63 31
9 67 39
9 23 4
39 51 36
35 12 21
16 22 4
56 30 37
8 27 4
59 49 35
32 30 21
14 39 13
46 28 30
16 28 8
52 68 8
12 74 12
9 23 3
2 7 30
53 68 32
1 58 28
42 16 1
22 26 26
41 13 18
63 14 39
15 39 24
18 50 12
49 46 13
59 14 28
3 31 39
15 39 23
27 49 4
1 66 34
18 52 7
61 22 17
26 1 26
26 66 36
39 57 18
39 5 34
16 62 26
18 34 30
55 55 9
16 68 22
27 43 28
21 14 35
25 3 39
63 1 3
26 49 13
20 65 9
27 45 3
16 26 7
16 23 15
15 30 5
25 4 26
56 68 36
54 69 9
40 2 8
59 71 8
44 48 28
2 10 20
32 2 12
1 33 30
10 26 18
12 21 13
51 57 9
55 59 34
21 13 27
32 64 1
28 29 33
21 63 36
17 65 9
32 10 24
11 2 8
62 2 32
41 19 18
12 30 22
15 74 36
34 41 21
43 6 33
40 75 19
17 23 15
26 65 31
26 19 32
