45 6 3626 4174
2804 3961 3581 744 3932 2831 
4092 4828 4057 2963 78 4488 
2964 2026 627 1150 1836 2409 
4173 670 2146 893 299 3789 
204 4226 1560 1323 153 3122 
1338 4703 4827 4612 2771 3070 
1920 3134 4666 3177 275 2161 
3697 2673 1610 3445 2019 2871 
4609 4867 4262 3846 979 450 
3777 4137 212 2347 4569 1579 
4855 3561 1940 2932 1673 3118 
1968 15 299 1979 100 4016 
3320 2832 3905 3593 799 387 
3404 3437 1058 458 4076 751 
2842 1088 4814 4314 172 4260 
2875 4832 2343 2423 291 3782 
380 4907 2512 2467 4037 1254 
3082 2875 4572 2114 1456 3896 
2258 3192 3976 4136 848 916 
4305 3878 965 1390 2041 2187 
1043 2700 710 1089 4886 3558 
1293 3111 4522 2658 493 4700 
3093 1852 2237 1915 2259 1644 
2636 2106 1823 2047 3772 485 
250 2436 2434 230 2913 4196 
2777 2642 3308 838 241 4128 
1817 4641 4403 2566 4454 2878 
949 3669 2019 2221 3432 3653 
1804 2587 4377 1074 4651 2591 
1195 3212 2396 3057 2665 622 
2000 1058 1249 2117 3026 3019 
1998 669 4746 3987 1756 1783 
3083 4692 3902 4837 1772 3041 
3717 1017 2702 1887 191 1863 
2441 3950 1555 1665 4464 1673 
2556 2025 3817 2030 2142 3773 
3825 1833 1620 3668 899 3693 
2023 1607 3658 4370 1417 4720 
2369 3320 779 2920 1317 4449 
2041 3750 888 2490 2330 1946 
779 3167 495 120 98 2985 
1270 4476 714 700 2536 3931 
786 4214 1591 3636 3688 1074 
378 4062 1852 2625 3634 2262 
4708 2240 4620 555 4263 1698 
37 3 15
3 4 26
23 3 15
23 4 28
4 2 31
2 1 10
42 4 20
24 2 37
4 4 13
32 4 22
11 4 29
7 1 7
22 3 39
38 2 19
23 4 28
28 4 15
30 1 34
5 4 2
16 2 9
3 3 2
23 2 7
17 1 39
37 2 29
39 3 10
2 4 20
21 4 28
29 4 28
13 2 13
13 3 11
12 2 12
12 3 28
39 1 38
16 3 15
6 1 19
7 3 25
6 3 34
17 4 26
42 3 25
43 2 22
43 4 25
31 3 27
39 2 40
29 1 14
11 4 38
40 1 20
16 4 16
18 3 24
43 2 18
35 3 18
14 3 19
14 2 34
8 1 22
21 2 18
36 4 29
2 1 31
25 4 8
10 2 32
41 1 1
29 1 35
19 1 9
1 4 19
34 2 27
31 3 22
11 3 38
5 1 14
30 1 23
22 1 30
18 4 29
38 4 17
16 4 3
26 4 9
37 1 6
13 4 35
25 4 29
35 3 19
20 4 2
3 2 38
11 1 27
39 2 31
4 4 2
8 3 11
42 2 2
13 3 22
15 1 6
30 3 14
9 4 40
37 3 20
31 2 20
36 4 14
15 2 39
9 2 6
42 2 31
14 3 22
1 1 16
36 1 25
5 1 4
38 1 13
7 3 29
3 1 5
17 4 35
18 2 31
16 2 33
34 2 28
18 1 6
37 4 15
13 2 29
32 3 1
5 4 35
10 2 36
1 2 33
37 4 18
23 3 22
4 3 14
12 2 32
21 3 20
26 4 25
35 4 37
43 1 40
4 1 30
34 1 37
11 4 7
1 1 6
29 3 17
7 4 25
1 1 15
18 3 35
7 2 36
35 2 30
15 2 17
42 3 19
11 1 13
26 1 7
26 4 30
3 3 9
7 2 36
41 3 28
23 1 16
41 2 4
31 3 30
34 1 18
38 1 5
42 1 13
11 1 32
23 4 1
11 2 10
43 1 1
12 3 7
22 4 11
20 2 3
29 1 13
24 3 29
24 2 21
19 3 25
32 3 33
1 3 7
19 1 28
7 4 24
29 4 36
12 1 32
27 2 7
27 2 10
29 4 12
14 2 37
7 4 12
37 3 40
21 3 12
20 2 16
17 1 39
34 2 28
40 3 4
24 2 25
18 2 33
10 2 14
11 3 19
25 3 18
28 2 40
19 1 18
17 1 28
1 1 8
13 3 25
14 1 20
28 3 32
37 2 13
33 3 12
43 4 16
31 4 11
16 3 4
36 1 39
20 2 19
39 2 19
6 4 37
23 2 22
8 4 10
39 1 38
15 3 20
1 3 23
17 1 39
34 1 36
21 2 39
2 1 1
35 1 30
4 1 34
17 1 9
28 4 5
34 1 4
43 4 12
7 2 17
20 1 10
20 1 35
26 4 37
17 1 25
13 4 12
9 2 11
26 4 20
23 2 19
1 1 7
36 2 31
40 2 11
35 3 31
13 1 20
10 4 29
40 3 39
28 4 39
5 3 33
34 4 25
36 1 13
29 4 34
23 4 2
26 1 21
23 1 31
10 3 38
26 3 39
9 3 37
19 1 35
20 3 32
18 2 25
14 3 26
38 4 33
42 3 8
39 3 1
20 3 36
1 2 30
35 4 10
22 1 13
34 1 17
41 4 10
7 2 34
1 4 10
41 1 37
31 1 4
16 4 24
19 1 23
13 4 36
40 1 20
22 1 5
38 1 6
41 2 8
33 2 9
22 1 27
6 1 30
32 1 24
21 3 3
13 2 4
25 3 11
34 2 8
26 2 7
19 4 9
34 3 2
4 2 23
34 3 28
18 1 7
19 2 17
10 2 18
2 4 10
8 2 10
26 3 18
4 4 38
33 1 39
41 4 36
40 4 11
16 2 30
24 2 25
17 1 40
20 4 15
17 1 28
10 3 23
9 1 14
31 2 10
22 3 31
2 1 21
31 1 8
19 3 14
31 1 18
19 1 4
19 4 28
33 1 15
38 1 34
39 2 20
30 3 16
42 3 15
9 2 9
35 3 33
29 3 8
35 3 4
2 2 14
9 1 33
39 2 7
40 2 38
31 2 33
27 1 30
21 4 32
4 1 13
19 3 32
6 1 22
42 4 40
21 4 21
30 2 33
20 3 3
19 2 12
28 2 15
17 1 26
5 4 30
43 2 9
18 4 37
13 4 29
18 1 5
24 3 33
42 4 21
25 4 27
22 1 31
3 4 32
31 4 21
17 3 27
19 3 19
4 3 19
34 1 4
25 3 40
14 3 29
2 4 39
1 4 18
40 2 24
3 3 29
33 2 4
38 2 33
20 2 14
30 1 8
38 2 29
34 1 12
30 4 38
38 3 10
28 1 13
33 3 10
36 1 12
2 2 24
8 1 20
3 1 1
18 2 8
4 4 31
32 1 36
11 3 33
20 2 7
37 4 35
32 2 13
38 4 24
36 2 27
3 1 21
38 3 28
16 2 4
7 2 9
42 1 32
37 1 21
8 1 8
10 1 35
2 2 21
15 1 15
43 2 28
14 3 2
25 4 9
21 1 25
33 1 30
5 1 35
41 1 9
35 1 22
22 2 12
26 2 19
40 2 36
39 1 7
1 4 37
34 1 16
15 2 15
34 2 22
2 3 27
23 1 10
16 3 23
16 1 16
11 3 9
19 3 8
29 2 40
3 3 17
4 4 31
7 3 19
17 4 28
24 4 7
19 2 20
1 4 18
28 3 34
3 4 40
35 4 39
26 3 19
1 1 35
8 4 19
27 4 10
15 4 3
9 4 22
25 3 21
9 1 14
26 3 14
1 2 35
16 2 22
28 2 14
35 1 31
13 1 25
29 1 22
34 2 14
14 3 34
17 4 34
26 3 13
28 2 8
9 3 37
38 1 31
32 4 24
28 2 17
34 3 5
12 2 1
6 1 28
26 3 15
33 1 9
14 1 9
26 4 22
1 3 14
38 3 3
10 4 7
31 2 37
35 3 9
40 3 15
15 1 9
21 1 37
29 2 9
34 1 7
28 1 17
23 1 6
14 4 5
32 1 38
20 2 28
24 1 12
31 1 31
11 2 12
16 4 10
28 3 32
9 3 15
41 1 5
4 3 26
17 4 22
35 3 39
41 3 6
9 4 38
35 4 19
29 3 21
43 1 35
40 2 6
24 2 3
29 2 9
7 4 20
34 4 29
11 2 10
16 2 7
19 3 40
24 2 28
31 4 21
14 1 36
9 4 38
31 4 37
18 2 40
39 1 15
39 2 9
1 4 11
35 4 9
39 4 27
16 2 16
13 3 31
10 1 35
1 1 28
8 2 30
40 4 26
31 3 5
19 3 2
26 1 4
3 2 1
16 3 32
26 1 19
3 4 12
19 1 19
33 2 34
8 4 1
31 1 36
2 3 15
7 4 10
27 3 38
19 1 30
8 4 16
31 4 18
15 3 32
11 3 17
13 2 4
31 2 7
25 3 27
19 2 16
28 1 6
24 2 26
24 4 37
10 4 3
18 2 32
34 3 37
39 1 31
18 3 32
4 4 18
21 4 34
41 3 16
5 2 1
36 3 7
37 3 26
1 4 5
29 2 29
30 3 32
32 4 11
40 3 19
5 2 28
3 2 20
21 4 19
9 2 7
38 3 20
20 4 8
17 1 27
11 3 7
19 1 16
21 4 7
29 3 19
32 1 32
9 3 33
13 1 34
8 1 35
26 2 5
42 2 10
6 1 10
36 2 2
25 4 10
18 3 37
8 3 8
35 1 34
36 2 25
1 4 4
23 2 1
30 1 19
22 3 11
43 4 29
15 3 21
19 2 4
35 2 20
22 3 22
29 2 12
18 4 30
7 1 5
27 1 36
30 2 22
17 2 33
23 2 6
3 4 11
25 3 14
7 2 23
19 4 18
33 3 27
20 3 23
11 1 18
18 4 18
35 3 34
10 1 7
28 4 26
37 1 36
3 4 14
4 2 22
24 1 17
24 3 38
40 1 2
24 1 21
37 2 18
37 2 30
37 4 28
11 3 31
15 2 34
11 3 3
4 1 19
31 1 15
2 1 30
22 4 23
10 4 17
28 3 15
32 3 1
29 2 18
17 3 27
18 3 18
3 3 7
33 4 12
36 2 21
21 1 20
28 1 30
40 3 32
30 4 5
14 2 20
9 4 12
15 4 27
6 4 31
11 4 36
2 4 18
31 4 23
37 3 9
4 3 24
11 3 32
39 4 17
13 1 22
41 3 34
26 4 19
12 2 22
40 3 17
31 1 25
21 1 7
39 2 8
1 4 19
42 1 27
24 3 14
18 4 38
43 4 23
43 1 33
36 1 29
28 1 13
39 3 4
13 3 5
42 4 32
41 1 1
3 2 13
20 2 37
14 2 30
10 2 3
25 4 40
25 4 38
43 2 19
15 1 35
24 1 23
40 1 13
26 3 18
11 4 32
12 2 24
21 4 26
28 3 10
1 3 40
43 4 33
24 4 16
6 1 29
25 3 39
18 2 2
11 4 1
9 1 5
11 4 2
13 1 22
18 2 23
17 4 37
40 2 15
6 3 12
12 3 1
7 1 10
26 3 27
10 1 15
10 1 8
4 2 14
16 3 30
41 2 14
12 4 17
32 3 23
24 3 9
13 4 6
20 4 8
14 2 1
20 3 22
26 1 29
16 4 27
40 1 3
17 3 3
19 1 25
31 2 31
9 1 30
25 3 40
22 2 11
41 1 21
25 1 32
5 3 21
18 4 11
38 4 37
10 3 39
23 3 2
16 4 24
19 4 34
17 2 32
13 1 28
23 2 1
32 4 26
22 1 25
26 4 18
1 2 21
9 1 3
29 3 3
15 4 33
38 4 26
39 2 25
33 3 34
22 3 25
13 2 31
41 1 1
38 2 33
42 2 35
3 4 21
19 1 8
21 1 36
9 1 17
34 3 20
35 3 39
30 2 35
17 3 22
13 2 10
12 1 40
31 4 32
4 2 27
29 2 18
36 2 19
9 3 27
25 1 26
9 4 10
11 4 35
21 3 2
14 2 3
34 1 33
8 1 1
38 1 28
34 3 34
31 4 15
35 1 32
34 3 21
15 4 13
1 1 12
38 3 27
9 3 2
9 1 9
7 3 13
15 3 17
21 2 2
30 1 31
12 4 21
22 3 7
24 2 6
8 3 38
1 2 33
24 3 22
34 1 20
28 1 24
32 4 6
7 1 18
37 2 17
26 3 40
5 1 25
33 1 30
39 4 8
16 4 6
28 2 16
37 4 11
10 3 40
16 2 37
18 2 14
39 1 29
13 3 16
37 1 31
38 3 16
41 4 7
18 4 35
34 4 5
23 2 26
13 2 21
26 4 23
10 1 17
34 3 1
18 4 26
6 1 13
31 2 31
16 3 20
35 1 15
30 4 8
28 4 35
43 3 37
35 4 30
2 2 4
26 2 28
1 2 13
42 3 25
3 1 5
3 1 14
31 1 37
27 2 14
18 1 36
25 4 30
20 1 26
39 2 19
20 2 24
41 1 24
12 3 37
5 1 17
25 1 9
18 2 19
30 4 39
17 1 12
32 3 31
3 4 13
23 4 13
30 2 23
32 4 22
9 3 4
32 4 16
15 4 22
8 4 2
14 4 40
23 4 4
36 2 27
30 2 16
30 2 3
40 4 7
21 3 36
20 1 33
24 2 16
31 1 13
35 1 19
22 4 25
33 2 39
5 1 6
41 2 33
32 4 5
41 2 37
16 3 35
30 4 28
12 3 10
28 3 1
24 3 31
13 1 33
5 2 23
5 1 4
38 4 14
31 2 32
26 1 24
31 4 38
6 4 2
42 2 6
37 2 20
4 4 40
24 1 31
23 3 5
7 1 13
40 2 37
31 2 34
9 1 27
21 1 6
14 1 12
31 3 4
9 2 32
27 2 31
13 3 17
32 1 11
1 3 40
19 2 11
14 2 18
15 1 2
4 4 5
43 1 1
5 2 27
1 4 36
38 2 20
9 4 23
22 2 5
19 3 36
28 4 12
31 3 2
21 3 31
25 4 16
33 4 12
32 2 35
17 4 26
43 4 19
43 4 40
25 4 38
25 2 32
6 4 25
3 2 29
34 4 39
7 1 23
19 4 18
32 3 33
38 4 30
38 4 18
8 1 10
31 1 27
22 2 12
22 3 3
15 4 3
15 2 3
19 4 18
39 2 33
4 2 16
40 1 36
5 1 6
27 3 9
16 3 2
9 4 35
37 1 29
14 2 31
29 4 40
36 1 7
5 4 2
28 1 11
19 2 14
4 1 37
23 1 22
32 4 27
35 2 2
1 1 35
28 4 13
7 2 38
26 2 1
21 3 13
23 1 11
9 3 24
21 3 18
10 2 17
18 3 10
43 2 14
16 3 16
15 4 5
20 1 16
13 1 8
9 4 15
11 4 13
8 3 40
15 3 13
40 4 38
36 4 39
40 1 21
21 2 33
20 1 26
24 1 20
30 3 22
25 4 11
4 2 14
22 4 9
38 4 31
4 1 31
34 1 4
5 2 14
23 1 8
1 3 11
30 2 31
39 2 8
23 1 17
32 4 24
41 4 39
28 4 3
17 2 8
39 3 25
21 1 33
2 4 7
3 4 10
26 1 32
29 2 11
2 3 16
25 3 33
17 4 17
11 1 33
2 2 33
23 2 15
23 2 19
19 3 3
36 4 10
39 4 34
33 2 17
13 1 31
14 3 4
42 2 14
40 3 25
5 3 18
1 3 21
8 4 11
30 1 23
35 1 36
8 4 37
6 2 22
41 3 14
8 4 25
17 2 27
43 3 25
16 1 6
20 2 7
43 3 23
22 1 19
18 2 2
20 4 7
15 1 32
24 4 12
5 3 37
21 1 3
1 4 37
36 2 20
26 3 7
2 2 36
35 4 21
23 2 33
12 3 2
7 1 6
23 4 3
43 4 31
21 4 18
30 3 5
29 4 39
27 2 1
7 3 19
41 1 18
6 4 34
38 2 32
25 2 22
31 1 39
2 2 19
32 4 1
31 3 20
16 3 5
7 3 39
43 2 27
3 4 16
13 4 28
43 4 21
26 3 10
18 3 5
2 1 37
18 1 23
24 2 35
41 4 38
3 2 40
31 4 30
27 4 24
37 2 26
10 2 8
2 3 31
24 3 19
22 2 33
26 1 11
11 1 28
30 3 1
25 1 34
13 1 30
4 2 9
34 1 29
12 2 6
28 1 34
12 2 8
7 1 33
17 4 11
28 3 20
39 1 38
15 4 25
6 2 37
35 1 32
25 2 6
2 2 8
43 3 35
6 4 1
20 3 34
18 2 40
26 4 1
26 2 39
1 3 6
21 4 19
2 3 28
38 2 4
33 2 32
28 4 40
1 2 14
11 2 8
15 1 22
28 2 24
24 4 25
3 2 10
4 1 40
37 3 1
20 2 18
26 1 31
7 3 26
40 4 25
19 4 4
16 4 23
12 4 6
2 3 32
24 1 13
9 1 40
34 3 22
34 2 40
34 2 29
28 1 19
18 4 27
24 1 36
17 2 37
7 4 35
32 2 11
3 2 13
35 1 30
21 4 6
3 1 38
35 1 26
16 2 36
11 1 30
16 2 2
6 1 26
31 3 38
14 4 30
16 1 7
27 4 33
21 1 2
42 4 4
27 3 18
20 4 17
6 2 30
27 1 31
27 1 26
18 4 4
31 2 9
42 1 34
42 3 25
21 1 33
27 2 4
7 1 3
42 1 11
20 4 14
11 4 31
37 3 12
9 2 5
28 1 3
9 4 27
5 3 19
17 3 27
16 3 14
24 4 38
9 3 36
16 1 12
13 4 29
26 2 26
10 2 27
5 2 14
13 4 38
38 3 19
17 4 37
12 1 7
26 2 18
40 1 25
19 3 26
12 2 21
11 1 25
37 3 23
37 1 26
43 2 19
28 2 17
10 1 30
9 2 32
13 2 33
1 4 16
25 4 34
10 2 21
32 3 6
25 4 16
24 1 11
17 3 40
12 4 36
10 3 21
32 2 3
39 2 20
35 2 11
8 2 14
31 3 26
16 1 28
20 2 20
34 4 23
6 4 27
16 2 26
13 2 23
22 2 39
19 4 14
26 2 38
29 2 26
24 4 1
35 1 14
10 3 15
12 1 33
14 3 22
19 2 24
40 2 18
43 1 11
36 1 4
1 2 12
35 3 5
43 1 31
21 3 37
22 1 3
29 3 37
14 1 30
29 3 23
5 3 37
28 1 17
35 2 11
23 1 25
36 3 5
27 2 23
26 1 34
12 1 5
17 1 1
15 4 19
36 3 6
2 4 16
3 2 37
1 4 5
22 4 33
18 2 33
35 2 24
26 1 35
3 2 22
37 1 24
28 4 31
36 4 29
21 3 22
36 3 18
24 3 9
21 2 29
8 1 1
24 3 12
31 1 19
12 2 4
34 4 39
23 3 15
39 3 10
2 2 33
30 2 30
23 1 4
27 2 16
40 1 10
15 3 14
36 1 12
27 1 16
37 1 16
15 2 39
7 4 33
19 3 26
7 3 36
21 4 3
20 1 7
37 2 24
13 1 10
4 4 22
37 3 29
21 1 27
38 1 19
29 3 38
43 3 30
23 2 37
26 3 37
33 1 22
6 3 35
25 4 36
10 2 37
7 4 12
23 4 2
26 4 9
33 3 31
22 2 4
3 4 31
18 4 16
22 1 10
36 1 3
18 2 23
3 3 28
2 3 10
21 4 28
27 2 22
17 4 31
36 2 13
36 3 9
10 4 29
41 1 15
28 2 30
12 2 36
26 4 39
34 4 28
30 2 2
29 2 31
22 2 40
18 1 20
31 2 27
13 3 24
30 1 17
9 4 22
5 4 12
2 3 5
43 1 3
28 3 6
33 2 3
6 1 6
9 2 23
17 1 14
14 2 10
22 2 39
3 3 28
31 4 16
14 2 7
2 2 36
1 3 2
7 1 4
7 1 32
25 4 31
43 3 34
38 4 16
5 2 18
38 1 7
24 2 28
37 2 34
10 2 5
43 3 6
5 2 28
11 1 23
14 4 29
27 3 26
32 1 7
31 1 2
6 1 40
16 1 20
27 1 23
8 4 5
30 4 10
13 3 16
30 3 32
34 1 22
34 2 38
13 3 40
12 3 26
13 1 20
14 2 9
10 3 23
42 3 5
27 4 37
34 1 22
30 2 35
33 3 2
4 2 20
39 3 28
36 4 5
2 4 15
36 1 31
24 2 29
39 1 14
26 2 33
37 4 13
2 3 14
9 3 40
17 4 2
33 3 26
24 4 8
34 3 16
34 1 35
1 3 14
21 2 40
7 3 40
2 3 1
25 4 24
27 1 7
5 3 8
36 1 28
10 1 28
9 4 7
6 3 1
28 2 9
7 3 9
19 4 15
29 1 35
23 1 27
39 2 10
31 4 17
9 3 18
20 4 20
19 4 1
39 4 12
39 1 38
27 2 3
43 4 34
39 3 18
29 3 26
34 3 10
13 3 18
13 4 8
14 1 1
33 1 12
3 2 12
14 1 26
41 2 21
24 4 9
10 1 26
5 4 7
26 2 19
29 2 34
7 3 34
43 2 33
21 2 33
19 4 10
14 1 5
30 4 16
12 1 24
34 2 32
39 4 11
33 1 35
3 2 37
21 4 33
40 1 24
39 4 13
32 2 29
40 1 14
34 2 22
40 1 30
38 4 23
4 1 1
25 3 1
31 1 22
13 3 26
19 3 11
34 4 18
35 3 3
40 2 13
38 3 2
38 2 7
20 3 14
2 3 5
1 3 14
22 3 17
18 1 8
31 3 5
43 2 11
6 1 23
37 3 15
29 4 19
12 4 19
28 4 1
2 1 20
27 2 35
26 2 32
14 3 25
12 2 2
15 2 13
19 4 21
26 1 3
41 4 11
39 1 1
20 3 26
20 4 7
40 1 12
20 3 22
7 3 21
1 1 40
12 2 29
22 4 1
24 3 18
22 2 29
24 3 39
28 3 37
43 3 28
10 4 28
33 1 14
7 4 11
18 1 35
17 4 11
13 4 2
24 4 16
1 2 4
25 2 31
40 3 11
19 4 24
38 2 13
36 3 16
25 1 14
12 1 21
3 3 18
39 1 11
34 1 10
19 4 15
23 2 30
40 1 3
42 3 22
19 2 6
42 4 33
4 3 4
22 2 36
32 1 7
43 3 20
31 1 7
36 1 16
43 3 22
8 3 25
5 2 28
7 1 4
24 1 22
32 1 14
18 4 36
40 1 33
36 1 7
27 1 6
6 4 34
36 1 3
43 4 18
5 2 27
25 2 26
8 2 4
14 3 26
15 1 5
23 1 21
23 3 38
20 1 33
42 1 33
33 1 19
23 1 10
14 3 20
37 2 22
43 4 4
25 1 18
4 2 14
28 4 19
17 1 38
22 3 14
33 3 34
28 1 23
43 4 28
2 1 10
34 1 8
29 4 22
34 3 21
41 4 28
16 3 3
28 2 2
13 2 1
16 2 15
25 1 31
2 2 29
22 3 40
31 4 22
13 3 5
27 2 12
10 3 5
3 3 2
3 3 31
12 1 39
29 2 17
35 3 8
30 3 1
19 1 40
2 2 6
6 1 18
9 2 10
18 1 9
39 4 32
1 3 22
29 3 33
3 1 10
19 2 35
34 4 40
42 1 34
24 3 25
28 2 11
36 2 16
41 3 27
22 3 17
8 3 14
20 3 7
16 2 12
37 1 18
30 2 29
24 4 5
5 3 18
14 4 6
16 4 13
4 1 5
27 1 6
41 1 39
25 3 37
26 2 18
28 2 19
40 4 20
28 2 6
28 2 16
10 1 14
12 4 31
14 4 24
25 4 24
32 2 18
11 3 22
24 2 7
34 1 19
26 2 37
28 1 12
43 3 14
24 1 34
26 2 35
20 3 21
42 1 1
2 3 10
25 4 33
3 3 24
30 4 34
27 1 12
11 4 10
24 4 11
38 4 6
42 3 17
7 3 4
36 1 22
42 4 4
32 3 27
15 2 2
7 1 3
13 1 29
6 3 20
9 2 20
12 2 3
5 2 21
14 3 40
31 4 7
35 2 25
8 1 22
25 1 31
6 4 20
23 3 7
16 1 5
6 4 30
9 2 14
35 2 32
4 4 27
31 3 23
10 2 2
23 2 26
13 3 11
19 3 40
11 3 32
40 2 39
23 4 30
12 4 32
41 2 36
31 1 35
39 3 20
26 4 6
22 2 38
1 3 8
43 3 23
2 1 6
35 1 39
27 2 8
40 2 14
14 2 24
38 4 9
5 3 10
8 3 12
17 2 35
28 4 14
40 2 19
31 2 26
15 3 25
8 3 1
17 3 1
30 2 33
36 4 1
37 2 26
29 3 3
21 1 14
22 2 37
24 2 23
25 1 28
19 4 40
12 3 3
20 3 6
8 4 17
34 1 23
4 4 25
22 3 3
4 2 36
30 2 9
18 2 36
8 4 29
6 4 25
27 4 6
3 2 7
41 2 20
19 2 21
4 3 30
31 3 12
41 3 10
23 3 33
25 3 14
32 1 35
23 1 38
22 2 13
9 4 24
31 4 13
25 3 27
7 3 29
28 3 24
33 4 13
29 1 4
25 4 35
32 4 6
33 4 20
18 2 9
30 2 34
36 4 26
30 1 30
17 1 35
23 1 1
3 1 27
14 3 18
11 4 32
41 4 31
30 2 7
7 1 9
11 1 23
22 4 27
40 2 5
21 3 19
34 3 23
18 1 22
19 4 34
35 1 10
9 1 13
32 2 26
18 2 28
14 2 8
18 1 6
23 4 25
43 1 29
20 2 1
20 1 11
18 4 32
30 4 1
10 4 21
7 3 34
43 4 16
20 1 34
37 4 22
13 2 29
9 3 32
32 2 24
18 1 40
3 3 5
15 2 40
34 1 36
11 1 6
15 1 35
5 1 6
16 4 35
1 2 33
15 1 39
18 3 39
16 2 15
27 4 18
23 2 40
13 1 19
23 4 26
34 4 38
39 3 38
16 2 37
14 2 35
8 4 24
33 2 22
40 3 39
32 4 6
5 3 31
16 4 8
30 3 16
7 4 18
28 3 8
9 2 8
2 4 27
15 3 28
41 4 31
24 1 23
1 2 21
23 3 22
10 4 24
26 2 14
2 3 3
6 1 32
33 1 33
41 3 22
37 4 3
42 4 39
19 4 8
3 4 32
22 4 28
25 3 8
29 2 40
36 4 34
24 1 1
38 2 7
8 2 35
12 1 29
12 2 19
9 2 16
18 3 15
37 2 34
4 4 40
18 2 21
23 3 6
34 1 38
32 3 15
14 1 12
36 2 37
19 4 40
17 4 35
29 2 22
25 4 1
10 4 5
18 1 31
22 4 38
35 3 14
10 4 3
23 4 17
20 4 14
34 2 7
27 3 23
28 1 37
10 4 5
6 4 37
18 3 1
34 4 6
30 2 16
39 4 27
24 3 31
12 4 36
35 4 28
26 1 18
33 3 16
13 2 8
2 4 25
27 2 11
23 2 20
26 1 6
22 2 4
3 3 21
18 4 36
17 4 14
15 1 21
8 1 23
23 3 22
42 2 30
10 1 18
40 2 15
5 3 24
1 2 14
5 3 30
28 3 27
22 2 8
37 4 31
25 4 7
21 1 27
20 4 21
16 4 2
41 2 2
37 4 29
20 3 40
2 1 6
38 2 5
24 1 32
37 2 2
28 4 10
28 2 39
42 3 24
10 1 25
29 2 15
12 3 16
20 2 38
26 3 6
11 3 3
29 2 17
7 3 8
14 2 19
37 2 28
28 3 26
34 2 35
27 3 8
43 3 11
38 4 6
1 3 4
6 2 34
17 1 23
17 1 11
39 3 37
4 3 6
13 4 34
29 2 23
26 2 40
30 1 18
33 3 33
16 1 7
3 3 40
9 2 21
9 2 38
21 2 27
7 4 38
26 4 24
5 3 16
38 4 16
17 4 17
12 4 34
33 4 35
28 3 33
4 4 38
28 1 31
24 2 37
3 1 21
17 2 35
18 3 2
6 2 17
10 2 28
26 4 38
32 4 27
13 2 16
22 3 1
25 3 36
18 4 28
22 2 17
33 3 35
4 1 6
30 3 19
32 2 25
24 3 8
13 2 27
3 3 11
30 2 26
16 3 15
10 1 2
7 1 5
40 2 22
40 3 31
4 3 34
32 2 29
28 4 28
4 3 25
18 3 28
35 3 5
4 2 1
14 3 15
35 2 35
36 3 29
43 3 29
19 2 18
34 2 39
18 2 23
40 3 5
20 2 15
37 3 8
31 2 6
20 2 30
7 1 2
8 2 5
27 2 32
36 2 7
26 4 17
33 4 36
43 3 36
24 2 5
2 4 39
35 2 31
18 4 5
31 4 16
8 2 21
42 2 34
23 1 18
13 4 9
6 4 36
9 2 34
23 1 38
19 4 24
31 2 28
8 2 21
10 4 31
10 1 36
36 1 10
43 1 24
20 2 13
7 1 40
25 2 26
39 2 4
30 3 15
39 1 27
12 3 17
25 4 15
39 2 19
37 4 38
29 3 28
10 4 5
10 2 32
14 2 36
25 3 33
18 3 30
14 1 40
37 4 18
30 1 2
14 1 8
39 1 22
25 3 28
31 3 1
41 4 24
20 1 32
12 3 23
1 3 15
37 1 20
18 2 18
8 3 37
21 3 38
2 3 25
38 4 34
24 3 8
40 2 30
15 4 37
2 2 1
38 2 33
31 4 31
30 4 35
27 1 14
24 4 22
1 3 39
10 3 39
14 1 6
10 1 33
14 2 36
7 4 5
37 4 4
43 4 32
1 3 25
7 3 8
21 2 12
3 1 39
16 4 2
37 4 5
39 2 32
41 3 16
40 3 2
38 3 23
15 3 34
19 4 28
6 1 33
1 2 1
6 4 34
39 1 31
39 1 24
16 3 31
14 1 21
4 3 35
14 3 35
5 1 28
22 1 31
26 3 8
30 1 32
23 1 29
43 1 1
4 3 32
30 3 18
22 4 24
43 4 18
21 4 13
34 2 33
19 2 30
8 3 38
20 2 37
17 1 14
12 4 12
33 3 18
22 3 28
30 2 33
32 1 3
14 4 6
1 1 34
14 2 12
5 1 10
8 3 24
40 4 37
37 4 38
1 2 20
39 4 24
18 1 1
8 4 6
4 4 30
41 1 16
41 3 20
3 3 2
3 3 27
12 1 33
14 1 31
28 3 32
24 1 27
34 3 24
20 2 35
22 4 19
16 2 9
22 3 11
10 1 37
8 4 21
15 2 23
33 4 23
19 2 12
37 1 5
12 3 19
42 4 6
17 3 39
31 4 35
2 2 24
36 1 2
17 1 15
43 3 8
28 1 34
17 2 29
29 1 24
13 2 33
15 2 29
16 2 14
16 4 16
40 4 40
41 1 38
39 1 39
16 2 4
3 2 18
10 4 13
38 4 38
37 4 37
27 2 28
8 2 33
35 1 9
25 2 34
32 1 17
38 4 38
41 4 28
2 2 5
22 3 37
43 3 12
2 2 6
5 3 2
40 4 13
20 2 34
9 2 7
13 3 1
24 2 32
33 3 39
8 2 5
29 2 7
7 3 2
7 1 13
37 4 25
14 3 19
30 3 26
36 4 21
41 4 34
15 2 38
26 2 10
2 4 25
4 3 9
36 1 12
36 2 12
40 1 12
6 3 40
22 3 39
22 3 25
28 3 18
17 2 19
29 4 28
23 1 3
17 4 11
38 2 36
21 1 40
6 3 4
29 3 7
24 2 21
16 3 37
12 3 23
2 1 2
9 1 30
24 1 27
33 1 19
28 3 31
42 3 30
43 4 13
40 3 5
24 4 18
27 1 38
31 2 10
29 1 8
38 3 38
15 3 39
19 3 14
25 2 14
29 4 23
6 3 9
18 2 19
24 4 2
34 3 28
6 3 22
30 1 30
13 3 40
34 1 27
27 3 38
24 3 26
21 2 3
28 2 16
11 3 1
39 4 19
4 3 21
25 4 13
3 2 31
12 1 35
32 2 40
15 2 22
35 2 28
27 1 20
1 2 26
39 3 16
24 1 12
28 4 23
30 3 2
6 2 6
35 2 33
18 2 4
40 3 1
40 4 37
9 4 19
22 3 36
33 3 32
17 4 28
20 4 18
6 4 3
22 1 26
8 3 39
18 1 9
14 4 35
16 2 17
15 1 12
8 3 6
29 1 31
38 1 31
16 2 9
14 2 5
17 2 4
40 2 28
41 1 11
20 4 37
5 4 13
9 3 17
30 4 16
1 1 5
6 3 18
28 2 18
6 1 4
17 1 16
18 3 37
22 3 28
9 4 13
40 1 40
42 1 5
24 1 11
27 1 2
15 3 39
9 3 23
11 2 24
27 2 32
36 2 32
11 1 1
3 1 34
4 2 15
4 1 7
12 2 16
40 4 32
11 2 33
2 3 15
9 1 9
43 1 7
22 3 2
20 2 36
35 3 8
36 1 39
9 1 35
25 1 33
33 2 36
36 1 11
29 4 24
12 2 1
15 2 13
41 2 13
3 2 37
35 4 28
43 4 12
25 1 25
29 2 10
8 3 25
16 3 33
19 3 19
22 3 37
32 3 36
42 1 21
27 3 4
17 1 28
26 4 32
27 2 13
3 2 37
33 4 25
29 1 32
37 2 33
17 2 2
25 2 37
33 2 25
25 3 7
33 2 28
30 1 35
4 2 4
21 2 9
39 2 9
43 1 12
39 3 9
2 4 40
15 1 39
5 1 39
10 3 16
9 1 13
40 2 14
16 1 12
32 2 17
23 4 20
17 1 24
16 2 32
9 2 12
12 1 32
2 2 19
40 1 2
2 2 37
28 4 40
23 4 37
19 4 16
43 1 34
6 3 30
27 3 25
39 4 23
34 2 27
6 3 22
10 1 24
10 3 24
31 3 16
32 1 2
2 1 22
32 4 1
5 1 32
4 3 4
1 4 29
23 3 34
24 3 10
14 2 15
15 1 5
34 3 21
17 3 38
17 1 12
31 2 37
37 3 3
35 2 32
16 3 17
30 2 36
32 1 18
37 1 33
17 1 38
36 4 8
20 4 16
27 3 26
1 4 27
28 4 39
6 1 12
32 3 6
29 3 40
31 4 14
36 4 6
14 3 23
34 1 20
29 1 6
22 3 15
24 1 3
2 4 34
30 2 30
26 4 15
28 1 24
8 4 28
39 4 40
9 2 30
24 4 21
11 3 5
15 4 8
40 4 23
5 3 1
12 1 22
39 1 5
36 1 28
4 3 15
10 4 11
40 3 32
13 2 36
15 2 38
38 2 9
24 4 7
41 2 10
9 3 9
25 2 29
11 2 26
32 1 24
5 2 32
18 4 36
43 3 37
16 4 15
16 4 7
30 4 12
28 1 26
33 1 14
23 4 35
32 4 31
34 2 27
12 3 25
23 1 32
39 2 16
43 2 14
13 4 14
21 2 20
27 3 20
36 2 5
35 4 18
8 4 29
16 1 31
27 2 1
34 4 32
5 2 6
29 1 4
27 2 33
13 4 37
5 4 32
25 1 40
38 4 22
4 2 5
24 3 32
27 4 13
8 2 12
32 3 29
3 3 36
36 2 18
18 2 3
26 1 20
15 2 32
26 3 25
17 4 11
17 1 8
14 4 22
36 3 28
32 2 7
8 4 6
41 1 40
29 2 30
29 2 29
41 1 8
42 1 3
26 4 37
14 3 4
19 1 23
3 1 30
24 2 22
20 3 30
2 2 37
29 1 8
4 1 36
17 4 21
29 4 26
17 1 10
39 2 35
24 4 3
23 2 36
30 4 25
4 4 19
21 3 23
17 2 17
22 1 1
30 3 18
26 1 4
24 2 32
41 4 24
32 2 25
38 2 8
10 3 1
27 1 40
17 1 39
2 1 27
16 3 32
3 2 30
17 1 21
36 1 5
39 2 22
34 1 37
29 4 3
19 1 1
30 2 34
34 3 23
29 1 14
15 1 11
3 2 21
8 4 14
18 1 29
8 3 20
21 3 32
10 3 20
43 2 15
14 1 26
27 2 40
7 4 28
4 4 14
21 2 34
3 3 5
38 1 6
4 2 35
42 2 34
34 1 5
5 4 20
6 2 23
25 4 31
27 2 4
13 3 22
2 2 9
29 3 15
33 1 11
39 1 13
5 2 19
20 1 11
20 4 24
29 4 4
43 1 10
11 3 2
41 3 24
33 3 39
34 2 34
23 4 19
37 2 20
12 3 35
22 3 27
33 3 6
43 4 35
39 4 23
11 3 21
1 1 37
39 4 26
34 1 14
8 4 30
16 2 39
13 1 1
12 3 6
9 1 7
39 2 10
16 1 38
21 2 14
11 4 19
18 2 26
27 1 10
41 3 13
14 4 38
37 1 4
30 4 33
31 2 30
35 3 4
5 3 14
32 3 17
11 4 23
34 2 24
26 4 11
9 4 12
41 4 5
24 2 23
24 1 32
23 3 16
30 2 7
21 3 23
10 4 3
4 2 6
21 4 36
16 4 24
29 3 11
3 4 36
9 3 18
40 1 29
29 3 24
15 1 7
24 3 37
37 4 31
14 2 4
13 3 36
15 3 10
24 4 24
28 1 34
9 3 27
21 1 3
15 4 25
4 4 18
16 3 30
4 1 34
26 1 36
4 4 12
25 3 2
3 3 16
38 4 10
3 4 6
43 1 24
1 2 13
19 3 3
18 1 13
14 4 24
9 3 10
15 4 33
28 1 18
9 1 12
26 3 14
35 4 17
3 1 14
31 3 10
34 4 40
37 2 2
18 4 6
16 2 28
34 3 4
30 4 9
41 4 29
15 3 30
8 2 17
35 4 35
27 2 26
18 3 17
22 3 10
42 4 19
2 1 3
36 3 24
20 3 3
12 4 14
19 1 24
22 2 21
17 1 34
10 1 18
41 2 40
41 2 13
41 3 31
2 4 36
15 1 8
35 4 40
3 1 3
4 2 13
15 1 16
22 3 27
15 4 23
30 2 17
23 2 31
43 3 28
33 4 11
13 1 6
31 1 36
35 2 14
6 1 13
10 2 16
21 2 19
18 1 7
2 1 39
2 2 12
21 1 28
13 2 28
33 4 39
42 1 33
33 1 29
21 3 36
43 3 24
20 1 2
39 1 9
9 2 9
17 2 13
19 1 35
21 3 29
23 2 6
3 2 5
21 1 34
37 2 15
12 3 7
1 4 24
31 2 40
32 4 35
38 1 7
17 2 35
40 1 21
28 2 1
6 2 38
33 2 6
26 2 34
19 1 8
20 4 5
23 3 6
2 4 18
22 4 10
27 3 1
13 3 12
7 4 2
36 2 40
34 3 32
30 2 27
32 3 17
7 4 19
24 2 20
30 3 39
34 4 33
43 3 13
6 4 25
36 1 24
1 4 29
1 4 14
13 4 27
15 3 26
43 2 6
5 2 3
27 1 24
22 1 35
25 4 31
21 4 4
7 1 37
24 3 36
6 2 21
36 4 24
4 1 2
7 2 10
19 4 6
23 1 30
38 4 15
4 2 14
42 3 40
30 2 18
4 3 36
3 4 35
10 1 1
37 4 19
17 2 19
33 2 40
6 1 35
42 4 14
27 4 25
25 2 28
20 3 8
38 2 31
25 4 30
35 4 6
12 1 37
25 3 27
8 1 34
40 3 34
27 3 12
15 1 15
37 4 22
21 3 21
34 4 22
32 1 5
12 1 15
36 3 29
14 3 40
36 3 7
43 3 13
20 4 39
26 3 38
39 1 36
25 2 24
3 1 21
30 3 39
38 3 14
3 2 27
35 2 11
39 1 8
30 1 11
14 4 28
5 3 27
27 1 14
28 4 28
23 4 15
20 3 26
11 1 29
2 1 34
28 2 24
1 3 34
32 3 18
25 1 27
18 1 9
27 3 5
11 3 3
2 1 39
35 2 40
38 2 39
42 2 18
14 2 28
13 3 38
27 4 33
29 4 9
31 4 12
34 1 32
21 3 14
25 2 7
29 2 37
38 1 8
41 1 25
42 1 19
3 2 12
19 2 30
21 2 25
9 4 31
26 2 5
29 4 32
26 3 15
6 1 12
1 1 8
14 4 4
27 2 15
9 2 30
24 3 31
22 1 35
40 4 31
36 4 28
1 3 35
42 1 27
37 3 21
33 1 30
21 3 16
18 1 35
22 3 6
38 1 9
28 2 11
36 1 24
4 4 33
18 4 24
17 1 18
33 3 12
11 3 31
31 2 20
7 4 30
30 2 19
3 4 3
32 4 22
14 1 33
23 2 25
40 2 4
15 2 33
1 3 13
42 2 3
40 3 38
24 3 14
43 4 13
36 2 32
15 3 10
39 2 12
3 3 25
9 4 19
33 1 18
7 2 31
32 2 36
19 3 25
5 2 31
38 1 30
14 3 39
32 1 14
30 3 23
26 2 38
9 2 16
30 2 12
41 3 8
27 2 38
6 4 8
15 2 39
32 2 12
35 2 10
41 2 6
1 1 14
31 3 9
24 4 14
31 2 39
14 4 36
41 1 19
10 2 27
17 2 29
1 1 25
11 1 14
18 2 40
26 2 11
16 2 21
11 2 40
10 2 18
40 3 26
8 2 4
28 2 10
19 4 24
21 1 8
7 2 4
28 2 5
8 3 20
35 4 28
39 2 26
37 1 19
37 3 28
15 3 23
17 1 28
19 1 11
21 4 18
41 2 14
38 2 40
17 1 3
41 4 24
2 1 4
38 1 4
1 2 16
29 4 22
30 4 18
25 2 18
39 4 4
34 3 17
20 3 17
42 1 2
20 1 23
3 2 8
3 1 1
41 4 15
20 1 13
32 1 12
12 3 30
9 4 2
21 3 38
4 4 3
16 1 40
34 2 11
7 4 34
12 4 39
28 3 17
43 2 20
39 3 26
10 2 15
40 4 37
16 1 39
16 2 21
30 3 30
22 1 19
39 2 2
29 2 21
30 4 10
11 1 20
10 2 17
17 3 21
39 2 5
10 1 25
33 4 27
33 3 36
35 4 29
17 3 2
12 4 31
33 4 29
8 4 12
35 2 40
28 2 18
39 4 26
25 2 22
24 1 12
23 3 8
18 2 34
28 1 5
3 1 33
11 4 2
29 1 2
26 1 31
34 3 12
15 2 14
43 4 33
33 1 28
2 4 11
34 3 34
24 2 23
37 1 3
6 4 6
22 4 17
30 4 21
19 1 17
3 1 14
30 3 33
39 1 18
30 1 4
27 4 4
5 1 6
38 4 39
4 4 3
3 2 30
12 1 24
41 2 18
36 1 13
38 2 39
33 1 15
26 1 18
1 1 17
29 1 3
7 3 22
16 1 27
32 4 2
6 1 35
21 1 6
39 4 25
41 3 21
36 3 9
19 3 26
42 3 29
19 4 39
17 1 1
26 2 2
2 2 40
22 4 15
31 4 33
34 2 24
20 4 1
13 4 38
18 1 3
9 4 16
26 1 28
41 2 36
31 4 13
28 3 11
19 4 38
39 3 6
8 2 28
17 4 34
35 3 14
20 1 11
26 2 38
32 4 19
4 3 2
32 2 28
42 2 3
31 2 4
21 4 15
2 4 4
22 1 24
7 1 38
9 1 21
16 1 23
42 3 13
10 3 34
21 2 8
19 4 40
26 4 18
32 3 29
15 2 36
16 4 2
11 1 25
30 4 13
39 1 2
34 4 20
29 1 37
36 3 7
29 2 5
39 2 12
28 1 39
38 4 3
37 2 13
3 1 16
22 4 5
26 3 33
15 1 3
13 1 39
21 1 37
4 3 21
32 2 35
18 4 40
23 3 36
30 3 16
22 3 37
23 1 15
21 4 10
7 1 31
35 3 18
35 2 28
22 2 13
11 4 31
35 1 29
18 1 2
17 2 30
41 2 23
36 2 17
32 4 6
20 4 10
31 4 35
17 2 20
17 2 36
32 1 30
28 4 19
8 2 7
1 2 27
9 4 32
26 3 18
37 2 14
38 1 30
12 4 26
27 3 21
12 3 3
32 1 33
42 4 18
17 4 29
5 1 27
14 3 9
25 4 34
29 2 39
24 2 1
36 4 9
7 2 40
3 3 32
20 1 7
1 3 24
3 2 24
32 3 40
26 4 16
2 2 2
4 1 11
14 4 32
37 4 29
4 4 17
24 4 6
33 4 14
11 1 26
9 3 34
16 2 24
37 1 30
1 1 31
33 1 25
29 3 25
29 3 14
25 2 11
3 4 19
14 1 17
34 1 36
23 1 38
19 1 40
11 3 39
14 1 29
16 4 9
40 1 16
13 2 19
41 4 40
32 3 20
6 3 18
8 2 26
27 3 10
4 3 40
4 3 31
4 3 15
18 1 24
20 3 10
31 4 27
20 2 31
36 3 1
37 4 30
34 2 30
36 1 31
38 1 19
8 1 7
27 4 20
22 4 25
16 4 6
25 1 11
43 1 37
31 1 2
20 2 25
6 1 8
42 2 24
28 1 22
5 1 26
28 2 33
22 4 24
37 2 22
4 2 29
19 2 20
26 3 7
39 1 31
21 4 15
22 4 1
36 1 8
36 4 30
24 1 28
12 3 12
9 2 28
39 2 2
12 2 4
40 1 8
7 1 22
34 2 22
6 2 36
25 4 24
13 4 1
37 3 6
15 3 32
19 3 4
11 1 6
17 3 2
41 2 40
42 2 13
26 1 6
1 4 4
31 3 11
17 2 30
3 1 3
24 2 14
26 3 31
31 4 26
6 1 31
34 3 4
21 4 5
8 1 37
20 2 17
3 2 36
5 3 6
4 4 9
6 2 12
18 2 30
29 4 3
23 3 13
10 3 23
25 1 34
30 2 10
13 2 15
27 3 24
12 3 11
34 4 4
23 1 32
17 4 12
13 4 19
2 2 22
36 3 37
8 4 19
37 2 18
1 1 24
10 1 37
20 2 31
20 3 3
21 2 37
5 1 24
15 1 35
43 1 23
6 3 1
38 4 23
8 1 8
30 1 22
31 1 26
23 2 32
16 2 19
4 1 39
20 3 13
43 2 36
34 3 38
17 4 8
7 2 11
19 4 33
34 2 22
8 3 17
28 3 10
33 2 20
38 3 2
3 3 20
16 1 11
24 4 38
25 1 32
18 1 28
43 3 11
34 1 15
27 4 15
9 2 2
26 4 27
40 2 32
5 4 34
37 4 7
29 4 1
4 4 25
22 4 16
37 2 28
39 2 36
23 1 6
1 4 17
1 1 10
38 4 2
19 3 24
11 3 34
19 2 31
1 1 6
30 2 1
33 2 19
21 2 29
5 2 16
6 4 28
14 3 17
7 4 31
5 3 8
25 4 25
28 3 28
15 1 26
32 2 29
17 2 28
8 4 16
41 2 40
4 4 6
42 4 17
7 2 16
24 2 10
30 3 12
30 2 38
22 3 36
9 2 2
2 4 10
1 2 24
22 1 19
9 4 36
9 1 29
21 1 15
26 2 36
16 4 1
42 2 26
6 4 33
3 3 37
20 1 12
19 2 28
22 3 38
41 2 27
14 1 37
4 2 5
36 4 20
23 1 15
34 3 3
33 2 23
33 1 29
31 2 36
7 2 26
40 2 23
12 2 22
1 3 16
12 2 36
3 2 8
1 4 9
22 1 22
20 1 20
17 1 14
37 1 40
4 4 20
26 3 27
4 2 24
12 3 12
23 2 26
33 1 4
30 3 20
5 3 5
29 2 11
40 2 1
35 2 15
25 1 26
17 2 16
10 1 4
40 2 17
30 3 33
10 3 1
17 1 26
24 4 20
8 4 11
43 2 1
4 2 15
31 1 25
16 4 25
42 1 31
14 2 1
41 3 27
34 2 40
42 1 24
12 2 2
30 1 15
4 4 8
22 1 19
23 2 26
12 3 30
26 1 24
42 1 25
6 3 36
35 1 40
26 1 20
14 4 36
29 4 21
32 2 6
12 4 3
31 3 2
19 4 7
33 2 15
16 1 7
19 1 26
40 4 34
16 1 5
37 2 19
22 2 4
41 4 16
38 4 7
23 2 2
24 1 38
35 1 9
10 3 27
29 3 36
27 2 6
7 1 35
25 1 12
10 4 28
35 3 15
6 3 11
26 3 39
19 1 33
33 1 12
39 4 8
4 1 38
28 3 1
41 2 24
42 4 8
17 3 38
6 2 30
29 2 23
23 1 30
37 3 21
19 1 12
19 4 38
41 1 11
15 4 13
20 1 40
17 2 34
3 1 36
40 2 19
22 3 8
3 1 11
11 2 6
5 1 2
38 1 1
36 2 39
36 1 28
30 1 18
5 3 29
29 1 8
13 4 35
2 1 9
30 2 19
25 1 22
39 2 3
41 4 29
7 3 6
19 1 7
27 2 36
22 4 32
13 3 1
7 1 16
25 3 32
28 4 17
32 3 9
24 2 22
29 3 5
31 3 24
3 4 33
19 1 39
14 1 29
4 4 7
16 4 23
19 1 30
30 4 5
4 4 22
7 3 27
13 4 26
38 2 16
29 1 14
34 1 20
30 3 15
30 3 9
11 2 11
3 2 28
6 2 8
36 2 22
3 4 31
38 4 7
26 2 18
1 3 15
12 2 39
15 2 38
4 3 21
32 1 10
5 3 25
12 3 27
27 3 21
13 2 36
23 3 34
7 3 3
18 1 28
1 1 1
3 2 4
26 2 5
16 4 9
43 3 38
37 3 5
34 2 15
35 4 32
15 3 31
29 1 32
28 2 25
4 1 10
6 4 14
13 2 19
18 3 16
29 1 1
12 2 18
21 1 4
29 3 31
15 3 11
22 4 16
27 3 20
31 1 10
12 3 4
13 4 4
11 1 29
30 3 23
32 2 1
18 2 19
9 4 18
2 3 6
28 4 1
34 3 17
9 2 29
23 2 5
30 4 19
9 1 35
39 4 19
8 3 37
24 2 27
43 3 29
41 1 8
40 3 34
29 1 1
5 4 31
16 2 37
5 4 14
25 2 29
30 2 26
32 1 10
42 4 27
12 2 2
8 2 34
28 3 28
5 1 30
33 1 37
34 2 21
35 2 1
33 2 1
18 4 12
28 1 15
38 4 13
15 4 8
39 3 29
33 1 5
37 1 19
41 4 35
40 2 36
24 3 40
43 3 32
17 3 2
16 4 36
19 1 23
33 4 1
17 2 5
39 3 31
31 3 34
9 1 32
35 2 35
20 3 14
37 1 17
13 3 20
25 2 34
14 1 12
24 2 9
23 4 5
20 2 37
17 2 20
14 4 15
16 3 2
10 1 14
32 3 36
31 2 7
21 1 21
42 4 25
15 1 2
9 2 26
37 1 29
40 1 1
7 4 6
11 4 35
5 1 34
5 1 38
18 1 27
35 4 26
25 3 35
11 2 31
18 2 36
25 3 15
18 2 38
19 2 22
8 1 38
19 1 8
17 1 3
30 3 31
33 3 25
38 2 10
13 4 35
33 3 29
17 2 9
20 3 36
25 4 22
36 2 20
43 1 3
27 3 13
18 3 37
8 4 4
42 1 14
8 1 18
20 3 20
43 3 40
5 1 13
39 4 7
20 1 13
35 3 14
5 4 36
22 1 7
18 4 12
17 1 39
28 1 21
15 3 17
6 3 30
18 4 7
20 3 18
36 4 11
36 2 36
3 2 37
17 4 33
22 4 36
12 4 33
23 2 28
25 2 30
42 1 31
33 2 32
29 2 24
22 1 26
1 4 6
13 3 8
38 3 28
4 4 4
22 1 3
18 4 5
26 3 23
27 1 1
42 4 38
1 4 11
4 2 26
8 2 36
9 3 12
23 3 11
32 1 22
31 4 20
7 2 24
43 2 11
1 1 5
20 3 27
15 4 6
13 4 20
25 1 25
6 3 14
19 2 21
18 2 16
8 1 8
22 3 28
2 1 11
24 1 34
32 1 35
24 4 31
43 4 3
5 3 3
11 1 8
11 3 4
2 1 15
9 3 13
23 4 35
3 2 4
23 3 30
2 4 36
20 3 16
5 2 4
12 4 19
12 1 29
4 2 36
29 1 18
24 3 13
16 3 21
12 2 32
34 4 33
23 1 38
37 3 3
1 2 4
27 1 32
15 4 14
10 1 17
41 1 6
42 1 24
34 1 28
5 3 19
33 1 29
31 1 14
1 1 6
18 3 33
26 3 34
8 4 3
6 2 40
36 1 16
43 3 21
15 1 12
14 2 14
38 1 31
5 1 1
33 1 9
8 4 3
13 1 14
38 2 11
35 1 4
23 2 19
29 1 6
36 2 17
32 2 2
32 2 36
24 4 37
1 2 29
12 3 3
26 2 5
24 4 15
36 2 29
37 4 5
36 1 7
9 3 33
11 3 6
21 2 11
8 1 32
41 1 36
19 4 5
11 1 14
18 1 14
20 1 31
27 4 4
42 1 13
2 1 19
12 4 34
8 3 30
11 3 16
19 3 10
41 3 29
21 1 11
19 4 33
33 3 11
5 1 9
8 3 5
26 4 14
3 2 18
20 2 1
15 3 27
21 3 11
34 4 3
42 2 29
40 2 21
3 4 15
10 1 23
36 3 36
35 2 11
40 1 17
22 2 34
18 3 2
38 3 40
41 3 34
30 3 16
26 2 31
39 1 30
14 2 4
32 2 35
24 3 11
4 3 33
4 4 38
22 2 37
38 1 22
27 3 21
31 2 22
18 1 16
29 2 17
7 3 3
22 2 26
19 4 10
39 4 2
15 4 25
5 1 11
10 2 2
13 4 25
41 2 32
36 3 29
32 3 32
3 1 34
31 1 9
35 4 12
37 1 28
24 4 18
8 1 13
33 4 14
14 2 5
20 3 24
36 1 8
18 3 14
32 3 28
14 1 40
12 1 40
25 1 1
9 4 11
42 4 13
4 1 30
37 1 33
32 2 15
10 1 13
27 3 4
13 2 7
40 1 28
35 4 12
35 2 33
10 2 11
41 3 4
8 4 36
43 4 8
6 4 27
6 3 8
40 3 26
31 4 12
41 2 22
32 2 36
20 3 8
25 1 13
8 1 38
25 1 40
20 1 24
31 2 34
27 4 11
26 3 39
17 3 35
1 3 7
18 2 29
11 1 10
22 4 3
27 2 36
24 4 5
13 4 10
42 3 40
22 4 17
33 4 5
20 4 22
26 3 13
38 4 18
2 1 33
35 1 40
12 4 2
26 3 15
28 2 40
42 2 11
33 3 8
4 1 13
25 4 8
26 4 36
6 4 3
19 2 28
5 1 35
18 2 31
7 3 33
13 4 9
34 3 26
14 2 19
33 2 40
29 4 16
26 1 17
42 4 17
24 3 21
7 1 30
27 3 22
12 4 15
6 3 36
41 4 27
1 3 18
24 4 31
43 4 14
15 1 3
8 2 31
39 1 11
16 1 33
43 1 13
22 3 11
17 2 28
33 2 14
3 2 7
14 3 19
9 2 2
13 4 20
25 1 25
17 3 17
22 1 19
13 1 28
13 3 28
31 4 6
41 1 31
6 1 8
1 1 3
27 4 11
19 4 6
26 4 13
10 4 22
41 4 19
42 4 25
40 4 40
36 2 7
13 1 5
24 2 33
13 2 11
5 3 21
7 2 35
7 2 14
39 2 32
30 3 19
36 4 20
21 2 22
30 1 18
8 1 30
5 3 32
18 2 32
17 2 32
37 3 8
26 1 9
19 4 29
6 4 6
34 1 12
24 1 30
13 4 24
19 3 32
42 2 16
32 1 4
33 4 31
20 1 27
30 4 5
26 3 32
34 3 27
28 1 3
21 4 20
37 4 13
40 2 37
38 2 32
43 4 36
4 2 13
11 2 4
34 2 16
9 4 18
42 2 40
22 3 28
43 4 40
12 4 1
22 2 36
4 2 10
42 1 25
1 4 3
8 4 28
8 4 15
1 4 29
13 4 1
38 4 23
43 4 11
31 1 30
19 4 2
30 3 14
26 3 17
20 4 5
29 2 37
14 1 10
5 4 29
9 2 12
26 4 4
7 3 7
37 1 34
36 2 31
30 3 38
30 3 28
36 4 16
12 3 35
8 3 32
21 2 30
31 1 24
42 2 26
23 4 16
15 1 13
16 1 36
9 4 28
37 1 14
32 2 37
38 3 2
13 2 11
34 4 8
27 4 37
31 4 29
14 4 33
22 4 9
24 1 20
43 4 27
36 4 29
28 1 29
6 1 37
38 4 14
34 1 9
24 2 19
14 1 24
7 4 28
42 4 36
4 3 19
22 2 4
34 3 5
14 1 36
23 3 4
2 3 23
9 3 12
18 3 14
31 1 16
14 1 8
43 1 27
32 4 32
18 2 29
26 2 18
35 4 16
14 3 21
5 4 5
23 2 21
33 2 15
6 3 9
40 1 31
38 3 21
17 1 30
13 4 8
2 1 9
13 1 7
39 3 24
29 2 29
34 4 16
36 2 18
16 3 9
3 2 21
28 1 9
16 3 21
41 1 13
43 2 7
5 4 12
30 3 2
5 1 21
10 4 33
33 3 16
12 2 6
7 2 5
28 1 3
31 1 36
30 4 29
26 1 11
38 4 9
27 3 2
30 1 5
33 4 22
16 2 14
25 4 25
6 1 31
42 4 34
3 2 26
35 3 3
18 4 27
41 4 17
27 2 19
27 3 16
24 3 33
6 4 2
10 4 33
13 1 40
6 1 24
43 4 30
11 2 13
20 3 13
17 1 14
1 1 12
29 2 11
28 3 35
11 4 19
17 3 38
38 1 15
25 2 7
22 2 16
33 3 14
28 2 15
2 3 13
22 1 5
30 3 39
11 4 35
25 2 23
9 1 40
8 1 28
40 4 15
21 1 3
41 1 31
27 1 9
5 3 20
6 4 22
33 1 28
31 2 20
33 1 10
16 3 34
29 4 15
25 2 15
42 3 4
32 2 32
34 3 16
30 1 24
20 1 10
19 3 26
9 4 28
33 2 31
29 3 2
29 3 16
25 2 12
16 2 32
7 3 29
26 1 32
27 4 33
10 4 28
13 4 39
14 3 9
19 2 28
23 4 18
28 1 33
8 3 32
34 3 2
35 1 33
8 2 39
18 1 20
