67 23 1394 5433
3293 4661 2995 462 1380 2970 2460 3060 3330 1690 1873 1310 2757 4266 4560 1848 2483 4051 4877 1271 3141 2787 3514 
4728 2902 4378 2586 2101 1710 1436 114 3598 4427 245 314 3914 1347 85 4102 2826 3866 1230 162 4662 1467 3652 
3588 4178 1805 1992 382 3780 1445 266 1557 3797 1367 3312 1656 1572 4588 1881 1886 3236 4148 2566 1330 1882 3958 
800 4899 3490 4858 3712 1941 2272 1244 629 249 1178 2171 112 2849 1306 3231 2083 11 2366 368 2338 3744 4713 
517 1697 4204 2134 2093 3007 1094 3671 2887 3923 2887 1732 3595 2259 3864 2546 1225 4207 2609 4075 106 3081 3006 
3162 1444 4797 2485 3065 471 4521 1915 906 2742 3709 3240 3051 2350 2458 691 179 4440 1441 1451 3061 3045 3917 
4654 4045 4342 2652 863 4168 4623 3352 1404 2759 1821 1004 364 1568 2642 2830 3827 1751 437 351 2755 2586 2898 
2483 2880 3515 1229 4137 1438 348 4047 1524 3506 1120 3542 4104 1409 665 2781 2345 4675 3144 2068 656 4743 30 
1052 1619 1342 3212 4334 209 4685 23 970 2603 4059 4556 957 4725 4300 2578 3635 703 4606 563 3536 29 3349 
345 4861 3437 3408 4567 1665 4622 1178 2158 1608 133 155 2883 492 1868 953 2504 4545 3711 2156 319 2539 1020 
1768 1127 4382 3976 3277 296 4574 3383 711 3738 2564 1294 249 3063 3099 3958 3670 4604 2514 1735 1660 3787 3278 
3307 808 2029 955 2906 847 2964 2844 724 1043 973 468 1013 2752 3574 2145 4715 606 2343 1944 1816 35 72 
4513 17 2073 4274 553 4766 731 4695 1779 2699 587 2676 235 4257 290 1019 4661 2942 2212 4116 4179 4196 2771 
118 2594 2983 3394 1557 3653 4110 1143 3475 3390 1268 3823 1977 3493 4425 4329 1467 540 449 3703 51 1277 1388 
3801 232 1393 523 1398 4038 127 2115 4105 2372 778 3304 3693 735 4023 3294 2771 454 1457 1756 3393 2389 4524 
771 2342 4326 2723 2453 2656 1159 3324 489 1236 1945 2174 3226 23 981 3591 2483 4498 4585 3036 1221 2397 3882 
2262 4319 3638 187 1015 4874 1979 544 2011 3056 3343 2452 4293 78 1473 1403 3986 459 2609 2296 4310 3307 606 
3749 2493 2781 743 1919 2388 2505 329 2156 3988 2718 1914 4253 2492 4269 3902 3848 881 983 2969 3296 4129 375 
169 2006 3374 3659 4337 2445 1246 1133 3779 3340 3492 1325 1780 981 3958 71 2919 1706 1475 879 1276 2780 3224 
268 4443 1427 528 882 2539 4533 663 3611 35 4158 4567 3405 798 424 1562 2629 1634 1697 902 4662 3812 2180 
2623 1125 1597 3732 4130 1048 3482 1200 2362 2830 3394 3289 3547 4317 4382 1528 4437 1627 350 4392 603 2077 2030 
3814 184 3234 1687 2489 739 1883 958 2908 1088 1639 527 474 1597 4449 2174 4143 2097 1424 246 2313 1194 2618 
3499 926 2891 1922 1221 978 1890 1058 3639 4446 4734 2497 3078 3114 1892 3871 2024 1947 4680 1243 447 1813 1584 
1838 2410 546 318 4732 391 1173 4166 2037 48 1181 4773 3961 2741 1548 1146 1693 2047 3325 4290 289 3383 2628 
3018 464 4397 205 2678 4647 3354 4317 310 4473 2215 3895 4094 3175 2953 1273 1108 1126 3251 3692 2478 1213 483 
2541 3264 2578 1153 2483 3083 4045 1766 1101 861 2154 3468 2668 4757 4690 3698 694 3189 2816 4759 588 272 1268 
4547 2717 1650 3643 2232 678 4205 4003 1806 4182 2500 2973 622 2954 1512 2928 3338 193 4499 4601 3282 1985 262 
906 407 280 2625 4855 2360 2419 813 2194 4261 597 2262 3285 1773 3470 3645 4801 4196 2171 89 2533 108 3974 
2887 2017 260 59 1816 3376 3907 2474 2008 4625 343 1748 1142 2157 915 2298 1144 3408 56 2114 2338 3941 501 
3433 4792 3526 4230 214 3482 2277 4688 3409 1798 3827 3058 2379 693 132 4731 1257 3103 1193 3368 1346 1434 838 
1448 4685 3438 3266 1105 816 1902 1975 4597 2706 3880 4686 2859 4163 2312 1871 2130 4304 3104 842 4564 4813 2831 
195 4084 11 3596 1617 3351 2353 2544 4766 2494 3354 1921 3975 2146 1066 545 4028 3529 2079 1942 1031 2127 2698 
4381 3040 185 3060 2951 3586 3890 1576 3297 1579 87 3256 4051 2336 193 1268 2164 4883 3698 4482 3697 1073 3163 
4535 2478 1953 913 4779 3897 2538 3102 3114 4277 4405 1399 3332 417 1310 2220 4845 1095 4838 2524 3162 344 119 
3272 4618 161 4055 846 1962 1807 3528 892 2814 3219 2866 2496 1896 4162 2923 142 4653 2210 2445 3660 1762 578 
2308 4726 3688 1157 4523 1833 4775 4191 3286 1823 2896 3330 3946 1715 2942 3409 1168 1154 660 1997 1631 467 3127 
2885 1270 884 2448 4480 3485 1957 4321 4097 1956 4116 2617 2869 1484 3037 3482 1190 50 236 4516 1972 2919 3954 
689 378 1934 3011 1261 689 3561 3093 141 3810 393 3353 2494 661 2606 1175 4691 2947 978 4601 2568 4513 1683 
2084 2886 3202 1596 682 2405 1590 57 3589 2575 4843 1756 3746 2525 3975 4254 1873 4680 3561 1518 3701 3549 821 
2982 709 3063 1847 434 2989 2703 4038 1540 2623 4520 3941 3069 1661 607 1924 416 4744 491 2634 4653 171 4402 
1123 42 3627 4574 1752 192 272 4753 456 2144 4804 1664 1737 2837 402 3442 1056 3898 4599 3673 4405 4602 2681 
2922 1694 1897 1203 1288 1069 4867 956 2720 2894 4578 106 4286 2526 3018 3787 4682 558 3962 4724 1509 4062 4693 
524 914 63 918 3874 1151 322 4156 353 2767 4585 2946 3281 4537 4453 4510 990 3855 1278 2937 2522 2986 2613 
1512 4655 1615 4402 2463 1339 374 1594 65 4167 2240 181 2298 2877 1558 220 1398 421 3658 1942 1678 2232 1120 
611 3042 1055 1421 3950 50 3813 3238 218 1086 315 4831 860 1164 4443 1798 4776 63 163 2831 834 1014 2874 
3003 633 2790 1609 1721 799 1126 4476 2443 2542 2676 4241 3186 1355 1755 922 1329 229 2260 4196 3038 2843 4234 
3894 812 683 4558 1589 4122 3738 3989 2365 2732 1717 3416 297 3730 4131 1018 3350 2270 3099 303 3771 415 3611 
1983 3612 3304 1059 2693 2005 2616 3660 3981 779 284 1421 4525 4804 3126 1425 287 1607 3985 4503 4326 1322 2264 
2133 572 1089 3494 4392 245 1458 2136 250 559 396 3042 2302 442 2338 3390 3213 3866 606 4000 640 303 3622 
2808 1288 4028 3461 4480 4469 1704 601 1095 3917 2522 2628 2020 4323 3736 2889 2032 4467 2637 4098 751 3819 3347 
322 129 1108 3537 2821 1163 4778 1492 4705 4097 1848 535 760 815 1039 1772 3283 2595 1839 3672 831 1278 3933 
4516 4031 454 610 4650 638 3083 1151 438 1273 4869 792 4691 1343 1117 1827 3560 81 4005 4555 1500 4113 3909 
3406 2603 3924 1274 757 1361 2142 3467 1288 368 3560 3169 684 1096 1942 4881 1757 3169 1485 1860 222 3463 1036 
702 4827 4889 4588 4791 2302 3377 2321 1749 3281 1672 2185 3040 4400 1170 4468 2010 1282 964 1719 1721 4085 2339 
2074 1550 3270 4578 4543 1738 3353 3636 1097 1827 3482 537 1444 4733 3477 899 2427 1779 2767 4625 160 1583 2973 
1345 775 4651 2165 2646 398 4023 2658 4645 3199 2651 2385 3369 4562 3824 3448 1678 4174 870 304 1730 1740 4836 
3329 1826 2386 1007 4257 978 925 86 1184 2941 3523 3862 2900 3625 4444 2478 1679 631 3563 2618 73 4724 47 
3746 1922 2405 2200 3808 3878 2673 2260 2059 663 3704 4166 1431 1556 4734 3410 4759 3397 1606 1717 2383 1943 812 
4588 2115 2865 750 1407 1706 3114 2731 4082 2289 3903 1566 2669 3362 3754 2494 3321 3368 1066 1270 3564 2203 1633 
3132 3406 4903 4903 169 2482 789 2146 2569 803 958 3305 2097 99 3659 2356 3247 1841 764 326 3956 2217 1478 
469 3907 3348 1818 1744 4858 857 2809 3491 4620 683 3190 4028 2875 372 972 2186 3486 2385 1019 518 2535 4693 
4804 1208 3881 2431 2508 239 3553 644 3627 2482 3305 4461 2856 2100 1252 2874 2574 2769 4744 2445 3077 758 1025 
1792 1060 3925 4483 4762 910 3639 1357 115 3975 1244 4603 3745 907 649 4079 1453 4527 4747 1668 4601 2847 824 
3946 1791 1396 2461 2280 3501 2341 1486 3959 1658 1353 1382 4738 1821 4391 1720 1161 4074 3849 3742 4875 2659 2942 
1686 1587 3813 4500 2806 2012 667 3134 4019 1743 4154 1705 370 1868 1969 2536 497 2647 470 1686 346 4643 4367 
729 1871 1158 3590 3725 2645 2014 1540 63 3385 2574 656 2541 3198 3144 2690 811 238 1671 2327 1840 2276 3195 
1500 83 1862 3120 3015 18 4899 174 1005 197 13 1503 561 3313 3248 571 1284 3989 3711 4116 2486 427 812 
60 1 3
7 20 9
6 9 10
1 14 28
31 16 17
4 13 29
29 8 33
62 13 24
45 3 4
36 20 30
42 7 18
46 8 8
17 6 18
29 9 35
5 6 36
26 12 6
40 3 31
14 17 24
60 11 30
10 9 24
16 16 8
28 6 19
7 4 39
56 21 9
24 6 2
16 16 4
38 1 6
3 20 21
46 17 1
49 14 26
60 6 22
3 7 4
3 1 15
33 21 26
34 7 33
61 10 6
54 15 28
44 6 10
36 14 7
8 19 35
23 9 25
25 1 31
65 11 34
59 17 11
30 19 3
12 6 37
48 13 31
18 21 28
17 16 25
36 4 13
18 10 27
33 19 5
25 14 31
6 12 40
1 15 3
23 19 8
14 5 30
18 10 23
47 3 30
21 1 18
30 5 36
37 14 20
24 21 17
27 20 19
22 2 29
54 11 1
62 5 23
12 9 6
44 5 28
23 11 19
45 8 7
57 20 12
5 15 39
16 12 16
19 10 10
44 14 13
22 9 28
14 14 39
8 20 32
47 2 20
12 4 30
24 15 25
58 11 29
48 4 22
57 9 34
33 7 15
61 14 33
60 15 12
3 4 6
53 19 10
20 17 20
25 1 33
53 18 24
1 5 15
37 13 13
55 21 14
50 1 34
41 7 23
3 16 3
52 4 19
9 21 11
24 11 12
61 17 4
40 9 32
37 14 30
35 2 1
48 18 16
35 12 36
51 19 22
44 3 19
23 4 9
36 17 14
14 9 9
61 11 38
50 13 34
14 6 40
28 18 19
6 9 25
18 19 18
2 11 17
46 19 21
27 8 32
31 20 22
18 8 24
22 18 3
50 2 31
1 19 19
38 13 33
27 1 27
5 19 13
37 17 6
39 10 18
13 16 16
3 6 38
6 20 12
2 12 10
26 1 28
7 10 3
54 1 21
65 9 9
22 17 38
2 5 32
49 9 9
55 12 40
32 9 1
31 19 27
44 21 21
54 15 33
19 21 10
57 20 29
3 3 1
16 15 15
31 14 26
31 7 18
14 11 8
25 16 3
7 9 22
28 7 13
7 13 2
34 5 30
38 8 10
40 2 12
28 15 4
49 5 12
40 11 26
63 2 12
62 15 10
47 17 14
49 14 5
7 2 8
61 14 10
16 21 19
34 19 11
26 20 30
50 17 18
45 3 40
47 12 5
60 2 17
32 19 7
47 9 40
12 1 30
59 14 3
17 2 21
58 19 31
55 8 25
8 17 18
3 1 35
11 2 12
18 11 22
64 11 15
7 20 37
57 6 38
64 15 1
62 17 6
1 5 4
37 21 31
57 13 20
33 2 14
65 6 36
3 3 30
10 13 31
61 10 38
14 10 25
1 2 25
36 10 39
4 7 3
3 4 33
3 19 1
38 14 33
3 9 31
33 10 28
13 15 1
33 18 40
52 2 2
50 20 15
11 14 19
29 20 25
24 18 32
65 17 12
11 12 4
55 8 40
30 5 23
30 21 17
29 21 22
25 8 11
16 9 32
46 14 1
45 12 40
41 2 3
33 7 5
8 10 1
20 8 26
42 18 33
38 15 21
46 11 13
48 15 12
12 19 33
17 16 14
62 11 29
1 9 12
23 12 13
50 8 2
10 19 17
3 14 32
49 4 24
41 7 40
5 21 39
19 10 4
20 21 3
33 11 6
61 20 33
23 1 39
39 4 29
56 9 38
19 10 28
47 14 25
23 5 33
38 1 20
48 1 14
24 21 31
11 13 13
22 14 24
52 20 5
2 21 10
9 15 6
5 14 33
44 9 12
2 7 2
55 8 23
19 17 2
6 20 8
14 1 17
58 21 22
48 3 19
62 18 4
57 9 40
16 19 22
5 5 16
43 18 25
4 2 30
23 8 8
50 14 3
64 21 6
40 10 24
29 20 1
21 10 1
14 14 5
40 16 39
19 8 2
43 21 4
13 15 18
6 11 33
22 4 1
3 12 2
26 18 13
47 20 34
64 1 34
17 2 34
20 2 22
18 18 31
2 20 27
49 1 38
22 19 23
34 2 10
47 12 12
13 12 23
44 7 11
64 8 22
6 17 34
48 8 7
29 5 27
39 3 6
5 15 18
11 15 13
20 15 12
36 19 13
58 10 33
35 1 16
22 20 40
13 19 13
47 9 39
49 20 20
26 21 1
26 5 17
34 8 21
61 9 22
48 12 30
41 21 37
55 8 1
58 19 7
32 12 4
34 11 16
62 15 16
7 11 25
55 9 13
63 19 8
34 20 21
2 19 34
51 4 1
15 12 17
22 19 1
51 7 19
26 19 33
24 18 37
39 8 22
45 15 29
6 18 27
33 10 37
53 21 22
30 17 16
34 1 17
50 7 27
57 18 36
60 20 15
24 12 35
2 11 19
3 20 9
17 14 29
65 19 37
62 19 25
53 9 34
51 4 32
64 21 14
49 1 37
25 6 5
34 1 16
38 20 3
62 10 28
49 13 40
4 6 19
7 17 24
19 15 24
28 4 39
50 3 19
42 19 36
24 5 4
53 6 27
44 13 2
51 13 21
56 17 33
29 13 35
15 15 4
63 19 24
13 10 33
30 16 39
30 15 13
47 10 33
14 21 17
45 5 32
11 20 35
48 7 25
12 10 15
47 16 29
29 20 10
53 2 24
9 1 22
54 14 34
58 20 14
59 20 38
45 2 39
40 10 1
48 2 27
50 2 29
9 1 17
62 7 7
52 7 25
36 17 25
46 5 1
60 14 28
29 1 4
38 21 27
36 12 17
42 4 6
19 21 18
62 16 10
30 16 15
43 13 9
39 11 38
44 16 1
22 18 32
36 9 14
2 7 9
20 13 33
46 19 33
53 16 40
51 5 33
55 20 34
53 19 6
61 4 3
5 3 30
31 9 6
58 10 38
10 19 27
55 15 35
27 8 33
47 13 1
35 13 37
55 13 2
18 21 32
22 9 10
10 2 40
15 15 13
16 14 13
59 8 21
31 11 20
56 5 36
52 6 11
31 19 29
33 11 31
32 16 19
24 6 14
46 21 33
5 9 34
56 7 15
21 13 40
50 17 3
36 19 23
6 19 9
42 9 34
51 15 40
3 16 32
38 6 24
29 20 31
45 17 26
46 1 39
43 16 21
38 7 26
65 18 6
3 11 4
26 12 5
28 16 26
1 15 38
47 2 11
18 2 14
63 14 12
38 15 12
54 16 37
41 15 40
19 6 31
10 2 21
22 13 13
26 7 18
26 16 7
44 17 12
29 12 39
5 9 10
42 9 23
31 15 1
48 6 38
28 21 12
43 16 14
64 6 28
12 8 35
15 3 19
51 13 37
56 9 18
39 10 26
18 20 31
26 1 9
7 9 7
6 3 38
20 15 17
7 7 23
40 10 19
5 9 29
18 2 3
48 2 17
62 10 14
37 20 29
40 3 14
3 4 5
47 15 7
44 16 29
7 19 30
45 1 15
4 2 30
6 2 4
30 11 39
25 13 32
21 13 4
54 2 25
1 15 8
35 12 27
52 19 16
5 19 22
21 15 26
1 13 39
16 13 1
2 17 33
11 2 31
37 12 33
56 1 15
42 20 8
57 20 40
65 15 34
37 16 1
26 2 19
61 5 29
52 4 9
37 9 40
48 21 10
27 5 38
28 8 23
21 5 33
11 8 8
46 14 36
32 15 21
41 3 31
36 7 17
30 5 9
14 20 25
43 3 6
40 20 19
5 20 25
48 15 21
43 18 10
43 21 10
54 14 16
2 15 6
28 5 10
15 17 9
65 9 1
30 10 17
31 20 17
4 20 20
18 17 24
62 19 37
44 1 36
19 10 5
1 17 13
22 5 34
62 2 37
1 15 33
37 3 24
30 6 34
48 6 13
65 14 12
33 21 17
45 19 14
65 6 31
34 12 25
40 13 30
3 20 2
46 7 27
2 16 26
55 5 16
31 21 40
64 7 6
41 9 26
2 1 28
23 9 17
46 9 15
59 14 17
49 18 34
42 19 8
35 7 5
15 21 37
8 11 16
41 7 31
7 16 24
49 12 33
18 16 19
36 12 6
45 16 38
38 3 33
17 12 23
13 20 5
36 20 32
22 20 21
15 19 32
26 5 21
50 6 34
11 16 19
21 21 10
53 8 25
40 16 4
16 10 20
53 19 12
49 7 36
20 20 25
24 13 1
17 9 38
27 14 19
17 17 26
58 11 20
2 3 21
31 11 21
12 4 22
1 7 40
20 18 1
32 11 18
37 13 21
31 13 10
5 4 7
57 17 10
43 1 4
4 9 10
16 9 28
10 14 8
27 12 1
9 7 39
33 1 11
50 4 23
51 11 31
51 4 39
51 4 7
36 3 7
55 6 28
3 14 36
18 16 7
51 2 10
46 17 3
4 5 29
64 19 5
19 17 3
39 6 39
5 6 33
43 10 6
8 6 38
43 4 8
1 8 26
12 12 20
2 5 2
61 16 27
17 20 4
55 12 4
29 6 3
36 4 1
53 9 12
1 18 18
12 7 39
41 10 19
15 17 14
37 15 9
64 14 8
53 19 25
32 4 16
20 1 13
51 6 34
54 19 10
27 11 32
5 6 5
39 15 4
32 12 9
6 8 2
5 15 6
38 13 29
17 2 35
35 13 8
32 3 10
43 17 26
61 3 22
28 18 30
57 18 35
10 10 33
59 8 30
48 4 30
5 4 40
59 17 13
46 2 20
25 21 15
15 1 21
27 5 8
60 2 14
39 2 5
10 11 27
41 17 26
22 10 10
25 13 40
49 17 4
3 7 15
51 4 18
28 1 38
42 6 7
59 13 24
2 4 35
44 16 11
26 20 16
37 17 13
48 2 32
65 6 7
33 12 10
36 9 36
51 9 32
24 1 23
61 3 27
65 20 23
3 10 17
29 9 4
30 9 15
22 13 25
9 6 11
24 6 8
27 17 22
39 2 11
39 9 37
57 6 1
52 13 38
16 21 20
43 19 11
57 3 26
19 7 18
51 21 21
60 8 5
21 12 38
16 7 4
15 6 10
65 3 32
48 4 40
37 12 27
37 11 16
43 2 22
33 14 24
8 15 17
24 8 4
59 17 40
9 8 31
8 5 1
56 20 12
1 20 39
58 20 31
15 17 20
33 15 39
49 10 6
22 10 15
52 3 40
38 7 24
50 13 8
13 9 31
15 21 31
7 2 29
19 9 6
12 19 31
23 2 34
28 18 38
51 8 4
55 12 22
34 19 15
17 13 18
48 2 36
4 7 25
4 10 10
43 9 13
18 14 2
18 8 21
53 6 39
39 3 31
32 7 7
8 5 19
40 8 23
25 4 1
8 19 38
14 19 19
56 1 19
30 7 15
65 18 15
8 10 34
40 20 19
9 12 38
61 17 33
14 9 1
6 3 18
19 3 29
33 4 25
17 13 30
59 14 25
46 10 4
54 9 38
58 7 5
15 10 26
32 11 13
61 6 33
43 15 10
28 5 6
34 15 37
6 6 13
61 14 10
58 18 19
64 4 37
56 17 36
37 2 24
19 1 6
1 19 39
2 4 11
52 16 30
59 7 31
7 11 32
33 2 5
22 4 3
28 8 5
59 9 7
56 4 40
24 6 23
60 2 19
64 2 40
12 4 13
50 11 12
62 7 16
17 16 24
27 9 14
21 11 20
20 2 8
6 16 27
33 18 22
29 20 27
61 11 34
41 10 13
54 8 31
60 7 28
42 12 18
53 21 25
33 4 5
59 15 24
27 14 9
51 12 39
48 7 26
17 5 28
15 19 38
24 8 13
19 9 15
8 20 3
56 20 16
50 10 7
37 13 5
30 6 32
20 6 6
4 17 30
61 11 29
32 1 8
12 2 40
31 11 27
54 8 12
6 10 38
4 19 31
64 5 16
51 17 14
3 9 29
17 10 40
42 12 40
42 19 22
6 9 37
39 12 10
48 19 40
15 10 3
8 18 7
28 10 36
13 8 5
60 6 36
48 2 13
18 16 20
22 2 19
57 20 1
12 20 34
31 6 2
20 13 3
44 18 5
28 20 18
25 3 26
56 9 36
30 17 7
52 9 17
6 14 15
35 9 36
45 1 40
40 20 19
52 3 25
20 1 38
60 9 1
3 15 32
43 8 28
2 3 3
36 2 17
48 1 2
10 11 10
36 21 5
47 10 25
33 18 20
7 4 3
33 7 21
24 4 39
20 3 31
54 2 2
50 9 3
60 7 6
1 6 6
65 21 10
41 10 27
64 18 23
28 16 22
35 15 12
17 19 16
3 10 18
39 10 10
5 3 39
55 17 11
41 16 25
22 2 13
32 12 37
59 9 6
36 7 15
16 18 28
13 18 27
65 2 38
6 10 29
43 8 14
28 5 4
35 6 23
12 10 32
35 21 25
60 3 34
9 7 23
47 8 35
48 19 3
55 2 35
57 14 38
65 9 26
29 20 13
46 13 8
22 5 6
17 11 25
5 6 26
22 9 3
65 17 21
38 8 9
21 4 31
5 10 8
35 6 18
7 18 22
40 13 32
55 9 9
22 7 8
43 1 33
26 11 26
18 18 39
42 7 3
18 2 22
43 18 19
17 18 19
50 1 37
23 8 20
12 12 38
41 7 8
26 15 14
34 16 40
32 10 4
40 21 23
19 7 11
38 11 3
23 9 23
8 4 30
56 14 40
23 7 17
63 17 10
50 6 12
12 7 34
31 3 5
17 14 29
9 8 11
23 3 10
36 18 34
52 9 11
38 16 14
57 16 2
53 10 21
4 11 27
33 6 30
22 9 3
52 19 10
11 19 7
41 19 36
57 16 23
48 16 21
16 13 9
10 7 32
31 20 4
31 10 27
60 15 20
8 14 36
21 14 35
26 14 25
48 1 14
60 14 16
61 10 12
28 16 29
37 16 19
43 8 29
10 12 39
10 5 30
10 3 17
36 14 8
47 5 16
50 9 33
39 4 18
59 16 15
62 21 33
33 4 17
47 11 2
45 13 16
26 12 1
33 16 9
8 9 3
11 1 34
59 14 39
3 17 36
6 13 24
43 14 12
40 14 11
56 5 39
50 5 15
49 13 4
28 19 37
59 7 24
62 2 40
10 18 22
27 11 1
40 9 33
12 15 9
28 7 27
34 5 37
36 21 5
1 20 39
1 11 3
6 3 24
34 18 1
47 7 35
20 9 40
51 5 30
54 7 29
12 3 8
13 1 37
63 12 1
65 2 35
16 5 31
2 13 8
37 7 35
58 11 12
41 13 4
65 9 25
40 13 25
27 4 30
57 14 30
8 12 11
64 4 37
6 20 36
10 15 31
37 11 37
19 21 34
50 17 21
14 12 6
65 5 27
29 6 24
65 5 13
13 11 34
9 4 25
34 7 29
30 17 19
43 6 30
39 16 7
11 10 4
29 8 29
16 1 29
26 12 19
12 9 2
41 10 32
23 19 6
62 17 31
43 12 38
57 7 38
33 10 2
15 16 31
34 9 21
15 7 37
11 15 18
19 15 4
19 8 31
33 7 34
13 13 40
27 17 12
62 21 3
35 1 25
53 19 11
2 19 5
16 21 19
23 16 15
47 17 23
10 19 1
36 19 13
13 7 37
54 1 37
9 10 30
43 13 21
43 11 25
32 14 30
38 10 10
38 18 1
48 19 15
4 15 40
42 18 12
46 16 27
43 16 19
32 14 7
35 6 23
40 2 29
4 17 4
59 19 18
4 19 28
50 12 9
38 20 15
34 6 15
19 13 22
47 8 34
49 5 19
39 14 26
22 2 12
11 9 21
17 4 17
54 5 31
63 3 33
14 7 20
50 17 27
63 14 9
25 2 29
62 18 23
56 1 34
35 15 14
62 3 21
48 4 6
62 12 17
47 1 36
17 10 19
61 2 18
35 15 13
17 15 21
20 2 38
37 2 2
52 5 11
11 10 3
47 6 37
33 4 23
7 8 9
31 4 36
19 16 31
42 12 20
56 9 34
43 2 12
44 5 28
28 13 25
54 6 3
53 10 13
21 19 16
31 12 30
8 11 20
41 10 38
42 1 17
32 5 19
13 1 14
24 8 22
59 21 4
10 12 16
3 21 7
37 15 7
20 17 15
28 9 35
11 8 9
18 12 39
34 11 10
64 10 32
16 21 38
33 7 29
56 3 30
65 2 22
4 3 23
52 18 23
34 19 32
32 21 17
57 17 3
64 20 21
40 7 16
40 18 34
30 5 3
10 10 38
22 8 12
48 8 14
9 7 29
11 4 24
7 1 4
18 12 11
32 9 22
60 10 8
41 15 31
27 8 19
50 1 25
9 4 16
49 4 3
39 1 20
28 2 36
3 16 31
25 15 1
4 7 36
9 10 16
4 11 31
37 20 39
6 6 20
40 1 37
27 21 28
47 17 37
2 11 35
23 21 14
54 14 11
49 1 37
8 6 11
58 8 8
47 5 37
14 1 8
47 19 34
45 15 27
49 6 38
5 21 34
4 10 39
22 21 1
5 21 17
58 16 13
43 15 30
4 13 34
61 21 34
16 15 20
52 18 18
51 19 8
33 2 19
7 18 30
35 12 26
20 13 10
41 17 32
51 12 7
18 8 31
28 4 4
26 11 14
10 4 35
40 6 8
47 11 16
43 6 35
17 1 7
1 10 40
41 21 15
29 6 3
16 13 33
36 11 31
2 14 19
48 21 16
37 15 19
47 17 8
40 5 36
46 17 2
3 20 19
7 8 28
34 8 38
23 13 15
53 9 26
22 1 31
44 13 10
51 6 38
6 9 8
1 16 22
19 15 11
18 9 33
64 4 33
12 20 18
14 18 26
19 1 36
56 9 39
57 14 15
59 2 13
6 7 40
30 18 30
8 21 11
31 12 5
8 14 40
3 12 10
5 18 28
25 9 32
20 19 14
64 4 2
54 7 37
1 12 12
7 17 23
25 15 14
4 5 16
2 12 32
55 10 24
40 6 34
40 7 26
15 6 4
5 4 36
19 12 29
18 11 22
4 13 15
1 7 3
3 11 33
20 6 7
30 3 15
36 9 5
3 14 31
52 13 21
3 5 28
17 15 39
58 8 17
18 19 5
27 3 6
30 1 23
2 18 19
33 5 17
60 1 6
18 11 2
12 4 10
36 8 22
6 15 37
41 18 4
43 21 40
1 3 15
52 12 20
20 6 3
6 3 17
36 7 1
19 8 14
60 2 16
51 3 36
5 15 11
62 14 1
49 8 34
25 15 7
1 7 17
32 21 6
23 14 11
45 4 23
64 21 3
42 21 39
18 11 3
28 8 33
59 5 37
44 1 10
25 8 31
11 14 7
10 3 25
51 4 11
15 12 27
50 16 12
48 2 6
20 14 5
34 13 24
59 2 11
4 21 28
31 20 31
52 11 40
14 20 26
20 9 19
38 19 11
40 3 28
43 13 20
9 9 33
1 17 25
37 1 30
23 16 34
50 2 32
51 19 4
39 19 22
41 1 21
12 14 34
56 11 2
8 8 13
53 14 22
57 20 19
8 13 18
46 8 21
61 16 32
41 4 19
32 12 32
56 16 20
35 6 2
24 19 5
32 7 2
8 5 26
30 2 37
36 9 10
37 15 25
29 5 1
9 6 30
10 6 14
16 5 2
56 7 21
9 7 26
18 16 19
30 17 20
13 6 37
61 18 4
43 21 33
31 2 32
11 3 30
36 18 32
5 3 18
2 15 5
39 9 22
20 18 16
29 12 8
53 10 19
55 11 2
41 17 29
9 21 31
41 4 7
40 15 22
20 13 8
5 19 33
35 2 6
16 2 5
19 18 37
64 3 15
16 20 20
38 1 14
63 4 16
47 12 1
31 8 11
53 10 10
57 4 7
62 1 1
26 18 33
47 9 34
37 15 32
8 12 30
8 12 37
27 9 13
37 21 4
17 4 5
37 14 34
42 14 16
44 1 31
45 2 25
56 1 11
61 6 14
48 1 35
2 15 2
43 3 35
30 4 9
61 11 38
5 18 28
14 16 34
49 10 7
33 12 4
11 20 25
9 4 15
10 11 2
60 2 11
26 19 25
37 12 31
13 12 26
46 5 14
60 7 40
60 8 39
36 17 9
20 21 5
61 11 33
51 2 6
63 5 13
51 17 13
39 2 21
61 15 28
61 1 39
24 7 23
65 21 6
35 18 40
11 11 37
51 5 23
47 12 11
3 9 32
5 13 19
36 12 31
19 6 24
26 21 19
33 13 30
15 17 38
40 17 35
41 18 13
30 12 25
37 1 37
2 18 30
7 3 21
52 5 29
21 20 29
15 2 15
16 1 1
46 4 40
15 3 23
31 2 25
18 15 3
46 20 4
18 10 25
44 11 3
3 7 20
38 8 18
65 15 4
57 10 37
39 18 3
22 4 33
18 15 17
45 11 18
45 4 38
11 18 39
7 16 19
44 18 11
31 12 21
30 19 38
36 11 31
12 10 27
18 2 9
65 7 36
33 7 40
52 13 30
29 7 2
10 17 32
37 6 12
27 6 20
22 3 24
16 13 38
6 13 7
14 5 31
45 3 27
1 21 32
18 10 20
40 13 13
48 18 18
17 5 4
4 2 15
2 20 9
59 6 28
44 7 31
60 1 28
60 12 28
32 5 14
5 20 27
7 20 23
58 18 6
65 2 3
6 11 38
59 1 39
1 14 29
31 14 29
42 5 6
5 4 18
32 8 34
26 15 34
30 21 40
44 9 39
65 5 5
35 1 37
65 12 8
13 1 30
29 14 32
16 15 33
21 16 13
35 2 17
6 3 26
45 13 40
29 19 18
55 2 21
42 1 31
17 4 15
63 4 34
9 9 35
24 1 22
19 13 8
41 13 25
45 5 30
8 7 19
35 3 23
63 18 1
38 1 27
41 13 34
27 8 23
8 2 13
38 18 14
57 13 1
18 14 7
54 14 27
59 8 10
9 11 33
44 4 3
37 7 8
36 19 33
19 12 16
14 8 8
56 21 26
7 10 16
39 2 9
26 7 18
63 20 31
44 1 29
65 10 25
33 20 34
50 13 40
51 16 13
58 1 13
61 9 15
18 11 38
53 14 31
15 18 19
62 4 25
47 1 33
36 7 25
26 11 35
16 5 39
37 21 27
32 13 27
25 20 25
3 4 3
49 21 19
31 6 38
43 7 30
16 18 25
37 9 32
16 7 18
63 3 30
22 5 9
43 13 2
9 9 4
65 8 8
37 14 17
52 19 34
23 10 40
12 10 1
57 8 13
6 19 11
10 18 18
22 8 5
47 9 40
24 2 5
57 4 20
9 5 38
45 10 14
7 13 39
32 9 6
8 10 5
38 13 16
38 13 27
7 15 16
5 16 24
53 18 27
44 10 13
38 7 23
14 12 13
62 17 11
2 13 30
6 2 15
14 18 10
16 19 22
53 7 39
8 3 39
19 19 9
40 6 31
10 3 32
57 17 27
15 3 27
36 16 29
9 13 35
13 14 38
54 13 22
62 19 20
56 11 21
25 17 10
27 16 5
34 6 33
28 13 37
6 10 26
64 17 38
7 19 25
16 14 1
24 14 37
51 15 32
40 6 26
8 2 36
53 16 26
54 4 19
29 12 5
17 2 10
39 1 23
8 4 17
18 9 23
65 21 31
24 8 29
40 18 40
33 14 28
43 21 18
24 3 27
27 11 10
38 5 17
31 17 32
4 3 13
25 11 10
55 18 26
6 19 8
2 2 12
9 8 24
27 4 28
10 15 36
40 13 6
44 4 19
39 18 33
45 21 39
57 13 30
38 18 25
17 6 2
47 7 5
49 3 14
31 5 4
22 10 30
44 9 37
62 14 33
7 16 2
36 9 10
13 16 6
35 16 4
37 2 14
55 17 1
2 3 29
21 8 18
51 9 4
61 9 5
15 9 18
48 20 25
48 9 7
47 13 1
60 14 34
61 16 29
4 16 28
44 4 10
54 18 9
44 10 3
52 9 30
4 5 9
40 3 1
24 10 10
29 13 34
44 2 10
51 2 7
53 19 17
12 2 22
29 8 38
10 15 38
39 15 33
5 11 25
15 7 6
52 21 13
47 10 32
46 4 17
10 13 40
50 7 13
1 16 34
61 17 8
53 11 38
52 3 30
7 20 25
32 6 22
19 3 30
5 12 9
14 18 19
61 8 40
28 4 19
12 18 1
21 15 18
35 9 3
11 9 29
23 1 24
8 8 34
11 9 30
19 21 11
61 3 21
27 7 15
12 1 23
18 9 15
28 20 18
48 14 5
3 2 40
2 4 36
47 18 35
32 1 29
18 2 1
29 17 38
17 7 30
16 6 20
13 9 17
21 4 38
34 2 12
12 6 38
23 11 30
19 8 14
49 5 21
43 15 30
13 12 4
13 12 28
35 12 34
21 4 7
36 3 20
65 6 37
58 5 13
60 10 17
39 5 17
55 20 12
7 13 13
19 3 35
22 13 20
53 4 30
57 7 6
18 15 34
52 15 12
65 4 27
5 13 25
28 7 17
24 13 17
4 4 20
65 1 20
18 17 8
51 8 1
19 1 26
60 5 38
36 4 26
52 13 26
29 2 40
33 16 8
54 10 16
49 20 29
55 10 7
28 21 33
44 1 26
6 3 30
60 15 13
27 1 9
6 21 36
2 9 16
16 18 17
43 18 1
6 7 15
60 21 23
34 16 39
31 14 12
65 7 7
59 3 5
40 20 40
52 21 34
45 5 35
4 21 12
48 16 39
16 15 21
4 21 28
31 9 12
22 11 37
58 12 20
13 21 3
60 11 1
33 15 32
17 21 3
20 19 37
10 18 36
49 14 2
31 21 38
32 7 25
30 3 8
54 20 35
59 1 12
51 10 6
56 1 23
60 7 27
60 8 8
20 4 3
38 18 25
35 13 35
65 17 30
59 10 13
65 17 36
1 19 38
49 15 27
3 19 15
65 11 33
56 13 36
44 1 38
43 18 29
21 2 27
15 9 11
21 5 26
25 2 33
27 10 17
43 9 26
51 8 17
14 3 17
61 11 26
13 4 23
37 15 26
62 12 12
41 1 11
35 6 29
3 21 22
42 5 3
41 9 6
10 1 11
54 8 32
21 16 40
33 2 36
17 2 33
37 13 19
59 3 35
13 9 25
34 13 15
61 10 30
62 16 34
12 12 12
9 13 39
35 13 1
63 4 11
51 9 34
33 7 3
61 20 13
61 10 1
5 4 4
12 15 2
15 14 31
60 1 38
18 18 27
1 2 24
13 18 22
44 21 26
8 18 39
35 3 3
28 17 33
38 4 3
3 8 8
61 12 7
58 3 16
53 20 22
58 5 10
4 17 39
20 2 6
44 2 1
60 15 28
32 1 20
1 1 9
5 15 9
65 20 26
18 12 2
58 9 15
45 17 1
2 12 12
21 18 12
23 12 7
51 11 35
14 3 15
18 2 9
62 11 17
13 12 2
54 2 17
36 7 10
9 18 25
16 10 1
15 7 29
56 8 24
64 16 12
57 18 22
36 13 2
56 5 33
26 19 33
22 18 40
45 18 20
16 11 15
25 10 40
51 6 16
56 7 8
17 5 33
4 14 37
57 7 10
30 9 22
12 12 25
10 21 15
33 5 4
29 19 40
33 9 14
24 8 9
39 13 20
44 1 39
14 18 30
45 14 25
21 12 26
57 2 15
50 19 34
19 8 16
65 3 2
21 7 17
21 11 32
37 3 3
33 12 37
63 14 13
21 17 8
55 18 4
14 8 20
38 4 4
26 5 25
12 3 2
11 11 37
14 1 9
34 18 5
38 12 31
37 11 16
49 8 20
15 16 18
58 6 1
37 10 7
29 10 18
61 2 13
39 17 38
55 13 37
49 20 40
47 10 40
59 16 32
48 13 40
44 11 25
42 11 8
54 2 24
7 2 23
39 1 32
61 19 31
63 1 38
46 21 25
24 6 37
5 7 1
43 16 19
40 17 8
10 3 38
53 9 27
56 7 21
45 19 3
12 11 20
50 15 31
53 1 17
21 8 5
1 20 12
48 21 9
59 10 28
12 8 24
41 5 34
9 13 9
18 9 22
1 21 12
43 20 30
40 18 8
22 8 2
48 3 6
4 16 25
61 4 39
42 11 34
54 11 11
59 19 38
42 7 9
3 5 22
54 20 24
23 6 19
57 16 14
8 18 36
61 3 30
21 11 24
18 13 34
63 5 17
5 17 11
49 12 19
9 14 18
10 8 11
44 6 11
22 4 33
62 2 38
28 1 23
49 15 1
60 4 23
9 2 33
19 20 12
6 16 21
3 19 4
42 3 24
58 3 40
33 4 14
24 7 11
60 2 19
57 13 33
7 14 38
61 20 8
12 10 28
6 12 25
28 10 32
28 7 33
35 4 11
38 12 20
29 21 31
13 10 26
3 6 6
35 7 19
4 14 25
41 14 11
29 15 32
65 7 26
9 8 38
8 14 34
63 4 5
50 8 38
3 4 40
20 6 39
32 9 12
37 19 19
19 6 3
56 15 40
42 12 34
48 5 31
26 17 39
34 10 6
48 1 20
58 20 22
21 10 24
40 16 5
23 5 3
37 12 28
35 17 9
43 2 1
1 15 39
60 16 25
6 15 39
57 4 12
8 15 32
17 19 10
47 14 31
34 16 14
29 6 25
44 17 5
17 18 12
33 6 15
7 7 15
2 7 1
37 18 7
33 13 11
50 4 27
38 5 9
4 6 35
30 5 7
61 13 28
46 4 12
29 1 22
26 4 3
43 15 28
22 12 37
26 8 16
48 20 39
27 17 9
2 2 35
21 4 36
47 17 12
3 12 40
12 13 33
40 9 6
49 18 12
52 11 2
62 4 24
16 18 7
41 2 36
22 14 8
52 12 14
42 5 35
10 2 38
32 8 15
14 1 31
21 18 13
5 3 33
1 20 36
15 3 34
22 12 28
58 12 7
59 14 37
53 16 30
8 8 2
29 19 39
52 9 34
41 3 22
5 1 6
58 14 3
50 5 5
15 10 37
57 12 13
59 18 21
48 4 30
41 15 10
64 20 28
63 16 5
19 3 10
21 2 12
45 12 22
25 12 40
42 6 33
46 13 36
34 1 2
25 15 18
54 1 38
29 5 15
48 3 3
49 9 25
42 11 30
58 11 13
64 10 29
35 1 27
59 7 21
11 4 19
26 17 22
38 9 32
2 4 29
32 19 29
26 18 29
41 15 33
61 21 40
36 14 25
20 9 4
48 15 29
40 20 12
53 8 15
59 3 9
6 2 9
56 10 5
59 15 40
12 19 18
31 4 25
10 7 27
16 5 17
18 12 29
19 20 2
31 7 15
36 12 15
61 13 20
63 13 1
37 16 25
48 1 39
35 18 9
60 1 36
26 15 3
5 14 35
61 19 37
20 2 37
9 19 38
57 10 34
43 6 2
53 8 26
49 9 36
47 19 15
2 8 32
34 3 1
52 17 14
11 7 28
51 6 18
8 3 32
2 6 12
22 2 8
23 9 14
2 17 5
15 7 35
50 20 8
35 2 14
28 6 14
53 5 2
58 6 26
5 17 7
41 19 26
34 5 23
19 5 23
16 4 27
55 16 17
21 8 19
25 2 31
45 9 39
2 20 25
15 13 9
9 11 39
19 11 6
20 6 18
48 4 12
46 10 38
28 6 4
22 11 27
32 9 22
37 6 1
48 6 16
46 16 24
2 1 7
53 16 36
59 11 29
11 3 37
25 16 34
29 5 27
12 2 4
30 3 32
48 10 15
19 4 10
11 21 19
19 19 28
41 14 39
20 2 19
17 2 40
41 6 11
46 17 34
3 21 38
41 18 30
49 9 36
26 12 33
23 11 19
18 14 18
55 8 1
56 17 8
54 13 29
40 6 6
13 14 18
47 7 40
25 2 27
4 3 33
36 2 5
42 1 36
54 20 3
37 11 22
47 20 13
65 16 34
46 13 22
59 1 15
16 1 22
33 12 30
30 15 27
63 14 39
20 11 19
19 3 33
52 10 9
9 21 5
52 19 40
35 6 28
4 17 31
49 11 3
57 8 19
39 19 10
1 9 14
42 18 20
16 12 40
29 8 14
17 2 36
36 17 8
33 13 11
20 10 39
38 5 11
49 17 31
14 9 38
11 14 28
9 3 23
12 7 1
15 10 34
27 5 36
2 3 31
52 21 20
7 3 9
52 9 4
29 6 9
14 4 13
34 21 38
17 15 38
24 10 8
35 19 30
59 15 14
62 12 16
34 5 17
24 13 17
26 21 7
55 20 8
56 17 9
20 12 27
48 6 34
24 8 28
42 7 6
23 13 19
47 20 40
2 4 1
20 2 20
28 5 23
62 16 16
40 18 18
65 7 16
12 4 15
13 10 19
12 7 28
64 20 8
21 21 28
25 20 9
3 16 14
30 6 34
4 9 5
65 7 34
65 11 39
51 3 26
18 14 16
36 11 37
35 4 30
64 2 3
42 17 37
13 3 14
40 16 33
3 18 9
4 15 15
42 5 9
34 6 6
2 12 17
58 12 13
19 2 22
10 18 7
27 1 9
26 13 2
7 12 16
20 2 17
41 2 1
8 19 9
36 16 16
39 20 6
28 3 3
29 3 15
8 11 6
65 2 16
60 10 3
52 8 12
8 12 38
18 17 28
51 7 39
36 11 29
54 16 11
1 19 40
2 6 14
20 15 29
47 3 32
31 14 3
36 4 20
60 7 12
21 16 24
28 13 23
1 15 2
41 5 24
54 21 13
11 12 20
36 6 39
5 21 30
24 8 27
39 6 16
65 13 1
44 21 34
31 17 40
34 9 31
5 1 2
8 12 19
15 11 20
33 17 5
47 13 6
53 19 21
56 18 16
65 5 34
15 21 5
25 10 37
52 20 6
5 6 2
12 17 11
47 5 19
54 12 29
5 10 22
49 5 20
45 19 5
15 20 39
19 4 38
12 13 4
43 19 9
38 4 29
44 9 33
21 8 16
36 19 32
43 19 2
53 7 37
47 1 1
46 8 1
18 20 35
23 20 26
15 8 16
60 14 12
41 18 23
41 10 32
53 14 23
50 3 39
24 7 23
22 14 38
19 13 20
24 10 28
28 5 35
37 17 29
2 13 5
9 4 12
58 6 39
11 10 13
25 15 6
45 17 9
27 15 2
6 12 1
52 12 38
5 20 6
4 17 2
47 6 34
45 13 11
29 15 28
65 19 6
40 3 35
24 2 33
47 3 37
48 10 14
24 13 18
51 20 15
64 1 17
55 7 31
58 12 28
63 6 32
6 11 16
49 9 39
65 3 13
10 17 29
46 10 7
40 5 13
50 19 25
30 20 33
13 10 27
13 18 31
11 20 10
39 7 19
57 3 39
7 3 20
6 18 35
42 8 4
38 5 18
65 2 25
12 20 10
46 20 22
4 12 20
49 2 11
26 6 10
57 18 32
31 12 9
37 5 5
15 1 31
35 13 37
9 21 38
52 19 37
61 7 1
53 3 8
42 15 11
13 13 20
63 17 30
50 8 6
26 17 8
36 2 31
11 8 38
26 11 15
47 21 35
37 5 13
45 20 13
26 20 16
8 13 33
42 4 22
32 14 40
17 19 13
14 19 28
37 21 2
32 7 16
32 1 28
47 3 10
7 9 21
6 2 8
21 20 23
55 15 26
10 4 8
51 10 29
39 10 28
26 20 38
52 14 4
17 17 35
9 14 9
48 9 17
12 20 39
13 8 32
60 8 6
48 20 36
21 18 9
11 4 26
38 14 30
47 7 19
13 11 36
36 4 20
17 10 29
48 16 6
39 13 31
22 8 20
24 18 39
36 9 24
47 4 38
44 21 38
25 11 19
26 9 25
47 9 7
13 19 17
57 19 38
1 11 25
36 11 40
6 10 32
19 18 2
41 10 11
52 11 20
21 6 30
31 16 39
19 10 26
7 5 30
51 1 40
41 14 38
4 7 19
47 21 36
24 9 39
45 19 33
44 6 10
54 2 9
57 9 20
2 18 23
20 12 38
15 19 11
54 11 24
29 20 20
63 18 33
64 6 29
34 21 40
25 14 23
36 14 31
52 20 13
64 14 23
6 11 38
58 3 9
47 20 35
43 13 33
1 11 28
26 5 14
65 21 24
55 18 2
52 6 34
17 4 33
4 7 31
20 20 33
38 13 23
48 14 7
22 6 40
56 5 1
45 10 26
1 19 4
2 21 35
31 12 7
4 9 33
49 20 40
5 1 34
40 16 17
48 19 17
16 5 10
19 2 27
3 18 10
59 2 38
15 16 27
13 4 32
64 15 6
18 2 12
44 14 13
4 21 25
6 17 20
41 1 8
14 12 24
34 3 29
24 8 1
42 21 19
28 2 4
60 16 34
29 14 5
9 19 8
25 3 25
61 19 29
54 11 28
31 13 3
62 15 19
60 12 9
41 17 36
37 3 40
35 19 6
60 16 28
37 15 36
27 8 15
23 11 7
17 8 17
17 16 25
46 17 3
32 15 12
62 18 10
53 20 23
20 4 5
51 12 2
7 1 26
49 8 32
59 3 1
64 16 30
36 18 26
5 12 35
24 17 39
19 16 17
38 7 40
50 11 30
14 16 20
24 5 16
1 12 22
35 12 37
44 8 16
27 1 38
64 5 14
55 6 9
18 13 13
23 18 39
56 15 8
48 4 40
60 6 14
41 10 5
35 17 17
6 4 36
2 17 22
63 11 17
61 11 22
8 19 15
40 2 29
3 7 23
37 19 33
56 20 34
17 4 26
39 5 27
33 7 23
59 6 2
47 21 18
20 21 11
42 7 13
56 4 21
50 13 21
36 15 29
39 10 27
23 17 2
49 9 20
28 19 36
12 15 16
8 10 37
23 21 37
52 17 24
51 9 38
32 16 13
46 6 16
64 20 24
35 3 34
42 16 36
7 3 3
49 2 21
60 11 18
56 13 35
21 12 33
64 1 35
33 8 6
51 18 2
56 12 4
58 8 12
41 1 13
51 4 35
38 2 24
19 3 30
6 17 36
46 11 10
18 9 24
17 12 24
29 18 35
11 4 21
27 15 3
34 15 31
24 6 4
20 10 3
30 5 21
35 7 32
64 20 4
62 11 30
9 15 17
40 10 10
22 13 28
42 21 25
57 6 18
30 14 36
45 16 20
50 21 33
55 7 38
39 18 4
61 16 13
35 16 16
49 16 19
57 5 32
49 10 34
15 15 22
4 15 32
14 15 26
25 3 39
14 21 11
37 19 23
35 13 37
17 2 17
1 13 30
12 5 4
36 14 10
55 10 23
52 20 28
15 11 7
31 10 14
4 2 40
49 19 16
40 8 13
48 19 10
60 13 8
10 21 33
57 16 40
43 7 2
36 20 2
10 11 27
34 13 2
9 20 35
32 5 26
39 10 1
32 7 1
5 13 8
18 12 31
12 1 40
49 10 10
5 9 6
55 15 24
9 16 39
61 11 19
40 1 11
23 3 18
64 10 17
17 12 30
48 4 34
20 18 15
26 19 12
53 6 13
29 20 24
6 17 36
58 5 40
4 2 8
44 9 37
34 14 13
40 12 31
30 13 10
29 14 17
3 4 31
57 18 26
43 3 19
20 6 3
25 7 10
60 21 3
56 10 10
16 12 37
34 5 21
3 13 22
19 19 18
9 4 19
7 2 8
5 11 28
29 4 39
43 9 20
32 1 12
19 15 32
38 1 13
57 11 31
58 6 31
34 21 35
56 15 7
57 14 15
1 18 5
2 20 10
35 21 3
18 1 25
26 8 29
63 3 10
17 3 26
22 20 12
58 10 10
40 19 19
48 18 1
43 8 29
52 16 17
14 21 30
56 8 15
20 17 35
16 21 18
1 13 10
9 13 35
28 10 36
64 6 26
63 8 2
30 14 27
52 19 30
61 15 20
44 18 17
17 14 19
59 14 37
38 2 12
38 20 8
35 14 5
62 11 38
18 14 16
52 9 25
12 11 29
25 15 36
46 5 31
12 20 34
57 9 36
21 11 36
14 15 35
24 6 1
55 15 16
13 8 8
13 3 16
32 5 27
64 9 40
33 15 26
20 6 8
42 19 37
42 10 1
23 3 40
33 6 16
34 18 40
36 13 4
17 11 36
53 5 23
5 15 4
7 1 34
42 16 11
56 17 22
43 6 6
2 10 28
55 3 23
49 10 13
39 2 11
23 5 26
47 9 30
43 1 38
63 3 20
55 12 3
18 21 32
4 1 37
12 17 20
33 1 35
23 8 28
16 13 5
58 10 17
47 1 3
54 8 39
57 6 23
44 3 9
21 14 24
48 21 9
16 19 5
12 12 31
32 20 15
62 17 40
45 18 17
27 16 40
36 11 34
56 7 16
34 19 7
25 6 19
8 6 22
19 8 37
57 17 10
33 9 15
5 7 22
65 3 17
5 18 18
51 7 6
51 20 20
36 9 28
64 4 1
12 4 27
38 10 7
65 2 36
44 19 22
39 12 17
24 7 40
47 1 19
35 18 12
2 4 38
23 5 37
64 7 22
56 15 11
11 13 28
42 20 36
11 20 1
27 19 31
54 6 3
46 17 23
31 1 11
51 4 11
9 4 31
5 15 30
24 14 1
6 19 17
28 16 24
46 1 33
12 19 7
59 4 1
62 8 39
59 18 16
58 3 6
10 3 30
54 6 17
33 16 26
63 10 34
37 11 1
17 17 1
61 9 8
60 10 23
61 1 15
15 13 29
32 11 27
34 20 21
59 13 6
55 13 9
30 6 12
37 16 39
15 8 1
63 9 34
48 12 7
6 17 16
49 16 34
28 17 27
50 5 17
37 16 11
27 20 8
40 16 31
54 8 19
9 11 17
21 9 5
18 8 15
41 5 6
29 1 35
30 4 19
26 4 23
53 16 24
41 20 11
57 5 36
29 11 29
36 12 25
49 3 31
32 6 19
58 16 35
62 5 38
38 21 21
58 20 6
22 18 18
24 14 33
27 4 4
4 3 7
43 15 8
29 9 13
53 14 2
60 21 24
38 18 11
8 12 17
8 14 36
28 19 27
17 11 36
28 6 7
26 5 5
49 12 6
41 3 31
44 15 25
13 5 4
3 3 25
48 21 36
54 6 2
53 16 37
12 18 21
28 18 36
53 3 35
29 21 6
29 10 22
37 13 18
54 14 11
4 19 11
37 15 7
19 13 28
55 7 24
5 18 21
12 5 2
52 16 26
10 4 3
16 12 36
9 3 40
40 10 36
43 15 21
32 1 19
23 21 20
35 20 18
21 18 21
19 16 18
27 2 8
65 9 6
5 1 31
38 15 10
63 14 37
18 11 19
42 10 22
61 7 13
39 4 13
17 19 21
43 3 8
58 2 38
8 14 38
54 9 26
38 17 12
51 7 23
36 9 17
6 18 19
44 4 25
48 5 38
62 9 37
28 1 27
52 7 30
45 17 30
44 13 24
27 18 40
33 10 26
11 10 30
34 11 37
46 19 31
52 19 30
18 12 24
64 1 32
47 19 10
50 13 22
20 10 31
13 2 4
20 5 6
23 11 14
24 9 27
8 7 13
2 2 15
25 14 3
33 2 30
33 15 19
33 2 17
56 10 12
63 12 12
3 9 12
8 6 20
40 15 23
29 9 26
1 2 10
12 5 20
19 16 17
51 4 29
39 6 22
9 4 16
24 6 19
53 6 33
62 10 8
40 9 35
39 13 22
30 8 37
32 14 5
58 3 28
17 5 39
33 18 18
55 7 32
27 18 19
37 11 33
9 19 40
6 1 30
26 14 6
51 20 33
30 1 21
61 8 37
23 5 15
30 14 13
57 8 28
61 8 31
26 2 9
7 17 7
16 1 37
35 5 25
54 12 39
5 15 8
11 1 18
26 21 13
58 2 28
6 2 8
28 11 17
23 19 3
23 4 17
64 19 3
35 18 16
35 19 8
9 18 25
35 4 23
5 20 25
38 2 24
21 12 23
6 10 5
52 4 28
56 11 36
24 13 13
54 7 21
3 11 5
14 13 27
52 5 30
48 4 11
54 15 32
8 5 27
24 19 15
31 21 25
51 9 18
56 19 1
15 11 26
4 21 8
37 17 31
58 13 38
40 13 3
10 17 23
2 7 22
11 3 25
13 6 37
15 6 14
48 16 5
45 9 27
36 9 15
17 13 37
20 10 2
24 9 24
52 4 27
60 12 3
36 17 8
62 11 19
24 14 29
19 16 10
24 3 5
52 18 30
3 11 37
5 17 18
24 19 12
4 4 23
7 19 37
11 20 15
63 18 6
22 15 18
28 19 16
43 9 19
2 12 15
19 1 3
17 12 4
41 13 13
22 1 11
2 14 14
56 6 11
17 13 34
18 1 12
13 14 21
63 16 22
19 21 22
47 16 25
28 4 33
1 20 15
32 21 11
43 6 33
8 10 32
30 16 32
52 7 19
22 20 27
26 3 1
22 8 1
44 1 8
49 21 17
35 18 30
35 2 8
20 20 3
62 14 10
25 14 22
4 15 38
13 15 13
29 5 40
37 11 25
12 19 5
20 16 24
61 7 36
28 15 20
52 5 19
39 1 12
57 12 13
61 9 12
24 5 12
21 1 4
13 5 26
32 5 12
61 17 30
10 12 23
7 3 2
64 18 24
62 12 33
10 7 28
48 7 31
49 18 21
39 12 26
41 21 37
40 8 12
49 2 12
11 7 10
41 2 36
29 12 21
55 5 27
59 18 33
31 3 32
21 11 31
9 8 25
53 9 23
4 14 33
30 21 9
36 14 25
2 12 22
32 13 35
38 12 6
35 10 15
43 21 31
53 16 25
23 12 10
13 13 2
11 5 4
57 1 27
28 4 38
47 5 37
10 6 22
47 2 21
47 5 29
38 4 10
11 15 5
14 10 12
62 18 14
44 12 30
50 15 22
29 8 39
7 8 33
38 16 8
55 15 21
41 2 19
54 11 25
45 16 6
38 16 29
34 1 29
14 2 9
33 6 18
3 7 38
21 1 14
60 21 36
57 8 22
38 10 37
16 15 10
7 21 39
53 17 25
59 18 21
15 4 2
61 5 34
2 19 10
24 16 2
22 13 29
31 8 33
61 9 6
61 10 33
24 10 30
24 11 8
33 17 29
42 5 33
64 2 7
23 21 34
22 20 37
63 3 2
16 8 21
64 9 10
19 17 30
1 12 26
60 12 28
65 14 33
45 10 36
62 15 35
22 19 36
9 12 33
47 19 1
2 5 24
36 12 2
40 17 29
17 14 23
13 8 10
44 16 6
5 15 11
30 11 39
16 19 29
13 1 25
8 19 18
47 20 7
40 6 28
38 18 2
27 6 19
36 16 36
55 14 11
1 11 40
20 9 11
47 16 36
60 10 16
46 19 38
19 7 4
51 2 31
15 2 18
16 8 13
5 5 3
26 2 15
61 17 1
34 10 30
53 6 15
44 2 13
27 18 27
50 1 6
18 2 38
18 6 18
30 6 23
60 19 25
3 1 8
53 3 40
17 1 27
11 13 40
58 7 5
26 3 37
21 2 12
57 5 18
28 11 9
17 21 14
56 16 36
41 21 2
5 7 37
46 9 19
38 5 26
53 16 4
27 11 28
26 2 18
35 14 26
41 7 6
33 21 16
54 1 18
65 13 31
48 20 17
47 6 22
24 8 33
30 6 27
4 17 4
16 21 1
58 3 37
15 21 35
53 12 10
47 11 15
62 7 30
34 3 14
19 18 30
39 9 4
7 15 4
25 14 29
6 2 32
26 18 15
35 17 34
24 14 6
22 19 10
11 13 13
5 19 18
58 13 40
42 6 20
14 21 11
40 2 26
24 20 39
63 2 32
49 17 11
7 19 25
55 4 4
14 10 39
60 17 24
57 2 9
8 11 19
55 18 20
57 14 34
9 16 4
10 19 34
12 17 22
53 9 5
49 21 9
55 12 8
37 16 10
18 19 2
58 1 29
27 17 5
31 4 40
14 8 17
19 21 31
28 10 34
22 6 32
20 8 23
22 5 29
1 8 14
40 17 33
4 1 18
20 8 15
28 19 11
55 17 10
25 17 3
52 6 14
3 3 16
9 19 23
63 9 32
25 19 21
57 2 15
20 5 34
46 5 36
2 2 11
17 7 7
8 5 7
13 7 9
27 11 20
60 11 40
61 13 31
4 12 1
14 6 4
41 21 8
27 6 32
6 2 22
18 9 38
51 6 13
13 10 4
24 2 12
53 14 37
45 5 33
56 2 9
19 4 18
4 10 8
7 8 29
40 12 18
13 6 4
33 18 19
39 13 39
40 7 19
45 13 28
12 3 40
7 6 14
2 11 29
35 2 11
49 16 29
28 18 9
31 1 5
41 11 6
57 11 14
65 14 38
34 17 2
31 15 27
51 21 17
26 7 5
35 1 24
21 8 28
5 7 39
28 2 34
37 1 38
42 21 36
61 11 18
59 4 32
57 9 31
3 12 13
57 17 4
10 18 9
55 15 40
33 7 39
50 11 28
30 21 4
57 10 38
53 9 17
52 11 25
60 7 22
65 5 3
49 10 6
10 2 34
11 1 5
37 20 20
40 6 17
39 6 8
36 20 16
13 17 15
48 15 31
33 15 17
5 14 26
63 3 36
12 1 13
32 7 26
34 11 7
18 19 3
20 16 8
57 11 34
46 1 1
18 19 13
14 2 23
62 14 19
36 5 11
58 19 13
41 7 10
14 17 19
42 6 14
37 13 27
14 15 13
27 21 28
3 1 4
51 20 35
1 4 16
27 16 24
41 18 4
9 15 17
33 4 16
37 1 12
24 14 26
21 19 26
35 16 34
55 6 10
3 16 18
56 14 22
11 7 37
4 7 29
28 6 19
48 18 38
12 7 6
23 12 7
26 14 2
2 15 20
49 8 34
56 4 19
46 6 29
55 16 38
53 7 9
64 9 2
17 13 38
35 6 16
9 21 35
41 1 27
3 11 3
64 18 40
3 16 23
6 6 4
55 3 40
42 11 5
65 8 7
35 20 2
54 19 39
47 9 36
56 4 9
20 16 32
5 4 32
15 17 22
30 9 6
56 18 33
6 1 23
27 7 27
44 8 36
49 8 32
56 18 37
44 1 1
12 14 7
59 16 20
55 20 6
38 9 1
10 17 2
25 4 30
6 18 23
48 3 27
55 8 28
17 19 9
58 1 33
58 15 15
51 13 38
15 1 21
15 14 3
44 1 15
42 4 28
34 15 32
28 18 2
64 18 34
16 13 10
12 7 2
54 2 11
62 17 1
38 20 3
37 14 33
39 13 9
46 4 11
5 6 2
29 12 19
15 21 6
4 1 4
25 19 6
47 13 40
45 3 8
19 17 8
61 12 3
48 5 25
11 18 14
22 17 39
26 3 4
45 11 28
36 13 16
34 17 10
46 16 4
59 12 10
22 17 1
49 7 3
56 16 15
32 7 26
38 1 17
62 21 2
12 15 26
42 14 33
48 4 3
6 2 19
27 20 23
53 11 5
7 10 32
64 18 7
2 5 8
26 3 21
46 13 31
5 18 14
37 6 23
11 14 23
23 12 13
62 12 25
17 4 18
40 6 11
52 10 3
9 6 4
50 13 24
10 3 23
6 6 19
47 5 39
35 8 14
59 20 7
54 5 14
13 8 12
2 11 25
31 1 28
40 3 19
35 4 34
50 18 19
62 6 29
1 7 9
28 13 4
23 2 11
43 3 22
54 7 7
63 1 1
14 16 28
61 20 16
51 8 33
54 8 32
39 19 10
30 18 7
30 3 31
22 18 9
48 4 39
8 11 34
46 3 28
21 9 28
10 16 34
33 19 19
49 1 9
44 12 26
63 21 35
47 10 18
53 3 36
32 11 13
54 1 34
47 12 18
7 7 16
40 20 38
43 12 32
4 11 11
1 21 12
16 13 26
52 18 14
30 13 11
31 18 36
16 5 23
27 5 32
64 11 16
34 5 5
1 14 3
30 16 40
32 1 29
42 7 32
3 19 15
39 1 7
46 3 16
33 13 3
20 17 4
38 8 26
7 16 6
37 16 24
40 15 21
58 17 30
46 15 13
18 7 23
43 8 2
1 21 25
11 14 15
24 20 21
27 1 1
14 10 8
21 10 18
50 5 7
24 10 15
55 6 37
59 21 40
51 3 21
8 12 40
46 1 32
16 4 29
17 19 40
29 4 1
5 19 1
33 3 32
8 19 40
1 3 25
61 21 28
60 17 19
23 20 37
59 14 17
48 1 22
4 14 36
64 10 39
44 15 3
45 3 17
37 12 11
53 1 19
4 1 27
11 14 10
21 13 1
18 10 40
62 7 30
62 4 1
35 3 16
51 15 8
30 18 4
17 21 20
22 18 19
28 20 14
44 6 14
63 8 25
56 9 29
26 9 25
64 18 18
19 18 21
61 13 35
44 18 9
3 8 29
24 7 34
40 19 40
59 17 4
50 4 38
63 20 9
38 1 7
58 21 31
15 9 34
59 6 10
9 19 14
48 12 9
19 3 24
62 7 8
5 14 40
18 5 21
51 10 35
15 21 9
15 2 9
13 3 25
37 2 37
42 21 31
18 15 12
4 5 9
8 17 13
38 3 26
19 7 15
43 6 16
37 12 5
9 10 15
34 17 15
49 13 13
48 7 2
46 16 19
26 4 6
35 19 2
4 3 27
49 9 23
47 6 14
51 14 22
13 15 10
4 10 25
14 3 38
14 5 14
33 17 23
29 5 12
8 17 21
44 4 19
5 4 28
7 5 12
14 6 15
62 20 3
61 2 28
60 8 22
18 20 30
43 8 30
22 16 11
30 1 29
20 12 5
23 11 22
42 21 3
25 13 14
47 2 15
57 13 19
40 9 2
5 10 1
13 13 38
48 15 24
21 12 5
11 6 27
19 2 39
21 4 11
56 12 24
49 7 35
60 5 20
56 21 12
55 3 4
51 13 32
22 10 38
11 2 8
55 10 32
39 4 22
20 18 39
33 19 20
1 16 8
4 18 2
63 12 6
12 21 24
45 16 18
18 2 14
27 10 30
2 20 6
49 9 8
19 14 11
17 14 15
23 19 27
35 13 3
15 15 38
14 15 24
53 11 36
47 16 20
50 10 11
2 1 39
61 6 31
48 1 25
6 5 36
2 18 31
27 16 14
11 14 40
6 20 33
34 7 35
41 16 28
27 11 34
4 3 19
24 13 22
35 13 12
47 15 4
64 11 17
21 1 9
24 11 10
10 13 16
61 7 16
25 4 33
25 6 11
22 1 34
40 14 30
6 7 10
10 2 13
18 19 19
2 4 10
6 14 17
56 15 24
25 17 40
43 7 14
5 12 15
61 16 25
52 12 1
14 3 27
52 18 8
51 6 38
3 9 21
37 13 4
34 4 4
10 15 12
16 2 37
56 20 22
41 10 2
5 13 25
6 6 29
51 4 19
17 3 39
53 18 33
38 16 36
22 10 31
10 11 40
24 13 16
56 9 1
58 7 34
27 15 26
4 13 10
30 13 36
22 13 16
16 5 39
60 2 21
9 17 14
54 15 2
38 6 4
38 16 3
63 12 13
16 16 11
53 3 18
22 4 10
64 15 10
63 15 33
19 4 9
21 21 34
59 8 35
21 7 7
10 3 36
51 21 1
62 7 20
17 12 28
30 12 21
24 3 11
23 21 30
21 9 17
55 11 1
39 18 3
16 5 24
61 13 11
9 9 19
7 7 36
44 7 33
64 8 13
38 10 9
27 18 9
23 18 29
48 10 29
48 4 2
45 8 13
46 3 38
23 16 37
22 6 18
19 6 38
57 16 28
10 3 40
35 9 8
49 5 3
23 11 40
56 21 38
42 6 23
34 9 13
4 2 3
32 4 19
25 2 17
47 2 28
4 8 8
62 10 29
9 16 19
59 4 35
21 4 34
44 8 22
29 18 30
12 19 33
57 15 15
7 10 33
24 19 12
56 9 40
13 20 33
9 7 17
56 9 21
19 4 2
6 7 30
5 3 20
42 21 15
40 3 12
52 2 33
3 18 27
27 10 11
59 1 40
29 2 2
32 13 2
32 15 10
14 5 27
19 11 20
57 20 24
37 14 4
15 6 2
47 9 11
62 21 38
58 11 11
20 12 22
56 6 8
3 7 30
44 19 20
2 2 15
65 18 16
45 17 7
27 21 7
54 17 10
63 10 6
8 16 19
58 5 31
38 15 9
58 5 18
3 9 4
54 13 7
57 20 17
59 13 1
48 9 32
32 13 8
2 13 40
45 3 10
25 4 1
64 19 28
54 14 1
18 10 26
22 10 5
18 9 25
1 18 2
4 11 26
33 10 2
59 8 40
5 16 20
35 7 10
26 4 7
29 5 10
21 16 24
57 19 29
26 12 38
27 15 31
3 20 34
52 9 25
35 8 11
3 3 36
12 3 3
8 16 26
47 7 2
47 12 3
41 9 33
49 7 10
59 21 2
1 20 24
37 6 26
15 3 39
58 12 30
59 17 25
50 12 24
11 9 1
50 9 7
12 18 24
20 7 10
2 15 23
14 9 30
6 5 30
8 14 13
21 12 6
60 7 19
1 11 17
5 9 21
20 12 32
36 4 4
42 8 15
63 12 35
38 12 19
31 7 22
51 7 36
40 8 13
45 6 34
41 4 40
7 11 22
55 6 12
45 6 15
30 7 6
27 19 25
39 6 11
11 13 6
45 13 25
19 16 40
27 6 35
42 11 22
46 4 16
35 11 21
6 17 19
45 11 8
19 4 30
48 2 7
41 8 37
10 15 38
27 1 39
61 1 7
26 1 24
35 5 17
33 20 15
57 1 3
22 3 27
9 2 12
12 3 28
60 7 3
65 9 34
21 17 35
40 11 14
14 11 17
42 14 34
42 8 37
25 19 7
5 19 38
44 3 16
1 9 19
12 18 4
26 20 30
59 17 25
15 10 1
22 14 13
26 13 6
56 10 20
19 5 37
9 5 10
10 13 27
63 6 22
46 1 23
26 1 8
59 15 18
18 16 15
54 6 33
10 14 34
32 13 26
14 5 4
38 4 15
6 15 15
11 19 24
3 14 10
53 5 19
33 18 35
26 11 12
25 1 3
5 21 36
64 18 12
17 11 34
53 5 21
34 2 13
12 5 13
4 15 32
16 1 13
56 5 16
44 11 6
13 7 12
54 2 34
33 6 11
64 5 36
33 15 36
51 16 11
33 4 28
16 4 30
54 21 9
55 7 18
23 10 40
47 16 30
59 12 27
10 17 34
6 10 8
10 10 15
44 8 15
15 21 2
30 20 7
63 13 30
8 20 6
54 5 26
13 12 39
11 9 32
27 12 28
52 18 17
38 8 17
58 10 7
13 9 8
40 11 30
40 11 20
1 9 34
41 19 31
11 20 2
10 21 35
63 7 25
56 2 24
22 7 25
24 10 3
54 8 13
19 9 5
46 10 28
23 18 11
57 5 25
12 20 32
38 2 18
47 16 21
29 2 32
8 17 8
23 10 34
46 14 20
42 12 22
10 16 6
46 14 9
34 3 36
9 8 5
42 11 22
49 17 10
39 4 15
64 21 19
36 12 22
60 3 30
55 16 6
43 19 11
39 5 25
44 2 38
56 9 26
20 8 1
36 16 20
15 6 22
57 2 3
14 13 40
6 1 7
43 13 31
33 12 40
62 11 26
1 9 12
38 12 40
40 1 9
62 2 17
49 21 1
12 19 37
13 8 8
30 8 30
4 14 40
28 1 15
31 18 4
21 1 16
28 12 5
55 8 10
62 18 25
5 4 15
48 19 33
40 12 22
22 3 7
55 21 30
37 17 26
38 12 15
17 13 15
53 12 36
53 21 29
14 4 24
23 8 18
43 15 36
13 9 32
35 19 28
37 5 32
35 18 11
51 14 40
49 5 23
27 20 30
49 18 11
59 21 25
28 2 35
56 18 36
19 4 16
58 11 3
8 2 38
32 1 27
30 1 7
45 6 38
27 8 20
48 4 28
29 9 11
34 19 7
51 4 38
1 6 1
64 12 30
12 11 3
44 7 2
16 3 12
39 14 38
33 3 8
21 17 14
57 3 15
64 19 36
50 16 9
29 8 37
16 10 27
17 12 38
2 2 9
30 1 25
61 1 28
14 21 24
44 14 19
2 19 32
29 1 3
50 21 38
11 1 10
54 11 25
12 19 16
65 2 8
63 20 30
11 8 6
54 8 22
57 21 22
24 16 7
26 3 40
39 11 17
7 12 1
62 4 23
42 17 29
36 12 13
9 18 40
22 7 16
19 11 40
44 8 28
64 14 32
38 3 36
8 6 21
25 12 31
58 21 14
4 13 8
16 12 30
7 19 25
43 17 37
54 19 28
37 2 18
10 20 4
30 11 21
4 17 26
6 12 28
52 7 13
52 2 33
62 2 7
50 8 21
6 19 15
57 15 37
12 6 12
63 19 33
45 5 12
35 14 30
28 20 18
42 8 21
40 13 6
26 5 1
6 12 17
7 10 17
50 9 18
16 21 21
44 5 14
39 3 24
16 10 39
37 6 26
56 19 22
32 7 29
4 18 8
12 18 17
62 8 27
1 12 33
42 14 23
11 4 9
59 10 36
40 6 4
2 2 9
61 7 11
13 5 27
40 16 36
60 7 14
6 4 40
21 2 26
18 13 34
8 14 4
59 7 2
27 4 7
12 10 28
41 4 29
30 11 38
20 5 10
64 9 10
47 21 28
10 21 31
10 1 11
8 8 40
19 4 5
22 18 8
18 16 11
27 12 24
43 8 19
47 8 25
1 7 17
45 2 32
14 18 40
39 13 35
58 2 18
24 12 30
58 21 27
61 4 17
11 17 27
55 2 9
63 2 40
1 2 30
61 5 31
35 4 40
26 10 6
19 16 31
40 11 3
13 10 16
53 19 2
6 2 7
3 8 7
26 13 11
55 15 20
12 6 33
24 6 26
20 13 11
59 2 10
6 13 8
24 13 25
17 2 13
2 16 19
27 4 9
56 1 22
30 19 15
14 21 27
11 16 34
63 20 7
49 2 3
5 15 1
6 20 27
27 9 39
43 16 11
15 17 21
56 19 29
29 20 2
39 4 16
37 8 17
48 6 19
23 20 13
27 12 36
6 15 8
57 19 34
1 16 27
37 20 11
33 20 8
26 5 23
15 9 21
38 8 40
45 17 5
27 18 1
7 16 24
44 21 20
41 15 5
7 7 8
22 18 15
19 16 29
51 12 29
10 6 11
12 13 14
7 12 33
18 8 40
10 17 10
10 9 19
53 8 35
13 7 21
48 10 6
21 13 37
38 13 11
13 2 19
60 1 28
45 16 8
59 14 39
53 21 21
26 1 39
59 18 13
63 10 30
48 11 40
14 21 33
58 10 25
49 8 40
48 5 7
5 4 17
16 1 14
30 10 9
17 10 8
19 18 9
21 4 9
57 7 34
51 17 22
4 19 18
1 17 28
36 12 4
4 20 8
14 5 19
60 11 40
31 15 26
30 17 36
8 9 16
8 3 31
45 21 40
50 10 29
8 21 16
47 21 21
65 5 21
59 11 5
47 8 3
63 4 5
18 21 9
7 3 24
27 1 38
37 17 19
1 18 10
19 14 14
28 17 4
30 15 9
30 2 17
42 1 32
6 16 12
15 7 3
43 11 10
65 4 19
12 7 21
14 6 35
58 21 28
51 7 40
55 12 27
41 16 23
9 16 27
29 3 3
34 8 33
51 7 33
17 16 16
6 18 33
28 18 33
9 14 15
21 9 19
8 2 27
7 10 33
57 1 39
34 3 25
51 20 17
29 15 26
45 8 25
5 13 32
43 9 25
21 18 26
51 14 23
55 12 14
61 17 34
42 6 26
45 13 16
3 9 3
39 21 18
35 6 13
41 3 39
60 7 23
51 1 35
31 15 36
54 18 29
2 20 27
23 11 16
23 11 21
6 15 11
6 17 23
13 18 16
12 11 17
63 21 5
11 10 36
46 3 12
4 18 11
51 20 20
25 8 38
62 19 30
59 7 37
15 16 12
36 11 34
22 10 17
5 7 26
17 12 12
27 2 12
49 5 38
46 11 30
32 17 11
58 7 9
52 21 16
59 18 22
36 2 22
58 19 31
62 5 22
5 10 12
7 15 11
38 21 12
37 5 33
10 12 33
35 15 31
64 11 22
20 2 4
45 17 6
50 1 26
7 12 20
7 13 38
35 3 37
44 5 36
57 11 8
23 2 10
22 8 24
26 5 3
40 5 17
26 13 18
53 19 37
53 1 13
28 14 24
19 21 21
26 21 34
46 18 29
11 19 2
56 14 16
17 19 11
5 10 27
20 9 13
25 9 35
1 12 17
61 1 5
15 10 30
65 1 36
2 16 19
18 14 10
36 17 18
12 11 27
12 6 34
52 8 32
53 5 5
11 6 33
26 3 20
63 20 16
16 9 24
12 18 34
16 18 28
27 6 1
60 3 33
7 12 33
65 5 8
26 18 17
28 3 31
49 4 4
23 16 18
12 16 14
2 16 37
16 10 17
22 17 19
58 17 11
58 19 27
26 5 23
15 9 1
42 8 21
26 3 22
64 7 34
18 6 25
29 9 24
24 9 37
43 16 22
4 7 8
42 4 4
10 2 31
23 4 5
14 7 20
22 13 27
2 18 37
13 1 26
22 21 14
47 17 37
54 11 33
53 12 13
17 9 37
28 16 13
34 19 9
1 18 35
2 15 14
14 17 6
59 6 18
5 7 6
33 17 38
13 8 38
57 11 7
49 15 19
38 19 34
38 8 17
58 1 28
12 18 3
22 18 25
42 6 7
12 13 27
25 16 19
16 15 24
1 15 32
37 17 26
23 3 40
13 6 14
54 4 23
33 18 11
1 3 12
3 7 33
19 11 34
45 4 29
7 1 37
26 17 18
29 5 38
49 8 29
36 17 26
21 21 23
30 20 25
8 13 23
54 11 4
58 21 25
61 8 24
31 2 34
7 6 35
36 9 1
49 4 10
22 6 37
62 11 36
63 13 11
52 18 38
33 2 15
59 15 21
1 20 16
53 12 1
41 2 26
62 19 38
30 1 30
9 19 9
16 19 37
52 18 18
23 16 36
18 12 38
37 20 35
12 15 26
47 17 8
63 14 5
55 4 23
37 13 33
21 19 38
9 10 7
32 19 10
23 17 1
46 1 30
17 21 33
41 12 22
52 19 10
6 6 15
29 8 24
64 16 14
51 13 13
43 2 16
4 4 19
32 20 31
64 4 12
54 10 19
28 14 14
60 3 35
3 4 4
32 17 40
18 13 8
5 17 22
3 12 22
48 21 15
57 6 19
13 19 13
33 17 24
39 5 19
42 20 12
7 7 32
30 1 32
31 14 24
27 19 27
24 19 2
59 11 18
59 16 30
13 17 5
3 17 7
51 4 2
51 2 3
18 15 28
51 8 10
2 3 14
23 16 18
13 14 26
59 7 1
5 12 14
43 12 37
18 4 16
7 9 28
62 6 7
60 15 2
23 15 4
9 12 26
47 16 35
30 8 34
27 11 3
4 5 33
42 11 12
15 17 6
47 15 26
41 18 25
32 6 21
56 20 35
11 7 14
53 15 13
52 9 27
2 11 40
47 15 23
26 14 6
58 6 37
15 17 29
26 11 23
40 4 5
2 9 16
18 11 20
6 9 1
35 14 13
12 17 39
24 17 5
42 3 39
19 9 29
4 11 11
31 4 12
46 9 10
20 10 7
41 13 34
10 17 35
52 16 16
53 2 1
31 16 9
46 17 34
41 14 17
49 5 7
42 1 14
50 6 18
56 11 31
8 14 15
61 8 30
21 2 3
56 12 31
60 8 18
17 13 7
47 15 17
7 5 34
56 3 6
17 1 39
13 12 20
29 12 5
44 18 31
55 2 6
27 17 38
47 10 6
40 17 14
38 10 11
16 5 2
11 9 30
52 16 20
61 4 19
30 14 10
5 18 30
65 20 39
32 5 24
22 3 9
59 8 17
46 16 23
54 11 5
40 15 31
49 21 17
34 20 1
56 6 1
5 13 3
13 14 38
3 20 17
8 18 11
4 16 11
26 18 25
11 19 24
60 19 21
55 10 31
59 8 13
64 7 20
30 4 26
57 19 10
61 6 33
8 20 11
44 18 12
8 3 37
50 16 31
3 21 23
11 11 8
12 16 22
18 20 13
58 18 28
32 15 19
9 9 26
22 20 40
38 12 1
21 9 20
58 20 23
19 13 5
7 16 15
58 13 21
16 2 14
40 3 11
31 4 9
48 9 35
53 20 40
11 7 26
33 19 33
43 13 31
34 14 27
18 17 26
37 6 1
54 20 27
35 10 28
29 12 18
52 9 19
46 6 16
39 9 28
30 14 40
56 7 13
11 1 36
30 12 38
40 9 12
45 9 11
30 7 1
46 14 38
25 9 38
36 1 17
26 19 24
39 13 36
55 20 37
8 7 32
40 20 3
22 11 16
13 11 25
29 10 10
44 1 35
40 12 2
18 9 29
26 13 7
36 4 1
6 17 22
4 6 40
15 9 31
60 12 18
33 5 26
3 17 1
64 1 12
58 13 23
48 19 14
20 6 16
49 9 16
36 9 6
20 9 13
54 8 20
61 12 40
46 13 5
15 18 24
53 17 37
16 19 4
16 21 31
53 15 2
40 13 10
25 16 9
37 12 8
32 5 40
33 17 14
13 7 3
14 12 37
53 19 21
12 9 17
35 7 20
30 18 37
9 19 3
18 16 28
8 16 4
62 1 9
49 17 20
9 5 10
61 19 37
5 5 3
23 7 13
46 18 11
39 20 2
16 11 33
28 15 20
47 6 7
9 17 35
14 6 6
51 18 40
39 6 40
32 18 26
11 19 29
29 5 5
53 20 10
4 11 29
12 19 29
57 9 26
1 16 20
47 18 18
11 2 39
30 13 36
40 19 36
33 17 23
28 3 12
24 4 22
27 17 3
30 17 12
43 18 20
13 17 9
7 16 3
44 18 38
53 1 34
39 15 4
8 19 20
35 8 12
26 10 28
13 3 37
12 15 1
45 13 9
20 14 40
57 21 6
6 8 21
14 21 15
62 3 33
28 13 23
5 2 15
36 16 5
64 9 5
17 18 8
52 2 6
51 11 21
52 6 11
19 10 20
36 11 8
54 10 3
34 10 18
20 14 32
49 10 16
46 19 40
53 13 18
53 17 39
51 3 17
6 2 10
46 18 9
38 13 36
51 19 1
4 16 15
29 7 28
59 13 15
10 10 19
6 10 30
34 20 18
17 1 16
26 18 3
44 7 27
39 2 30
63 10 5
14 17 9
53 4 7
2 12 25
59 21 31
37 11 3
13 8 19
3 21 17
20 2 23
36 8 22
16 14 21
53 9 21
14 12 2
57 14 10
50 17 31
5 14 26
13 17 9
25 21 5
19 4 9
63 6 1
32 1 30
56 3 25
24 1 14
31 17 1
22 5 2
8 3 10
15 7 28
52 6 28
2 8 25
2 9 39
57 8 28
10 17 10
9 10 32
4 7 27
50 4 30
41 5 10
45 6 37
53 9 24
17 1 13
3 2 34
17 20 16
10 12 3
19 9 29
42 21 9
18 7 6
31 10 30
42 15 38
64 2 5
11 15 39
30 14 8
13 21 5
16 10 32
46 20 35
52 14 39
5 9 7
55 20 28
32 5 38
43 9 5
12 7 13
49 9 7
53 16 21
54 21 26
16 7 22
64 2 13
49 20 16
46 16 11
2 19 16
20 4 4
26 14 3
18 4 29
38 14 38
54 13 16
42 17 32
44 16 31
1 21 12
8 11 28
1 11 1
23 4 16
14 2 32
18 15 15
49 10 11
16 16 12
23 8 27
45 10 8
25 21 1
57 18 33
1 21 28
1 17 16
40 14 14
21 5 1
2 17 21
27 7 21
27 11 8
7 1 25
41 5 10
4 14 20
27 19 5
61 1 31
57 19 2
60 2 5
27 8 5
46 14 26
3 9 13
20 1 13
52 2 30
14 5 22
5 5 19
59 20 31
61 9 20
42 1 40
20 7 35
26 12 3
29 2 35
13 9 20
7 11 2
19 11 33
6 5 19
1 16 23
28 16 10
42 9 18
30 1 28
50 14 11
3 8 37
6 7 3
37 3 6
3 4 20
27 9 21
51 17 17
53 7 16
56 5 38
34 17 3
14 4 34
38 21 16
53 17 6
2 14 9
34 20 12
19 2 16
55 7 31
63 18 12
13 17 13
35 9 5
32 18 32
65 5 25
22 12 24
39 20 17
56 10 6
57 2 38
28 19 10
60 12 35
64 20 1
19 19 7
65 1 2
56 4 25
10 9 6
6 14 1
29 3 11
1 21 6
22 4 14
1 9 10
48 2 28
27 16 2
58 17 34
32 12 24
29 4 24
17 16 31
28 16 29
2 6 36
6 14 40
38 13 7
11 11 33
39 18 32
2 16 1
24 2 23
42 1 40
13 20 8
42 10 2
9 10 20
55 20 11
50 7 39
48 13 6
40 20 28
39 18 13
62 18 34
33 14 38
26 12 10
46 8 27
20 14 25
63 15 19
50 6 29
7 21 8
34 14 26
65 10 40
9 17 24
63 9 3
30 10 37
23 4 34
46 21 4
2 18 24
17 5 4
62 17 25
