36 65 269 8503
3642 2355 1709 3292 3518 480 3631 2278 219 1642 2258 3636 699 437 4878 4655 1394 2659 277 3060 528 2982 3833 3815 4199 1057 4497 1436 393 2048 415 4000 4675 396 3255 2586 54 386 4241 4290 4013 2535 1369 287 315 2369 2843 2898 2851 1091 351 3745 467 2186 2224 925 4029 3311 2618 4457 3168 729 2928 3675 1236 
4069 3943 3244 2349 2441 1481 4178 809 3478 3360 1839 4471 3381 426 3349 2665 4066 2109 1851 2388 2622 1653 4890 4775 3066 3693 1249 3564 1688 3009 2623 3713 1522 3778 4227 68 2095 4721 3688 4242 4103 4056 2751 4146 2462 3995 4867 3109 4383 2060 2002 20 2786 1440 2206 1672 528 3288 1454 1898 218 151 2642 283 4288 
295 1364 2670 1078 3958 2673 2087 2502 1835 2748 829 1582 2997 3211 1219 3059 381 4491 349 3695 4581 3613 210 4460 2753 2401 2005 1407 1977 2388 4636 3782 4820 1193 910 1413 309 3907 3064 2258 3166 2597 1413 1245 4440 2281 377 3189 640 2595 2889 1064 2318 2975 2296 3074 3116 2642 4294 4039 2979 1872 2023 2526 1145 
1733 3085 659 3432 4416 1564 1095 4869 1104 4518 2153 4890 2083 3519 133 933 697 4683 3210 4016 1069 3445 4755 212 2020 30 433 3681 3290 4326 2496 3439 3874 3893 3071 774 2735 2407 364 2104 3141 2731 3204 2903 2617 2675 2325 955 4248 1631 1174 4571 1211 1000 1593 627 2948 1139 1996 1632 3277 3459 4495 2672 4397 
3521 2589 1543 2497 2716 1041 2479 4396 776 710 2873 4096 4022 4313 493 1145 838 3775 2047 1204 3566 2758 4575 3131 2642 2308 3216 1083 4387 3853 2474 17 3462 1355 3496 2540 4423 960 2188 1844 611 3545 511 3484 275 213 4040 3140 4789 385 1830 1204 2485 488 4697 4192 213 228 2397 3078 575 2046 2315 2453 3546 
48 171 2941 3500 3067 2575 552 2444 513 3847 2062 3093 3301 2142 265 1655 3332 2417 3021 3319 1006 784 1946 4056 4627 4778 3977 4560 4850 1509 818 211 4149 4023 2473 4906 398 3415 2101 2078 2441 1558 4418 3216 3119 2964 4696 910 3324 2017 839 4672 2763 1026 2377 116 1147 3894 3594 1350 2108 4444 3643 684 2031 
2201 2192 4472 1486 2330 4033 4182 2203 1116 3963 423 2214 1382 2727 1588 4501 1491 2564 2727 404 4884 4557 708 3480 2827 321 1042 2635 2538 3713 4097 3072 1740 446 1402 3087 324 532 2484 4565 4469 3970 418 194 3202 1080 956 1913 3605 3394 1915 4661 1895 4379 3277 2980 2743 531 4474 1732 1520 2944 3428 3492 2486 
3807 2201 3336 3643 3919 388 3351 4544 642 3140 3521 1600 934 4414 4318 3718 4714 2305 4668 1089 4422 4277 2791 2458 4702 4395 3845 932 4168 3358 2420 636 31 1330 1428 2365 3677 3424 3940 2569 1698 2098 2214 3793 2582 2323 4312 1286 4824 2919 105 2841 537 4476 4209 4128 4575 2564 2330 4264 4158 163 4482 3315 845 
2284 3419 4107 202 3111 2888 2131 2093 4530 1690 131 1511 1952 3577 2800 678 1375 265 1345 3960 794 4060 562 1128 3569 4552 904 2568 2024 4010 266 2650 695 4761 364 578 1255 3070 4446 156 3789 1921 3013 410 1857 159 1439 659 4552 4742 3014 947 3853 3111 2963 4181 80 4312 3223 2304 1571 4790 477 2361 2963 
3447 2670 876 1167 654 4870 254 1951 2324 3730 2798 1778 1470 2056 4277 1283 53 2000 1840 2864 1001 1292 3823 3414 4494 1575 1312 3538 1815 1421 4662 2004 4602 1586 3978 106 2689 417 1985 4251 2966 4034 2982 3967 4212 3289 2687 4866 1578 1047 3149 329 2200 4257 1866 1838 1734 3832 305 4656 3484 3630 1091 3238 1777 
407 4328 2553 1834 3418 394 45 2104 4830 1738 1039 30 488 40 3713 3624 4164 4770 3877 3589 2130 418 3392 1725 2638 1899 4167 1108 1989 4253 2782 3585 1104 3307 399 1296 2494 2108 3791 4745 995 3616 4243 1988 4580 1750 1409 4222 722 3918 4619 2868 4283 1495 1531 1434 2685 1184 856 3352 2760 4849 1187 2752 1281 
1330 3368 1802 3160 3507 4159 3029 1916 770 4370 3668 3346 3993 4105 1741 4680 91 827 3291 4454 2939 801 1952 226 2020 1121 3301 2624 3434 3686 300 2163 974 2061 4496 1050 4412 2572 1943 4264 2118 2471 3202 2335 4030 4238 2528 1933 1257 3246 22 1138 477 4537 2970 2997 250 3757 642 3254 4210 2078 1547 3109 1526 
823 357 473 3400 3958 2155 283 18 2611 4016 3294 1951 4667 381 1787 1865 2423 2017 4500 797 3784 3374 2377 2450 669 587 2610 224 1924 3539 2246 4558 2840 45 4785 4147 3838 3675 2007 1877 946 2113 3427 3647 4843 1333 1456 1285 963 1230 413 1552 1743 3068 669 1792 3311 4204 2161 3909 1986 3303 3231 1127 1357 
1269 3094 3387 1138 939 3005 4181 519 3967 778 506 2895 676 786 3866 2912 1851 3929 1985 246 1125 399 4140 1749 4882 629 442 4269 2429 3638 4298 1523 1486 2289 4611 2422 3623 148 2052 2792 1558 839 4240 3853 398 3507 629 4361 1757 1259 83 2153 57 4655 1466 3350 726 3661 326 808 3072 4170 4497 4259 2016 
1486 3575 2849 4776 1901 27 389 2515 4785 4522 4584 3352 105 1172 4885 4599 795 759 272 1514 3935 400 4092 3262 423 101 871 282 4394 4482 1151 3592 2011 4444 2663 4081 3542 4465 476 2698 3832 1365 4460 3748 918 3114 590 3708 2046 748 1809 3210 3431 2990 304 3281 225 3078 581 57 4604 1647 4873 3125 3899 
2858 402 2942 2801 2479 362 4097 4218 4418 2548 3370 1866 1954 2902 1527 107 4138 140 1966 2531 3401 1630 1604 1761 2097 2778 4326 4004 941 2430 1505 3622 4518 2027 792 2034 890 3522 4557 4412 4084 928 4516 393 2156 4670 869 1140 4825 1705 2887 52 531 1115 1865 2787 2711 3793 2050 125 4525 2725 2814 2841 906 
1890 2433 1809 2709 2548 3432 2952 2670 4332 4168 2849 67 1401 2299 4797 4488 237 360 697 2055 417 4531 1207 3496 1052 752 4158 2639 2055 78 3684 125 4113 2093 629 4444 2527 3560 2596 2654 1412 4080 3680 2349 3913 2744 2557 2391 1202 4375 3128 296 1950 2135 2305 2087 1903 475 3613 4907 4730 1432 343 159 1102 
3010 772 4429 1538 4663 1008 1089 1131 2500 159 1543 3218 223 1787 1115 3376 4374 3979 3213 2241 247 2682 2432 4276 3254 4611 4260 817 3616 1310 2570 2279 3948 657 2580 1780 2877 2271 4818 1775 1806 3432 1857 331 4703 2036 3706 1242 2926 3081 2926 1223 454 4832 3681 3055 4229 1892 885 3910 999 3820 2911 341 1631 
3141 1377 2320 1298 214 2822 401 2678 1792 2076 2999 1186 1948 2257 3311 1622 119 4252 2943 4182 3533 91 2582 3566 3951 2902 1925 716 3836 1964 2450 4200 535 3172 2873 2162 2171 3495 3498 4386 3578 4204 4059 2213 2502 2006 2669 2901 2315 582 2804 3029 2873 1764 992 20 602 3761 2215 4747 2343 3507 3835 1801 43 
3815 3896 247 69 4537 4581 1410 2898 3720 219 3599 1674 2571 2652 3296 3926 4866 528 4631 194 2704 257 407 362 68 4418 3005 3081 3508 1836 2098 1437 2213 3019 1996 1532 3275 2203 881 482 669 2265 188 132 4895 4539 2609 1282 3439 4540 951 660 4000 2774 913 464 835 3928 1961 1698 132 1356 3306 442 1311 
2494 1769 3415 3314 4502 2045 1250 2173 2393 2836 3243 4729 1380 4507 4135 4158 3286 1492 3657 3938 4263 3919 2191 3655 1484 586 619 89 1950 2751 3158 499 3168 3422 863 2803 663 1460 3315 1670 1567 2721 4721 2032 2439 3649 4145 2475 1467 4038 211 4032 2595 1762 2943 1499 4191 1821 658 1698 834 1758 2504 3938 4588 
3906 2496 3538 2209 4309 2907 3472 3798 573 883 1802 66 3427 3378 2629 3605 913 1035 1586 2950 907 4215 544 3270 774 3637 3671 2020 1959 4880 723 1421 2592 2712 1675 2219 2644 517 4458 1853 2832 1247 1425 1500 647 4845 863 3727 1175 2099 3076 4593 3259 1216 22 2016 3538 1544 439 2176 2831 4166 158 711 2027 
4226 4187 4369 3850 3380 1481 3384 4332 1138 3756 3083 823 4248 4170 784 125 427 4459 3576 3384 3102 2694 903 3138 1206 3182 2208 456 1036 4566 1148 105 2627 2427 4197 1541 4663 4908 4389 1605 4536 2020 15 402 2568 1260 583 3952 1317 2110 1570 1670 538 2048 3498 800 1193 3301 475 2207 3901 2917 2973 3071 1559 
827 995 1574 3100 4383 3089 2518 4035 241 2223 4508 264 3353 4254 1689 2285 75 1218 4005 3082 127 4005 3945 4245 805 1920 3456 1678 4886 4401 546 4629 2722 1124 292 4230 4410 340 2828 1231 594 2455 1821 2508 2898 2835 2109 2741 3863 2709 3078 4303 2078 537 909 1524 4530 3933 4713 1481 2633 4173 580 3645 2295 
2956 3190 3280 2371 1260 3163 3845 1781 4411 4372 1136 2117 2489 3233 179 750 1590 113 2010 2125 4706 593 2188 4173 3030 585 3840 2410 431 2228 2370 2248 2641 707 3560 2057 3387 2735 4453 3540 3082 365 1933 3574 1937 2273 2301 112 2485 3321 117 170 3447 4724 500 2365 2772 4261 3645 3489 617 3650 2307 3298 1094 
4046 1785 3937 762 4065 4557 2565 626 1329 4134 1966 526 1893 1162 1488 4657 3078 1930 16 460 959 2947 3855 3289 4627 2108 2822 3202 1636 4404 4701 2419 3811 4029 1538 3935 4247 670 4364 3865 2286 755 1644 2611 2999 2441 3062 3483 2234 4658 3921 78 1300 2698 1029 1850 2994 363 920 234 2161 2195 1096 3740 3376 
3693 3564 2397 2127 1034 2036 3409 1954 4650 1055 3575 3655 2037 1574 2955 3537 46 3467 2163 3338 4279 4748 4442 2065 4079 4058 712 2759 651 181 977 4478 4809 3328 1737 1811 4359 372 2999 4567 2289 2911 1562 4115 3089 3249 14 3192 742 1065 3126 1727 473 2916 4280 1018 4804 3207 1291 626 1963 2401 730 3833 2462 
3317 3222 2701 4286 1985 1084 3326 1865 1081 640 3295 4822 1662 4400 336 4181 3274 3067 879 4351 3569 745 1618 1733 3192 2301 1942 2359 1480 3997 778 3638 1778 4205 544 4878 4462 3016 4267 4222 3012 494 1356 2418 919 932 2846 1793 657 4352 4377 4122 787 4841 851 199 4068 506 3027 4826 860 919 1237 300 131 
4658 4425 3032 3641 173 2367 4414 4373 2033 3519 2814 867 1209 67 4146 2750 1597 731 2509 642 1781 4385 1595 3330 2672 2116 3677 1974 1038 3314 2483 1806 227 1068 1524 3014 4205 2958 4280 4118 4429 608 2518 3128 3444 466 3603 768 2296 4238 3453 4256 2996 2058 4309 4244 1171 2558 4629 3548 1098 3709 4023 2505 1013 
3669 3667 4757 4108 283 1753 1186 3386 4706 959 3656 2512 1913 1908 122 4562 3982 38 1895 1373 3385 1001 900 4704 2546 2015 2113 3053 463 3402 1288 2582 3956 4304 1980 2923 1365 990 2215 418 2750 355 1225 1232 2384 4701 276 594 2256 2846 2583 1209 795 1589 3695 1657 764 1314 3561 3911 1818 1326 3089 2293 3869 
1625 1607 1753 2106 4124 1089 3572 4442 1912 2236 3270 2089 2551 315 977 300 932 1244 402 2695 3567 2340 3070 3267 3711 1610 1502 2017 4419 2850 2157 4369 400 4377 4615 3810 4249 3801 4858 3191 3242 2250 2367 1929 2218 852 1394 4878 2425 965 3256 4049 2752 3589 3540 2180 1681 1605 1467 2415 749 281 3118 371 1749 
773 13 1532 4120 653 3018 1972 1908 3049 2191 3176 343 2247 4476 1770 2857 2187 221 2294 348 1593 2149 4628 297 1435 973 4424 279 1153 560 1400 3930 2474 2528 3049 1788 3372 3009 1216 199 1518 3120 3474 2453 4057 3668 3991 3716 2923 2747 4675 1439 3388 110 4079 560 3085 3058 3680 3039 208 639 4474 4354 1535 
2552 63 1952 150 2021 2628 1323 4257 43 3870 4004 815 2626 3240 2819 194 973 2502 10 1694 4546 1930 3564 903 2793 130 2823 4492 3539 2511 2821 4286 525 4318 4038 117 1209 4420 1925 4214 986 2371 2037 3526 1532 964 619 2498 1036 542 4383 2848 4088 902 1172 499 4075 4457 1917 4025 2654 3765 1092 2764 3213 
1650 1311 633 3962 2679 541 2640 2872 3418 3169 3592 4244 1459 2828 4298 4805 3521 192 2062 4504 4569 2229 4565 3345 1614 2545 2480 4595 3477 3669 1264 1603 365 796 4806 688 3754 2360 2881 2792 4095 3400 1664 2159 1286 4671 938 640 3870 2771 4001 1844 3408 1195 4825 3923 3799 4446 102 1421 864 219 14 3926 2429 
339 1036 3825 3568 724 480 715 1157 3455 3414 3413 4418 863 4785 4381 76 2973 491 922 1275 1899 4601 2182 1737 3666 2341 2898 2623 3106 4582 1306 399 1188 2581 785 2461 3949 3913 3415 4184 838 1834 4496 4309 1711 3790 3553 1573 2414 3348 710 3909 3331 3415 4335 506 2393 315 1377 3164 2861 2205 3230 65 2192 
157 1211 1651 4570 2652 221 960 2725 4867 2297 1489 1440 4584 804 553 939 39 568 3753 1339 2406 348 2675 394 1500 1604 368 3267 3035 745 226 139 3947 2167 923 3712 144 3700 2479 873 548 2478 2786 1647 3289 4662 3798 13 3654 2795 312 1371 1182 2790 2468 2397 2838 2751 2769 3778 4223 4384 3090 1104 3554 
25 32 20
28 44 8
12 23 38
15 22 14
14 27 20
9 22 18
21 10 30
6 29 35
9 47 23
30 63 12
26 35 2
8 49 19
27 35 28
29 38 17
1 63 39
30 46 10
23 8 5
21 8 14
16 51 39
4 25 30
27 14 23
8 62 5
16 10 7
21 58 31
27 17 16
6 14 38
21 52 18
26 54 9
8 10 2
30 40 9
16 29 12
7 2 19
22 15 21
11 24 17
18 19 36
33 42 38
28 56 29
19 46 21
26 13 12
23 18 40
28 10 11
18 58 27
4 38 29
26 18 25
33 26 3
26 24 27
9 12 39
7 9 40
19 38 19
1 37 5
18 14 18
10 9 34
20 9 3
23 4 40
33 15 12
5 27 40
1 8 1
7 1 22
24 28 36
25 25 8
29 6 15
28 32 6
11 1 31
28 11 25
6 39 13
12 35 8
19 60 12
10 52 16
11 6 15
27 1 8
6 28 34
6 3 18
7 50 2
19 11 16
28 3 5
10 42 32
4 19 10
23 12 5
11 26 12
32 4 28
31 60 4
34 24 28
26 48 9
3 57 31
14 20 34
32 49 13
2 8 3
32 24 14
2 39 39
13 58 36
16 15 5
33 6 11
18 54 24
5 26 23
20 33 35
1 5 30
5 53 32
27 61 33
6 47 37
10 27 19
7 29 10
12 46 1
27 40 36
33 22 24
18 21 31
17 11 25
7 45 38
33 11 25
34 63 37
29 51 27
32 46 6
3 34 39
22 30 35
21 30 3
34 17 16
10 14 24
16 50 29
17 42 12
14 40 4
33 50 26
20 10 8
2 49 26
22 10 6
15 39 6
15 42 39
24 9 24
11 33 12
28 25 36
19 56 33
32 48 2
1 31 35
3 22 21
21 16 37
19 39 11
29 18 17
31 8 29
30 25 25
30 33 3
26 2 4
1 30 37
20 14 11
9 14 7
12 58 8
5 62 1
19 8 38
34 51 31
21 30 18
27 50 5
19 33 37
21 42 27
24 56 20
31 14 3
19 59 16
20 61 2
7 47 35
31 15 11
20 43 5
20 38 2
28 11 38
25 40 22
12 63 8
22 62 9
18 17 40
24 53 16
15 36 13
11 26 17
20 30 5
12 32 32
9 63 14
32 62 35
22 44 9
2 13 23
21 28 35
14 41 24
3 3 18
2 29 8
26 48 10
1 29 30
14 40 4
31 26 14
26 8 9
2 34 34
1 47 37
21 24 28
34 59 38
24 58 19
10 27 7
33 58 6
22 30 15
15 27 12
9 28 16
12 2 38
22 44 25
20 25 23
10 46 8
27 14 26
21 45 17
20 54 37
8 1 17
13 62 27
8 13 25
28 37 34
4 48 24
22 52 17
29 1 30
7 54 32
14 28 9
5 12 40
22 36 5
6 13 7
17 24 20
24 3 11
8 43 13
22 33 12
10 36 34
2 62 8
2 21 30
6 55 9
18 11 21
7 56 2
10 47 20
34 55 22
20 50 20
28 45 25
32 52 6
19 41 33
24 30 17
27 35 39
22 40 9
17 54 8
7 52 4
9 60 13
14 8 27
23 3 35
20 58 12
11 44 23
6 30 28
7 43 6
26 55 15
16 16 7
19 57 17
22 7 33
15 49 26
27 23 37
18 62 14
19 7 7
10 12 13
9 46 30
12 60 23
27 56 25
20 30 26
27 17 32
20 18 28
33 4 8
23 59 11
32 63 5
29 1 28
15 32 5
22 54 27
6 46 35
13 51 3
5 63 35
21 32 32
9 18 18
17 5 10
16 23 18
19 59 20
22 29 35
18 11 33
2 53 32
19 62 34
10 40 4
12 17 26
23 33 18
25 39 3
7 19 29
28 58 38
10 11 11
23 13 23
30 42 13
16 12 27
19 9 9
26 26 24
10 6 38
23 15 27
5 20 25
26 53 2
7 6 3
32 14 38
1 28 40
22 52 9
5 43 23
1 13 4
16 20 14
34 15 8
16 22 15
13 3 28
19 45 32
6 33 3
18 38 25
10 11 13
9 60 32
9 59 19
33 31 18
19 37 16
6 18 20
16 8 30
22 61 1
21 9 9
16 23 1
9 27 10
20 46 3
24 4 17
33 24 14
5 3 32
15 33 2
27 34 6
23 57 1
3 8 36
11 60 17
28 41 14
12 33 34
3 15 11
8 1 7
13 39 1
12 16 20
5 54 38
6 7 4
22 22 20
28 41 35
27 21 20
34 20 24
27 15 24
34 57 32
21 24 37
31 37 5
14 42 5
24 11 8
10 41 8
30 53 34
22 60 9
13 45 39
24 37 26
3 37 6
9 29 17
31 47 38
26 9 30
24 18 16
14 42 22
23 59 28
26 33 6
24 22 40
15 59 25
7 27 20
31 17 25
21 44 9
13 11 3
3 53 27
18 19 18
8 41 21
4 39 29
3 26 33
25 12 36
34 36 13
9 17 24
19 19 34
5 40 1
29 4 11
19 63 5
15 39 26
20 53 4
16 11 1
33 32 18
7 29 15
12 27 17
4 41 19
15 50 34
15 49 23
5 1 24
19 26 33
24 39 38
3 30 18
34 47 19
19 19 11
29 27 8
26 50 39
10 9 34
8 9 7
29 9 12
33 18 2
20 9 8
29 53 10
31 1 7
16 39 27
21 42 19
16 30 17
26 57 11
18 21 18
2 4 9
15 30 37
19 47 28
19 39 16
29 62 28
23 38 20
16 13 34
4 9 6
7 53 9
28 28 7
4 48 32
1 40 28
33 41 10
11 16 31
9 6 6
24 6 12
15 32 33
32 45 13
29 57 4
23 52 30
27 4 19
16 29 19
17 62 2
8 39 40
19 32 5
19 14 10
16 36 13
11 7 9
19 49 3
31 53 21
22 21 18
27 50 34
5 52 16
2 63 14
5 63 27
33 62 4
16 33 40
24 7 31
9 23 36
30 1 34
15 28 36
13 6 34
25 31 11
30 41 8
8 11 18
6 36 31
1 3 11
21 25 16
29 55 39
9 10 9
12 26 4
8 2 38
21 28 26
34 63 29
8 37 31
4 45 37
13 8 12
14 14 39
5 1 34
9 11 8
30 9 3
26 4 8
34 25 37
7 23 27
5 45 32
26 60 9
2 19 2
1 50 22
23 61 27
5 7 34
30 8 37
23 41 9
31 16 33
30 13 17
5 47 3
28 7 11
11 27 17
16 9 40
18 21 15
22 2 10
1 46 1
28 7 17
16 27 40
33 27 2
6 24 32
23 10 2
22 55 36
15 32 12
34 52 1
15 41 29
24 37 11
14 52 28
33 6 17
18 12 7
21 61 29
3 14 27
6 29 17
21 33 22
3 23 2
28 63 34
19 57 28
20 59 6
7 37 34
33 47 30
31 44 18
10 58 40
3 38 5
34 13 14
22 57 20
1 25 2
9 45 13
10 53 6
33 42 19
30 16 26
13 11 8
9 48 27
33 21 32
4 21 33
26 34 8
34 31 33
24 62 34
15 18 11
14 24 34
2 34 33
13 21 3
25 19 33
33 35 28
13 45 34
22 2 20
9 51 8
5 9 12
12 35 37
24 26 37
24 27 39
30 20 37
33 17 21
15 56 3
32 10 5
20 13 1
7 25 15
9 59 7
7 26 11
17 8 5
28 17 35
8 63 7
21 9 35
32 21 25
17 7 30
19 7 9
1 19 23
2 6 8
24 30 1
33 34 6
33 54 24
1 40 27
13 4 23
9 38 23
14 2 36
18 6 10
24 35 31
8 24 5
23 63 23
31 2 10
11 27 10
26 37 39
9 56 36
2 55 36
34 52 17
14 6 2
4 18 11
27 54 31
9 50 20
1 62 9
21 8 37
6 7 7
17 4 27
20 4 32
28 1 21
34 58 31
2 50 31
31 4 32
7 40 8
27 11 2
19 31 38
11 63 31
15 16 40
13 32 6
17 39 2
30 49 37
22 29 26
16 8 22
32 62 4
3 24 19
8 61 14
15 24 1
28 12 33
15 25 20
26 11 28
6 52 19
14 14 19
10 28 40
27 51 20
3 20 34
26 3 27
23 23 15
19 49 36
1 31 7
9 9 13
34 49 21
8 62 6
21 21 2
4 19 19
1 35 16
15 40 12
15 5 15
5 6 10
21 56 1
25 60 22
32 4 28
29 17 36
23 7 25
19 14 33
12 6 28
26 26 17
15 62 36
31 57 32
9 16 8
22 43 13
22 49 21
34 12 12
7 56 35
15 23 17
33 61 17
30 35 16
10 28 20
27 19 32
17 9 33
16 45 23
8 30 33
20 53 31
25 30 33
25 26 2
28 51 14
5 47 28
20 41 37
1 12 40
15 34 26
9 53 14
17 20 33
28 42 20
28 22 19
23 35 36
4 49 7
13 50 17
8 62 16
31 11 15
15 40 23
31 28 2
18 32 9
17 56 28
32 58 5
2 28 8
29 20 25
21 25 30
27 52 21
16 56 16
10 57 7
15 29 1
30 18 16
24 15 36
31 49 8
15 14 26
24 58 28
13 28 17
10 4 39
34 23 16
7 8 25
6 11 30
10 46 23
27 63 39
5 53 8
29 19 9
29 60 29
27 24 35
12 36 20
27 9 10
2 6 26
33 35 36
1 60 7
17 50 34
17 57 29
24 18 33
9 60 16
16 3 37
16 38 34
8 60 28
33 49 14
17 21 5
27 21 19
30 44 9
18 62 29
17 56 32
5 8 3
24 57 14
9 38 1
26 1 19
19 8 23
4 26 4
20 38 28
30 60 25
27 42 39
29 34 38
7 39 40
9 11 11
3 39 4
27 9 39
23 3 39
22 33 38
8 17 39
11 8 34
12 46 36
29 20 16
11 48 12
34 10 19
27 42 24
25 52 34
23 20 21
3 56 26
3 59 1
19 20 5
11 39 1
10 16 33
19 26 25
9 59 31
10 1 29
29 51 4
34 20 7
28 54 6
12 31 27
5 12 17
8 5 3
34 9 25
19 38 27
7 22 8
31 47 31
11 26 30
14 16 11
7 11 36
13 44 16
26 38 13
10 8 21
12 18 30
7 63 33
20 16 18
33 38 20
24 24 23
6 41 24
32 42 12
24 25 5
19 2 33
1 51 14
2 21 35
21 27 32
25 28 32
1 34 40
2 3 29
9 38 27
18 29 23
30 63 38
21 60 29
8 31 7
15 23 37
2 38 17
20 41 17
24 58 32
32 49 38
27 57 2
29 41 33
17 4 39
2 20 30
34 33 20
6 51 29
8 46 34
30 1 38
31 35 9
2 45 34
20 15 40
4 21 27
1 42 18
24 19 33
22 26 22
30 24 5
1 28 27
15 10 40
4 8 29
9 56 3
25 20 29
13 17 7
11 2 3
30 23 15
25 44 27
21 6 37
16 60 5
10 37 14
24 16 19
15 59 13
34 7 9
9 19 12
6 9 31
6 60 25
1 2 38
26 53 33
21 48 16
13 56 35
21 25 22
31 62 37
8 36 23
12 59 2
25 63 4
1 9 27
16 9 17
15 8 28
6 23 8
22 27 12
1 62 37
33 29 26
26 49 14
12 2 35
7 4 37
5 17 20
2 55 2
28 41 6
31 60 27
34 52 7
33 4 39
1 17 29
21 19 24
31 38 13
34 7 18
28 34 37
9 8 39
12 3 11
33 38 23
6 38 34
15 61 20
1 47 31
10 52 16
20 51 31
26 34 17
6 47 2
14 13 16
23 4 30
7 7 6
26 21 34
15 31 13
17 45 9
9 24 40
14 38 12
1 27 38
24 61 28
30 8 16
1 48 27
17 50 16
17 2 28
4 19 30
12 32 4
32 32 32
19 47 8
25 47 21
34 6 29
22 50 18
31 29 5
8 25 29
24 44 11
14 41 15
25 25 11
27 16 29
28 39 2
4 29 28
13 37 4
11 32 25
10 25 22
27 61 33
28 16 26
20 10 1
5 24 32
4 31 27
12 50 26
4 27 10
9 44 24
10 50 32
2 24 10
22 47 17
28 16 3
21 38 19
11 62 20
18 6 10
21 46 13
7 53 36
3 31 30
9 61 18
23 50 25
1 48 40
7 60 4
31 1 15
15 28 3
11 39 39
9 38 5
4 51 27
23 18 12
4 2 31
20 46 4
32 28 40
29 31 15
22 13 32
4 45 6
8 60 33
30 42 40
31 59 19
16 15 2
5 61 14
33 58 29
10 61 27
12 52 30
21 15 25
9 2 21
2 29 21
31 6 11
13 36 4
9 57 21
9 7 27
4 49 15
27 43 11
13 18 39
12 28 8
25 26 14
10 28 40
24 32 36
31 3 10
17 9 30
14 42 15
33 51 1
27 31 31
34 62 34
22 57 38
13 14 2
24 54 32
26 27 30
16 39 31
11 20 16
3 55 13
2 6 29
19 22 17
23 6 29
31 34 26
10 20 19
4 25 16
6 20 33
3 23 39
16 53 1
17 9 8
20 13 25
10 49 32
25 29 13
16 13 11
34 52 28
7 20 4
30 54 23
20 42 3
28 62 34
29 10 30
15 32 1
30 48 6
12 15 16
22 1 32
29 46 33
32 1 23
26 60 33
15 24 35
10 57 27
16 45 23
10 28 10
17 54 32
2 24 9
22 16 12
34 30 13
12 58 5
30 61 22
31 5 9
14 51 9
23 50 5
11 25 9
4 61 7
17 36 14
18 51 13
1 6 34
25 56 29
25 14 6
5 29 36
30 6 21
17 34 17
24 18 6
3 57 11
13 13 33
26 10 24
16 50 30
4 28 7
4 34 33
8 41 34
14 56 25
1 39 35
26 51 5
12 19 36
28 35 7
19 60 39
5 3 36
28 40 5
3 50 30
9 55 4
14 6 1
25 13 18
25 21 16
5 52 8
31 59 10
9 43 1
16 13 2
31 5 23
28 14 38
34 48 2
19 52 29
12 23 39
15 14 19
18 25 19
21 53 37
24 8 36
21 28 26
14 38 2
7 12 34
17 53 1
30 60 40
23 51 11
33 6 26
20 41 18
5 60 27
22 13 40
33 8 17
26 20 8
2 3 37
15 58 8
1 38 4
16 24 29
22 31 1
33 51 12
8 55 17
25 13 17
23 56 2
33 35 23
16 8 25
30 62 29
28 60 20
27 39 5
25 47 36
27 59 22
21 23 18
30 59 25
4 62 34
5 58 3
9 58 21
27 18 8
33 13 29
15 21 4
2 35 3
3 21 18
1 48 36
23 10 26
26 30 3
31 42 29
5 37 18
9 45 19
34 41 10
16 39 39
16 55 27
20 42 3
9 53 21
26 30 4
21 47 13
18 62 21
16 49 5
32 48 23
22 4 35
20 23 3
21 53 23
1 8 32
24 30 14
11 53 15
34 39 10
9 22 2
12 12 10
17 31 39
8 5 7
34 54 34
16 36 29
12 14 29
13 14 4
13 51 11
4 44 4
3 56 23
15 21 8
26 10 25
17 27 28
26 35 23
17 7 8
27 59 22
14 44 30
6 36 5
15 38 34
6 63 29
7 4 20
28 5 16
9 63 28
21 55 22
28 38 1
3 36 12
11 56 5
19 21 27
2 41 15
9 61 28
3 24 10
10 41 23
16 32 25
12 61 10
17 23 16
7 46 7
15 62 24
15 24 12
23 45 5
34 49 3
3 5 35
22 28 15
12 58 9
2 29 15
23 40 29
26 59 31
15 35 34
8 52 1
12 29 23
2 5 6
32 61 39
24 17 17
24 30 30
14 25 1
26 9 8
6 47 23
16 31 18
4 58 2
13 57 31
34 21 7
29 63 21
8 18 24
33 44 34
26 19 36
14 13 39
20 38 34
28 62 33
24 34 37
29 33 8
18 48 30
4 29 13
24 10 9
20 26 5
21 15 18
19 8 9
7 2 18
22 20 17
24 10 32
10 60 7
19 16 22
19 5 18
25 9 5
6 7 26
3 26 26
25 10 13
11 61 26
22 14 35
33 32 18
30 22 29
29 18 35
12 9 36
28 19 32
10 47 28
4 51 15
4 8 30
17 6 1
26 47 33
21 20 11
14 48 31
12 1 5
10 14 39
22 19 10
5 38 13
20 57 32
30 55 26
5 49 38
17 30 30
1 33 2
33 41 24
30 22 32
23 39 37
29 40 9
29 38 13
10 47 24
22 46 40
7 12 17
32 60 11
29 26 11
30 34 34
7 58 4
17 31 35
2 59 8
11 1 2
22 40 30
16 3 4
9 63 17
24 41 38
8 18 2
4 61 8
25 18 35
33 13 14
6 56 37
19 58 8
14 4 22
14 16 30
17 60 29
28 45 4
33 13 18
1 36 38
19 44 13
9 63 33
6 23 32
3 49 9
4 40 22
7 1 17
16 16 26
22 50 12
14 42 33
11 59 2
25 48 14
6 30 8
29 56 8
25 3 37
14 49 29
13 15 17
26 28 27
15 51 34
2 10 4
29 56 23
33 58 40
16 31 1
30 59 22
4 63 40
8 15 28
20 20 3
31 31 38
28 7 40
10 24 36
8 3 3
14 1 37
12 52 27
10 28 25
30 19 17
7 60 14
31 23 3
3 4 37
1 17 11
30 61 10
6 39 1
34 5 25
18 3 18
16 21 22
3 44 20
26 19 3
23 22 26
6 41 40
7 10 36
33 16 27
17 46 23
26 21 3
10 42 8
7 28 4
34 30 28
15 7 27
28 39 2
25 63 15
19 21 10
29 6 7
4 13 19
32 55 33
14 53 22
18 2 40
16 27 39
22 10 18
26 52 31
26 11 16
28 14 11
13 15 20
16 42 34
17 57 29
6 1 3
33 62 12
29 6 27
7 63 9
28 39 18
6 1 31
17 38 26
34 61 14
10 21 40
23 61 28
31 34 13
14 19 31
14 42 15
32 39 9
32 30 36
19 37 10
10 8 26
15 48 4
11 48 22
27 16 39
22 60 28
9 22 12
30 12 20
28 47 15
28 30 37
20 20 3
28 58 38
15 7 12
2 25 22
25 24 11
1 21 2
24 61 23
29 56 19
34 45 13
2 1 28
21 42 24
25 1 33
6 18 24
20 41 21
34 41 34
34 20 10
5 5 1
18 36 34
2 54 8
6 29 15
13 37 22
32 41 28
15 42 11
31 30 2
9 43 1
33 62 40
26 20 10
6 31 40
15 60 18
15 49 33
25 47 25
5 32 20
20 18 36
6 21 16
17 44 13
18 48 38
25 28 17
11 5 17
34 9 19
15 1 37
22 59 26
27 16 37
2 63 23
28 60 30
27 10 25
18 13 20
7 11 27
5 49 35
4 7 1
32 34 37
15 24 31
26 44 6
14 19 25
16 15 34
4 11 17
25 47 31
4 59 19
23 14 2
5 62 16
6 8 14
13 10 2
17 42 21
25 35 40
17 10 31
27 28 35
1 30 5
34 57 11
17 58 17
19 62 33
10 30 6
19 8 23
3 63 2
2 37 13
31 34 39
3 24 28
24 63 40
3 27 25
23 10 6
4 3 34
24 52 19
19 24 13
29 32 40
21 37 33
33 41 26
26 3 16
19 12 19
9 41 38
30 54 22
5 4 14
1 46 3
19 56 33
11 17 14
21 17 36
21 16 38
19 33 35
26 9 21
19 31 1
15 12 35
10 14 10
4 13 31
3 32 36
19 8 8
24 12 1
2 36 23
14 4 24
13 54 35
5 9 8
16 39 33
19 35 9
22 15 15
19 22 35
28 34 15
27 56 37
21 16 11
1 39 34
12 57 13
2 26 32
23 11 31
14 52 34
11 31 1
33 54 22
4 31 4
16 28 33
4 22 24
9 4 31
5 35 27
22 14 1
5 26 33
34 3 23
24 35 32
17 15 35
27 12 31
9 59 32
31 16 31
20 9 31
6 5 37
6 35 6
9 41 16
16 4 25
11 52 35
25 6 11
16 55 30
27 44 38
1 54 28
26 35 39
33 48 32
26 15 15
4 20 34
17 21 18
7 43 8
17 16 11
3 10 1
13 21 3
15 1 31
17 60 22
32 13 10
10 45 12
18 42 7
31 52 15
5 40 6
34 31 39
20 8 7
16 36 26
34 8 20
23 20 21
7 32 6
15 49 21
15 19 37
7 46 20
30 16 28
13 3 14
28 8 11
7 10 19
13 19 1
32 20 13
27 41 9
20 47 13
8 62 34
1 31 1
27 21 4
9 29 20
20 31 31
10 16 4
16 38 39
7 1 37
22 28 28
16 60 14
4 36 36
5 61 9
10 36 5
27 60 4
19 58 17
13 1 12
9 19 19
1 6 20
11 61 40
14 54 29
19 63 19
23 20 6
1 25 38
10 39 30
16 42 4
22 11 26
1 44 10
23 16 13
25 59 37
15 29 33
4 62 2
13 53 30
19 59 27
33 25 24
22 25 21
30 53 38
12 27 24
18 13 40
18 30 19
14 31 24
23 54 33
10 51 17
21 57 19
14 39 2
29 5 31
11 40 27
34 45 28
12 1 2
34 61 27
6 16 33
26 23 8
6 6 15
21 43 3
19 19 4
14 14 5
32 48 26
26 33 14
8 51 30
12 49 27
13 22 8
4 5 3
2 62 28
26 47 31
14 21 8
17 54 16
24 63 28
24 44 22
33 43 1
30 11 32
33 54 17
34 14 13
18 7 25
5 60 6
17 37 18
16 26 32
32 8 26
5 6 20
24 36 16
10 5 30
7 39 40
19 28 35
29 51 15
6 3 40
19 31 35
3 52 36
32 43 9
29 52 36
11 37 30
7 16 34
9 15 16
2 25 3
28 8 30
27 40 14
32 21 32
8 31 32
7 62 12
28 55 10
16 46 19
29 12 14
10 37 38
26 35 24
27 8 5
11 12 22
5 4 18
34 51 37
19 9 35
34 23 38
1 37 15
22 10 32
3 42 9
20 4 2
8 34 14
19 35 40
28 43 34
3 30 24
22 6 18
25 55 8
13 4 32
33 14 33
19 8 37
34 37 15
5 14 20
25 12 33
19 40 24
13 26 16
32 35 33
17 29 2
11 15 8
21 45 34
10 54 22
9 49 36
28 52 32
7 58 22
16 63 31
30 2 1
1 41 22
14 62 27
34 29 2
28 40 8
3 55 11
26 8 17
16 48 22
10 28 3
30 11 7
5 11 35
26 12 18
24 40 11
33 35 26
13 33 21
11 21 35
29 23 26
6 52 4
25 18 34
5 7 39
7 45 23
16 61 6
23 23 17
10 47 37
19 62 26
34 2 22
21 46 5
22 19 13
1 53 9
10 62 33
24 54 8
12 45 34
22 23 35
32 50 31
28 57 30
7 16 32
15 31 40
10 6 27
13 13 30
34 40 20
17 44 29
8 60 4
33 45 25
23 25 26
8 13 7
15 23 9
11 1 37
25 29 25
1 30 19
30 48 7
4 6 20
34 62 3
19 45 1
3 26 30
34 16 6
13 46 26
17 60 7
13 40 36
24 12 39
15 44 19
2 58 33
32 53 30
8 9 39
7 14 31
29 39 25
10 50 39
16 26 6
33 54 15
30 41 18
23 19 35
16 14 17
13 18 19
23 11 1
25 53 7
13 12 4
18 52 18
11 56 15
28 22 6
29 41 14
30 35 15
1 32 17
20 62 16
1 57 13
30 10 31
17 58 27
8 46 6
13 35 5
33 50 37
27 49 36
21 62 8
28 52 26
15 42 27
8 48 22
14 28 27
6 54 4
10 56 17
9 14 8
18 23 32
30 42 16
33 17 14
24 35 26
13 21 5
13 4 12
24 26 32
12 33 7
2 19 6
30 16 29
5 20 29
31 62 18
8 28 40
6 44 20
12 14 17
1 59 15
20 12 28
23 23 20
21 57 14
33 57 10
2 41 2
15 35 10
14 61 14
23 22 19
23 4 20
31 37 3
20 21 25
27 31 20
1 36 34
1 59 5
12 27 26
7 61 17
7 60 38
29 9 35
18 33 3
5 59 27
9 4 3
29 31 20
11 12 24
14 31 29
8 18 31
26 42 25
14 15 33
7 22 37
2 36 23
17 24 26
13 7 18
27 50 1
7 42 20
5 27 17
6 29 22
33 17 40
34 50 1
2 45 22
14 22 1
34 26 28
31 38 7
13 45 23
32 11 11
32 9 16
9 13 37
2 46 16
10 6 11
13 40 25
34 10 13
17 5 11
30 20 4
25 39 27
19 51 1
29 7 39
7 17 10
13 48 2
9 36 22
4 58 31
16 56 17
32 23 11
33 4 21
12 14 35
12 43 37
28 54 5
10 22 28
7 29 30
9 11 20
19 3 17
12 39 27
28 20 9
26 44 5
4 11 29
10 7 3
20 59 30
19 60 13
30 23 38
12 33 19
8 2 36
15 10 8
17 58 26
4 38 34
23 61 12
9 53 3
24 33 40
34 63 38
4 37 38
9 2 24
3 14 4
24 26 23
2 11 30
22 9 27
33 27 38
11 60 29
7 36 25
23 24 2
26 16 1
17 16 35
9 22 31
13 5 14
11 25 9
29 48 40
8 22 33
18 25 6
7 5 12
22 1 6
22 5 29
28 8 40
27 26 31
14 60 25
16 16 14
33 34 35
11 36 36
29 57 6
23 31 30
24 54 32
12 3 39
1 9 14
10 13 39
9 6 35
15 25 13
18 20 33
34 23 13
1 24 26
33 30 34
27 57 13
11 29 10
25 55 25
8 11 23
12 10 32
22 4 3
34 34 37
30 33 21
20 37 2
13 36 36
12 32 9
26 57 16
8 11 9
20 54 22
33 20 2
11 24 9
19 35 2
6 51 24
20 49 34
6 45 33
19 61 31
34 35 27
24 5 22
28 31 25
14 60 20
8 37 40
23 6 20
21 11 39
16 7 18
20 42 28
29 41 32
18 56 39
2 2 19
30 40 7
9 42 19
17 55 1
28 30 5
2 18 13
33 16 22
25 54 10
6 2 33
34 59 27
4 12 28
8 7 5
19 33 40
19 50 35
26 5 37
9 44 32
14 41 3
29 53 5
15 18 31
8 36 21
27 31 22
17 42 35
15 49 23
33 60 31
33 49 5
17 45 32
34 41 17
15 44 22
12 24 23
15 6 28
26 4 40
9 35 7
3 18 7
10 56 36
29 55 35
31 63 13
1 24 17
15 30 17
9 32 14
11 26 36
3 37 15
16 15 4
26 22 39
7 24 32
15 7 16
16 40 33
23 63 16
13 52 23
27 39 12
8 12 34
9 43 20
17 20 31
17 46 4
31 31 31
31 38 39
24 23 11
19 23 40
7 6 25
4 40 22
32 42 18
26 59 5
16 29 15
19 31 22
21 17 17
12 53 9
27 38 26
25 21 13
4 4 31
8 16 17
28 62 38
32 38 27
14 35 17
16 42 9
12 57 7
13 30 25
13 29 9
10 17 7
28 49 12
33 61 8
18 18 39
25 9 7
10 30 16
27 38 20
27 14 2
29 36 32
8 44 7
25 43 29
10 46 29
15 41 2
34 25 2
7 45 18
7 41 3
4 44 39
7 30 30
31 28 25
10 20 4
15 56 28
12 35 35
29 59 29
32 11 28
7 17 16
27 38 24
11 39 29
24 53 19
29 6 40
32 14 16
22 52 29
10 17 16
25 3 20
25 7 11
12 41 3
6 54 31
22 29 37
32 41 8
17 34 22
2 3 1
1 47 33
29 7 28
28 3 40
10 44 7
28 6 24
11 6 7
19 2 13
23 61 39
23 52 20
23 13 39
22 15 36
22 24 27
32 40 15
23 2 19
5 7 17
4 7 22
19 23 1
25 15 10
13 24 21
18 15 32
15 63 14
9 38 23
11 48 15
1 10 11
12 62 11
7 2 24
20 24 2
33 6 15
27 62 37
22 39 9
16 7 24
33 40 9
10 25 23
18 63 8
17 6 30
4 25 10
17 62 33
2 30 1
32 21 8
7 28 13
4 61 5
6 43 22
4 28 13
20 36 24
18 32 28
23 2 29
5 48 39
21 37 5
22 20 12
30 56 38
22 41 5
3 33 38
16 49 40
7 20 33
9 23 28
1 36 37
27 63 9
31 44 32
26 7 34
21 2 11
2 18 38
12 13 32
19 31 37
21 57 37
18 51 7
27 40 20
27 38 19
28 26 18
2 9 26
7 60 6
33 6 21
34 49 26
6 55 12
16 54 34
27 32 15
14 51 15
8 41 31
34 62 38
22 15 31
34 44 8
13 11 29
3 56 12
30 41 1
25 60 10
30 27 10
33 16 34
12 27 32
19 49 36
2 44 22
24 38 15
8 49 31
3 12 33
28 5 40
28 19 26
27 4 22
23 56 13
22 29 18
23 16 18
4 43 14
32 11 28
34 57 27
2 31 22
31 6 27
7 57 35
17 19 25
15 43 3
8 43 14
12 32 40
5 44 29
30 24 5
30 44 6
5 49 10
24 58 37
5 20 4
17 48 34
18 12 40
7 10 21
23 11 21
33 27 7
1 3 29
4 44 26
33 20 6
15 47 21
33 48 14
10 39 8
2 23 11
7 25 36
24 10 38
21 18 39
16 63 40
33 14 17
26 24 10
14 17 15
10 26 35
24 12 4
8 45 17
34 63 13
17 39 5
2 13 2
25 20 24
6 46 10
7 1 37
27 43 24
4 20 20
32 21 11
13 50 8
32 33 12
2 30 34
25 6 13
8 59 22
19 4 10
31 56 36
21 29 9
25 35 40
15 42 26
4 10 8
31 25 1
34 1 19
17 29 29
21 32 11
18 14 15
31 26 37
5 28 12
25 58 25
21 18 31
23 23 28
1 17 19
34 1 33
6 5 37
24 11 40
18 41 22
7 20 10
6 35 18
1 9 31
17 59 15
14 21 10
18 11 37
11 24 26
11 53 13
21 5 22
30 26 15
23 18 24
19 48 11
17 45 34
1 12 23
14 25 27
1 34 36
20 45 19
1 55 31
20 4 12
14 1 9
18 47 30
34 58 5
19 57 16
32 50 37
10 51 2
12 51 4
27 36 10
34 34 5
20 46 13
26 40 5
32 58 15
4 44 17
9 21 5
11 10 39
31 8 21
5 28 9
10 49 14
4 33 38
26 50 1
19 27 22
15 55 36
31 38 35
15 35 19
12 40 15
12 37 17
32 3 3
16 56 8
2 57 40
25 43 24
33 47 9
29 41 38
2 24 18
28 58 35
26 54 6
16 41 40
26 62 23
23 37 36
30 23 34
2 21 15
26 4 34
6 23 38
27 35 38
12 36 14
12 59 5
34 36 39
20 28 9
34 16 39
33 49 18
19 24 40
26 33 40
31 62 40
11 38 1
13 25 37
28 2 15
1 59 28
29 36 40
25 21 14
20 41 3
19 50 2
27 29 29
23 26 19
5 11 24
17 44 14
21 17 39
17 45 24
20 33 6
33 45 1
34 25 10
8 48 29
23 23 38
3 49 20
18 26 32
33 41 26
25 36 12
33 26 21
34 6 22
5 29 25
26 17 2
1 47 37
21 43 6
17 39 34
15 11 36
2 43 14
23 13 3
21 56 12
15 47 18
32 49 14
30 42 12
10 55 9
24 45 35
30 37 38
29 51 2
29 57 23
22 31 32
22 35 21
9 8 33
20 63 3
10 61 33
30 21 38
2 42 6
29 45 2
2 33 18
4 56 8
25 52 29
28 37 34
28 40 18
25 62 11
15 28 35
13 48 36
12 40 20
24 6 14
20 52 30
31 2 10
27 35 26
6 33 36
24 56 22
31 51 5
30 35 38
31 14 35
6 51 8
2 51 20
20 4 1
24 51 36
2 34 28
34 35 25
28 1 31
24 2 21
10 27 24
2 50 19
11 40 22
32 33 5
24 33 24
21 39 37
13 32 5
30 43 31
23 20 16
19 36 7
32 31 4
23 58 16
13 27 33
26 58 33
2 15 37
7 42 38
3 61 36
25 43 31
3 11 29
2 9 3
19 31 8
27 28 29
10 16 15
8 5 24
15 35 15
27 14 35
11 53 36
5 34 4
29 30 38
8 1 12
13 12 14
23 29 21
22 30 35
31 25 7
4 18 10
9 61 34
23 57 2
31 53 14
6 60 23
22 50 7
3 18 19
6 56 13
13 35 20
12 11 30
19 39 36
22 44 37
12 9 12
8 27 27
4 12 11
18 58 39
17 40 19
16 47 13
15 53 19
6 54 1
17 18 21
13 60 5
25 20 24
12 47 37
17 59 17
13 11 27
25 13 19
19 37 4
16 62 3
20 14 5
14 20 35
13 49 9
8 22 16
14 3 21
15 18 14
17 30 8
26 32 20
15 9 2
8 14 12
21 24 18
4 56 34
18 25 19
3 54 4
16 63 34
9 50 33
29 5 36
25 33 3
20 28 21
22 35 35
25 48 5
11 48 13
9 5 33
14 29 12
2 39 5
34 42 13
17 59 38
29 47 11
26 32 4
33 58 30
13 38 35
10 26 20
9 25 37
33 57 15
18 10 38
11 25 21
14 13 8
9 20 14
33 5 8
33 26 4
21 1 12
1 48 6
15 28 19
9 42 40
5 34 9
26 43 29
12 1 15
19 20 27
4 20 19
18 46 19
34 35 17
11 42 24
16 52 1
17 11 19
19 31 24
13 3 38
11 41 12
3 5 25
29 52 39
17 4 38
19 60 11
24 25 20
14 10 1
24 33 20
10 46 16
31 37 32
2 62 37
16 60 28
6 36 12
23 39 30
20 48 12
8 4 1
24 15 26
22 54 33
6 13 38
23 40 14
16 55 27
23 60 22
9 34 14
31 57 10
14 28 10
19 25 14
3 39 21
14 17 6
18 63 5
17 44 31
8 31 16
26 3 19
30 18 33
23 43 5
7 47 11
2 22 23
24 6 27
8 21 15
34 11 20
8 26 8
7 48 39
22 49 32
12 3 2
33 30 19
4 49 26
29 61 3
3 30 8
28 61 8
13 46 20
7 23 8
15 59 37
32 3 2
20 3 17
3 52 9
3 40 11
25 42 10
18 9 31
9 16 15
4 57 18
9 53 15
11 14 19
14 19 3
25 30 4
28 51 4
31 33 27
26 30 19
31 24 32
13 10 17
30 33 30
14 55 5
10 35 27
10 39 26
32 21 14
3 57 27
28 53 2
3 41 36
1 3 25
21 35 3
2 34 10
14 62 9
25 14 5
24 51 14
27 54 11
20 46 17
3 33 40
23 53 31
17 26 30
29 33 19
20 35 12
29 46 12
8 34 17
3 58 6
13 6 8
9 19 36
18 59 30
3 49 16
30 37 21
7 43 38
23 10 6
9 55 10
27 48 26
17 21 24
34 43 27
21 51 12
24 13 3
12 37 19
14 11 3
6 60 1
10 33 30
14 39 9
7 32 18
27 41 34
30 17 3
10 17 25
12 62 4
17 23 24
1 15 5
28 26 24
9 14 20
22 32 22
18 37 36
28 48 18
22 50 30
26 18 22
33 47 15
26 40 33
12 58 14
15 34 9
23 27 30
19 27 5
20 48 25
19 40 11
29 39 4
6 23 19
11 11 34
4 33 9
27 5 16
6 8 40
13 11 26
5 21 15
3 56 14
22 22 22
8 7 30
1 60 27
24 31 34
26 51 9
8 25 19
18 7 17
1 33 12
10 28 22
25 61 17
13 17 1
21 29 1
24 58 21
33 40 9
29 23 32
6 7 24
6 14 36
11 44 30
2 11 10
6 45 24
10 33 8
10 63 22
15 38 2
28 44 25
26 7 36
34 55 20
20 24 39
31 42 13
9 10 14
14 20 33
34 20 34
9 15 25
9 57 27
23 40 28
19 12 12
30 5 28
12 53 34
17 39 16
19 28 28
30 12 27
3 16 13
22 44 1
28 47 26
10 35 4
6 41 25
34 26 39
26 53 39
6 27 19
21 50 8
25 44 35
6 49 19
26 54 36
3 43 7
18 54 39
1 23 40
3 13 37
26 54 20
27 1 37
6 27 19
18 15 1
28 38 18
31 53 23
24 15 34
34 6 34
22 50 9
8 25 9
32 14 17
8 33 35
17 62 28
7 28 5
21 14 21
1 4 39
24 46 2
8 32 40
4 13 1
12 27 24
13 57 21
22 59 21
11 37 27
26 55 20
15 52 36
26 39 7
8 18 10
9 27 28
11 56 19
28 53 15
3 40 24
28 57 24
23 44 26
4 53 30
26 47 9
28 17 14
24 56 3
18 29 20
13 49 26
1 51 31
20 33 10
5 39 27
13 51 22
6 43 37
13 60 28
29 48 18
11 5 4
25 30 36
11 48 7
10 41 6
25 32 18
8 12 10
11 58 9
1 46 2
19 48 39
1 38 10
34 49 19
21 58 10
12 30 13
5 53 10
7 63 36
19 35 36
10 17 25
19 32 4
31 46 36
31 10 10
21 20 30
15 21 27
14 22 35
34 8 30
23 45 38
1 8 24
23 25 5
29 27 7
1 22 22
19 58 19
4 61 37
34 51 26
21 56 18
6 20 26
23 57 24
30 51 20
34 33 34
22 60 14
30 20 29
32 33 35
19 18 27
13 58 26
18 35 38
27 30 34
31 23 11
33 6 17
20 40 21
5 33 25
9 29 29
5 5 34
3 12 33
26 30 10
14 6 12
28 22 39
20 60 36
5 18 2
9 61 31
11 2 28
30 37 23
5 10 7
2 50 32
26 44 40
25 9 16
2 41 11
19 47 29
27 7 30
23 15 3
2 52 28
19 61 12
13 50 27
22 26 40
21 3 13
30 27 31
30 49 27
12 16 33
27 29 5
18 42 5
31 1 6
18 22 8
17 15 8
13 11 8
24 60 27
21 4 1
13 11 5
18 31 33
21 1 10
23 16 9
8 12 13
30 56 23
18 55 1
10 35 2
4 54 13
10 55 19
29 18 1
34 16 39
14 53 21
24 58 27
5 28 1
29 39 31
29 31 24
10 17 17
15 43 12
12 48 14
16 1 31
32 44 12
23 31 7
16 6 34
28 35 37
7 40 10
27 36 6
29 61 6
30 35 26
15 54 2
32 39 22
12 56 9
7 60 39
10 55 7
20 26 39
28 34 30
16 37 8
12 46 23
33 42 25
13 41 6
30 12 16
31 25 37
7 49 23
22 52 22
30 25 23
15 18 5
28 38 40
17 1 9
18 40 10
10 61 16
14 53 32
14 1 38
17 25 35
28 3 4
25 42 38
1 44 11
34 22 25
22 8 19
10 33 3
32 13 25
26 13 22
28 28 10
26 9 16
25 49 40
9 41 10
1 30 21
9 6 1
4 20 22
31 36 39
33 29 17
30 44 8
4 56 24
3 24 33
22 6 24
9 18 27
1 19 26
9 61 18
22 54 3
18 30 17
15 14 14
7 35 34
14 3 33
1 23 36
20 62 22
18 61 3
8 15 11
34 31 8
18 34 10
17 2 1
33 59 23
7 17 27
30 39 11
7 41 14
23 31 14
4 37 18
32 42 11
15 10 14
22 33 4
18 6 29
29 1 3
13 48 31
8 48 39
3 24 12
22 7 8
33 33 4
27 25 38
22 34 16
21 36 1
4 22 35
23 41 33
21 50 1
30 47 38
18 35 14
22 51 11
2 59 36
9 57 21
34 1 23
27 28 20
14 8 3
26 42 23
14 18 20
25 15 31
6 62 14
30 42 9
7 10 35
20 46 10
32 54 21
16 57 21
23 41 33
8 38 4
27 31 10
15 56 39
30 42 40
16 21 19
31 20 18
6 21 7
19 12 24
1 46 29
11 33 39
6 50 27
5 8 25
18 46 14
28 24 25
17 61 9
26 53 34
3 47 27
11 58 34
17 7 9
28 27 5
17 15 35
23 30 25
17 44 22
11 30 21
28 32 29
23 2 38
28 9 35
18 8 15
13 43 7
23 43 31
30 2 39
27 10 17
7 16 38
32 5 2
2 14 36
3 19 38
10 25 34
9 44 27
31 20 31
3 10 31
33 56 20
8 38 4
31 18 2
7 42 33
11 38 1
2 60 17
33 36 29
34 40 29
1 57 10
6 46 28
24 46 15
21 55 20
17 42 36
27 9 31
3 1 9
19 6 12
3 34 25
1 33 30
3 49 24
25 42 18
3 43 3
22 60 22
26 50 1
12 10 32
8 52 28
5 15 36
3 51 27
6 10 28
22 27 15
1 53 8
17 28 39
26 32 14
11 45 17
1 38 28
32 57 20
8 17 36
31 47 20
28 59 22
16 12 16
26 31 22
7 17 23
34 20 30
17 55 2
5 24 37
3 44 22
7 38 34
12 17 35
16 22 30
33 45 23
1 13 31
24 6 38
9 27 19
13 4 5
33 12 28
4 28 2
25 45 3
4 40 30
7 12 32
10 40 30
28 15 15
24 16 22
26 3 22
19 50 26
24 55 39
4 1 12
5 32 31
3 27 2
31 44 14
30 30 35
14 43 35
21 23 4
24 61 22
18 37 36
3 62 13
19 55 18
31 4 40
32 52 1
34 48 3
29 6 21
33 11 27
8 37 12
11 40 11
25 40 35
4 43 6
2 42 20
23 24 35
26 19 17
21 37 3
34 21 33
33 25 17
23 47 31
22 33 18
19 18 2
15 44 27
18 35 33
5 1 39
10 51 27
4 1 23
28 26 13
32 49 4
24 63 7
27 50 40
23 39 40
20 27 13
28 16 28
25 34 33
4 54 17
7 11 21
21 62 10
13 36 19
15 4 3
15 24 9
12 43 39
22 32 22
30 14 18
15 38 19
30 27 19
30 62 11
6 32 29
19 47 13
31 29 6
1 16 25
9 38 24
20 37 19
13 2 13
27 38 18
24 33 10
30 38 19
14 41 23
34 45 36
15 12 29
8 30 35
8 52 40
16 55 29
26 60 29
26 10 24
32 45 21
22 30 33
13 38 35
4 21 39
11 46 39
20 7 2
25 61 15
27 3 22
25 36 13
23 17 37
9 44 25
22 57 27
22 31 26
16 11 22
13 5 10
30 10 30
14 24 36
27 2 15
15 21 15
29 30 39
32 57 40
15 38 20
21 3 10
1 19 27
22 26 6
10 11 36
23 3 1
23 62 4
8 14 16
23 23 14
25 30 8
16 49 16
4 49 6
15 39 24
13 38 21
5 3 40
30 34 39
23 42 40
8 14 28
28 11 32
17 7 6
22 2 1
20 46 13
18 43 29
15 20 23
32 28 40
15 11 32
34 47 15
18 23 37
21 6 30
5 36 38
30 55 24
33 12 35
25 23 7
19 6 30
30 62 19
9 8 26
31 35 33
12 52 39
31 16 25
19 13 2
29 45 31
29 21 11
23 49 19
19 31 28
21 59 36
34 24 1
28 31 6
2 39 21
31 22 22
19 41 16
25 44 13
10 6 32
34 44 13
17 62 34
29 25 32
11 9 19
11 21 1
23 43 24
18 33 13
5 60 26
11 15 12
25 22 22
24 28 24
9 24 36
17 34 26
16 36 21
10 24 9
30 15 33
15 19 14
12 38 10
16 39 8
3 29 30
11 53 10
3 51 6
6 27 35
11 4 19
18 36 30
9 63 5
18 34 37
31 39 7
9 42 24
23 27 37
1 34 40
19 60 8
6 18 36
9 31 16
2 18 8
32 49 14
24 31 27
25 61 24
6 17 1
8 37 13
33 32 25
29 19 26
15 34 14
24 41 28
9 4 24
32 61 35
33 48 34
17 62 12
27 12 29
32 48 32
7 53 29
11 54 40
8 42 39
13 53 17
27 54 35
12 8 23
27 8 31
31 63 15
28 60 6
25 57 29
5 38 40
31 20 34
19 9 5
26 55 37
30 36 20
15 17 40
9 56 20
27 29 9
21 57 32
12 57 39
16 6 35
26 29 21
23 2 9
18 5 9
5 3 16
22 41 2
20 48 35
20 13 16
9 7 6
11 4 17
28 33 26
3 13 9
28 16 8
3 53 1
25 9 16
14 39 3
29 26 2
28 14 5
33 20 26
7 22 29
27 1 15
29 60 15
14 50 31
21 9 20
31 4 6
7 6 23
17 1 29
6 15 19
17 60 31
16 8 29
32 32 40
27 14 36
3 31 32
20 41 29
1 16 24
23 6 1
29 32 25
19 34 29
25 12 18
22 43 1
2 19 13
8 39 9
18 40 3
14 55 18
26 14 21
12 28 32
16 22 8
13 31 35
3 18 30
27 36 20
9 44 30
30 53 25
26 10 34
3 57 13
22 63 37
20 33 21
31 57 1
31 28 19
23 52 24
16 19 35
4 25 13
4 55 35
33 55 9
7 60 19
1 35 16
21 31 13
15 23 23
26 25 11
31 34 21
30 15 29
14 44 29
26 45 13
6 46 38
5 24 31
10 43 14
33 32 32
11 53 30
15 15 26
7 56 9
6 9 3
19 25 25
33 1 38
26 48 8
19 41 14
6 6 13
1 36 17
22 50 5
11 52 33
20 32 24
24 10 21
11 21 16
27 50 5
25 46 15
14 40 5
25 20 14
21 18 39
16 32 5
14 10 35
32 62 33
24 60 26
15 32 1
5 58 22
6 54 37
4 4 5
18 3 32
29 6 24
11 40 25
21 41 7
2 57 28
19 48 29
29 38 35
26 2 8
33 26 24
29 16 17
21 15 40
8 8 20
28 2 21
32 32 9
5 36 36
33 26 34
3 24 11
22 58 14
25 41 23
33 4 26
1 36 16
18 9 27
19 8 6
23 38 20
17 22 35
27 35 20
4 6 31
34 2 13
8 21 12
11 56 34
18 61 38
22 50 11
4 15 15
6 13 19
19 29 20
14 59 18
14 6 19
15 2 5
21 25 24
32 2 10
6 12 36
4 27 25
30 41 22
3 55 28
10 11 27
26 27 6
31 47 1
34 8 33
4 20 39
26 10 24
1 35 4
8 21 31
3 34 10
14 13 38
28 10 19
4 47 20
15 60 25
28 27 23
11 15 29
8 57 20
27 43 38
19 30 7
25 58 15
25 28 27
28 59 15
34 50 19
24 45 36
14 33 13
14 28 24
8 28 36
14 28 30
33 20 38
31 23 23
3 48 14
4 10 12
16 4 32
18 31 6
8 57 40
30 16 3
20 61 29
20 26 17
27 40 33
25 33 38
24 58 31
27 17 36
15 4 20
8 32 27
7 35 39
2 10 23
4 47 29
5 59 3
23 51 36
20 23 19
30 26 11
22 19 22
34 16 29
23 58 23
1 47 7
13 14 12
20 58 7
2 2 7
24 52 22
21 37 23
34 38 22
33 12 1
22 37 5
24 37 31
12 2 39
32 50 26
19 11 28
29 12 15
3 8 38
9 7 16
18 14 3
27 15 36
29 33 28
24 47 8
7 11 40
28 41 10
15 40 22
11 25 12
5 16 1
10 25 38
10 8 33
22 61 35
18 17 11
26 49 9
12 55 28
10 61 32
16 10 10
30 7 1
6 59 13
16 58 15
25 47 28
34 62 24
9 28 21
8 41 35
13 37 35
34 48 28
23 5 15
13 56 19
32 23 11
33 54 1
20 11 25
1 45 27
4 60 11
24 6 19
15 58 1
33 58 1
18 9 20
28 42 34
25 30 4
9 20 12
3 29 15
9 28 4
27 53 9
12 45 22
3 18 14
27 38 9
13 12 28
20 53 15
2 6 6
26 4 39
34 2 21
21 24 7
31 9 1
29 1 4
28 1 33
13 52 7
28 19 8
4 1 23
10 35 36
26 13 38
29 53 4
34 61 13
33 35 3
3 3 28
23 22 17
30 10 16
20 50 35
19 32 28
26 61 1
11 49 15
16 41 20
6 52 31
27 39 12
31 43 36
4 14 6
18 39 20
10 25 28
2 32 19
27 25 27
26 38 22
11 26 7
34 49 18
11 44 24
3 23 11
19 9 14
20 27 39
11 60 8
23 32 29
4 53 23
22 7 11
32 8 4
21 30 15
2 55 13
15 3 15
4 19 18
24 22 1
12 59 17
14 14 37
7 60 15
26 5 17
16 27 14
12 8 18
8 26 21
32 20 22
32 12 36
22 61 30
6 47 14
22 57 32
29 28 16
21 50 9
15 22 27
18 14 17
6 1 29
8 47 16
27 19 21
10 8 16
30 10 6
8 49 30
13 34 31
28 2 31
29 56 36
27 12 3
20 26 28
1 51 37
6 35 27
2 16 38
9 1 26
29 28 24
8 5 33
30 15 27
17 36 4
33 23 11
4 54 3
8 51 3
13 26 7
24 9 17
16 25 36
10 4 25
20 24 9
16 39 3
19 49 2
4 43 22
9 12 21
16 16 1
23 17 31
9 17 26
24 6 22
30 17 30
14 11 8
18 3 36
23 8 2
13 28 33
3 61 19
27 7 33
31 49 33
31 57 2
17 58 16
22 17 24
29 5 22
14 12 21
2 3 1
19 56 29
31 62 2
22 54 10
6 5 36
5 12 25
5 52 6
27 20 28
15 10 14
4 39 34
3 57 39
29 32 27
24 61 5
16 55 2
19 12 21
29 63 21
34 39 30
32 42 31
14 25 27
5 56 28
21 26 20
1 35 17
28 47 34
7 50 32
27 54 38
13 5 18
7 24 2
10 39 34
32 21 21
34 34 1
12 11 18
18 8 39
21 18 25
29 33 31
6 28 31
18 40 24
14 40 5
32 22 35
31 38 24
30 35 31
30 7 5
29 18 13
24 43 39
25 13 22
19 54 1
10 28 37
27 52 24
18 46 35
28 40 16
5 51 32
5 12 19
5 2 31
33 5 17
22 9 23
4 7 37
11 47 18
13 28 27
27 23 24
10 33 12
4 42 5
8 11 12
10 47 27
17 59 28
5 25 16
25 59 5
31 13 30
25 19 20
4 26 19
18 14 22
7 60 25
26 61 5
9 31 14
2 5 37
13 16 31
23 38 21
18 36 37
17 52 4
27 55 6
6 11 22
7 17 27
25 5 6
1 53 19
31 51 36
21 28 39
2 34 5
8 34 2
26 45 13
29 31 36
20 39 11
24 26 28
30 14 4
4 44 5
18 44 40
14 34 27
28 63 28
26 59 1
18 48 30
20 11 22
10 26 1
18 57 29
30 25 16
18 14 8
4 17 3
22 9 22
31 39 22
14 53 12
4 16 23
20 20 31
30 19 39
2 27 39
29 31 26
29 47 6
4 25 24
24 13 23
28 63 26
14 29 2
1 35 11
20 1 5
8 16 19
9 51 26
16 36 22
27 12 3
4 62 9
33 34 2
3 14 32
28 30 35
7 12 2
25 55 18
22 5 26
19 24 1
23 44 12
13 23 3
19 37 29
9 15 22
30 62 37
1 40 18
27 56 11
13 29 13
13 22 3
2 1 34
20 34 11
7 49 26
9 1 17
13 45 20
4 23 10
27 54 25
17 8 22
8 14 19
10 61 37
23 23 14
30 19 8
1 29 24
32 15 17
2 40 17
15 59 14
28 44 19
10 29 6
20 15 8
33 62 40
12 13 25
2 7 10
28 28 14
34 7 26
34 30 15
25 13 35
2 31 11
20 63 7
26 16 36
15 52 24
23 54 22
14 29 10
31 4 30
18 43 13
8 48 20
22 10 31
25 23 20
34 4 24
25 52 32
29 45 10
9 11 7
13 28 28
33 60 10
30 12 3
9 47 22
4 6 18
32 38 22
17 5 7
29 9 8
28 16 6
19 9 14
1 19 4
23 46 3
30 35 36
7 42 17
32 44 5
2 22 12
7 14 15
6 37 4
2 11 8
34 36 20
7 27 5
7 30 14
15 62 12
10 13 19
22 62 15
26 35 4
32 51 7
32 8 12
17 61 13
28 55 38
34 13 11
18 44 39
11 42 9
9 11 20
10 16 7
29 28 26
13 7 6
10 53 14
17 59 27
8 18 9
12 25 11
30 50 25
10 24 8
4 14 13
19 21 29
15 36 29
14 1 1
6 56 4
7 51 34
23 25 26
34 8 26
11 1 32
14 27 34
4 11 17
29 15 15
1 9 36
31 20 39
7 62 28
25 58 16
23 28 19
29 32 34
33 36 8
21 60 9
34 8 35
29 33 31
19 8 4
20 10 31
21 50 20
11 63 3
24 19 39
28 20 23
13 19 4
1 53 19
30 7 2
15 6 25
26 51 24
10 45 35
9 22 14
15 49 32
33 24 31
16 19 18
1 14 9
8 16 33
25 36 35
10 10 23
23 11 20
14 63 21
14 24 34
26 2 20
6 6 5
26 22 5
33 54 15
23 38 3
12 32 15
10 28 7
17 57 40
8 52 7
8 31 38
4 37 25
30 1 5
6 44 29
6 47 12
24 23 10
10 37 18
25 2 10
29 33 26
30 24 22
19 44 31
21 36 31
27 54 8
5 43 5
12 20 18
17 26 11
32 23 3
23 63 18
23 49 2
25 39 26
18 15 21
22 10 16
11 27 7
26 55 40
3 3 25
12 2 9
2 12 26
6 44 17
14 53 5
12 57 18
12 4 12
5 6 3
20 42 31
4 12 11
12 49 15
12 10 38
32 34 25
14 60 27
10 37 28
4 39 12
18 27 9
28 60 31
32 4 20
15 60 36
7 43 22
9 38 8
29 28 34
8 46 12
12 61 33
4 30 30
15 59 37
22 58 32
8 5 37
18 44 24
17 8 8
11 20 16
1 10 8
10 17 35
25 17 6
31 58 3
12 59 34
27 60 23
20 58 2
32 40 9
13 15 1
28 42 25
32 8 26
12 18 21
18 44 27
13 11 26
31 45 9
9 19 4
15 57 5
30 20 21
21 15 32
1 55 22
24 35 36
23 59 17
18 7 13
26 22 12
32 60 5
30 10 25
32 38 24
10 52 20
32 6 11
15 51 32
2 20 14
2 7 32
33 19 3
33 21 10
27 33 37
11 28 21
14 32 10
19 41 20
9 63 5
33 54 12
32 35 10
29 18 38
5 37 27
24 10 36
8 14 32
31 15 19
2 47 21
11 62 1
27 45 14
27 1 34
27 7 23
20 25 2
22 58 32
7 14 8
32 53 31
13 58 9
15 22 23
26 61 6
16 22 10
7 41 12
14 17 40
8 27 34
12 49 5
33 60 5
2 26 16
20 20 11
20 14 21
32 16 11
29 46 37
34 49 3
5 18 34
12 58 26
8 45 26
28 29 33
22 31 27
18 39 16
17 39 15
30 29 25
19 13 34
19 16 19
11 31 38
5 63 34
11 52 29
27 57 5
31 55 14
29 5 39
9 12 4
34 51 28
21 51 38
14 35 15
32 45 31
32 24 24
4 23 26
29 55 5
34 17 9
5 40 35
8 27 11
27 18 27
6 38 27
20 1 37
31 55 12
18 19 31
18 42 35
30 33 25
12 39 37
10 45 29
31 41 33
33 56 19
1 49 24
27 41 32
22 13 38
21 56 15
23 14 26
29 29 19
17 41 7
24 40 22
23 14 22
2 19 28
30 49 33
21 34 35
13 26 23
29 53 10
7 27 36
14 3 20
30 23 2
24 51 8
7 1 38
22 13 15
8 19 40
19 34 15
14 35 38
31 20 16
3 58 28
27 9 23
12 35 19
7 60 37
8 32 9
29 52 19
13 8 28
4 43 11
24 60 15
3 39 9
2 29 4
34 54 1
32 60 27
14 48 17
22 15 20
1 37 40
6 58 8
14 12 12
6 38 34
5 35 17
32 41 1
4 49 38
27 60 17
12 20 7
17 12 40
30 27 33
9 17 34
20 37 2
20 26 22
5 18 37
16 18 40
7 63 18
26 42 32
24 15 14
20 61 1
10 33 10
20 31 21
19 12 7
19 27 15
34 23 21
33 11 23
26 5 6
5 32 16
26 28 35
8 47 38
26 42 15
14 60 18
13 27 12
1 40 30
11 20 24
12 44 27
17 9 33
17 48 2
12 29 14
23 10 27
34 22 6
27 35 3
6 58 39
13 15 30
17 17 1
3 6 12
18 31 17
19 32 29
13 59 18
28 58 11
3 43 6
28 41 26
3 5 11
2 34 6
17 38 14
27 49 17
1 28 21
17 43 19
33 38 27
11 17 14
22 39 39
30 59 14
2 52 15
34 37 40
2 58 25
18 44 33
13 16 15
29 56 24
32 42 39
3 14 31
5 20 27
20 20 10
4 62 5
24 15 27
17 9 15
29 16 29
3 24 3
14 35 3
33 57 22
27 38 38
9 56 17
29 62 28
9 22 2
6 32 14
16 53 32
26 38 24
26 4 13
25 51 11
21 24 22
32 55 20
10 3 29
24 50 22
6 47 11
21 37 16
34 31 20
27 18 20
28 26 14
10 7 20
16 52 29
24 57 21
17 63 36
16 35 4
31 44 29
9 23 7
5 1 33
31 30 17
19 37 39
4 4 28
30 60 25
33 54 13
25 32 34
16 16 9
7 47 10
12 30 28
5 36 2
12 26 40
15 32 5
28 62 25
20 62 32
22 24 40
30 31 16
6 17 5
30 5 16
1 17 35
9 24 21
3 10 4
11 29 37
6 45 7
7 41 30
13 4 9
20 26 24
15 41 22
31 15 36
23 19 16
24 43 35
8 21 38
24 55 13
17 40 29
30 32 4
18 38 1
21 26 5
34 24 26
10 2 12
20 13 31
23 56 9
11 16 10
16 14 13
3 1 2
18 37 32
16 6 18
22 37 30
17 42 39
29 17 10
17 52 4
3 62 17
33 17 23
32 34 4
18 35 3
10 25 37
21 29 30
27 54 14
6 26 31
18 40 30
31 56 12
25 44 29
15 26 18
9 5 30
19 10 9
10 29 16
31 14 24
28 31 15
4 49 14
11 25 29
3 21 21
22 54 6
15 20 2
19 59 31
34 44 20
7 55 28
23 5 6
16 63 21
6 15 17
27 38 25
18 35 10
26 51 26
9 37 39
6 46 38
11 22 1
10 62 14
31 18 37
32 12 18
34 45 15
32 63 2
33 43 23
3 12 30
18 60 7
15 5 11
2 40 22
8 46 34
4 38 17
11 16 11
6 60 30
4 2 12
18 42 34
8 48 4
22 41 12
26 8 39
21 54 3
5 38 23
30 14 21
11 25 12
30 51 2
8 53 10
3 55 29
30 7 22
2 16 29
23 38 38
29 24 28
17 22 28
34 44 14
28 61 2
5 60 33
1 48 31
7 15 37
21 23 1
21 7 7
16 3 12
33 56 39
7 60 9
15 26 2
27 2 27
31 31 36
7 48 21
15 21 36
16 34 30
15 54 25
15 52 22
31 2 19
20 2 39
10 3 14
31 60 29
4 62 23
27 42 25
4 42 1
4 37 27
24 58 20
32 51 4
17 7 37
12 30 32
20 62 28
22 27 1
21 13 21
27 2 4
19 60 17
21 1 16
32 27 15
23 23 18
13 3 2
25 46 39
22 50 27
20 29 9
16 56 40
6 50 35
27 14 1
34 61 14
23 12 17
18 30 2
4 8 15
6 59 13
34 20 4
34 30 20
17 56 40
6 48 10
31 59 13
28 35 27
21 17 5
8 18 37
29 31 5
20 20 7
18 47 32
7 57 3
10 20 40
2 61 27
32 50 27
5 15 21
22 29 36
25 4 12
30 52 19
4 36 27
5 35 24
28 3 34
31 21 27
22 18 1
17 7 40
32 9 30
8 32 34
31 25 1
20 46 6
1 56 39
5 21 11
1 14 12
11 5 24
5 56 38
3 9 39
2 15 37
14 63 30
10 17 19
11 36 3
4 18 15
33 50 31
20 57 39
28 26 35
28 26 33
23 9 28
29 28 16
6 49 23
14 34 29
5 43 18
12 44 11
33 50 32
30 4 26
29 22 20
17 59 31
5 40 39
6 54 10
8 41 19
4 61 5
23 18 32
16 4 20
30 43 16
7 3 12
17 34 6
24 38 31
7 30 32
5 22 31
15 43 25
33 58 13
25 42 32
19 47 29
18 21 6
26 61 38
10 13 9
28 25 22
20 39 26
15 24 28
10 48 30
30 9 2
24 50 19
31 25 40
7 13 29
18 6 30
32 22 31
22 57 21
1 53 2
31 36 26
13 19 37
13 49 38
27 24 2
26 20 5
25 4 23
21 60 18
28 45 18
18 24 12
33 25 37
30 4 27
27 19 39
23 58 32
31 2 25
32 56 36
6 40 26
12 32 36
3 56 18
26 54 19
29 49 35
15 20 13
26 60 10
28 2 18
26 10 33
30 43 34
34 44 5
11 47 7
33 56 35
34 53 24
7 28 10
34 2 24
31 35 7
1 50 38
30 50 1
21 37 33
34 27 10
20 19 27
32 21 25
8 36 19
28 10 38
17 42 31
16 50 10
7 15 30
5 23 25
10 17 31
2 7 38
18 11 31
28 58 5
4 38 11
27 60 14
27 62 12
7 52 5
5 21 40
8 13 9
12 41 33
28 14 23
6 57 39
26 54 2
17 3 26
10 42 23
24 10 15
34 19 7
31 16 15
16 48 10
20 43 29
11 62 38
17 44 19
34 33 18
8 2 32
21 17 19
27 54 21
17 57 35
32 35 7
4 48 18
29 5 15
22 6 38
22 29 9
19 25 10
25 29 9
13 62 11
14 57 24
31 62 11
6 29 14
26 56 33
30 54 25
9 46 31
14 4 26
7 25 3
16 57 10
14 47 4
11 48 26
25 55 15
28 18 33
22 7 21
12 36 1
27 20 19
5 32 21
30 62 2
4 39 35
1 33 38
10 62 20
34 50 23
14 14 23
29 40 24
13 10 39
3 36 23
1 59 10
22 20 40
1 11 18
34 4 14
14 60 36
2 24 14
23 36 27
7 34 22
32 17 7
3 52 6
28 4 5
16 6 3
30 27 3
13 28 21
26 19 9
25 36 10
34 63 26
30 42 15
34 21 18
4 63 17
5 46 38
29 51 15
16 52 35
28 12 32
25 23 10
17 10 24
32 33 25
25 50 9
1 2 24
27 14 9
23 3 15
33 11 1
29 55 22
11 28 35
9 57 35
8 41 4
24 40 40
1 22 34
5 54 13
28 61 32
33 26 17
26 16 28
13 58 29
21 52 38
3 11 9
21 35 12
27 58 17
28 25 25
21 21 7
26 46 40
27 10 19
32 7 32
8 2 30
13 58 24
7 51 32
5 44 30
14 14 4
10 6 10
22 40 13
13 35 37
29 8 33
30 28 2
1 29 6
14 50 39
18 5 16
26 46 7
26 44 26
24 51 22
31 40 32
30 57 1
9 7 29
31 28 11
14 13 20
7 12 26
21 45 38
3 41 27
27 17 40
15 34 39
15 32 38
9 22 31
29 4 29
24 20 11
9 42 5
6 7 32
32 23 13
33 6 35
19 62 26
23 48 23
11 45 20
15 13 33
10 4 12
15 32 35
3 47 4
6 55 26
1 43 35
27 54 18
23 47 10
16 58 33
29 58 15
9 23 2
12 59 18
12 6 17
31 61 28
2 5 26
15 57 20
31 63 18
32 43 28
9 48 9
24 45 6
3 35 39
23 54 7
17 13 10
32 33 3
8 23 40
5 14 37
33 50 37
26 35 12
21 22 13
23 3 11
9 47 19
29 47 24
27 6 21
10 30 30
13 18 24
32 35 27
20 9 28
7 53 9
11 8 19
1 3 40
30 2 1
12 24 9
3 38 2
30 20 35
18 30 36
14 60 27
7 28 2
2 29 16
31 29 23
33 55 28
11 29 23
28 18 24
18 51 7
17 7 33
20 2 12
34 48 28
15 2 21
27 25 20
28 4 9
7 53 22
9 26 2
23 63 10
8 7 28
8 8 20
7 54 5
7 7 10
6 53 7
27 10 3
13 18 20
21 47 32
13 4 16
6 24 36
10 35 17
12 42 9
30 51 30
8 31 9
34 50 27
8 9 14
27 14 5
13 45 17
14 18 23
23 24 39
13 1 13
17 32 3
14 39 35
8 21 9
5 20 3
14 28 18
13 25 21
30 63 18
24 2 26
32 49 11
24 8 29
18 34 24
9 47 20
11 17 10
25 11 29
17 33 3
27 2 10
24 37 14
25 33 18
28 9 32
2 29 25
27 60 1
34 42 30
15 51 34
12 3 10
29 35 9
12 9 29
18 16 8
3 13 26
5 39 30
26 42 16
24 45 36
20 50 25
14 55 34
17 49 3
6 20 34
15 12 30
26 63 30
30 28 5
29 12 22
1 34 30
8 13 40
31 4 35
28 43 22
4 38 4
28 7 5
12 34 30
18 38 27
9 17 29
3 14 22
30 7 37
33 11 17
31 24 20
1 32 31
23 57 16
28 2 31
29 18 34
32 42 1
6 2 23
11 55 30
29 27 8
7 58 16
26 17 35
6 30 7
27 35 12
33 27 34
9 5 34
9 43 6
28 59 6
22 63 22
22 15 12
5 4 8
32 44 28
19 36 38
9 23 35
28 42 25
6 30 8
10 24 9
24 49 38
25 56 16
23 38 18
24 55 14
8 36 16
10 1 5
3 18 21
34 23 37
34 63 22
1 60 2
18 38 27
27 1 7
30 3 38
14 57 16
4 46 9
21 59 19
30 20 25
12 17 12
7 7 9
30 25 2
24 10 2
7 10 20
18 48 20
33 52 3
10 27 20
5 19 3
32 60 19
19 35 33
10 59 27
29 6 1
27 6 18
1 1 9
5 56 1
12 6 21
23 53 9
31 15 4
31 9 28
28 53 10
20 25 28
28 44 20
17 61 15
26 53 11
9 49 13
6 57 36
2 29 7
13 27 12
15 20 2
27 40 20
5 2 2
33 56 6
18 11 37
33 17 38
17 32 16
25 13 20
16 49 21
18 34 15
3 60 17
28 14 6
27 7 8
5 48 23
20 47 20
33 15 10
32 30 13
23 55 17
1 1 8
33 57 20
34 7 2
2 23 37
15 28 26
5 3 1
27 20 9
22 2 11
26 27 18
30 18 9
14 4 7
9 17 27
4 22 14
25 40 26
4 53 24
28 2 6
1 21 26
20 42 34
5 29 21
11 60 17
9 53 23
5 47 21
17 23 24
23 7 13
17 1 11
9 56 30
18 56 39
34 52 23
32 30 34
26 48 32
15 26 13
11 47 4
14 47 4
23 1 16
19 35 26
9 43 10
27 24 34
25 42 29
11 62 17
1 3 16
26 12 25
27 2 28
8 17 21
20 21 36
30 47 9
12 7 7
30 34 39
15 44 6
19 39 24
4 14 37
22 3 32
18 23 34
10 37 25
7 21 21
25 35 20
12 43 40
12 19 40
28 45 4
26 32 29
3 49 39
27 27 33
14 35 19
32 26 6
30 29 39
27 42 5
10 27 32
13 22 11
12 62 21
15 25 34
11 5 39
3 50 33
20 36 6
16 10 36
34 4 21
4 63 9
10 30 37
26 13 35
13 22 29
26 42 18
20 42 17
30 4 18
30 18 26
23 1 26
16 3 18
9 50 35
34 27 1
15 56 39
11 21 39
3 26 40
5 7 39
11 39 17
22 29 17
31 37 23
8 55 21
21 46 20
18 30 2
5 5 24
28 59 23
6 56 22
3 56 1
2 55 17
18 59 19
19 59 29
30 56 6
28 24 30
33 60 35
20 18 20
27 33 15
3 34 1
3 29 16
9 18 32
32 28 23
32 57 15
19 61 28
29 14 26
33 20 29
15 6 29
13 58 16
23 26 38
24 59 8
4 42 37
26 31 24
3 32 23
13 30 37
7 3 8
34 46 15
27 40 30
24 30 27
9 7 29
11 62 15
29 21 39
22 24 11
4 52 5
27 25 36
11 6 29
18 14 26
26 22 23
4 32 36
29 16 1
13 5 25
15 49 11
4 15 26
18 6 23
5 25 21
11 14 10
27 3 38
5 32 37
31 22 19
33 6 34
18 3 16
26 57 28
23 16 36
26 59 34
22 30 37
3 32 34
25 9 37
34 39 24
3 33 16
34 7 7
33 26 31
13 60 13
28 43 37
17 18 8
10 48 12
28 51 8
21 31 3
30 18 26
16 34 5
23 45 16
10 35 15
20 20 8
14 16 23
24 29 39
1 26 31
8 46 1
19 21 14
19 43 17
21 48 29
10 63 17
25 50 27
16 57 32
19 25 40
16 28 17
17 28 33
5 1 23
9 24 38
26 40 2
25 52 29
14 44 35
14 56 1
5 37 8
15 42 19
32 24 5
24 3 37
18 50 36
14 42 18
16 10 24
32 58 13
27 5 33
29 35 10
34 62 40
6 5 39
24 24 33
16 36 26
31 7 35
31 6 28
7 13 40
5 21 26
18 54 12
18 38 4
24 46 3
27 25 2
34 57 23
28 12 12
30 8 4
25 38 30
17 62 12
27 60 20
22 34 14
25 31 8
32 25 33
28 57 5
3 1 4
10 31 34
22 35 3
34 40 38
34 36 32
23 32 14
28 24 15
25 58 7
29 56 14
21 62 35
4 45 40
8 35 17
25 24 30
32 11 3
19 2 18
18 39 34
23 34 5
27 50 29
5 33 25
16 35 18
10 31 25
15 7 15
34 58 26
1 62 38
5 9 17
27 46 10
21 59 20
17 21 6
4 43 24
20 34 23
17 56 27
25 23 20
9 17 30
22 49 38
29 3 6
16 15 30
12 33 34
18 3 39
29 55 9
3 29 9
23 43 34
26 9 18
16 52 17
25 37 6
7 9 3
28 12 14
7 13 10
15 30 17
22 50 13
21 52 20
9 23 23
12 31 19
32 60 16
32 18 20
24 25 6
28 22 23
28 58 6
24 54 22
24 1 38
17 16 13
17 47 10
5 52 25
18 7 6
32 34 34
29 41 34
18 1 8
2 7 9
12 60 29
8 27 31
32 21 12
25 52 15
6 48 13
19 52 13
27 39 24
33 12 19
3 46 40
13 23 19
25 31 6
9 42 18
16 38 34
16 16 24
22 51 8
1 53 19
21 54 10
32 1 21
31 7 15
27 4 15
21 63 25
8 52 24
34 27 36
9 33 8
23 37 34
16 18 2
30 59 2
14 33 29
28 59 31
28 47 5
9 28 31
28 14 9
25 31 27
26 60 35
10 43 33
4 28 21
30 57 39
17 17 16
6 24 3
21 30 16
16 35 17
6 61 28
6 38 6
34 57 38
19 58 20
23 53 35
29 13 30
4 23 19
4 31 23
25 27 6
28 28 14
7 45 15
21 8 12
4 47 21
2 60 40
16 32 6
31 2 24
19 44 18
25 53 6
2 21 6
19 33 7
20 33 3
1 34 23
22 53 23
2 44 32
25 57 38
23 13 25
16 24 17
11 51 1
18 56 25
11 61 27
11 15 36
20 5 28
16 37 16
3 51 18
27 41 13
22 63 28
5 54 14
10 46 39
19 47 28
12 59 25
33 39 12
33 46 30
5 15 4
4 61 40
20 12 40
20 58 28
21 24 33
16 1 16
1 22 34
9 35 26
33 51 8
28 2 33
21 38 28
21 47 5
19 32 37
30 23 40
17 39 24
9 17 22
31 22 9
29 28 19
5 11 11
23 6 33
7 16 21
24 19 20
14 27 10
19 44 38
24 57 12
29 11 35
17 58 37
19 34 19
22 49 22
24 46 33
28 53 22
15 20 31
22 63 18
2 36 28
12 37 35
13 60 4
30 60 28
27 5 10
32 63 20
6 22 36
10 60 30
25 43 6
19 57 27
17 27 1
16 1 1
31 13 11
22 53 30
7 32 23
5 13 17
6 16 29
10 5 5
2 24 2
25 10 15
6 5 29
11 15 8
33 46 10
12 6 17
5 46 1
23 12 35
11 61 16
5 11 6
8 6 40
14 33 13
18 53 19
32 19 32
27 58 32
3 45 8
10 10 23
10 39 35
15 12 29
16 30 10
30 58 7
9 21 39
24 61 19
11 26 28
6 3 11
1 2 35
9 12 23
9 36 14
13 52 27
27 61 39
28 52 38
10 10 29
15 22 32
20 14 9
28 15 25
14 42 6
8 16 22
26 45 39
31 27 21
25 47 38
20 17 26
23 45 10
16 58 28
22 53 6
12 5 5
18 19 30
5 15 6
2 33 4
16 53 20
3 51 29
7 37 30
19 41 37
11 1 20
29 14 40
3 54 7
24 17 1
26 42 14
28 51 9
31 8 28
13 24 18
26 53 25
21 26 23
27 58 29
7 63 28
19 49 28
14 30 24
26 57 37
9 51 26
10 40 2
29 58 40
1 18 40
4 26 17
17 45 17
18 42 12
19 52 33
9 38 15
20 55 33
1 1 38
26 35 12
8 9 27
31 20 33
3 47 35
22 44 15
24 33 24
13 14 11
25 60 19
20 10 17
2 10 18
26 39 38
18 19 10
18 22 27
15 55 16
28 26 11
19 39 8
16 34 39
12 53 22
11 7 33
32 6 17
22 6 25
2 60 40
30 43 11
27 41 34
1 34 24
30 36 31
4 61 25
17 29 26
25 39 23
2 23 39
23 25 12
26 39 19
20 33 3
10 7 19
6 9 3
20 27 8
26 23 5
34 43 16
34 2 27
13 37 31
7 6 38
13 51 9
2 34 23
20 23 16
18 52 4
15 25 15
9 41 40
15 1 4
26 31 4
5 27 18
33 22 10
17 58 25
29 38 26
14 41 26
21 23 1
34 50 29
21 59 17
13 31 9
28 40 5
3 33 7
28 1 18
11 51 33
2 38 40
10 3 7
21 32 13
2 60 36
12 31 27
10 48 9
34 21 15
19 61 17
34 6 33
18 48 9
11 19 8
12 52 23
12 29 34
34 19 27
6 26 40
29 5 6
34 53 15
14 31 27
20 1 18
2 14 17
27 61 40
17 19 10
3 6 38
12 2 25
9 44 11
31 47 25
16 14 11
5 45 35
17 5 23
1 31 3
9 27 29
30 19 33
32 4 15
4 49 18
4 54 40
12 55 39
15 48 12
18 6 31
10 62 40
2 28 38
32 53 25
26 50 21
1 53 23
3 51 9
22 24 18
12 43 40
11 27 33
6 62 5
12 1 6
8 55 39
20 47 35
4 45 35
33 18 8
11 19 25
9 24 32
13 22 21
9 62 19
18 7 20
2 57 26
33 45 31
17 37 5
30 38 36
6 16 3
26 47 35
32 53 19
33 57 5
25 34 15
24 53 22
21 33 29
30 61 31
25 20 14
20 31 33
12 17 19
20 7 27
30 43 5
21 44 10
4 58 4
7 21 36
34 27 26
15 43 19
18 24 17
6 38 10
28 57 26
8 8 4
27 57 10
21 55 33
18 10 18
5 45 18
16 8 3
28 48 25
2 16 33
8 60 22
10 39 37
2 24 36
25 12 15
28 49 16
8 51 34
4 29 30
5 55 22
22 50 16
8 38 30
27 62 19
4 7 18
22 15 10
33 59 22
13 50 37
17 14 14
5 16 8
3 17 34
21 41 18
15 12 27
9 58 32
13 21 5
28 43 29
9 46 28
6 17 9
29 33 24
16 36 21
19 47 32
32 15 14
8 28 11
18 63 9
25 37 21
21 2 40
31 27 5
34 28 22
31 61 35
34 1 31
1 9 21
29 59 1
28 46 13
6 11 34
23 37 18
24 6 28
32 31 15
22 20 23
19 21 4
32 33 38
31 18 12
1 63 16
14 29 29
33 6 18
16 6 2
32 39 31
10 30 29
17 52 28
33 15 40
17 42 20
29 59 23
7 25 36
8 14 22
29 16 25
24 32 2
6 10 17
23 47 20
31 7 6
5 56 38
20 50 13
6 14 22
6 47 22
34 62 14
18 10 20
4 44 9
9 46 24
21 22 25
8 3 19
21 39 1
12 42 27
25 28 5
6 43 25
27 11 37
17 11 25
1 48 13
2 1 34
31 39 31
25 9 9
14 3 7
19 59 38
26 2 4
32 62 23
11 24 18
5 51 33
13 50 19
29 57 37
9 23 15
15 16 16
27 54 19
4 42 18
18 38 10
28 8 32
31 43 31
8 47 3
6 35 25
17 17 21
15 49 27
1 29 26
19 1 23
26 9 40
33 39 39
27 51 13
3 29 10
31 44 19
4 6 23
6 13 36
24 26 4
14 38 16
13 4 1
25 44 12
8 32 2
6 50 11
14 42 9
33 43 7
32 58 31
27 6 23
31 22 2
8 55 11
12 58 34
22 3 27
20 21 20
29 25 11
30 13 4
28 31 37
17 35 4
12 26 20
3 16 36
19 8 22
33 7 24
25 60 30
19 7 4
2 7 27
27 55 29
9 10 31
26 61 35
5 47 40
1 48 2
11 11 23
7 37 20
26 18 27
10 44 22
17 12 5
3 25 4
12 58 12
14 60 11
18 53 4
23 23 5
10 3 11
3 23 7
15 34 10
20 44 11
17 18 37
19 11 12
32 31 25
32 60 27
2 16 24
5 14 21
14 5 31
34 19 1
15 51 16
11 8 11
8 52 30
7 60 26
13 27 18
33 30 5
28 53 36
29 6 23
12 31 29
29 19 20
28 42 31
18 38 21
3 9 6
5 1 24
15 6 15
14 29 35
5 56 23
25 45 11
3 20 12
19 12 30
30 44 4
4 62 10
32 12 30
31 41 36
9 10 30
34 25 1
10 62 3
13 37 22
21 13 20
28 8 27
29 43 4
23 21 21
29 25 8
22 51 8
26 36 22
33 16 37
26 45 21
18 60 40
22 27 9
17 14 30
9 23 33
20 21 32
29 56 35
17 24 23
14 48 24
1 13 29
2 46 16
23 3 31
4 41 38
11 47 3
34 11 14
19 54 35
31 27 20
3 21 22
16 37 23
6 30 19
29 8 33
34 55 11
34 34 2
28 24 39
4 62 3
6 59 26
23 38 23
1 34 6
13 10 7
32 17 19
24 30 2
20 6 19
15 33 7
9 13 7
3 20 20
1 42 18
26 52 38
14 29 9
18 60 20
17 10 19
10 16 39
13 63 7
24 49 20
2 42 4
1 16 4
3 60 8
4 21 1
21 20 39
32 25 22
28 12 30
15 46 30
32 58 36
19 52 17
21 17 8
25 24 13
18 33 26
17 45 33
5 62 28
26 44 1
12 47 28
33 45 37
20 37 15
32 63 18
27 1 32
22 13 32
9 50 25
21 60 10
7 51 22
33 1 3
20 48 11
34 28 17
24 27 31
14 31 3
34 48 11
13 61 13
1 57 26
29 52 19
2 53 1
13 23 13
3 50 14
6 2 35
14 49 28
25 63 27
17 34 37
26 26 37
11 22 2
12 29 26
30 40 24
10 60 39
17 58 18
10 51 5
20 3 3
16 42 37
2 55 40
4 11 32
16 27 20
20 14 16
32 25 35
8 40 34
5 22 9
24 43 37
21 49 27
18 22 6
8 12 12
10 45 37
11 40 12
31 4 30
14 33 14
1 44 7
26 13 9
4 45 23
12 52 2
32 58 21
23 55 23
19 22 28
3 37 9
30 60 30
30 29 38
25 61 31
11 42 15
2 48 7
24 36 11
21 15 37
32 29 28
17 29 5
4 36 18
15 29 32
26 18 35
27 37 5
8 33 30
34 24 27
32 57 18
5 15 19
17 39 33
4 61 13
27 22 36
12 14 4
31 13 15
14 9 30
18 51 7
29 54 21
31 3 13
5 6 34
24 30 39
24 57 8
4 12 2
28 57 2
19 13 22
29 19 22
7 19 28
32 62 31
26 60 18
33 14 25
4 13 36
9 41 9
25 60 40
17 21 40
34 5 38
20 43 32
20 57 18
17 34 8
5 29 11
30 9 21
34 48 37
27 10 26
12 19 12
9 25 27
13 31 22
14 31 18
9 16 30
29 63 33
24 13 18
11 42 19
15 52 28
16 5 26
16 59 7
8 25 34
26 60 1
12 47 32
33 56 16
17 60 24
23 58 6
20 29 13
24 36 34
34 63 12
12 55 11
4 12 30
19 43 10
6 45 30
34 30 21
29 25 6
16 16 9
16 37 37
8 35 34
30 8 13
15 61 12
18 37 16
12 30 31
28 62 4
19 51 26
34 24 39
27 47 15
33 61 13
1 12 9
34 48 22
16 51 27
34 63 30
10 13 19
29 1 12
26 47 12
29 60 8
29 4 26
13 29 14
17 60 23
12 25 25
6 54 8
28 19 22
33 4 27
2 55 40
14 29 27
3 49 28
9 43 29
17 18 27
16 13 26
1 41 7
26 43 28
11 37 4
22 41 20
4 16 40
27 11 5
11 17 2
19 19 21
13 45 4
3 13 21
17 54 15
8 23 40
10 17 34
31 55 1
23 7 18
32 13 18
4 23 15
28 39 29
24 56 13
9 9 25
28 48 19
22 10 18
34 21 9
18 21 31
18 1 36
9 41 6
24 6 36
18 34 33
12 12 4
29 47 24
23 1 19
14 16 13
8 36 37
28 58 25
15 44 4
10 32 14
27 37 21
16 4 26
16 60 40
30 17 9
19 2 40
17 11 34
14 11 30
32 55 27
32 14 18
1 23 18
24 62 38
33 63 14
25 14 37
33 29 19
8 50 31
15 38 17
10 5 36
20 12 15
13 1 13
25 48 36
3 5 6
16 6 3
13 37 8
4 35 1
33 15 1
33 25 3
2 12 40
16 26 23
16 52 8
25 37 33
8 42 13
13 43 19
10 3 24
6 48 31
31 19 20
8 63 25
19 41 14
27 3 27
23 40 8
6 59 30
23 14 40
14 22 26
4 7 40
2 21 23
23 48 24
27 35 23
4 33 34
19 31 10
26 49 10
25 36 12
30 22 11
23 28 33
15 15 23
5 46 2
16 32 20
15 52 11
32 9 23
20 53 16
9 42 12
28 22 21
5 32 3
31 27 6
20 16 9
26 47 18
30 49 19
25 32 36
4 44 4
16 45 28
1 56 8
6 5 17
8 56 37
2 48 32
10 29 18
4 1 17
22 51 35
7 25 11
21 17 13
23 29 32
7 40 33
25 2 16
23 48 19
28 59 2
32 39 9
32 53 14
24 51 22
29 35 1
29 46 13
6 47 15
4 35 14
9 60 40
4 3 23
25 49 10
26 32 6
20 5 20
18 24 21
22 5 10
28 31 13
1 62 15
26 27 33
31 51 1
2 41 8
25 46 17
30 31 16
25 45 5
27 49 9
4 26 2
24 25 16
15 53 7
14 55 19
13 7 27
13 39 20
12 38 6
27 52 31
22 38 37
1 61 5
27 25 11
15 60 14
31 6 28
25 34 21
34 42 6
28 27 10
1 27 17
14 26 40
25 7 17
3 62 4
7 53 24
27 4 21
24 23 31
3 36 27
8 33 40
4 54 26
32 19 23
8 13 40
23 8 35
33 9 11
22 35 30
31 16 24
31 20 39
23 32 21
24 6 27
3 44 1
30 11 30
27 36 1
20 57 39
25 35 30
3 14 32
22 63 1
8 39 24
20 3 7
25 34 4
23 29 36
17 47 6
3 4 10
30 30 29
28 24 28
5 25 33
25 9 23
28 41 32
29 37 22
1 26 31
6 31 10
25 29 21
27 42 18
29 34 36
34 10 37
11 56 4
29 13 29
33 12 25
27 47 7
20 35 28
19 51 37
31 50 10
2 15 3
14 39 13
12 53 1
4 23 10
9 10 31
9 59 10
28 54 18
18 28 15
9 18 19
34 13 17
29 21 5
3 18 12
32 26 31
6 37 36
4 25 1
29 24 20
30 8 12
25 14 16
24 59 23
24 14 2
14 21 39
20 45 18
28 28 5
28 10 8
6 52 39
2 11 40
29 23 34
11 28 1
1 59 30
26 20 37
24 53 33
13 43 3
10 56 22
30 36 40
13 12 35
8 56 31
8 56 23
6 31 3
20 22 6
29 48 18
31 42 21
19 11 12
17 46 30
21 13 7
3 40 2
18 38 28
17 8 9
10 62 36
10 17 18
18 41 39
17 28 9
10 18 32
6 51 8
34 47 11
27 36 33
8 20 3
28 41 35
15 61 39
14 44 25
26 15 14
28 27 18
9 59 39
29 10 13
15 32 32
4 49 12
11 29 40
21 1 9
4 42 1
19 25 14
7 51 37
34 24 4
9 20 31
31 6 7
33 13 2
28 30 31
24 47 7
22 60 37
27 3 29
11 24 2
23 56 18
19 37 11
8 1 5
31 45 38
31 6 9
24 16 14
16 41 26
13 13 26
12 5 8
7 6 25
1 37 27
15 51 26
1 56 39
19 18 1
21 48 20
18 49 28
12 25 28
2 59 7
29 22 13
15 60 37
10 31 8
18 35 25
11 47 18
3 46 31
30 47 33
5 51 38
1 56 12
33 40 4
25 30 10
12 40 29
14 45 23
3 63 39
17 32 6
22 27 37
26 29 17
2 54 20
9 1 19
34 5 22
13 35 4
5 45 19
34 16 17
10 37 3
28 33 17
3 27 25
32 50 19
13 38 17
34 29 9
16 46 3
10 18 3
31 37 26
22 29 13
9 39 40
16 4 36
12 30 36
6 7 11
12 61 19
8 60 5
34 2 13
30 6 37
7 32 21
31 37 21
28 24 20
30 27 20
19 13 11
10 3 29
20 32 24
22 22 21
21 49 20
3 20 32
32 24 30
2 15 35
15 9 3
24 14 1
7 54 38
18 27 28
15 2 30
4 16 7
11 35 27
16 20 13
18 1 15
32 50 33
8 46 21
11 10 25
10 43 1
21 47 34
31 44 4
23 55 27
11 39 7
5 40 15
16 53 12
24 37 6
19 1 33
19 17 23
8 54 19
23 12 5
6 3 32
23 63 27
19 7 38
33 49 27
2 62 23
28 29 33
23 49 37
21 1 37
22 10 14
31 14 13
34 27 40
21 26 32
31 58 19
1 39 28
12 31 38
13 5 26
23 44 20
29 10 10
28 1 36
17 61 2
17 13 26
5 30 34
28 45 28
20 45 7
14 44 22
14 12 17
26 26 7
25 62 35
19 23 7
27 38 25
3 30 33
5 26 19
26 14 23
18 42 38
2 33 24
21 15 14
14 26 16
17 39 15
11 35 27
19 54 14
26 63 7
23 51 16
29 26 15
34 40 37
14 24 24
4 39 1
4 28 34
32 49 19
11 22 26
18 33 12
28 52 18
21 56 39
27 5 19
16 60 3
26 45 23
23 49 25
3 20 39
9 48 34
29 21 25
9 56 16
9 51 30
10 25 9
16 33 21
31 36 10
16 4 36
16 13 20
16 50 4
20 45 12
29 43 10
30 37 6
33 7 36
7 50 38
2 58 39
14 34 7
11 36 13
26 63 15
5 14 14
13 1 26
12 47 2
10 63 14
31 40 2
18 32 31
20 39 34
34 7 37
17 58 3
28 1 26
31 40 27
29 39 10
6 45 10
18 34 21
16 19 2
3 19 7
15 56 24
17 34 38
5 26 26
13 62 16
31 51 29
24 40 18
29 42 40
30 49 21
34 26 24
32 46 3
22 27 38
21 34 4
4 43 40
31 59 30
30 32 9
3 17 4
14 29 6
32 28 4
4 1 5
19 20 11
20 15 38
23 61 2
10 30 24
9 48 16
2 5 12
9 25 13
27 19 21
23 37 11
18 26 8
20 27 23
12 2 40
5 21 2
9 39 32
26 30 24
14 16 32
19 54 36
21 6 1
34 21 4
29 52 9
12 10 38
5 63 4
13 21 22
31 5 30
26 25 31
34 27 25
24 45 34
28 20 24
20 22 15
30 21 5
4 34 21
29 22 26
13 58 7
15 61 22
31 59 34
14 4 40
28 5 34
1 59 38
32 37 21
14 4 7
1 13 23
30 43 25
1 51 24
19 24 4
13 2 21
32 16 33
5 55 19
28 44 32
1 41 28
26 50 28
28 40 26
1 24 28
30 25 37
30 28 33
23 11 4
14 21 18
28 21 39
28 48 39
22 12 28
7 16 27
29 49 36
28 35 8
22 18 29
34 46 17
16 42 17
22 13 28
34 2 18
24 36 11
22 43 1
9 29 19
23 4 27
10 24 10
8 61 26
31 17 26
4 42 40
10 50 3
31 39 20
27 4 8
5 44 38
10 62 28
13 39 5
33 57 25
34 49 31
11 32 8
30 56 12
30 38 26
6 16 13
29 28 5
24 25 10
17 2 29
24 6 3
12 54 38
5 34 36
31 47 19
2 43 14
18 44 10
19 11 34
5 29 13
23 53 37
9 11 11
17 16 25
9 61 3
23 42 24
11 1 21
5 25 33
24 19 2
1 57 28
26 59 2
15 55 40
16 29 13
29 26 11
15 16 36
21 42 11
21 60 33
12 60 26
30 31 19
2 3 20
2 35 38
16 60 1
4 23 33
4 22 24
21 59 8
31 26 23
7 10 11
16 8 33
34 12 21
17 34 13
6 21 24
22 22 35
12 21 20
3 52 35
32 37 2
7 22 38
6 13 3
21 20 15
9 5 17
25 15 31
8 33 3
20 59 2
16 39 1
28 51 19
21 24 29
5 30 31
9 3 30
1 22 39
7 26 5
26 52 8
32 59 25
6 52 40
28 18 24
4 15 22
23 37 34
16 35 21
28 24 33
31 44 4
11 16 35
28 50 37
11 53 11
22 40 24
13 28 31
12 2 34
8 39 21
14 15 7
1 56 34
5 31 4
13 41 18
29 62 12
34 45 39
25 63 6
13 46 16
9 33 2
19 57 33
1 35 40
16 51 12
19 6 38
32 15 4
8 16 24
34 31 37
12 4 22
7 10 28
16 27 4
27 39 5
16 18 18
13 17 9
12 6 15
9 31 23
10 28 31
30 3 34
21 6 12
33 32 2
32 8 40
34 59 9
19 59 33
23 46 13
21 27 7
34 40 19
5 34 9
2 3 24
2 46 6
25 44 37
26 42 27
32 30 15
9 54 27
17 36 1
7 36 3
34 49 39
28 14 13
30 63 15
15 34 20
3 12 7
2 23 33
11 2 22
33 17 28
14 25 6
31 15 17
4 39 21
5 9 39
8 1 40
17 53 37
33 21 35
21 44 9
12 24 28
2 2 24
31 35 6
16 55 15
30 18 9
26 25 38
28 11 27
22 19 4
12 9 21
32 19 32
16 34 7
12 49 10
3 3 17
3 56 26
4 46 14
5 62 12
5 21 29
6 46 1
6 8 29
1 49 20
13 30 29
11 29 1
19 54 1
6 14 23
10 55 3
7 19 15
9 30 37
25 41 17
10 50 6
32 48 14
6 3 3
28 27 21
8 48 9
20 16 38
2 53 11
20 12 29
14 2 29
7 34 1
5 20 37
28 20 35
10 53 3
7 42 33
31 42 18
21 40 16
28 40 33
4 57 11
27 48 5
32 21 28
9 62 20
21 2 3
3 43 22
9 1 28
6 57 32
4 40 16
32 36 9
7 6 35
12 23 3
6 1 34
29 16 16
28 9 8
18 45 1
8 57 38
16 48 10
27 32 16
31 1 18
2 37 1
18 17 2
9 27 11
1 62 31
12 40 8
3 4 15
12 4 11
22 28 20
1 4 26
15 62 5
30 50 7
1 50 29
18 26 28
26 27 9
25 28 37
3 18 30
16 42 22
1 42 6
18 3 16
29 20 36
7 19 32
14 18 7
25 20 27
16 17 10
20 50 27
15 63 9
6 57 21
29 45 7
24 19 17
4 35 9
5 8 18
16 52 3
4 8 38
8 43 34
13 22 6
2 51 5
15 13 24
3 50 7
5 14 31
5 10 14
11 6 28
14 35 15
26 55 35
17 10 12
19 10 9
34 20 38
1 38 40
19 43 40
12 26 9
19 12 26
14 5 21
22 54 28
21 58 18
13 63 29
22 62 40
13 8 2
11 49 33
28 51 35
8 24 38
32 6 21
13 1 15
6 60 28
10 15 33
17 44 38
34 55 14
18 63 28
7 63 6
1 28 38
24 62 2
33 35 34
14 20 10
32 62 19
27 11 1
25 41 27
8 33 18
8 24 10
34 31 4
1 31 20
31 58 7
7 40 32
2 31 16
26 47 13
13 29 1
34 15 16
14 11 40
15 30 25
22 63 40
22 6 1
28 56 24
14 28 39
33 47 6
6 9 20
30 6 25
33 15 39
17 38 32
3 40 22
9 38 31
5 13 38
19 20 36
12 3 36
26 41 32
12 44 8
4 34 28
14 41 14
26 16 1
19 61 14
11 45 36
9 20 20
23 61 12
5 22 15
29 5 37
20 61 28
4 2 2
29 50 39
17 50 31
28 20 13
22 18 27
15 35 33
7 40 15
2 38 31
22 3 38
15 12 20
1 55 4
28 59 12
28 50 27
32 1 9
5 1 22
28 12 27
26 1 13
18 26 20
9 41 9
15 5 5
8 58 8
12 42 4
12 55 18
31 2 26
17 43 16
14 11 18
21 11 40
8 34 10
20 10 33
31 55 11
19 11 22
7 31 34
9 52 39
3 32 27
18 15 21
13 49 24
23 49 31
22 38 10
28 11 2
7 18 2
16 51 8
25 62 17
3 21 15
19 26 26
11 2 25
22 60 39
5 59 2
9 40 25
29 1 29
5 26 3
30 55 34
3 44 31
20 51 38
12 8 36
11 28 12
8 36 6
29 27 21
16 38 1
16 15 9
28 60 6
33 47 4
28 58 8
32 60 23
11 54 16
11 22 21
25 59 27
9 8 7
1 11 10
22 17 19
14 11 22
16 61 5
12 10 11
6 12 35
24 52 16
13 59 28
7 47 18
29 5 3
7 50 28
32 13 17
18 31 11
27 28 17
16 19 32
16 28 11
27 26 25
9 7 15
7 19 32
12 7 7
29 11 25
30 31 36
1 17 17
3 50 2
28 53 29
27 54 22
6 61 24
26 7 32
15 39 25
10 61 15
18 14 28
31 43 15
17 12 22
6 43 27
25 3 9
5 38 4
15 63 11
10 38 34
9 20 35
24 15 36
29 53 4
11 36 22
27 45 30
7 6 13
10 17 27
22 51 4
24 26 2
33 58 38
27 63 37
4 13 4
22 37 29
10 19 38
26 13 13
1 37 34
13 9 36
1 36 15
32 63 8
14 40 26
15 62 2
4 5 10
24 44 32
22 29 27
8 13 13
3 14 9
9 13 15
15 39 16
12 26 40
4 25 8
17 6 5
23 19 30
19 41 9
13 31 33
27 14 26
10 40 39
12 48 24
14 40 35
30 24 31
2 35 14
3 36 23
14 42 28
2 38 30
31 6 34
27 21 7
34 9 19
14 50 20
7 6 29
26 39 27
34 39 9
22 11 18
19 6 39
16 37 40
13 55 31
22 55 32
1 44 7
18 16 29
26 22 16
10 62 8
12 63 5
4 22 20
28 8 8
5 3 15
11 51 25
11 40 18
24 46 38
12 6 22
22 27 19
32 45 9
3 7 17
21 29 20
17 18 25
16 27 30
24 44 12
18 7 8
13 38 23
7 62 22
5 52 36
30 25 6
20 13 40
27 17 35
28 5 28
8 54 7
16 14 29
14 28 34
8 16 17
12 45 25
32 44 4
2 18 26
18 39 12
32 45 40
5 1 26
8 32 2
17 62 11
19 6 22
22 51 31
1 6 31
18 14 26
15 43 15
12 52 19
27 3 32
27 54 1
20 50 36
31 30 19
31 16 9
19 2 18
24 54 8
5 1 33
28 28 23
15 8 8
12 34 9
6 21 32
26 55 5
19 11 13
6 9 15
12 16 13
19 58 12
10 9 21
19 42 12
2 55 27
26 7 24
8 19 29
3 20 24
34 11 37
10 9 31
29 53 8
14 24 32
27 12 36
32 35 31
4 62 12
17 49 1
18 22 37
32 16 25
33 22 31
13 4 28
5 20 39
24 49 29
20 61 38
17 28 14
8 46 16
19 39 8
29 21 2
30 60 31
30 54 32
24 39 3
6 32 14
27 61 6
34 20 17
16 63 32
16 20 26
12 25 39
10 28 17
21 60 13
22 28 20
20 57 8
5 50 18
4 18 2
34 43 33
11 45 32
10 17 23
17 2 26
8 50 11
32 36 1
24 26 35
7 23 10
11 23 25
15 22 6
6 50 14
20 28 7
29 58 39
6 59 6
22 22 3
25 15 14
5 22 35
9 50 29
30 63 3
9 40 11
5 35 22
5 37 26
30 14 37
20 29 16
3 18 5
25 28 15
22 16 17
9 21 20
23 17 26
1 36 7
3 37 27
3 13 40
21 24 26
11 31 3
3 31 30
2 12 27
19 16 11
16 48 7
17 50 12
34 45 1
9 44 15
7 21 34
6 7 5
9 51 40
12 17 38
27 14 12
8 61 33
4 3 14
29 60 5
10 12 19
3 3 18
32 46 19
16 23 8
1 14 9
7 36 23
25 15 34
29 31 24
31 2 16
30 48 33
13 1 28
19 41 26
19 24 1
4 39 27
18 9 21
18 37 39
29 53 11
16 4 29
28 46 4
7 9 37
29 56 12
11 16 2
29 63 27
24 48 37
34 51 7
3 15 4
2 17 27
5 37 9
23 40 21
30 39 8
30 5 15
6 34 32
9 6 6
32 45 1
28 26 35
30 40 9
15 4 40
13 8 20
9 4 33
14 42 33
8 12 39
24 13 29
25 30 23
12 61 33
4 43 32
32 26 11
23 19 10
8 4 32
23 1 1
24 8 13
29 62 40
25 9 25
34 51 19
18 40 11
31 33 9
3 50 32
28 26 27
7 53 39
34 59 28
13 6 15
6 56 13
26 9 31
8 13 6
16 53 17
18 19 33
12 56 35
7 5 32
14 60 32
8 27 23
24 20 9
3 30 23
27 35 39
2 8 9
3 12 14
1 18 15
29 13 12
27 38 23
30 19 7
17 1 39
34 6 22
12 9 30
20 3 8
22 54 28
2 38 26
2 43 11
20 60 37
25 49 12
21 2 33
15 35 35
9 24 37
29 55 21
24 23 22
30 11 10
1 7 9
26 7 39
25 6 36
23 44 5
6 33 7
22 36 26
2 18 37
28 17 37
10 8 31
5 53 25
17 50 33
10 52 34
27 22 5
22 7 25
21 14 39
22 48 9
34 13 17
2 17 13
1 13 22
24 5 38
12 57 21
25 51 8
32 50 20
3 58 18
28 59 18
13 10 15
26 17 7
31 47 12
20 28 28
30 32 38
4 12 7
26 38 10
26 12 11
20 16 38
14 24 38
20 57 40
19 51 13
12 59 40
26 46 18
15 50 29
11 12 5
8 54 35
15 4 20
16 56 29
12 27 22
25 37 2
6 23 29
16 23 17
19 25 11
32 23 20
30 11 2
25 37 24
26 24 34
21 27 1
20 12 20
21 34 29
4 43 2
27 2 24
4 45 26
5 1 27
21 27 27
8 21 29
21 57 31
26 49 15
32 37 3
8 18 20
19 14 28
30 61 36
28 40 22
22 23 2
22 36 14
17 33 32
15 3 36
25 9 37
19 34 14
3 45 34
1 24 32
20 48 36
23 15 3
4 26 4
31 46 1
3 59 22
5 15 17
25 50 34
24 47 11
29 53 6
16 9 22
25 52 36
34 40 28
7 3 26
8 58 4
27 41 19
19 20 13
8 54 15
21 43 10
23 46 28
32 55 37
9 38 1
5 27 15
27 31 37
17 16 27
24 30 7
20 30 3
4 26 32
11 54 8
1 13 25
7 34 38
2 48 14
7 3 36
9 40 10
20 53 32
28 16 29
11 1 13
24 7 23
16 35 23
18 53 2
21 13 34
19 49 15
15 48 16
12 2 10
30 50 38
4 37 40
3 11 11
16 11 28
14 55 3
14 46 10
8 24 5
4 4 15
4 63 39
25 14 2
19 14 17
30 55 24
16 12 4
25 51 38
26 2 15
1 19 9
29 8 36
27 35 32
11 26 25
17 11 2
1 45 2
14 58 34
28 50 6
30 20 13
15 39 27
24 4 19
26 61 23
3 49 30
18 25 6
1 35 31
3 5 30
22 33 3
27 14 23
12 38 6
18 59 27
2 41 33
4 63 3
1 15 39
34 23 13
30 18 11
22 34 17
5 54 13
17 35 34
18 56 20
25 28 4
5 38 7
28 31 9
26 43 26
3 52 39
25 6 18
10 46 39
26 47 37
6 14 7
12 8 38
34 2 40
24 9 15
19 29 3
34 40 30
19 60 30
13 49 14
9 19 8
23 34 22
13 21 5
25 9 23
2 42 28
9 42 22
31 48 39
16 3 3
5 17 20
27 63 33
25 47 4
15 33 14
23 15 37
18 17 13
2 44 32
4 29 20
31 59 10
4 46 15
1 51 40
31 37 8
29 46 7
19 53 36
18 44 33
24 55 4
34 12 32
15 58 27
1 31 17
29 42 8
17 6 6
11 24 24
27 53 27
18 35 28
22 11 26
6 46 37
18 45 18
28 43 37
11 36 39
15 12 16
10 10 16
14 5 39
2 58 37
32 52 30
29 53 2
28 23 34
25 50 2
30 51 4
2 11 9
32 46 35
19 8 14
13 2 14
25 54 40
28 52 8
10 2 2
4 47 19
1 52 9
8 2 36
28 29 3
26 39 14
28 17 18
17 41 15
22 4 8
12 47 14
26 19 32
33 63 2
12 57 6
29 39 21
34 12 12
13 51 28
1 17 11
12 61 31
21 5 20
21 7 2
20 56 6
8 62 18
20 55 25
20 1 9
10 52 11
28 24 7
17 48 4
4 20 6
6 62 10
12 45 8
6 60 8
13 27 12
33 7 38
30 57 7
9 49 40
2 21 13
20 56 4
26 3 11
15 58 4
7 37 27
2 43 34
28 32 2
10 4 40
7 6 9
25 39 37
15 22 36
33 38 10
20 6 14
27 32 16
23 63 9
8 17 8
8 29 35
28 10 2
24 39 21
28 53 32
6 44 29
24 15 1
13 25 32
20 56 29
24 58 24
34 10 13
7 12 13
14 39 4
8 22 23
28 42 25
23 63 37
14 40 9
22 23 22
22 18 22
21 34 25
9 63 29
24 36 39
3 50 29
4 38 11
5 59 21
20 11 6
1 23 30
28 6 9
31 9 14
2 23 8
13 3 5
12 32 9
22 12 39
17 51 11
24 30 30
7 24 13
31 53 35
16 16 38
9 41 2
5 13 17
24 15 7
10 3 25
19 29 32
23 2 36
18 36 3
2 25 40
29 3 29
19 52 25
21 14 5
22 23 40
31 47 19
13 21 29
23 59 19
6 43 23
4 62 14
32 59 13
28 60 10
11 14 17
21 19 1
14 40 13
16 56 4
32 14 15
21 44 22
11 11 15
19 63 15
19 63 37
23 6 10
12 29 22
32 24 30
19 4 34
21 14 2
27 41 22
22 37 8
22 6 35
27 25 23
22 13 23
6 1 30
8 31 11
21 53 37
1 21 39
22 54 13
9 34 9
4 63 14
22 6 22
27 3 2
23 25 33
16 62 21
15 47 23
17 55 3
32 40 14
28 56 8
13 19 3
16 49 18
3 61 14
29 31 23
10 45 12
4 52 34
21 61 39
24 61 36
33 44 20
1 10 11
28 12 32
13 42 21
16 59 22
15 57 11
22 44 34
15 18 13
8 41 10
10 6 30
24 1 30
12 41 33
16 44 40
32 9 2
4 40 22
18 20 20
14 44 10
17 54 33
25 28 32
25 20 28
13 61 2
3 62 26
25 6 5
28 31 17
14 63 31
15 40 7
18 38 14
12 12 31
26 39 13
15 22 24
15 3 10
16 8 20
10 1 11
6 62 35
7 48 4
34 31 33
30 44 3
31 47 36
18 9 30
12 19 25
6 58 13
2 45 27
3 42 23
30 18 26
30 50 15
17 17 32
9 55 20
22 24 21
7 22 13
26 47 2
12 47 14
9 10 31
23 2 13
31 61 8
27 49 12
24 13 17
19 44 39
3 41 21
10 11 16
10 60 14
15 17 38
14 37 38
31 23 11
29 14 20
31 12 21
33 59 20
29 37 21
30 38 24
12 23 17
31 47 6
12 18 24
16 58 25
8 16 1
7 30 11
33 17 12
14 1 30
27 48 21
17 21 14
13 63 33
13 34 10
13 52 28
7 43 17
7 47 20
31 32 2
4 48 25
7 13 35
29 45 13
32 55 24
19 61 21
6 60 36
11 21 10
23 18 21
25 6 37
19 55 32
33 39 37
23 29 15
21 44 4
32 55 32
28 5 16
28 61 15
7 45 14
23 38 20
25 36 16
24 41 25
3 49 6
13 63 40
24 2 21
29 10 22
16 61 10
27 62 27
15 43 19
14 23 30
25 5 9
26 18 33
34 55 33
1 38 19
15 39 8
9 11 40
27 34 29
1 25 20
34 57 33
24 32 7
24 15 32
23 20 39
20 13 14
19 14 15
25 5 9
20 44 15
24 60 10
29 6 18
4 25 24
18 46 15
13 49 1
7 6 38
24 18 36
10 60 11
8 3 32
32 26 26
2 2 36
2 61 30
11 13 23
29 28 19
10 5 8
26 21 28
14 6 17
34 16 18
7 21 15
22 35 3
18 13 40
14 17 38
6 21 6
12 18 14
7 14 12
8 17 35
7 34 31
9 11 31
21 7 6
17 50 9
30 50 8
14 49 19
13 43 40
16 18 35
3 50 2
19 27 26
11 56 11
13 26 6
2 7 10
14 23 27
16 51 28
1 4 14
18 54 14
27 41 29
22 62 30
31 37 29
31 46 37
19 53 38
30 53 14
4 52 38
32 7 26
5 13 32
32 58 15
22 45 39
3 55 32
14 30 4
34 39 11
13 32 30
3 48 17
34 47 12
9 49 29
28 48 20
12 3 10
15 13 24
18 45 22
13 43 6
34 18 15
16 34 21
4 2 4
25 55 8
23 62 8
26 62 1
9 59 20
20 36 33
17 38 21
13 49 9
19 18 21
11 22 24
14 42 36
10 28 13
14 41 37
22 39 2
6 15 36
28 22 16
23 61 14
10 51 15
6 62 10
8 26 14
33 31 37
31 32 32
31 54 29
33 40 24
19 57 34
7 18 15
8 11 25
12 60 1
23 52 13
10 36 5
21 36 33
4 16 40
32 26 16
1 40 12
11 4 13
25 7 14
21 44 19
3 5 30
2 2 22
4 50 9
5 26 31
9 27 22
28 46 23
34 20 29
21 52 13
9 47 13
5 20 25
34 6 29
6 36 40
30 24 1
3 16 9
31 16 40
28 41 21
22 25 7
31 3 28
9 24 38
29 29 36
34 52 36
29 30 7
34 39 3
8 60 38
12 61 32
21 7 16
11 30 33
20 23 40
24 56 34
22 4 24
22 14 17
4 20 13
2 49 25
27 5 40
16 57 8
34 11 12
18 12 26
22 14 8
31 5 17
10 21 26
26 5 8
4 18 17
8 29 5
18 26 36
15 34 37
32 57 37
21 33 24
1 37 3
29 21 25
16 56 3
18 55 23
28 28 14
18 43 38
7 30 15
24 49 6
33 42 23
27 33 5
17 34 13
25 8 20
11 26 31
24 10 31
8 52 11
12 6 7
7 39 19
7 38 23
27 32 6
4 7 18
27 18 31
24 52 14
3 47 11
13 42 29
21 60 40
14 55 11
6 25 1
27 25 13
3 26 6
30 41 13
7 3 18
25 57 21
29 50 39
32 52 40
29 38 39
19 5 31
31 59 9
2 49 18
23 23 22
28 37 35
23 49 19
2 48 28
16 20 24
33 41 26
8 34 11
21 59 3
6 2 39
30 16 4
22 8 14
22 19 28
6 58 15
14 41 34
11 1 7
24 47 9
4 21 24
29 42 27
11 36 24
15 34 31
16 35 21
17 49 10
5 37 17
26 34 28
28 2 18
9 14 36
13 23 3
9 25 11
6 41 9
24 4 9
28 24 13
22 44 35
26 52 17
9 43 22
8 25 36
22 31 5
2 40 3
34 50 24
11 59 18
32 32 27
30 22 34
19 44 3
15 17 1
7 41 21
23 54 39
4 26 27
24 6 12
3 17 5
5 48 10
7 50 10
15 47 11
30 46 17
23 47 40
21 59 15
31 27 16
8 62 16
18 7 2
15 51 3
33 56 38
8 30 15
24 38 23
29 7 16
13 4 5
18 62 3
15 59 35
19 17 34
28 61 9
28 34 9
8 32 18
25 36 12
13 43 22
25 6 17
26 41 13
9 49 16
26 54 9
14 62 24
14 23 2
9 60 36
24 53 22
11 34 24
24 13 3
17 37 24
3 31 6
20 41 16
22 54 7
5 16 7
29 13 10
6 29 5
11 28 5
23 5 11
32 38 18
23 31 32
7 7 13
8 15 21
19 63 16
18 40 7
13 25 33
5 30 32
10 52 4
5 43 35
22 12 32
30 43 16
23 60 16
12 8 17
24 39 33
34 21 37
11 54 14
11 61 25
2 38 32
14 28 20
19 42 38
22 42 17
19 4 11
21 27 26
22 23 25
19 42 29
9 43 25
11 63 32
7 49 25
23 3 1
18 10 29
25 15 18
18 47 18
14 19 40
31 23 7
3 56 22
28 51 34
31 61 36
24 5 28
26 2 39
2 53 9
15 50 31
10 52 9
5 53 25
9 19 40
18 58 26
13 31 37
21 16 29
29 25 39
26 34 22
11 56 38
34 4 7
29 36 21
19 8 26
31 6 12
17 52 39
33 48 26
16 4 24
26 11 36
14 39 6
21 36 29
26 46 33
23 54 27
2 27 20
31 8 32
5 50 12
11 36 13
26 56 16
23 12 39
13 38 2
27 45 32
3 3 37
30 22 3
31 21 27
9 20 28
19 46 14
7 17 4
30 32 27
1 7 21
30 1 32
31 63 16
30 16 6
11 51 23
5 39 11
25 13 35
17 32 20
30 47 38
16 51 32
5 32 1
15 11 15
3 62 9
20 63 3
10 45 26
14 53 9
31 16 27
18 1 21
26 7 32
22 50 2
16 52 35
3 43 26
17 16 12
10 47 8
18 57 1
31 11 37
11 21 2
22 5 32
24 30 11
2 57 18
12 16 13
6 44 31
13 19 22
24 44 4
31 7 26
28 46 26
24 46 36
17 17 38
14 59 32
22 18 37
15 50 34
24 47 16
7 39 12
4 40 21
18 11 5
11 10 31
4 38 2
19 50 27
20 6 15
10 5 24
30 40 18
32 9 33
19 12 14
28 48 6
23 29 33
7 48 31
23 18 2
4 2 33
34 56 31
6 61 15
10 25 21
17 5 20
3 34 13
16 29 11
31 18 31
26 10 30
16 51 22
24 25 28
20 30 27
14 48 24
23 18 25
5 9 4
9 10 37
10 22 24
11 27 22
34 3 34
25 19 23
28 12 29
10 34 40
25 2 9
4 20 32
31 20 22
33 42 18
2 9 9
16 63 23
20 23 9
27 34 26
23 58 11
14 8 15
13 43 17
15 56 26
19 25 28
24 9 7
21 45 39
19 45 13
33 36 1
6 36 29
5 25 24
28 50 4
31 36 26
32 18 25
16 40 20
2 33 9
14 15 18
3 6 17
2 53 27
4 53 30
31 42 5
27 40 10
25 21 17
34 48 2
25 19 31
34 32 8
30 62 7
2 47 5
29 10 18
1 28 32
27 30 35
10 53 36
7 31 28
13 60 39
24 40 30
1 58 30
12 36 8
12 37 38
16 45 3
34 13 33
16 22 11
25 62 11
19 19 1
24 44 10
18 40 40
12 2 4
3 54 32
30 44 33
29 61 25
7 27 40
7 31 15
11 58 4
28 38 33
27 42 3
6 27 33
14 38 26
17 5 17
7 35 33
3 20 26
23 59 27
2 31 27
33 27 2
3 3 15
9 53 40
18 61 18
26 37 1
17 56 34
7 30 36
7 18 35
19 34 36
3 33 14
13 9 25
29 54 30
31 59 36
16 35 32
15 35 26
2 38 2
25 40 7
17 42 24
27 42 24
25 54 36
10 18 4
22 22 11
16 43 34
31 5 3
12 59 1
1 34 29
3 3 31
11 22 13
27 33 9
32 63 2
21 59 31
24 33 7
21 38 27
29 25 3
18 57 40
7 42 8
23 24 36
23 18 30
34 24 38
14 52 35
27 14 26
12 19 39
12 30 3
1 15 36
2 63 31
22 50 24
2 33 34
16 52 39
16 52 29
30 41 18
12 35 36
9 42 36
11 55 21
33 16 16
7 14 6
30 61 4
22 59 2
15 55 19
8 19 28
15 33 16
20 59 25
12 63 15
30 23 11
27 7 40
19 44 9
33 60 13
33 22 12
8 28 6
28 44 15
11 12 25
23 32 19
31 9 23
8 50 7
34 34 2
9 16 19
30 16 20
5 43 27
34 5 11
34 57 32
14 4 39
29 1 2
32 5 37
4 28 17
3 57 15
33 38 19
20 3 38
17 56 15
15 42 25
19 33 24
15 56 1
24 59 11
18 45 28
16 4 28
7 38 24
25 33 9
32 13 34
23 9 26
34 13 39
34 44 22
8 53 24
14 38 9
6 21 9
28 42 19
15 22 21
20 21 25
6 51 7
20 19 38
24 12 18
8 29 13
20 34 30
27 25 11
22 42 30
19 35 18
12 32 27
24 12 33
26 26 13
34 29 19
31 6 16
9 2 19
5 10 28
4 17 35
4 46 7
27 61 5
27 11 31
20 43 16
1 48 4
9 9 10
25 44 6
9 54 17
13 59 30
20 15 35
18 14 28
10 56 37
26 55 25
14 54 21
31 23 40
4 60 24
32 45 15
22 62 15
22 61 35
23 9 1
29 18 1
5 39 1
28 8 8
26 12 15
32 34 20
10 43 21
28 18 19
5 41 38
3 62 38
9 39 30
16 20 29
7 23 35
24 52 38
24 25 15
6 2 14
32 62 11
30 37 12
31 40 36
30 39 12
25 19 18
2 43 4
4 47 10
30 30 13
12 22 27
20 53 9
16 40 6
3 56 24
33 8 17
6 18 8
10 22 21
25 28 14
6 22 17
10 42 17
10 51 28
15 54 20
32 47 19
24 2 32
11 9 30
30 4 30
4 23 28
28 35 37
4 30 32
34 30 29
13 36 9
9 56 17
30 57 18
24 18 12
10 44 34
18 14 20
15 20 24
1 31 18
4 57 23
7 25 13
27 38 9
1 42 17
3 10 28
19 43 33
23 53 14
20 37 8
25 29 36
23 24 39
10 28 32
26 4 23
8 19 23
34 38 2
12 52 17
5 8 6
17 5 9
12 19 10
16 55 34
30 10 10
27 60 37
14 9 29
26 28 30
4 14 35
5 30 26
9 58 28
30 51 10
11 1 32
6 38 13
26 51 5
6 11 22
13 59 6
8 31 39
16 29 28
9 63 34
29 10 23
23 43 25
22 14 6
10 32 18
33 35 39
7 26 10
21 34 25
17 59 28
25 41 3
34 59 12
32 20 26
10 27 13
3 25 22
8 17 21
32 52 30
25 6 33
32 28 15
28 19 8
4 63 35
