60 74 1278 2327
2430 2011 2728 4502 2961 2694 1148 1051 4715 3069 1240 1280 2571 1449 352 4883 4810 2333 3700 3565 567 3516 4735 4866 2456 2840 2346 4399 3630 1821 1958 1673 556 3673 2327 4159 2252 1718 4071 173 1783 4191 1169 430 1048 2989 2648 147 2502 1085 853 4675 4344 1623 4091 4147 3154 632 926 559 1336 72 1021 2096 1606 1154 667 159 1204 1189 1526 1256 858 4798 
404 2669 3199 1494 4030 4796 53 1395 3040 4473 3563 619 2794 231 2651 674 3434 4861 250 937 2475 641 3337 4121 3453 1888 1739 1965 1796 1466 4700 126 3580 3528 3362 304 712 1138 3180 3544 1559 2050 3611 2156 3360 4717 2684 376 392 2932 1769 2830 143 4416 2724 2438 4737 4783 2783 1518 1682 744 2302 1671 668 4437 2598 3318 2627 1806 3170 2026 3182 4560 
1887 827 4425 3233 2236 4304 2284 2342 4269 2425 1971 1432 3280 1849 2278 2812 390 4043 2009 973 1018 2129 2234 3469 4211 3360 241 2672 4421 2240 2022 1114 3234 4688 2163 4214 865 4425 1932 4355 4147 3241 2353 2335 3994 2090 4318 2189 3781 2395 4763 1467 1105 360 2430 1998 703 1168 1189 697 4185 4116 1627 1608 2294 3107 2734 702 3271 791 1795 1406 2980 943 
4683 65 4204 719 3290 2003 3618 448 1645 579 897 3078 2002 2797 1151 1115 4443 3194 2953 1655 3999 3267 1396 4438 1655 1972 574 3832 3291 307 1218 4171 1034 4234 4780 3076 4649 581 295 2385 3060 3440 3207 3265 3131 4450 1003 3249 202 4027 1357 3303 4733 2517 258 1419 3594 2680 1831 3589 2252 2576 2893 2699 2060 3235 747 4061 3023 3071 4063 3206 4623 1526 
3342 3910 589 1893 2111 1463 407 225 3200 4544 4089 3179 1621 1496 4196 2240 3066 3865 291 685 1958 510 4422 1072 4526 548 3703 852 2068 64 3893 2440 2857 3771 3533 2883 4573 2483 1879 29 109 925 4585 1398 3405 4471 2524 922 1633 3699 2706 45 4155 1104 3543 1515 1795 115 1237 1169 125 4828 3631 2126 29 3968 4609 1584 4716 1990 4586 2761 1514 2295 
11 1185 1893 976 33 2081 2002 4569 2906 3003 1096 3827 2684 3284 1687 1602 3370 4091 2011 3966 1584 2409 1146 1096 4197 2384 4096 1158 1733 4416 2155 4179 4878 1788 1036 1569 766 902 3164 4119 2354 3875 4384 1424 3646 1354 4904 1393 2294 296 4686 2961 1096 355 3640 1161 1565 839 119 4824 473 4481 4706 4474 1782 993 3389 3363 2974 3778 1975 911 2347 4797 
2545 3323 3598 4188 2457 927 1031 4382 4535 3342 3337 3359 28 448 1962 135 2399 1281 4654 4181 4432 1767 2697 4542 2262 1969 1762 4811 2609 400 1912 3403 2495 1334 2929 3189 135 726 1839 1200 4841 545 767 1360 2687 1909 426 4279 1326 2092 3679 1046 4468 4682 3695 2485 4507 4673 2765 2734 2746 2539 1832 1329 3629 285 4528 2186 94 559 741 1212 4878 2605 
1217 3976 1252 3378 1123 2719 1575 4734 1794 4305 2922 3252 4589 644 625 734 2736 4365 580 399 97 4140 2529 871 4482 4039 3277 820 2879 3980 30 1061 4195 466 4539 1706 3607 278 2925 568 4510 2505 805 309 398 4320 4694 1505 774 4778 3060 4531 3272 2887 3810 3337 3606 3368 3252 238 4799 2070 2734 1893 2925 4219 391 3031 107 4224 1914 3626 1336 956 
1384 12 3445 3207 2430 3385 968 3006 1044 4831 4805 979 2778 2585 597 113 880 4609 2454 890 957 3786 2303 469 53 4863 3442 2762 4513 2233 3648 1598 962 2486 2971 1641 3370 991 1566 4266 4487 2252 3743 3092 3620 4097 1107 4513 606 2456 435 550 1180 2114 3781 3028 468 3901 2655 3545 830 45 478 3695 481 4594 4380 1074 1174 1555 74 3806 450 2523 
188 395 4517 1896 3551 4114 3076 709 2825 3444 4027 3950 1275 4450 1701 169 3172 4819 4729 4422 3728 855 3652 1936 1105 3370 3763 1351 4478 1385 539 1305 1767 1100 3584 1824 828 597 3880 2813 382 3460 704 203 2799 922 1085 2383 4495 2086 1589 1312 1511 3774 1609 1864 1605 627 971 2540 1585 2269 1360 4865 1932 3448 1131 1945 2881 3739 3316 2766 3044 916 
70 2681 4324 3672 3296 239 3611 897 176 4879 915 505 2887 3431 3679 521 2031 1847 102 4757 106 2982 3588 4203 3152 3578 1667 2091 2681 4869 158 4017 3034 3974 4064 2608 2250 1626 4526 1465 2441 534 3394 1248 925 3061 4311 3883 782 55 1424 3634 1571 1867 4737 3488 1541 3947 1064 3485 1791 616 338 2144 2670 2267 3278 4683 3425 2469 4533 4109 3952 1912 
983 1074 1600 1443 940 3094 896 2934 1061 4642 1880 4421 54 1033 4526 4767 3899 3266 2618 698 3942 4056 265 2875 3412 4879 3309 1888 1293 1216 440 1257 3135 2668 2974 1853 3747 1305 3142 3785 1082 981 2851 1509 3291 3456 4635 2444 195 2748 4362 4536 1281 3833 2991 1403 4452 2523 4372 3892 1148 4736 478 4344 1092 1094 779 4797 179 3486 3665 1515 4187 37 
3084 3659 2293 3367 1786 4006 757 4397 4638 440 1450 1929 3191 2437 4509 4121 1868 688 4163 1393 180 2919 2069 4093 17 3885 3991 3797 3292 338 4102 2330 63 495 3454 3791 3096 159 3365 3332 1892 1293 3580 2961 3008 248 630 2923 1250 1325 178 2230 3227 2266 970 4600 3292 2524 2612 3587 3365 895 1700 1287 3300 4681 3888 4628 4323 3265 4308 4564 3948 3056 
3620 14 1026 4833 627 3811 2526 2756 407 272 2919 1003 2332 3487 362 2438 3738 1213 2800 2402 2750 3846 4591 4006 4030 127 1927 3249 1335 2247 3468 3303 2345 4278 4636 573 1842 410 526 1327 1637 2917 4650 1494 4285 4135 3017 3215 4753 2689 1266 1128 2184 3279 3400 2877 1861 2091 1462 3125 2732 4260 3648 1379 4782 2409 4438 4124 525 2426 1102 592 676 1855 
609 1893 3345 3325 2788 3077 2570 4157 3595 4792 3898 2243 4073 1354 3052 602 2683 1856 3323 4115 1033 4680 1272 3311 3753 1021 2444 510 4251 751 208 3002 4506 4115 428 2956 3368 875 4699 86 913 4081 2569 2754 4469 4794 2946 4381 591 2929 900 3087 3858 1867 3643 2846 375 1120 421 944 3161 4016 1182 3772 4222 3422 3190 3394 376 4208 2340 2490 1995 4207 
1002 2287 525 434 4052 3958 2395 4563 4074 4171 2614 991 4221 3668 3834 2155 2090 2753 4088 1597 1323 967 3888 3747 191 2935 1525 4472 3502 2577 2151 3775 4204 903 1836 3788 471 4681 1595 938 2152 2364 642 259 4659 1984 4895 3526 79 545 3346 1120 4670 4788 3480 4829 4885 3401 3936 2128 3646 2225 2331 4284 4877 4697 4372 3377 2746 2143 2302 4248 4842 669 
1848 4110 1893 39 175 1711 2218 3272 4740 1363 2938 181 4153 387 2839 2260 2060 3797 1651 2572 56 1248 4441 1074 3604 4680 234 2934 674 4283 4776 2829 4543 1326 4719 221 3289 1600 4178 317 3903 2522 2203 2500 84 2009 3067 668 1737 981 2311 3642 1178 1048 978 3850 3974 1806 3108 2519 1879 2732 66 2383 1413 3167 2606 401 3322 4556 2524 2309 3277 3001 
1816 1698 952 569 2399 2941 1169 3909 448 291 3461 4702 2907 1574 173 4305 2280 3543 3981 4615 3382 2343 306 4324 4319 289 2917 2603 4100 4757 3808 2322 3936 843 1738 2371 67 2545 2531 3108 561 3880 984 2667 4677 184 3756 1484 4051 1059 2660 1137 3252 1809 2153 3906 4279 4120 3702 3235 2339 1917 2768 370 4698 1961 2752 2814 3726 3615 295 795 3387 1470 
4482 259 2887 3173 2374 1469 2283 3279 2044 2765 88 3391 4606 3146 4041 62 2729 1555 3797 1876 2601 2751 1294 2896 1481 486 2388 4503 186 4303 3503 4446 4095 204 3839 2800 3535 2872 803 4555 2274 36 4245 2271 2008 4336 703 4554 4847 2630 2010 3665 1402 2886 289 308 370 2681 4291 2143 161 1120 2833 362 1954 1112 2901 1906 1192 2000 2721 3680 2995 3988 
991 985 1280 1181 1032 61 1995 985 1578 99 4207 4525 2654 3681 1115 2742 2486 2545 2010 3765 903 4017 1887 2073 4307 2669 2348 1278 985 3819 3166 4510 14 924 4743 4684 2524 1459 2724 507 4276 1439 1223 1381 4730 1571 198 2726 454 3118 4593 2779 998 1945 351 3581 2978 1476 998 4202 4453 3858 2100 3426 2847 4872 3953 1657 182 1150 4137 1287 1284 1474 
1169 2101 417 2567 331 2999 4644 706 3183 4250 2864 1043 3089 4787 1871 4627 2281 1715 1492 786 1729 4697 924 1155 4174 2649 4322 3588 4264 2375 949 3644 2155 2549 4181 3984 3534 2851 3542 867 4754 4854 1521 18 3816 1965 1142 1157 3773 3908 3203 3098 287 952 4252 2930 1065 2905 802 2246 952 871 3865 4269 2974 3426 1793 975 538 2339 1855 3856 380 2427 
2006 1252 3318 2917 3252 588 2495 4349 4568 1319 1931 445 2719 485 2698 3352 682 1895 1788 2035 3687 1513 930 4604 294 1779 606 457 2031 1653 2567 2862 1044 4308 393 3393 4582 3300 3143 4431 729 3462 3072 1331 2117 2976 3800 3404 2901 2918 943 1219 3860 676 682 694 775 79 3791 4322 1695 702 505 3727 4239 647 3601 3941 2981 1539 3057 4654 4484 3107 
4444 1471 2597 2978 418 4795 2282 1541 1339 1334 1278 1103 4718 2332 1794 2498 3804 399 2118 1781 4748 3613 393 3876 150 3480 1636 1232 2899 2022 1312 2598 4788 4566 2846 1069 914 1938 3666 1094 3747 2132 573 3920 154 4796 4014 3411 1921 437 3205 695 15 2901 748 2818 4404 3898 4371 948 3867 3369 3620 3176 670 3008 588 2237 3876 2908 2963 4894 2004 520 
215 1401 653 1944 1360 188 2505 440 4607 4896 2127 860 1055 4013 4712 1178 2366 1462 1229 717 3323 1232 2216 1158 4115 3710 1765 2648 3737 558 3960 1891 4353 1853 1379 1376 2807 4761 4860 4556 3166 2328 3450 3768 3666 1936 4566 2242 1303 1865 3585 1744 4038 485 1074 658 936 3612 478 1506 711 4333 4647 3293 1572 1830 3762 1627 1496 2510 1203 1198 1379 93 
2884 4854 1654 4349 1284 3831 737 1782 4349 2695 610 883 3307 1653 1154 1048 939 487 3692 3760 4772 2305 3674 3666 2304 4879 3865 585 371 4085 2382 645 2760 4672 3355 65 219 1995 4096 4827 3461 1700 3964 3434 4703 350 3672 2303 1520 2641 3934 4453 1037 2259 2388 4846 1993 1501 1215 3939 3738 1408 1275 3713 2073 3295 4233 1454 784 2826 496 3673 925 3530 
3473 1557 1616 2499 2817 3781 1677 970 515 4615 2187 3966 807 3286 2660 4812 1295 2403 1976 4223 2152 4538 734 3534 4080 4858 3320 99 1692 658 1363 1075 4064 3063 3026 3791 1095 658 1921 1856 3442 166 2174 3584 1940 3849 4144 3771 2316 3067 2422 2969 2074 3150 150 687 928 1242 2467 3149 1847 204 206 2142 839 4356 4628 897 3566 1663 107 727 3683 906 
3556 1500 3403 1581 2893 190 2482 205 3785 3609 752 155 127 2905 895 2764 1381 2269 2230 2474 501 3585 3924 160 3351 3716 3650 984 3650 3035 3222 3802 2916 2644 3123 477 4488 3077 959 309 1467 1298 1669 3557 1902 3791 4750 1972 2657 3935 2835 3140 1549 953 845 4276 3286 4757 4449 401 3768 2362 2239 1791 2004 3324 1372 4064 3089 4594 59 4256 3920 4277 
4613 2500 2591 319 611 828 493 3550 127 4188 3462 4271 3425 2958 3261 3645 2105 3243 4850 3859 2218 3619 512 3783 4027 2318 1307 1351 3749 502 1216 185 4347 1041 675 2177 1959 1753 3470 3524 717 1442 3150 1138 2813 2617 319 3448 4675 4664 1142 4799 474 1000 4760 2394 2556 3896 1904 2219 2692 3594 3450 2010 297 4138 2698 3144 3583 4800 4658 3165 1954 2710 
1333 4355 4126 345 4238 3335 3232 2759 3670 861 610 699 3325 862 4219 1005 715 3068 4607 812 1968 2145 2567 4874 1802 2678 2447 1148 1949 4510 3147 3068 971 2778 3530 4677 4268 2252 2995 1083 4678 3438 4600 3943 2680 864 4712 4086 392 1933 2156 2936 413 1192 4878 2297 1575 4241 183 2130 14 4670 3313 552 2030 1593 836 3662 793 3832 1781 2620 2095 4272 
1190 1755 365 1912 1216 4226 885 701 854 3134 2907 3671 2835 892 1933 143 1912 875 3685 4101 147 3284 2365 116 3525 2766 3920 2918 3979 54 724 110 4533 912 3481 435 1787 499 932 3127 4111 782 3446 265 3617 1472 924 1712 1581 3779 2764 1408 18 3527 4728 225 2598 306 3893 2725 1459 1582 4866 3884 942 2133 4311 4792 1665 4024 785 4272 4387 1999 
1031 287 2588 3100 2658 2089 2837 4409 2152 4064 4692 1957 509 1307 3548 3299 1530 3815 4693 4043 2353 3225 4670 3984 1265 2509 4901 4057 1258 767 84 1817 1315 1673 342 1328 1958 3952 1918 2716 4207 1162 4174 3762 3688 1335 4662 439 690 4102 1612 1572 3719 3493 2217 3116 1446 2237 3123 3900 3998 2304 3855 1871 4781 1401 1365 2371 4542 4357 1171 990 2128 1085 
184 1267 2730 4072 1045 4904 1954 83 980 387 4191 3433 762 622 4849 3441 4516 4141 3185 249 3143 4814 1041 2227 4126 4201 4324 409 4193 1025 3961 1806 1450 1888 1885 2997 4568 383 2447 3995 3500 489 804 1460 4316 4725 4479 1611 333 1815 2952 1180 342 158 3565 1060 2193 3358 1146 1061 2403 2522 3930 1616 631 3403 33 753 1343 1027 1771 3390 3536 3098 
945 3169 902 382 2394 4496 1225 594 1738 2852 280 338 2329 3048 1267 3004 132 930 2032 2706 3995 1263 1461 4755 135 430 3521 4829 4271 344 1873 4609 2717 661 4864 3424 2478 566 1302 2596 2352 788 3839 4507 992 2601 3157 2586 2463 4345 3343 2076 2336 2434 3025 3373 328 2962 4320 2130 2919 2882 87 1569 1034 2110 2394 3213 4431 2198 2220 1427 3681 991 
2784 2747 1396 4826 761 3431 2285 1618 672 1578 2656 2551 4847 3526 926 854 2869 39 3635 2940 1054 1788 4731 3738 1190 4524 3894 1888 4182 939 3404 4483 328 1113 3994 4104 3686 864 4438 435 3298 998 217 591 3421 1399 2861 2538 888 3998 1817 4537 871 2370 1012 2229 2936 2061 3589 3186 3079 920 1945 2870 3521 3798 4598 3071 1385 2055 4206 4582 3636 3486 
3397 4142 4648 788 2443 4042 582 548 4210 4185 1613 3267 4416 3456 1506 284 1192 3856 3544 3607 2743 4532 2157 1421 2158 3447 1024 984 2602 3689 553 1705 2566 3368 3215 629 2041 1099 3771 141 2994 1918 811 2460 4102 3046 1996 174 2925 4764 3839 1824 3954 3235 2815 4647 2860 2967 2872 3636 3266 3396 4314 4399 3904 113 2384 3348 2398 2470 2432 2765 94 3743 
1750 2169 575 2456 1781 1914 4079 389 1559 2642 1166 1871 417 626 955 3357 1413 523 798 2855 3546 493 722 3925 720 4833 1065 395 4781 3997 3321 826 499 1582 4420 1783 2192 3901 153 4857 573 3268 1156 3126 21 3757 4905 4823 2391 4123 4611 2846 2037 2814 4827 4800 4532 340 1859 1073 3766 2282 4135 3792 3566 610 1971 3602 1825 2979 4130 805 4474 2459 
2554 1360 625 4781 1064 1767 1870 4251 309 422 2848 4839 701 1059 2347 1411 1050 2460 698 2536 734 4755 2670 4871 603 3316 868 799 1267 2164 1472 3357 2249 232 4709 4395 1876 4230 827 3054 492 4384 3461 2364 3807 3948 4305 129 4174 2699 691 1373 2766 4277 4648 2496 1749 344 1761 1604 3118 571 4394 2855 3004 2131 4495 3996 2204 1762 1364 2229 3685 2972 
1941 1704 2523 4256 4382 3191 4862 4868 4447 2960 2966 343 3780 958 4539 727 1274 1436 4775 1208 3723 1780 2710 3744 3735 2540 574 2010 4152 1265 3493 1386 4338 4614 4201 3869 2632 3510 4105 3359 1246 1796 3926 3067 4342 1430 871 1362 3410 3074 2142 1058 254 1610 4456 2645 1522 4442 2059 1939 2193 1815 3876 1734 3895 4235 4043 4441 4164 2038 1339 881 2377 1011 
1974 1625 285 3768 1097 4859 4142 2790 625 2694 4682 2409 3324 208 1827 4183 2776 4372 312 3488 1357 3799 700 1869 4214 2192 4632 1417 1452 2184 2283 2500 1694 1003 235 2913 2142 1325 1863 2838 555 4790 4104 1991 3819 845 4660 1556 110 1458 1568 867 2752 2138 2948 471 4773 3534 1462 853 3423 4110 4639 3171 2264 1186 4723 1227 948 370 4168 657 3430 3657 
3259 1206 4210 2676 3357 3431 4170 3464 4698 1356 19 3998 36 4276 726 2716 1395 2019 4880 1573 646 2226 4615 2055 4232 2447 4237 641 1561 3813 4689 903 3282 654 1705 4108 2694 2243 1460 193 2782 144 240 4367 581 43 4816 4802 4756 1478 2988 4559 2462 4764 224 4618 2984 1966 302 4682 1184 2052 2402 2520 1291 3522 3749 1861 3921 4712 3082 2025 2730 505 
2927 1438 3066 3227 2921 864 758 3931 1454 2451 4346 2109 327 3670 4732 2840 628 712 2975 4287 2291 4494 993 48 1350 4898 825 2979 1061 3788 1898 1012 3045 3510 2001 2479 3793 3213 3213 2397 4067 3085 3834 2363 2652 1267 4695 3620 4330 4439 1544 3310 4375 4143 22 2204 2418 592 1518 876 4300 3742 230 3581 175 2806 224 3362 1811 3437 4186 3709 4557 4420 
4541 3383 3489 1834 2308 2107 3018 4086 3982 523 641 2875 2991 1217 2647 518 2447 2214 2248 4208 3819 3144 3983 4417 2814 4706 4668 287 2363 1343 2180 1748 581 1289 1177 3592 497 335 1594 4657 4793 2496 3337 377 1482 4697 1708 4163 2829 299 3307 3599 302 3039 1731 2576 2435 671 3470 4266 3248 3361 3828 1013 1417 185 814 1015 1285 975 1062 4811 1245 4057 
989 4726 4251 1506 1073 3067 720 2974 959 4394 4071 2228 505 2249 206 3653 2879 4254 984 2796 2864 3967 4039 3518 597 3212 2619 69 2175 4378 154 1998 3853 4521 63 1343 3062 888 92 85 4809 2730 4713 3345 2065 2761 3291 4700 3459 3963 597 3144 3283 4344 660 1754 3889 4525 1319 584 499 3287 1388 209 2377 1050 152 2060 1316 390 4454 768 4269 3716 
4877 2363 3429 2235 4121 3758 4866 801 2272 992 998 4867 2340 481 3101 465 2161 2696 2303 1724 2199 1339 400 2470 3500 2292 1896 1456 1882 3370 2057 3677 565 3986 3573 3268 32 1950 453 279 1545 4169 647 1167 139 739 4010 4865 3673 193 2479 1518 2778 4580 571 4524 2552 630 1504 331 284 886 4819 3022 1842 3969 1565 221 4338 4865 2499 2228 525 2120 
4233 1240 985 170 2296 4558 4769 2609 2881 3848 3233 4676 791 1871 4846 899 1231 4781 189 2327 284 737 881 2065 812 2046 4721 2585 71 2953 743 1207 981 2022 1081 298 507 3484 2797 4680 2492 3271 1800 1959 1686 652 1970 3976 1932 1488 3051 1407 4238 4798 24 1487 4746 2426 1251 4830 1403 3503 2119 2431 2523 1492 4623 336 1742 4320 2617 1123 3517 2588 
4068 3804 600 2873 3451 827 821 3058 1196 364 926 4619 1875 4709 3923 147 1526 3832 4004 4469 3161 4887 910 2195 4553 2005 4572 1132 2404 2647 3996 4422 4037 2822 1517 1820 3259 1069 3993 3165 3276 698 2277 3516 613 681 3554 1095 2344 2127 291 2010 2386 635 1346 1299 3731 898 4072 2658 278 4179 1450 4024 701 359 1699 3187 1443 3956 978 1512 2159 34 
554 3398 3935 2273 3259 1872 1994 2383 4044 4703 963 203 2250 1466 3035 3550 3889 2909 2152 3323 2644 2912 1148 1839 4065 3347 2488 4894 4204 624 2840 19 633 488 2316 1644 2548 4049 3973 3344 4590 2610 1690 511 1039 3359 488 1645 126 2004 1410 443 279 4123 395 3519 1377 3131 201 3178 1503 3857 2580 732 4500 1863 3202 337 2618 228 2331 1902 609 1283 
4286 3018 1139 4265 1404 1344 760 3721 3916 4867 4812 3801 1644 76 867 3241 3018 1154 2932 4842 1664 1228 1880 4021 2726 1397 4493 543 2540 1294 867 3085 1911 3703 622 2848 361 4836 2176 4477 330 3117 3991 3600 3457 3214 1075 887 1739 4607 616 2644 691 1301 1287 2075 2745 2716 3467 1578 4383 925 1673 4438 3418 3861 1663 225 3605 2919 1234 3133 3373 1870 
2029 4721 2869 2698 4222 2348 2183 4774 3327 3458 3984 4479 3497 168 4606 1399 4389 615 776 2113 4761 4097 2917 2529 1628 2268 3673 3103 3656 2226 2993 3535 1189 3167 4613 2118 407 2456 278 780 3678 3916 4629 2636 755 3518 4138 4260 3868 1300 2309 364 2097 2851 4478 4837 83 3531 4237 137 4237 621 1175 2661 4205 927 2177 1970 2022 4509 2464 3702 446 132 
133 1032 1694 1884 2564 342 3098 942 4214 3366 1110 4441 3946 2182 2130 1803 2088 1661 2588 2093 3867 3168 3221 3686 4187 3565 998 2207 3230 2657 2524 2863 4414 483 3592 3255 3944 3258 2314 3533 3560 1212 2151 3015 1393 2628 3367 4081 4625 1187 496 628 4330 2505 4257 153 3209 4364 776 2011 3070 713 4685 4896 2214 349 142 174 4036 1661 1371 4592 2970 1547 
1675 1196 83 3731 572 4374 4488 1302 514 1259 2019 1529 3904 1425 4582 4340 501 2633 3171 3028 3789 3570 2729 2749 259 975 4888 4038 1549 1736 863 2242 1547 4884 1774 891 3615 1931 4401 3793 871 2913 3080 913 1538 3163 2573 3760 41 241 1316 1312 1502 4906 1381 3304 4000 3452 1256 1430 3679 1575 2522 4485 4875 4578 3236 1827 4492 1089 4050 1004 1418 2099 
2483 3676 2960 2908 1856 2192 1333 4702 3722 3614 3340 4476 1596 2699 4219 4052 2537 4875 2600 3335 2990 2613 3265 2026 3797 3072 1487 2554 2881 2712 981 2707 1674 4239 767 3905 1021 3647 1151 3138 3799 1638 4249 3794 3521 4778 4143 3390 2041 775 2437 3300 585 4547 4509 3796 4317 2005 55 797 4125 532 859 2539 2948 3210 37 569 1800 3330 4701 3113 1329 2974 
4797 3425 3756 1159 1868 3195 1377 591 3706 484 1844 4473 2683 1377 2481 297 234 2288 445 2143 4632 664 156 3787 1153 4363 4827 131 1243 3547 3279 866 4100 2228 1222 1172 592 4474 1768 3566 1439 3525 3192 837 3388 1501 4021 3688 4878 842 13 3043 4500 1101 29 4488 3439 2308 1716 530 4630 1148 1334 4000 3768 2717 4244 4226 460 2004 1493 4760 4142 4510 
3234 863 1202 3792 863 3384 4621 3196 4811 3626 3147 3018 634 2911 228 13 2666 4135 1985 2973 4555 3812 3278 2955 4563 2801 1441 4553 4350 4328 76 3014 1571 1806 2463 4142 4399 2788 3260 1915 4848 2986 2530 1965 447 714 4556 2238 1595 238 1589 1021 4663 1830 1472 4363 1572 1363 2533 2420 4846 3308 3153 1973 3750 2818 277 4204 1581 1343 262 3412 3018 3745 
3692 2130 3762 22 2573 4473 1291 4802 3605 1933 1345 3933 4182 1162 3282 2204 2184 4799 4014 642 2074 4783 2923 3349 4650 2519 443 4112 3908 3307 1969 3407 2900 417 2809 1054 1291 445 598 670 1422 4038 4294 1143 3672 438 4003 2307 4845 4878 1950 1220 3777 3815 1948 2769 344 1568 3347 3177 1543 2198 2002 1634 3707 1149 318 987 4044 656 2414 1499 3822 109 
2162 632 3417 4228 2461 1241 4244 51 1382 648 4618 4462 2400 1212 3961 1337 1056 4362 4569 3065 201 3852 843 2601 3885 3830 1887 3137 3329 4220 4477 947 1345 4066 4898 2635 1531 470 2192 3563 2653 641 1975 1412 4622 1651 4648 3923 2329 1288 1550 96 574 1578 4529 4356 1982 2135 504 4629 4077 1521 1667 1399 2293 1862 524 2472 4302 3902 4103 3476 4846 1145 
2178 241 4084 3393 4031 4654 1040 4542 753 3040 935 2972 2310 1179 4884 4027 4257 3196 1618 458 4528 1489 1542 2978 2080 3217 1559 45 1046 1263 3213 3478 260 1033 3684 1702 3471 4040 3328 3481 401 3983 597 917 526 2626 3516 2660 1447 2056 2041 3090 1318 4278 4777 2227 1802 3612 4602 4206 2025 2620 2549 4900 139 2827 2763 3345 2347 1342 2065 2757 4265 4146 
4403 1122 3293 4874 3036 798 4711 4836 396 3038 2413 254 1908 2712 3272 4569 876 3903 3776 4617 2376 4206 1723 4387 2046 4167 2461 4075 1554 1264 4170 2720 3467 2448 2521 2974 3735 2322 4432 2260 953 2866 1225 1941 2184 288 4542 3515 3936 3506 992 3658 2960 3647 3933 1296 12 2182 3874 4432 4251 1718 2933 1608 1257 2966 3453 4332 2767 62 1785 4152 4375 3296 
51 1334 1929 3554 2083 4653 1736 1503 2678 4676 2754 2270 4064 3879 290 2103 1959 1026 3609 1852 4219 1610 1688 2330 2423 4214 1996 4052 3803 4072 1032 3440 2838 2062 2494 1161 853 1052 4134 3292 723 2151 1956 291 3259 2446 671 1479 386 2273 2649 1546 3632 4718 3350 482 151 1672 2379 2412 67 3974 4725 2258 4279 3773 45 3854 1102 2062 3437 893 3404 1549 
2406 4686 3417 2363 2955 2578 828 1583 4359 1372 622 2948 4753 2484 1552 2006 4466 1854 4324 887 4344 1245 4636 2446 1071 4428 1089 3150 4756 2894 1510 2796 3795 1712 419 1550 4419 976 3693 2785 3313 2374 1819 2688 1008 64 2076 837 327 815 4228 4222 51 3440 1277 1726 4817 2623 1032 1069 3697 1910 4292 4561 1112 4148 3082 3495 308 4781 282 2679 3017 2165 
13 19 11
41 69 31
12 45 5
5 22 32
13 15 14
22 50 4
53 31 26
58 43 15
52 31 19
14 7 35
3 30 1
48 53 6
44 42 13
34 48 17
32 11 37
50 30 18
54 30 1
44 3 25
21 18 22
25 60 22
34 22 37
9 5 26
56 27 35
48 13 11
1 5 19
38 15 6
36 65 20
21 36 30
46 36 40
42 2 11
29 16 2
2 14 30
24 34 15
13 54 9
46 55 30
22 12 6
55 14 1
9 5 11
12 35 8
7 28 17
22 57 37
24 20 3
16 71 28
32 5 27
44 72 38
48 46 26
38 39 20
2 5 8
33 70 38
18 60 33
38 31 15
58 32 6
55 63 33
40 26 8
36 45 33
11 72 33
47 8 33
6 39 14
26 6 14
20 41 29
14 14 1
17 63 9
18 58 21
25 60 18
3 24 8
56 29 5
7 7 11
19 41 40
7 47 11
54 56 10
6 34 5
40 8 20
28 40 35
46 28 12
54 42 15
40 56 28
45 8 22
23 48 23
7 7 34
27 36 35
7 33 8
58 46 22
24 72 15
26 13 17
17 8 33
22 55 34
49 37 17
32 12 29
13 50 30
58 34 39
35 27 22
14 58 37
58 61 40
17 31 27
38 12 38
19 15 19
37 54 5
26 50 4
28 17 3
11 42 14
40 59 20
55 27 30
12 67 13
56 36 15
34 35 8
1 69 1
43 41 37
30 48 38
55 15 24
40 47 16
46 29 2
7 44 33
43 69 4
57 47 5
21 19 20
56 23 7
57 16 12
29 44 10
13 71 25
51 43 30
30 6 38
46 24 35
27 7 13
41 8 23
23 22 11
33 24 29
46 68 2
14 45 11
49 29 30
41 46 24
14 65 11
11 45 23
6 30 8
7 30 6
29 24 33
22 67 16
1 60 13
57 27 17
1 45 38
10 16 3
20 51 27
26 66 37
22 40 14
19 38 38
16 14 3
1 67 20
58 35 18
54 37 25
3 4 17
41 66 8
49 57 10
46 45 28
12 70 32
49 46 17
54 20 24
30 26 18
35 45 15
39 13 27
15 48 16
36 49 1
10 46 7
39 22 21
44 42 20
5 66 23
18 8 3
28 30 20
9 70 32
34 42 16
21 21 7
10 12 4
10 45 14
15 57 2
26 39 8
21 49 33
48 5 2
56 27 38
5 48 4
5 20 1
36 51 30
41 21 29
22 55 17
37 39 40
10 34 9
50 34 26
29 43 23
2 44 19
5 46 24
18 48 9
21 61 33
22 7 18
13 60 5
9 25 34
49 44 26
49 52 10
33 48 37
58 23 7
53 14 13
55 13 8
24 69 1
51 9 10
49 14 12
34 46 7
23 52 32
44 59 18
54 1 12
48 2 10
40 69 10
56 34 31
3 59 15
14 22 28
35 68 37
26 4 23
52 35 6
40 41 2
3 42 1
1 64 17
50 1 17
39 58 22
1 60 21
38 54 5
44 53 5
40 60 15
9 8 4
23 8 17
55 51 15
16 15 37
48 47 31
29 19 29
32 31 11
15 17 30
49 42 18
44 26 20
8 68 8
35 45 24
42 50 34
7 35 9
36 48 1
56 65 26
3 12 4
50 44 16
49 45 14
35 62 15
57 42 38
26 9 9
10 32 28
14 72 37
6 3 21
16 3 19
49 49 6
33 7 7
55 67 25
18 49 23
26 70 8
54 65 3
38 63 9
24 35 39
50 11 22
46 60 32
51 54 30
55 6 38
40 24 12
11 54 29
43 62 1
48 28 10
11 56 3
19 38 28
10 39 33
44 37 26
45 44 26
53 35 35
22 13 13
48 52 29
25 20 33
42 48 20
12 5 40
32 13 26
14 19 16
50 42 12
13 66 35
48 55 33
11 23 31
27 57 25
33 6 22
39 61 15
53 32 28
11 3 29
40 65 34
56 54 8
52 66 27
18 9 8
16 42 37
3 34 7
26 38 32
3 31 3
47 26 36
51 60 11
33 50 22
2 51 39
15 23 18
33 17 16
32 70 21
22 58 21
54 63 31
46 48 32
54 22 17
9 8 37
12 55 13
46 64 2
37 36 5
58 5 19
27 19 31
12 61 18
7 72 25
37 9 34
39 39 29
39 8 2
9 68 1
57 72 18
50 33 33
44 66 26
10 62 9
39 9 12
52 22 35
41 19 24
48 31 28
23 61 24
11 17 32
16 27 23
51 46 1
56 69 4
41 21 16
54 64 5
43 46 32
23 37 19
6 48 15
50 28 16
31 57 14
12 31 39
37 10 24
26 55 12
41 30 28
48 38 1
4 32 3
44 62 28
57 31 26
45 66 26
55 63 10
38 18 12
31 70 10
6 29 4
8 36 11
58 69 17
47 12 13
28 45 17
22 61 36
7 32 37
12 14 36
58 71 32
35 44 23
32 45 35
24 71 32
16 24 11
30 15 6
45 18 5
48 18 31
21 2 29
21 66 16
3 21 26
50 62 11
5 4 35
31 16 11
11 24 29
11 8 26
17 3 23
49 32 15
23 65 8
7 41 32
6 37 1
11 31 35
44 52 37
53 60 15
53 3 4
39 11 7
12 21 36
16 64 40
21 43 24
43 30 32
3 32 14
50 64 11
4 72 33
46 3 3
17 5 26
14 17 39
22 18 33
5 66 12
2 30 7
9 29 5
21 63 19
7 36 33
7 54 39
26 38 22
11 17 15
55 11 14
33 36 4
58 50 6
26 39 5
37 47 5
38 67 31
48 34 37
45 67 40
31 2 12
20 38 31
2 6 40
34 20 32
58 38 28
12 37 38
8 68 13
19 2 10
23 27 21
28 41 24
4 63 28
41 15 30
12 32 15
14 28 8
19 72 5
21 53 35
40 17 32
15 63 33
28 15 30
38 15 21
5 54 2
47 3 17
31 44 26
35 66 22
7 14 12
40 16 38
16 70 13
9 7 10
16 53 31
46 2 33
47 22 27
29 26 14
8 1 26
49 34 9
5 2 1
52 59 31
21 49 6
30 27 4
47 13 4
32 62 6
13 12 15
22 60 12
12 38 15
40 30 5
3 6 39
35 4 5
58 10 22
43 72 19
18 4 26
28 61 34
38 68 23
27 54 32
42 36 32
17 32 2
6 9 38
1 61 38
40 60 12
10 23 37
41 10 28
47 11 35
34 63 14
25 15 33
45 55 35
24 56 39
58 27 13
43 44 23
35 50 28
3 46 29
21 64 39
49 72 14
51 61 27
14 18 28
2 49 12
49 68 26
11 13 22
19 32 30
20 64 25
44 5 37
42 21 27
31 22 37
31 46 35
26 62 34
40 8 30
3 58 4
1 41 11
44 42 27
5 49 20
44 71 38
18 17 30
22 49 29
6 65 36
29 21 6
40 14 8
10 16 3
9 43 34
13 67 9
7 23 38
48 63 40
36 62 36
52 14 8
52 9 4
51 27 36
21 12 38
51 5 16
13 52 20
23 41 11
7 15 9
49 61 26
28 7 1
3 71 40
58 37 22
27 67 11
47 19 23
51 39 10
56 46 2
55 44 13
30 23 29
24 71 34
2 24 17
3 3 14
21 60 35
51 45 38
11 52 25
22 6 22
36 31 38
36 57 30
19 33 18
31 35 20
43 66 30
42 9 19
57 33 31
19 68 40
12 60 16
20 6 7
25 19 32
36 45 23
39 64 11
31 59 13
20 41 15
39 2 12
48 68 39
56 19 28
37 23 36
28 39 4
52 2 16
15 54 20
43 27 24
30 69 32
32 37 39
35 2 4
44 41 7
38 30 11
3 22 31
7 39 18
36 31 37
10 22 11
8 65 28
38 71 10
50 69 32
31 34 15
6 6 39
41 19 10
3 14 15
50 69 20
21 67 26
22 22 15
17 21 22
2 51 18
57 34 4
37 5 40
28 27 10
19 30 13
45 62 33
22 57 30
9 58 6
27 51 25
38 1 7
36 60 18
50 58 29
43 71 27
46 38 17
19 70 14
22 42 18
38 24 12
38 51 25
23 53 32
22 67 28
6 15 37
45 50 27
52 66 27
12 4 28
49 70 22
9 60 28
37 54 11
25 26 33
40 70 18
47 5 19
55 69 36
22 62 34
57 55 9
47 62 37
56 66 37
55 64 1
15 5 2
51 50 1
17 45 2
32 9 37
18 53 40
55 38 31
42 16 7
48 7 6
15 23 38
55 47 9
45 24 27
39 57 37
30 9 28
8 64 4
3 48 40
15 27 11
56 23 17
13 5 33
25 47 22
22 41 7
38 5 19
44 54 36
16 17 4
16 2 23
42 40 35
18 6 26
43 23 10
38 47 31
48 33 29
32 3 33
4 31 10
37 49 22
12 30 28
18 23 2
37 9 16
14 17 20
6 55 33
55 60 14
29 22 30
54 19 17
36 26 21
50 54 30
23 35 12
32 43 22
23 68 8
49 9 6
55 13 24
39 25 25
29 19 1
47 14 34
45 26 40
13 4 5
8 69 35
58 48 28
48 40 38
27 22 37
3 45 12
3 60 29
13 43 4
22 21 3
54 27 40
17 24 34
19 51 27
45 1 24
29 23 20
31 31 17
22 10 29
14 60 35
40 69 39
33 62 24
35 31 21
51 53 22
49 67 18
38 10 8
54 40 29
46 30 2
42 41 30
37 5 35
10 23 33
46 35 15
51 65 36
23 5 19
12 55 38
36 62 14
56 35 30
46 49 37
38 65 38
23 5 33
33 6 9
2 10 34
49 4 28
55 40 33
16 3 17
56 34 2
44 47 36
14 41 4
55 19 15
20 45 9
53 47 22
42 37 31
22 15 25
12 29 23
20 18 24
25 72 38
12 2 21
23 50 23
58 32 14
11 69 22
2 41 28
7 63 35
57 3 7
42 17 17
41 57 24
25 52 40
8 55 25
8 37 36
19 53 21
45 26 30
19 22 31
42 51 37
53 60 30
42 2 29
41 10 19
2 50 7
25 10 36
45 65 33
9 63 4
49 26 32
40 72 23
54 50 22
37 35 22
37 23 8
57 59 22
41 30 19
51 24 17
27 48 23
16 1 8
39 20 35
36 20 1
40 51 21
56 46 3
12 45 22
2 35 2
12 68 24
1 55 2
18 45 35
54 28 16
49 14 19
55 2 20
18 14 36
52 22 18
33 25 35
38 72 26
55 23 38
16 72 31
58 10 18
42 2 12
46 20 23
22 7 39
8 64 6
28 16 29
27 17 22
50 30 23
40 25 32
58 45 28
36 45 33
30 66 32
9 48 15
9 64 24
45 21 21
13 66 6
58 52 39
40 18 11
54 72 38
44 22 38
19 11 27
38 66 28
48 29 35
49 70 34
25 49 14
32 3 20
58 25 35
23 64 14
49 9 34
35 25 21
56 19 27
29 15 3
36 25 20
42 37 9
57 18 18
53 40 32
15 42 12
8 48 6
39 30 17
51 29 28
35 55 2
14 23 1
39 27 38
27 3 5
31 54 39
5 63 35
50 45 1
47 65 34
20 48 1
19 35 36
26 11 27
12 19 22
33 6 24
50 48 35
10 58 10
17 36 38
30 25 5
23 23 32
8 45 16
35 51 25
51 59 14
34 4 7
55 47 11
2 56 10
49 70 12
53 55 1
17 37 22
46 58 33
9 33 22
18 23 13
51 4 33
19 13 27
33 2 6
27 68 18
27 53 18
36 62 26
13 17 20
10 22 29
27 55 37
22 35 18
30 2 15
53 15 34
21 63 3
51 15 12
13 39 38
6 17 17
49 59 10
19 26 26
14 40 9
15 65 13
37 50 10
6 40 29
17 55 9
15 45 19
31 71 19
50 22 10
5 16 27
33 45 1
5 8 6
34 53 34
3 5 40
20 2 29
9 69 19
49 1 26
52 20 24
24 53 8
30 58 11
44 14 15
22 70 34
26 50 15
19 9 39
32 2 7
6 48 20
21 26 29
14 6 31
58 9 3
47 63 27
13 18 25
6 13 33
21 18 28
8 13 13
27 19 40
8 37 13
28 72 4
8 66 40
20 8 7
44 3 28
1 40 33
30 42 17
5 8 40
49 66 14
45 57 8
1 48 8
35 13 29
45 34 6
51 55 39
4 6 26
8 16 17
25 27 34
55 26 34
58 43 3
8 1 20
17 53 22
34 42 6
3 45 27
46 49 16
24 24 12
54 42 15
57 23 3
42 47 13
24 4 27
10 19 26
10 35 4
19 36 23
19 9 35
55 27 18
12 14 16
58 45 9
10 40 19
43 7 32
46 44 26
15 7 36
3 34 36
17 40 28
2 45 19
53 58 40
55 20 22
50 12 17
53 31 16
21 31 33
23 52 14
10 18 19
22 72 40
14 28 23
42 8 17
28 56 25
26 4 19
10 35 36
3 62 7
55 24 13
34 40 3
25 63 14
25 67 21
9 28 3
6 14 9
44 55 15
36 41 39
56 70 39
43 12 5
26 70 6
14 24 18
40 25 9
52 11 15
5 27 33
21 70 12
25 32 9
5 7 8
17 60 37
40 36 36
29 28 24
1 62 28
22 41 38
55 53 19
14 49 32
51 8 10
13 61 25
49 24 21
25 62 17
28 41 19
2 59 21
24 50 39
5 15 15
50 34 23
15 15 5
51 62 19
44 13 10
5 57 26
8 68 23
51 12 17
26 34 33
13 61 36
55 50 30
55 26 11
28 55 4
21 50 10
40 62 14
57 43 6
50 52 11
37 71 13
49 43 17
6 69 20
25 57 22
31 69 29
55 51 10
51 16 15
50 64 15
53 60 9
10 34 31
37 35 14
30 9 28
48 51 10
33 60 7
21 2 36
26 18 40
8 18 14
23 33 23
4 62 37
16 42 32
29 10 7
25 46 26
39 66 28
48 50 3
31 59 34
55 17 5
43 32 1
36 27 8
35 3 30
27 7 36
26 72 27
55 58 29
17 5 14
8 44 40
46 59 22
5 1 30
6 5 21
37 68 33
31 41 27
9 33 23
10 19 32
55 49 25
45 17 7
33 33 33
4 53 20
58 31 1
16 67 18
37 9 25
32 47 37
32 65 11
19 48 18
47 16 32
1 22 2
37 17 38
28 19 8
42 33 29
19 45 34
25 30 35
35 63 26
20 30 6
34 12 17
32 1 24
25 10 25
24 55 7
43 34 15
29 47 35
31 23 13
46 16 8
2 17 36
12 46 2
15 39 38
11 21 33
9 21 28
49 64 14
53 55 36
22 19 31
32 46 19
5 5 13
54 18 17
23 51 39
8 39 31
39 25 33
51 42 3
28 53 1
58 45 7
17 33 28
25 4 35
40 62 40
36 27 21
36 11 19
27 33 37
7 30 30
44 28 18
30 66 4
55 20 14
4 1 4
56 21 17
51 69 27
16 67 19
7 50 35
49 30 24
30 72 32
9 27 15
54 2 1
52 13 24
17 18 17
11 60 33
11 33 16
21 30 32
55 67 21
55 52 3
38 1 23
8 54 36
38 43 22
54 54 32
56 33 21
1 2 9
29 70 7
5 56 35
8 50 38
41 40 6
53 29 2
51 56 14
4 25 27
10 55 23
19 52 40
46 19 6
58 32 27
33 39 7
41 58 5
17 40 30
30 42 14
52 67 26
21 66 22
1 12 27
21 39 13
56 51 10
52 60 14
57 16 2
14 68 11
36 43 12
8 20 28
11 34 24
40 22 16
30 4 21
34 7 10
56 39 12
13 26 16
41 48 11
52 26 3
32 1 27
42 10 10
14 15 1
58 31 11
48 49 24
47 10 7
53 52 1
26 31 9
8 8 34
45 40 21
35 27 24
15 19 1
40 14 31
11 68 28
23 13 1
51 70 7
33 31 6
53 57 37
39 21 35
45 68 35
55 20 27
45 10 27
1 70 10
56 7 3
39 40 35
34 36 40
50 38 1
56 59 23
19 20 38
26 14 32
53 49 15
10 21 10
47 13 13
46 51 9
36 21 39
15 13 29
53 4 38
31 29 10
41 68 39
24 69 31
34 51 24
9 5 36
25 31 11
54 18 23
58 53 9
9 5 29
36 44 20
55 53 20
1 69 7
4 66 16
39 37 33
2 47 5
13 65 26
13 60 29
32 48 33
3 66 37
32 71 16
53 57 27
19 5 8
21 30 8
3 11 3
20 65 9
56 23 32
35 68 23
23 34 38
10 35 9
35 15 5
28 8 4
42 56 8
15 31 2
50 40 1
24 1 30
9 67 1
48 46 2
50 39 25
10 54 36
16 71 8
38 1 12
20 62 31
56 31 20
38 65 35
15 38 2
33 64 23
34 51 15
2 41 25
34 24 36
35 26 30
9 71 28
22 58 21
44 40 1
2 14 30
14 45 24
55 30 15
34 25 4
16 21 4
58 50 8
11 7 23
12 37 8
11 56 1
42 3 6
29 5 28
21 27 15
23 31 3
16 31 21
51 62 23
30 63 33
39 48 23
17 30 30
8 1 31
43 27 2
35 21 39
52 42 23
56 11 35
1 22 24
58 56 30
9 44 31
18 57 6
8 58 31
12 61 15
14 43 14
44 40 36
50 31 27
33 7 2
7 66 34
49 62 33
34 8 19
12 20 31
43 4 37
31 55 3
58 38 17
41 20 34
27 31 19
56 62 22
27 56 21
26 69 15
37 47 12
18 28 2
20 41 24
13 6 15
43 20 25
19 51 38
10 23 11
35 48 5
26 15 2
43 66 26
23 56 7
50 51 28
36 65 20
51 49 5
18 61 39
31 56 27
43 53 1
1 63 8
5 55 10
47 70 39
46 29 35
17 33 20
26 57 6
8 60 37
16 61 32
34 29 22
53 66 27
15 60 38
4 60 33
30 49 14
25 19 21
54 59 33
25 30 33
33 67 18
21 20 16
27 56 27
38 59 38
22 44 29
28 68 3
57 6 5
38 6 2
39 42 32
32 32 21
47 58 3
26 58 40
32 63 19
53 26 17
41 49 36
12 67 32
16 33 1
10 18 29
58 36 14
3 71 30
18 21 36
14 25 38
47 30 12
36 47 10
55 6 31
23 64 19
13 2 29
21 43 21
33 39 34
37 41 11
26 13 26
30 59 15
24 34 4
27 1 9
58 7 40
24 15 24
30 69 19
21 51 31
14 16 36
32 18 19
58 53 28
41 8 14
58 41 29
36 4 24
44 45 3
34 49 30
48 17 5
4 29 36
49 15 11
35 55 33
3 52 10
28 55 16
24 60 18
25 53 5
54 55 21
22 34 40
29 23 39
56 67 28
15 52 24
38 62 7
12 22 3
32 50 12
23 9 2
37 39 36
43 66 39
19 23 28
38 55 8
46 62 30
56 1 24
16 26 25
28 53 29
14 64 14
28 47 19
14 28 3
3 59 38
29 69 17
13 17 36
21 64 3
12 56 13
42 28 1
34 46 17
52 37 33
5 4 32
30 48 19
4 19 9
41 68 12
56 32 29
41 48 31
30 35 37
27 36 12
18 19 12
45 52 24
5 5 24
32 34 23
25 17 19
39 23 29
9 40 12
51 34 1
3 68 18
2 15 33
15 43 16
19 62 26
19 5 37
7 25 15
42 54 4
6 42 33
20 68 33
15 57 13
2 43 22
40 34 38
55 9 16
47 60 37
50 35 14
2 35 22
14 40 7
50 27 18
8 21 39
50 1 19
17 49 6
48 12 28
56 40 6
36 2 20
3 53 18
33 53 3
33 3 6
57 17 22
2 35 31
55 51 3
1 61 14
49 71 39
35 56 8
24 52 31
3 69 4
21 52 33
12 20 28
23 35 27
31 38 31
27 54 19
30 31 38
19 22 14
52 11 34
35 8 22
43 35 33
49 11 14
30 52 10
8 70 25
42 40 32
3 33 5
43 69 12
5 41 10
27 33 9
36 61 16
12 3 19
45 1 2
27 49 13
30 43 32
2 30 16
22 57 22
31 33 35
5 7 8
26 37 23
28 33 16
41 68 26
55 13 23
1 57 13
18 42 19
44 23 12
45 10 37
43 45 27
35 72 9
6 38 11
13 47 10
36 70 31
5 58 10
44 61 7
57 35 3
7 45 38
27 41 40
11 27 31
17 57 7
24 68 11
30 31 14
52 61 36
26 19 5
45 21 35
54 42 32
43 61 36
38 10 22
37 53 39
7 50 15
8 46 22
46 65 21
53 55 38
48 36 30
5 49 15
18 14 4
3 44 28
49 67 40
33 38 17
34 3 23
8 12 30
3 6 10
41 23 15
32 29 12
51 13 28
47 21 10
6 31 9
4 68 13
36 16 6
35 16 25
10 31 30
33 13 3
17 68 40
48 39 20
34 41 39
20 41 9
31 64 12
56 7 18
21 29 6
44 39 26
6 25 34
7 52 4
22 10 22
11 7 7
43 61 19
52 1 40
33 66 1
8 1 38
40 16 27
13 15 28
7 18 33
54 58 18
42 28 36
56 17 26
6 62 32
19 67 20
13 38 33
58 40 23
13 32 40
2 22 13
2 68 17
51 48 22
1 36 30
58 21 9
44 28 33
20 10 16
19 61 4
21 48 28
57 29 9
14 11 29
30 17 24
40 55 8
53 9 33
57 40 9
49 41 35
6 71 29
9 61 5
17 51 34
1 48 23
23 36 37
53 46 27
23 4 38
3 60 5
12 19 20
8 31 17
47 17 22
44 57 29
26 71 27
23 20 31
39 52 12
41 10 14
23 62 9
31 38 39
9 5 6
50 22 21
22 57 16
18 25 15
14 14 1
54 34 22
12 51 9
51 26 38
18 55 25
41 42 4
6 20 23
37 39 15
15 59 2
52 11 13
53 10 8
21 52 37
5 65 38
24 56 25
13 34 16
55 5 21
19 64 28
32 60 7
52 2 39
29 36 26
13 50 29
37 68 37
32 37 13
43 28 25
1 14 39
19 5 22
3 38 8
44 14 35
43 61 23
54 20 38
8 54 12
30 56 9
57 72 3
53 11 27
8 50 14
6 32 20
53 59 40
34 67 34
22 5 1
37 62 27
54 18 6
2 9 17
22 47 8
2 39 8
50 32 25
24 58 1
48 12 8
33 20 37
41 49 39
7 36 6
33 18 20
14 13 30
9 49 3
9 29 36
58 57 9
4 61 1
5 70 19
20 44 13
24 17 29
17 3 25
31 64 22
11 44 31
19 20 22
26 64 21
7 13 39
15 3 11
3 34 33
45 2 23
20 55 15
6 2 31
40 56 26
52 49 40
19 17 13
8 31 16
50 50 22
53 6 10
1 4 32
56 13 27
40 4 21
30 10 19
43 71 36
30 29 17
4 54 36
27 1 2
17 37 29
22 54 11
12 53 27
35 21 27
41 17 34
55 51 39
40 39 14
30 50 32
36 62 16
3 44 24
58 33 31
11 65 2
18 60 25
33 48 18
53 65 13
33 60 36
48 41 40
51 26 38
30 16 30
11 47 5
7 37 27
10 40 21
46 13 37
45 42 6
24 58 40
12 49 29
6 60 9
12 33 28
14 18 36
1 36 13
4 20 29
19 27 13
41 62 7
37 37 23
6 34 29
14 64 39
41 19 21
7 67 37
25 35 16
37 20 40
49 66 9
27 13 6
48 33 39
41 70 18
24 64 37
19 67 22
18 19 17
21 64 28
26 65 9
48 51 18
15 5 3
25 38 12
33 11 37
8 51 28
18 58 36
32 57 35
9 62 31
43 3 32
49 56 16
37 72 19
3 26 37
44 16 12
50 6 21
50 40 17
38 1 27
8 66 40
58 15 33
5 37 39
13 33 37
35 51 13
23 53 9
56 33 5
47 37 21
16 46 28
56 70 11
50 25 29
8 62 7
35 32 19
24 70 27
1 61 20
1 45 36
58 1 17
6 61 26
20 26 7
11 55 2
6 12 14
17 21 5
47 14 22
39 40 18
58 68 30
10 11 4
37 63 24
39 29 12
36 2 14
15 51 1
50 11 12
49 38 40
4 64 27
33 24 23
13 3 21
30 57 2
14 63 40
32 67 17
26 68 31
9 45 31
41 59 33
3 60 26
46 60 37
39 52 36
45 11 8
4 36 4
34 25 6
25 29 18
42 34 13
16 7 31
21 3 8
26 2 3
44 70 13
23 63 34
22 46 8
6 40 31
56 12 15
58 7 15
16 2 28
58 54 21
2 4 23
56 7 29
11 41 1
45 72 16
44 20 1
8 50 38
41 5 30
48 25 20
24 29 30
25 24 24
30 12 39
51 3 26
10 21 16
39 69 10
26 36 11
42 2 36
38 10 19
9 38 34
34 59 3
12 54 28
58 68 20
21 66 2
42 3 3
50 28 9
54 60 16
39 3 28
14 4 16
47 33 11
4 71 26
26 41 21
37 7 13
34 24 19
18 7 5
55 60 25
11 68 11
22 9 26
15 24 20
13 19 16
46 51 31
30 10 29
51 33 27
41 48 5
2 5 8
8 6 2
24 68 29
53 33 28
27 42 10
45 32 19
50 51 34
13 32 5
39 28 34
10 14 13
4 39 39
1 42 2
50 32 30
17 3 12
33 14 29
8 38 23
44 36 20
14 36 18
21 63 39
29 50 24
35 36 13
53 11 33
1 57 13
18 52 17
27 17 38
52 6 27
56 34 17
21 67 28
29 56 19
33 25 17
48 47 40
58 18 9
39 29 21
13 31 31
43 60 9
9 5 28
8 51 10
27 21 1
24 52 1
23 70 14
22 11 37
30 48 14
18 33 17
50 43 35
5 9 9
27 11 5
50 49 30
42 43 37
3 35 37
1 44 22
2 30 31
1 15 10
16 48 21
3 8 26
45 8 2
14 46 25
50 40 2
4 4 4
44 17 9
3 41 22
21 10 37
12 38 14
2 41 34
52 27 19
25 2 2
39 20 9
32 10 36
15 55 40
51 22 7
26 41 33
28 11 8
28 8 24
23 46 27
7 23 40
21 10 24
37 61 6
21 25 4
49 26 22
37 56 8
31 34 13
39 31 28
13 43 15
58 37 20
53 24 24
13 51 18
27 4 16
8 2 15
15 39 11
38 53 35
28 6 11
9 40 33
7 31 34
24 26 22
48 22 8
32 37 26
19 66 13
24 48 31
45 52 14
16 39 22
48 50 21
38 25 23
19 2 40
34 70 2
20 24 10
42 35 27
55 24 32
28 44 30
37 7 12
36 31 38
35 35 20
2 46 19
13 10 1
31 37 18
5 55 14
50 55 23
38 51 28
18 12 26
10 3 39
51 36 17
42 55 25
3 18 18
14 7 17
47 14 10
14 53 33
28 39 3
12 15 38
19 39 16
6 15 36
51 51 15
20 31 38
17 54 35
52 26 30
53 15 30
52 48 37
49 14 19
32 2 39
27 33 10
56 18 32
11 7 19
19 49 35
56 58 9
55 37 12
22 22 6
42 22 5
3 50 11
38 42 2
8 12 32
58 52 35
33 6 35
7 65 11
24 48 22
36 46 11
55 16 4
50 22 3
17 40 26
38 31 33
38 36 9
52 54 7
21 55 20
43 11 11
30 34 21
31 32 10
17 19 37
39 67 14
35 67 14
36 25 23
37 12 3
13 11 33
31 49 9
2 23 9
6 64 30
17 34 14
24 20 14
39 61 10
21 2 36
8 49 28
35 70 11
2 53 29
35 72 40
55 2 25
27 24 34
43 72 27
29 20 29
29 17 14
49 61 14
24 51 34
4 42 16
17 28 39
5 10 3
53 58 36
51 56 25
31 44 27
1 38 15
9 29 19
49 35 38
41 70 4
31 45 3
22 53 22
22 19 25
11 12 30
48 5 36
14 18 8
5 31 7
20 9 4
44 35 35
58 54 22
25 71 19
58 29 12
8 67 1
36 27 5
5 8 32
54 24 21
15 13 40
50 25 5
16 35 5
46 35 10
8 69 7
50 68 9
44 7 23
1 46 15
57 72 17
37 17 20
55 38 37
48 71 8
50 33 6
5 62 40
13 71 12
15 23 40
52 12 28
26 33 34
40 42 27
20 18 8
36 4 18
23 9 37
35 54 26
1 36 20
40 46 8
31 8 13
24 10 1
38 63 31
9 41 19
42 47 32
16 13 32
22 28 24
46 10 29
45 58 5
22 48 2
17 29 9
33 61 11
47 27 35
33 13 19
8 4 14
51 20 18
1 48 38
10 20 21
37 10 24
19 45 11
2 72 23
24 4 27
45 16 28
9 12 10
45 37 16
37 11 31
16 50 2
3 42 15
49 48 37
20 69 40
8 30 18
10 46 12
39 26 1
27 27 33
57 51 5
48 17 39
20 33 13
1 38 37
17 20 32
22 67 26
39 49 12
28 55 2
51 53 23
56 30 34
19 28 3
7 72 30
14 8 2
7 59 25
58 51 12
44 64 7
25 35 20
48 35 17
22 29 31
25 35 21
52 54 5
1 8 25
24 69 15
23 12 25
10 45 33
7 25 9
23 42 24
6 17 5
45 39 6
10 11 31
4 59 40
11 64 34
17 68 34
24 1 29
21 30 39
39 70 37
23 71 30
3 66 10
10 36 37
56 47 14
31 51 37
11 35 17
4 70 14
25 53 16
11 2 16
38 41 2
9 13 14
48 24 9
12 26 25
25 63 5
28 23 34
53 48 39
25 33 14
53 60 8
16 59 8
2 43 24
55 65 4
37 13 31
40 24 5
52 61 10
23 52 37
21 22 8
27 2 11
4 62 3
34 44 14
57 14 9
43 13 26
49 2 16
12 8 30
54 42 34
13 6 37
51 64 16
38 8 28
25 28 39
44 41 18
5 61 10
25 7 38
2 14 26
39 60 30
50 32 31
47 47 20
36 53 15
6 67 23
53 61 24
42 19 31
23 15 35
7 18 13
39 5 19
31 22 6
44 63 4
38 8 14
17 41 21
18 25 18
27 19 26
44 43 32
3 25 26
56 32 30
14 7 9
11 67 37
16 24 32
34 68 6
1 29 22
13 55 1
12 45 34
28 42 1
35 60 17
42 8 21
48 40 26
28 18 17
38 66 4
28 10 1
31 1 9
29 47 14
26 72 26
7 7 27
52 50 30
19 46 21
6 4 16
48 69 31
44 62 20
38 71 38
23 8 13
17 66 14
7 18 28
14 6 13
27 26 20
15 11 26
31 26 23
17 59 34
47 5 30
58 8 20
4 21 30
25 51 29
4 64 32
21 2 3
15 63 25
50 15 28
10 1 9
53 24 23
14 42 14
46 65 6
18 51 21
39 28 8
43 67 33
43 15 2
37 54 5
28 10 8
11 9 2
44 69 2
43 28 30
48 61 20
39 21 27
34 9 9
13 48 10
41 10 30
14 52 12
19 64 26
22 20 22
16 37 28
28 26 17
10 9 11
31 56 18
3 37 30
4 4 29
39 7 24
49 64 32
16 16 34
28 67 14
17 19 23
3 65 9
52 30 7
45 10 27
41 6 1
53 44 36
12 6 20
48 60 31
17 4 28
20 48 5
21 4 15
21 21 40
36 14 2
26 59 37
51 71 8
35 21 7
19 66 1
42 63 14
20 13 30
42 63 32
13 12 1
1 44 9
54 17 19
45 60 21
5 10 6
12 57 10
12 30 26
34 45 35
26 5 5
30 12 24
49 45 31
17 4 39
7 26 1
48 68 38
22 54 14
57 10 37
47 50 18
30 30 14
50 37 9
11 57 13
32 35 2
44 44 32
41 62 20
11 66 8
1 56 24
22 16 39
