9 85 1699 129
765 1999 2297 3033 3626 2641 769 1005 2448 1277 979 552 303 248 3818 4788 3298 4816 1524 483 4816 186 3937 4430 2478 3396 2973 4684 2390 1635 1305 2429 4741 2942 382 255 3901 2522 1235 3981 1287 577 1452 1543 3702 1961 1698 2442 2851 2442 3381 1533 3281 2411 3214 4399 1846 3177 1862 3921 234 3085 3380 4078 1329 11 2448 4589 90 1831 3246 4287 4763 2990 859 3107 1911 4389 46 977 3877 4074 2909 3643 2945 
1895 849 1667 3163 1356 4068 156 230 1253 4693 2164 3154 4383 1792 799 2548 3140 4901 4075 3076 1702 2290 657 3688 4898 815 4899 1367 348 4201 4304 1488 3907 4479 1534 3199 3241 1708 4844 1324 2776 4558 245 1257 2371 1812 3780 2800 4182 2889 2875 159 3187 2736 414 3847 4031 181 3996 4214 3711 4140 3282 3822 2645 4625 636 2153 145 3463 4582 3090 986 1176 2716 3292 3753 2523 1927 2704 4068 1812 4200 4396 1116 
742 1052 4138 1023 4297 3534 2959 1813 1579 2949 420 324 1784 1520 2332 264 1180 4617 283 3879 649 3963 4337 3136 2987 4628 729 945 240 3780 969 508 366 1075 1062 331 2178 1765 2478 337 2833 39 748 2989 442 3940 3163 1977 1402 83 3111 4509 2730 3241 3036 1337 79 2781 3960 664 2485 3522 3832 3886 1674 2515 4308 4687 3508 2971 1975 3339 3906 3124 4241 2852 4313 2276 2324 2677 4223 2366 4835 1608 2493 
1176 4264 3496 3170 4036 2129 2189 2203 2191 1105 3577 2258 1156 2517 4484 4172 2328 717 4626 3337 2324 1896 1055 3000 3782 3008 3927 2968 2985 4494 1830 3023 2389 3417 3711 1036 664 1674 3814 1520 2021 4597 4623 4876 2482 3765 2680 2012 1394 84 4849 1576 3935 3585 2259 3990 3952 2800 3133 4694 2407 1457 3623 4841 4654 1328 293 3497 2349 2217 819 1982 1844 2549 4823 1818 4551 3778 1732 4014 323 1946 430 1579 2584 
2905 658 2161 2324 3393 1154 2924 883 993 1916 1449 3968 806 2458 977 1606 3669 3944 1635 1255 1814 498 4602 1696 4371 1551 411 1108 3369 3103 831 3609 2044 1512 4424 4793 1920 1323 597 307 1474 3845 594 858 4404 3931 3687 4124 4767 289 3122 1087 2643 3287 1386 4146 3706 3583 3717 2242 2339 1895 4198 2564 3570 4718 1687 2659 3109 4810 4853 2405 2400 1596 2672 3007 3606 1884 3638 1532 2820 3641 3414 225 4115 
4256 3813 77 2480 1419 787 4410 4718 4713 3696 254 3459 4289 844 1901 3274 2291 3430 3247 3847 372 4841 4605 3545 2396 1577 4193 4502 3121 4355 3441 978 2946 1978 2185 1542 2025 4095 2701 3020 2776 3591 4280 30 3774 4085 4669 18 1160 1101 3681 2242 3489 1469 1226 4842 2635 846 1722 3545 1264 4843 1044 1325 3333 3917 2386 724 4095 1344 4551 514 4856 2623 2430 4116 3494 4142 1807 3171 51 3421 1396 2064 3594 
504 1031 1371 3671 2467 3128 3783 4316 4031 3672 1387 1224 2827 1239 3806 2141 4300 4804 2252 4154 1951 978 1460 3702 346 897 2846 3796 1714 3807 4267 4511 1867 2897 3751 4908 1457 4683 4196 3963 852 4796 757 2270 4307 4293 205 1592 847 1203 2422 294 4531 514 4530 4077 1218 1632 2427 402 3370 2969 831 208 1575 263 360 4648 3959 3111 4801 4375 4570 3254 4135 2009 924 67 1783 828 1370 1307 2328 2950 1010 
2403 2663 4429 3783 1810 3774 2953 4580 710 4836 3994 1984 913 2875 1873 1504 210 3950 1491 2456 2509 4701 1431 1905 2940 2487 3841 3063 1225 188 2388 949 1762 1637 1745 3511 4555 3459 4542 3488 695 3363 536 3660 3877 4838 4152 397 3793 1766 2710 2191 1333 3010 4169 355 4184 2911 4709 4461 4786 1764 42 1575 1265 759 3147 576 2264 27 3023 4772 1713 4715 2003 3372 2054 247 2482 3329 455 4797 3723 1993 415 
2614 216 500 2607 1784 2710 1600 4726 2819 1111 1850 1676 589 881 2450 978 2476 2489 944 1985 3573 2537 3115 770 3370 1244 2010 3066 2499 861 1163 395 2011 4766 2048 2129 3379 3949 96 4303 2188 3480 3073 3401 2077 2432 3210 1873 768 1274 3885 4704 1264 2546 754 3249 1187 390 430 1489 3737 4671 2068 1121 2512 279 490 779 1653 4617 3952 936 1384 2568 899 4372 2038 3058 3286 3589 1264 788 4096 294 2765 
7 26 19
1 57 2
4 18 7
6 36 22
4 56 5
7 83 6
1 9 19
5 69 38
6 18 8
7 15 39
6 4 18
2 37 6
3 26 30
7 7 4
7 61 32
5 61 19
7 28 27
1 48 36
6 70 4
1 69 35
2 45 4
3 2 2
5 39 1
2 74 33
5 65 27
2 80 19
1 27 31
1 23 7
6 31 27
7 7 32
2 25 35
2 82 25
4 67 23
1 60 5
4 5 17
6 50 25
4 21 18
4 51 33
2 4 7
2 65 37
6 1 25
2 70 12
7 55 23
7 69 19
1 22 2
6 22 26
2 76 28
4 44 19
7 37 29
3 63 13
3 67 11
4 13 35
3 16 13
6 1 1
3 73 20
2 79 36
7 75 24
5 60 11
4 29 11
6 77 32
3 42 40
4 6 24
3 42 13
1 49 26
5 7 30
6 53 10
5 57 22
6 6 36
1 31 34
4 65 11
4 36 13
3 41 17
6 28 19
3 68 30
2 25 18
3 52 32
4 9 25
6 9 12
7 42 13
1 47 16
5 1 11
7 15 1
6 83 29
2 20 29
1 72 39
5 18 39
5 29 16
1 2 12
6 77 12
4 60 29
5 28 7
2 73 7
3 32 35
4 40 16
2 65 11
3 73 9
4 17 5
3 41 2
5 20 11
5 82 2
6 79 15
1 49 37
2 35 4
4 24 7
7 46 3
1 11 13
6 58 14
6 77 34
3 22 27
3 71 32
6 37 16
6 20 35
6 79 40
2 76 31
1 27 11
3 42 12
2 37 28
3 63 13
3 14 16
7 81 37
5 79 38
1 68 32
3 74 8
1 61 40
7 52 40
1 35 31
7 10 36
7 80 21
3 29 27
