40 40 3920 8500
4648 3789 1726 1836 842 3404 2787 1157 981 178 4014 3019 2299 2561 1785 3154 3954 4179 2599 4214 564 727 69 2145 4184 1946 434 412 2785 2046 4068 2593 4225 492 484 1585 2698 1679 1407 1897 
992 603 3873 1892 4541 3164 3595 2681 201 1595 3657 4715 1091 3285 2318 3859 4113 3868 354 4854 2078 1643 822 2276 3314 912 2891 1940 4653 282 3808 3636 4458 2688 4324 2742 4635 4028 2367 3460 
4662 1193 1357 667 1452 4013 1527 2948 839 957 470 407 4844 1618 2009 3332 996 3254 3719 52 3610 3852 885 1935 828 619 2775 1082 4909 839 3597 4589 2904 303 1209 225 3938 997 1798 1667 
113 3403 2957 1713 4763 4718 93 3230 3114 4849 4100 1500 3564 4384 4510 4606 1617 2247 1851 4011 3629 1794 4329 4838 480 2798 1546 933 301 966 4637 771 3312 4046 3664 4473 2760 4140 1603 3283 
3698 3821 3131 3355 3913 821 4379 849 1301 2891 82 105 1992 4612 2976 2714 2505 4226 2884 360 2318 2728 3167 1115 796 4240 552 2517 2360 2810 821 1965 1904 1983 498 2971 3690 261 4473 201 
3149 4466 3406 4038 2542 4177 568 2649 4268 2668 3817 3051 95 1455 2053 1568 801 1747 3370 1180 1361 4490 3697 4168 583 4055 331 3102 2128 794 1956 4124 2168 1532 3606 4433 3910 1407 3231 2812 
2659 1022 3029 4202 4887 3971 4362 3057 749 4345 449 2513 4343 1201 3979 2272 1180 3412 1576 3538 441 63 1591 3305 3579 2870 2067 1131 1682 3544 1378 3743 3930 707 2533 3966 44 1182 4538 4038 
3888 568 222 1521 2094 1084 4680 2545 4749 3352 4305 3774 4834 147 1981 690 3321 384 458 4488 288 1171 4042 3521 3273 1498 2337 3378 984 522 2211 2088 2854 273 474 3216 1268 3576 1561 3769 
4398 392 2535 2002 1338 3877 2639 1441 4074 2928 2442 1595 1620 356 916 3945 4830 2584 1233 1510 3693 824 2525 1622 3657 2925 2905 1706 1354 317 2145 1592 3460 3087 2785 219 473 2565 2480 4113 
3108 2758 1910 2128 4671 2117 4035 3251 3722 4849 3710 3650 3044 2720 2994 3238 1898 1411 4434 4602 2291 1774 1851 3897 583 3077 4652 776 4727 4170 4437 2863 963 2005 1837 2117 1504 2711 2469 4747 
3608 4579 3598 1301 2546 668 1183 4086 4304 1784 4413 4752 3488 1401 556 3305 557 1254 2212 4137 1773 3880 1708 683 1544 1179 67 2841 3840 58 1549 2175 1165 3097 3226 2411 816 691 3613 4360 
2492 117 3281 2199 4082 4718 784 4802 1849 860 1347 2972 2997 27 4419 4249 3653 3595 820 1557 2277 1377 4518 599 1195 2919 4418 4027 3776 159 1589 316 1857 4703 2424 2869 4417 811 2212 685 
78 1804 3999 1973 4862 1417 3818 409 3531 1422 2927 3035 228 2655 301 4217 3559 235 703 470 3775 3082 2156 3019 2685 659 380 3776 3843 3665 2314 636 2510 1112 3446 4594 492 1594 1394 2486 
3543 2163 3988 2940 90 3639 1505 498 1129 3120 157 2540 4040 2335 1482 4408 2090 3973 55 3959 4650 1619 3116 4227 4573 4390 402 1012 2282 3327 18 4708 2469 2453 852 1825 433 4452 348 4346 
3476 1964 466 4044 243 2307 3561 3390 2080 4060 2472 1936 2519 1141 4483 4039 1903 4225 749 1425 2032 218 1214 1565 1740 2288 1130 749 4218 3437 4199 584 2972 4830 4418 3447 2501 3572 941 3759 
4142 657 1738 4197 2700 3238 3535 4715 3615 3903 4682 1961 906 3637 3646 3491 3077 873 1626 3029 3737 1122 3759 367 921 537 2315 2252 4699 3488 784 3540 153 2733 843 604 3118 683 180 4034 
2697 3153 1995 822 1421 2285 2841 4769 2475 3502 2297 2508 1079 510 1259 821 621 1367 4611 4600 4036 2920 3141 255 3725 4131 4179 4730 3199 966 3873 4610 1524 4717 2873 947 653 1381 1928 1662 
101 256 1831 2455 420 3701 678 4706 1642 3697 2283 3400 2198 4390 63 2322 4361 4528 1486 2318 4126 1479 2410 2316 4311 2548 1327 4104 4272 4266 4009 1967 1619 4730 4262 1381 1544 4831 4101 2098 
232 3759 1914 1983 2856 1648 426 2465 1248 2226 2025 3863 515 218 531 439 974 627 3542 1304 2604 147 849 1501 1139 888 2301 4593 4377 3836 4386 2308 750 4820 3211 2677 586 4769 2087 1367 
3965 2866 1370 423 2720 2812 961 545 1229 3607 3557 3643 1815 2052 1994 1002 4597 3832 1092 2659 58 1850 3566 3313 3825 1089 2244 1510 420 2781 4467 3131 127 4866 3331 3951 1564 1376 1373 4389 
1313 3788 4264 866 2418 2717 1415 4661 450 4212 3998 106 2430 2719 3072 1623 633 2052 808 3741 4316 1007 2754 2175 2642 784 3901 657 2887 3595 2368 2332 920 3607 436 4457 3514 298 4175 281 
205 2044 4509 1247 2352 1039 82 3365 2709 4128 2317 1410 3754 842 2935 755 204 4411 924 3588 4531 4223 1995 2196 1779 161 2179 3754 3347 805 422 4353 1770 2566 3872 2120 1647 831 4696 2297 
4373 2753 4016 1115 2961 353 3747 3202 2102 677 93 3543 3937 1917 1278 535 2544 349 811 1694 1088 2163 4304 566 3027 3514 555 3264 4161 1125 4432 3145 291 785 220 4018 4159 997 4362 1596 
961 4597 2569 4501 2081 2588 1187 4136 4715 2948 4562 2771 4750 3999 1018 2039 1932 3223 526 4114 3158 2383 3455 2065 4258 3438 1480 1770 3834 870 3490 1854 402 3832 3630 1484 3720 4381 817 3745 
179 1499 2001 2231 1119 3950 2869 2070 2745 152 4263 3523 4237 4336 4219 2629 598 4641 1071 3068 36 3885 4608 2053 4734 477 2337 3738 4177 3481 1702 2915 4083 3136 189 988 414 102 3671 4524 
3876 3434 4786 1510 469 156 147 3639 4603 4015 1509 2625 900 766 2819 1374 63 176 2635 345 1840 1142 3554 3981 727 4525 355 2160 3773 4448 2960 1537 1663 559 1617 2229 2667 1241 3829 2863 
1686 589 3088 382 95 271 2328 464 332 2460 968 557 2095 2141 1219 161 3382 3336 4199 3939 1363 3673 2036 1446 270 4667 1261 3468 2276 4439 2942 2000 462 2426 3446 2329 2494 2842 849 3038 
1485 2111 4530 1852 2875 4655 2469 3177 2635 1141 1819 3478 1113 4469 1234 4043 3215 178 4219 2068 4089 4587 703 3060 3759 3182 3253 2961 2073 4877 4634 3990 552 1552 1734 3322 1041 1171 2909 3511 
4161 2627 63 2009 4777 1666 3315 1563 1220 2345 3016 571 1386 3376 3640 1087 444 3990 3329 3257 234 4229 633 3241 1264 4859 2508 679 4886 209 1316 474 4012 1347 3105 1381 4816 1494 3383 481 
486 428 1059 394 1304 4746 795 2587 2585 2265 2979 477 850 2028 3365 1207 1292 3199 1413 2090 3763 280 1501 4107 4339 989 4049 1826 2108 1971 4528 450 3192 94 3328 1120 2425 1700 2943 1092 
529 1340 4461 3698 1639 831 134 390 306 699 793 1136 2638 4268 691 4010 937 3569 2254 951 387 3910 397 3853 3924 3347 3374 1024 2995 3548 4644 2953 2510 1720 3973 1561 1462 3992 349 3300 
4369 2326 845 4900 3970 727 3648 3083 1415 3752 2287 3750 1896 3557 3079 2084 2021 4376 960 3720 562 675 1416 445 1983 3368 3471 4749 3944 1563 2788 1794 2143 3010 711 4467 613 316 3696 3512 
485 3999 4301 4448 4278 1151 3631 2259 457 1332 1317 1529 2643 4029 3235 4908 77 4307 4105 1494 2722 1517 3272 1950 1133 2476 805 567 4247 4854 4193 3757 587 1533 535 3865 3581 909 2416 1238 
1032 4433 925 4177 4317 2542 257 2708 4777 461 886 2500 2216 3393 3571 1154 1448 1712 1452 1031 1528 2096 2006 1686 4332 1038 2442 3503 3399 2439 1472 91 809 1183 3923 120 1340 167 3268 625 
1935 1404 3072 3799 428 2576 1938 724 187 653 2764 4773 4570 937 1633 3820 3269 4076 443 869 724 3172 3003 170 4454 1229 546 2383 4484 250 2059 3864 998 3247 1889 4729 2366 685 4461 153 
1953 2003 835 1701 4647 4145 1132 1508 2180 4634 3300 705 2437 2026 4200 422 3517 4036 675 2541 1205 922 3422 195 3563 1945 3163 2634 388 2505 3343 2372 1194 1563 4758 3253 622 1915 3786 2228 
502 593 322 2964 3816 4289 3080 814 1032 2087 29 4308 1838 1508 1777 4110 2565 2929 2391 3493 4773 4333 509 650 62 4304 977 651 4100 944 1589 3312 4367 1523 3189 1793 2570 3232 658 2095 
3042 11 1466 4462 3704 380 19 4217 2279 2564 225 4376 2025 3147 3033 1009 3002 2450 2151 2790 1707 841 4057 1194 674 3405 806 450 4301 2143 4335 1872 1549 633 3224 4392 559 3816 2194 46 
350 231 4493 1616 2589 2109 199 1767 2767 3797 4156 1846 1895 1152 4563 1885 983 3773 3580 2947 4685 3288 3118 1717 2789 2050 3070 3268 3057 1794 2494 889 457 1835 4030 217 1602 2586 574 3711 
1954 2444 3101 3806 4569 4717 1802 3275 3333 3384 721 2011 2286 2997 2862 800 2836 834 3692 2236 1642 3810 4886 1363 1687 38 2553 4879 4563 2299 1719 1882 1467 4667 3778 1433 1339 2648 2872 3154 
34 33 17
20 22 22
31 5 30
11 36 1
33 19 39
18 30 39
37 19 3
35 3 26
38 17 40
19 12 38
24 28 20
30 22 20
38 12 38
6 7 15
2 36 10
14 10 28
33 9 29
35 31 32
28 5 38
1 37 37
4 15 11
13 23 5
23 26 16
37 7 13
17 10 28
13 11 24
6 18 3
20 24 20
21 23 20
30 24 24
33 15 26
37 15 13
32 2 36
32 38 36
14 20 28
19 18 24
28 7 20
32 30 6
26 25 11
7 2 7
12 8 38
18 1 26
22 18 36
35 25 35
14 2 22
14 31 16
5 22 9
14 34 25
17 13 11
13 1 14
26 2 37
16 26 5
21 16 4
22 6 38
29 34 28
11 21 18
36 5 14
35 37 19
9 3 27
27 17 28
23 11 24
7 3 12
33 31 18
29 33 19
29 18 27
22 38 13
3 29 14
2 17 26
5 38 17
18 3 33
30 36 27
28 16 19
25 12 5
25 24 8
1 15 28
7 36 21
31 23 29
17 15 22
21 4 5
34 16 7
38 14 4
25 34 27
5 9 12
23 26 35
26 19 15
27 14 28
21 13 1
24 20 27
29 28 38
35 13 6
15 38 20
8 29 3
15 6 1
32 15 25
9 24 11
22 17 30
8 21 31
14 38 13
26 32 2
28 23 18
38 19 17
22 34 39
36 32 25
20 5 16
6 28 14
36 22 3
18 34 28
4 7 9
1 36 16
5 18 2
6 16 21
26 2 8
5 25 19
33 11 26
25 38 4
18 26 37
7 2 34
3 20 40
1 8 29
37 5 4
36 7 35
27 27 23
16 31 32
25 23 23
20 26 36
35 22 25
35 9 6
33 28 15
5 27 25
6 5 16
38 26 12
23 3 19
22 29 17
11 3 40
9 9 19
31 11 11
30 30 29
34 7 15
36 31 13
14 10 19
27 8 24
13 33 35
27 21 9
20 13 37
5 28 11
25 38 21
28 29 35
12 30 6
12 16 4
25 10 37
8 15 28
4 29 23
7 37 9
37 4 26
18 9 27
28 14 7
24 30 3
34 11 4
21 32 26
15 36 26
27 16 37
22 29 23
32 23 2
4 24 38
9 35 8
35 33 24
29 28 36
33 2 2
19 38 30
29 18 13
3 30 16
22 28 35
34 4 7
11 30 19
34 31 6
23 9 6
10 35 19
12 28 2
11 14 32
16 15 18
16 35 28
2 33 26
19 14 15
22 30 15
29 18 19
21 23 10
4 4 12
26 28 27
9 33 25
13 21 35
6 7 9
5 33 27
12 23 26
25 14 8
8 35 5
6 9 12
33 32 39
25 28 2
22 7 26
15 26 39
20 10 24
7 11 29
30 20 32
11 22 17
13 15 33
37 36 30
19 7 5
35 20 20
23 11 33
2 25 37
25 5 22
38 6 3
37 10 21
25 30 7
5 11 40
1 10 22
12 27 17
21 6 16
14 12 9
1 8 28
32 30 19
2 16 21
33 25 28
12 30 10
31 5 10
26 16 39
37 32 39
29 23 7
7 5 15
12 21 25
30 19 13
22 37 9
2 9 32
33 24 35
5 29 18
18 10 12
16 29 14
26 3 14
34 35 10
3 24 40
30 37 27
22 36 15
23 17 32
12 15 1
15 1 12
10 16 18
37 22 3
29 33 7
8 12 20
27 14 28
9 10 7
19 29 5
13 18 6
6 10 7
8 13 9
33 35 6
10 24 12
19 28 7
16 27 25
28 14 17
18 14 28
16 3 9
4 26 22
9 32 39
38 34 39
20 5 29
9 37 32
36 37 25
38 29 6
4 28 6
29 15 7
7 16 1
13 16 9
35 24 8
27 22 32
1 28 37
22 24 17
22 10 25
25 17 9
16 11 5
2 34 4
1 35 8
14 14 36
8 27 20
29 16 2
28 1 25
11 25 9
34 32 21
17 24 8
32 35 14
16 7 38
30 3 23
22 21 8
26 19 19
11 8 17
8 12 28
10 20 2
6 37 5
27 27 8
8 7 35
34 3 36
8 7 2
38 9 38
4 16 9
37 10 34
18 33 33
5 25 8
32 33 32
12 14 39
10 1 29
25 37 5
7 20 35
10 17 16
25 31 9
37 38 13
4 34 38
37 28 30
25 33 33
16 2 33
24 17 26
7 30 10
1 9 37
20 6 8
24 33 15
38 34 35
13 21 30
9 18 2
38 16 27
33 30 18
20 38 17
7 4 32
22 16 4
6 8 28
33 26 37
4 27 38
37 13 40
11 6 34
9 9 29
12 35 8
17 29 24
10 31 4
9 14 16
38 4 33
35 33 28
8 4 14
37 7 28
1 16 2
27 3 8
36 7 25
16 1 17
37 38 16
20 34 37
17 22 36
35 19 15
24 16 26
23 1 27
20 27 16
8 17 27
1 26 22
27 30 31
31 4 35
38 34 19
3 18 23
19 13 28
37 4 8
14 37 37
14 11 38
31 26 39
30 37 9
18 15 8
6 13 36
19 31 16
35 12 22
37 22 40
35 10 11
29 27 40
16 10 32
35 11 23
27 8 40
37 20 32
5 27 29
21 33 28
20 9 14
21 36 38
36 35 12
5 17 19
21 37 22
16 2 25
27 24 11
26 21 37
13 33 3
10 9 16
28 12 38
12 35 21
30 11 22
38 35 14
28 12 6
15 37 38
34 21 31
27 24 36
36 12 37
16 38 5
18 11 34
8 24 15
38 38 18
11 24 35
1 35 39
36 32 2
36 25 39
28 21 21
4 33 9
21 4 34
4 37 37
7 16 26
3 7 9
30 22 6
37 19 2
12 5 32
6 13 21
2 32 34
1 8 13
2 31 40
8 5 13
27 17 35
4 19 20
3 25 28
30 19 17
27 1 8
6 7 5
4 30 18
14 12 34
30 13 31
23 7 9
16 29 8
19 22 1
29 30 27
37 27 16
15 19 1
17 22 7
30 2 35
11 1 12
26 8 1
3 22 11
8 7 25
14 17 10
25 26 15
31 33 5
14 29 14
17 33 12
38 31 22
21 8 37
8 6 11
37 19 12
4 34 21
30 14 3
36 16 37
23 8 30
2 3 24
15 33 15
27 10 9
32 18 21
24 36 16
11 36 9
34 13 2
29 33 18
5 36 15
30 29 33
15 35 26
35 18 34
33 29 34
17 32 38
1 29 12
7 30 9
11 32 20
22 15 17
19 10 29
23 13 23
27 31 31
29 27 3
19 18 33
5 4 36
17 36 23
23 15 22
24 13 36
18 6 34
38 6 26
23 33 6
25 19 17
26 30 39
3 36 3
18 27 2
2 35 38
5 4 34
21 34 21
21 3 28
7 7 13
14 9 28
8 36 20
18 25 20
14 2 17
25 3 20
16 11 7
4 38 33
11 38 19
37 4 24
22 18 32
34 16 21
31 19 15
2 11 17
22 38 14
1 35 4
32 3 19
11 26 4
32 13 26
25 35 28
38 10 35
28 20 30
10 10 33
35 21 20
14 11 16
16 36 14
32 11 17
21 35 36
6 8 17
1 7 9
37 27 36
2 11 17
9 17 6
24 3 9
37 9 9
16 5 29
17 9 23
35 33 10
12 12 29
20 23 23
35 32 17
3 1 39
32 25 37
21 22 31
14 25 38
38 29 4
27 35 16
2 33 2
4 33 11
12 17 8
27 31 4
23 17 16
30 24 37
1 11 11
8 26 24
14 3 24
2 13 14
27 29 2
13 12 25
1 3 26
29 37 14
17 12 1
23 2 24
27 18 18
3 33 4
12 33 26
21 14 5
1 2 18
18 15 5
4 37 9
19 32 21
36 17 4
3 24 2
24 6 16
14 38 3
3 11 37
35 9 33
35 4 5
16 11 12
11 35 7
32 34 40
1 36 25
22 34 18
1 35 34
27 13 38
1 38 38
19 26 39
36 24 7
21 14 33
18 28 23
10 17 4
34 1 11
36 11 18
31 7 40
4 17 33
26 37 30
34 29 6
17 25 32
6 20 9
37 25 3
13 13 33
38 17 1
32 38 34
12 27 33
34 38 5
22 10 19
24 30 30
11 25 33
6 34 12
15 26 32
34 32 13
37 15 20
27 37 6
26 3 9
38 28 21
31 17 6
2 9 37
6 7 17
36 23 29
3 20 38
28 22 1
16 8 12
26 24 15
15 18 32
15 21 12
30 8 21
29 31 1
30 13 17
22 29 7
10 15 16
25 3 21
19 37 27
37 8 25
34 3 16
15 1 6
5 13 5
5 26 35
31 14 16
24 4 15
26 29 34
36 7 5
23 13 5
22 12 11
7 30 32
25 38 10
30 32 30
23 25 33
30 19 14
21 4 38
15 23 28
26 1 5
2 13 36
16 11 40
33 37 17
9 37 13
8 37 32
3 31 4
10 28 38
19 2 20
11 6 4
29 28 37
15 5 18
14 18 2
23 28 31
33 38 15
34 5 38
13 8 22
16 35 6
33 31 19
30 38 22
22 29 33
6 10 5
11 9 34
38 37 34
20 31 35
13 10 21
20 24 8
26 17 28
22 12 35
31 8 25
12 33 25
4 21 21
14 28 39
25 8 25
1 34 32
27 4 38
4 21 19
24 9 35
37 10 39
24 8 22
32 7 5
30 6 30
2 38 36
9 38 17
1 15 37
30 8 3
23 16 35
18 17 12
30 7 12
1 12 32
26 20 39
3 25 8
23 2 25
33 7 16
34 7 29
1 19 38
14 19 37
23 17 13
2 35 3
27 21 12
16 28 9
1 5 30
5 3 31
14 30 6
33 15 28
6 17 35
38 33 4
1 10 5
26 15 23
12 16 15
6 36 14
12 31 16
16 17 14
21 20 19
21 27 38
23 36 4
11 7 30
33 24 26
30 1 3
13 34 11
4 20 23
4 4 40
29 18 23
19 24 17
3 7 2
20 3 27
32 14 29
20 37 6
7 16 3
34 12 16
33 20 1
18 35 31
28 8 12
8 2 35
38 21 5
12 13 7
3 34 31
15 7 26
36 6 35
16 33 37
13 38 20
33 1 23
8 37 23
19 5 25
23 35 20
33 26 35
16 20 24
29 37 15
3 15 16
5 26 9
8 18 25
21 31 23
7 18 26
38 34 11
22 4 33
12 36 15
29 17 23
30 11 33
20 3 36
33 3 35
33 21 27
31 22 21
29 34 19
14 9 38
19 21 33
27 9 21
30 19 24
35 34 34
37 26 21
6 24 6
25 35 19
5 32 40
11 27 12
5 25 36
23 21 40
10 12 39
15 4 9
31 36 16
4 23 3
19 25 16
20 28 34
27 9 35
5 8 22
29 37 22
16 3 4
5 36 15
23 27 17
25 25 28
25 11 27
34 23 16
31 18 34
29 29 14
21 10 35
5 2 1
18 37 28
15 5 39
18 26 11
15 25 29
13 22 24
35 3 15
37 16 1
34 8 8
21 9 36
36 18 29
33 25 26
10 17 17
28 29 39
24 11 18
22 4 10
8 30 2
12 32 12
21 31 2
35 9 11
9 14 31
1 9 9
29 25 10
17 16 20
18 10 16
13 38 3
13 12 13
24 31 32
26 1 40
21 26 24
3 2 38
18 30 2
12 16 5
16 33 15
10 19 14
33 11 30
30 31 25
25 15 24
38 14 29
20 37 8
23 7 1
12 14 12
25 21 22
4 32 11
19 13 32
32 7 16
12 12 18
3 23 20
33 6 16
24 5 10
11 13 21
4 21 25
21 26 17
13 10 29
20 37 29
17 6 4
33 24 4
27 31 22
31 29 14
27 17 20
27 34 22
9 9 24
36 14 34
38 9 15
13 11 20
30 37 25
20 6 9
10 37 35
28 22 5
20 13 4
10 37 18
36 21 18
1 18 38
36 2 30
25 30 23
13 15 39
35 33 5
15 36 16
12 30 37
27 22 7
38 4 29
10 8 20
27 20 14
38 28 6
4 32 36
28 2 8
37 20 25
23 14 40
37 2 10
18 9 10
12 8 13
16 36 2
28 7 40
35 28 3
11 32 35
29 24 31
35 14 5
36 14 9
12 18 38
33 14 11
1 11 37
3 15 24
35 2 40
17 3 7
35 25 27
26 6 12
28 12 16
14 8 26
14 6 18
23 3 8
1 10 36
36 35 16
2 24 20
33 21 6
18 20 14
14 38 16
4 8 22
18 34 28
22 6 40
31 21 18
6 20 20
4 24 28
20 10 28
11 20 1
15 6 11
18 27 23
10 1 27
15 8 40
24 37 16
1 7 4
38 27 31
30 31 37
16 7 29
38 18 7
10 9 1
22 37 33
34 12 25
26 21 9
12 28 8
20 28 24
36 2 5
13 37 13
16 28 7
5 17 38
19 30 4
38 19 32
17 34 10
36 34 11
7 3 32
34 25 4
29 8 15
23 37 15
35 34 18
27 14 21
7 28 21
31 16 17
5 6 16
37 32 28
12 29 1
5 5 3
26 30 16
29 24 37
12 2 1
34 37 4
36 3 28
24 31 34
33 12 6
26 36 1
8 23 21
17 9 22
25 5 6
11 4 9
20 23 29
3 7 2
26 7 17
35 3 7
7 4 28
13 29 39
11 26 9
25 27 24
14 28 11
20 25 16
32 27 38
16 6 10
12 1 31
19 17 24
1 5 16
25 17 32
13 26 40
17 13 12
11 15 21
33 11 33
28 30 20
22 33 7
23 15 8
24 35 12
15 7 10
22 28 27
38 9 38
32 10 5
34 37 17
35 26 33
24 19 36
34 14 34
17 32 1
12 16 40
33 15 16
32 17 16
31 7 21
24 5 28
15 22 33
8 7 27
4 7 7
38 7 7
38 2 13
37 26 6
29 10 33
5 18 16
5 32 31
28 4 27
34 28 34
28 22 24
27 4 17
20 17 34
34 24 6
35 17 12
14 4 26
6 17 22
37 15 1
18 22 28
14 12 39
35 4 28
10 14 28
20 18 6
17 16 20
20 8 31
27 25 15
4 36 10
35 36 14
9 19 13
21 18 12
20 12 9
5 12 3
35 7 7
27 27 35
21 37 13
26 32 11
3 10 1
4 4 16
25 38 28
16 11 14
6 24 19
31 14 37
30 37 37
20 26 30
16 18 25
5 37 40
38 31 10
5 37 11
35 16 40
17 19 3
32 37 17
2 28 15
33 13 30
19 12 22
23 9 15
28 32 19
14 23 26
11 2 5
33 37 11
2 20 38
17 21 30
4 21 40
33 7 11
7 15 2
29 6 15
33 2 28
27 4 3
6 38 26
20 2 13
32 6 29
19 37 17
8 20 32
34 22 11
3 24 20
1 10 16
38 13 28
7 7 36
35 12 10
16 6 2
16 27 25
10 30 28
11 38 15
19 8 14
27 9 18
15 11 27
22 27 22
8 27 33
5 10 7
7 1 4
22 21 22
18 20 24
3 16 3
3 20 31
32 14 25
5 8 10
6 4 13
23 7 24
26 26 10
38 3 8
14 4 38
13 7 33
27 8 29
24 18 33
15 33 28
35 16 8
37 20 23
4 28 1
31 37 9
26 37 12
37 35 6
17 16 35
1 16 4
10 13 23
5 33 23
3 4 38
3 4 26
25 38 33
16 17 24
29 3 33
21 5 11
2 29 23
13 37 32
22 15 12
13 16 10
32 13 31
13 34 26
8 6 36
28 22 40
33 33 28
25 7 19
7 8 22
37 38 27
6 18 26
16 31 23
13 29 36
21 1 37
25 22 30
18 16 21
30 3 39
17 18 40
13 2 8
14 8 36
13 25 10
24 16 21
2 6 30
27 32 39
24 30 24
21 17 30
20 26 8
11 22 2
19 25 35
15 19 31
13 16 15
24 15 10
6 21 1
25 28 2
10 32 6
4 37 10
12 1 5
23 13 34
9 6 10
6 7 21
27 3 31
24 23 7
2 24 24
26 32 16
32 17 38
20 12 33
19 23 27
32 23 3
8 4 7
32 16 17
25 28 36
37 2 27
31 21 19
23 12 37
7 2 6
25 25 29
31 4 7
10 22 11
28 12 14
18 21 4
25 31 36
13 30 40
37 30 5
9 11 1
11 18 8
22 13 32
37 20 39
16 19 7
8 7 1
37 35 26
29 15 17
35 11 18
8 20 11
26 3 34
17 16 31
22 17 13
14 4 25
3 6 10
27 23 34
29 4 19
10 38 4
10 2 4
37 6 40
34 23 38
4 11 12
38 14 23
11 11 6
33 31 13
36 35 19
8 31 8
25 23 23
5 32 16
10 35 28
36 2 38
33 37 11
6 1 32
14 7 14
35 19 28
2 38 40
29 27 24
31 32 11
12 34 38
6 32 23
3 14 16
16 28 20
36 5 10
10 10 14
37 12 30
17 33 37
34 29 11
23 35 21
10 32 35
12 28 33
20 16 13
17 36 40
19 14 7
34 22 40
31 38 9
2 29 30
37 18 16
29 37 9
28 15 36
36 4 16
20 23 39
38 36 34
6 11 35
28 24 40
17 24 34
10 38 35
19 21 2
22 12 38
2 30 15
27 29 30
5 1 35
15 9 37
8 3 39
14 17 16
28 24 32
19 1 24
12 37 36
18 22 26
31 13 22
31 6 32
16 34 38
6 26 10
10 25 7
16 22 7
11 11 18
29 36 17
24 24 28
14 38 32
2 20 26
37 27 2
9 31 12
31 29 11
15 35 13
16 35 24
3 4 8
2 22 11
10 24 13
37 3 37
7 37 23
29 32 39
21 33 17
11 6 11
9 25 14
14 25 14
25 25 30
27 24 10
9 18 23
31 3 13
28 20 17
17 36 4
13 4 29
36 14 15
32 3 38
8 22 34
24 33 17
33 18 31
18 12 30
26 12 27
15 29 24
29 37 20
25 1 2
11 24 40
3 5 13
6 17 17
22 36 35
10 33 9
10 22 19
12 25 10
9 15 33
17 29 25
7 25 19
32 4 19
28 38 20
35 34 29
7 20 19
5 29 24
11 35 10
15 17 19
2 25 12
23 20 13
13 24 27
3 4 35
15 38 8
17 17 20
27 34 33
37 23 10
8 32 40
9 31 14
13 8 4
2 32 23
15 11 16
2 24 13
4 33 15
30 27 3
33 31 24
13 36 8
36 23 25
8 34 20
37 14 35
18 30 33
33 18 7
23 16 19
18 15 5
24 2 3
21 21 6
18 35 18
32 22 7
3 5 30
8 22 39
18 2 2
5 24 29
4 34 11
22 23 28
37 10 6
7 12 1
29 34 8
36 16 21
23 31 18
4 14 26
13 11 15
13 17 11
21 37 31
24 4 30
13 1 34
35 25 39
14 1 2
31 28 15
35 5 15
22 9 36
29 25 20
28 5 28
28 10 20
21 15 19
26 18 40
24 29 20
5 24 33
31 33 34
34 36 29
18 12 4
19 32 35
1 26 30
12 11 38
25 35 5
35 28 30
7 34 39
12 33 37
23 28 8
23 28 29
24 33 35
3 32 1
14 21 28
31 10 7
35 15 25
28 27 38
11 30 34
5 19 11
22 34 25
17 34 30
19 12 29
28 12 38
6 29 28
15 32 25
12 7 10
20 15 21
20 24 18
32 26 28
31 3 27
14 18 33
1 5 21
14 17 29
26 1 34
19 16 32
5 18 19
35 36 33
21 36 10
29 32 26
8 26 1
19 25 32
20 22 3
26 26 16
26 36 14
8 27 30
22 19 14
19 1 40
2 2 3
18 8 10
23 34 19
31 14 31
21 11 37
1 36 8
30 38 39
10 3 40
21 36 34
37 8 34
29 11 35
29 9 8
6 26 35
36 28 13
3 27 20
27 30 35
11 16 7
17 28 19
2 28 9
34 2 21
15 12 30
24 32 3
38 8 6
11 18 23
5 37 21
11 12 30
27 16 5
18 28 16
32 35 10
5 5 13
33 9 35
8 22 19
30 18 18
32 22 38
34 3 30
10 18 14
21 18 25
37 26 17
4 3 14
9 37 38
33 37 36
18 20 10
28 33 15
12 30 19
22 28 19
24 34 5
32 25 24
38 27 22
20 5 37
20 18 11
27 35 4
23 31 16
35 4 8
36 32 1
7 17 30
17 34 34
24 21 19
1 6 16
28 24 34
15 28 6
31 19 9
1 29 21
34 35 13
33 14 7
1 2 8
9 36 20
31 27 25
32 11 38
37 35 20
18 5 10
29 21 1
14 33 39
17 8 31
29 5 33
9 15 21
27 10 33
16 6 37
21 4 25
24 11 28
19 30 17
35 23 5
23 13 10
9 32 5
9 16 37
13 25 29
24 6 20
21 19 9
32 5 18
6 26 34
9 5 14
4 22 2
6 12 29
28 10 33
3 34 18
13 5 18
26 14 22
28 19 39
28 31 28
35 31 13
20 10 24
26 1 10
29 32 15
29 17 7
24 13 30
15 13 4
35 16 17
10 34 2
8 22 14
37 25 8
7 12 24
6 14 1
20 22 23
29 36 36
9 38 9
33 36 39
31 4 24
3 20 3
8 38 18
34 36 35
18 6 17
3 18 9
12 2 33
36 31 12
14 8 23
31 10 21
22 18 1
19 26 28
27 22 1
6 22 40
26 20 4
20 35 4
16 7 4
2 20 27
10 4 32
29 8 19
13 10 11
6 20 18
20 29 6
6 1 21
1 13 4
15 13 40
14 35 8
21 17 7
30 31 14
7 5 31
29 8 29
37 22 32
32 27 7
37 3 35
20 13 2
7 12 8
30 1 13
35 4 35
28 5 24
23 21 25
16 25 20
13 32 32
19 4 36
7 17 30
22 17 16
19 24 5
21 6 34
24 24 14
12 2 26
4 6 15
25 17 16
5 19 32
37 30 8
18 6 4
15 24 28
29 1 35
29 32 28
12 10 29
19 24 13
33 10 40
25 18 17
24 16 26
28 14 17
22 33 30
25 5 36
6 26 19
21 5 36
8 14 7
26 20 9
34 31 1
6 28 4
23 18 19
21 3 37
29 25 25
4 20 19
35 18 39
24 34 18
27 28 24
37 20 20
12 38 31
27 3 3
7 23 8
23 11 33
24 4 7
32 19 8
19 17 34
18 1 13
6 10 36
6 14 8
27 3 13
36 15 16
34 22 35
34 16 36
5 1 2
30 4 25
15 38 1
36 36 15
10 10 23
26 21 19
28 29 34
6 36 25
27 14 12
1 13 33
37 27 38
13 1 12
10 5 3
32 11 8
9 21 16
1 14 33
24 33 32
7 22 12
10 15 1
35 34 37
19 21 20
10 36 26
34 10 35
9 33 27
8 25 6
36 37 30
17 26 6
7 32 6
32 3 29
17 29 10
3 11 13
19 38 2
6 29 20
17 8 5
1 24 38
22 10 14
25 6 26
38 24 37
32 32 6
35 3 32
21 29 25
18 31 3
28 2 11
5 17 35
12 35 14
27 23 4
13 27 35
14 5 9
11 14 14
24 31 28
21 25 17
22 5 6
10 3 5
20 32 23
19 38 38
32 35 29
4 11 22
29 21 19
34 33 40
6 20 40
26 11 16
38 17 13
34 23 22
36 3 33
18 18 10
17 36 15
11 21 13
23 35 36
8 36 36
35 2 2
15 32 37
16 22 17
16 8 5
5 35 27
19 23 22
4 1 26
27 32 32
21 20 23
3 10 14
20 36 30
22 29 16
27 11 37
24 11 1
11 6 34
35 18 4
5 38 11
6 38 34
5 2 13
2 26 13
8 33 11
12 2 36
12 10 26
13 1 1
36 37 2
11 27 25
15 11 3
18 4 11
7 14 29
35 25 8
23 30 33
2 36 11
5 12 21
1 3 10
38 19 15
25 6 14
25 37 10
24 13 25
9 2 25
27 35 18
29 14 21
36 33 20
19 36 19
36 25 10
37 18 3
30 5 34
20 4 11
23 34 9
7 27 4
6 17 19
16 14 29
19 33 13
33 21 39
23 20 8
18 27 11
3 22 26
11 32 24
17 14 26
21 19 26
20 20 17
16 38 40
19 6 30
10 21 17
28 21 37
24 38 17
4 26 40
13 1 31
23 34 40
4 2 26
12 11 16
28 7 12
18 25 28
13 14 23
22 1 29
32 27 18
25 5 7
16 28 9
18 6 18
31 4 5
35 26 5
36 21 9
3 14 6
28 37 8
32 19 5
27 11 21
26 12 31
5 34 23
6 7 37
9 27 28
32 7 11
16 21 40
31 11 35
13 33 18
25 1 16
3 17 11
26 4 33
9 19 36
5 16 29
9 23 13
32 3 18
28 37 18
7 27 11
24 29 11
28 30 6
36 20 28
14 26 6
4 21 27
38 38 18
7 30 39
11 17 28
9 31 6
35 27 20
34 22 3
25 1 12
13 26 2
2 10 18
24 30 7
20 1 7
24 3 37
11 6 27
3 1 39
20 26 17
22 10 35
6 30 37
25 23 27
16 23 6
22 19 17
25 36 18
2 24 11
10 29 22
20 8 33
11 30 35
8 1 40
35 21 34
26 12 17
31 34 31
16 33 39
13 6 39
23 10 26
36 31 32
10 21 5
35 25 31
36 8 34
14 1 21
32 29 35
6 25 39
8 38 26
25 15 32
37 31 5
21 36 1
24 34 5
4 17 29
6 25 10
21 1 14
14 21 15
15 23 30
8 36 5
38 26 18
15 33 34
31 21 5
20 37 6
5 9 28
12 32 5
32 24 23
24 23 20
15 12 36
17 3 37
26 26 19
19 27 25
12 11 12
20 36 37
38 23 32
25 8 23
18 18 19
13 21 24
11 28 26
21 30 21
25 19 34
33 6 38
32 19 13
23 23 8
11 19 23
35 20 7
4 13 35
11 5 8
31 25 32
30 5 7
27 5 34
21 13 21
21 24 36
3 20 5
25 8 8
17 2 1
36 2 34
13 14 3
3 6 14
9 8 15
26 37 24
27 5 34
20 8 22
27 18 14
9 37 28
4 37 37
11 12 34
30 19 25
2 20 31
37 26 34
22 8 24
18 36 31
33 37 15
22 27 12
32 20 39
33 19 34
7 32 23
14 16 17
21 12 9
9 26 19
37 17 25
9 1 2
18 17 11
2 37 34
18 29 18
27 3 9
21 25 31
15 38 38
34 36 5
33 24 34
13 23 15
9 28 40
31 12 39
37 18 35
12 20 33
22 17 37
35 23 26
6 20 9
31 8 7
1 12 17
17 12 22
8 23 29
6 15 22
28 14 21
38 6 11
20 1 6
27 7 34
8 31 21
23 26 10
7 3 33
33 16 33
25 37 25
35 34 16
25 26 27
4 17 20
4 34 12
31 7 37
37 38 35
9 10 20
13 12 23
20 12 39
18 23 23
38 31 6
26 35 20
11 13 27
18 21 11
32 18 26
1 3 34
30 6 26
35 6 31
10 23 6
23 19 25
11 28 24
28 2 32
5 20 24
16 22 18
1 20 8
19 13 19
1 17 39
26 35 6
17 21 33
15 2 28
9 21 9
1 30 28
1 28 21
3 7 20
12 4 10
19 18 29
32 24 20
22 36 31
31 4 27
22 5 14
32 17 28
13 1 5
38 13 32
33 5 40
5 5 33
8 37 1
31 28 17
9 8 26
7 13 2
38 22 26
21 35 40
23 32 14
13 17 2
22 28 5
11 1 24
37 1 36
3 36 24
25 32 3
9 14 38
37 27 34
19 2 40
21 15 18
13 12 32
2 1 36
3 26 17
1 25 5
24 11 34
11 2 6
5 26 31
27 15 15
28 26 25
31 13 1
4 10 31
27 7 8
23 36 24
33 16 38
6 29 15
13 14 18
15 10 9
14 35 36
24 34 30
27 32 34
7 30 16
18 20 20
36 30 28
11 18 21
35 21 3
7 9 39
9 31 1
29 8 13
37 4 15
18 5 3
16 21 31
31 7 27
15 34 34
9 2 18
12 18 4
26 6 32
3 15 19
23 37 25
22 10 31
31 22 29
12 19 15
19 13 18
13 5 36
22 37 24
18 10 28
10 23 32
16 24 21
29 25 33
30 31 31
34 11 1
20 14 18
21 24 22
16 29 31
18 21 2
35 33 37
12 25 5
27 21 17
35 37 38
15 26 19
12 5 6
27 8 39
28 3 29
34 3 27
2 11 24
23 11 9
24 10 34
21 9 31
31 18 5
4 27 1
3 25 12
34 7 18
31 25 30
10 12 14
22 33 16
34 33 33
24 6 33
33 27 7
11 36 35
37 34 13
2 18 17
10 30 20
1 24 38
3 1 39
36 37 12
38 33 20
22 25 37
21 33 29
27 9 5
4 31 19
24 25 32
19 31 6
10 12 4
26 10 18
6 21 35
31 16 37
19 21 23
23 31 6
38 28 8
30 32 1
12 18 4
34 19 1
4 5 32
11 13 14
6 37 21
22 6 27
10 37 3
8 9 35
22 36 37
10 26 10
37 31 22
31 11 35
18 36 29
10 10 5
14 31 7
10 35 36
14 38 33
33 23 21
25 10 33
36 20 35
4 17 37
27 14 5
24 4 7
37 12 13
32 25 37
1 24 8
34 2 12
3 20 7
15 4 2
9 28 7
3 14 40
37 35 35
30 24 14
27 34 32
31 23 31
13 24 19
24 30 39
25 4 14
11 18 14
33 18 15
16 29 21
5 38 33
30 26 26
7 5 12
17 21 34
33 17 6
35 2 5
19 16 17
21 3 33
14 13 5
27 35 22
19 3 23
31 11 12
4 25 19
1 21 18
19 9 24
22 24 10
8 18 25
35 3 30
13 3 9
37 31 21
30 10 22
4 3 40
38 27 19
16 23 27
27 21 37
29 21 29
9 23 16
35 10 35
28 30 40
5 21 25
3 3 20
11 12 6
31 22 13
15 14 3
35 20 16
5 12 12
20 6 38
7 27 29
38 29 20
37 9 4
17 24 6
19 30 14
29 11 9
9 38 39
31 34 34
26 31 2
33 4 10
26 1 16
27 5 15
22 7 1
6 19 10
28 10 2
3 30 30
29 17 18
38 17 28
8 14 30
36 34 39
14 30 5
6 1 32
35 12 37
18 27 26
29 21 34
3 1 15
16 34 33
3 10 23
29 23 28
14 35 12
9 15 40
36 26 32
28 16 3
32 2 8
26 24 39
18 4 5
18 17 30
15 27 15
27 28 19
20 29 21
16 27 8
8 27 1
26 28 30
31 23 1
6 35 23
12 37 2
35 29 27
8 11 11
6 13 16
29 35 9
11 11 8
16 17 18
13 35 30
33 35 39
30 13 6
28 9 37
19 1 27
1 4 12
10 33 34
15 6 6
9 26 20
7 31 15
8 22 17
10 33 16
29 24 25
3 15 14
14 23 37
31 11 2
29 37 15
22 13 3
9 25 3
25 12 10
21 36 25
21 35 39
4 3 5
35 16 2
34 14 14
19 32 26
11 26 17
11 5 26
5 6 20
25 5 30
23 32 33
27 15 38
15 3 7
31 27 32
27 25 27
35 12 10
6 7 39
4 17 16
38 22 37
32 38 36
14 22 3
29 34 21
23 16 7
21 21 20
7 6 20
3 12 17
17 21 17
5 1 3
23 10 12
19 15 15
30 6 4
4 2 14
26 34 33
12 3 29
28 5 15
30 25 33
38 25 25
3 12 8
1 1 15
18 33 32
32 32 36
19 20 21
33 4 2
24 21 28
5 30 30
4 24 39
20 13 18
5 6 26
14 17 27
33 14 15
12 10 16
3 30 25
19 2 3
20 2 25
24 14 24
15 35 32
26 2 36
8 15 24
33 21 4
24 32 23
33 21 16
5 13 5
24 16 22
6 16 37
26 35 14
19 14 34
32 17 19
12 9 5
7 33 20
11 9 40
4 11 38
12 25 23
25 24 17
34 2 1
20 34 31
8 13 6
17 9 26
5 20 11
35 23 26
35 10 16
9 9 23
27 22 25
9 18 37
27 28 9
32 10 13
29 4 10
3 8 33
38 23 8
9 34 3
25 8 8
23 26 4
26 28 23
1 12 5
12 13 39
7 7 31
30 12 13
34 32 15
26 20 24
29 34 28
16 18 29
11 6 11
18 12 35
26 17 23
13 20 18
5 29 37
28 36 2
16 34 13
33 13 40
33 26 3
38 26 11
24 37 36
5 30 15
11 5 31
31 18 20
15 19 6
28 18 34
30 19 32
24 20 26
15 29 2
6 20 5
30 2 10
28 19 12
32 6 29
26 7 13
5 9 18
3 24 27
26 27 25
9 7 37
29 22 28
23 37 33
32 35 38
6 36 13
7 6 9
32 18 31
33 17 18
32 9 30
13 17 5
37 13 38
7 11 29
34 28 17
13 2 40
26 4 12
4 37 39
37 33 7
20 8 1
5 26 34
21 10 38
14 19 18
20 6 5
12 12 37
4 32 34
33 18 9
9 18 1
2 20 23
8 8 15
2 12 40
8 20 1
1 21 26
25 1 23
23 35 1
17 7 31
30 32 4
14 35 22
5 17 24
35 22 28
9 16 24
28 21 32
35 5 29
20 10 14
22 12 40
11 11 9
11 10 18
6 1 38
2 34 21
6 3 33
19 24 36
32 22 21
29 1 36
6 13 26
38 30 23
24 35 7
23 15 21
14 21 2
35 17 15
22 17 34
11 32 19
13 24 23
27 20 35
36 21 30
15 17 26
3 21 20
38 20 8
36 4 1
22 23 13
1 37 8
6 15 27
8 1 13
10 25 12
18 16 3
31 16 13
29 23 36
36 12 15
6 11 1
19 12 28
10 3 3
13 1 15
7 30 22
5 2 37
24 12 36
21 19 13
20 9 22
24 30 14
10 16 40
18 3 40
34 19 26
35 26 28
12 34 36
2 4 21
20 8 18
21 2 26
14 23 14
33 3 38
9 29 8
25 21 27
12 20 24
10 25 9
17 24 4
7 10 29
1 11 25
23 17 8
2 37 24
17 22 32
7 17 13
8 20 37
21 2 11
33 11 13
24 2 19
30 7 8
14 3 1
24 9 40
25 16 19
33 26 17
30 34 35
10 19 29
18 32 38
10 30 35
37 31 3
13 24 6
10 26 2
3 11 1
34 29 10
16 4 40
3 37 19
38 7 21
23 9 26
21 4 4
5 7 5
21 16 16
1 8 18
18 19 35
20 18 26
28 15 26
30 34 18
10 5 36
10 17 7
8 30 22
9 5 14
36 11 10
2 29 33
24 2 9
9 38 15
3 2 29
11 12 30
27 16 35
22 23 29
25 2 1
22 38 3
29 3 40
38 32 23
4 12 3
14 11 11
18 2 35
21 3 14
1 3 18
22 7 31
26 9 21
38 37 8
3 36 23
10 11 34
12 21 19
37 8 5
35 20 15
8 33 3
26 34 33
17 1 22
12 19 3
12 8 38
13 21 29
31 27 17
10 31 22
4 36 8
8 27 24
18 20 40
16 30 38
28 14 3
1 20 16
24 36 19
19 9 29
5 21 32
29 37 36
35 17 3
6 35 5
2 29 4
20 19 29
8 15 14
18 37 14
32 27 19
2 22 10
38 29 2
3 35 32
38 29 2
18 13 22
28 35 23
29 1 37
14 26 22
5 4 31
16 15 1
19 15 40
13 28 9
34 8 5
37 18 2
12 3 9
14 15 3
14 13 35
38 31 27
37 10 35
30 26 29
10 35 33
28 6 12
24 21 18
31 20 31
29 12 20
7 18 39
19 27 22
19 32 19
17 37 13
33 37 15
27 7 13
5 24 39
15 28 38
27 5 7
3 23 24
4 27 23
8 18 33
22 12 7
19 22 14
28 6 2
35 3 34
10 5 29
5 2 21
7 12 2
22 24 29
32 35 14
28 7 7
34 21 33
7 7 27
11 16 1
12 37 37
25 11 7
9 3 22
38 21 38
19 11 7
33 38 3
36 26 9
34 17 24
11 35 17
17 13 33
23 10 8
33 34 32
17 21 31
9 31 37
21 35 12
21 9 12
29 5 29
18 6 33
19 2 27
12 13 16
2 14 18
14 1 32
16 5 9
16 31 6
32 4 20
27 18 31
12 37 40
23 32 8
33 36 10
37 38 6
35 26 23
33 7 7
18 31 14
3 14 18
8 20 36
10 20 39
1 2 35
17 9 22
18 11 40
2 19 18
13 10 22
4 32 14
35 3 16
8 11 5
9 19 29
25 5 15
16 37 33
23 5 4
29 17 28
31 35 27
28 30 27
17 11 34
3 9 10
31 2 8
24 18 34
6 7 25
21 18 10
19 11 32
5 23 20
15 37 29
12 22 35
38 22 40
1 1 8
4 31 25
7 23 23
28 38 40
8 29 4
31 16 35
22 12 6
24 29 20
33 11 38
12 22 5
28 17 7
12 21 19
16 25 33
2 23 40
30 21 34
12 4 7
28 12 26
33 13 37
26 25 7
27 37 4
25 16 7
22 15 35
28 4 10
21 37 7
4 2 15
36 30 17
30 25 3
23 37 35
20 20 18
19 4 1
38 34 26
33 15 27
31 28 31
14 11 15
26 14 10
36 33 24
20 9 11
15 33 30
12 20 14
9 2 22
33 10 38
29 35 6
34 2 10
2 21 34
8 23 17
15 8 31
23 6 38
14 24 33
7 12 26
3 24 16
11 25 13
32 29 22
24 20 35
33 32 1
21 15 6
26 23 26
16 29 26
30 8 25
11 1 39
22 20 20
38 33 36
30 9 11
18 24 15
11 17 2
34 25 23
8 6 20
15 14 14
14 16 26
26 34 28
13 14 5
25 2 30
12 2 34
10 37 27
3 26 9
22 21 35
6 4 10
21 10 34
10 12 1
30 21 14
12 4 13
23 33 25
22 35 24
37 2 26
19 2 39
3 19 34
38 35 12
22 35 29
29 6 12
28 29 8
3 10 32
31 28 30
34 33 23
28 26 38
7 1 36
7 5 7
23 4 11
8 6 3
1 3 25
7 31 14
13 8 25
16 22 19
6 5 40
5 33 5
19 17 17
10 16 31
31 3 34
18 26 38
4 12 37
13 34 17
32 2 17
6 4 33
12 28 15
22 7 35
17 25 10
25 11 37
13 31 35
7 26 25
4 16 40
28 33 38
1 35 25
25 7 7
19 26 5
6 20 14
18 3 13
25 35 4
29 24 6
14 6 39
29 10 23
9 23 35
30 34 39
26 20 4
4 17 36
2 3 11
38 36 6
12 1 20
36 25 33
36 1 13
5 12 32
34 1 2
16 5 6
24 17 7
2 31 36
21 30 27
33 3 40
11 33 39
1 12 13
23 3 15
14 19 25
28 36 32
10 11 22
23 6 15
29 8 8
14 34 14
15 33 33
19 1 13
18 35 22
28 30 10
31 22 31
36 1 10
17 14 12
12 37 11
3 22 18
35 38 18
20 33 25
1 38 18
36 25 28
5 26 7
11 18 1
36 7 27
24 9 12
19 31 25
36 15 3
24 21 9
15 32 3
19 31 40
22 31 40
16 11 33
21 2 32
30 2 13
11 16 9
20 14 19
37 25 32
8 37 34
38 10 9
37 28 21
5 2 28
36 6 27
15 27 39
17 11 18
6 4 4
26 37 38
28 33 12
14 32 32
19 32 4
8 26 20
36 33 40
28 12 8
36 25 1
20 9 38
35 33 23
16 1 10
16 37 8
30 5 20
23 10 28
29 20 18
30 7 32
36 31 15
11 34 5
24 4 35
2 34 27
16 21 30
33 22 2
24 6 19
1 32 13
7 23 12
17 32 9
3 33 3
34 19 39
14 34 34
13 7 39
19 36 12
38 21 10
31 27 26
23 1 20
31 23 8
4 20 30
8 18 36
12 29 34
25 33 16
15 24 29
1 32 27
24 29 40
17 14 33
19 35 16
11 4 15
16 36 9
4 34 13
1 27 3
20 34 22
16 31 7
36 1 28
24 32 13
19 36 14
30 21 39
8 38 13
24 34 12
11 15 37
22 29 6
26 14 34
26 8 17
16 7 4
27 34 19
37 35 17
22 5 26
22 15 2
3 26 29
31 34 24
11 26 38
17 18 20
22 17 10
24 10 4
33 25 37
35 37 40
8 20 20
9 2 3
15 33 26
14 19 36
20 20 23
38 37 1
9 17 9
25 10 24
26 5 22
24 38 30
27 19 40
4 35 33
27 29 32
18 17 28
26 11 12
35 8 23
4 30 23
12 7 9
20 25 29
35 6 1
32 29 5
18 10 8
20 36 34
13 28 29
15 23 31
19 10 33
31 26 2
28 3 5
12 9 24
17 35 34
37 18 39
17 15 16
27 13 30
6 15 6
2 19 17
6 26 32
32 5 12
37 35 34
22 13 8
15 35 12
26 13 34
8 17 17
35 31 22
15 5 9
12 33 33
28 24 11
13 26 23
3 32 16
26 26 13
12 7 17
37 36 1
13 23 12
11 29 30
26 15 31
6 6 15
28 10 40
17 30 34
33 6 6
3 19 29
8 8 32
22 33 32
25 18 35
25 3 4
18 15 18
22 37 2
18 35 32
33 4 11
25 23 10
20 14 17
31 26 34
16 36 12
1 23 22
10 35 35
31 32 14
34 38 25
8 5 32
3 23 28
1 12 19
38 10 17
21 33 31
26 28 6
19 23 7
36 2 33
24 28 33
36 38 3
7 1 10
4 18 8
3 38 5
21 9 38
21 3 6
28 17 23
16 32 39
2 38 32
27 12 25
26 16 26
3 6 11
8 31 35
29 18 16
5 20 7
12 5 25
6 35 1
3 25 24
16 23 38
16 4 16
29 23 36
26 24 34
18 36 31
32 18 38
32 25 24
30 1 31
5 4 39
13 27 13
19 7 31
37 24 19
20 16 3
13 37 34
28 1 22
13 2 11
10 38 3
8 14 35
17 31 36
1 2 33
17 4 3
24 30 12
20 24 13
8 21 27
9 22 10
27 16 17
30 38 12
9 15 26
24 13 16
22 26 13
27 20 21
22 6 20
9 31 37
5 28 39
22 38 2
34 3 30
6 23 6
38 8 18
32 33 21
27 25 4
33 30 3
6 36 18
33 12 8
14 15 33
13 35 21
32 16 31
15 11 23
25 37 31
36 1 15
15 10 4
17 22 14
3 12 5
37 10 28
20 24 13
13 4 34
18 36 29
37 35 20
17 18 31
12 5 4
25 37 2
19 14 12
35 38 3
6 4 26
16 15 40
6 31 27
5 2 33
2 13 1
21 33 19
28 33 6
2 15 37
2 28 40
38 1 19
18 16 18
19 33 35
24 14 7
37 34 13
3 26 12
36 1 28
20 37 39
13 12 35
9 17 1
21 14 30
37 38 4
17 10 20
16 23 12
2 6 27
16 2 34
19 17 36
6 29 27
19 11 35
33 31 31
5 14 5
11 9 31
36 12 7
4 6 19
38 27 9
9 17 40
24 32 22
23 24 6
37 16 8
13 18 22
21 4 24
24 9 32
32 37 1
4 26 10
31 9 23
18 3 2
21 23 22
3 25 33
28 23 25
37 2 25
36 18 10
25 4 36
26 35 1
9 32 27
26 25 32
33 2 37
21 30 17
13 35 11
34 24 14
7 3 37
38 37 17
6 28 38
18 18 14
18 19 19
36 24 14
28 14 26
20 33 38
19 11 36
7 16 27
2 32 17
13 34 22
17 13 33
36 19 12
26 22 10
6 23 7
3 15 28
27 15 37
11 8 29
4 34 8
18 2 31
21 18 27
11 19 13
15 30 21
3 24 7
25 15 36
9 38 10
17 38 21
5 34 22
3 11 27
28 12 13
10 24 3
12 25 20
4 15 2
11 37 3
24 7 37
33 29 31
17 10 22
37 24 40
22 29 28
15 38 28
36 1 22
5 22 5
12 5 8
17 3 21
23 11 25
10 21 18
16 25 38
1 3 38
31 19 3
17 18 36
38 5 9
14 7 25
15 36 25
25 33 7
16 28 6
32 13 7
6 30 32
2 28 25
29 12 4
30 28 12
5 36 17
35 3 16
29 9 37
20 9 13
5 7 13
33 15 14
19 1 9
27 5 23
9 30 5
2 3 16
2 16 40
29 33 20
13 26 34
21 32 18
11 2 2
8 28 10
4 14 20
25 2 37
35 11 35
23 33 18
23 8 21
22 23 29
12 23 11
11 23 2
14 24 34
36 38 31
32 22 10
8 20 15
31 32 22
7 3 25
35 3 27
21 1 39
18 27 28
29 11 17
38 10 38
30 7 35
7 33 39
7 17 29
29 29 38
23 34 24
20 1 14
38 23 26
7 38 8
25 31 27
36 3 2
32 5 20
21 8 17
5 30 23
24 24 36
33 25 21
10 3 27
10 31 8
20 11 7
14 30 16
18 3 5
2 15 39
26 7 6
37 7 40
18 2 40
34 36 24
32 29 20
15 19 25
4 14 35
29 25 21
7 29 35
30 21 8
38 4 39
22 11 9
36 13 20
34 8 19
9 18 10
36 21 37
16 18 39
30 17 38
5 12 6
29 12 35
18 32 14
36 25 17
34 22 24
9 17 15
32 9 29
12 24 21
1 7 28
13 6 25
18 33 11
28 9 16
1 12 27
23 27 19
17 9 8
4 13 40
4 19 2
5 17 24
23 1 5
23 33 20
33 13 4
9 31 5
7 11 12
25 25 11
23 22 14
18 26 13
25 19 34
23 21 30
13 31 9
23 36 23
18 30 8
16 1 17
16 20 19
31 35 6
7 4 26
23 38 1
13 26 26
24 8 14
29 35 9
38 11 39
27 34 5
17 3 15
14 23 39
14 5 21
34 36 36
13 27 12
9 26 1
2 20 11
31 2 12
25 5 31
24 20 25
6 27 24
12 34 35
11 5 8
28 20 5
26 16 34
1 3 4
8 12 23
16 5 18
5 25 19
29 19 26
25 27 24
33 24 35
14 12 31
35 36 35
18 30 10
17 6 36
15 34 12
10 31 17
7 18 33
3 27 12
22 9 13
37 12 34
37 22 24
5 12 35
9 24 23
23 28 14
24 18 15
19 4 35
38 32 5
13 10 36
9 16 7
33 37 35
11 18 4
33 26 17
1 5 39
13 37 21
32 29 4
26 35 7
31 11 30
29 9 22
25 31 21
21 5 36
24 1 11
12 33 33
13 38 24
2 10 31
8 21 13
25 15 29
26 11 20
26 27 33
15 28 32
26 28 15
1 9 11
1 11 12
37 26 14
31 25 36
22 15 5
38 30 23
19 18 27
18 15 6
35 12 14
1 32 20
7 26 31
5 14 28
35 16 25
8 8 29
37 31 40
34 38 34
28 1 24
12 32 2
4 34 36
12 12 25
11 15 4
10 1 10
30 21 21
28 30 26
6 10 16
2 37 6
26 14 33
9 29 10
2 25 15
28 13 15
26 29 7
14 18 11
11 6 38
15 29 26
8 32 15
36 16 21
3 2 17
37 13 5
22 4 11
3 33 32
2 10 7
27 27 29
15 30 38
29 2 10
18 15 4
16 16 20
29 20 10
3 19 20
6 24 3
8 38 18
17 17 32
37 3 8
32 4 15
17 28 10
31 23 29
30 27 22
37 28 16
25 38 28
12 16 21
36 1 3
35 21 18
20 36 39
28 2 16
30 4 22
12 6 9
31 4 10
23 24 35
11 21 5
10 9 33
27 20 21
19 19 35
18 13 33
29 33 18
38 10 38
15 12 12
28 28 29
9 3 28
17 6 33
12 8 1
35 2 20
20 32 16
33 1 22
24 27 20
3 17 34
35 17 17
17 11 20
21 24 27
33 33 20
27 20 6
1 24 10
33 16 1
26 24 30
12 15 40
7 13 36
8 28 5
31 3 33
13 6 12
19 36 15
25 23 35
26 35 21
3 21 6
35 20 26
8 22 5
14 26 3
28 31 1
35 37 13
30 22 24
26 31 14
30 17 17
25 15 23
1 24 25
27 2 34
38 35 34
31 10 6
5 14 4
1 26 18
6 20 14
13 6 23
11 34 31
12 15 30
29 27 29
34 26 13
24 18 13
2 23 10
1 24 32
5 21 6
26 18 14
36 8 30
14 23 25
22 5 2
15 21 22
8 1 2
37 2 24
21 1 16
33 16 31
2 19 12
3 17 17
17 5 38
34 10 40
20 3 23
28 16 17
33 8 18
14 7 34
3 16 29
15 17 25
24 20 15
19 35 33
35 29 31
29 38 27
5 5 12
38 18 20
30 31 15
36 37 38
32 34 40
26 8 29
25 36 33
36 35 17
25 25 38
30 30 28
3 23 29
34 13 2
26 33 15
15 34 2
24 2 23
35 32 27
23 30 14
26 34 20
10 38 18
4 38 36
28 31 17
23 38 28
5 20 21
25 32 1
19 12 5
29 25 38
18 5 7
27 35 20
14 33 13
7 21 14
30 5 6
14 13 40
12 24 7
38 14 6
38 17 14
25 17 36
3 24 2
13 4 37
16 38 4
27 29 27
23 26 18
24 21 35
22 8 15
2 36 2
3 11 32
6 10 12
37 6 34
35 35 22
9 19 4
12 12 19
24 14 9
35 5 18
10 15 24
23 22 23
11 21 25
16 22 29
38 28 23
19 15 34
26 16 37
24 23 34
38 27 10
17 25 18
27 25 19
38 15 35
21 7 5
32 3 34
25 15 21
15 37 36
11 28 16
36 7 18
38 6 15
17 12 13
25 5 38
21 27 22
14 13 33
25 4 21
29 8 38
26 21 10
19 6 13
21 14 19
5 38 15
9 27 33
9 6 35
29 26 13
14 29 22
27 36 7
34 5 27
18 3 22
17 30 35
7 29 18
27 1 21
22 20 40
15 6 36
18 6 27
15 25 24
11 1 40
26 10 16
15 7 30
22 21 10
13 19 13
26 29 25
36 30 10
34 1 10
37 16 1
13 16 39
1 16 14
23 29 25
35 16 19
35 35 19
14 1 14
31 4 34
1 23 25
3 22 33
20 1 23
12 35 7
4 30 28
4 16 34
20 31 3
18 26 40
31 35 25
20 10 38
4 27 16
38 25 27
27 1 22
10 23 37
1 19 21
36 21 29
10 7 21
37 5 36
8 15 19
10 34 35
16 23 5
20 11 36
5 26 24
13 19 14
5 36 24
30 30 35
27 6 6
13 23 22
2 10 13
25 25 13
34 30 10
13 22 37
9 6 6
33 24 26
33 28 25
16 10 33
12 1 25
2 13 3
15 15 11
32 28 35
30 33 2
29 30 32
11 26 37
27 31 34
11 5 7
22 25 32
35 21 29
38 13 10
33 6 35
19 12 22
5 26 34
15 8 34
15 21 9
25 29 5
4 17 10
28 11 21
11 13 18
18 10 29
5 15 23
17 36 38
13 2 4
36 33 2
31 11 27
33 31 1
9 18 15
15 23 36
29 26 12
28 1 38
17 4 7
31 9 20
17 12 2
4 6 9
12 2 36
30 25 38
12 30 3
13 29 6
18 21 28
4 4 38
10 37 33
30 25 26
6 1 16
1 34 1
9 30 40
36 31 26
16 14 17
20 6 8
7 5 28
9 27 3
15 17 8
6 2 5
4 6 36
3 13 11
16 30 5
30 4 27
36 20 26
22 12 13
35 36 12
38 37 29
2 7 28
20 29 35
14 19 33
14 9 5
4 35 37
34 18 28
20 10 26
6 25 2
28 5 2
26 33 19
37 25 10
7 16 35
14 29 40
34 32 38
19 17 31
35 16 33
31 34 14
12 24 19
24 9 16
4 14 34
12 38 1
21 26 17
32 21 32
14 5 27
30 12 38
36 32 25
28 24 37
28 32 16
12 36 1
5 27 19
30 19 21
4 30 37
26 10 32
4 16 9
37 21 12
35 23 40
25 29 35
30 19 26
10 31 31
7 13 30
25 18 37
33 3 29
15 37 29
38 8 35
17 37 4
35 19 3
8 26 9
12 32 12
33 21 14
25 22 27
4 10 1
20 19 10
12 28 22
2 33 34
38 26 26
30 37 18
34 20 20
7 38 36
12 37 12
20 32 40
8 1 40
1 26 34
13 37 5
1 10 35
22 11 15
29 11 7
33 28 10
33 26 24
7 8 38
5 7 32
9 16 18
5 16 37
18 6 20
30 26 23
18 21 25
23 8 31
7 34 40
19 3 25
8 27 8
29 29 13
26 34 38
29 7 35
5 9 36
21 21 15
21 29 6
7 12 25
27 9 2
5 26 28
1 3 29
13 13 1
30 24 27
2 19 7
19 33 10
13 17 35
11 9 37
5 21 22
2 33 16
7 11 39
5 9 29
2 14 26
26 23 35
30 29 34
7 11 31
26 19 2
36 8 23
26 15 10
30 2 39
30 10 1
29 8 7
24 32 40
9 36 15
30 1 36
24 8 32
31 13 38
22 32 9
20 15 9
20 32 20
37 1 13
7 26 37
5 14 2
16 15 4
22 2 12
24 12 29
23 29 8
7 8 1
26 4 28
13 4 6
6 1 38
4 29 27
34 12 34
13 25 12
14 19 4
19 15 9
23 3 15
13 28 40
19 38 34
19 30 9
2 21 27
22 26 25
27 28 1
2 26 19
7 1 22
35 30 26
37 13 4
14 17 14
27 15 26
25 4 32
20 30 21
4 37 33
34 4 17
4 27 33
36 21 22
32 7 10
9 30 12
26 11 13
11 32 38
15 16 22
6 24 40
2 30 3
32 22 24
15 14 27
8 1 35
1 3 40
17 26 16
37 23 22
29 11 5
6 26 11
11 12 8
30 27 22
28 27 30
38 21 26
3 5 24
3 30 10
26 11 7
19 27 27
8 16 15
7 9 14
13 21 3
28 38 10
28 36 20
21 16 26
36 36 2
37 22 3
23 6 18
31 24 20
20 35 30
35 17 19
29 24 40
8 7 33
35 30 11
38 24 2
29 10 17
38 9 24
6 31 20
2 13 5
24 14 37
10 25 38
18 23 20
11 28 10
32 15 13
20 16 24
14 12 2
11 12 7
16 33 38
26 35 25
14 14 39
21 19 16
3 5 38
22 9 23
19 16 30
28 15 32
1 6 8
9 7 4
2 23 8
25 20 12
29 19 31
37 37 5
23 30 30
14 17 36
2 8 3
10 34 22
31 21 4
9 30 35
20 6 37
31 31 33
34 36 33
23 22 14
14 4 34
24 10 34
37 18 3
31 12 14
20 9 6
17 6 19
32 32 26
24 2 14
28 18 24
23 21 5
16 1 17
38 29 1
27 4 23
8 13 32
24 31 29
13 4 34
1 23 26
14 21 3
23 30 35
12 27 1
34 22 20
30 11 15
27 20 14
19 8 19
38 13 34
5 28 8
10 19 33
35 17 8
38 22 14
37 28 14
8 4 27
7 38 15
24 4 2
26 26 35
29 37 31
29 3 2
37 38 38
29 10 32
15 1 10
34 7 22
7 31 28
21 33 15
18 8 20
16 26 6
24 14 20
34 22 2
2 36 39
35 18 6
37 26 23
36 33 5
13 22 36
17 9 31
19 27 30
18 15 17
28 30 9
25 24 8
19 26 27
11 34 26
15 30 18
6 10 17
37 13 18
23 34 31
14 1 16
35 34 13
26 38 13
6 8 13
2 14 36
27 23 17
34 4 14
21 33 11
22 11 19
31 2 37
12 34 29
28 22 12
19 21 9
22 38 6
6 19 27
1 37 1
18 22 6
12 32 2
17 11 12
3 33 2
15 34 19
13 17 8
24 10 13
9 7 24
37 3 26
30 20 12
10 36 39
5 30 30
18 6 32
13 32 23
2 20 10
33 7 16
6 19 14
7 36 38
6 32 1
27 37 18
20 38 28
36 17 2
15 27 13
24 32 32
26 27 21
13 13 3
12 16 5
20 33 18
30 34 22
10 7 34
26 27 8
12 29 37
23 31 15
2 23 4
25 19 34
21 28 13
24 31 20
19 20 21
27 34 24
22 8 40
6 37 31
20 35 22
32 10 23
11 37 10
23 5 32
15 29 29
28 8 6
3 13 21
8 22 13
13 28 22
9 20 26
6 31 16
6 18 40
20 4 1
11 15 31
27 29 16
13 32 4
13 36 4
22 8 19
21 29 16
7 15 6
10 4 15
25 22 3
15 32 11
3 30 23
34 11 35
25 23 10
21 1 9
12 18 30
25 10 13
25 24 14
4 10 11
22 33 40
16 17 37
27 3 15
13 33 4
20 27 12
20 21 14
30 29 10
12 33 40
19 38 16
33 23 25
8 8 1
30 22 4
25 33 6
31 24 14
31 6 3
17 17 32
17 5 15
15 6 33
23 11 31
27 25 30
23 22 36
25 25 14
12 20 7
6 18 12
29 31 30
16 35 36
8 3 13
24 11 27
35 33 20
29 5 16
1 25 9
14 23 24
27 31 36
14 2 18
32 38 13
17 38 32
31 4 33
3 9 11
32 2 38
5 20 8
11 37 39
27 19 17
11 4 13
3 21 24
29 18 13
8 11 19
20 19 38
12 24 1
9 13 17
36 34 10
37 25 40
29 5 6
37 32 11
15 30 10
3 3 18
3 12 10
2 26 29
38 30 4
15 7 15
4 10 37
5 11 14
15 24 3
25 38 7
2 3 3
35 30 40
19 1 12
12 4 27
24 19 8
16 30 28
31 28 25
7 10 34
20 32 2
3 3 1
28 17 37
20 23 32
19 11 18
2 24 33
6 17 7
21 38 30
6 26 12
25 15 35
30 13 16
28 3 37
1 35 22
1 3 6
2 28 5
37 38 13
28 16 13
22 11 4
37 11 11
4 17 17
19 9 34
12 27 13
15 29 23
19 24 9
16 26 6
16 36 8
3 8 10
12 13 9
37 23 11
3 31 22
6 37 40
1 23 30
7 34 17
34 17 30
25 38 37
6 17 14
31 20 27
30 34 38
11 28 24
33 35 30
12 33 11
3 13 28
20 31 5
38 5 6
11 14 33
31 24 30
33 22 14
16 29 24
30 36 17
9 16 13
8 1 37
38 29 22
13 26 10
3 18 6
23 38 34
20 30 23
2 12 19
23 11 3
32 15 8
12 11 8
10 30 20
14 14 36
37 33 7
26 21 2
36 17 25
1 13 10
3 38 24
1 14 25
13 14 21
12 9 32
36 24 26
3 5 34
38 29 16
1 28 13
22 31 23
28 26 19
3 29 24
2 18 1
3 34 38
5 17 8
1 25 22
11 35 8
23 13 12
24 15 21
6 3 21
3 17 35
3 6 15
8 24 34
25 31 37
19 27 30
17 5 3
19 8 4
34 28 7
35 22 39
18 27 30
14 8 14
24 12 17
23 27 27
29 24 6
17 33 10
23 33 38
16 33 22
37 37 20
12 15 21
29 30 21
16 37 2
11 16 20
32 13 16
2 12 12
38 25 5
15 33 36
15 23 22
27 36 8
32 35 19
8 33 29
30 19 26
30 36 18
5 4 27
13 32 20
34 34 23
12 8 36
18 35 34
9 25 36
22 4 35
28 33 6
24 21 38
12 31 9
32 35 10
37 31 40
32 11 17
11 26 25
7 4 11
15 29 38
1 36 35
21 37 20
14 28 33
14 6 38
33 10 22
11 31 4
18 18 39
28 5 19
18 37 5
30 16 31
22 21 40
13 3 4
20 19 36
11 18 3
10 28 40
32 14 20
20 4 38
3 37 33
27 2 2
35 8 34
13 2 25
9 2 11
23 14 18
28 1 33
20 27 13
4 15 8
26 6 19
32 27 14
9 27 31
29 7 10
27 17 1
25 12 17
8 32 30
20 17 9
9 9 40
28 3 18
14 19 36
3 6 38
25 4 34
22 18 14
3 30 1
24 32 25
31 37 19
12 22 8
15 19 8
34 16 29
23 5 24
21 20 40
26 2 24
36 21 39
22 26 10
33 1 40
18 5 25
19 33 35
9 14 12
12 11 9
19 12 21
37 27 1
24 25 8
28 10 37
9 38 24
1 1 29
27 28 39
4 29 7
16 12 7
34 5 32
21 30 38
15 37 33
6 24 20
3 27 13
3 19 22
38 13 28
32 16 5
32 16 9
38 19 22
9 37 34
5 21 27
15 30 17
12 16 8
30 17 40
36 13 28
25 29 20
17 35 13
33 12 23
16 4 11
19 24 15
9 20 16
11 12 25
22 9 30
21 13 18
2 31 27
24 18 17
35 13 21
31 1 39
33 12 5
30 23 4
35 11 27
15 19 20
30 20 12
33 13 17
28 4 21
19 4 24
7 20 5
36 11 34
35 17 16
19 19 14
2 34 23
3 28 15
21 22 32
23 1 30
9 9 7
9 12 37
27 23 9
12 14 5
37 14 34
11 20 34
23 36 37
34 1 23
2 19 21
35 23 40
11 4 10
4 37 28
1 11 1
30 30 36
6 34 4
18 12 5
32 33 16
37 17 31
22 26 20
25 24 25
8 1 15
26 16 7
17 29 23
2 2 40
18 27 35
21 17 2
22 11 17
26 28 20
13 8 10
38 16 28
7 5 6
30 38 24
8 36 18
38 25 34
26 2 6
2 2 7
8 6 32
19 13 34
12 38 3
25 36 27
33 24 22
10 7 9
11 21 23
36 4 31
8 32 14
6 31 6
35 7 18
25 30 21
22 32 19
12 35 5
25 17 19
14 16 19
15 10 32
9 20 25
34 25 19
8 3 28
6 8 19
8 32 39
22 15 7
14 21 31
21 12 9
4 10 14
10 17 22
13 4 39
35 16 5
15 2 35
25 10 34
36 17 13
26 9 23
19 18 5
1 28 35
8 2 1
32 28 9
28 26 3
11 28 13
4 10 36
15 25 6
29 21 11
29 15 38
20 33 14
32 35 27
9 38 21
11 2 35
25 36 33
34 12 1
6 12 21
36 22 12
16 23 38
32 7 7
23 34 27
26 5 20
32 36 40
17 25 5
22 28 30
36 17 20
7 21 3
3 13 36
35 37 29
3 9 24
36 4 22
26 34 7
38 26 27
29 20 33
36 17 37
15 1 2
38 11 31
10 7 37
9 16 15
1 18 30
20 18 23
29 8 16
36 23 6
33 32 13
24 16 39
25 38 27
35 10 16
6 26 10
35 18 11
29 13 39
2 17 23
29 18 23
14 9 20
14 18 22
7 17 7
13 9 31
38 22 23
24 1 36
38 9 23
30 19 3
20 32 23
16 17 17
15 30 12
32 27 33
16 1 16
35 34 30
2 27 29
3 14 22
38 13 27
29 34 36
31 18 22
2 14 11
7 14 24
15 26 12
2 31 34
20 15 8
26 15 29
1 28 39
31 12 30
25 28 25
22 21 3
10 27 24
31 7 32
1 13 6
22 29 18
36 19 20
4 15 3
14 35 25
4 38 23
31 26 36
10 16 8
7 22 24
6 16 12
13 23 7
19 4 1
34 20 26
17 16 20
14 32 4
16 38 8
18 28 23
11 35 5
24 21 5
18 11 3
2 24 31
22 36 21
2 19 10
10 33 37
17 29 13
2 26 33
15 31 28
15 38 13
14 15 24
32 8 36
28 15 21
14 8 5
6 25 25
35 36 34
29 13 26
34 14 6
14 36 23
19 4 21
33 16 5
24 3 20
12 33 20
21 19 32
14 6 34
11 8 31
27 29 34
25 12 13
19 21 13
38 23 8
11 35 4
26 29 32
33 3 24
30 25 21
24 32 16
5 3 30
19 16 38
2 5 31
26 2 34
9 27 15
36 5 23
24 30 36
17 38 26
15 19 39
25 10 14
12 26 28
1 6 40
30 15 2
30 19 23
29 1 29
32 22 31
31 21 16
13 25 2
33 8 38
14 26 19
8 21 24
25 15 8
24 37 13
23 2 35
17 31 17
33 10 32
9 26 20
1 22 7
38 17 40
32 22 8
1 31 2
36 10 7
21 3 29
23 37 5
21 13 19
11 38 17
13 6 25
15 26 14
5 10 38
2 23 3
17 22 19
31 35 12
7 36 26
33 6 11
28 20 21
15 3 33
15 2 13
4 10 40
6 23 38
13 31 29
21 16 6
34 20 28
26 5 30
7 26 22
24 10 8
37 38 39
11 31 33
35 15 21
33 6 33
19 15 39
8 32 20
25 7 38
17 38 18
24 20 28
36 8 6
24 17 34
35 23 27
21 6 27
31 25 19
31 14 5
6 8 29
23 17 11
19 21 16
29 18 33
33 2 1
21 13 11
8 31 10
11 25 18
29 17 14
33 30 1
22 11 12
8 23 25
15 38 23
23 38 6
6 35 2
1 37 31
10 17 12
34 10 1
38 26 21
35 36 25
36 37 17
31 21 16
29 29 13
31 19 12
26 12 20
34 18 14
34 21 7
10 3 3
9 3 29
3 1 36
26 27 13
17 2 10
31 22 6
9 17 3
16 24 30
14 19 22
13 28 23
11 33 24
22 33 7
37 1 9
2 36 40
35 30 14
4 32 4
19 4 36
24 37 6
6 17 31
5 21 9
37 19 34
3 11 19
14 35 18
23 32 15
12 7 27
38 21 19
26 18 26
8 33 3
3 7 34
13 33 14
32 11 22
3 6 3
17 20 18
24 28 9
13 27 5
35 2 3
2 1 4
18 5 12
13 16 17
29 22 36
27 16 10
15 12 6
14 27 2
8 7 5
4 21 32
1 34 17
5 22 10
28 15 20
5 28 29
29 18 18
13 15 6
18 17 32
14 27 7
19 37 24
20 37 26
3 36 39
4 20 20
24 21 3
29 33 7
33 32 14
28 22 8
1 5 17
5 31 16
33 10 6
36 21 16
17 13 22
22 25 12
6 37 9
12 23 15
22 3 34
25 2 9
14 7 13
9 35 10
34 7 4
9 9 3
38 29 34
13 16 10
24 3 1
24 2 34
31 37 37
32 24 1
20 20 39
19 27 21
28 32 33
6 27 22
1 13 28
5 7 16
27 1 5
28 25 6
10 29 12
14 30 38
7 31 13
33 37 4
15 24 14
30 14 20
21 36 31
24 1 12
37 32 37
24 25 34
17 8 25
23 36 21
25 33 2
8 17 23
38 14 20
1 30 4
2 14 4
32 6 27
6 11 12
16 20 33
23 6 10
15 2 30
29 23 21
32 7 14
34 29 27
4 17 27
23 5 40
12 20 11
34 24 18
18 7 30
14 3 11
37 37 4
5 14 23
19 12 31
29 3 35
4 29 32
23 27 13
15 17 2
13 33 28
22 3 8
8 27 20
11 9 15
23 33 2
34 8 17
14 24 28
1 30 8
23 5 40
24 36 14
5 14 1
9 20 18
37 13 11
14 8 40
26 1 15
34 30 24
29 35 13
32 34 5
32 29 32
25 27 21
29 23 6
16 38 13
35 5 34
13 29 36
13 30 11
7 7 31
20 15 15
36 3 4
10 34 27
20 2 31
38 29 20
12 34 8
37 19 29
33 25 17
32 35 34
31 3 27
15 22 9
38 33 16
7 14 20
21 15 37
18 4 2
25 23 29
15 7 11
13 4 35
10 38 5
2 20 27
32 24 27
3 24 7
2 27 15
4 20 37
28 15 35
32 29 25
30 9 33
16 27 5
22 11 10
14 14 25
4 22 20
33 10 10
12 19 37
31 14 33
35 32 23
29 18 21
2 20 37
16 13 26
17 10 23
5 4 32
28 32 23
26 34 3
13 4 8
2 16 14
37 30 28
26 25 33
32 3 39
6 38 17
38 30 13
5 2 36
24 22 38
36 25 29
30 34 36
26 4 23
5 38 12
1 12 13
17 16 3
36 19 3
23 28 5
30 10 8
17 1 20
21 4 31
23 31 4
15 19 11
28 31 20
9 15 25
35 1 19
16 7 31
16 29 15
34 31 17
1 8 36
33 9 33
12 24 13
25 16 29
21 1 29
8 7 10
2 8 36
37 29 8
27 34 13
31 35 31
26 23 11
31 24 29
11 28 35
9 23 33
29 4 32
24 7 23
20 4 36
26 25 27
19 16 32
19 3 25
29 37 37
33 25 15
24 13 18
1 25 40
24 16 21
38 38 18
10 11 27
7 21 10
19 36 3
28 9 33
17 3 34
13 22 3
16 35 27
20 18 11
22 25 36
36 29 23
32 25 2
25 14 33
15 27 5
34 9 2
34 25 37
28 34 2
5 15 1
21 15 34
37 28 22
37 4 15
25 11 5
32 29 21
22 10 9
33 33 13
21 1 16
1 33 3
18 22 5
18 10 1
30 2 24
5 22 32
22 20 13
2 12 31
4 1 37
34 15 14
27 10 9
20 5 9
32 4 34
8 13 39
12 14 35
9 12 40
37 13 28
29 30 7
7 15 40
29 23 21
3 23 4
29 34 29
9 3 14
6 18 25
1 13 18
7 23 19
7 38 3
28 32 30
5 38 28
4 14 8
19 8 33
8 13 5
1 8 10
15 20 36
17 31 17
24 20 28
5 34 5
30 1 33
9 21 8
18 12 13
18 4 23
4 18 10
3 3 10
11 20 26
18 32 16
10 20 35
6 20 6
21 5 35
33 6 18
6 4 5
14 5 3
23 13 28
1 6 39
16 4 33
14 5 18
24 23 11
5 17 33
12 25 39
23 32 38
12 30 37
15 12 34
18 12 2
34 4 5
27 33 37
3 1 3
2 22 5
7 25 6
33 17 38
30 30 3
32 16 16
5 19 10
22 10 10
18 22 36
36 21 12
33 11 29
24 16 1
27 10 34
23 1 30
1 25 5
20 37 11
3 36 2
36 37 16
32 38 6
23 36 3
38 15 3
21 6 14
10 35 20
19 20 35
25 1 29
29 2 30
33 26 22
28 37 7
28 3 4
20 29 26
10 34 7
11 5 26
32 18 22
29 34 14
24 5 14
14 36 14
17 20 32
4 22 14
31 13 24
2 14 2
2 20 17
27 6 9
13 11 16
34 14 38
23 8 10
25 1 40
2 14 25
38 36 18
23 16 31
1 26 6
35 13 4
24 23 18
30 16 38
37 1 4
19 31 5
13 31 6
34 23 33
36 21 9
17 6 23
27 14 1
30 18 39
14 16 19
32 21 29
33 25 15
29 27 38
15 26 14
30 38 7
23 25 36
7 15 28
8 4 35
24 37 2
7 14 40
14 27 25
8 10 31
10 34 15
4 2 10
32 21 38
21 3 24
26 21 12
7 19 17
31 37 33
30 36 32
2 1 33
3 32 26
30 33 33
18 8 15
15 34 34
1 20 34
4 2 12
32 12 11
36 28 34
33 3 27
23 23 9
16 4 31
32 38 12
15 33 32
17 13 18
7 28 17
32 19 26
13 33 21
20 16 4
38 30 2
22 2 9
13 12 37
3 6 29
4 10 32
33 17 22
6 4 1
14 20 8
30 24 36
25 30 19
17 12 1
27 25 30
4 33 5
27 29 22
16 2 28
20 16 1
24 2 33
27 20 29
24 32 4
26 32 10
2 29 27
17 22 21
32 31 13
15 26 6
25 37 35
26 34 33
17 14 37
16 7 5
38 26 20
14 22 13
17 30 40
32 21 26
2 22 7
23 13 35
30 35 5
12 6 33
29 8 11
32 15 14
2 6 26
29 12 11
1 19 14
32 34 12
18 5 4
19 20 26
3 31 36
37 1 11
35 16 14
33 35 39
37 5 25
14 9 11
3 30 40
17 26 16
4 9 1
14 18 11
4 16 4
8 6 13
8 21 24
29 33 9
32 22 36
20 5 30
2 29 5
34 8 23
19 3 38
37 10 21
18 22 26
33 10 11
23 31 29
23 22 14
37 10 34
29 29 23
30 6 8
20 38 31
11 33 23
19 27 40
16 37 7
16 4 8
19 33 22
38 35 24
21 37 27
1 19 7
15 35 36
19 38 23
18 10 19
14 14 8
38 5 27
12 9 36
11 1 40
36 10 19
1 15 40
5 1 19
18 23 12
7 12 22
32 26 35
26 36 39
8 20 6
37 16 15
35 15 39
20 22 8
2 7 40
4 8 21
17 18 17
22 9 31
3 31 4
31 25 3
6 14 32
30 11 23
21 28 7
30 7 3
10 9 9
7 16 27
9 1 4
10 35 23
37 29 14
29 15 29
8 11 16
18 34 38
2 14 5
10 7 8
29 1 5
26 29 24
32 30 14
28 23 31
28 6 19
8 19 5
4 32 39
27 32 33
14 3 9
14 8 4
37 26 1
26 18 32
33 31 10
4 20 14
36 27 11
18 7 19
24 24 1
13 27 4
21 16 14
23 2 25
4 25 22
15 36 29
6 2 39
34 36 19
15 28 24
14 18 6
23 4 6
37 18 23
38 22 39
30 27 14
4 32 24
7 34 38
14 24 9
12 33 14
16 30 12
31 38 5
27 4 7
26 28 36
17 27 10
37 20 5
33 4 15
14 24 8
23 37 23
19 28 39
10 2 29
31 24 28
11 33 40
1 9 2
17 26 3
19 21 18
20 38 24
13 21 15
11 22 17
36 2 8
35 18 12
14 36 12
18 37 4
34 26 29
20 33 8
29 19 20
7 11 11
37 17 9
22 12 32
21 16 12
19 18 21
4 26 30
2 16 16
15 32 36
38 37 25
7 12 26
29 17 2
38 23 29
2 30 17
19 34 6
37 29 7
25 15 36
28 12 31
17 22 25
3 15 7
17 33 22
22 6 2
30 19 21
11 13 39
15 7 7
23 32 13
37 15 15
17 37 36
33 1 24
6 19 10
4 25 5
15 6 13
28 6 26
19 2 7
28 22 24
13 23 40
16 15 11
12 23 25
37 18 1
12 9 33
9 19 39
25 25 22
10 31 10
13 34 35
22 7 24
14 38 12
20 12 5
20 32 40
38 15 33
15 29 22
11 26 3
1 38 35
7 11 40
36 28 7
20 31 7
28 8 13
18 11 37
16 1 33
36 26 15
12 30 26
2 4 33
13 10 12
28 17 16
9 11 7
29 33 13
32 8 16
35 28 31
12 30 14
25 26 28
11 23 34
23 21 31
38 2 10
35 34 32
13 27 26
2 24 29
29 26 32
35 32 22
6 6 18
18 13 40
10 29 11
20 23 3
18 3 20
14 13 27
14 23 28
31 27 28
21 20 39
27 4 15
33 9 22
14 19 2
27 17 28
17 22 13
21 30 34
24 33 35
30 38 15
19 28 19
8 32 38
20 20 28
16 13 36
16 34 38
26 37 19
12 5 5
1 3 29
4 10 17
13 35 9
12 10 2
26 20 12
10 21 28
18 25 18
30 24 5
29 23 30
1 34 20
11 30 30
19 5 14
1 28 19
5 38 34
20 23 38
2 26 3
32 1 18
8 37 13
31 21 16
2 10 24
10 9 4
32 1 3
26 19 28
11 23 17
30 9 36
5 32 2
29 10 27
10 14 28
6 5 21
28 36 37
6 36 9
15 26 11
12 9 32
25 9 29
23 19 20
36 19 7
4 1 17
15 26 28
16 23 6
38 20 27
32 38 22
3 36 29
23 35 21
38 31 12
36 11 40
19 11 10
6 13 2
7 30 20
17 18 16
5 34 25
32 23 23
29 28 20
34 21 10
5 23 27
37 13 7
30 4 34
2 8 10
25 30 21
7 16 18
35 1 4
9 9 31
18 26 3
23 19 29
29 23 21
10 38 21
29 30 32
26 17 31
7 20 22
27 17 28
6 24 8
31 1 6
14 37 30
38 3 1
23 9 30
5 7 40
15 38 10
10 5 25
3 25 12
10 29 10
20 22 24
36 14 3
21 13 39
29 17 2
24 32 9
38 36 5
34 18 19
35 11 33
16 36 2
1 15 32
32 33 18
6 24 13
14 38 2
5 27 40
15 30 24
30 22 31
17 38 32
38 35 27
12 31 11
7 6 30
4 3 20
16 14 37
5 33 22
14 17 17
22 28 31
25 25 31
32 19 31
3 8 9
17 19 12
22 11 31
26 33 6
27 20 19
13 30 24
6 12 4
15 4 28
19 35 29
12 23 29
15 7 23
28 14 4
2 18 7
23 34 37
13 2 1
34 9 4
29 31 1
2 13 27
20 15 27
13 7 3
21 37 14
37 28 22
13 34 31
9 28 23
21 35 10
36 22 38
17 6 30
31 15 11
25 27 18
20 3 36
3 34 23
18 22 4
14 3 16
17 37 23
32 26 27
4 4 26
32 3 28
35 23 2
18 3 24
22 36 1
37 19 11
3 24 12
14 4 21
29 30 8
33 15 8
31 29 28
18 3 1
17 33 12
20 38 6
27 13 40
33 30 3
29 25 2
2 9 18
9 15 8
36 22 35
13 25 26
26 1 28
30 15 4
38 19 23
26 25 28
29 29 13
29 3 4
27 28 21
15 4 32
22 15 27
23 13 31
12 15 24
4 9 36
20 9 7
35 20 32
19 30 24
17 20 5
8 36 3
37 3 9
1 35 25
19 26 27
11 5 1
27 11 28
29 5 9
31 31 20
38 34 24
17 37 3
33 2 6
13 26 10
15 24 2
10 20 22
16 21 25
6 1 35
23 13 37
11 7 13
8 9 29
28 27 26
7 17 8
15 7 26
32 26 13
17 13 12
33 21 5
29 20 39
35 15 16
27 5 27
13 33 11
34 6 6
2 24 24
16 17 33
25 25 33
13 27 5
30 24 39
32 1 3
34 32 38
19 14 20
26 4 11
17 19 2
12 37 12
3 37 20
17 7 20
30 19 22
18 24 23
24 12 30
37 12 17
19 8 7
16 2 1
35 30 21
10 16 35
6 23 26
35 28 34
37 7 27
15 31 35
24 6 14
12 12 6
12 22 26
24 17 6
26 20 18
37 34 13
7 16 14
8 22 23
36 27 10
35 34 34
23 3 39
10 27 9
18 5 16
37 26 27
26 25 40
5 19 12
24 21 39
7 22 36
22 27 37
31 27 37
2 19 31
36 14 16
27 12 12
7 29 2
29 26 17
21 26 25
10 1 20
35 27 27
9 3 2
35 6 24
34 9 1
2 35 5
11 14 13
19 29 34
14 33 37
9 8 7
7 32 18
37 18 34
38 37 8
29 18 1
25 9 38
16 18 7
6 10 4
10 4 32
13 23 34
12 27 36
35 7 3
14 22 13
20 24 21
36 16 8
2 37 5
34 11 36
25 31 5
27 26 21
23 19 15
38 38 13
31 4 3
11 13 13
25 35 29
6 36 30
23 13 30
26 13 15
30 7 19
22 5 5
33 12 21
9 5 37
7 24 8
16 26 12
1 20 40
24 20 1
27 35 3
34 10 16
26 31 1
26 25 20
28 26 24
6 19 21
24 4 5
22 7 37
3 14 10
30 11 40
12 27 23
5 8 13
25 3 3
35 34 17
15 3 16
13 37 36
35 18 14
38 2 9
2 36 5
18 8 20
2 8 12
4 34 33
24 17 34
7 5 5
16 13 2
14 22 14
28 25 3
25 13 25
34 26 34
35 30 13
27 21 5
12 15 10
20 23 7
38 26 29
17 9 34
23 10 22
29 3 37
16 23 16
24 4 33
32 7 31
27 9 28
12 25 21
29 16 28
4 25 20
35 14 13
10 36 11
3 23 7
2 31 19
2 8 29
38 7 3
26 4 7
17 13 7
3 38 7
9 19 5
8 19 35
38 21 18
23 7 28
15 14 12
8 17 30
19 18 6
14 19 13
3 14 29
36 35 21
30 35 11
6 36 31
36 34 21
21 23 26
4 2 27
9 33 26
14 2 22
8 31 6
9 14 13
29 37 24
28 18 35
33 31 36
33 24 36
14 28 32
25 35 6
34 29 10
24 13 39
25 25 3
29 13 4
6 2 35
14 23 10
20 28 28
31 2 4
23 14 36
24 14 20
21 17 6
8 36 12
36 18 8
26 21 1
16 16 18
21 8 27
23 33 23
38 22 7
4 29 3
17 26 36
33 1 27
34 14 29
24 31 30
13 10 27
13 19 29
5 37 37
13 22 20
17 5 10
33 9 16
15 24 36
9 24 21
18 2 20
19 16 16
32 9 21
14 35 20
3 26 8
4 37 24
25 2 1
34 16 10
22 32 11
24 24 8
11 23 39
14 24 40
13 15 23
22 26 19
1 26 38
10 7 34
13 20 10
17 38 29
37 37 37
32 18 7
26 27 1
37 15 13
28 1 5
5 29 32
37 24 21
33 3 38
8 6 5
37 34 7
18 24 31
18 21 28
34 19 15
22 3 40
14 18 8
36 36 18
3 27 34
26 17 2
37 26 34
12 13 10
25 11 35
8 37 8
24 1 20
7 28 4
23 25 27
29 19 9
33 12 24
21 8 27
14 15 35
5 30 35
3 23 40
24 26 6
2 21 4
20 38 5
7 1 24
35 25 35
25 15 7
6 27 23
28 2 24
25 31 12
6 17 22
34 32 26
25 7 18
13 22 40
25 10 14
21 6 17
11 12 30
11 8 14
38 37 23
11 24 26
14 10 23
1 23 21
28 11 8
8 3 10
28 26 14
37 13 36
36 8 39
9 37 26
9 31 28
5 9 38
32 5 9
10 11 23
15 26 20
1 32 22
13 26 28
26 35 18
3 35 40
38 2 39
25 32 30
6 8 40
26 23 17
34 18 39
12 24 12
31 32 15
4 23 12
30 30 28
30 17 1
38 23 19
13 16 27
36 36 34
30 30 27
16 25 6
25 3 12
15 8 8
19 18 30
28 2 34
25 6 29
9 38 11
26 34 32
5 8 38
14 25 33
36 18 25
15 2 18
1 10 38
31 3 20
4 35 14
16 28 16
15 36 34
17 38 6
38 31 39
19 14 40
17 33 9
26 21 23
22 16 1
28 29 17
27 23 29
34 10 38
30 6 9
20 18 32
9 27 7
14 37 1
36 13 6
16 12 15
23 17 23
37 18 5
16 33 35
7 33 36
10 38 35
32 22 35
9 4 32
32 28 28
15 38 31
2 34 24
13 20 33
23 8 32
15 11 24
26 23 5
35 4 1
9 24 2
26 22 6
37 16 4
22 37 38
33 16 21
24 9 35
21 15 19
16 10 11
18 17 22
2 6 35
6 8 8
6 19 8
23 13 30
2 16 4
22 22 12
24 36 34
6 6 11
24 1 34
11 3 16
32 1 32
18 24 23
30 16 25
15 30 20
18 36 31
4 9 8
4 12 40
18 16 31
17 36 39
30 32 13
23 23 16
16 8 11
10 30 26
15 22 9
35 38 19
31 17 23
36 22 15
26 1 30
36 32 31
30 22 39
37 26 37
1 11 2
7 37 29
3 20 4
1 29 29
35 22 12
4 32 28
9 20 21
16 24 12
20 32 18
29 38 15
1 11 40
21 24 3
17 32 3
38 28 6
12 17 8
17 10 8
29 18 21
28 10 22
2 5 28
8 2 39
5 33 9
4 8 23
1 35 19
11 7 37
20 1 11
31 8 27
31 15 38
29 38 31
29 12 18
4 20 30
6 37 22
28 12 9
6 33 6
34 20 5
24 37 40
27 30 38
16 18 1
16 28 2
38 12 27
5 2 39
9 12 12
6 16 16
31 20 31
2 5 39
33 18 14
24 12 23
32 7 4
27 29 9
11 16 14
7 5 7
24 4 6
25 16 9
17 27 12
26 6 1
33 35 30
9 20 4
3 32 18
19 22 2
36 18 11
11 22 35
24 37 25
8 1 27
1 38 22
37 6 11
35 24 21
16 36 19
2 31 5
16 9 38
13 17 36
6 18 30
5 16 8
7 7 14
24 30 2
26 31 1
21 35 12
9 28 28
21 26 19
38 29 36
5 16 36
34 2 21
32 29 39
20 28 22
27 3 18
23 15 7
29 18 34
37 38 33
20 36 38
16 1 20
8 36 14
28 14 12
31 9 28
34 17 32
26 9 23
3 32 37
17 27 28
14 2 13
32 7 40
22 6 15
38 36 10
29 30 30
25 31 29
31 9 2
9 13 38
14 7 29
9 35 4
28 19 2
24 11 2
19 32 6
9 11 13
38 7 40
11 2 35
8 35 11
10 30 31
24 1 29
1 8 33
18 30 4
21 7 21
2 20 39
12 2 8
20 20 4
36 30 27
23 28 27
29 3 8
20 30 24
16 36 11
24 8 38
31 14 39
6 19 7
20 36 22
2 35 29
23 9 25
38 20 30
23 26 28
12 11 11
3 31 8
22 19 25
21 5 6
20 2 24
20 13 17
37 33 10
18 21 25
2 2 33
20 22 15
10 21 2
4 15 26
10 1 31
21 38 35
13 5 35
34 13 32
16 36 23
20 14 24
2 5 11
30 23 1
13 36 20
31 3 14
33 1 40
9 38 37
28 20 40
28 2 23
15 22 34
16 29 24
7 19 36
4 8 9
35 26 9
28 6 14
29 26 21
27 15 6
4 5 8
5 5 32
21 5 12
20 38 19
3 11 4
34 6 40
26 5 32
20 16 22
30 12 11
6 28 4
9 33 22
16 26 19
17 34 14
4 31 13
7 34 39
10 12 8
4 7 4
8 15 9
14 25 30
11 38 22
11 23 22
5 36 34
4 35 18
34 26 11
24 14 19
27 4 16
30 8 15
15 33 5
28 21 7
2 32 29
5 7 21
31 8 13
35 13 38
35 35 17
11 24 22
30 9 21
11 27 35
24 19 28
35 21 29
7 21 8
38 23 27
35 24 8
6 5 39
14 22 34
21 36 31
17 30 34
16 9 13
20 36 15
15 21 24
30 22 27
25 26 5
11 23 14
14 31 28
34 35 19
24 38 37
25 8 38
23 15 23
29 12 39
12 21 14
6 31 10
12 26 20
16 17 30
11 12 35
18 38 28
12 16 33
35 27 5
4 31 3
24 30 11
8 22 21
9 6 2
12 18 22
21 11 37
37 38 3
24 29 1
38 19 13
9 34 37
38 23 17
11 9 8
36 21 18
13 27 3
21 37 15
12 22 2
14 36 5
25 11 5
22 33 19
16 24 35
31 1 4
12 4 12
16 18 15
18 2 35
11 15 33
36 23 14
27 11 6
8 29 38
17 31 14
32 12 21
32 29 14
31 16 6
21 37 33
1 21 1
31 28 3
16 26 25
1 21 31
2 14 26
15 30 21
14 21 11
6 23 36
36 26 33
27 17 28
11 14 21
7 14 32
13 8 32
21 34 21
8 36 12
21 21 25
10 30 40
2 11 7
15 36 5
19 7 15
7 37 3
30 24 21
6 7 26
34 17 33
28 14 7
32 36 38
12 34 10
22 10 28
14 5 37
12 12 6
9 10 17
30 7 38
17 33 8
2 23 35
16 22 12
4 4 32
29 12 6
16 15 24
16 29 7
31 7 34
17 6 30
22 30 8
1 19 34
15 13 34
15 18 15
19 12 27
15 17 30
14 11 18
5 8 35
36 24 17
1 13 14
35 5 3
17 25 7
24 20 4
18 30 10
33 36 39
22 27 36
18 22 8
6 25 10
10 37 16
9 23 13
15 2 30
1 17 12
11 14 8
29 12 4
22 11 15
20 22 37
9 8 29
13 1 6
36 18 33
34 6 23
14 12 17
6 3 2
1 6 10
29 5 37
37 26 19
31 10 15
24 7 17
1 23 24
12 10 14
14 19 39
27 9 19
11 35 27
33 35 32
23 12 12
34 32 27
29 17 28
27 29 7
26 30 36
15 22 37
12 10 21
29 5 39
31 1 18
38 33 19
29 18 28
30 20 17
28 18 37
31 4 39
26 4 31
18 4 12
29 23 12
37 38 28
26 10 10
10 5 8
22 21 22
36 7 26
17 8 4
14 5 34
14 29 15
23 24 37
32 16 21
36 31 9
35 30 12
31 14 25
5 17 26
10 1 1
35 37 31
23 7 31
19 31 11
3 22 26
18 26 25
38 10 5
1 13 15
12 6 12
28 6 13
14 26 31
27 14 15
18 15 17
11 11 2
10 17 5
22 6 30
19 1 5
22 16 30
15 27 20
23 28 27
37 26 34
37 2 7
23 23 21
3 30 32
29 29 20
38 16 39
36 35 31
21 14 30
20 27 23
29 14 28
24 26 5
10 29 31
31 24 35
14 7 18
9 38 25
4 11 24
14 9 8
6 1 34
37 23 17
7 2 26
24 15 12
32 29 29
2 28 25
29 13 20
22 5 1
21 14 21
36 22 33
32 5 21
33 2 6
15 16 31
33 25 32
24 22 32
11 35 37
25 24 26
11 20 27
10 29 35
14 14 20
14 9 20
34 10 3
23 22 5
11 22 6
12 24 37
23 28 4
32 18 18
3 10 12
22 38 8
9 38 39
35 8 8
23 27 28
18 33 3
8 3 34
18 22 38
32 37 37
27 12 27
15 11 15
31 21 19
34 18 17
26 27 35
13 4 7
19 9 36
26 13 18
18 31 25
4 8 37
31 37 8
34 10 3
10 13 29
24 5 35
35 1 20
34 34 5
38 36 18
13 3 34
3 13 24
25 20 38
3 16 38
25 37 35
28 28 37
26 22 18
8 8 13
31 21 16
18 2 11
28 36 35
21 30 13
4 35 37
31 29 40
13 34 6
5 4 18
6 13 26
16 13 38
33 34 28
9 26 2
11 11 13
30 34 29
16 22 5
29 31 33
5 8 28
33 3 15
37 38 13
11 4 16
23 13 28
15 24 5
5 14 22
20 35 33
2 17 26
32 30 34
33 3 12
22 22 31
35 27 18
29 17 31
30 17 7
18 27 13
4 20 23
4 36 25
33 3 10
9 10 1
37 21 1
3 4 14
11 21 23
3 17 21
13 28 24
18 17 8
30 10 25
26 3 29
13 34 24
1 20 27
5 28 20
36 30 20
8 13 25
20 9 22
18 9 33
37 24 20
23 37 20
29 22 35
36 25 35
2 31 39
10 34 16
5 37 15
33 16 21
18 30 7
21 25 12
13 23 16
32 14 39
38 14 4
15 10 5
19 20 40
37 38 20
18 10 6
33 11 37
35 38 9
2 10 39
31 7 2
12 23 20
16 27 25
6 25 32
9 24 34
13 8 37
35 25 23
26 33 30
3 18 2
22 29 6
32 14 15
5 2 25
15 24 26
29 38 20
11 18 37
16 36 21
2 35 20
17 10 23
7 37 21
10 25 14
36 20 37
36 16 18
13 37 38
23 35 2
32 32 3
29 1 16
37 37 20
30 2 37
3 6 34
16 6 29
38 2 30
3 7 10
11 22 19
11 34 14
20 33 26
22 9 40
31 27 13
3 6 16
4 1 35
19 19 18
3 29 4
31 3 5
32 27 4
9 30 35
34 14 5
22 6 14
14 23 16
12 7 27
11 14 23
6 2 19
7 17 38
29 27 3
17 17 4
4 18 26
10 35 12
13 23 26
30 32 36
32 12 30
21 9 18
37 35 4
26 30 39
7 9 33
14 33 12
32 17 23
26 7 9
33 6 35
17 24 27
19 30 23
11 7 4
19 37 14
27 5 12
13 38 27
29 13 28
6 16 28
17 22 40
6 25 8
17 14 14
30 28 32
18 15 12
27 32 4
6 38 13
19 27 36
17 12 15
26 2 29
19 37 34
16 7 38
17 22 20
14 38 27
1 22 4
35 29 37
19 23 8
18 3 1
37 33 6
3 2 12
8 37 5
11 23 32
13 8 3
37 29 37
1 5 18
24 1 19
7 24 18
32 33 10
18 2 35
18 8 6
2 33 28
11 36 17
21 26 39
23 25 12
29 18 17
15 22 28
15 31 36
38 34 7
38 3 24
19 20 1
35 28 20
35 34 15
37 37 4
16 12 19
31 7 14
27 3 24
30 20 9
10 5 30
6 21 25
8 4 15
4 23 35
3 6 22
26 1 15
9 6 7
35 2 12
35 5 32
18 17 25
10 22 6
8 30 14
9 37 15
37 16 4
36 21 32
12 14 16
7 14 16
16 18 15
26 22 33
9 37 37
4 19 6
36 10 9
36 5 9
2 19 2
34 19 18
32 16 6
34 27 38
12 36 36
3 20 18
26 29 9
6 26 17
19 12 4
26 25 2
37 25 14
37 14 35
20 21 3
9 9 39
5 9 5
13 22 8
25 38 14
33 15 1
23 16 23
1 35 1
21 8 17
21 25 9
2 24 18
15 3 14
6 24 20
15 1 38
16 29 7
22 20 24
10 5 39
32 30 38
25 25 31
11 27 38
13 8 8
5 23 27
29 36 30
34 33 8
14 8 28
4 10 18
33 2 5
20 17 7
7 36 16
11 18 35
25 37 32
20 10 8
32 25 28
33 5 12
20 2 34
38 13 31
7 12 30
16 9 15
17 33 17
31 28 36
37 6 33
14 3 22
22 16 3
25 1 19
12 9 14
17 33 17
30 29 13
11 13 35
35 38 27
26 2 18
31 28 27
9 30 14
35 33 1
27 7 23
26 24 39
29 19 31
9 21 37
27 38 36
2 18 3
3 34 16
32 13 15
26 19 33
29 21 36
1 6 35
1 29 33
2 16 25
1 4 3
30 13 29
6 17 6
19 33 7
2 32 17
3 16 37
13 32 23
8 30 18
16 22 33
4 18 35
31 21 8
22 36 6
31 3 16
21 23 2
30 13 21
34 7 12
29 24 33
21 25 27
17 25 27
19 30 18
18 17 30
24 25 31
13 37 1
18 17 38
15 25 29
13 25 4
14 34 1
8 15 34
18 11 22
26 1 24
38 5 26
13 38 11
4 18 10
34 23 11
22 26 27
18 23 24
23 9 18
7 34 23
21 33 2
7 34 32
27 38 13
34 10 33
16 3 1
22 4 35
11 11 19
10 25 20
1 34 15
13 31 34
20 26 21
22 1 29
32 19 20
27 2 37
25 7 15
4 35 16
38 30 21
18 12 15
12 1 7
38 5 30
22 21 10
19 31 4
20 31 39
24 7 31
8 12 7
29 2 19
19 1 39
38 3 8
4 27 26
22 9 26
27 28 32
10 24 39
17 30 30
30 4 36
11 33 25
22 13 35
14 1 14
5 31 9
3 19 8
33 38 31
25 31 19
38 29 19
18 18 8
32 14 15
13 19 7
28 34 20
14 4 38
17 29 35
33 33 15
30 4 37
29 27 2
8 12 30
24 2 21
11 2 5
24 34 26
7 9 7
29 13 28
1 10 17
29 7 11
11 30 29
24 31 10
19 37 38
1 29 15
36 37 22
4 7 10
31 18 12
18 9 32
3 1 33
11 8 19
5 12 21
1 10 7
10 33 37
13 20 29
35 34 15
20 9 20
21 35 17
29 17 10
21 3 3
17 18 6
13 29 29
3 9 27
3 9 32
16 23 32
6 32 35
14 10 23
23 29 12
31 37 1
38 12 40
18 36 36
37 9 31
35 32 17
31 11 8
9 5 35
10 19 4
38 34 34
31 26 29
14 29 25
28 36 3
1 27 35
24 30 40
11 38 36
17 4 35
3 31 28
27 6 4
36 22 15
8 9 19
10 13 19
27 17 25
35 33 37
2 32 32
1 24 4
23 22 4
7 33 20
20 17 19
15 31 18
22 12 11
13 36 22
35 36 20
12 35 4
37 21 6
16 13 40
15 5 3
13 21 28
38 11 21
8 4 9
15 14 7
1 22 11
28 29 4
27 30 32
9 19 4
12 20 10
14 11 27
21 30 36
34 22 18
28 17 19
5 18 23
36 38 30
19 5 26
25 5 8
4 28 34
20 3 38
37 35 11
3 7 21
10 18 22
28 29 5
38 18 27
3 10 11
37 34 22
28 29 7
32 10 4
20 2 25
1 32 28
24 37 10
32 26 26
36 38 26
17 18 11
22 9 6
13 21 13
30 29 39
20 14 27
4 28 15
1 9 31
38 31 36
28 17 30
35 21 25
10 32 2
23 3 33
26 19 29
18 27 14
16 36 8
27 1 21
33 37 31
37 23 35
31 29 33
22 21 11
38 36 40
32 6 11
18 30 27
6 22 40
30 5 39
30 16 17
33 24 40
10 17 3
8 32 28
5 27 21
2 15 29
26 26 17
37 27 28
20 9 14
36 13 39
28 7 18
3 12 21
17 13 29
28 3 34
19 37 13
17 35 34
32 24 3
1 36 33
14 14 3
19 23 17
6 13 10
23 33 24
23 32 3
6 20 26
30 32 25
3 36 8
19 24 38
25 26 33
1 9 36
26 31 33
5 9 2
32 3 11
10 6 12
18 33 8
13 22 20
8 4 5
2 6 17
10 31 27
1 30 18
37 15 9
18 7 22
20 11 37
1 24 35
16 16 20
3 24 3
16 13 27
7 24 14
24 35 20
22 32 27
31 12 21
33 26 4
25 26 34
29 4 23
24 33 14
38 10 22
37 1 10
1 35 3
33 36 15
14 27 33
2 26 17
20 30 39
2 12 10
30 36 9
3 18 15
10 19 30
17 32 17
9 33 35
33 25 5
4 10 13
1 18 29
3 21 14
35 5 2
3 3 34
33 29 33
18 20 21
7 18 17
16 17 7
36 31 21
20 18 17
3 38 20
25 31 32
16 13 23
19 23 12
21 14 4
18 8 16
19 4 11
17 31 12
17 19 8
2 35 8
19 3 27
36 33 5
4 25 33
23 12 30
32 37 1
4 8 21
24 20 19
13 4 5
17 26 1
8 36 21
9 29 27
18 10 40
5 22 26
27 20 3
7 23 7
24 24 14
23 13 1
1 34 23
16 4 11
8 1 2
29 3 11
21 22 5
2 15 34
20 23 36
3 11 32
35 24 26
13 9 21
2 6 32
5 19 39
14 32 40
10 2 23
18 8 6
25 27 8
8 9 13
8 31 26
8 14 38
21 11 11
15 12 9
38 22 19
32 2 26
31 15 8
19 33 37
21 30 4
18 27 6
34 13 1
32 14 16
5 27 17
25 11 38
1 33 21
8 10 11
17 10 36
23 4 36
4 30 8
25 36 30
37 13 21
18 19 17
28 19 6
33 37 4
30 19 3
23 25 5
11 16 18
37 30 33
8 19 26
19 4 36
22 31 13
19 36 40
27 27 14
33 2 24
22 24 33
24 16 8
23 10 23
14 14 10
26 19 16
32 22 27
29 19 11
4 33 20
22 16 15
11 30 15
13 37 37
35 17 22
27 10 5
2 9 8
6 24 28
31 33 20
3 27 14
20 8 16
23 35 33
33 3 19
38 29 30
10 30 8
7 34 34
9 19 28
26 35 8
24 34 24
11 18 33
14 29 33
21 21 30
38 35 23
33 13 24
34 33 34
8 29 37
1 33 22
15 31 2
23 22 20
7 7 1
10 32 29
6 21 33
10 16 35
5 20 36
23 26 20
8 5 34
12 3 11
31 7 2
5 36 30
15 18 32
33 24 26
13 17 27
16 25 7
16 35 32
22 23 10
29 38 8
28 25 40
26 27 3
14 32 23
9 34 14
14 33 15
31 22 6
4 12 31
26 12 15
18 8 27
30 28 40
31 28 4
25 11 10
35 36 19
1 24 17
19 30 2
6 21 12
4 5 38
7 10 22
21 5 30
5 15 10
8 24 24
29 4 7
18 14 11
16 14 24
31 35 4
26 26 12
23 10 38
32 33 36
21 19 23
9 2 2
22 21 9
27 4 10
6 4 3
34 7 5
32 26 21
31 27 4
24 2 9
29 38 27
20 14 11
36 35 36
5 15 20
35 18 4
32 12 15
22 28 8
35 25 10
35 3 31
15 31 6
34 6 23
9 1 33
25 18 13
12 6 37
5 38 25
35 23 20
26 2 37
10 34 14
7 23 8
38 10 6
9 38 36
38 12 30
31 22 10
36 14 13
1 16 22
2 18 3
21 6 15
20 22 1
18 6 2
27 25 22
36 3 18
16 29 12
22 10 10
20 18 4
14 5 12
36 14 20
20 26 17
2 20 39
27 16 18
9 36 28
36 25 14
28 28 13
9 27 25
23 27 18
7 35 40
28 13 17
37 38 5
18 32 19
25 32 24
26 30 12
6 28 24
30 35 33
4 28 26
24 3 23
8 23 30
15 1 8
5 8 2
17 5 10
31 33 1
6 27 2
11 32 3
36 36 14
38 36 9
23 29 40
2 8 26
19 7 32
23 12 29
37 12 10
22 8 4
12 15 18
26 2 25
9 36 29
35 10 19
33 21 23
33 8 14
38 29 31
29 24 26
15 30 31
25 12 10
24 5 9
31 22 33
36 9 3
38 5 16
26 11 31
27 15 5
21 4 19
38 15 18
23 18 17
18 25 15
33 28 23
27 3 36
3 20 31
28 38 23
25 22 5
21 1 6
10 6 26
18 11 33
5 5 36
24 16 23
7 32 33
32 1 17
31 6 24
16 8 19
14 30 7
33 28 20
36 3 23
33 9 31
2 6 7
25 25 8
35 30 18
6 8 35
8 4 2
28 25 9
38 14 21
11 7 29
32 6 40
16 30 25
10 29 35
9 8 10
30 4 40
14 8 14
38 22 9
16 33 14
24 12 18
1 10 6
11 34 30
34 5 18
30 16 6
4 38 17
16 16 1
30 8 1
13 23 1
4 31 36
25 14 39
10 14 38
10 14 35
2 30 13
17 10 10
24 12 8
19 25 5
23 4 2
1 36 20
32 14 9
19 7 12
12 28 27
36 9 7
7 5 12
25 25 3
26 12 32
36 12 23
32 15 28
13 13 17
9 1 23
28 33 34
19 22 17
12 15 11
10 28 1
11 12 38
37 8 19
25 28 4
30 30 23
34 9 16
2 28 17
7 34 9
36 4 11
32 28 16
32 30 39
2 16 1
20 36 37
25 25 23
29 34 22
29 8 9
9 13 6
25 18 22
30 16 10
2 10 35
4 9 23
3 36 16
13 10 25
24 30 13
5 21 21
5 1 40
3 12 5
30 9 31
27 25 32
22 31 40
21 8 28
3 12 2
9 36 27
1 10 3
18 8 27
33 22 1
1 37 38
3 34 24
18 1 13
37 26 6
15 9 10
10 24 2
34 5 37
3 4 34
37 37 7
15 37 26
23 11 8
23 33 16
24 19 10
20 33 2
23 20 9
18 1 12
36 35 28
36 17 27
37 3 23
14 31 22
38 37 34
13 18 28
38 11 4
7 21 33
7 38 13
2 38 34
8 5 28
22 13 40
29 31 30
27 18 32
6 20 32
18 19 37
35 1 3
14 32 21
3 3 19
3 34 10
7 31 36
13 16 14
18 36 37
23 15 11
20 19 38
7 7 35
25 34 29
7 26 20
9 7 14
29 28 27
12 16 21
26 17 31
29 32 37
25 2 15
11 5 38
2 12 25
38 4 17
7 19 9
9 32 1
12 1 20
7 19 30
10 32 40
11 1 19
31 1 1
9 4 4
35 20 6
16 18 18
14 9 3
34 2 30
33 2 23
26 3 13
37 28 39
34 21 30
19 19 24
14 22 38
37 7 9
7 24 23
21 29 28
15 34 11
15 8 40
3 17 23
36 36 38
27 19 33
11 14 23
18 15 20
26 24 16
4 25 26
31 6 31
3 25 40
23 33 38
3 6 4
28 36 27
17 22 38
37 22 34
11 34 12
5 6 35
16 37 12
38 17 40
10 8 25
10 38 40
2 24 40
29 29 11
11 33 21
20 21 22
27 35 2
5 4 17
25 10 16
4 10 29
5 11 11
21 36 8
18 32 33
10 31 37
4 3 3
10 38 16
26 13 11
11 18 33
18 31 17
21 28 18
27 27 32
28 34 28
31 11 12
20 24 20
29 34 15
20 27 4
34 16 12
28 12 30
38 25 32
9 35 39
15 36 7
4 30 19
7 24 32
6 1 32
16 29 2
28 14 34
20 24 34
12 29 35
5 21 40
28 35 32
30 23 34
33 27 32
24 15 7
21 27 11
33 31 39
31 21 10
32 1 13
2 24 23
3 13 9
35 22 12
5 28 7
2 11 14
2 22 14
34 14 12
27 6 2
16 15 8
34 7 9
24 1 25
4 31 4
13 9 37
21 25 11
26 13 6
32 31 28
7 35 38
31 32 7
25 19 27
33 9 20
29 17 13
18 34 10
16 3 29
6 20 25
13 9 4
23 2 6
6 25 39
36 16 10
16 17 37
23 25 33
38 12 9
13 5 26
16 23 23
22 26 39
36 34 21
19 5 19
23 10 23
2 15 28
22 20 14
1 6 12
19 6 35
16 32 39
14 4 25
29 15 16
17 13 10
19 23 8
16 32 34
25 10 8
11 15 37
10 25 38
36 17 27
27 36 2
6 11 27
21 28 14
11 38 8
21 4 28
8 7 22
33 34 23
31 38 27
20 11 33
24 16 27
17 20 7
1 34 12
9 6 35
12 37 30
37 18 38
38 35 14
19 14 24
34 24 11
10 31 30
38 21 26
26 7 40
38 5 30
20 33 32
2 4 31
30 6 37
23 9 18
16 29 40
30 13 19
23 9 26
8 29 23
3 14 10
30 9 33
10 32 7
24 20 15
37 9 36
3 19 15
18 24 33
24 14 32
29 10 19
6 24 15
24 17 4
3 4 22
4 25 38
33 28 40
8 1 20
24 14 24
24 9 35
9 10 19
6 26 31
26 31 8
30 10 5
2 9 14
20 21 35
24 1 37
38 7 34
2 37 2
7 3 11
14 7 22
15 13 10
20 8 40
15 34 12
16 23 4
15 33 37
29 2 11
35 36 7
4 34 3
37 11 32
37 38 12
9 26 2
6 24 36
1 26 36
18 31 9
36 6 37
25 34 39
15 14 32
36 23 8
22 9 35
31 20 4
9 22 22
13 32 17
6 33 29
1 3 6
13 9 28
16 20 15
26 36 15
14 11 26
28 27 28
1 17 31
22 3 17
32 19 20
6 6 32
12 32 33
1 30 27
37 26 31
6 36 35
34 25 34
5 16 20
4 23 27
32 14 3
35 27 3
19 20 15
37 3 13
36 20 33
34 30 39
25 4 2
18 4 8
35 15 9
10 24 26
11 25 25
17 14 1
26 3 22
22 14 24
26 37 28
23 11 24
27 33 12
32 15 16
15 16 5
20 1 12
20 21 37
16 10 14
30 11 18
7 38 5
6 18 18
11 9 39
5 5 21
37 17 32
31 31 16
14 23 40
1 11 10
1 20 17
29 38 13
25 36 17
20 29 35
23 16 22
30 37 7
21 24 39
24 6 17
3 5 28
34 16 21
23 25 29
36 18 22
11 34 27
17 21 16
14 2 34
17 25 24
11 2 20
11 32 28
30 36 34
31 23 15
38 27 9
4 19 1
5 25 27
23 16 21
28 2 13
2 10 27
38 36 16
35 15 16
6 34 35
8 37 40
24 20 22
37 6 38
11 38 21
4 37 14
31 35 10
30 11 29
29 20 17
22 3 24
35 19 22
38 22 30
4 38 4
4 30 15
3 29 15
14 17 22
19 27 36
36 17 32
29 19 39
37 15 16
6 34 18
4 14 37
9 31 6
17 15 37
34 20 5
15 28 25
21 8 16
3 21 4
3 18 18
16 21 30
20 7 27
5 10 6
27 13 22
20 10 13
27 20 11
21 4 27
31 24 32
38 11 38
17 28 28
32 14 34
18 8 14
33 9 1
13 33 25
28 8 13
36 36 5
14 22 19
30 35 18
1 16 37
2 21 10
10 21 14
22 34 28
6 11 31
16 29 1
28 24 24
25 23 15
16 24 4
4 26 21
6 37 33
29 29 38
29 36 15
19 37 38
26 3 1
32 14 31
10 22 33
13 34 6
29 5 13
26 10 6
28 5 9
31 18 27
36 38 4
25 24 9
12 9 14
24 11 7
37 28 33
1 9 21
32 4 9
37 19 39
38 35 18
1 11 4
4 36 31
20 7 16
9 34 10
16 21 32
5 30 3
1 35 15
36 13 34
20 38 2
9 8 7
21 6 21
25 21 32
4 26 2
12 17 6
28 24 14
11 7 18
19 22 10
9 35 35
26 30 38
12 9 29
20 32 15
10 21 29
30 17 20
1 15 12
22 14 6
13 20 28
19 33 30
15 23 2
3 1 3
17 16 24
29 22 31
25 17 1
14 9 27
23 16 37
37 20 36
20 36 19
5 18 23
10 37 18
3 32 1
5 21 9
30 23 6
30 14 33
13 24 34
29 2 32
30 16 18
18 27 23
32 35 18
5 1 16
20 25 25
37 2 17
32 8 12
31 9 33
5 6 10
16 28 19
27 33 34
35 22 6
25 2 9
4 16 33
24 35 18
17 33 37
32 24 38
13 14 12
25 4 21
18 4 21
10 3 20
28 6 32
10 38 6
8 4 2
18 14 18
15 34 8
31 20 6
9 31 36
25 17 18
19 8 1
13 23 3
9 35 10
36 10 37
3 6 25
17 20 23
12 33 31
19 12 40
22 29 1
10 9 13
9 33 14
24 21 19
33 10 32
22 23 19
25 5 12
37 2 25
26 25 21
5 6 8
7 28 25
20 36 11
29 25 28
23 20 40
10 10 18
31 29 16
19 2 29
17 5 20
18 9 29
3 32 33
22 5 25
28 3 32
36 18 8
30 21 5
32 20 4
36 33 6
8 23 5
31 11 16
16 25 14
1 37 21
3 35 9
38 19 36
20 5 18
30 2 32
7 10 28
36 20 31
34 2 21
9 34 6
8 3 20
1 9 8
4 3 9
37 35 18
23 15 13
4 31 19
12 38 31
7 36 2
7 32 19
27 34 37
29 6 19
19 18 31
23 33 28
22 33 13
26 32 29
36 14 20
1 11 17
20 30 19
1 31 2
4 9 8
4 27 25
14 24 22
38 36 31
33 36 8
37 2 29
10 3 18
9 27 34
2 22 2
23 18 17
20 33 23
29 35 18
9 1 37
19 4 39
25 18 31
28 7 34
24 23 29
36 29 19
13 2 12
9 36 21
37 7 10
20 38 26
24 4 13
7 26 37
13 26 1
4 3 31
3 13 9
22 28 19
29 7 8
36 9 26
19 34 3
36 22 5
23 12 20
19 20 1
32 2 14
9 36 31
28 13 39
10 3 17
35 31 28
31 10 5
1 3 20
21 12 36
18 35 2
20 15 4
6 31 25
29 38 3
11 11 38
29 4 6
5 7 6
20 27 12
11 21 11
34 1 22
1 15 26
29 30 28
24 20 15
29 15 6
37 33 15
14 5 27
27 10 40
16 22 10
25 14 12
30 24 6
20 38 1
14 34 23
24 34 30
21 31 37
32 24 9
24 21 14
7 6 3
27 3 26
15 15 11
1 21 24
34 5 2
14 16 14
30 11 18
29 24 34
3 22 23
37 17 3
12 35 40
8 32 40
38 38 14
19 12 23
25 22 9
23 36 34
30 23 31
34 9 35
35 22 31
17 33 28
1 8 9
8 6 25
27 27 10
4 31 17
12 17 2
15 18 32
19 1 22
17 8 33
19 7 24
18 28 23
22 31 5
7 21 2
2 38 7
17 4 10
2 1 9
27 17 34
5 2 3
34 22 39
35 17 24
37 30 2
14 8 25
24 36 16
32 21 1
31 21 6
31 34 28
3 25 25
37 21 5
17 13 38
4 31 38
1 26 30
38 3 20
38 13 40
16 34 34
38 36 8
19 15 38
8 15 13
1 13 7
25 3 34
37 26 32
18 14 29
27 23 16
15 4 19
11 23 2
36 30 30
37 21 15
9 4 4
37 35 9
6 14 34
32 5 12
9 9 18
23 38 27
30 17 32
26 26 12
29 37 34
25 26 18
20 12 7
32 13 22
36 19 27
17 28 7
24 17 13
17 6 35
5 7 18
29 17 26
9 29 6
12 6 38
28 12 16
2 12 30
36 38 17
12 18 26
9 29 35
20 20 34
24 34 6
8 26 10
9 37 16
1 6 32
35 25 24
18 18 18
32 38 38
31 12 34
36 29 17
13 24 16
19 12 27
31 33 10
33 17 21
7 24 15
4 23 14
14 37 27
38 38 29
33 7 39
37 20 11
16 22 10
38 8 37
25 13 16
8 14 5
5 11 19
10 32 1
16 26 26
25 14 38
27 30 29
22 12 27
31 34 38
17 6 4
26 9 5
19 23 33
38 10 8
6 12 16
24 19 35
8 32 12
5 19 3
28 6 18
33 24 9
36 1 30
1 21 11
36 15 27
6 36 22
23 31 5
37 8 20
31 2 30
35 4 40
16 20 34
18 13 28
37 29 7
1 36 12
28 28 39
24 14 22
19 20 22
27 4 20
11 28 17
14 7 27
34 14 38
37 18 7
30 33 8
16 36 10
14 16 29
38 14 36
9 12 13
29 31 32
3 1 15
34 19 29
11 6 19
35 24 26
5 2 20
24 31 38
25 26 13
19 3 5
12 31 33
15 34 2
20 6 9
38 14 14
37 28 37
11 5 34
28 6 30
11 34 3
3 2 9
35 30 15
10 27 8
14 19 34
5 29 2
35 19 6
17 23 22
19 12 37
18 19 28
31 37 33
25 25 12
22 37 5
5 30 36
12 3 4
19 36 19
3 13 36
14 5 22
7 8 9
26 33 19
37 35 10
3 3 28
11 3 6
24 25 4
31 32 16
17 17 13
6 7 5
21 1 29
37 4 26
29 21 6
16 32 8
28 10 31
31 13 25
37 1 31
20 3 26
26 10 4
15 19 34
37 23 30
8 11 15
35 28 37
28 29 39
18 7 29
33 19 13
25 19 17
38 12 17
29 21 21
16 10 15
10 29 37
19 1 24
37 16 17
3 9 16
33 2 14
21 7 25
35 32 12
24 29 38
12 31 32
5 35 5
5 13 36
6 15 9
27 31 25
21 6 32
26 6 32
13 22 8
35 9 21
7 8 26
26 9 4
11 33 27
4 5 23
7 38 37
22 29 40
21 6 32
14 26 8
37 23 9
25 16 8
14 28 28
36 14 32
20 25 13
34 3 22
32 34 17
5 2 35
12 25 23
25 2 1
12 25 14
11 15 3
4 5 31
1 16 4
9 21 40
38 1 27
22 22 21
7 34 30
12 35 3
7 26 38
37 1 25
38 34 2
32 6 8
3 22 16
15 32 1
14 18 9
15 25 8
17 34 30
5 12 14
21 7 39
8 13 33
24 31 24
13 37 39
38 21 17
33 5 19
35 37 37
6 18 28
33 3 20
36 25 21
27 27 10
5 36 20
22 24 6
4 36 20
31 2 39
33 25 22
27 6 36
32 33 14
8 2 10
11 28 35
31 5 32
15 23 7
12 34 7
26 35 10
23 24 8
35 2 37
21 16 5
27 17 20
23 18 37
17 7 29
16 23 4
15 15 23
10 11 26
30 30 10
18 37 11
3 33 36
32 7 30
19 9 28
1 26 23
21 32 30
12 14 8
6 30 17
14 19 38
37 5 38
3 16 3
24 8 4
13 34 19
16 18 24
18 18 38
36 16 26
4 5 20
30 9 19
8 8 3
29 35 29
5 10 27
16 10 16
36 38 34
35 1 33
20 7 37
12 14 37
28 26 39
31 4 33
29 22 32
17 34 29
15 20 40
17 14 37
36 20 5
15 9 31
38 10 26
16 19 13
31 27 38
22 19 34
23 22 29
