69 68 3250 8181
1980 4558 242 2701 1926 4741 611 3221 4413 2830 3325 1347 2395 2939 3623 1794 2621 3896 2428 3718 2408 1421 2512 1994 2009 1936 2184 2131 4192 77 4599 1782 2421 310 3462 4328 1525 1197 560 3709 3105 1743 4460 4758 4268 3655 821 182 802 4490 4401 2102 4586 1623 1192 2472 3348 1873 3100 4413 956 524 3958 1514 3985 3450 699 3679 
1253 504 1337 4648 4894 4170 3133 807 981 1770 950 4500 3323 613 846 1604 2481 4135 2665 2093 1866 2726 2266 3504 135 3655 4025 1649 2801 496 3838 3854 4746 354 4865 3607 1514 3028 135 2969 265 2783 2566 3981 156 4122 1627 913 1603 1735 23 4533 212 4057 4362 2875 1324 4240 603 224 2475 2930 4093 234 937 4586 4837 4773 
61 4611 1562 3440 321 661 267 4847 310 3013 804 3154 1340 3398 829 4148 4838 1982 3560 1925 4545 3073 2266 1375 769 3754 4094 195 3575 4392 585 2077 2635 151 4654 2958 2686 3458 1314 3932 4427 1890 4430 1917 781 1417 2402 4004 1353 544 4287 1919 4124 3802 3493 4273 2010 3872 2196 4856 3753 4850 2362 2738 1895 2304 4468 2655 
1826 1354 4269 2738 3103 4858 770 2815 866 3447 2608 843 4595 4717 3999 3351 3398 1178 3127 3097 1325 494 2513 1846 2075 3689 3555 3039 2358 4463 1759 2034 454 4516 3372 3116 933 4538 351 2170 2858 2082 2091 661 2136 4823 1683 4534 1241 4834 4450 2919 4394 1266 1677 3402 2838 663 3126 4522 3708 96 2304 3071 1572 3793 3928 4166 
2580 1717 3733 1212 3143 4444 2822 1228 1906 1388 2689 1410 4323 589 1795 2525 4337 428 1323 2386 4546 3267 4773 2013 36 3305 2737 835 1737 1228 4630 369 73 1708 4804 1921 3949 4207 2971 315 2648 1814 278 3292 1388 1171 2676 2956 3922 293 2200 3030 1442 4270 2616 2269 4804 2015 2119 4747 256 2600 699 542 526 2149 204 4076 
803 3848 2812 256 4792 3576 2506 825 2459 173 2142 2573 4695 4552 4401 3908 976 4570 2412 4651 3536 584 26 2251 4700 1388 2959 3913 1183 1618 4873 3540 595 3809 2044 3937 2957 3151 1524 3776 867 732 2461 3149 2241 3006 3930 1726 3283 2981 4790 2621 829 4841 765 2113 3349 3157 4224 1928 4888 4576 221 1570 1686 2702 3243 2204 
4180 1261 2906 1645 206 1326 4623 2484 2263 1620 277 1246 1499 1941 4416 1164 4895 3450 4116 553 2557 2182 821 880 2484 3039 1125 644 4621 3624 1836 1694 3263 4453 2304 3908 3316 2405 1078 2951 3595 4806 336 1928 2896 4642 180 1139 3523 4391 2196 2490 1647 3380 631 1662 527 3566 1651 1523 4488 2105 1804 4903 3455 3398 2523 3073 
2480 4446 3984 1658 2031 3825 3934 503 2244 3597 1709 4449 70 4078 2052 4824 3327 1375 2963 344 1238 1578 403 1528 4085 4683 3202 1266 4049 1411 2429 2678 265 2322 1194 1442 286 721 393 4562 493 4715 2800 838 1675 1791 473 529 829 4896 4141 4683 3270 1005 2593 3851 3820 4592 715 3569 3913 104 1773 2394 2165 515 1662 3484 
4473 4075 614 3281 190 3615 192 17 3795 642 4136 3586 583 3582 4329 2846 3704 850 3737 3588 2635 2793 3028 2283 1339 959 2346 3971 689 135 3670 1150 2220 1485 1786 3062 2110 2357 3743 1309 475 4858 1968 1630 2004 4628 869 1967 1267 2582 3981 4391 154 812 4429 4427 17 3227 559 3699 4763 1878 3490 4462 794 1874 2321 705 
3120 2902 3751 3723 730 3596 2436 2926 3010 2048 2457 4225 784 4058 4044 2056 57 4616 1733 150 1544 3054 841 796 1761 398 361 2083 2766 616 3314 1902 163 1797 3188 2552 2067 77 3465 1274 1868 1066 429 3747 4141 4463 2390 3626 4880 306 2634 4043 4045 3627 873 2121 4055 4417 2700 2938 2487 4696 1424 1756 371 779 2160 1894 
4418 2751 2780 928 254 4529 85 4341 2483 676 3429 3625 2234 4541 975 4575 2025 2055 2537 3614 3703 4144 1227 653 3404 290 2589 826 3000 3915 3201 3902 805 2981 4566 3552 2655 549 4233 4147 3939 4468 2434 713 1260 3484 2256 2949 2147 1958 4498 2357 1847 3633 2126 2926 2286 4868 2656 2796 2190 1255 3080 4155 3533 2955 2867 1296 
2277 366 2855 1113 3760 2118 1092 873 1696 771 1351 4195 1035 2801 904 65 144 459 2626 3311 4084 2927 3544 3571 754 2721 541 2956 3001 724 492 492 2493 3942 3201 4605 4693 3454 4674 2213 3380 3007 664 4572 3498 239 915 2898 3224 922 2106 3241 3715 545 1225 1196 686 4609 365 3158 1241 965 4665 2486 309 1068 2311 4134 
4277 3924 830 600 2272 1592 101 4709 2782 2391 456 2898 2767 2169 4626 966 3372 2762 4336 2100 4699 1429 3960 4305 2583 2465 4285 385 455 3114 4857 3008 2963 1788 3317 1417 2402 4761 2972 4363 1249 3240 4199 4756 2008 53 3086 1323 1649 1987 111 4066 4284 3863 1167 2911 645 1534 2319 1535 1303 2484 3011 4211 3659 1835 3838 3147 
4545 2259 3514 3304 2875 1356 4660 4797 2268 3108 3804 2223 3509 1926 4844 27 3299 4042 2507 3755 845 1542 415 2218 1611 1916 1638 2412 2699 729 3522 1776 1019 4736 143 3425 2081 251 1731 595 506 3650 3324 1969 2060 3540 2870 2684 3576 865 4036 3006 43 4082 4348 2784 3587 887 619 1686 1642 2972 1515 1330 1106 1069 127 2279 
3181 145 3834 1811 2803 4004 748 2901 763 2025 4377 1748 1563 2023 2434 1965 1701 1353 1280 4397 2484 2861 2891 176 688 3803 4404 1128 3806 206 989 2539 1861 771 895 3057 4764 4762 1491 1558 2571 4614 1539 818 877 2766 1522 2446 2878 4078 1954 2113 1916 4148 4118 467 3128 2711 2565 3867 1205 741 2530 3081 2178 497 2252 2082 
2548 4053 2663 4571 279 615 4276 1566 1599 178 394 3367 2039 2033 809 3679 1002 3598 3184 1590 1411 3483 1632 427 2676 905 479 1096 490 1576 2281 4489 223 2951 4176 1681 2414 1259 3738 3863 576 3795 2383 3475 3196 4216 1021 562 2329 3715 4109 2054 3640 767 1300 4905 1504 4893 969 326 4904 1921 1148 271 3646 2298 1474 3677 
1536 2386 716 2221 2765 3332 747 396 1673 1829 1567 3897 1550 3196 4500 4098 2493 2168 4739 2670 1530 1006 1937 922 2059 2803 2291 375 868 762 3989 3167 2577 2245 973 3062 4389 1342 4783 703 494 1094 220 3265 2696 495 4812 4470 4170 2566 4746 2548 932 4723 250 331 3517 3076 1320 990 2564 3907 925 266 3396 931 2010 4016 
1825 3006 3465 1820 3497 3386 2658 192 424 3515 4148 1132 4660 3758 518 2026 1714 99 51 306 302 4427 643 2960 386 205 1762 114 1062 1038 641 3837 1714 2233 3801 4539 4774 1294 3412 3675 2677 1324 2173 1188 1538 1028 945 2686 837 4884 2740 441 1942 3148 828 3024 45 1953 4489 1817 4262 4635 1812 3750 2899 3299 1830 2269 
3837 415 2327 2435 684 792 2262 637 2086 335 4633 2362 2166 4570 3070 2731 3251 2739 2970 979 1714 4134 4256 3316 2836 1680 4129 218 4083 4506 3827 912 2400 3156 2652 2092 3872 755 1166 4556 3240 2440 753 3223 240 363 1172 2658 1327 3227 2504 3167 1260 3288 3263 2571 2229 3743 1320 3440 2918 2664 4644 759 2404 3580 561 4763 
2509 1711 4405 4399 2154 2940 513 1476 4476 4478 1110 1100 3984 1522 3826 2688 2496 2921 2260 4889 382 568 4521 3168 1215 3697 1570 4109 347 3060 389 4593 174 2028 3693 630 3105 3342 1252 2805 887 2360 849 2767 197 2785 1851 42 1262 526 3079 2055 134 1146 2080 4353 1578 183 4524 4522 2451 2671 1699 4101 3346 289 4573 2075 
1104 3751 764 4721 3235 4333 3059 1162 383 3633 3988 489 133 340 2595 1704 3257 2528 3900 315 369 4008 3361 1792 1854 1700 2272 2359 2424 3752 1392 2001 1047 1695 3046 4648 2501 466 2642 3966 4402 1057 4345 2838 4741 2818 2602 4011 814 3953 3688 1035 1490 1851 114 3438 1120 2284 2327 3992 2967 3747 2495 4420 3784 1961 767 4332 
889 4875 4877 847 184 2577 3259 4160 1739 239 1322 4108 3941 2600 1250 3877 1997 93 3253 2934 1681 569 154 4903 4262 1283 2739 2620 3216 3169 3068 767 2940 3239 700 1095 2779 3315 3543 829 1674 2931 835 626 2356 374 1493 4734 3435 2350 3579 3255 4300 3598 3686 3726 3619 4494 1341 3015 4211 258 882 2859 2992 4451 2001 3886 
1534 3490 3073 581 4693 3023 1038 560 2492 2108 4862 593 4799 2933 327 2446 959 3327 4089 4699 1884 2801 1346 1228 2554 2912 2081 303 3244 386 4649 4061 1597 2650 3282 1507 1778 3125 4622 861 3152 295 3900 3133 1619 1129 4015 25 2276 855 4476 2168 382 1102 521 3494 416 1299 4150 2292 3661 396 1746 4044 2939 13 4196 1664 
1693 2128 3682 654 1798 244 632 4546 974 2013 1296 4601 2443 2491 846 609 3987 1288 3072 287 3448 1637 2382 3951 2892 3336 2996 2469 213 948 682 113 368 1833 1849 4876 2052 2358 675 3378 3423 3780 4351 3527 4188 2336 3454 1583 914 4583 3191 4876 4402 4192 4200 2989 425 206 1411 3647 3421 170 4430 4082 504 103 3341 4647 
2833 344 3670 2199 872 1003 3502 2368 867 402 599 1710 2533 408 4121 4904 2280 2093 605 2888 4854 2524 32 3747 1026 468 3453 3057 3003 4840 3251 2958 3414 238 4746 1602 157 3819 4348 1900 3877 2341 2041 1669 1114 572 4153 3389 3097 975 2548 2604 4183 3321 680 2710 2669 3250 1217 2893 4521 187 3549 2390 4805 1466 2100 316 
3753 4434 2428 835 2696 811 341 1726 2294 1184 3444 2158 2283 647 126 2203 1044 3065 3734 2679 4729 321 3093 2353 1147 2156 914 3854 2562 3621 909 1457 1514 3662 3207 4665 4544 2164 2027 3383 4867 4598 2261 1199 2602 2488 1403 4817 153 2502 4227 2765 1194 1181 4038 272 3111 2783 292 1656 415 4669 3763 393 2831 4377 4094 1439 
1778 453 1183 2454 1406 3374 449 4136 3895 3361 3860 224 1874 1632 3872 4829 664 2748 1996 3945 1714 3700 275 4292 634 382 2326 3241 1422 1303 2171 2458 4200 1675 3268 2968 4601 4669 3025 440 3852 558 1367 3560 1927 4805 4715 891 479 4410 2724 4440 1176 1943 4209 2564 505 4591 4519 2486 136 1420 3163 897 4000 228 1154 2891 
1328 1953 2496 2752 4908 2869 2174 2146 2105 2538 4008 969 1271 4698 1351 2136 2727 1476 3128 2617 4741 2066 4133 2826 2698 1496 2224 255 719 698 1394 681 1040 1847 1607 2141 2763 3673 4041 1548 2626 3566 106 3337 3138 4084 4350 4087 4600 1443 4002 1411 4814 625 656 4141 1763 1148 246 4827 2938 1675 2711 3062 2086 3189 3005 2980 
626 4258 4880 4258 603 4409 4500 311 3046 4106 3747 3012 3269 348 427 2611 3614 1161 740 386 2503 2426 1800 1603 1794 385 212 4624 3355 1825 135 253 187 4062 4829 4302 4449 4273 1158 4857 3261 2820 1545 1605 801 1457 3328 4300 2130 3200 1284 4217 3322 820 4500 2186 4514 3454 635 2951 2436 1522 3659 2181 3613 1943 4646 2672 
491 1567 206 31 1392 1270 1079 3776 3636 4724 4289 2627 2062 1881 3139 4226 2289 1994 4284 2646 586 4597 4506 270 4820 1608 497 179 2066 3571 435 4383 4128 1450 4629 2333 1274 1391 4493 2214 2992 4843 3812 1567 4746 860 1547 1820 4799 546 1935 3388 2644 2724 4238 1427 4908 539 2303 3732 4651 647 4092 2054 4400 103 2690 3799 
569 232 1644 1473 592 329 1596 4317 1522 1941 2299 308 3059 4091 1013 853 382 1683 3043 3290 2563 687 2049 3001 4884 345 1275 4816 2884 4528 785 3505 4090 103 4333 3089 1325 3816 2745 1009 4508 836 4819 127 901 4669 2118 40 3895 1417 769 72 1267 4557 453 1252 2290 2080 3701 4746 4825 4561 3617 1107 4054 353 3352 1717 
2219 4587 699 1755 214 3737 1176 181 616 379 3281 3750 43 156 573 4585 2621 2424 4216 4409 722 4901 4672 3321 1675 29 496 1398 760 168 267 2093 2250 925 590 2312 2371 1031 814 416 816 3539 1572 3065 3137 2722 2109 2111 2058 399 994 2033 3004 1413 4417 4801 3877 4611 1864 497 4888 2594 1222 2922 3571 4295 4622 4871 
3093 1022 2615 710 419 1066 842 3341 3960 673 839 3509 490 721 4195 3428 1907 2312 2365 1038 1353 1942 3546 2654 1829 188 2162 1597 4165 637 3582 879 3654 1194 2482 995 3860 4290 1083 2433 3297 2658 3281 1536 2468 2870 989 1466 1740 3361 446 1605 3636 929 1221 3990 532 1092 4692 130 1529 1105 3863 4076 2403 4787 2149 2601 
3031 1985 3715 4442 2607 2311 4270 1901 882 1007 4461 1346 1970 2578 2708 1458 2815 4101 1229 1954 287 2430 3750 2518 2473 910 1832 1461 3489 4302 4516 1026 4536 2826 3401 388 809 1255 4651 1639 2073 2238 4074 1570 1673 3958 1467 3710 1406 1676 3191 1111 2819 4138 1016 3534 4754 3101 3499 3490 2328 536 408 4432 4279 676 682 4008 
2095 3947 793 3013 3176 2009 667 645 297 2812 3876 4448 2256 1163 3460 551 1123 4405 4834 3237 4429 4370 1333 2382 1678 3233 657 4359 2480 4791 1143 577 472 3932 4731 4138 91 4812 3469 118 4562 1738 927 3258 4564 4277 4698 2123 3809 1256 1971 3113 4437 1675 1288 271 4450 3567 817 1579 303 2657 1097 4760 4722 736 1832 635 
1570 2034 3847 3924 2280 3312 1366 285 1126 4688 2172 296 1881 245 4091 3436 4800 96 2060 4266 2842 1748 993 3755 2623 2448 3899 2077 898 3273 2782 3204 439 18 4175 4269 1099 4009 3149 4313 1316 1694 685 2647 439 3783 2360 1857 3856 2309 71 3145 2996 1549 2403 4746 2409 3209 3185 4312 4229 187 3710 2527 4837 349 3823 3033 
4775 4042 403 2876 1377 413 3320 2567 2606 1684 1673 3020 712 4191 574 4070 1879 1166 263 4317 637 564 1631 3223 4469 4909 1418 3992 2084 978 1082 95 464 3733 1434 2185 51 3410 1421 2198 4479 2143 2211 4895 3825 1448 581 1930 4594 4897 2396 4592 2923 3450 1546 3902 653 3945 55 4844 2175 3453 1203 2495 1149 1108 3839 4592 
722 3536 88 2295 1105 233 1814 1048 1607 2364 2425 3807 3713 1747 64 2818 2690 3078 1579 538 2789 4390 4305 1964 4096 1790 1170 506 1078 508 263 1964 92 2505 805 3109 3484 1529 4487 3723 2853 2583 4037 766 3929 4058 3732 60 4745 1914 4460 2420 476 4264 4003 866 2564 1960 188 3740 1040 2840 60 4595 2582 1287 4888 1597 
2894 2858 729 4460 4896 308 255 4577 3849 4065 1648 1326 1100 4689 1462 2358 1336 3271 4073 1425 900 3405 1610 80 556 1939 3201 2740 1650 1532 3463 4559 146 3677 2983 4532 2189 2928 54 2346 3491 279 2956 2204 1900 831 2188 233 2085 91 1799 4426 615 1376 1373 4030 1104 1766 4787 2866 1545 3313 2964 3798 1756 3963 3919 2507 
1009 574 903 594 3226 589 3630 1238 3889 2027 1885 3264 17 684 4511 4642 2032 302 2172 3395 759 522 801 1439 1077 4100 2858 1503 2650 3349 4532 2638 1085 4595 3546 1939 3930 2095 2629 3718 4194 2602 3877 3015 821 3338 4401 4736 1226 3876 4351 286 4771 494 4878 4030 3116 3853 3996 2563 4390 1462 4274 4876 2953 3957 3506 2617 
3471 1560 4589 2202 635 4833 4036 2607 3119 4518 3570 981 2891 1472 2923 4349 3051 4419 2605 1546 819 1546 3489 3198 325 4407 2207 1008 1839 1276 3422 1022 4212 2198 4125 2362 3064 1379 961 1076 3831 1065 1085 4518 133 4783 515 2719 2799 3284 136 1589 4272 2713 605 424 1167 3060 4278 1420 2360 1066 2101 2573 2149 2070 771 1050 
1823 3040 2496 3437 4763 3398 874 128 4489 2390 1935 4697 3546 4537 548 2236 4670 3718 3896 2734 2996 1594 2426 4288 156 4119 4400 1305 1766 3323 438 4795 1132 4043 4065 2589 824 957 1244 4232 3665 3747 164 4357 2826 2734 1007 1348 3412 1752 351 2810 582 3131 3907 288 3943 3107 2933 1888 2719 3039 3395 522 4701 2447 2536 1632 
3760 2361 316 1620 3809 1100 2782 3172 3067 406 965 2201 3224 1152 4163 459 1940 1511 3052 3034 4897 3907 201 3663 2444 21 3284 997 2562 2181 1508 3119 3423 3299 2695 1001 4397 1222 803 4471 121 752 1784 743 512 1352 3840 2272 4906 3696 3239 2347 1151 4059 2552 616 4888 2794 2050 3296 3233 1600 3125 4426 3757 4637 2861 3575 
3756 4485 2451 4217 2396 1558 2685 3477 3429 748 3620 2909 4337 4393 900 2037 3933 1836 656 2162 1070 4540 1605 2402 3406 2868 1109 4150 1217 2359 4081 2241 901 4744 4448 2609 2241 138 2814 2467 2179 1800 2427 1912 542 1103 150 119 816 1653 219 1266 4760 3348 1606 1119 2952 2969 4429 4834 3599 3226 4254 1617 3509 253 3737 2212 
2428 4404 4544 573 4238 2650 3446 2135 4026 592 4137 4552 3499 1091 4909 2585 1193 4100 3370 1624 1563 639 3384 2213 1116 2463 2574 93 2803 908 626 2415 4681 1058 3295 3604 2204 4668 418 4512 2275 2099 2723 1202 3712 3651 513 2831 4794 1974 309 3130 1511 4526 618 187 2376 1874 2520 2506 3576 2409 3153 4903 4321 3412 3082 3902 
1667 1625 4373 4033 1253 1351 586 1428 3846 3329 4020 1764 542 1475 3883 786 1831 3372 4155 2517 3004 4673 1376 4642 1530 851 3284 766 831 2427 3885 4350 1312 4387 2973 1662 4429 717 2448 2699 4706 4722 1227 4612 4151 2390 2191 491 3537 1123 2066 851 4477 1753 567 3463 1045 3638 3329 2928 4757 2286 48 4403 3642 3138 4391 2769 
2829 982 4430 4331 4295 253 3168 1207 979 1668 3078 645 1356 4263 2050 3171 4790 3267 2528 3655 4771 2424 4387 1396 1724 3284 4400 2046 2421 4326 4009 2090 614 4146 1326 4850 2712 2522 875 254 3756 1430 70 4514 1188 571 3655 4664 144 2842 3890 905 4441 1177 915 3047 986 645 103 1876 756 233 1347 4212 2681 2747 13 579 
3389 4389 4653 1123 3750 3491 3231 4426 4492 2807 1108 3920 2563 1815 4604 703 2322 1372 1023 4023 1893 4170 1523 4806 988 3473 3506 1185 3487 4714 4673 156 841 3971 1294 1166 1542 227 2651 1490 3700 519 2080 758 4827 398 3573 4065 4474 3102 3888 2569 786 298 3625 3904 722 4311 451 355 1604 636 3248 1066 3947 1471 701 4255 
4740 943 1756 2044 3348 1275 3578 168 545 4759 424 4289 547 2517 2905 3281 4021 3607 1200 1042 4768 2711 305 4428 796 865 4120 1711 1657 2131 450 1154 2408 689 2836 619 3244 4527 3350 2789 534 1040 3395 4526 3596 296 4749 2984 3012 1726 4408 285 4024 2407 2179 2551 2518 341 512 4891 3418 810 567 105 4426 4185 3612 3337 
2445 1190 2729 1505 1444 4090 4151 2282 2925 1529 676 2342 4399 4379 1651 2494 4565 1296 4517 1824 4544 3437 4719 2925 2432 2085 4837 4749 3672 1978 4818 3532 4478 3852 891 3767 4586 4528 2827 4546 1452 2136 2734 3983 2649 555 2069 1159 4072 2666 4874 1236 817 1039 258 3185 3833 2380 3735 3063 3130 1723 4307 2690 4167 4708 146 1241 
1706 327 4894 37 405 1007 2812 2053 2873 202 864 3958 3782 3135 919 1124 2130 2739 3048 958 193 2716 2682 1631 123 1887 2192 3226 200 3320 2650 4382 1167 233 4545 1286 4835 3565 1509 2395 770 3641 4647 1637 2056 1427 2453 4058 4124 1666 1311 2540 2155 3091 2526 2334 1171 983 2298 2468 4014 1296 3440 4729 1469 3894 3615 4630 
961 2058 3923 4754 3002 1612 4108 1817 3882 3465 565 2254 614 4231 4507 543 1682 2981 849 4764 3774 3121 152 2588 904 3105 4299 2131 283 2826 2321 442 3336 1173 1978 908 4684 1042 1812 326 2195 4196 1705 506 3044 2300 376 4339 241 3069 4298 69 3920 291 1593 2138 559 3407 4344 3793 4719 2198 1028 4182 342 775 2058 3415 
2408 3037 2027 2761 4532 31 4184 1147 2360 500 1429 3118 3904 3295 2940 317 4817 4869 3401 3525 626 111 1637 49 3611 4647 3238 469 3803 4375 4886 2102 3589 1699 1764 3162 2096 2524 398 37 716 634 4439 3681 84 2135 4648 490 2351 48 4561 2103 494 3762 922 160 4736 210 206 1088 1829 4315 1308 159 2733 3774 2652 3126 
3762 4263 4783 3370 297 2040 178 850 4082 2004 2101 497 1172 4191 4047 992 1605 4046 2991 736 4650 1589 884 1309 1086 2488 3619 2476 3032 515 4435 2734 2699 4792 4583 1608 3170 3158 3968 3010 3974 1181 4720 3919 2597 4112 4729 2626 4090 1226 168 4385 3854 2238 4281 1146 1683 2875 4606 291 4887 4475 4595 2512 3018 3456 55 3447 
2566 4331 4156 69 4711 1666 3222 3274 3546 2286 3810 1518 4632 4501 2424 385 3581 4273 2459 3324 2696 410 1513 1174 551 4229 4096 1713 3542 3278 1792 2396 4775 2033 22 1247 4850 3551 4003 808 1599 1574 4084 2760 448 2187 1013 481 3811 3511 4347 2686 4004 473 1637 1427 4304 3614 4559 2719 2410 1347 4774 3394 3277 3913 1703 590 
3910 629 1042 1112 1280 981 1924 2537 4303 1729 1934 2409 2513 229 1980 1317 4459 399 4649 3815 540 3399 1757 1982 2900 45 2845 1636 3093 974 1948 2510 1150 1716 2936 65 1964 2436 984 4176 1948 2332 1824 3644 1003 1352 1666 394 1278 1624 834 2221 895 3776 4839 1771 873 4791 4408 1843 2261 4669 2998 4444 475 4208 2352 4396 
1708 4098 2642 1114 3875 3123 4261 1672 741 4268 2479 3066 463 3447 4863 1821 4591 3179 2873 3562 2851 3414 355 4441 3938 1926 588 349 1866 3153 612 3482 2314 4689 2553 291 309 2729 3010 386 1337 1460 471 3846 3936 2921 2585 1294 4103 3227 1223 2643 1213 646 1813 2773 324 4499 3471 108 3833 1562 4097 1158 905 4142 3137 2673 
715 94 783 3013 4696 1070 3912 3749 2816 865 1946 745 1858 193 343 3543 4521 4845 725 1135 1920 1541 280 1174 2198 2326 2281 4665 2341 592 2788 4596 1037 1402 4725 1359 782 4585 763 2132 1303 4209 1835 1063 3651 2196 300 2393 464 1241 242 4634 4297 1602 1097 630 4795 1377 882 109 3444 3273 1006 330 1157 3748 3529 579 
3602 452 857 4475 2600 154 1349 4499 3499 3519 1618 4807 3338 4810 2256 478 205 2356 1862 3578 3305 1659 2351 2660 2961 2552 4760 583 3981 4510 4570 1083 227 3009 923 1983 953 166 490 1768 4001 4252 2457 888 4740 1664 1045 4180 2693 749 3901 3356 207 3838 2271 163 2946 4885 1771 3213 1052 2166 3673 1250 3924 4452 4720 1408 
4319 1888 2082 4481 3639 1762 1901 261 3890 4378 2650 4097 866 4374 377 2171 2660 3120 1693 883 1565 396 3620 4377 3484 3225 196 1379 728 1520 309 2204 4360 1282 218 398 4900 2984 4487 4631 4887 734 1374 292 158 4868 3167 3564 2907 2011 1092 4069 1835 285 1886 1097 624 982 3544 3965 124 3807 2238 4298 1557 1091 4223 3006 
4018 3638 1449 1164 474 1689 1610 513 136 1540 2371 1202 4003 4692 446 1147 1974 1956 3901 4858 3237 4510 1708 492 3667 4097 1861 2398 2155 933 154 4324 1543 2975 2190 1193 1140 2379 1686 2711 2925 1716 533 3186 2675 2821 543 2636 1691 4374 1138 2527 4620 259 4525 3557 4216 3829 2180 1110 1629 3313 1716 2432 4343 145 3280 1753 
1747 3132 3446 3268 3260 2718 4002 3694 2794 1759 614 2590 4790 144 2520 1795 1733 3098 4868 1820 1102 581 4905 1897 3676 1264 4404 823 4317 1586 2777 2237 3272 2320 3445 1563 4265 4459 801 4840 687 3928 2089 3064 3403 3119 351 4351 2866 769 4757 4374 1814 1283 3653 1048 1234 1512 4577 4086 2445 247 1073 2674 1486 225 77 854 
151 3672 3438 566 1063 3179 3776 604 2651 3729 1181 4772 2219 2471 3497 3044 418 2355 2855 3586 2822 4764 146 107 4658 127 2971 3246 1349 4141 1925 589 4245 4053 4733 955 4769 4906 3171 3369 2422 3936 3986 445 4719 471 1742 4511 1291 468 3603 4088 1309 1926 2297 2298 4230 2848 1374 108 3235 391 3035 4642 4740 3142 3466 3866 
2669 3263 3886 464 4884 4416 4080 2712 3049 1534 1881 4857 4886 4528 515 3038 2705 943 4334 4853 4605 343 1414 2055 181 1075 3516 1371 74 18 1862 2102 149 3724 4707 1114 3614 2766 3148 240 18 787 4749 4538 4526 4792 4321 4802 2281 961 744 2925 4233 3076 1694 4300 860 3839 1965 3707 1230 4223 4289 1595 3648 2754 4575 1551 
3357 2728 907 2014 2739 897 2669 86 4012 2003 1984 2133 1107 2016 2599 4229 2250 885 1266 2678 4780 1875 3821 2262 963 1817 2489 1621 3511 3018 3892 2134 1812 153 2688 3156 3343 3085 3112 1526 2164 3451 1341 1090 4222 1257 267 2677 468 3452 2919 4186 3205 39 1534 2962 3052 1044 1232 738 2169 404 2155 1188 2034 4476 3749 973 
117 4253 4584 2028 3088 663 3461 3094 427 175 858 2224 1696 3592 3011 4432 907 2798 68 2212 3775 837 1090 3949 4346 1676 1708 4769 1572 2624 4206 2422 261 251 3138 2678 3163 2209 747 2904 2100 3276 3197 2753 4387 576 2108 623 4839 3401 4427 2479 4013 4642 2045 1691 3586 4153 2925 3361 2425 2545 694 3410 4279 153 116 4174 
3752 4047 743 2513 2940 3268 3411 1874 3405 169 2159 870 4231 3678 3504 4601 2976 1165 3416 3948 4309 1110 619 3686 2624 4465 3752 3610 1384 2572 1307 4654 649 275 2178 1780 633 1775 1754 2859 1826 1203 4896 418 916 756 4156 1323 2954 247 109 2090 990 3108 1269 2952 3742 2768 2532 2906 440 2588 2635 3637 4136 26 1632 76 
1146 1880 846 4190 4353 2965 1649 3207 1677 4410 2805 1460 594 1365 4599 534 2668 1740 2281 3512 26 3801 4233 3962 3319 4811 1575 2301 1474 1477 1425 4063 4643 1887 247 144 2166 4019 3601 551 2022 1730 2361 1377 3901 2553 1531 636 4767 3218 1864 4264 3052 805 1262 1320 3989 3363 4887 79 3918 1385 4036 2393 2427 111 2044 2191 
3086 2248 4653 49 582 1422 975 1804 1466 757 1552 502 1360 4367 341 3060 3915 3972 3314 1116 3524 2288 3281 2282 1859 948 2839 437 4508 895 2978 2826 4178 1021 4326 1810 34 924 1612 1370 1516 3202 3257 928 3543 4157 2679 352 328 3122 2089 2826 1842 2881 1201 4445 4481 3097 3474 2330 4695 2250 2480 4324 4767 1888 2478 418 
60 51 27
16 49 7
7 38 2
24 36 34
7 3 8
25 7 17
52 33 19
17 32 34
12 59 18
64 15 28
3 38 21
52 42 6
12 21 5
8 48 6
34 19 29
53 21 25
22 23 40
49 56 27
8 33 12
60 21 33
24 16 14
45 38 2
2 2 27
22 64 18
30 61 37
4 14 6
26 18 29
64 12 3
36 50 39
7 61 23
1 44 3
51 43 32
51 48 36
45 38 10
60 66 35
51 47 33
57 13 39
36 31 17
19 45 27
65 50 33
21 8 2
42 42 8
29 19 14
62 56 26
64 42 24
43 44 27
10 13 26
42 49 15
54 10 6
33 33 4
23 6 23
38 26 36
55 24 25
12 53 17
27 24 35
20 63 10
47 31 32
5 27 19
49 19 35
53 10 22
61 16 18
19 65 33
49 10 3
3 62 39
47 46 31
42 16 16
6 51 25
59 51 3
5 20 34
22 53 12
3 37 10
65 53 38
44 49 30
9 59 8
48 55 40
20 49 8
45 50 20
27 31 35
15 18 4
39 49 17
64 27 1
42 34 31
40 66 18
55 55 21
33 34 28
2 27 12
66 55 33
31 42 1
57 22 10
15 28 15
55 52 22
17 1 16
41 50 38
31 64 30
63 6 28
5 16 20
7 10 15
28 50 25
36 60 4
51 46 8
23 6 22
57 30 13
23 23 40
38 56 8
6 28 30
65 9 19
53 57 25
46 53 14
52 34 37
53 48 23
42 46 36
53 63 6
16 42 17
19 32 27
19 1 20
20 65 16
41 2 19
29 11 16
6 20 11
57 23 37
19 17 29
8 23 17
34 45 20
5 1 7
24 47 21
1 37 27
16 32 33
19 6 29
60 2 8
7 1 16
50 41 12
11 5 33
66 38 5
26 27 6
28 19 31
14 53 7
34 36 25
27 10 31
16 4 28
22 43 39
40 46 4
1 35 8
14 25 6
17 29 38
39 57 3
22 14 24
11 14 31
37 9 29
63 2 30
33 9 4
19 54 9
20 34 37
31 3 14
66 32 3
28 52 3
59 27 8
33 19 21
41 41 9
58 1 34
58 25 37
40 29 8
8 34 37
23 4 4
27 59 13
39 43 4
25 46 38
67 39 30
16 4 1
66 26 30
49 33 34
49 32 31
28 61 27
63 9 32
44 60 29
21 29 24
12 44 30
44 36 29
15 51 23
60 53 28
2 30 15
26 3 16
20 18 28
60 58 5
9 35 38
8 62 39
3 27 17
49 16 12
56 32 2
49 37 34
60 51 4
30 48 4
8 26 8
44 46 7
9 42 32
52 19 8
42 38 1
58 46 37
38 8 32
66 54 35
54 37 35
4 56 20
46 40 20
58 5 23
54 24 21
64 3 21
23 39 15
37 9 11
28 38 3
19 43 33
62 44 27
61 19 5
24 11 37
2 60 38
8 11 39
59 49 27
26 62 19
51 22 37
1 18 24
63 16 37
33 51 17
15 2 25
20 24 4
59 6 19
9 2 22
59 32 13
18 63 30
13 37 17
8 16 19
52 52 16
32 10 12
30 23 29
8 5 18
27 5 38
15 17 3
5 31 10
66 13 34
22 37 17
56 66 36
59 58 11
16 60 7
2 64 3
18 31 35
28 51 29
62 63 11
16 58 14
6 12 31
64 5 23
3 61 10
30 45 25
2 29 9
2 60 37
57 36 4
53 13 40
11 30 21
31 6 21
42 24 2
25 26 4
29 62 32
46 50 9
4 18 2
53 49 31
2 3 13
55 10 21
57 57 38
44 37 36
27 22 38
66 5 40
22 42 17
46 41 5
14 31 37
55 42 33
23 64 17
16 52 19
30 33 9
50 42 23
45 39 12
16 5 37
64 43 4
60 61 31
42 64 7
46 42 27
45 17 10
56 34 6
50 31 9
33 44 3
12 18 22
23 51 20
8 22 23
34 40 13
2 51 19
48 15 12
25 5 31
36 55 31
36 24 12
25 56 11
55 25 6
37 33 36
45 46 23
55 27 32
37 55 35
13 65 35
24 50 28
2 32 26
10 24 4
11 47 21
51 57 17
59 26 4
5 60 29
49 2 23
8 33 12
10 52 33
1 54 30
51 32 8
23 12 34
47 61 8
32 45 34
22 12 16
60 50 8
8 62 38
18 50 20
16 60 23
56 40 18
53 45 31
63 11 20
36 25 39
57 41 14
64 63 17
67 26 32
19 14 28
19 30 19
16 37 20
31 61 15
29 37 4
51 49 39
5 27 21
18 13 8
24 50 27
49 52 16
24 52 4
34 57 19
61 43 18
67 2 20
49 6 22
37 40 16
10 56 11
57 6 32
20 14 28
42 61 27
20 15 19
46 34 8
56 7 15
40 43 32
44 61 27
7 54 17
29 32 10
66 24 4
28 59 18
54 10 3
64 27 25
44 22 9
4 2 38
4 27 29
17 8 1
63 24 19
43 1 2
29 30 4
32 34 5
20 31 29
26 49 6
19 3 11
17 14 5
50 2 4
41 22 22
35 63 19
14 50 33
21 24 11
22 34 33
15 58 34
57 44 27
10 1 6
45 40 18
55 53 17
5 48 7
19 42 12
53 35 25
6 50 3
24 12 15
53 25 6
8 16 24
61 23 14
36 27 25
55 51 8
5 21 3
20 50 22
37 8 5
11 38 11
67 37 27
16 20 23
66 15 5
53 43 2
50 56 31
23 51 25
33 18 5
50 17 18
54 21 31
66 46 17
11 12 36
48 48 11
47 47 23
58 18 27
26 64 6
53 42 27
32 30 17
58 1 16
25 42 33
22 49 13
44 44 27
38 41 17
59 13 24
37 42 32
38 13 16
17 6 15
5 21 29
2 22 2
35 47 17
2 66 8
67 29 38
3 48 34
23 3 37
23 35 25
8 63 19
38 40 23
5 32 10
35 32 35
32 44 12
50 33 27
20 24 6
6 63 17
50 24 28
23 53 12
57 28 13
53 58 27
32 36 8
42 18 5
20 29 22
17 15 40
62 51 16
64 29 19
38 18 27
54 38 19
45 53 6
38 14 29
29 14 26
48 23 5
61 4 4
11 44 2
2 50 28
28 16 6
22 19 10
3 58 36
67 19 3
63 66 5
63 61 1
12 44 33
31 28 29
19 23 1
59 24 8
34 4 15
44 40 18
16 34 29
31 17 17
67 25 26
4 10 24
19 41 16
5 24 4
64 26 29
20 9 27
13 3 27
29 11 10
18 54 24
44 35 25
47 9 38
43 29 9
46 14 25
17 28 27
25 13 33
21 40 30
53 55 1
12 40 24
40 37 16
13 5 25
5 21 24
1 40 20
19 9 31
7 18 14
47 6 16
19 10 14
5 43 23
44 59 2
56 63 7
33 47 31
9 16 23
27 33 21
4 27 36
67 48 11
49 12 40
40 51 26
25 66 38
31 55 7
54 52 20
21 9 38
5 10 8
46 23 25
13 56 17
12 12 21
63 16 29
52 57 6
16 61 39
47 46 13
31 57 10
33 7 29
32 50 4
28 28 3
52 11 33
31 47 25
63 12 22
8 23 32
49 39 23
66 26 15
64 44 28
29 3 18
31 39 15
55 17 27
36 31 6
29 16 32
67 45 32
50 39 29
48 64 37
26 49 38
11 19 35
9 28 1
31 52 39
5 48 20
3 40 1
7 4 35
59 11 24
34 31 40
30 16 23
34 3 11
7 31 13
8 65 24
37 33 21
29 6 32
8 21 24
33 32 31
64 13 19
9 47 2
15 47 13
61 22 37
43 20 38
24 7 13
22 38 32
3 42 7
66 43 35
56 24 14
23 29 34
63 26 32
18 48 21
2 8 3
22 7 3
19 17 14
59 41 28
50 37 4
25 66 25
67 30 32
10 20 28
26 29 2
65 40 37
33 6 31
43 29 11
36 45 6
53 10 9
63 10 35
7 24 24
56 61 40
4 38 15
22 33 7
25 61 10
27 31 40
1 23 33
39 5 36
6 58 12
59 30 17
64 53 4
21 51 12
16 21 20
55 39 8
61 15 29
37 59 19
21 4 11
45 23 29
50 50 38
33 1 18
13 52 20
62 13 26
38 61 5
1 19 13
14 32 40
32 61 39
25 8 16
34 30 19
42 50 28
46 46 16
39 34 14
58 41 28
5 15 29
31 19 25
7 15 22
17 42 12
44 2 15
27 11 2
47 46 30
32 12 20
56 55 35
31 15 19
19 32 24
13 3 23
53 39 12
28 3 20
40 44 9
21 31 2
65 37 35
26 57 6
10 52 6
53 27 31
2 31 10
45 15 12
59 43 23
62 52 6
56 9 40
47 4 12
10 47 25
40 7 24
59 15 3
49 34 40
57 36 16
7 10 1
52 36 23
64 13 2
18 65 18
17 65 9
39 57 35
27 9 3
30 44 9
28 23 4
42 13 30
22 30 24
61 18 13
67 22 1
48 65 17
66 54 19
36 50 5
1 34 10
64 17 34
48 62 36
47 35 10
52 38 9
58 60 5
61 29 39
28 18 2
49 45 2
39 39 28
50 20 30
12 29 6
2 26 17
9 57 37
6 34 19
3 6 14
62 1 16
38 21 14
57 22 35
67 38 23
36 62 38
36 22 38
30 63 16
47 63 19
19 62 2
42 30 22
16 14 27
27 23 31
3 35 33
49 33 1
29 37 23
54 8 34
52 14 22
51 9 28
21 3 37
66 58 28
43 1 6
29 64 2
19 48 10
9 31 15
25 30 3
19 43 33
67 59 17
66 28 1
58 37 32
39 41 3
39 57 10
58 37 27
18 11 16
53 9 7
66 38 11
42 59 27
12 45 18
16 1 27
17 45 10
61 45 27
52 57 9
52 35 15
55 51 26
21 44 23
28 48 14
25 43 18
2 28 34
38 58 37
60 61 36
43 30 12
24 28 5
35 42 4
62 6 17
29 18 15
9 35 38
49 24 7
38 28 5
46 55 35
4 14 15
63 22 28
63 60 20
20 50 1
37 30 11
46 51 2
54 55 25
1 34 26
9 51 30
7 35 5
17 3 36
48 31 29
25 35 18
34 33 10
28 41 34
41 22 38
24 62 16
31 33 16
2 39 26
41 2 28
50 9 33
53 45 24
65 61 28
4 7 29
26 2 40
44 4 31
49 6 38
51 46 40
52 34 35
49 43 7
1 58 2
27 50 17
40 9 18
45 66 40
9 23 28
56 18 18
12 16 35
14 16 7
9 17 19
29 27 32
53 53 38
63 27 24
65 37 12
37 56 31
35 44 15
16 50 6
63 43 27
22 16 5
42 43 24
28 14 12
67 63 39
41 53 8
42 30 19
64 62 40
13 14 29
9 25 8
14 49 37
41 50 20
4 23 12
56 10 26
3 40 40
60 65 30
54 37 31
65 5 29
21 57 18
46 20 18
44 7 29
17 54 10
2 43 38
29 33 33
16 48 23
40 8 6
27 57 36
27 52 38
18 47 11
24 51 29
21 16 5
36 3 22
48 63 4
63 6 18
10 54 37
25 16 1
10 47 27
55 52 29
34 49 18
8 33 9
1 45 32
39 52 15
12 48 8
58 46 18
29 45 25
10 30 12
2 2 27
55 35 28
2 28 27
19 20 18
23 56 15
21 21 39
59 50 39
11 39 16
65 32 13
58 54 13
14 60 8
23 17 5
41 1 15
3 29 13
33 39 3
34 23 15
7 50 38
25 55 35
37 58 40
58 13 9
34 32 25
4 27 32
56 60 12
13 32 23
67 60 24
19 21 36
63 39 6
44 25 33
44 8 28
47 37 24
53 8 33
10 42 5
9 60 9
55 58 12
51 34 20
15 13 31
48 1 6
53 49 22
14 30 9
17 50 16
12 51 11
58 11 40
15 17 6
66 7 23
62 64 23
25 9 22
31 40 35
5 40 16
9 40 39
11 38 33
52 18 17
43 56 25
10 9 9
5 28 6
2 9 37
51 34 6
47 32 27
61 39 35
42 7 23
39 7 31
53 63 26
4 24 4
42 50 2
28 25 12
18 60 34
1 7 21
12 18 4
36 13 29
14 19 13
48 31 16
17 25 3
59 57 37
33 10 23
27 19 9
54 60 25
53 15 33
41 7 39
52 20 33
45 41 16
10 5 18
61 61 6
6 57 35
35 50 25
1 55 5
14 18 15
29 40 12
45 11 35
31 21 21
39 4 18
47 3 7
19 19 14
8 35 2
30 21 26
42 15 3
22 1 11
58 48 20
32 10 19
49 14 30
62 62 31
63 12 26
27 19 12
46 36 11
25 37 28
2 45 21
66 22 21
66 15 11
13 41 26
44 12 24
49 55 25
56 3 20
56 13 26
15 37 21
59 43 16
38 64 37
12 23 21
4 25 9
50 23 11
20 66 19
8 51 18
7 2 22
52 60 34
48 29 11
13 14 30
19 51 18
33 52 39
14 33 27
58 1 11
35 4 11
41 31 14
11 44 15
60 17 28
39 33 7
63 19 23
14 19 1
14 55 33
31 17 33
55 55 12
52 63 38
13 8 18
5 45 21
38 3 15
46 20 13
41 14 38
67 22 27
23 57 40
65 35 7
19 21 9
57 18 12
9 55 37
3 38 23
7 59 6
51 44 37
34 55 21
43 28 25
40 24 30
38 47 3
18 3 1
17 4 14
40 19 31
17 22 37
27 54 15
8 19 39
66 33 24
40 12 1
5 33 17
56 45 17
51 5 1
9 10 32
21 4 29
9 20 38
4 39 15
21 57 29
12 65 27
56 19 29
42 38 13
20 27 36
35 22 20
42 38 14
31 15 33
7 12 37
50 35 1
33 48 10
46 65 37
13 32 32
18 23 24
24 38 9
55 19 29
10 25 9
20 59 9
49 63 9
30 48 38
60 37 16
45 65 2
19 24 22
27 42 29
3 34 24
35 34 27
37 2 10
35 48 5
58 2 15
17 33 38
11 9 36
49 28 28
58 57 26
22 16 17
67 19 24
46 29 39
24 13 11
2 22 15
7 51 5
53 19 22
16 26 4
59 16 35
33 7 40
41 43 36
51 46 17
20 5 24
50 42 31
38 35 31
34 47 12
23 20 1
17 10 2
19 47 38
45 33 29
65 35 19
31 2 2
64 54 2
1 47 14
32 5 35
31 55 25
62 34 39
19 23 14
36 18 30
52 52 15
21 21 5
10 41 8
37 3 7
31 34 40
22 20 2
16 20 15
29 51 17
45 56 29
18 1 39
42 37 7
64 40 23
42 40 27
62 32 7
24 23 2
21 20 33
50 11 33
36 47 1
17 29 4
37 60 6
21 43 2
33 41 2
48 41 17
12 1 29
22 56 10
53 3 30
4 61 24
62 63 24
47 61 20
67 30 17
61 35 13
61 56 31
53 45 8
55 31 7
33 65 7
36 58 18
26 23 16
40 52 33
41 43 34
18 31 5
4 28 35
43 63 32
8 63 22
58 11 20
21 43 5
46 15 38
53 32 10
27 64 30
46 17 8
19 2 13
13 21 10
2 43 6
65 56 12
64 27 22
66 26 14
45 26 14
10 45 26
18 15 37
51 39 29
9 20 40
34 59 26
26 6 26
45 8 7
8 9 12
27 23 9
8 11 38
17 64 30
47 8 20
46 54 3
62 17 36
50 54 20
3 47 13
29 58 40
29 56 19
52 50 2
52 50 5
1 42 8
7 9 35
18 36 15
20 48 35
53 42 35
20 53 3
43 36 1
36 48 6
46 5 6
4 44 17
21 43 28
34 52 10
4 54 35
9 19 19
45 54 13
39 6 30
48 49 21
32 1 18
36 25 23
16 43 40
56 36 38
11 36 8
23 24 21
9 17 8
56 20 28
35 65 30
45 42 9
49 9 8
44 49 24
13 63 17
61 46 10
62 9 34
55 55 36
58 35 28
14 5 6
53 24 24
1 62 32
23 31 16
1 29 13
30 44 1
21 31 3
11 45 36
55 30 8
65 22 27
20 20 10
59 46 14
29 12 33
56 51 3
24 46 32
57 37 6
26 4 35
15 6 5
20 43 35
30 39 22
61 34 19
40 5 5
14 27 9
54 29 23
48 4 23
26 50 18
54 1 38
5 42 11
23 64 6
57 51 10
14 20 35
42 53 4
20 38 31
31 27 25
9 16 8
6 43 24
43 27 33
4 58 19
38 65 24
14 64 15
33 59 34
24 33 24
61 41 18
35 10 2
8 52 14
2 25 4
38 29 31
65 58 24
16 29 7
50 4 34
12 29 26
50 31 3
15 28 18
66 12 1
32 21 2
13 55 11
15 14 11
2 19 29
56 4 37
41 12 23
58 23 8
57 66 28
1 10 3
61 26 31
49 43 3
40 5 12
67 61 5
61 43 28
56 8 27
67 13 29
35 53 23
36 59 27
67 30 17
63 29 12
40 30 28
23 38 12
66 28 27
19 42 20
52 32 11
10 7 10
45 42 26
18 9 40
31 58 32
6 64 2
65 4 29
60 60 21
22 8 18
2 60 35
34 51 11
52 51 13
48 32 13
48 60 16
4 36 14
40 23 36
54 11 29
8 16 34
56 34 39
30 22 21
9 44 2
3 66 17
16 65 40
2 58 8
31 59 29
8 41 12
59 29 30
19 49 3
54 59 35
15 19 38
14 7 24
36 35 11
2 50 29
48 58 31
27 4 4
29 3 30
25 27 20
65 25 34
41 60 34
34 15 37
30 38 2
63 2 37
9 38 31
19 22 4
33 26 7
67 37 29
22 56 25
6 11 36
22 31 21
57 26 21
51 36 7
43 20 26
32 49 35
59 29 9
23 50 2
1 48 27
2 53 18
57 19 14
54 44 32
51 22 16
10 47 13
61 35 11
9 57 20
43 64 37
48 38 17
30 7 31
21 19 37
37 15 37
26 20 31
56 28 17
12 51 34
42 9 19
48 3 36
19 34 16
21 27 28
21 18 30
65 62 16
20 49 20
3 1 28
55 31 17
21 37 2
33 57 32
42 15 9
62 63 30
37 40 12
37 2 34
26 37 20
8 36 18
33 51 28
14 30 9
18 29 12
21 48 9
66 4 13
50 6 14
42 47 3
41 56 27
29 49 9
21 62 31
37 3 2
35 41 11
24 27 30
51 40 28
7 58 22
12 8 28
48 49 20
59 6 29
49 13 11
48 26 3
21 63 32
31 63 13
12 23 35
14 1 9
34 43 21
3 51 30
49 23 23
6 60 7
45 44 4
59 38 33
25 3 28
23 50 37
25 4 14
10 53 36
25 54 22
30 30 20
22 19 18
41 23 34
46 58 20
13 11 9
10 62 8
22 3 17
66 32 16
56 39 6
64 64 14
34 45 12
36 11 7
46 4 2
25 9 9
4 54 4
32 16 2
33 42 36
8 4 6
25 33 16
67 10 11
20 47 33
65 5 29
9 44 30
11 24 8
12 41 10
36 24 39
21 17 17
27 56 28
16 24 16
18 35 26
11 1 15
65 5 12
37 48 3
60 4 24
65 29 34
24 25 28
44 41 20
40 26 35
55 3 1
56 53 16
65 18 14
26 60 3
43 31 27
47 56 10
15 8 37
65 46 36
61 5 38
17 60 37
18 50 34
43 54 28
16 64 14
7 21 8
42 12 23
35 10 9
24 15 6
34 4 8
66 51 12
4 30 21
30 37 34
18 15 3
62 7 3
63 32 2
53 66 13
1 23 8
23 30 26
40 45 27
26 50 10
57 45 35
59 15 30
63 51 17
55 22 9
40 58 33
63 2 11
18 12 5
6 60 12
43 17 28
32 12 28
23 52 32
49 60 34
60 28 25
58 37 22
17 15 29
9 49 33
45 12 38
28 42 30
40 11 29
60 1 8
65 33 33
48 58 36
27 33 18
30 24 20
18 4 8
18 56 16
46 48 6
6 20 37
9 48 10
48 26 7
1 52 15
9 42 1
63 52 13
39 27 37
43 19 13
53 1 3
17 29 37
9 18 12
56 33 33
54 15 10
10 58 11
10 19 8
25 65 27
57 36 20
4 66 12
15 9 7
19 32 23
52 56 35
67 45 25
4 65 4
19 43 37
14 49 2
43 9 27
63 11 14
16 53 2
4 29 29
16 3 32
28 18 21
59 59 38
41 54 9
37 25 20
49 37 17
27 10 8
10 22 1
39 28 20
63 9 11
45 9 6
37 10 8
41 19 31
24 24 16
29 13 6
53 38 36
67 45 3
35 32 15
45 28 9
41 17 3
19 9 20
38 27 39
60 64 28
37 3 35
12 49 15
47 9 22
33 56 11
16 33 6
67 15 6
55 52 20
29 22 37
40 66 28
63 4 24
35 53 4
56 3 19
36 45 17
7 4 9
56 3 28
46 54 30
6 15 38
57 39 14
22 29 6
55 7 25
29 21 11
3 56 30
17 1 40
6 30 22
18 51 37
22 44 20
24 58 6
35 36 27
39 24 27
6 19 10
49 2 17
28 31 8
54 14 26
16 57 32
16 44 9
40 37 14
43 31 35
52 37 6
39 7 27
49 5 38
20 47 21
42 62 17
50 50 16
61 35 14
67 31 21
46 56 3
32 56 3
63 30 9
59 19 21
67 20 34
29 10 6
31 33 40
54 19 35
26 61 22
53 44 6
35 47 7
12 20 30
27 48 13
1 57 25
11 6 24
6 36 12
40 42 20
60 29 8
54 45 17
27 57 28
20 4 27
30 45 21
12 9 10
24 51 18
63 17 3
12 24 39
57 39 23
67 47 27
54 24 16
31 52 19
55 1 1
48 43 16
53 6 29
50 8 21
63 63 14
17 53 37
59 38 30
34 59 18
25 17 23
45 2 12
5 53 5
10 25 35
20 23 5
61 40 32
36 42 5
50 46 20
12 15 12
1 32 29
10 17 30
28 9 30
26 62 36
31 2 34
8 62 33
30 56 31
66 47 7
31 37 35
67 1 3
19 40 30
54 52 10
58 9 25
25 6 17
50 32 32
14 52 33
61 16 35
24 42 20
36 41 25
5 20 9
49 21 24
41 44 31
62 17 17
59 23 22
44 65 39
38 28 4
54 46 32
20 38 4
15 42 20
18 30 33
28 22 28
19 4 34
48 35 34
22 26 40
66 19 40
57 12 18
29 22 1
58 4 15
22 54 33
20 51 23
13 29 21
38 31 15
31 51 15
33 66 6
40 45 26
62 22 36
12 23 39
37 30 24
29 51 5
63 20 21
48 27 12
28 50 32
51 58 1
28 44 32
67 20 16
24 30 4
15 36 31
4 2 12
54 4 2
22 42 10
38 41 6
58 1 23
18 27 11
13 24 1
22 58 13
16 7 32
2 38 5
35 17 29
24 24 17
7 42 4
8 51 3
29 58 6
20 1 23
8 59 5
46 8 10
28 16 6
48 38 7
18 34 32
48 66 33
12 44 20
7 27 17
67 40 38
45 51 37
9 5 13
7 31 5
52 7 19
67 24 36
49 54 26
2 52 38
25 59 28
27 12 15
9 18 10
30 2 11
66 52 39
7 35 23
65 30 2
18 56 11
58 7 30
23 14 1
56 19 31
28 12 31
5 23 9
64 23 27
33 48 20
40 56 38
5 4 14
64 55 3
55 55 3
11 43 38
26 12 35
4 31 25
45 16 33
22 31 40
38 48 20
5 31 25
7 16 5
38 50 24
54 6 39
35 58 34
35 25 21
49 33 36
5 23 14
59 61 18
35 20 29
14 62 3
39 63 13
39 58 29
22 30 29
65 24 15
63 57 5
66 22 17
4 37 40
47 17 37
15 34 9
30 46 2
27 26 26
50 33 19
5 29 3
21 58 10
63 9 9
11 56 33
22 13 6
2 64 26
26 30 19
5 1 11
1 48 7
61 7 33
53 20 28
53 66 27
63 33 7
62 51 10
61 14 29
54 26 23
65 7 36
41 13 27
56 41 31
65 33 12
15 44 10
61 61 6
32 49 35
60 60 5
54 61 31
29 34 36
22 27 11
17 32 27
59 30 3
31 55 19
13 57 1
25 62 3
32 40 34
5 16 30
42 41 39
21 50 26
47 10 26
25 52 40
24 48 14
59 57 10
16 3 17
50 62 4
20 28 37
36 22 40
49 30 31
16 54 40
10 11 1
56 41 38
49 48 1
27 21 35
40 22 34
60 51 4
26 43 27
40 36 25
3 44 37
52 27 17
50 33 8
64 39 22
60 31 17
25 38 36
27 4 29
64 17 10
36 52 32
24 13 24
16 56 21
12 11 3
6 10 35
63 40 11
9 7 16
48 28 25
22 20 6
20 47 7
67 11 11
15 47 7
57 23 31
67 11 39
5 11 3
11 31 3
17 46 8
61 33 24
55 33 14
5 31 21
31 17 36
41 44 19
22 1 34
48 17 11
18 31 32
9 46 15
24 25 4
20 52 14
39 11 37
5 40 34
19 52 26
12 53 31
32 32 6
28 9 20
59 9 1
2 63 22
66 38 35
45 22 7
8 34 28
56 3 22
10 31 15
35 42 21
31 45 38
60 60 14
22 60 35
35 62 3
35 55 24
25 47 27
57 5 32
20 34 38
44 25 23
19 32 4
29 30 27
66 19 26
56 23 29
6 51 7
31 33 7
3 65 13
27 64 37
34 65 20
36 33 27
67 58 27
54 46 39
7 50 3
36 18 2
59 45 4
54 19 32
23 47 28
48 33 28
21 5 33
10 25 25
7 9 17
20 52 22
15 45 3
10 26 23
8 15 39
11 63 30
32 6 26
64 63 10
3 30 1
25 51 30
28 39 11
1 22 28
43 53 29
14 21 15
2 29 39
42 64 26
5 53 33
51 47 24
7 44 7
44 42 31
11 23 8
18 64 12
22 64 15
47 56 19
7 12 20
61 62 10
54 8 33
58 21 5
27 38 6
1 23 27
63 51 35
65 50 28
16 27 17
54 49 34
49 58 19
65 60 11
32 14 10
33 31 40
31 16 34
33 55 22
49 56 6
30 5 24
1 36 13
50 57 28
66 53 39
65 41 18
12 26 33
42 35 5
19 8 9
6 22 18
46 28 35
16 23 23
44 6 20
57 55 21
8 11 31
14 63 3
59 37 29
3 32 14
16 49 35
6 8 35
34 2 24
46 41 28
14 3 1
10 24 39
21 65 4
18 36 27
26 25 29
41 16 17
12 19 16
29 58 33
43 44 30
37 20 11
22 8 37
36 65 30
41 57 39
41 51 13
67 20 6
15 66 30
50 63 36
54 56 2
53 52 35
20 52 22
34 34 12
4 32 21
66 38 23
27 40 33
57 61 37
21 15 24
41 39 39
27 14 18
56 48 5
54 27 18
47 41 37
51 33 16
66 25 26
66 40 10
67 52 33
13 13 35
11 60 12
8 59 6
60 56 36
56 47 38
32 1 40
21 49 10
27 35 20
56 25 40
14 45 12
36 14 9
3 17 20
2 42 35
42 44 33
66 62 38
31 52 13
49 1 19
18 20 12
35 61 26
32 41 3
62 52 14
12 55 26
18 36 24
28 25 17
32 61 24
43 15 5
59 57 2
46 50 37
48 42 30
14 37 9
31 47 20
66 16 6
44 56 33
37 29 8
52 1 4
49 53 2
3 28 22
40 18 12
21 22 14
51 38 33
30 28 20
11 2 30
66 63 9
15 55 37
30 9 31
20 26 31
13 23 30
36 46 29
58 52 34
52 7 36
38 30 31
6 10 36
11 57 4
67 40 14
26 51 24
66 48 40
4 34 38
12 51 23
18 33 5
2 61 36
4 11 24
63 16 18
46 12 30
53 11 34
3 24 3
47 8 18
14 58 23
34 15 32
4 38 21
65 66 23
23 38 33
17 33 22
52 10 27
30 23 27
40 63 1
48 43 36
12 51 21
1 5 25
66 48 20
37 58 32
21 34 2
8 14 37
55 18 26
46 59 5
64 32 13
47 31 7
65 29 20
35 47 14
55 45 34
50 58 37
54 24 40
45 66 28
11 4 35
51 60 9
25 32 37
49 64 26
17 13 40
50 33 27
46 41 26
23 21 33
62 6 7
20 50 40
39 66 36
51 66 2
10 26 27
6 12 40
12 6 37
25 20 20
34 55 25
20 52 7
13 40 26
26 41 39
1 11 38
12 15 35
10 62 13
51 37 4
47 5 11
48 49 10
43 40 12
66 43 1
67 62 14
65 60 5
19 31 38
40 62 39
22 42 26
20 66 2
47 1 9
9 1 32
60 24 35
35 59 4
54 12 31
20 39 35
21 65 35
48 54 22
65 14 22
39 14 37
51 64 34
55 15 13
53 16 38
35 4 34
35 24 5
43 63 24
60 34 9
47 52 34
49 30 13
27 41 32
21 24 36
17 6 1
5 27 38
23 45 13
57 65 39
25 6 38
35 61 34
44 12 35
45 58 15
51 44 29
67 23 26
12 23 30
28 17 22
57 22 14
67 61 6
26 5 31
20 38 25
35 24 10
27 8 4
42 12 27
58 8 23
61 63 17
55 64 25
1 37 2
16 38 9
7 65 27
32 2 16
35 62 14
38 17 27
31 37 30
47 23 36
55 33 30
2 17 13
52 19 22
3 50 17
45 36 23
40 20 28
35 14 7
14 61 3
56 27 37
48 13 10
25 10 38
30 60 3
1 50 15
8 15 10
66 36 5
55 26 37
21 20 34
10 22 39
29 24 27
3 28 33
63 47 13
63 30 35
45 12 14
61 34 23
62 9 35
44 66 21
62 6 13
39 23 37
39 51 2
36 32 21
61 35 28
46 49 11
18 49 8
10 43 23
65 40 31
10 66 8
67 64 28
31 65 9
66 29 34
22 39 9
7 15 28
50 11 35
17 56 32
33 33 20
55 66 10
55 12 5
57 64 28
60 50 26
23 23 15
62 14 4
17 51 14
3 10 1
29 46 2
18 33 1
40 51 8
45 38 28
6 34 25
36 5 4
19 61 31
54 6 16
5 14 34
50 37 26
36 58 24
7 25 27
59 15 40
8 51 2
7 18 14
61 12 35
18 34 9
60 62 28
14 20 15
25 65 22
7 8 5
44 39 31
44 20 26
40 24 2
39 60 16
55 37 27
19 8 25
27 26 13
12 6 8
29 12 10
56 27 12
58 37 15
30 30 20
51 8 4
30 26 20
47 9 4
2 58 7
53 61 34
54 20 40
11 61 4
44 65 34
41 34 22
39 5 24
36 8 1
60 27 11
52 10 11
4 32 40
46 16 2
61 36 5
44 52 16
63 33 39
6 58 35
31 35 31
15 35 40
6 6 32
11 41 40
7 49 11
49 8 23
4 21 3
51 32 21
6 4 5
34 44 16
39 6 37
31 50 18
49 27 6
50 1 30
43 58 14
48 40 25
14 18 27
13 41 22
34 18 26
6 27 18
23 24 39
18 32 2
38 36 31
31 25 20
39 10 34
19 63 30
27 11 9
37 65 20
55 20 26
43 11 3
62 19 15
51 14 28
51 14 10
45 45 18
44 57 40
6 19 19
8 62 21
56 32 21
44 39 19
31 38 4
63 30 12
12 65 13
55 30 29
26 52 35
45 12 11
63 12 17
66 37 11
63 28 7
12 5 1
6 42 20
11 31 40
11 6 37
46 59 38
2 13 5
11 49 40
10 54 2
39 53 26
23 38 4
54 43 6
42 20 25
48 14 13
59 26 13
57 5 30
47 61 13
61 58 31
30 1 32
28 55 29
40 37 15
42 61 8
42 46 1
16 62 29
10 29 33
48 20 38
65 4 36
16 55 20
13 4 38
46 12 2
33 47 40
54 8 17
48 66 33
5 52 27
20 45 16
54 37 37
65 1 8
18 29 21
4 54 39
23 32 7
63 19 12
24 28 28
49 33 21
44 51 31
38 48 4
41 36 17
52 23 11
32 19 39
3 61 12
45 3 1
17 48 10
8 20 6
16 30 24
33 22 8
46 20 35
59 40 12
65 7 18
4 58 14
38 30 22
47 29 25
3 57 18
55 15 7
29 53 22
12 34 31
33 54 20
17 66 25
16 49 12
43 66 14
26 20 15
29 31 4
22 1 21
47 30 24
47 6 28
61 28 39
65 25 15
3 18 18
18 5 30
41 11 17
42 37 19
4 29 4
53 24 4
33 12 11
22 26 35
14 43 34
18 32 25
20 23 31
44 28 19
8 60 38
11 14 40
9 28 33
39 35 2
15 57 21
39 21 23
52 36 17
19 61 20
33 12 34
61 57 31
18 41 21
25 21 6
7 7 36
63 11 25
17 37 14
53 16 36
5 65 23
33 25 36
59 23 35
23 27 6
52 19 19
57 35 31
65 47 36
27 41 8
7 34 1
7 14 6
39 3 30
4 22 2
62 28 19
12 54 7
28 26 24
47 18 27
40 65 15
59 39 8
54 1 15
52 62 24
20 51 27
67 30 13
62 64 26
63 30 30
18 37 19
15 15 38
4 27 13
60 66 8
11 16 30
34 1 7
52 14 14
60 25 15
28 9 18
39 58 17
49 58 24
7 60 21
59 13 6
65 53 5
24 57 23
48 55 30
12 40 22
50 61 38
14 21 10
45 23 6
57 46 31
30 32 4
26 2 30
64 52 28
6 8 10
21 9 10
2 55 8
21 23 1
26 53 18
33 37 3
57 29 2
55 21 16
15 53 38
64 3 14
24 47 36
42 13 37
62 24 32
15 60 9
28 55 34
15 29 21
63 65 25
44 57 19
17 16 3
67 8 36
12 47 34
18 44 8
27 64 28
8 1 7
11 46 21
63 38 24
18 33 1
23 34 21
41 50 33
46 65 33
33 6 8
28 42 21
52 3 23
65 52 38
26 34 29
26 27 15
43 52 24
58 53 8
63 44 22
16 3 20
34 50 12
52 39 38
29 30 4
12 19 3
33 53 37
50 17 17
53 1 28
30 49 20
27 7 2
15 22 7
23 46 1
62 27 36
13 11 22
9 43 31
32 57 22
41 47 11
45 53 14
25 2 15
7 65 33
32 33 28
50 63 22
62 7 26
41 5 17
67 22 7
47 44 9
21 63 32
5 57 28
8 66 27
2 15 29
22 7 15
19 9 21
4 66 5
23 14 39
46 48 6
66 22 38
25 49 4
65 16 31
39 46 16
40 7 28
36 11 28
51 30 37
27 32 33
67 24 5
65 35 17
24 10 18
46 6 3
46 64 15
26 35 26
45 21 28
32 33 32
40 31 13
16 52 36
3 58 19
8 60 21
23 55 12
58 49 25
32 63 25
42 5 26
65 54 27
41 43 36
32 65 8
47 17 23
57 21 32
37 61 23
47 24 26
28 31 34
23 28 8
61 53 25
57 64 20
57 20 28
58 63 25
16 47 26
5 21 19
59 28 28
37 16 27
41 16 26
19 18 1
67 20 13
16 43 14
57 49 13
33 44 22
61 23 32
27 34 29
24 35 26
59 45 30
67 5 3
20 32 10
66 49 30
21 8 35
1 28 13
66 39 27
23 20 14
34 12 2
49 15 34
64 6 32
39 43 4
35 33 12
3 66 34
65 54 37
20 12 16
42 29 1
12 65 33
31 60 16
47 24 5
35 45 9
4 7 32
15 40 15
13 10 22
36 15 3
44 7 12
60 51 1
58 15 8
61 3 9
27 3 4
41 35 24
10 19 33
67 49 12
8 27 30
49 31 26
65 11 22
17 4 1
55 12 31
53 7 2
50 19 3
62 30 19
50 58 2
53 33 1
60 6 24
55 5 24
63 44 11
1 46 29
67 9 9
34 64 12
59 13 24
50 11 29
34 7 19
57 49 15
39 38 40
53 32 14
48 55 21
28 13 11
29 38 15
56 36 31
19 36 6
44 45 3
49 30 40
36 50 39
56 19 36
29 41 21
13 48 17
26 4 18
8 66 26
43 64 24
11 53 9
39 46 31
4 34 29
56 25 12
33 46 29
31 47 32
60 37 29
28 56 18
58 33 23
27 33 28
57 47 21
44 53 38
29 55 32
41 14 32
54 17 14
65 46 17
2 23 21
45 32 19
47 11 9
14 23 31
24 63 22
40 41 32
48 23 6
1 2 5
3 28 12
47 48 31
4 55 12
48 4 34
40 54 39
40 63 4
54 52 4
60 19 13
55 41 30
19 3 31
31 63 22
66 12 32
20 3 28
5 14 5
26 13 6
40 29 37
30 52 17
62 32 8
52 21 28
25 23 10
4 26 38
44 46 13
53 3 15
52 51 6
59 14 20
10 59 37
36 60 31
32 44 10
59 66 36
31 30 1
35 64 31
54 33 37
21 27 19
20 58 16
46 57 6
24 32 33
14 51 15
40 13 25
66 25 12
29 58 11
18 39 1
61 21 25
25 23 27
15 43 31
26 27 13
10 18 39
55 51 6
16 65 10
49 65 9
49 30 15
42 34 6
52 45 6
54 31 21
46 23 32
27 28 20
19 36 29
48 7 34
57 60 36
60 37 8
52 5 40
29 23 14
58 54 23
3 24 28
38 16 39
12 43 5
40 23 21
58 2 14
36 38 16
31 35 36
11 21 5
4 56 9
65 26 2
6 30 12
11 45 20
9 17 25
18 25 35
37 5 20
22 46 29
41 45 18
6 11 9
13 58 18
67 49 9
25 64 9
38 22 26
41 22 8
26 23 2
18 7 8
1 32 4
49 25 21
36 18 32
29 32 39
33 46 15
8 26 19
23 50 12
13 10 35
59 19 3
64 20 28
61 15 12
20 45 24
1 13 14
45 47 23
30 50 12
61 42 1
64 3 16
32 1 28
24 58 13
53 11 4
50 14 7
67 64 20
14 49 37
55 10 6
21 30 33
55 61 30
58 31 36
39 58 27
12 17 21
51 61 21
27 51 36
58 61 8
38 45 28
26 15 27
7 2 19
59 12 1
5 31 25
51 9 27
28 37 22
9 7 22
13 57 1
59 5 18
35 52 26
53 26 1
30 33 5
36 42 37
4 31 18
18 5 28
26 26 36
10 49 28
33 17 8
16 3 40
30 58 37
32 50 20
40 23 2
67 56 9
21 34 39
34 64 31
43 66 2
67 25 5
3 9 5
41 65 30
28 31 14
3 23 10
34 1 13
25 23 23
52 40 28
9 66 33
20 65 23
8 34 27
63 11 15
23 43 27
42 2 29
48 60 22
7 13 39
1 39 32
49 21 30
3 40 38
29 59 21
17 2 3
46 40 6
26 42 38
47 60 3
38 66 30
58 3 30
41 17 37
54 40 39
23 32 37
50 1 31
50 4 26
17 51 27
35 23 3
15 59 19
32 37 37
49 66 29
45 24 14
33 19 13
61 1 9
47 6 3
59 57 32
3 32 5
26 56 4
45 51 31
56 57 30
13 37 10
27 1 27
17 24 35
42 28 7
50 52 5
26 33 14
28 2 24
15 54 5
2 56 33
26 16 10
54 6 28
44 21 28
64 28 32
40 65 13
27 30 10
6 64 27
57 37 28
35 46 18
60 12 4
23 35 33
13 24 30
56 37 13
63 60 10
40 29 2
40 60 40
7 11 29
42 56 2
12 28 1
5 17 16
62 38 18
64 38 11
49 33 26
15 64 16
15 14 24
18 3 15
32 64 25
25 19 24
29 35 2
6 60 19
54 31 16
55 61 19
60 2 29
16 62 32
3 44 3
7 18 16
67 4 18
7 46 34
10 37 40
65 61 11
29 5 5
66 62 5
25 48 34
64 30 34
52 50 36
61 22 30
57 65 2
62 40 9
49 61 20
64 18 7
36 30 2
18 13 26
20 19 10
58 65 31
64 29 30
4 60 16
66 22 7
17 16 10
12 43 13
39 33 23
9 22 34
61 12 23
20 5 30
24 16 3
63 61 20
11 26 17
2 33 34
34 3 37
60 22 19
59 10 6
64 26 3
25 39 38
7 60 20
28 31 26
60 22 20
26 18 10
41 64 12
2 47 31
5 50 6
35 31 16
11 19 38
65 57 29
9 22 6
65 40 3
32 60 18
29 57 28
17 19 20
61 54 36
37 5 20
31 50 27
62 56 37
66 57 25
30 15 17
2 5 5
8 37 16
63 61 9
3 16 13
57 22 29
67 57 5
38 27 30
19 45 20
30 8 5
45 18 1
21 24 5
59 9 25
61 48 11
34 13 29
51 46 7
61 28 34
42 55 32
16 53 13
30 19 24
42 4 19
20 37 18
17 1 24
42 19 2
23 13 5
12 10 8
34 18 40
8 45 7
45 66 18
51 12 39
35 54 18
35 10 29
22 54 27
61 34 17
53 38 7
65 19 14
32 41 28
19 7 33
6 23 24
50 25 26
42 45 22
56 11 32
34 41 36
20 30 21
45 15 12
49 10 16
18 39 6
43 11 37
41 34 1
48 7 28
41 30 4
9 5 40
39 9 17
53 14 24
4 66 18
47 55 25
30 33 14
60 48 33
12 22 38
34 15 23
64 53 11
37 57 34
43 61 21
26 28 29
3 48 40
9 35 27
56 48 38
37 32 10
59 33 39
8 7 38
65 19 14
37 53 10
54 30 14
26 66 38
26 49 25
44 45 34
8 31 39
44 60 15
9 32 21
61 39 25
33 42 36
67 5 26
59 43 5
1 53 19
37 56 25
25 34 13
36 54 13
55 16 3
67 48 17
50 32 12
9 36 36
9 13 10
14 52 25
54 28 29
27 61 36
17 4 6
53 46 6
37 58 29
17 65 17
12 24 35
6 39 1
45 51 40
2 16 35
54 2 2
11 50 32
57 50 2
55 24 17
24 60 20
1 44 33
11 29 2
40 9 10
9 48 37
53 30 8
3 15 40
46 37 5
25 35 22
67 49 37
27 64 4
51 33 28
8 50 40
6 41 8
30 42 28
39 46 23
7 3 9
60 46 28
23 18 13
12 48 2
48 19 4
26 57 11
38 2 12
1 22 4
49 48 15
17 51 39
28 50 2
43 46 15
12 60 10
62 27 18
54 26 21
6 23 11
67 55 31
63 66 37
56 9 19
42 56 6
9 42 10
15 15 8
51 1 26
20 20 40
33 44 25
38 36 5
9 14 25
24 33 6
66 55 15
16 11 35
57 22 25
28 16 27
58 45 18
61 48 30
29 37 20
39 19 9
3 45 26
30 23 38
54 14 13
59 56 23
47 46 17
10 8 3
39 23 17
56 7 12
62 61 10
56 53 12
24 30 6
35 47 30
13 61 10
12 14 3
5 23 36
56 64 27
57 26 6
8 37 9
12 6 22
35 7 5
64 30 9
36 21 5
30 41 34
14 51 3
55 41 5
5 28 31
51 34 39
44 21 28
37 46 16
46 49 27
40 13 18
54 46 26
5 9 10
42 64 33
60 59 27
35 47 39
45 27 27
50 20 7
66 11 28
8 66 1
63 46 4
62 56 34
67 4 32
19 58 5
3 43 9
56 62 14
2 47 2
58 16 9
23 15 37
56 22 7
23 56 14
63 36 3
20 57 32
37 62 10
62 3 7
33 8 27
21 24 26
27 30 25
62 65 24
15 16 7
46 40 30
26 55 5
46 22 39
9 46 38
30 63 21
13 26 14
41 26 36
53 53 30
7 58 23
7 7 2
17 6 14
41 39 39
1 42 16
53 5 16
53 1 15
8 12 22
65 2 29
19 28 17
56 35 19
7 19 24
12 43 20
34 52 19
38 18 25
23 11 16
60 37 25
40 54 39
2 59 9
55 51 38
49 26 39
24 35 37
21 48 19
1 4 5
8 36 14
32 5 20
13 59 9
51 17 38
5 17 9
56 24 25
14 53 22
23 19 24
19 16 18
27 19 11
5 27 10
23 25 37
22 61 11
53 63 21
52 26 2
37 40 31
52 16 19
52 23 26
65 37 20
37 26 3
2 2 22
60 5 2
61 56 39
29 19 34
67 13 33
11 56 29
42 34 14
55 18 9
43 4 29
67 49 24
47 35 2
5 30 29
13 2 18
34 38 25
52 32 14
55 34 22
55 42 22
47 19 31
65 7 19
28 41 34
37 7 26
23 45 8
62 22 24
63 11 17
19 46 32
55 35 39
42 11 25
20 54 36
62 47 14
25 1 36
67 4 2
4 39 9
31 25 36
42 53 30
61 61 25
52 2 24
10 1 38
52 39 2
52 40 40
54 35 31
49 9 30
67 39 36
26 54 30
9 58 6
8 11 6
5 46 10
10 36 34
45 61 37
33 64 24
50 2 12
11 40 17
64 46 31
56 16 12
45 30 7
63 39 10
27 22 24
28 35 18
6 21 25
37 15 15
57 25 12
7 18 37
6 50 5
37 63 37
42 58 21
3 19 5
42 4 39
35 13 6
66 43 40
55 38 22
42 49 1
46 10 28
51 13 25
1 24 26
42 6 28
20 48 36
28 59 37
49 61 7
13 39 5
6 43 29
30 45 5
65 43 5
19 61 37
67 40 2
57 21 20
21 34 35
4 51 6
66 27 38
16 14 10
53 3 40
16 23 34
32 35 37
24 19 7
67 47 11
18 32 23
26 26 13
13 53 28
43 16 17
51 38 20
25 32 22
12 12 17
14 55 4
43 59 34
65 29 35
38 15 36
13 21 34
2 62 29
13 29 28
40 56 10
26 52 32
49 65 5
54 11 10
57 25 26
52 60 23
49 11 20
8 16 1
42 56 35
31 4 14
13 38 13
4 45 7
58 57 4
29 64 23
53 40 39
30 41 18
56 46 36
28 27 7
18 49 7
66 29 21
35 15 31
4 9 32
53 5 23
13 54 17
45 6 13
25 27 4
39 26 30
14 23 19
34 53 39
21 26 30
47 66 14
20 53 26
5 49 25
6 37 4
17 12 30
27 9 31
12 60 17
47 31 13
50 15 11
5 45 13
10 14 33
21 41 18
5 47 9
65 28 37
7 3 9
7 17 37
45 38 6
16 25 6
32 64 37
30 25 14
24 44 38
9 7 38
18 24 38
54 1 13
40 2 12
40 39 25
64 33 27
42 10 26
41 40 7
42 60 5
66 22 17
42 13 4
16 7 20
65 9 4
32 21 39
66 36 15
1 23 32
55 23 33
44 41 5
51 28 6
34 51 14
15 34 40
52 2 30
58 22 8
44 13 40
9 28 38
9 30 40
25 37 40
11 10 11
23 55 38
20 56 32
13 34 6
58 36 36
61 40 12
37 4 7
16 3 39
35 37 8
66 17 35
57 27 19
9 61 37
63 24 2
9 9 15
33 58 24
54 7 32
25 65 29
56 21 3
32 32 25
67 54 37
16 64 12
57 51 17
61 48 22
29 26 1
16 45 15
57 26 1
46 4 12
58 37 28
45 56 32
52 11 9
39 9 38
55 62 34
63 46 20
7 37 20
4 4 23
26 2 12
37 22 6
56 52 6
36 20 20
56 57 9
9 40 3
56 61 37
66 20 33
49 41 6
53 45 20
39 6 8
54 44 2
17 8 30
9 34 31
3 13 14
48 62 35
50 59 40
45 49 30
26 10 34
56 65 12
8 58 5
4 20 25
32 64 18
25 64 19
55 4 4
45 7 29
15 6 21
55 18 6
40 52 22
36 31 22
4 2 12
27 63 8
39 11 4
21 42 7
26 65 24
21 5 5
54 3 18
10 21 7
7 34 28
31 63 34
6 34 33
46 46 30
17 9 37
39 3 31
54 56 4
27 15 4
50 3 31
8 65 24
52 36 40
21 30 20
6 55 12
38 38 34
55 61 1
2 4 5
31 66 31
37 11 26
10 31 2
30 7 27
43 59 17
43 6 28
14 4 25
59 13 24
48 22 8
10 43 18
25 17 29
2 53 18
40 58 13
11 22 14
62 54 5
36 54 20
2 65 37
56 30 7
5 48 40
55 58 10
40 37 8
64 32 37
40 60 24
43 66 35
65 35 36
26 51 8
60 60 1
32 24 23
12 63 8
58 19 28
6 66 10
32 12 9
58 50 24
13 1 13
52 58 1
37 66 26
56 25 18
3 11 22
30 46 24
15 63 15
24 14 5
6 8 39
67 57 33
50 22 7
6 59 31
60 18 38
41 10 20
4 2 15
1 57 32
23 41 19
22 6 4
55 31 38
19 21 12
39 65 28
14 33 19
60 7 7
39 49 30
53 38 35
62 58 19
3 41 19
28 51 16
35 59 32
19 8 2
32 57 9
35 47 21
56 25 25
55 56 10
13 37 14
24 14 22
26 53 17
52 22 29
15 17 14
17 11 40
47 55 20
6 21 14
6 34 19
13 34 26
38 62 32
17 64 20
60 60 14
62 2 5
17 29 16
11 9 28
46 15 6
28 9 27
59 41 20
5 12 4
3 27 12
40 33 37
9 31 35
39 42 6
2 10 17
37 19 36
20 58 15
65 17 13
52 30 19
28 27 11
13 9 19
36 32 29
16 2 32
66 16 25
52 54 8
51 16 8
21 27 15
5 1 39
29 29 23
51 27 27
58 24 25
26 15 27
23 63 26
52 44 36
38 58 13
35 48 18
43 66 29
43 28 28
5 24 8
4 55 30
31 29 11
7 64 19
18 57 21
49 2 40
2 11 15
47 40 14
20 36 37
53 9 28
57 17 32
44 62 38
50 4 18
18 42 5
65 20 33
42 59 17
45 9 17
16 58 24
36 34 16
60 34 13
26 13 14
35 38 33
64 53 6
58 28 39
2 45 27
4 24 25
49 35 11
35 61 21
10 28 34
10 57 27
24 32 25
64 3 33
42 48 27
64 54 40
61 35 11
41 46 17
55 15 39
11 47 39
29 14 10
38 30 17
44 29 10
42 45 32
8 53 31
51 11 10
50 22 17
24 51 23
61 4 1
49 59 37
4 31 16
24 51 25
14 56 39
38 36 7
37 43 16
16 40 32
62 14 35
40 20 28
53 34 8
25 26 16
63 54 31
18 39 4
47 9 29
54 33 31
9 32 15
5 31 8
57 20 35
36 63 9
49 23 36
26 32 18
67 7 33
39 17 8
25 21 15
47 35 21
3 63 25
64 26 28
51 27 39
52 36 29
47 36 1
43 34 4
9 22 26
3 55 5
34 4 38
22 47 12
40 63 10
24 49 16
25 15 5
67 3 15
52 61 9
18 10 23
1 51 20
33 30 29
39 28 9
40 6 39
60 51 37
19 45 34
8 40 6
35 35 10
62 58 10
17 38 5
40 25 32
12 45 23
29 10 26
28 62 16
66 64 39
49 27 17
12 34 8
21 32 39
3 53 21
50 44 5
56 56 12
7 49 19
48 24 24
33 57 13
43 14 14
23 62 22
8 56 14
39 25 8
9 7 2
7 31 26
59 60 3
22 66 26
60 10 32
2 3 28
38 10 15
31 56 13
4 50 26
44 27 16
36 19 9
38 49 38
2 1 22
63 55 2
55 61 16
20 59 24
35 34 9
33 21 5
50 23 15
35 51 38
15 57 28
37 50 3
57 27 6
1 47 25
53 56 38
24 44 2
35 49 4
52 19 19
2 37 29
26 26 19
26 26 25
67 61 32
37 60 23
2 53 27
66 56 26
48 49 22
56 15 37
46 4 37
20 5 36
3 4 18
16 56 28
67 62 32
42 52 11
37 58 5
51 19 28
47 14 5
4 14 17
33 16 20
16 43 11
44 62 5
2 29 35
47 35 11
57 18 38
34 49 20
62 34 11
7 27 16
62 26 29
31 16 16
16 36 17
2 14 28
48 29 19
10 36 21
10 35 16
59 25 36
40 28 34
22 19 9
50 24 16
26 23 8
43 58 40
18 66 27
4 53 27
53 49 22
48 1 2
27 21 3
59 40 3
35 43 8
56 45 14
55 25 18
24 51 35
7 4 5
4 20 30
66 34 16
55 28 38
17 9 30
37 9 37
14 5 8
35 45 23
66 6 11
56 42 13
4 52 11
49 53 20
28 36 7
6 28 27
6 18 34
18 49 6
18 3 19
40 55 9
54 45 28
48 39 19
6 28 24
56 63 26
55 33 16
47 2 11
52 61 18
42 43 29
8 10 40
29 65 10
5 61 2
5 20 19
4 13 31
21 64 5
33 41 5
19 43 10
59 16 5
49 19 30
32 16 33
9 46 40
6 4 1
5 29 24
32 11 36
15 23 7
45 62 30
42 11 1
15 8 2
65 13 36
60 1 7
12 53 22
32 30 36
44 2 28
64 50 16
29 55 4
31 56 37
28 7 11
6 5 17
36 22 40
19 16 30
65 1 37
8 42 10
56 47 21
29 55 7
41 27 10
11 5 6
40 62 17
41 15 9
31 62 24
53 24 2
20 45 25
10 31 10
31 6 9
41 41 32
21 10 32
1 43 31
60 26 31
23 51 21
7 57 22
1 3 31
62 38 7
2 19 21
32 45 9
57 35 12
15 13 27
38 64 37
53 43 22
20 53 38
46 65 23
13 3 40
36 9 32
41 40 14
48 55 14
49 53 39
63 17 40
61 28 5
26 36 7
38 33 4
43 39 16
66 38 22
12 3 34
56 5 3
32 7 9
65 41 26
37 38 6
4 24 11
36 11 31
38 10 38
6 43 7
32 12 26
66 59 6
13 34 25
61 62 13
47 18 18
48 56 16
57 8 1
1 49 5
43 31 38
48 4 6
7 2 20
28 40 17
40 60 20
50 7 27
12 21 36
19 21 33
46 7 24
7 1 34
28 31 5
52 65 19
32 57 37
46 3 5
54 19 14
2 43 18
65 33 3
24 16 24
13 63 3
55 6 30
42 64 21
13 19 24
55 61 28
5 62 28
60 38 16
4 29 1
45 39 22
1 47 17
60 53 22
39 46 38
15 38 19
6 24 32
39 17 1
67 5 20
60 15 18
19 2 39
18 45 37
60 38 12
58 16 30
14 19 4
19 8 31
46 59 3
27 26 1
44 34 29
3 33 5
61 10 4
19 49 40
61 21 22
11 11 37
16 40 26
42 54 8
39 1 27
45 53 27
39 25 27
49 22 20
60 27 34
17 50 16
44 41 23
62 29 4
44 15 21
55 35 1
12 17 27
42 56 11
16 27 31
41 46 1
33 27 9
17 55 28
30 13 37
10 53 24
26 26 31
38 24 3
4 40 2
59 44 28
46 9 31
59 45 18
38 22 31
61 65 13
2 26 33
27 12 5
28 5 34
66 30 40
57 26 31
47 34 12
58 10 22
24 54 23
65 18 26
6 28 13
31 2 26
39 6 1
30 22 25
11 48 32
58 55 29
33 24 26
46 14 33
19 34 17
42 32 10
25 16 15
31 37 20
42 2 25
38 8 2
54 66 10
30 63 33
1 34 11
44 54 39
43 65 26
50 28 17
59 26 7
10 17 32
65 47 11
62 61 11
48 64 2
47 8 15
27 39 21
61 44 35
1 24 37
28 4 32
28 41 1
59 65 24
40 56 5
57 31 3
8 56 4
37 36 37
57 21 23
58 14 19
43 11 39
15 5 37
8 25 40
42 26 25
59 21 34
15 63 18
60 59 23
55 16 6
29 40 6
34 30 1
60 28 23
32 10 6
31 21 25
19 6 17
2 59 33
62 12 32
23 49 6
45 65 38
35 16 22
27 54 25
53 37 23
54 43 17
61 7 19
66 34 24
18 58 7
39 1 22
2 63 24
57 3 29
33 61 28
58 44 36
32 8 29
62 60 38
57 43 27
60 46 29
63 7 36
62 8 28
45 42 24
2 37 5
6 64 31
26 9 1
63 3 26
61 29 18
12 62 35
24 41 32
16 45 24
2 53 8
25 63 30
14 55 6
41 50 4
51 30 38
18 43 27
61 60 6
15 40 4
46 29 3
29 32 11
58 21 40
18 62 40
65 11 4
44 16 9
55 5 36
66 49 13
38 19 24
31 24 30
32 18 37
60 39 14
12 61 20
65 9 37
64 19 13
16 39 9
14 36 12
40 60 17
6 20 35
36 35 35
55 40 23
43 40 39
28 34 5
19 60 20
43 19 3
37 4 9
24 43 21
27 31 2
39 47 16
12 34 3
54 2 3
65 48 11
44 55 5
36 7 31
42 17 16
20 44 13
33 19 20
67 62 16
46 29 32
10 22 15
3 4 1
31 59 31
27 28 29
26 16 12
38 45 25
44 62 6
32 49 6
42 65 12
36 24 6
19 35 2
20 30 31
19 8 32
22 53 8
52 22 33
14 66 25
8 58 40
45 30 31
7 58 33
12 3 39
4 8 32
10 47 3
11 4 12
49 31 2
24 35 2
24 30 27
32 34 37
14 31 12
41 40 32
38 37 33
53 60 2
18 24 39
44 52 25
57 64 21
57 61 39
44 43 22
44 3 33
22 6 12
45 31 14
30 28 25
28 1 6
62 61 16
12 66 2
3 48 23
8 63 15
67 23 38
57 31 11
14 6 32
25 4 3
56 44 1
9 9 5
49 54 16
46 19 10
4 24 15
64 6 26
18 6 17
51 23 39
43 11 25
31 40 1
7 57 6
59 22 13
66 54 13
9 53 16
57 30 1
30 62 13
11 44 26
28 61 19
6 64 36
59 34 22
47 64 24
9 51 40
9 29 16
56 31 24
16 13 22
14 20 24
31 33 37
67 46 5
26 36 31
11 2 35
32 55 39
4 21 6
22 24 15
10 39 20
13 60 6
25 66 37
52 8 14
33 47 39
14 40 28
57 36 14
44 44 8
44 13 27
66 63 27
32 6 27
58 17 15
65 26 34
65 2 28
65 13 6
14 19 2
25 52 13
38 64 17
32 31 7
14 40 28
15 5 6
35 33 29
11 12 18
30 55 18
17 1 29
29 13 26
26 23 31
7 31 33
51 16 40
37 46 12
2 61 14
45 53 17
9 25 18
11 21 36
50 65 36
2 53 9
38 33 36
7 5 5
14 8 18
6 26 24
16 55 37
27 56 8
8 40 14
36 23 7
56 20 15
35 43 39
59 48 29
13 18 31
41 16 30
16 57 33
46 29 16
19 42 21
56 55 36
60 30 13
30 53 27
4 21 5
31 17 26
30 27 12
61 13 14
56 1 21
8 18 10
47 18 10
45 54 39
37 12 3
67 32 34
4 22 31
44 15 31
42 47 39
49 47 14
64 41 28
2 37 10
44 40 39
65 66 32
59 34 16
38 19 25
63 64 6
51 50 36
65 60 29
56 57 9
25 43 30
11 35 31
15 58 11
33 23 40
5 24 13
46 21 35
47 12 19
22 43 14
46 5 36
54 61 15
57 25 38
21 4 12
59 8 35
25 18 6
20 13 7
62 7 10
3 62 8
7 42 31
57 64 31
17 54 38
25 65 11
29 66 5
15 30 10
14 59 3
59 56 22
48 26 39
8 21 11
55 35 2
9 53 15
33 56 7
1 34 9
39 49 10
19 27 22
65 21 35
24 50 30
50 31 16
41 10 38
38 13 2
48 49 7
18 4 16
1 7 22
57 11 22
8 36 12
41 56 3
51 27 6
36 39 35
36 19 4
31 63 17
6 21 21
11 16 9
4 45 14
11 66 8
24 11 24
28 6 36
5 2 36
43 3 33
5 31 5
34 36 35
39 53 14
22 25 36
5 4 10
65 56 25
22 36 11
23 16 40
29 16 15
56 59 7
25 42 37
34 37 9
8 14 37
55 38 35
26 44 35
63 49 1
56 41 40
57 8 23
40 33 39
40 13 32
8 58 25
7 23 20
23 4 37
12 30 1
13 12 31
26 51 17
61 22 14
4 29 21
24 5 27
22 64 17
58 41 29
46 31 12
43 38 28
42 46 28
15 41 40
42 23 6
44 20 16
67 58 33
42 3 17
26 3 27
2 29 8
44 33 24
9 10 4
48 23 11
44 33 1
10 8 20
30 43 1
58 34 39
35 10 3
65 59 36
27 7 6
33 36 14
64 65 27
63 7 14
38 19 29
63 2 12
22 5 38
53 15 6
57 24 5
24 54 3
42 61 4
45 10 39
61 2 29
67 60 25
38 9 15
4 58 3
38 63 13
8 41 24
4 45 5
14 50 30
2 52 17
59 11 1
8 7 21
64 7 20
21 47 21
3 12 29
62 2 7
43 38 16
52 21 14
23 24 12
42 47 21
63 51 28
34 60 13
60 26 18
65 59 10
20 66 23
28 66 12
33 59 2
11 34 1
53 65 19
14 21 38
18 42 24
58 40 10
61 15 36
33 36 34
38 36 13
13 25 28
12 17 27
62 57 1
8 23 5
14 20 23
22 13 28
35 25 38
66 32 16
58 42 31
39 16 12
12 7 35
3 64 20
27 16 10
65 26 7
39 29 39
41 33 16
51 23 16
51 50 26
14 50 15
63 47 13
19 4 10
10 58 4
11 43 6
50 57 25
34 41 32
12 53 23
15 29 23
2 18 36
30 21 18
58 51 33
2 13 23
66 20 7
14 25 34
46 54 8
66 14 21
15 20 14
41 59 27
35 6 10
56 30 21
13 49 31
11 20 25
48 14 30
48 22 39
34 25 38
47 53 24
67 49 26
44 14 4
17 62 4
49 61 24
56 13 3
52 48 37
54 51 12
21 63 22
57 59 30
1 35 21
13 23 10
2 59 1
6 8 38
15 51 8
27 18 26
57 29 15
24 23 22
44 18 18
66 30 28
59 64 24
47 5 25
35 38 22
56 48 24
28 45 39
13 19 20
32 23 37
65 39 7
29 20 1
6 34 40
64 47 37
7 15 34
11 39 15
35 44 5
10 60 27
57 12 8
65 2 24
13 58 9
18 14 38
23 6 34
66 11 38
56 16 20
23 27 30
46 44 18
11 16 30
32 41 33
5 14 23
28 60 18
33 39 24
9 56 31
63 2 3
15 30 26
45 57 39
21 22 27
34 35 29
67 31 33
44 42 37
62 21 25
4 53 19
35 7 13
45 59 30
35 31 10
36 10 10
16 14 19
48 53 16
16 36 38
18 50 19
59 12 7
6 22 25
5 10 38
55 26 21
3 47 34
7 39 26
56 11 13
8 36 33
24 33 34
23 26 39
44 2 33
60 7 16
27 3 6
40 65 29
65 4 21
55 43 13
20 2 36
58 1 25
10 60 22
18 15 23
30 25 6
57 54 11
42 46 20
55 6 34
64 24 22
56 56 10
37 11 19
39 52 18
15 55 2
65 37 7
6 53 16
37 66 18
62 35 40
57 66 34
51 34 20
62 54 36
15 42 39
4 6 27
7 14 35
40 51 16
58 53 9
29 22 20
13 6 34
6 54 37
15 6 13
33 4 10
4 34 12
65 36 23
6 37 18
47 19 9
24 57 34
10 6 29
63 56 14
48 66 35
4 9 34
32 17 4
42 24 36
26 10 18
36 41 21
51 52 29
41 36 22
40 37 8
49 55 29
10 20 9
67 63 24
15 33 3
37 16 26
10 19 35
32 44 24
47 11 35
4 49 29
13 64 27
59 45 32
29 16 40
3 62 9
30 53 34
54 27 7
6 17 9
47 36 6
12 53 24
15 36 34
36 17 3
51 48 33
12 60 11
55 52 32
20 45 23
33 23 18
16 44 31
46 12 23
7 60 6
57 13 15
45 28 4
56 14 16
60 2 16
20 15 15
29 24 35
20 3 2
58 42 15
10 28 2
1 7 14
22 20 25
38 3 38
7 47 28
49 48 38
52 50 25
26 32 22
58 39 6
48 52 19
55 53 21
37 12 29
11 39 5
11 60 13
61 39 29
27 29 5
19 46 34
9 1 25
55 43 20
13 11 18
49 52 22
10 57 19
65 24 21
9 37 21
23 18 26
23 28 21
8 53 34
46 3 40
32 13 28
64 48 39
4 10 18
43 45 13
8 13 30
9 21 7
16 5 33
15 64 28
46 44 20
57 20 5
41 44 21
47 64 40
42 51 15
17 9 6
52 23 4
24 61 34
56 54 1
36 51 3
62 27 26
52 39 4
42 62 8
57 57 13
9 57 22
10 66 11
15 60 32
41 37 25
6 39 14
28 24 28
8 11 14
13 36 22
37 19 11
26 56 21
48 18 27
31 63 38
46 44 32
42 1 7
52 12 5
46 32 7
48 64 8
67 45 32
43 2 24
48 47 21
25 57 38
28 44 5
37 60 2
66 47 29
15 32 4
32 42 34
40 58 11
4 62 37
64 11 5
38 24 38
14 16 36
48 54 12
48 28 28
53 39 9
39 30 3
16 66 14
50 38 20
7 66 39
33 19 3
67 28 37
34 56 37
26 48 40
50 19 38
23 64 19
17 30 12
9 54 21
12 17 39
64 33 18
55 13 36
59 19 18
53 36 15
59 16 6
28 40 17
4 31 20
8 32 35
44 44 25
17 19 2
57 29 19
34 3 6
10 7 18
5 8 2
27 12 23
19 55 2
28 8 11
60 51 6
49 14 35
18 9 32
58 28 30
25 13 25
36 36 37
16 35 2
22 39 28
16 22 32
42 59 25
27 34 12
14 43 19
4 39 26
12 2 1
29 35 32
21 49 2
55 13 4
43 14 24
50 7 20
36 5 35
13 17 34
34 15 1
35 35 24
19 51 37
18 65 29
10 29 28
45 32 7
38 55 24
40 25 9
5 25 26
32 31 10
2 11 22
9 60 32
54 4 15
38 34 21
60 61 14
65 60 7
14 47 34
7 1 36
4 60 22
54 58 33
32 47 16
40 12 40
53 47 39
43 18 37
8 46 19
18 35 19
23 36 29
12 59 7
23 36 8
67 50 20
62 17 4
17 52 19
14 5 18
15 30 24
56 55 26
66 57 24
49 9 26
24 59 38
35 33 33
1 4 6
28 36 38
23 55 13
17 3 34
10 51 20
44 47 35
52 11 22
55 34 39
12 29 14
8 15 29
31 61 11
18 3 5
10 59 14
56 13 10
40 7 32
1 55 20
56 8 16
29 26 6
56 49 3
16 47 2
43 10 14
59 35 35
17 59 29
1 52 27
29 40 32
43 1 15
56 1 34
17 25 22
45 16 11
58 1 24
31 15 34
54 42 24
26 40 7
12 13 26
22 9 13
64 20 23
9 57 29
33 52 15
44 66 39
5 25 19
42 39 13
27 37 40
30 48 37
19 24 36
33 12 29
33 49 10
36 47 35
29 63 23
16 35 32
67 2 14
48 19 36
31 33 24
55 37 14
2 25 27
2 57 16
30 12 35
22 33 36
1 46 8
14 49 39
42 41 36
46 55 14
16 22 23
6 58 18
23 20 39
52 24 34
27 40 4
67 61 28
62 63 12
31 7 15
10 55 22
12 63 1
3 28 7
38 34 16
3 53 36
1 39 3
6 66 10
65 32 11
48 4 8
15 10 10
53 64 20
59 34 33
27 54 8
17 62 36
45 50 31
49 26 12
36 18 8
29 45 3
46 65 37
3 2 34
11 34 24
57 21 32
45 47 26
11 17 16
44 21 33
30 61 34
62 60 23
9 28 16
59 1 28
26 16 34
63 51 14
25 62 39
25 34 1
27 56 19
27 9 11
47 65 37
5 63 38
38 64 30
53 14 24
34 3 19
5 26 15
6 54 12
62 36 21
6 35 30
37 35 28
8 22 13
55 20 16
59 58 6
37 46 40
22 1 6
34 56 16
9 61 25
55 59 6
33 33 37
28 8 34
6 58 17
3 26 33
3 47 14
16 11 27
15 48 25
59 58 6
49 63 28
66 49 33
7 50 38
26 66 34
51 34 14
44 37 22
17 11 40
52 19 29
43 43 33
40 58 38
64 40 16
44 4 19
35 1 20
59 16 36
47 54 17
41 3 1
6 30 15
38 35 36
22 47 40
19 60 40
39 31 34
41 37 11
57 62 1
1 58 5
63 8 24
13 26 7
34 57 8
45 60 18
2 49 19
1 21 31
67 26 40
17 41 31
24 22 36
55 62 32
14 31 13
43 41 7
31 16 5
66 43 15
23 29 28
25 6 31
60 54 32
54 28 27
29 37 12
19 7 3
24 59 26
19 57 25
27 51 21
10 2 5
4 24 22
65 24 25
16 48 38
62 54 23
46 9 15
43 40 36
38 58 40
55 63 30
17 22 1
59 5 39
2 31 9
40 56 12
58 42 2
43 42 3
7 21 39
40 30 13
56 64 31
53 28 32
6 25 18
60 52 9
17 23 30
15 54 37
39 38 17
48 35 40
20 34 13
13 57 24
1 29 25
13 19 40
44 45 3
62 5 8
31 48 36
30 66 21
29 12 31
25 26 14
32 1 40
58 59 17
39 18 5
17 50 16
38 56 5
14 5 15
1 15 23
20 64 11
43 42 28
31 2 14
13 38 32
56 11 22
43 63 21
55 34 33
34 54 1
50 40 15
56 24 13
30 11 21
20 5 11
18 44 27
60 8 25
34 61 39
50 19 21
38 8 3
35 33 8
62 20 5
47 8 8
47 20 24
38 57 15
16 37 13
40 19 4
35 14 9
41 2 13
2 36 40
49 27 20
45 66 10
66 51 15
25 2 12
1 38 26
65 36 8
40 47 35
28 29 38
1 51 34
45 47 1
15 34 3
60 13 33
1 38 13
28 49 7
19 8 28
53 4 17
31 49 25
38 8 5
43 8 24
34 11 34
44 10 36
43 41 27
51 51 23
21 18 20
19 8 17
45 53 23
6 28 28
32 57 22
50 57 24
65 9 29
5 11 33
40 43 5
34 35 26
18 51 9
1 15 6
6 63 19
6 57 15
5 42 26
53 43 23
27 51 34
4 23 33
53 5 25
16 13 18
58 59 28
24 21 12
61 42 6
23 62 37
19 4 26
47 8 21
61 47 31
66 59 26
12 24 8
2 46 15
7 9 33
55 9 30
64 31 20
16 53 4
30 1 12
24 16 27
39 28 30
63 37 13
54 2 1
41 34 28
60 19 31
44 39 27
39 20 16
26 26 23
27 12 30
15 43 38
43 29 7
11 11 38
36 20 28
28 29 38
63 34 17
28 57 14
7 50 22
66 19 35
31 51 35
34 28 28
18 1 18
55 6 31
40 6 13
29 21 23
29 55 19
47 35 20
66 55 37
47 54 4
51 15 18
10 39 38
56 15 40
27 26 30
52 7 27
26 34 31
31 34 24
67 54 24
39 52 8
16 23 1
28 24 19
6 24 38
45 20 7
64 3 38
4 47 1
35 26 25
64 3 27
32 28 20
46 34 17
40 52 33
54 59 38
17 4 21
34 32 15
52 49 6
20 7 26
26 34 33
40 55 10
47 9 8
55 19 9
51 62 2
12 42 20
16 5 22
54 17 12
31 49 21
44 25 7
60 11 22
47 22 20
66 38 19
61 19 1
62 45 32
3 5 11
45 19 40
23 9 22
26 48 25
45 32 24
60 33 2
50 13 25
34 45 37
49 66 13
2 37 23
28 52 24
51 55 4
53 46 7
6 56 7
59 35 40
41 60 11
53 20 11
67 23 16
15 35 16
58 41 13
48 15 5
25 56 31
25 52 33
14 6 39
29 2 30
46 66 4
63 13 29
13 20 39
21 45 2
12 49 29
2 56 39
14 13 27
6 8 40
4 62 33
24 27 32
65 14 36
4 2 26
48 58 33
8 22 10
57 40 19
6 53 31
45 55 36
40 29 17
20 49 32
32 36 26
61 11 5
32 55 27
21 29 21
45 4 5
44 3 24
58 3 4
41 37 33
2 45 28
47 59 17
4 46 21
46 11 36
44 37 20
61 36 28
13 40 24
59 30 14
6 33 11
63 63 33
22 21 27
18 35 18
57 51 19
50 25 22
52 3 28
30 57 14
10 12 29
10 51 3
57 16 31
61 21 36
63 39 5
30 63 5
17 36 22
40 49 4
12 40 28
56 41 10
57 35 12
39 13 26
36 8 32
35 14 7
7 7 11
61 17 5
60 10 33
11 63 5
60 66 32
47 11 17
48 25 29
41 16 19
10 16 22
20 56 36
19 3 10
7 2 15
52 42 17
53 4 7
64 51 37
14 63 26
33 36 11
6 13 14
49 13 17
28 64 3
19 62 36
24 6 2
38 4 6
51 50 8
48 54 23
50 22 15
39 66 14
5 2 18
28 13 20
21 39 33
60 53 37
59 31 36
66 3 39
57 7 29
58 48 2
62 48 31
23 61 21
8 15 14
61 45 36
44 1 6
34 27 7
38 23 16
46 44 3
62 60 32
66 61 16
43 32 39
61 3 38
5 21 19
24 8 32
55 53 34
25 44 7
56 21 13
9 49 22
16 7 5
40 53 1
32 46 7
41 44 17
43 32 4
33 10 23
39 56 18
40 27 20
43 53 1
48 20 24
22 39 18
39 60 7
46 5 11
9 43 15
44 45 37
28 54 30
49 42 28
52 58 33
36 40 37
10 9 9
46 37 8
28 21 9
55 10 12
39 9 28
7 30 24
55 18 11
34 48 9
58 47 26
24 5 14
58 7 5
41 47 17
37 66 18
15 36 12
20 64 28
26 49 38
11 21 22
17 58 32
60 32 30
3 42 30
28 31 16
24 37 24
15 28 4
14 60 14
54 48 25
18 50 19
12 58 11
29 16 31
59 2 24
45 3 12
27 19 36
63 30 23
30 36 4
63 26 17
10 19 5
34 41 37
63 63 29
20 13 39
20 38 20
50 33 3
7 37 11
51 19 8
55 46 5
6 29 10
12 4 3
4 59 23
65 3 7
52 28 25
40 30 31
7 34 21
14 14 12
2 5 29
17 32 23
23 60 8
62 27 33
24 61 9
30 4 5
37 27 27
39 8 38
8 11 19
31 63 7
1 58 31
67 8 24
33 65 26
63 32 28
40 45 15
26 18 38
16 33 36
63 62 31
57 40 18
40 43 8
64 51 21
62 51 30
9 53 5
49 28 13
65 44 14
52 32 27
27 31 28
48 66 6
23 9 37
62 55 4
10 39 12
50 34 28
24 61 11
58 38 15
31 23 31
61 15 24
3 13 13
36 54 4
33 27 18
3 64 33
49 16 26
37 26 33
48 4 25
55 43 14
53 65 6
10 26 19
52 16 12
13 37 27
26 35 6
20 60 32
59 27 31
2 2 10
20 37 40
26 21 8
39 45 39
10 25 24
67 19 25
55 29 34
48 17 25
30 38 39
26 50 32
65 20 37
49 38 2
36 61 20
59 32 19
46 27 5
41 15 4
29 54 1
13 32 12
57 19 8
11 59 16
50 24 9
13 14 7
66 8 28
42 59 32
16 50 19
42 23 11
49 24 25
41 1 12
4 36 16
13 28 13
53 39 19
10 47 31
47 38 17
20 65 32
29 8 32
29 24 30
3 19 20
56 59 8
35 34 40
43 64 35
6 62 30
8 28 19
38 5 17
61 33 25
18 61 38
20 8 18
22 65 10
4 24 9
42 61 11
52 9 5
47 29 12
2 44 21
64 19 18
27 59 11
10 48 18
67 21 9
5 41 18
40 64 20
57 38 29
47 35 22
67 35 35
61 46 29
3 34 24
36 50 1
21 18 10
24 52 7
54 40 30
49 52 36
43 23 15
9 10 25
1 36 12
27 20 21
1 34 30
25 40 21
6 12 12
64 40 6
43 55 22
28 12 32
24 44 31
63 59 19
40 56 40
40 49 15
5 34 33
41 22 12
53 47 40
25 42 26
21 43 12
67 15 34
15 45 23
49 1 36
50 56 21
49 46 32
64 43 15
66 36 30
24 11 25
46 57 33
30 23 4
44 6 29
18 16 30
62 39 31
16 21 29
61 18 11
57 63 33
42 39 7
58 4 7
33 31 17
12 14 22
12 11 25
53 64 1
35 4 34
25 27 40
11 25 17
49 46 25
15 64 34
58 50 5
22 48 26
21 48 1
52 64 8
13 40 12
46 17 27
36 55 21
45 21 31
47 37 35
26 45 40
31 13 25
48 11 17
60 24 16
67 46 17
62 26 20
11 27 1
67 37 21
60 46 17
34 54 33
10 57 39
45 7 37
20 33 6
30 1 32
28 30 8
49 22 32
63 38 29
6 63 22
5 40 23
12 20 18
26 16 16
13 52 27
11 48 6
31 33 10
35 34 24
59 6 6
44 38 29
58 3 30
4 46 13
58 65 24
55 3 13
4 45 9
33 11 13
33 7 12
65 10 13
3 60 18
51 52 23
29 5 29
5 61 20
21 21 28
6 4 27
58 56 25
49 59 37
13 2 36
3 11 11
3 10 17
10 1 12
12 30 23
62 43 36
10 29 4
43 41 16
28 21 4
28 20 39
48 19 25
24 39 30
38 32 36
62 13 19
46 53 15
30 23 35
53 7 4
32 40 28
32 45 35
61 51 34
46 14 37
34 53 12
42 43 16
20 20 23
8 32 2
43 17 7
37 53 28
17 64 22
35 56 35
7 44 12
15 44 31
28 6 36
31 29 31
42 34 18
52 22 2
24 53 36
62 52 5
47 19 28
6 57 8
5 54 22
20 25 30
48 47 37
46 6 33
58 24 14
13 25 30
8 7 17
39 9 18
10 59 24
10 38 34
21 23 31
42 11 28
52 35 40
33 51 9
3 60 16
26 34 7
13 34 13
14 50 39
24 53 15
53 52 38
11 53 37
15 55 4
19 57 24
62 56 6
24 24 25
16 56 23
47 47 34
32 44 25
19 60 12
9 38 5
34 17 13
3 47 31
59 61 16
40 37 33
15 2 11
29 3 27
56 1 7
5 38 32
34 64 35
12 52 7
60 12 22
32 23 35
50 11 38
26 35 26
23 24 14
28 30 7
63 30 23
63 2 4
42 6 8
26 58 11
43 63 27
9 22 5
63 42 15
44 12 11
54 58 7
62 38 13
39 46 16
51 7 26
54 7 5
36 57 39
58 31 22
51 2 4
15 19 22
62 53 19
66 61 14
1 44 10
32 42 26
48 22 4
45 53 36
9 18 5
21 29 22
9 20 16
41 31 38
31 59 35
65 15 12
56 13 11
62 64 9
28 60 40
18 20 15
64 45 10
60 13 11
4 65 13
23 37 21
41 27 16
45 57 19
25 12 8
56 36 36
15 13 20
62 10 2
46 4 12
40 12 40
17 51 35
10 33 19
46 41 24
50 29 29
27 61 39
38 53 25
39 63 28
56 20 40
37 8 12
37 42 24
23 49 40
67 3 22
52 53 30
5 27 22
3 10 8
35 47 17
21 46 27
49 44 30
65 51 24
56 40 40
48 53 34
46 37 2
43 14 5
1 38 40
16 23 18
2 40 33
17 65 23
67 25 9
44 5 26
9 9 6
24 33 26
29 62 5
13 21 20
64 60 35
21 35 3
32 44 2
15 50 27
22 20 27
38 12 38
8 8 12
19 30 28
7 50 40
49 60 36
55 24 33
57 60 3
6 38 40
54 39 33
65 18 10
5 38 32
41 40 7
40 15 13
55 36 36
35 44 1
17 33 39
31 50 39
30 64 33
14 65 20
4 28 16
41 14 15
9 55 28
47 41 35
15 63 11
12 28 34
2 26 1
2 32 2
47 62 34
18 27 24
7 42 13
46 63 30
54 6 19
27 57 28
26 36 33
54 31 6
24 39 38
51 7 7
46 25 28
46 60 35
2 65 12
30 38 25
48 51 8
11 42 14
9 12 17
52 60 4
45 22 16
22 46 37
9 5 32
61 23 8
49 5 25
22 55 25
21 25 5
43 63 20
18 56 28
53 43 38
6 44 31
27 27 14
35 27 17
29 52 28
43 39 24
28 24 8
41 58 27
27 38 5
11 5 15
2 53 18
3 57 15
13 50 14
61 59 8
54 11 28
17 9 35
29 17 1
35 12 25
49 58 35
12 7 29
32 30 29
53 50 40
3 61 26
20 25 25
45 62 39
55 45 26
55 52 12
27 65 12
39 46 16
9 17 34
9 57 20
52 40 21
49 60 14
23 3 28
5 27 27
46 52 35
24 49 29
12 39 15
6 12 7
43 6 23
19 41 6
2 65 40
24 55 29
7 47 38
27 66 27
34 8 17
2 48 33
19 47 21
45 14 31
31 17 15
36 37 40
8 34 36
10 66 16
39 43 35
27 23 1
27 53 32
48 58 21
59 44 40
10 63 6
56 25 36
13 30 27
16 9 16
25 44 34
61 34 22
26 58 8
33 58 34
15 42 8
32 35 18
33 53 34
35 22 22
37 54 32
64 45 13
59 2 3
47 21 20
7 58 20
51 2 25
26 65 2
39 7 19
28 48 27
14 16 27
19 51 1
18 24 16
12 4 24
23 61 12
7 48 12
46 15 39
59 49 18
17 4 27
47 26 22
15 26 2
58 56 28
2 31 24
43 66 30
40 3 39
24 49 7
37 40 35
39 60 30
15 36 12
23 53 14
49 26 34
2 30 39
43 21 8
57 10 11
17 46 20
53 48 3
40 24 2
52 11 36
18 8 27
23 42 7
23 59 33
2 17 22
2 29 35
29 61 31
22 21 26
1 31 30
35 41 14
1 47 29
40 30 27
30 2 13
34 2 6
38 2 28
44 28 13
7 6 32
33 18 32
15 45 25
31 7 32
11 10 38
4 62 39
29 30 1
4 55 40
9 37 36
15 48 28
39 32 1
23 42 27
45 63 31
13 57 35
35 64 20
60 36 18
66 52 7
62 5 33
18 34 39
64 61 15
46 39 31
24 13 4
64 1 38
52 39 32
19 13 17
22 19 22
18 9 14
19 35 22
8 42 22
25 7 13
58 33 32
47 66 19
39 30 6
26 4 30
40 45 24
46 43 38
48 47 9
43 29 33
44 46 21
15 59 27
27 16 29
60 35 4
31 45 7
45 56 24
47 9 1
45 59 19
27 8 5
29 8 12
63 30 35
29 21 1
50 28 15
61 25 18
42 34 19
53 31 33
59 32 12
30 24 16
13 48 13
55 4 10
31 5 15
54 59 25
24 56 1
5 49 29
54 29 4
42 52 20
12 54 30
5 11 12
54 60 8
27 56 22
44 34 36
48 58 4
21 22 22
50 40 39
23 50 25
23 48 16
10 40 6
39 2 5
2 15 34
25 10 33
63 23 40
66 62 40
16 36 11
29 38 8
2 24 10
57 54 3
45 52 3
36 29 22
24 53 28
10 4 6
19 48 35
7 3 24
59 23 10
67 23 18
41 24 20
33 10 24
51 26 16
49 57 37
64 23 15
50 64 29
22 64 6
50 28 5
36 34 37
45 15 27
56 42 18
55 5 1
63 58 19
39 50 11
67 46 37
57 7 9
66 8 4
38 28 27
17 58 14
37 39 16
58 20 7
27 59 15
16 42 23
30 9 15
34 4 21
11 64 12
38 43 24
6 64 14
62 26 20
8 64 25
31 58 10
37 37 35
18 17 20
67 16 34
55 6 34
63 62 23
13 53 19
24 4 6
42 32 32
64 44 6
20 35 40
58 8 19
5 52 11
26 31 33
48 41 23
7 25 2
17 44 28
9 29 20
4 4 36
6 4 29
58 21 27
11 50 18
37 28 28
39 7 5
1 20 37
43 38 19
14 55 8
57 11 23
13 24 35
47 8 33
19 66 2
60 7 30
54 3 26
16 52 30
51 1 33
49 57 33
48 62 18
40 53 8
60 15 10
55 57 37
47 41 27
52 45 3
59 22 16
53 42 17
60 29 26
4 1 17
49 65 13
67 45 7
16 3 36
30 40 3
11 58 1
46 17 31
49 21 10
48 53 4
13 53 24
27 24 40
17 54 9
5 15 16
6 53 31
38 23 23
63 39 28
37 34 33
22 49 27
54 33 18
41 32 38
31 48 40
60 61 34
62 16 21
60 51 17
29 7 34
22 56 35
31 17 16
3 56 13
64 60 14
14 11 2
41 24 29
53 36 34
14 22 36
47 59 5
40 31 2
60 2 27
52 34 31
11 32 19
34 46 1
31 26 33
10 42 28
47 35 29
3 4 25
8 64 27
56 38 14
49 28 23
52 11 17
21 21 33
41 34 14
13 57 31
18 21 6
13 1 16
2 53 39
33 45 20
40 47 8
2 57 10
67 21 38
3 14 7
49 45 37
59 2 16
9 59 33
24 24 37
54 41 18
55 23 10
20 61 33
37 29 17
10 52 7
30 42 22
64 46 24
40 38 22
61 25 23
57 8 19
64 55 10
67 12 24
13 62 26
26 64 37
24 33 8
20 41 36
18 1 39
52 64 5
52 33 29
51 60 11
42 42 15
30 60 31
6 38 1
19 18 9
30 44 35
34 11 19
7 63 5
60 37 18
6 20 1
29 42 39
58 19 14
66 20 27
14 1 7
60 55 37
35 3 39
7 20 9
56 44 11
28 65 13
57 62 18
43 43 37
34 44 17
44 32 37
49 65 14
19 22 18
8 32 5
67 62 27
45 16 12
7 65 34
15 44 24
66 58 12
34 53 16
34 22 6
14 19 10
57 20 14
36 31 10
1 2 10
2 54 19
28 53 8
44 2 33
40 34 17
15 35 39
49 22 8
1 9 29
1 34 15
14 16 5
7 10 18
44 42 6
1 29 26
2 19 40
57 62 6
48 1 37
28 18 2
25 44 16
39 30 31
16 16 38
42 24 18
3 33 6
52 35 10
58 64 17
28 60 13
40 14 17
30 2 35
62 58 33
39 26 4
54 6 5
57 62 13
29 44 26
52 4 7
11 38 35
43 59 25
50 56 25
15 61 30
34 50 19
32 48 4
20 21 30
37 13 30
14 4 14
36 35 3
14 49 16
67 8 34
54 14 26
52 58 2
57 55 27
30 34 35
48 54 25
37 65 17
29 18 31
44 27 2
44 64 33
37 56 23
50 18 1
35 19 8
45 12 24
18 59 18
66 44 38
10 8 29
15 17 20
34 13 7
52 25 14
46 56 32
38 55 19
19 30 29
58 62 19
14 1 17
45 28 25
12 29 24
8 25 28
9 56 17
24 40 12
9 19 5
49 63 15
21 2 2
44 65 8
64 60 19
33 48 30
26 44 30
35 48 37
15 1 31
1 18 26
41 42 30
64 18 5
27 38 21
56 10 31
66 13 31
63 62 2
20 48 7
67 25 26
66 50 25
11 6 10
21 13 23
38 14 9
49 4 1
53 61 35
16 47 17
38 20 11
32 56 28
48 9 9
40 24 1
44 35 34
3 11 25
34 60 25
63 13 23
29 15 4
33 54 6
38 60 30
60 9 10
65 4 13
5 22 21
45 14 35
48 62 23
3 27 11
45 56 4
20 29 19
13 30 7
37 4 12
20 2 25
14 22 13
26 62 22
22 17 18
21 17 39
28 60 37
18 27 12
4 62 30
58 47 13
24 52 30
8 40 35
10 57 31
53 56 6
12 17 11
29 13 22
14 58 14
8 20 39
33 43 2
36 65 36
6 64 28
15 47 4
14 8 33
65 17 28
5 66 25
48 37 5
15 48 25
45 10 33
58 22 8
28 10 30
48 55 13
29 56 29
47 26 6
40 49 19
60 45 30
1 54 15
27 59 27
61 10 13
11 17 25
22 18 23
19 27 37
30 35 7
14 32 8
28 34 2
53 15 26
34 54 37
33 41 23
15 17 1
50 63 20
39 11 25
32 14 32
49 14 10
9 17 29
44 39 39
28 59 17
3 29 5
49 40 4
28 24 1
59 57 21
33 1 14
18 6 2
43 2 2
33 1 37
14 49 12
9 2 3
51 28 18
45 50 32
5 28 38
65 36 29
26 42 22
44 18 28
60 12 25
50 50 31
52 36 33
22 58 3
55 19 19
53 45 33
24 65 17
49 35 34
32 31 8
50 31 39
20 14 21
57 63 3
34 20 31
65 30 20
54 3 1
4 12 37
5 27 13
58 12 36
62 33 12
58 16 17
57 62 35
67 15 40
23 38 25
63 55 21
39 57 13
49 17 25
48 7 22
21 23 32
62 57 28
38 55 19
57 60 5
2 28 4
50 49 14
39 56 31
67 61 17
44 42 32
61 30 13
11 23 4
48 31 2
35 1 38
11 44 38
20 22 18
12 22 7
3 49 31
17 57 12
44 61 30
20 65 4
60 30 16
12 51 24
38 55 22
39 26 30
61 40 27
30 49 6
20 8 18
5 5 17
38 57 27
5 3 31
42 61 27
1 53 18
50 56 30
55 44 32
14 43 10
46 47 26
35 30 29
9 18 19
47 64 28
18 10 12
16 25 7
67 53 29
30 50 1
59 58 13
17 20 13
22 11 37
28 60 25
55 64 16
55 45 21
11 17 5
51 10 22
21 15 10
64 49 10
54 44 35
32 20 36
43 26 12
33 8 9
2 20 14
63 38 3
26 45 35
16 61 35
32 66 5
40 52 26
41 52 14
30 8 20
24 32 9
33 25 29
45 12 25
54 35 3
6 26 30
25 53 31
3 25 16
46 14 31
23 4 14
46 33 37
58 13 7
32 37 29
66 33 12
41 36 9
36 41 16
50 14 40
64 28 9
26 65 21
55 34 26
62 62 33
18 34 3
30 64 11
48 20 29
32 65 31
42 30 32
24 49 37
41 34 11
60 2 19
58 6 4
58 14 28
60 13 15
1 47 6
26 2 40
48 15 8
22 64 16
40 42 9
6 11 17
65 38 33
52 63 11
51 27 8
28 60 7
53 16 12
9 64 21
44 62 13
24 30 38
52 20 15
30 33 8
63 21 16
58 60 21
44 12 5
3 46 27
1 25 29
26 17 33
24 20 40
36 4 18
53 18 24
8 6 35
5 10 4
66 59 24
17 34 26
63 40 3
65 63 5
6 52 34
1 13 27
67 20 26
28 63 10
33 33 20
35 24 1
59 11 8
66 38 1
47 27 34
24 24 39
42 19 22
4 65 16
63 46 4
6 49 31
18 26 33
11 63 13
64 28 10
62 8 8
49 16 24
18 14 17
9 13 14
59 39 35
41 37 13
26 21 39
61 49 36
37 3 7
62 35 10
26 4 10
54 57 17
64 22 38
36 7 15
1 27 12
48 64 8
6 60 33
65 64 39
10 50 17
10 41 6
24 51 18
39 7 4
23 52 23
4 30 1
41 56 15
13 55 21
1 30 2
36 26 22
3 1 32
51 48 16
55 22 10
27 66 7
3 39 9
39 29 20
20 21 39
11 48 39
62 28 7
5 33 19
21 30 29
4 56 29
20 40 14
4 12 10
19 10 26
1 64 40
54 48 29
28 7 6
8 60 20
29 12 35
18 49 12
14 8 4
24 30 12
35 25 36
16 36 11
3 25 30
56 58 32
26 29 39
22 28 27
18 44 16
26 61 32
67 40 27
19 12 37
4 53 26
8 47 14
5 6 39
48 40 34
16 57 36
29 49 37
25 14 40
49 22 14
16 25 13
11 43 20
1 46 24
33 14 28
28 25 23
39 18 18
65 15 35
27 8 7
20 64 7
8 28 9
10 23 21
44 25 4
46 10 23
51 60 30
29 9 33
28 34 3
31 13 40
64 25 21
10 58 1
43 11 24
21 26 19
34 9 11
67 31 7
46 8 18
49 53 40
41 44 13
18 28 16
24 17 25
18 18 18
17 23 19
38 1 4
61 59 34
34 55 28
11 43 32
26 16 2
27 52 3
14 36 8
30 42 4
32 32 21
62 10 11
14 4 7
35 25 30
14 50 23
10 44 8
27 66 2
47 44 19
59 59 25
7 17 14
14 47 26
62 9 24
43 26 30
60 45 2
49 22 10
50 39 27
1 7 10
16 27 29
7 9 33
4 5 39
55 39 17
14 19 36
17 8 17
56 26 24
57 27 27
3 43 12
16 10 4
53 38 1
29 2 28
3 7 14
51 37 25
66 7 4
3 57 8
13 10 12
63 13 12
48 58 33
6 5 34
44 16 14
55 35 35
66 59 34
58 57 11
38 4 38
64 35 18
60 1 26
5 51 7
59 16 1
54 6 23
28 61 30
49 22 33
13 50 21
63 61 38
56 22 39
50 9 11
40 65 38
9 10 20
46 33 32
45 18 16
65 15 39
1 60 35
20 52 15
12 29 26
35 6 28
37 25 10
12 55 36
30 36 13
67 46 13
62 18 29
28 66 27
5 40 27
22 33 16
23 21 6
56 37 35
32 20 27
36 8 32
3 26 17
35 56 11
66 22 15
9 19 34
53 12 12
49 50 31
45 32 34
35 54 38
20 53 17
30 58 6
13 4 16
31 7 10
1 12 2
53 2 16
59 2 6
14 32 23
4 53 23
14 58 3
3 9 5
35 27 31
30 61 3
6 7 10
30 53 30
44 33 4
14 10 29
28 32 11
31 63 39
19 43 23
15 31 40
4 54 21
18 40 28
56 62 27
2 14 14
50 41 10
54 39 9
46 12 25
17 14 2
14 40 1
10 38 33
39 9 11
54 63 32
28 64 31
39 31 34
1 14 35
1 14 12
64 42 36
22 56 6
55 16 16
2 49 27
21 5 35
32 59 18
8 20 11
14 12 25
18 30 22
60 17 24
57 33 11
52 59 34
30 42 33
47 45 35
22 15 2
37 61 1
46 46 9
55 40 17
17 4 24
42 15 23
50 62 7
52 2 19
64 6 39
55 61 11
8 5 10
21 48 27
7 27 10
64 23 9
20 46 7
7 29 38
49 12 16
38 46 5
36 62 24
36 10 11
25 64 19
61 12 17
53 53 26
1 34 5
56 46 36
16 42 5
30 66 24
61 28 4
42 19 24
7 4 14
34 27 22
6 32 14
10 42 40
44 53 2
37 66 27
38 15 31
45 61 3
48 35 1
17 46 7
3 19 2
56 17 35
65 60 25
22 30 23
45 51 31
24 1 23
58 24 11
6 16 28
24 21 4
37 62 35
52 9 35
12 47 25
44 18 32
10 60 9
24 49 39
38 28 15
34 3 14
58 34 14
42 55 39
27 5 27
33 29 36
55 45 26
62 33 40
15 52 27
35 27 7
41 9 27
40 12 6
27 33 37
61 14 4
27 9 36
52 49 20
6 5 5
2 34 23
15 29 1
15 12 17
25 22 26
45 9 15
38 45 25
11 33 24
49 24 30
19 2 33
27 39 4
9 58 15
65 6 38
43 27 9
47 24 10
5 4 34
67 30 13
42 23 25
44 19 25
28 21 16
15 3 24
18 7 16
33 41 25
18 9 37
38 33 26
37 29 13
23 62 30
5 63 34
1 21 20
35 18 11
61 55 39
30 66 6
59 46 33
5 61 5
38 43 8
32 21 20
49 43 35
40 5 39
43 38 20
10 28 5
1 13 9
23 52 11
60 40 1
36 12 19
54 8 36
54 58 15
38 16 13
40 57 23
52 49 20
39 50 25
46 65 28
4 48 14
45 31 12
34 9 21
58 17 21
54 13 37
60 55 28
45 19 9
44 43 2
30 6 28
56 42 6
67 27 39
40 25 22
27 13 12
7 5 25
19 49 13
57 6 39
46 40 10
24 58 4
52 61 15
5 31 8
12 18 15
39 13 5
1 5 28
17 23 31
26 37 23
3 38 30
32 34 36
21 57 31
16 20 22
66 10 13
10 8 21
30 6 10
14 10 30
58 25 19
27 47 25
20 25 18
20 42 33
1 53 21
64 30 26
36 58 14
4 1 36
37 38 18
42 32 7
67 23 24
30 30 19
25 21 11
43 16 27
49 24 28
51 41 40
35 36 19
61 58 24
14 18 2
28 13 40
24 33 16
25 48 13
39 60 16
9 21 19
20 63 28
62 27 30
52 3 38
26 41 9
42 21 23
59 1 10
57 63 33
52 54 37
14 63 27
40 15 31
44 64 9
34 48 14
54 33 17
51 32 25
5 12 25
57 23 16
15 24 39
35 5 36
6 43 25
57 54 26
62 9 36
28 11 39
61 64 29
42 62 17
56 61 16
53 51 12
39 51 25
46 8 27
2 24 5
7 28 23
25 6 13
59 24 22
37 56 39
46 57 11
34 28 5
60 60 18
9 48 25
43 14 7
40 27 6
7 61 8
40 22 16
66 20 2
58 7 14
7 1 37
50 50 15
58 40 27
3 12 14
7 56 4
28 53 18
63 33 7
67 63 15
67 13 31
28 61 16
50 18 9
57 1 30
45 10 21
36 4 5
10 22 9
45 41 22
43 50 8
61 62 34
43 22 8
8 45 31
28 20 4
41 27 9
62 39 4
43 60 17
57 18 9
24 7 31
21 31 7
8 37 27
37 50 37
52 48 25
48 3 15
46 6 37
6 34 40
2 4 25
50 28 12
47 65 7
41 34 14
51 58 18
60 13 17
55 29 7
15 47 23
61 20 39
35 18 24
44 8 27
27 8 23
5 62 2
57 31 7
55 41 33
14 63 30
6 19 12
41 4 5
26 2 23
22 47 39
39 12 11
11 11 29
52 42 7
40 9 22
45 59 1
57 31 23
32 58 18
12 8 25
5 52 22
29 41 17
57 52 9
16 66 18
46 41 20
8 3 30
65 54 35
63 11 27
41 45 38
64 22 36
50 44 12
60 2 24
11 51 37
35 60 31
16 48 18
18 33 17
60 66 34
17 65 40
31 8 13
17 10 24
44 42 4
38 51 6
67 48 6
37 50 16
58 9 38
20 49 3
20 61 22
59 58 22
25 10 3
28 4 31
52 38 5
57 62 18
22 13 19
59 62 33
22 20 6
64 54 13
2 54 13
52 24 37
46 63 16
1 1 33
9 41 26
24 36 16
32 53 27
51 10 16
12 48 32
49 19 20
47 30 14
54 28 7
32 59 14
60 31 37
33 59 21
30 17 33
23 60 1
54 46 3
34 50 35
66 65 8
12 61 9
52 65 16
61 39 7
26 40 36
20 39 13
67 53 31
39 12 17
30 7 31
67 36 7
42 51 22
59 51 8
19 43 32
27 53 27
43 38 25
19 57 13
63 44 39
32 52 39
26 5 15
57 65 30
43 24 8
61 34 23
2 36 10
4 61 15
5 39 31
44 26 2
25 25 6
2 2 16
35 39 19
24 30 15
44 48 5
61 43 19
30 22 40
63 34 30
3 21 14
18 37 14
32 23 19
53 59 21
7 40 7
51 23 24
22 44 11
44 25 8
6 61 27
63 37 19
12 52 16
10 24 36
3 2 4
38 36 19
7 18 9
16 43 34
58 9 3
45 6 29
11 32 21
20 3 14
3 43 20
5 42 39
17 30 14
11 47 23
35 33 25
19 13 33
39 15 36
29 5 21
58 28 18
42 7 33
63 36 2
61 59 12
22 24 19
8 43 12
7 22 11
49 21 12
47 53 10
37 66 12
14 8 40
42 42 29
57 52 14
40 37 6
8 31 17
50 10 38
21 15 27
59 20 35
30 3 14
18 66 12
5 28 9
60 41 37
63 22 13
39 26 4
14 40 32
31 15 2
36 52 10
27 58 25
51 38 8
56 14 37
59 33 14
12 20 37
21 5 3
48 46 2
1 45 39
2 8 38
33 40 32
31 38 27
9 40 20
5 32 8
39 24 20
51 41 27
5 10 32
64 11 20
8 11 37
66 57 1
55 38 29
22 63 9
38 11 33
27 36 30
5 56 33
42 1 24
56 64 24
66 58 21
61 26 9
51 49 28
14 46 17
19 61 4
18 23 31
36 36 39
56 12 35
1 45 34
44 52 29
45 58 3
60 16 39
26 63 28
36 61 33
33 44 1
23 27 26
7 22 15
49 58 3
23 32 34
49 22 8
25 55 28
29 27 4
32 45 40
39 14 18
54 42 16
22 35 26
23 27 39
54 56 13
50 64 4
5 13 40
54 54 18
54 18 7
33 29 20
63 57 3
28 43 15
39 13 5
42 17 26
22 64 37
52 64 39
41 57 16
38 5 33
21 39 32
18 36 2
49 24 15
42 40 13
39 44 26
15 61 21
4 13 36
26 49 26
10 43 8
43 11 15
11 44 14
19 20 28
63 45 29
26 49 38
25 47 14
8 13 6
21 28 6
39 55 29
11 10 33
56 63 8
38 29 28
15 2 28
6 35 12
2 52 26
44 56 26
46 29 4
38 12 9
33 2 5
50 51 18
61 11 38
20 37 5
45 59 12
60 50 19
45 1 40
41 46 17
21 7 6
45 55 38
23 66 38
62 59 13
12 13 13
46 31 11
48 50 6
59 6 35
24 51 12
2 20 9
55 16 4
25 44 16
34 26 8
37 33 19
20 27 40
32 51 17
65 17 23
5 13 32
66 49 36
8 22 11
23 19 8
41 53 31
37 59 23
15 44 35
62 33 22
43 44 8
9 32 8
56 16 1
6 17 19
43 3 15
22 17 5
44 33 2
18 31 11
13 28 23
11 50 2
16 45 6
11 53 16
65 43 3
27 41 24
9 32 1
50 29 14
66 47 4
51 58 2
49 64 34
17 18 40
53 49 25
47 38 18
9 40 33
12 54 5
4 4 18
56 44 20
45 28 2
43 21 15
38 20 20
23 18 5
56 62 22
35 59 39
21 7 25
6 18 2
36 51 2
40 39 2
4 59 29
61 4 31
18 29 39
60 11 30
8 21 38
13 7 39
39 57 3
21 40 34
20 66 4
17 26 25
58 15 1
22 31 17
15 25 27
21 9 26
44 33 40
3 58 18
50 54 20
46 38 39
7 19 18
58 3 19
49 33 4
30 37 3
16 50 12
23 50 17
8 65 30
36 27 7
34 14 38
64 8 33
42 7 24
9 57 6
67 5 29
46 41 7
61 33 15
16 44 32
21 21 8
51 36 8
64 26 10
40 37 34
20 11 12
44 16 25
37 2 13
27 17 31
37 2 40
41 61 10
50 60 39
2 19 12
28 24 31
45 29 1
28 16 2
50 31 10
16 63 39
38 6 28
11 7 7
55 58 34
43 61 25
57 44 24
39 49 38
51 16 27
1 30 36
67 43 26
44 31 21
63 55 6
16 37 35
32 43 30
54 1 9
22 59 8
35 58 20
44 18 24
61 53 9
48 2 9
8 11 37
18 42 1
1 13 40
52 39 6
7 60 5
44 55 25
62 29 32
42 53 33
42 26 30
11 47 6
42 49 29
15 10 23
56 22 2
7 38 5
40 63 26
8 48 20
55 42 3
49 10 32
6 19 9
3 31 3
67 32 33
42 56 1
42 22 24
19 30 20
7 46 34
67 1 33
48 13 29
45 25 1
14 9 14
54 8 9
27 34 37
66 54 7
15 63 28
36 10 6
47 38 33
26 44 9
10 26 4
30 31 20
37 18 14
62 64 13
54 61 12
7 37 30
52 65 8
49 55 31
31 2 7
64 30 22
2 27 9
40 65 7
65 41 38
5 41 6
60 51 20
24 36 8
15 27 5
29 23 33
62 56 14
4 29 21
63 63 28
35 57 17
67 5 30
61 2 17
14 45 39
21 3 39
46 12 38
2 65 10
27 9 29
45 57 33
54 45 16
8 56 3
37 66 30
25 66 10
3 47 30
67 45 19
5 57 3
10 58 6
64 27 15
57 39 20
66 4 6
52 12 25
65 62 17
58 48 34
56 45 32
8 14 34
2 55 6
24 52 30
21 11 1
21 53 25
41 18 20
40 61 34
31 63 33
19 8 20
35 5 30
41 57 5
66 28 29
58 25 34
57 14 25
4 54 5
36 2 29
28 6 21
28 36 33
29 55 34
9 2 39
1 22 15
65 15 1
39 38 38
19 57 29
59 47 7
10 32 21
9 22 26
60 45 15
22 10 17
41 26 5
21 62 28
25 1 25
10 28 21
11 49 30
30 60 27
34 24 25
22 56 18
65 11 38
17 45 37
62 53 34
32 51 4
5 17 39
22 61 40
14 30 30
51 28 31
66 66 35
27 46 4
20 8 17
8 18 32
35 6 24
47 18 16
42 35 38
16 9 6
56 57 15
55 29 8
13 61 31
58 40 23
59 1 32
18 58 11
58 27 23
32 16 19
7 28 16
66 25 3
31 52 18
41 4 19
44 64 3
2 47 9
61 34 10
62 22 28
32 58 9
9 39 36
35 55 21
25 22 40
4 57 6
67 43 39
18 20 28
8 12 24
46 39 34
32 4 39
8 50 5
62 61 28
14 48 35
32 37 9
2 33 18
27 17 34
3 50 17
6 49 14
6 9 35
64 15 21
61 57 38
37 24 19
37 23 37
45 57 29
7 10 14
27 49 17
10 2 3
32 33 18
64 53 15
65 64 31
49 18 33
18 47 13
55 26 33
15 29 27
2 25 11
53 37 11
26 7 12
32 20 5
22 19 39
20 28 13
44 29 8
52 50 15
29 7 23
19 3 25
13 10 26
12 62 29
65 26 24
62 16 2
16 10 3
17 32 18
32 46 10
58 14 23
23 55 10
40 59 25
44 48 5
27 64 3
43 7 19
61 10 22
56 42 2
60 65 24
13 28 38
30 46 12
66 6 36
64 56 17
28 13 10
43 51 15
48 3 22
55 36 20
44 12 31
24 52 2
31 16 40
45 62 26
50 32 16
24 36 40
5 25 9
51 41 17
32 35 26
66 53 23
38 59 30
4 15 8
49 27 15
5 25 1
11 10 16
67 23 29
58 56 31
19 27 40
16 46 40
11 37 2
12 31 5
11 50 10
1 48 1
5 28 21
2 2 33
63 38 35
23 7 17
64 62 29
62 43 35
10 17 31
32 65 33
46 57 28
37 37 27
7 40 22
7 25 35
39 5 31
8 30 15
24 62 16
5 19 19
65 29 27
27 51 3
64 18 20
22 58 27
65 2 17
18 32 26
56 9 26
34 63 40
33 58 32
22 23 32
64 52 16
17 23 4
32 17 20
63 31 11
51 42 40
65 16 5
23 17 33
52 26 38
32 40 21
18 15 13
44 47 31
15 28 14
5 5 12
20 41 22
1 6 5
36 38 16
21 10 20
47 36 8
38 34 14
47 33 14
61 11 32
37 47 17
58 10 5
56 10 32
32 66 3
31 40 39
64 28 26
9 32 2
23 7 1
65 14 5
38 13 3
36 62 21
60 21 8
26 8 34
16 19 37
30 4 18
26 2 4
66 52 33
44 46 28
48 34 10
10 9 11
23 31 33
27 60 38
34 18 8
16 45 39
53 35 24
15 39 31
50 7 19
25 13 35
45 39 6
57 16 32
55 59 39
16 37 12
66 46 26
16 40 27
44 9 33
56 20 1
25 19 28
1 52 35
20 36 5
2 7 8
58 48 31
1 41 4
18 21 4
2 16 27
6 13 23
26 36 33
26 59 2
61 47 32
38 42 35
6 6 37
50 41 16
63 1 17
62 42 11
4 1 3
45 4 21
21 52 38
14 35 28
17 30 21
13 46 27
14 48 10
39 3 37
66 63 34
20 13 31
2 2 10
42 43 18
30 23 10
32 36 33
12 28 28
23 51 13
41 62 33
65 3 32
30 36 39
27 15 17
7 39 33
40 30 30
56 47 15
60 29 7
44 5 11
46 34 31
63 45 40
10 11 28
53 42 39
15 27 14
46 2 7
67 10 13
65 12 40
65 63 5
23 39 37
36 9 15
30 54 12
10 53 14
32 56 16
38 5 11
62 28 8
32 36 24
1 57 40
18 51 7
32 31 9
43 54 5
40 8 24
40 36 38
51 12 31
27 56 22
59 50 27
62 61 4
42 66 40
26 61 12
44 58 38
66 24 29
50 43 38
53 50 17
39 4 37
57 25 28
8 23 20
3 33 22
24 40 17
22 7 3
7 32 24
57 65 32
41 17 2
62 14 36
54 17 22
52 23 38
51 5 5
4 41 13
13 28 27
54 10 26
58 52 26
8 52 32
9 44 38
32 43 33
38 34 20
33 63 24
17 47 22
55 5 36
20 43 6
35 16 21
9 56 30
10 43 34
3 19 6
66 30 20
41 48 5
19 31 34
24 16 7
40 47 8
65 11 39
1 8 5
40 54 33
53 49 27
30 23 1
11 51 34
39 39 6
18 51 32
27 41 40
10 31 40
18 61 18
42 57 33
24 43 16
31 17 22
20 18 17
10 61 38
37 34 19
46 56 8
39 8 22
5 49 38
13 8 37
51 56 38
35 33 36
48 59 22
41 5 16
2 51 33
34 37 5
67 48 9
7 38 5
45 32 12
35 25 2
30 12 16
28 31 23
33 11 18
29 33 4
66 63 4
48 18 4
33 35 1
20 9 34
16 16 9
4 64 26
23 38 2
38 37 38
19 56 13
51 2 15
21 2 28
29 1 34
29 4 37
67 6 29
12 26 16
2 15 27
52 47 13
57 22 9
35 35 20
46 7 26
35 5 35
16 45 29
7 54 2
33 14 31
67 33 19
55 47 2
33 47 29
30 63 3
13 44 22
43 45 19
10 20 35
27 49 25
11 16 10
12 56 3
54 22 16
58 18 12
19 50 35
21 58 3
56 44 4
51 59 15
53 31 36
33 19 7
9 3 35
26 54 23
62 15 5
54 46 26
66 54 11
21 27 15
27 52 29
40 40 5
64 3 2
58 7 39
49 3 40
30 10 4
66 6 12
38 54 27
18 33 21
10 30 20
42 46 28
32 52 30
13 33 24
66 19 6
12 38 32
46 38 8
20 48 5
62 57 21
23 39 33
21 53 3
12 57 6
40 57 30
18 53 7
50 50 22
31 37 39
41 42 1
3 46 7
13 35 10
27 18 28
47 65 38
35 53 23
23 26 22
29 12 13
17 61 26
32 32 17
67 39 15
31 57 18
17 65 14
34 25 2
57 26 39
22 7 10
45 63 36
58 14 15
55 9 24
31 23 34
26 61 4
40 66 36
51 62 7
31 41 18
10 57 25
51 55 16
39 41 6
36 27 10
43 11 37
17 60 5
55 35 22
65 27 17
39 60 4
14 10 3
56 29 24
47 58 17
16 15 28
2 65 13
5 8 33
31 63 6
41 37 27
22 4 9
8 2 17
57 28 6
56 46 17
58 51 13
52 4 28
58 60 12
47 18 29
48 18 25
58 12 19
67 11 3
65 59 32
56 42 29
4 56 29
31 49 21
63 54 21
32 47 15
58 46 12
55 42 40
17 51 23
40 56 31
35 52 40
44 27 35
5 49 38
52 20 32
46 48 39
10 46 31
40 59 20
25 8 19
28 3 32
65 46 37
17 61 15
3 10 1
48 15 10
12 46 7
20 50 24
58 62 2
1 58 8
11 35 30
14 51 13
34 19 28
40 39 3
28 46 25
65 52 33
41 49 16
3 57 18
46 29 4
5 8 6
26 14 2
8 23 27
29 43 21
12 39 25
48 43 7
46 24 27
58 61 18
57 9 12
5 10 39
2 22 35
21 59 17
37 30 32
62 23 35
31 50 39
21 35 13
32 44 5
21 49 12
30 53 11
7 19 29
56 10 33
31 29 14
45 3 1
