60 83 123 3943
3135 559 3144 433 4397 1159 2987 1659 4718 130 841 296 3070 4682 1720 3701 2475 1790 2224 4104 387 1620 3287 770 857 3751 2505 2985 3101 2017 1413 965 3716 3782 851 4482 837 4346 1542 3564 4074 458 604 3660 1732 2651 629 2061 907 1510 3502 906 4354 1977 3246 2785 2620 3985 3204 842 903 80 3956 1486 2594 374 4250 1466 170 2413 4365 3549 1649 2382 698 3486 1130 1450 2154 3292 1546 1727 1833 
2427 1178 4482 3324 655 2718 4219 2430 808 1743 4192 2343 2575 1401 128 2111 529 4634 3109 3450 1622 2223 4657 3142 513 3513 3383 864 4121 4652 4584 552 1394 580 1934 3412 4804 1414 1222 4173 649 1430 2875 4158 2253 3648 2927 1119 2002 1026 1511 2609 3634 1035 2942 3679 462 4364 3245 2126 2731 1542 4068 476 3575 4161 4772 4361 4738 2650 987 2409 3682 775 3318 4209 951 1957 3788 3697 3434 3826 2972 
4641 3584 4396 1270 2987 2002 311 3007 3444 2198 4089 3914 394 2566 2599 3387 3112 3404 3420 3859 270 4898 1857 125 3239 3100 831 4022 1749 1953 1558 3206 4614 1440 2540 240 4400 637 3162 3223 1529 439 1946 2431 3670 4822 3457 267 3741 3776 3987 697 1031 2821 625 4087 3349 352 1440 4023 1036 2750 2364 3891 3979 2588 2487 1141 3060 3627 1262 570 588 999 4300 3054 1582 1996 1429 4161 332 1573 4606 
4556 323 2781 319 3581 4658 122 2331 2186 2665 4286 2406 97 1406 3809 3342 1495 797 2024 482 1307 2246 557 4445 1619 1973 3318 3705 973 281 3688 3485 292 4074 1818 1619 694 3181 1456 1368 4839 514 4330 4500 3239 4444 77 2213 1626 2631 2738 2726 1661 1585 2152 4383 4265 343 584 2663 4276 4713 3756 866 3198 3575 4211 3811 4471 4636 1529 3797 3113 4378 2313 3664 1561 3209 2385 1353 2659 4694 3031 
368 3737 4015 245 1450 2460 1149 2982 3685 4160 4836 3041 4332 1258 767 3929 2296 886 272 3357 2132 27 637 2916 3302 237 4096 2894 1831 835 2989 525 1310 3254 4164 1295 664 3153 1145 4539 294 591 4014 3146 1038 1532 457 2613 1998 2443 2724 243 1367 4502 2356 1279 3203 3902 1011 108 3328 2659 3363 4450 1366 3005 296 1468 3804 1349 3335 1790 4428 3710 1866 4849 4668 4264 3757 4272 2625 996 4698 
649 1315 2102 2602 3733 3472 404 1739 773 253 2069 3310 4005 1977 3046 156 4766 4610 2910 2759 2877 4422 1045 4087 3270 718 2710 2748 1415 4733 202 2568 383 4672 497 2491 760 4783 4588 1626 3402 3588 2933 4396 1649 4638 1900 3535 3185 4806 4485 2903 3568 2634 4354 4100 3855 800 3802 873 1607 2324 189 1615 122 1803 2649 1258 4876 56 393 2591 2626 260 3565 1415 3517 1665 3898 763 2196 1952 4055 
3929 3706 375 4595 230 387 177 1026 246 1339 1171 3056 2876 4556 859 830 2256 1544 1667 1791 3963 4568 1930 2075 2164 1261 2476 3241 1829 3347 3020 2915 1932 380 3687 1612 4303 3226 216 2430 4895 337 4066 4898 1024 3152 307 1257 574 4203 1266 2232 4343 4239 1919 2934 4345 4112 2303 3579 3020 2798 4894 3973 4131 1920 923 759 2465 171 2674 1060 727 2388 2189 3752 3080 1152 1903 959 1282 2731 4341 
3729 4691 3371 1946 274 3090 3576 1124 4528 3794 877 595 1474 1167 3922 371 936 540 1845 302 511 416 2692 2006 3869 4233 2788 372 163 4605 1325 2291 3062 2833 58 901 1603 4619 3042 4225 4102 366 3058 1431 1357 4346 789 492 3458 1995 109 2976 2516 1317 942 4395 1616 4106 629 3725 1211 2115 3715 4529 3706 3904 4136 4437 3753 1909 4530 4385 2374 131 2570 1576 3625 789 3409 586 2547 1844 1197 
1357 652 3409 923 4589 1996 4626 446 897 3795 3556 4496 3215 4486 2604 4780 1491 4352 603 1551 4486 1465 3003 3426 2665 650 2921 4148 2884 1552 1372 1284 369 4668 3955 1544 3150 2099 4238 3207 4106 1423 1186 1283 2904 4154 987 3032 827 4714 2033 2598 2145 1850 3587 579 425 1199 1177 1871 1162 982 4481 2464 10 2348 3194 3788 3468 269 3127 2997 4249 3607 3949 3204 2431 2299 2973 1448 208 4162 2176 
1965 79 4796 4367 505 1921 1784 1235 3689 4887 2484 565 572 1877 991 1457 4193 680 1612 4782 859 1005 478 4274 1399 2508 1470 282 4771 884 473 1624 782 2983 1323 726 3806 4834 3337 3677 3435 877 4227 2511 3614 2232 1520 2402 4251 1220 209 4067 263 4780 2124 4889 4462 4758 736 3697 2235 3720 1348 2094 4785 947 1590 1490 3744 2461 4617 4468 553 4395 2421 2622 2431 976 3212 2784 1436 4391 1771 
1033 3799 668 751 2773 1596 2167 261 2051 88 1631 2805 4150 3704 3087 1801 1691 694 4640 1730 1568 624 3668 3861 3263 1389 2058 4758 3040 1062 4761 3408 1246 1299 1840 2679 3726 499 158 2211 837 1441 2658 3103 1257 877 3805 1349 667 3128 1100 3583 2763 2415 3623 492 4639 1288 409 1644 4407 4855 688 4033 2642 3276 1254 2748 3860 2771 4604 3082 3247 2043 360 3183 4458 4894 4173 1569 1773 417 4440 
4459 423 845 2255 4001 3591 3102 4396 4359 2359 759 4063 1276 3206 2093 2996 4060 1726 149 1248 1956 2227 1981 4234 3440 4574 2859 247 826 3525 566 1223 1922 1390 984 2519 3232 3422 3136 704 3928 873 2960 2288 4342 79 2960 942 4645 1855 1368 61 177 3173 3903 2756 1718 4235 3483 1998 630 1772 568 2310 1238 4180 3876 947 1233 445 4120 3745 2368 3418 47 4767 3975 4588 2249 2745 43 4833 1443 
2417 2261 3735 2672 1154 2329 2129 2998 4472 3163 2882 2085 1300 1430 1919 3384 1985 4518 1156 3016 3387 275 269 2380 2435 2465 4600 1338 1149 1828 3492 1177 3804 3321 4255 735 1601 1800 2978 1294 4276 249 3866 3855 2817 2151 1203 3862 4164 3762 1436 4560 2113 323 1148 2498 2001 763 1603 2081 429 3438 4836 3399 2644 2221 4731 229 4235 341 4245 4593 2589 2732 3117 220 3001 1990 2979 4751 2188 4715 1270 
1719 4400 2205 489 450 2620 1534 12 3500 4849 1140 4182 619 551 1258 3000 1201 4501 4741 3655 4829 4494 2491 2578 487 639 2895 4252 1102 52 1547 1101 1480 2429 3688 2724 938 3193 3632 2598 4604 3454 1525 4633 3114 3809 2166 3953 1056 1523 3088 3052 4373 4840 4276 1335 503 4612 1124 1023 20 880 413 4300 2864 2214 2891 4700 1907 1090 2690 2241 3533 183 813 3477 4537 1577 3344 567 140 2794 4412 
3673 2764 4726 4864 236 4467 3373 3921 2245 4041 2895 145 1268 664 1961 1800 3821 3936 1892 2753 4316 2825 1104 4600 4300 2651 4114 3211 272 3631 701 1160 2652 4283 4713 2849 2832 3855 4249 3322 902 620 1508 3568 3758 201 1048 1194 2507 1277 969 4618 1293 1211 2880 4714 940 1689 3836 4787 3531 168 4167 1485 544 2236 4154 4753 2845 1682 461 173 225 1861 2435 646 2024 3918 431 1706 4088 3498 576 
312 2470 1331 2054 1412 1853 1236 1294 1893 3257 501 2916 3971 283 3676 1758 2959 2261 3677 3078 4891 1919 2159 1736 1845 1595 4090 4280 1207 117 4467 3673 3090 1224 3982 668 2285 1808 1038 2975 887 147 3862 1574 2975 2450 1437 2275 3872 1248 893 695 230 526 771 1385 4123 2476 1259 3231 3208 3009 1553 4075 255 2300 3581 3291 2804 3814 2140 736 4411 4543 4771 1084 97 1786 1304 4803 3405 3998 2537 
3627 3292 3505 1117 1556 2254 4068 4300 2969 1997 1507 1355 2322 308 1305 4464 593 2381 3058 4341 1450 1277 320 1053 951 2178 4509 1401 2125 2892 1294 1426 1141 1345 3540 1498 3944 1363 1521 2306 136 3296 671 2151 3180 2923 4646 4099 3125 2056 1481 4878 3992 1667 3094 3096 2711 916 2772 2207 867 1720 3306 4367 3202 1582 1077 1740 1603 1296 2906 1398 3563 2043 4291 2080 4559 4442 1683 2033 2834 3414 3971 
3240 1938 65 2064 218 4828 2714 4238 3097 3688 992 104 64 150 3688 3578 1275 4316 1813 3512 3968 2824 598 3429 3645 2364 4599 1808 259 4405 3822 1087 2295 2196 3108 1069 1771 3709 949 4084 107 2481 3511 1803 1749 2002 3052 1508 3326 1478 4101 574 3836 1721 3677 481 4736 1465 4670 4153 4812 3917 2693 2001 855 759 4770 2075 1066 851 3367 2324 4521 2217 293 1533 2836 575 84 4341 737 4622 3720 
4319 2239 3989 4712 169 688 3395 1943 2816 4082 3038 4073 71 2157 3782 1964 4589 4220 1409 1903 2765 3893 1898 2401 3326 2405 1439 973 4293 2216 2953 4367 1241 545 226 2827 1755 2257 174 120 3120 2265 4832 860 3338 3973 887 1570 1392 1435 4191 2525 3384 2683 1245 503 2240 2506 3188 56 82 1007 3418 3471 1900 3986 155 1452 2278 921 3653 1338 4792 123 1001 4337 2542 4643 3392 4192 4902 3190 2678 
2406 2626 420 3710 4065 4897 1791 2447 2629 2310 3588 3395 3505 1744 2125 2401 3253 1023 4012 2590 4314 1067 1486 4447 1439 4073 536 465 3836 1261 4176 1965 2619 2035 498 1106 3354 2253 168 91 4864 872 789 3810 33 1961 4439 4698 1388 307 2464 4243 3724 3519 1362 4659 1440 442 4334 4701 3515 3647 2338 2635 2455 304 589 3569 1277 2389 4686 3802 4366 2191 3844 3878 374 2151 3634 623 1393 2595 3495 
3699 599 4416 4688 2727 569 769 838 927 2676 3907 4451 548 4770 3256 3882 2145 2344 830 2334 2438 2146 3970 3257 1969 4295 4027 3882 2052 185 3938 807 3414 4146 4002 2194 3480 1746 3715 2005 4027 559 3823 3523 2566 2952 738 2149 1195 2848 1089 2682 438 925 583 2403 2599 627 1634 1282 4041 599 3340 4814 4589 499 4700 1398 3947 1248 1019 308 404 773 3494 1517 4291 3420 3557 4135 3035 1879 2132 
3325 4446 4659 4380 3347 147 4308 2204 4748 4833 2643 3546 599 4670 1089 1640 23 2649 1097 1873 1716 3348 2402 752 3899 3340 343 3225 1476 3594 3762 1771 675 1361 4589 4519 3691 2993 1549 4127 4219 2590 881 3257 184 965 4047 3822 4742 307 3074 4616 1107 1848 2131 1593 719 4035 583 1542 4437 3997 2113 1282 1960 1312 819 526 4447 91 4025 648 3800 3151 2641 370 2941 394 922 2586 2147 1785 3957 
3958 3000 3717 2506 2444 2802 3724 865 2192 475 3777 4326 1451 4158 3462 618 2778 4430 2252 1396 4396 2224 4510 3346 1341 1314 1061 4231 127 4441 4550 1786 4319 4314 1544 1809 3046 781 4827 476 3576 2236 210 3386 4735 3550 2229 3243 4812 787 1364 3243 4527 3933 2127 2275 2377 2475 4452 2735 16 3255 3059 3349 110 2856 3578 4764 967 3742 3600 480 2659 3663 3573 4802 3961 1606 4540 694 954 532 4335 
3839 3503 2000 356 4840 1246 2202 4358 1232 3862 3097 4176 3500 1318 2122 2125 165 2035 698 4636 4167 50 1040 4630 868 1640 2286 4202 4188 287 3931 4554 2041 1187 1457 606 1599 522 4077 1520 2784 4291 2113 4605 4895 1533 2639 1983 3435 2606 1694 2278 4019 1404 560 2142 51 1111 773 1608 3260 2621 3786 3588 2804 4671 4663 517 2385 2248 721 4803 1965 3647 3487 3857 4656 1096 4321 1090 2399 2444 1724 
2469 4211 447 2608 2204 3699 3810 2830 160 4492 215 667 4694 325 121 2788 4174 3065 3824 343 4192 3830 4527 3555 3737 1861 2061 252 1806 2291 4135 4688 1715 223 2431 1984 4098 3577 2858 1278 3919 2861 298 4651 2660 1609 4253 2829 4133 2524 20 616 3817 19 1535 752 4156 1355 4401 1097 3816 3386 3925 4463 1585 3793 4708 4038 2086 228 2383 2706 1779 3316 4737 3999 4274 2264 4332 1943 3878 1267 921 
2984 2298 4876 3659 877 169 4094 3421 1934 3158 4352 3379 1503 4827 481 3035 2838 3115 2960 3764 1499 1873 4381 714 3646 1014 2711 2294 2212 2306 1259 2087 3686 3718 4599 3982 3989 4738 3601 3108 4215 2278 1927 2667 1062 2914 1568 3997 4660 1653 1654 2892 4093 3490 2581 1639 1232 1762 1134 1297 2127 3932 2076 44 714 420 714 4505 2324 4123 3263 1300 4650 1706 1629 4879 2850 4009 4073 4364 3702 4750 3504 
3371 560 4536 2992 1078 3540 3048 2340 3296 4006 921 3193 4099 1984 1132 868 3011 3939 2689 539 583 16 2762 280 1958 1699 3367 1002 1065 3126 4422 2370 1527 1110 399 1615 1415 72 4614 3356 2939 3024 443 2587 378 443 1509 1061 734 3681 351 1802 812 2988 1684 4065 1062 4170 3947 2611 2390 3023 258 3273 2060 324 3658 3284 4536 1543 1707 4743 2290 1983 4258 1471 392 4299 10 3384 1477 4380 631 
4101 2653 402 4581 3707 3152 2273 3958 111 1220 4302 3662 3998 603 1411 1301 1587 3735 1207 3093 3540 2283 2790 4220 453 2627 4766 296 700 2130 67 348 2648 2561 940 4412 4775 2401 2321 333 4077 3373 4007 4104 2434 1820 2486 1383 4117 1348 1098 1300 2127 292 4078 3509 1817 4358 3852 146 1741 4034 4517 135 4439 3669 733 3291 412 1534 1100 3216 804 3288 1656 312 233 4423 3677 2496 151 3110 306 
2884 3621 3630 39 4790 3231 4885 4154 1213 3525 1057 2620 1469 3883 3411 4102 1711 4087 3885 2472 2685 2966 122 1907 3279 2796 2113 757 3671 3050 3942 4069 1117 3593 176 86 4493 2479 206 4787 389 4213 3200 972 41 3773 1970 1412 3705 281 1787 897 399 3522 381 3749 1297 884 448 4500 805 786 4356 4702 3807 2605 3721 740 3018 3420 3396 3442 2006 2475 2627 1295 4842 3172 2146 2058 3617 4182 481 
487 3260 4325 2169 716 4620 2453 637 2460 3909 791 3590 2934 3539 383 2540 2845 1471 3569 2530 4558 1858 2993 4622 4477 4572 1228 653 76 3511 124 4056 976 3614 1878 265 1928 3144 2014 4158 381 1685 2536 3763 1089 3039 1005 2297 601 4518 2503 3120 4227 1849 3580 965 1146 3885 2209 239 4673 2398 3735 2605 4523 4767 3695 2226 456 3722 221 3897 1121 828 732 564 2374 2563 4618 1564 1231 4865 1700 
3177 821 1363 3131 3343 2660 2046 2174 3434 3391 1389 2818 4715 4134 3630 1802 1618 1714 94 179 1020 4415 2846 4454 4555 1608 3221 382 2872 1765 3270 687 3803 1948 4564 997 4473 4725 2222 1353 2618 4886 271 2355 2580 2715 3989 1352 1459 4072 2853 82 3463 2954 1718 3594 4909 1665 1709 4737 484 1351 370 4230 1407 3227 4416 2479 4165 1240 2396 3069 717 4539 219 2140 2033 3944 1595 1474 4604 296 2022 
1771 1153 4187 2364 237 2964 1743 981 2891 3695 96 4438 1341 739 2588 2232 1055 2297 4265 2201 4069 3728 294 2815 128 4810 4372 4791 1843 444 4716 4372 923 1245 4358 1147 2063 2907 1566 2539 4242 2554 4027 1169 4304 4663 1108 3947 1027 2820 1516 1187 797 4659 4810 507 1917 1837 1446 2449 672 1834 3216 3351 2958 895 2958 1899 2271 3687 1903 4847 1015 3415 1875 3082 741 237 156 2913 2194 4291 3278 
3205 1772 3003 51 2586 2054 2039 2762 1743 3735 4843 2445 4145 976 450 3705 3771 4833 1940 1414 2975 1634 2010 1892 2154 4890 4835 4674 3123 449 1428 2357 2424 2012 934 892 3592 860 3579 2236 3443 309 3634 1865 966 3922 3166 2055 110 1969 1056 4523 4161 1609 1848 1285 2076 2311 785 3180 4457 4305 2586 3840 4868 2764 726 2353 1938 2890 618 1607 2931 4047 1662 1308 4557 2262 1453 3329 3055 1847 1857 
1112 509 4656 4439 980 2736 3622 3528 2896 3857 3639 4369 2193 2176 3075 3400 1560 167 1907 1103 3758 2251 1972 4507 4872 2331 3504 3537 2869 769 3613 4306 1346 1697 939 743 2006 623 1456 3617 2400 2623 3370 1752 3682 495 2375 3695 1328 1531 1390 1675 2370 3772 2697 4119 1535 3031 327 2560 1720 4085 3038 642 3117 324 434 3043 3113 261 2142 3022 4704 233 4453 4345 1009 1588 4296 964 271 2893 1963 
3010 2193 189 2569 3502 893 4208 3643 792 3936 1281 4296 4035 4818 2174 3824 4546 4503 2368 4713 3679 2157 4094 805 4866 3085 4775 2106 1492 3733 3554 4747 1875 1349 35 2040 3411 1530 142 3385 776 411 2284 3567 74 4636 3808 4016 3905 2997 3032 739 2145 1773 1312 1952 2750 2327 295 4576 2448 1651 612 1242 4021 4253 529 3662 80 4704 766 4014 2595 2935 793 3260 2372 1078 776 3579 1568 3118 3921 
4784 194 2782 292 3000 4477 1968 3095 4268 1547 1536 235 3631 3989 1466 849 1507 3777 4764 2834 2459 2367 1073 1331 2966 1600 4514 1966 4014 2254 4907 4115 2788 1931 4813 55 4838 629 507 4541 947 3055 3886 768 2807 447 4668 1916 1212 4677 390 1500 1573 1759 3574 3417 1436 3944 949 1063 1148 3948 2758 2963 4579 2328 2590 4893 1256 2969 1875 3758 1723 502 3315 1560 1131 2957 4458 2525 2049 3667 2160 
3134 321 4030 2600 1672 4679 2193 323 3142 1345 2830 183 4162 4497 1492 1464 1034 1598 4348 2330 992 2810 4734 715 3218 2309 752 2879 1580 4719 271 2136 149 4792 1504 2883 1839 989 1942 2727 3488 4653 4319 1292 1469 2058 554 4767 3145 731 3532 3072 1997 1922 4579 1940 4186 2496 1357 3066 1570 775 1404 3486 968 1232 3456 3105 3738 900 26 155 1930 3868 1052 3516 4825 4238 3682 2384 4050 4145 1860 
4492 4053 2080 2246 3017 3448 2229 1818 126 3457 2463 1947 2318 2407 3807 1532 3005 139 4855 3382 3972 3715 4429 1076 1334 4021 4472 1720 4663 4081 377 1123 1635 2794 1953 944 1074 4459 4876 369 2630 2800 295 852 149 2480 686 93 1908 1362 1516 128 112 1991 1431 3381 1042 2170 2095 1158 4038 2448 3257 2669 496 283 2122 3528 1605 694 1619 4413 1443 1798 242 3765 2893 4641 4252 3684 3384 2305 1582 
476 3500 732 1969 4040 2437 1422 3397 414 1583 4536 2283 2834 1239 4491 2771 2573 2452 1630 1759 538 3472 2958 3357 2381 1479 3640 4543 820 1526 4591 4247 459 998 4569 4605 3589 1331 4591 4304 1653 491 1031 2417 4296 2238 613 2597 1063 3514 1149 543 4153 2943 3992 1317 4020 2690 2008 2304 2911 2759 748 4071 795 3374 67 4560 923 3085 3315 3686 4227 775 2163 1412 4157 449 2007 3849 19 2981 1067 
2119 2545 2896 3731 2593 3632 2427 3267 4079 1102 4766 3705 3986 2467 505 1906 130 3121 3077 1733 3190 4236 99 4581 2656 2845 2800 4356 3896 2039 4594 1586 4516 2072 3614 4376 1047 1116 4302 1467 3819 2739 1151 4020 118 3535 1092 2304 327 2195 2683 2196 3398 222 725 3547 4747 4448 4513 4756 2712 1375 1627 2774 548 3069 2071 262 4553 284 249 1343 20 465 2013 1830 2141 2062 109 57 4350 2062 1991 
1998 1210 81 2997 1466 2092 3566 2944 2428 1788 4622 1298 2369 4444 486 2407 2153 1137 4125 1372 499 4279 1333 1857 826 952 282 1378 1400 1873 2647 3543 1132 3148 4700 41 2922 1427 2795 2853 660 4278 3643 1404 4605 1302 451 3126 3966 4752 1518 1402 2224 2086 3254 2623 3456 1273 176 2159 2507 3961 4803 2590 1469 694 2629 3093 1163 370 2027 3297 163 1654 3614 2476 871 669 3755 224 4609 4271 4153 
192 119 3027 2063 3640 2445 1577 281 3476 2598 1717 1761 3084 2271 742 262 4351 87 1489 3684 450 3467 802 3296 1568 582 3142 365 1338 1651 1906 1384 3930 3163 4029 4707 2611 2951 4640 3528 2064 3587 4545 1205 587 1819 3384 4258 4755 3172 3104 4473 1444 926 3332 1027 1962 4490 2504 4356 1916 923 3857 4509 2083 3193 2811 4469 2715 1838 4815 1795 3138 1144 1240 4472 712 268 517 277 3789 3619 1109 
3063 240 2063 816 1946 4506 3707 3771 1879 1824 2827 2376 4067 4358 2418 2776 1510 1344 2477 1035 895 90 1489 713 1670 4483 3731 176 1546 306 228 1819 4094 3720 4429 655 1940 168 4463 3278 3241 3565 4589 3168 1869 494 2953 4421 131 4549 1371 1241 2678 4414 203 421 2334 4720 188 3089 648 4385 4693 1745 3805 205 2891 4166 2209 3025 180 4277 3122 1932 3724 106 149 4581 2475 2869 2372 3531 506 
3529 3072 3346 1478 146 3598 3256 313 61 937 1408 1122 2888 1391 2699 149 595 571 1169 3581 4374 808 4281 2730 179 1740 2591 914 1334 2827 1340 1326 3029 1135 2043 4274 2278 3690 4871 1133 4883 176 661 4792 4770 1781 259 3767 1556 3571 1945 1614 3774 2052 3031 309 664 1679 4055 3458 1304 4287 1612 4835 4908 4442 3274 4415 3537 1960 2654 4811 263 4805 1861 4513 2575 43 3685 4843 3198 640 4903 
4707 70 2563 3290 3411 1813 4530 1844 290 3753 307 3419 3120 4291 1391 3046 2805 2612 129 3793 4350 2583 1327 2114 4229 1223 1318 4243 1992 3489 3153 490 4150 3841 2116 2701 1301 1184 3739 1789 1447 1775 3099 2253 1503 1717 3339 2145 167 4128 4760 2684 4827 483 2424 4087 2143 1274 2770 2203 2061 1131 1435 4253 4192 1583 289 1924 4557 3876 1408 4520 4305 3846 4050 2032 2717 214 4655 4214 2811 4242 1559 
4270 1749 2467 1197 914 458 742 1270 2312 2469 603 1376 4076 1475 3163 3223 1626 1985 4606 4803 3232 1492 4410 4067 3831 2105 3600 2812 344 224 1954 4401 4503 4735 2437 130 1524 1655 3052 2299 687 4165 3718 3478 1741 4886 2303 2209 713 2067 401 4473 2275 4717 4689 1038 735 3647 1308 86 3899 2687 1853 2673 1430 3622 350 2078 3290 1089 1706 680 2330 1322 2418 2728 1805 2734 1975 2501 679 2129 4518 
2610 2668 1233 416 3034 3326 2908 3440 1597 3262 1715 3381 2953 2608 4396 4499 2487 214 410 488 1732 676 1643 2183 4391 1718 4658 1839 4352 1377 2833 2788 3420 3542 4624 203 3517 2684 617 3540 4760 4006 324 1129 3307 4337 2651 723 2424 2122 2610 580 4449 2458 3807 2573 1830 2751 1450 1595 4872 2922 4299 4291 4728 4804 3910 1018 1889 3217 2766 1398 4674 3689 423 1049 3114 1527 2371 1239 3253 1197 3397 
3615 607 4800 624 3489 4558 2556 4512 660 1120 3913 3450 144 604 1225 2086 4101 760 2823 2334 2576 731 2181 1227 3599 4314 3681 1632 1596 2515 3430 3393 1248 4496 2942 3030 2866 3800 3654 3235 3974 4211 886 2377 1928 4815 2260 1982 2697 4436 3665 1439 4458 4442 3404 3802 2810 4081 3111 4041 2564 848 2499 1955 257 571 4073 1595 481 2997 3539 1999 4530 754 3686 3238 2925 2005 4085 3141 421 3941 4580 
413 3125 4404 3607 2128 1276 3425 3171 1985 3836 324 3870 2020 4761 133 3209 2763 2997 520 713 4508 1429 3712 3070 4373 4298 2991 2063 4840 1437 2456 4509 2804 1462 1076 462 4791 1873 2311 3623 319 3863 4014 1124 1483 4575 1237 4381 2616 823 3020 1949 4236 4456 1594 3225 2552 3275 3297 4435 516 1873 2791 2252 1998 3777 3593 3386 4002 697 915 1921 2071 910 2081 2516 490 3974 3720 3855 1059 107 798 
1371 612 688 1959 1627 1342 2180 1700 3134 2829 2057 975 2353 3373 1857 3297 988 4632 838 2090 628 270 241 3188 4844 161 2702 956 3976 2535 2043 3201 4863 1719 721 2655 4407 1102 3968 410 4627 1346 376 673 2600 3573 1442 2394 3238 584 2864 372 1346 409 2924 3443 2859 2539 2687 2238 3735 3265 3018 1742 1807 3726 2828 3483 3757 4901 4102 1575 3179 4754 3061 4329 2360 409 929 4639 1568 1381 1443 
1597 4786 21 764 661 4789 1961 1290 2480 364 4206 870 3044 1738 940 2433 4382 651 1165 3246 99 4345 989 899 638 2335 3984 695 2344 3688 1183 2784 4557 2249 3790 1863 54 92 2156 484 2151 1954 742 2378 4215 3631 1985 2818 4837 4296 1444 1583 2205 683 1902 1070 2230 640 42 3850 3810 1038 2929 4102 3469 2641 680 3498 1547 1938 265 2544 3928 2098 3000 2576 3741 707 3104 2556 4522 3407 1005 
4163 1105 2596 941 1404 1298 4813 2747 3512 3189 1155 4500 3712 1475 1911 1094 534 3014 2705 1495 2078 775 4759 3480 4494 3809 1169 1891 3759 254 2407 4354 2972 2904 1798 659 169 4831 943 880 711 563 2474 815 2544 867 2711 1753 4851 4748 4212 681 3767 4452 1365 4726 917 4048 1163 2441 1961 3787 49 2982 4326 4726 4600 2253 2182 2490 2425 3269 3914 3653 4646 1841 1988 4337 985 804 2306 444 171 
4294 2147 1740 3027 4110 1479 1406 3058 2132 1722 2018 3571 3327 3591 3469 2731 1220 1644 4292 1945 2133 373 1356 487 2840 2957 2745 3181 4354 4012 3720 3961 4656 1800 102 482 4344 2173 1042 658 4126 4058 1724 4865 2075 330 878 4177 3845 500 1138 3084 1363 2206 2199 3445 4832 1281 3327 586 4823 848 2351 4139 4391 4479 1057 3660 723 192 3947 4834 1698 4892 2025 1979 1877 4872 51 1543 808 3525 46 
4146 1921 596 523 2806 1987 3925 310 3691 4628 2491 1937 4457 2896 2360 4191 4080 3880 190 691 1785 2991 4540 2372 2244 3793 2006 3163 445 822 4836 1824 2820 3162 4517 2695 3403 4540 2328 669 4277 1890 4173 2193 1425 3637 1908 2584 2169 84 2175 693 722 3092 3708 1953 2119 961 4102 621 128 1790 124 4462 2054 492 2289 636 2876 4133 873 2092 2428 1862 3664 3860 2283 3076 4884 3964 1502 942 418 
3918 4375 1441 727 336 2571 2891 2556 636 4703 2391 121 2849 2468 3835 2745 483 4430 4081 2475 1588 467 192 4778 2148 104 413 358 4092 4272 1248 3196 3196 330 852 4702 4224 1170 2188 3760 1232 1314 190 1178 4416 879 3439 4145 3471 1444 1864 302 406 3018 1700 2507 998 4025 3662 2067 560 3086 1737 4753 2468 2585 2873 899 1148 117 1289 2596 2667 3228 775 1182 1903 4760 602 3491 2741 2485 2242 
116 383 3595 1185 3681 4075 2096 2645 3682 2928 3379 3679 2591 1960 1237 4362 641 2973 791 1240 1259 1489 1049 3610 1988 1252 3821 417 2186 976 3654 2196 4636 1522 1813 4661 4744 2079 3762 2020 3907 4877 2961 4686 1280 4173 1588 189 4244 2436 4427 1483 4797 509 3361 3828 3281 1725 1614 852 3104 4753 1365 1594 4036 786 2225 2807 167 485 261 1621 3404 1686 2185 657 2801 1509 783 1868 4367 4410 4213 
882 3187 409 190 138 2561 1748 4265 2652 3998 534 1432 384 1958 1926 4584 4455 1879 4409 4656 2537 2939 4042 637 3637 3008 4315 4866 3509 393 4486 3114 4862 3624 2364 1199 3955 1255 1074 627 858 1920 468 4899 1907 3552 2029 233 2692 1125 4699 4887 4605 2757 4067 4860 2104 4017 1553 2963 2897 4237 3088 3526 4383 347 2094 1598 769 2250 4183 2467 2064 3778 1230 4880 2741 4750 3790 4013 996 147 4445 
1345 235 3180 1374 2993 885 3317 1097 1497 4193 3267 1209 3047 228 4478 4745 3188 922 3756 393 2564 3689 3805 2873 4236 3366 2350 4514 4102 1389 992 2622 1582 3754 1528 947 4342 3492 3716 2653 814 2268 2866 2269 1276 4027 1599 1789 2325 3421 4193 4005 2647 3879 1468 4416 168 454 439 1035 1279 3620 444 3454 1532 3584 70 2447 1771 585 4895 1305 2450 2551 1609 508 2942 1303 3638 3048 3610 173 3396 
2572 3348 2831 991 652 4338 4889 3330 771 409 674 887 2503 2266 3832 494 542 3923 3762 1105 2086 2908 2912 1966 4888 2649 3934 3997 1353 506 1046 157 4390 281 445 2303 4678 520 2200 4833 4595 3155 4899 2777 3384 3473 3421 4509 1161 63 2169 4577 1473 3372 1261 2633 541 255 953 2496 2112 1276 1351 782 3917 951 99 3021 3057 1467 2438 3243 732 1916 1869 3259 1404 3057 929 965 4676 4544 3640 
1561 4410 1040 4384 1886 4519 2766 3668 2136 222 2250 4452 4377 2314 3686 3849 1646 399 4109 3058 2861 3987 4392 3458 896 2726 2872 666 3202 104 4504 3559 2690 3351 1282 3686 2160 290 2968 3801 2204 2287 1515 1504 4059 4715 2289 3954 1989 1470 4778 2040 2033 3091 564 4155 1625 661 967 371 4325 4643 1883 3950 1470 2633 1623 1181 1153 842 3371 1461 2385 1077 4030 1411 4094 4016 1720 129 4128 4326 947 
29 34 20
53 38 12
26 78 38
28 25 23
52 43 40
18 40 31
4 36 1
38 4 29
38 66 2
9 55 12
53 67 28
29 16 31
35 77 15
10 6 15
19 51 33
30 58 26
8 15 4
2 39 24
10 74 33
38 21 1
18 60 2
51 39 21
32 73 18
46 9 5
23 40 26
56 71 4
11 78 16
43 59 29
35 80 35
25 51 23
11 41 2
17 71 8
37 72 19
25 44 10
26 40 40
39 38 34
53 20 30
38 29 37
32 70 14
32 18 12
33 36 13
43 9 19
30 59 8
20 53 36
58 1 3
3 64 26
48 7 11
50 61 38
30 77 11
55 52 38
11 79 40
46 68 35
37 41 18
15 46 40
14 10 6
51 18 22
32 45 5
20 24 29
5 4 25
26 15 1
38 25 35
46 70 21
50 63 24
5 49 6
4 55 31
5 28 26
42 72 5
30 1 10
56 67 34
45 54 13
43 32 9
39 80 33
33 30 34
1 12 6
47 41 20
28 50 12
4 25 1
31 73 18
26 3 31
53 33 5
14 3 19
22 42 35
48 71 40
18 24 1
10 13 9
30 9 22
15 18 10
35 51 9
38 23 38
27 70 8
30 30 3
57 8 22
7 57 4
48 78 11
41 45 39
24 27 2
45 13 9
7 65 27
48 67 17
16 22 31
26 40 35
12 63 6
53 7 3
9 27 4
46 19 28
24 25 29
56 44 17
4 80 1
34 1 20
33 62 26
6 1 18
21 64 13
1 10 17
26 37 2
22 44 8
23 48 16
42 25 27
4 58 40
18 81 13
43 33 18
17 37 9
43 33 31
11 2 28
15 15 7
5 71 8
26 28 28
56 33 40
3 24 29
56 37 26
38 8 2
28 65 15
41 62 27
32 60 33
20 45 1
2 11 15
54 69 32
19 46 27
4 81 29
51 18 12
51 76 37
47 67 22
24 14 30
49 73 13
30 63 6
58 68 14
49 53 23
54 68 26
53 78 11
35 61 29
43 12 34
40 3 2
47 18 20
46 69 12
11 72 29
7 56 5
50 60 3
34 68 36
53 13 15
4 19 1
8 56 3
48 53 5
50 16 25
6 17 34
10 65 18
8 78 40
21 77 11
53 70 35
21 2 17
11 67 29
35 27 21
53 70 22
12 58 12
45 28 5
20 18 29
11 57 32
33 54 23
9 50 34
30 16 14
21 19 35
6 19 40
13 54 22
24 43 38
57 16 38
11 21 7
54 75 1
5 62 26
12 8 27
37 5 3
27 80 1
5 59 1
33 51 2
6 72 14
29 25 18
12 36 19
25 50 21
4 27 7
51 25 2
29 70 2
23 72 9
2 60 21
38 52 37
20 2 38
46 64 11
8 75 6
35 67 25
46 36 12
47 43 27
17 2 35
46 66 31
37 34 25
39 63 35
40 22 29
49 16 7
46 63 24
57 40 28
39 28 21
49 53 2
39 50 26
36 62 31
31 31 12
19 31 15
16 33 16
25 48 14
1 73 34
10 13 31
7 41 39
19 27 22
31 8 37
30 67 16
32 13 8
1 53 29
47 9 39
40 34 8
41 55 16
52 58 12
1 73 14
13 5 13
36 20 9
20 77 4
52 58 32
25 2 31
49 32 31
27 20 16
10 63 29
24 15 21
39 25 21
52 14 18
5 28 1
6 64 20
10 77 7
45 79 18
42 69 14
51 31 1
58 42 8
29 26 6
2 5 30
39 7 19
46 44 10
5 16 15
17 81 29
36 69 30
34 3 36
44 4 13
11 37 32
49 7 31
47 23 1
41 27 12
10 38 15
16 52 21
35 36 1
30 33 4
12 26 8
47 58 26
38 59 15
46 46 18
17 21 26
58 9 23
8 80 26
44 6 23
13 70 31
7 16 32
7 29 28
22 7 7
52 73 12
29 32 39
17 53 21
17 41 23
12 4 8
4 28 21
15 52 38
43 54 40
49 57 14
19 53 40
52 49 34
9 38 1
50 50 4
5 10 24
25 70 9
27 18 14
49 63 3
18 27 21
22 23 36
35 7 40
55 55 26
18 6 10
10 52 24
5 43 3
54 23 13
6 39 35
19 29 23
8 13 23
5 9 3
48 45 33
46 69 2
45 75 38
55 61 9
58 80 30
7 16 9
53 45 37
25 8 29
37 4 30
41 39 6
42 5 10
54 46 32
27 24 11
23 54 24
31 77 13
30 38 5
15 71 3
5 46 19
15 77 21
30 49 28
10 66 6
21 39 36
55 71 17
29 60 21
27 6 24
6 20 29
31 54 13
4 79 19
30 16 9
11 4 28
4 32 9
19 6 10
32 21 11
3 39 24
31 48 28
46 24 38
40 15 21
55 5 33
26 34 6
41 34 34
7 73 24
9 19 19
49 16 20
5 55 27
56 61 12
52 72 9
39 52 6
53 57 31
26 9 4
29 67 12
8 34 36
16 55 15
39 51 11
7 52 12
51 56 14
39 55 7
47 71 3
54 6 37
31 38 23
5 63 2
11 34 27
39 43 17
15 67 39
53 73 28
6 49 12
22 17 2
18 39 29
23 6 39
38 6 18
46 58 22
17 28 23
41 79 35
6 13 2
8 61 28
19 8 20
38 25 40
25 28 40
1 1 2
32 44 28
11 71 12
48 59 11
11 71 21
35 40 29
37 37 22
33 27 36
52 75 10
51 76 17
53 19 18
53 31 4
20 73 15
33 67 40
17 35 18
33 40 28
2 1 23
26 72 27
4 50 9
15 14 14
5 79 9
53 32 25
14 53 29
17 46 4
23 38 21
1 7 36
29 32 5
46 69 36
55 80 12
20 12 23
52 40 12
58 23 12
6 42 32
23 37 37
28 53 5
36 71 18
22 38 31
22 70 38
24 1 36
39 80 5
28 74 32
51 26 29
38 20 18
48 11 33
2 64 24
7 52 17
44 21 13
2 24 31
30 55 5
12 2 19
29 76 20
17 39 14
49 7 9
39 17 12
49 13 36
10 43 11
31 78 16
21 26 17
31 19 9
51 22 39
51 56 17
33 25 38
26 76 31
26 55 12
28 33 1
3 14 38
40 31 7
25 18 17
12 71 9
17 17 34
2 19 17
14 67 29
8 59 36
53 71 15
53 48 19
28 29 12
31 30 40
1 67 6
18 48 15
36 52 37
9 11 12
45 42 40
48 41 40
57 77 40
32 67 35
1 36 16
40 9 13
1 6 1
48 74 5
24 20 20
52 35 29
49 56 4
48 21 6
7 59 17
53 9 37
35 43 21
55 25 24
28 77 39
32 67 8
40 38 1
1 8 27
33 37 39
1 21 29
46 17 25
2 37 39
1 17 36
14 16 13
41 29 29
32 31 27
58 38 18
50 50 21
1 7 32
54 8 25
19 43 29
16 21 38
36 1 20
12 24 8
19 32 30
11 36 34
58 7 40
36 15 37
9 41 13
50 1 1
19 28 31
8 79 37
43 41 12
49 50 9
48 18 23
30 64 24
37 20 11
1 20 19
27 11 9
4 30 29
15 43 18
34 13 26
48 66 1
42 65 17
20 3 17
49 35 29
9 8 3
20 40 21
24 17 36
52 25 13
47 80 37
8 30 20
20 41 30
35 5 25
30 46 12
19 44 20
58 23 12
11 70 19
19 11 35
8 1 28
13 29 35
37 6 16
49 53 21
38 33 7
11 64 18
50 68 8
2 8 38
22 74 19
28 49 16
42 52 30
26 52 31
27 71 11
57 7 11
47 72 4
11 6 12
56 75 27
28 79 14
51 54 5
42 7 31
27 28 21
16 81 11
16 55 24
56 53 3
56 2 39
18 57 23
19 55 1
35 50 12
21 72 12
49 63 3
28 29 1
1 39 8
54 43 17
52 1 8
18 79 17
45 56 13
7 7 12
48 2 30
7 68 28
39 29 6
12 10 11
17 77 36
53 24 15
15 45 34
14 61 16
50 61 7
39 38 5
20 72 26
47 48 13
11 43 7
12 11 27
3 32 38
42 67 13
35 79 18
17 26 15
30 76 2
23 69 22
41 5 17
10 70 21
16 15 11
30 48 34
36 60 28
38 5 24
56 30 17
35 42 3
17 27 32
10 70 26
31 73 9
41 31 35
38 47 26
52 33 16
7 13 40
35 21 13
15 1 40
26 43 33
51 13 6
45 26 8
44 31 18
39 33 8
8 46 24
49 51 17
9 31 26
12 4 17
26 8 22
21 50 2
50 51 31
58 8 36
36 76 24
19 7 24
8 22 23
40 65 3
35 38 15
44 52 31
53 19 30
15 23 29
10 57 4
37 36 22
57 58 18
13 25 11
3 11 11
51 60 6
21 38 10
32 39 24
20 6 11
47 74 6
15 2 27
6 66 11
30 16 1
26 43 8
43 62 10
25 31 36
39 79 38
46 37 13
10 76 2
53 70 35
51 67 4
33 1 16
47 23 19
36 17 11
43 6 28
53 27 29
46 8 40
18 62 14
38 25 2
6 74 32
12 58 29
3 68 19
21 60 22
39 59 3
35 19 6
51 29 21
25 63 33
27 7 24
43 38 7
40 66 8
39 52 21
45 1 15
56 57 38
13 76 24
32 77 5
31 62 30
48 35 37
47 19 28
29 5 36
16 7 18
32 3 38
22 80 28
19 52 12
8 77 37
29 61 22
27 30 33
7 19 40
10 64 20
7 80 15
27 78 17
11 61 11
8 40 4
15 45 4
41 49 40
44 19 21
50 18 25
57 4 17
2 54 30
54 24 32
56 36 40
25 33 7
33 61 3
58 23 5
21 51 10
5 35 17
27 50 22
50 43 39
20 60 33
51 63 35
57 5 3
58 41 21
54 15 22
38 4 34
21 40 28
23 8 12
28 25 27
33 19 26
53 29 9
34 34 20
51 55 20
45 74 10
3 65 22
31 6 29
45 26 19
38 65 25
34 24 5
8 62 13
36 81 30
18 3 26
16 5 10
10 78 21
13 75 21
40 54 28
45 35 17
2 36 29
46 5 9
58 61 5
51 20 4
14 30 5
39 65 40
54 38 14
3 59 29
8 51 16
37 40 1
49 8 20
11 26 3
5 53 34
44 38 35
43 45 16
40 62 22
26 30 23
42 77 18
46 33 14
8 16 7
41 69 23
16 3 5
39 10 36
52 48 17
5 21 39
28 30 27
36 55 37
23 14 2
35 65 26
9 70 13
38 7 28
5 10 30
58 79 28
28 16 28
32 6 20
15 75 9
15 5 13
20 32 33
32 1 30
37 44 14
16 54 19
9 37 28
34 47 4
49 46 38
52 16 37
26 6 6
38 42 39
27 78 24
45 53 6
31 24 31
2 78 16
51 20 11
47 34 11
33 4 19
22 6 10
58 31 15
33 67 36
19 12 20
37 22 2
12 36 1
7 65 8
52 19 2
43 75 38
40 70 28
28 58 6
54 1 9
3 48 27
41 62 32
13 30 1
13 64 5
34 53 4
57 13 13
27 12 9
49 11 25
47 80 3
23 6 2
12 78 22
56 9 30
50 55 31
32 29 29
52 73 7
5 19 9
52 46 36
43 15 35
40 46 29
40 79 13
54 50 29
2 32 32
44 69 21
45 13 34
39 18 27
25 27 10
7 36 7
8 29 38
12 16 11
33 28 17
25 36 35
4 38 34
39 44 6
23 31 30
27 43 7
14 4 40
12 37 24
6 64 35
44 51 5
44 24 14
31 71 28
36 25 29
41 49 34
37 14 6
6 15 18
1 75 23
6 25 15
46 53 40
12 46 18
54 39 36
45 29 26
36 12 7
15 64 20
44 77 25
2 22 20
53 1 19
54 65 34
6 67 27
39 32 5
40 61 37
9 20 9
11 80 5
41 80 29
36 47 27
55 52 17
43 58 20
50 63 5
53 24 23
1 59 31
15 52 15
53 49 10
58 71 9
45 13 19
50 33 8
23 44 14
55 5 35
51 1 9
55 75 13
35 33 8
54 42 33
24 59 40
5 23 8
18 30 6
17 48 38
46 62 17
37 5 33
17 18 32
11 8 19
57 79 30
55 6 36
54 39 8
18 33 5
37 43 1
23 30 32
30 45 10
58 56 27
36 66 6
36 1 25
32 11 39
54 13 20
34 45 20
42 48 37
20 59 6
8 45 5
37 51 9
11 46 1
33 45 20
57 40 22
9 27 15
56 74 39
50 3 2
56 61 21
4 48 28
14 4 35
37 8 26
50 1 33
38 7 35
13 56 25
30 60 15
33 69 22
32 44 25
11 36 16
50 74 8
49 9 20
7 53 28
32 68 8
20 36 22
8 10 38
41 9 15
57 14 35
2 37 2
2 46 10
9 62 24
42 11 9
17 20 5
10 55 15
38 60 37
45 48 36
7 54 24
7 21 9
29 23 38
3 79 6
54 53 26
11 39 28
27 4 27
58 36 32
53 48 2
13 20 15
55 7 30
43 33 36
30 76 36
2 25 17
26 50 2
36 53 32
14 63 4
26 12 33
1 58 16
57 31 8
4 71 12
50 77 35
44 79 5
40 17 8
19 58 24
12 52 3
33 78 18
40 46 24
12 58 19
26 31 36
29 50 18
30 64 23
11 17 31
2 33 38
14 67 36
32 21 35
20 62 37
31 41 28
34 16 11
56 44 16
55 31 39
46 65 37
21 59 34
54 8 2
2 22 32
11 66 32
52 13 19
42 28 21
45 61 28
19 20 36
43 68 4
38 57 11
20 12 3
17 9 33
29 53 6
31 6 14
35 45 34
3 2 33
34 74 39
41 32 16
24 72 11
5 81 24
46 27 27
53 80 4
56 16 9
49 71 25
5 76 7
29 55 30
57 64 36
46 79 37
17 31 18
28 15 34
24 53 21
28 64 9
58 43 22
10 8 31
1 11 20
13 8 9
56 78 33
17 54 28
35 8 25
25 60 38
44 80 19
3 57 12
6 80 5
39 56 1
32 77 2
38 54 15
48 4 8
24 23 14
12 16 34
16 7 21
6 78 10
23 56 2
16 35 35
14 79 15
41 74 39
36 18 38
52 3 19
7 76 15
21 78 35
49 28 8
45 45 18
32 53 6
8 51 3
5 77 11
29 67 17
46 37 16
10 51 1
6 38 20
20 63 25
8 31 7
57 67 17
35 78 14
3 78 1
20 79 20
30 17 38
14 44 25
33 10 19
56 10 29
52 61 32
19 56 35
31 4 36
13 77 13
25 1 34
48 25 18
6 55 13
49 80 36
9 62 20
5 59 38
39 58 28
39 66 40
4 53 36
24 45 21
13 73 31
1 47 37
49 22 19
40 6 22
23 21 20
42 42 12
41 59 27
56 31 10
22 54 4
7 80 39
17 21 1
53 77 21
41 66 19
48 64 32
5 50 24
35 10 1
30 16 31
5 29 12
46 81 9
9 17 36
38 36 35
1 27 26
56 55 33
52 49 28
32 11 5
51 54 26
4 33 36
32 54 14
48 46 13
22 48 14
34 68 23
47 44 4
46 48 11
2 7 40
54 13 11
28 48 11
38 42 20
18 62 23
26 38 8
47 15 22
13 58 30
21 18 38
6 56 21
15 26 10
51 24 17
32 13 15
56 7 38
7 40 20
15 24 27
21 66 38
9 33 20
54 56 5
50 44 16
9 5 5
22 9 27
35 43 35
50 30 14
6 2 17
3 2 6
11 67 19
48 37 12
48 67 36
9 73 38
8 73 21
41 75 25
42 18 25
43 56 22
45 35 7
30 28 18
23 66 5
8 52 38
28 12 4
28 72 3
47 62 20
47 33 37
9 41 38
56 58 10
15 18 10
35 78 10
40 60 3
18 36 17
13 43 5
5 60 15
4 32 26
9 17 3
56 12 35
18 12 29
50 79 35
20 4 16
4 74 13
36 1 28
23 28 13
47 74 36
28 33 5
7 46 30
35 67 11
47 52 38
10 45 27
48 37 23
18 7 8
37 61 18
44 64 28
53 44 19
43 56 19
46 17 21
56 18 31
11 69 22
49 10 20
55 80 7
32 71 22
34 57 3
45 39 23
55 43 3
40 31 31
2 69 32
15 57 26
55 78 2
30 57 9
35 65 9
24 44 12
47 51 25
27 41 19
34 63 10
34 62 36
43 64 9
24 58 11
21 21 33
12 27 15
10 42 32
34 14 12
39 74 6
42 6 32
26 42 34
36 66 19
8 4 10
45 77 26
57 10 31
51 28 5
23 14 11
38 53 7
3 74 30
15 51 25
42 63 11
32 62 1
31 35 37
14 53 25
13 2 27
31 9 38
2 5 28
52 10 34
40 75 26
48 64 28
6 37 3
46 19 39
30 72 34
6 20 29
37 20 15
23 14 7
57 40 37
28 58 19
3 17 12
43 59 25
33 26 31
20 35 11
38 76 19
29 75 30
28 77 31
50 39 33
11 12 5
24 40 21
11 74 16
29 33 29
42 61 17
9 63 24
28 62 18
30 4 9
2 46 21
52 62 21
1 43 32
45 37 7
45 67 19
37 43 4
16 11 23
47 47 37
4 78 31
10 64 10
41 28 8
28 19 29
7 70 26
11 1 18
23 61 24
44 19 39
4 25 22
40 77 34
40 71 16
15 53 14
9 66 13
24 2 32
9 42 33
17 28 15
26 65 13
45 27 25
22 79 17
49 49 38
40 4 19
50 56 7
29 59 18
6 51 23
50 46 19
28 31 4
48 29 9
18 31 35
35 28 11
30 38 25
13 4 14
45 58 31
35 23 39
33 46 15
10 20 8
48 11 9
10 10 3
3 16 35
28 31 20
23 6 24
40 58 11
41 18 22
35 11 12
30 62 2
6 56 9
6 21 12
30 27 38
30 24 11
24 59 22
15 66 29
30 69 13
40 73 14
26 51 5
57 45 24
28 72 11
47 11 10
53 18 35
14 48 31
56 24 28
47 11 7
45 21 30
25 68 4
47 58 18
35 65 38
5 74 31
5 15 40
55 51 30
36 39 15
11 3 8
31 63 1
4 76 30
29 45 1
49 13 35
25 42 12
46 57 4
38 54 39
17 30 3
42 46 21
46 26 13
37 31 21
18 7 23
13 35 11
47 11 38
54 78 3
51 78 38
31 8 40
21 40 6
18 34 20
51 57 35
38 44 36
4 18 16
23 38 15
13 75 3
42 4 17
2 24 28
44 38 8
56 69 40
40 25 10
43 44 35
33 9 23
15 12 1
31 24 9
43 50 29
42 46 37
52 11 17
25 44 12
34 7 12
30 65 21
39 48 3
36 39 11
13 9 27
4 50 38
17 19 12
23 51 14
23 16 31
56 39 2
7 53 20
35 71 37
35 73 33
1 49 7
50 4 16
26 11 7
29 49 38
8 75 6
52 62 35
32 43 39
22 2 3
31 55 29
39 62 13
56 69 37
43 36 37
56 65 18
38 52 14
34 46 25
42 5 40
26 22 7
50 73 8
43 15 25
21 76 28
17 77 22
15 8 15
29 17 29
15 48 27
22 6 12
47 47 18
21 43 25
44 15 30
28 20 21
48 27 9
18 41 38
44 4 11
49 32 31
8 67 9
58 8 12
10 26 27
35 27 24
9 71 19
43 26 12
40 31 23
39 33 36
38 48 22
23 15 3
37 59 10
56 81 32
38 63 11
21 59 24
11 31 23
5 7 13
44 67 12
55 8 18
47 30 20
40 30 14
13 67 31
44 73 27
10 57 14
37 8 20
27 61 24
16 78 18
24 21 22
35 53 30
25 50 21
50 32 39
27 1 16
6 56 15
10 10 12
51 21 39
30 57 4
48 37 36
31 74 12
38 8 33
20 46 11
5 40 3
50 22 14
38 68 27
2 55 38
26 76 39
36 52 37
31 31 19
41 29 15
40 69 12
22 2 26
17 53 20
41 58 11
31 12 27
10 35 40
2 21 38
47 46 1
38 69 8
56 81 18
55 49 9
52 4 39
11 26 32
54 38 10
3 43 9
26 74 11
49 32 40
3 63 9
36 8 3
48 62 26
22 7 40
38 15 23
26 25 39
41 13 35
57 69 34
20 62 39
12 23 27
55 37 37
53 71 18
7 79 21
40 17 14
58 79 36
53 24 17
13 10 1
9 8 3
41 30 13
33 65 6
46 79 33
9 27 8
40 59 8
48 5 20
20 68 6
4 39 40
55 31 25
25 2 38
42 61 12
55 55 36
51 3 13
18 38 12
55 62 6
51 37 39
40 69 30
51 18 25
28 5 13
34 49 23
44 8 12
8 65 16
2 30 19
18 3 9
39 43 12
40 52 24
38 34 24
45 52 10
50 16 7
1 58 25
34 35 26
42 76 37
29 2 17
22 13 38
43 81 31
7 47 33
16 65 35
55 4 4
30 77 7
38 56 13
56 21 37
38 72 40
45 80 19
40 56 1
3 21 3
38 27 14
56 80 28
37 54 14
45 26 39
28 43 24
47 43 22
29 45 15
1 69 22
24 58 9
58 14 40
1 1 4
51 22 30
22 40 32
15 76 21
28 72 25
30 75 6
18 81 36
8 14 27
57 49 22
14 79 26
43 36 24
35 57 37
32 14 5
26 20 5
27 78 20
2 26 13
54 29 17
40 7 7
27 63 39
58 38 27
45 16 13
9 50 35
56 28 31
11 16 16
51 60 1
49 50 24
56 9 10
55 9 25
37 48 36
45 72 37
38 74 39
42 73 19
37 9 22
51 60 25
37 6 31
39 37 11
10 14 32
57 27 36
42 59 2
28 12 12
50 29 37
11 72 17
9 52 9
21 35 38
15 46 34
26 33 33
48 28 23
58 50 31
13 71 22
10 13 5
58 78 6
58 42 10
22 32 20
29 20 2
29 56 2
1 16 3
21 78 9
5 47 14
41 41 9
38 76 6
35 11 20
25 25 16
39 67 28
45 72 14
21 5 7
17 71 29
4 64 3
32 68 19
46 19 4
49 24 22
39 57 27
11 45 32
40 35 4
30 55 39
30 9 32
54 37 20
4 24 34
47 75 30
14 69 14
23 73 32
15 28 21
58 30 21
36 7 5
50 6 24
5 23 37
42 37 10
8 38 6
41 26 31
40 53 37
31 79 15
11 71 22
26 14 28
43 10 32
13 71 13
30 29 7
40 28 32
5 42 11
45 63 30
26 24 40
57 3 26
15 10 31
15 13 7
14 50 14
52 3 38
54 38 16
33 52 38
16 36 35
58 77 30
55 5 2
39 18 29
34 23 2
32 38 13
39 23 29
42 16 8
38 24 15
23 38 9
43 74 9
32 14 1
12 78 16
10 11 31
36 14 22
49 21 22
35 40 31
58 44 9
42 48 5
6 12 10
9 41 25
2 76 1
37 31 12
10 27 36
10 27 24
19 44 27
54 9 24
10 65 39
26 3 5
48 6 33
3 13 26
7 73 11
34 46 15
9 18 7
20 2 29
21 28 13
32 68 14
53 1 1
46 52 3
30 72 6
31 55 35
28 41 25
41 9 17
29 43 25
21 23 22
5 33 34
39 19 40
23 52 34
43 43 20
51 25 13
39 57 18
55 76 4
7 26 24
50 41 37
5 34 22
45 7 24
58 60 3
11 2 25
27 2 15
46 69 33
56 43 11
26 42 23
45 9 31
8 6 11
55 9 34
12 17 30
46 30 32
9 6 21
5 54 1
1 2 17
35 79 20
14 2 39
4 74 4
46 58 38
8 25 3
9 60 7
55 10 5
10 24 33
52 35 26
26 28 10
10 79 10
30 24 4
16 72 18
57 3 27
41 79 8
15 7 36
21 10 8
58 23 23
1 64 7
41 25 30
43 54 37
20 13 38
50 18 11
19 36 25
32 6 21
36 12 1
50 80 29
43 19 7
46 11 30
22 13 31
5 46 23
44 36 23
58 76 21
31 13 24
8 17 8
35 80 16
46 54 40
23 22 38
23 74 2
42 66 17
56 80 37
43 16 27
37 74 14
23 23 40
19 23 32
23 8 9
9 14 17
17 19 38
13 59 23
6 23 8
47 55 10
9 41 32
18 53 6
2 52 34
50 33 39
28 22 9
7 22 25
41 56 2
53 25 2
2 78 18
49 19 17
35 79 13
19 7 15
50 43 24
19 79 5
18 68 10
23 40 15
3 25 11
48 38 35
3 16 2
57 7 19
29 48 9
32 67 38
10 28 6
38 79 9
34 53 4
24 35 33
19 72 11
18 67 33
4 40 5
18 52 24
20 10 1
54 31 6
34 41 16
45 28 21
18 16 23
35 46 4
38 1 37
37 12 3
5 20 4
4 35 10
6 54 33
49 65 12
16 24 25
37 57 37
40 4 31
7 28 33
27 66 21
28 65 28
26 69 3
58 57 12
46 69 5
51 56 37
42 60 1
44 67 16
54 30 20
27 7 37
23 17 21
51 16 13
57 58 39
19 73 20
8 16 1
31 80 20
14 32 25
36 55 23
2 46 37
39 9 25
17 3 9
17 42 40
6 79 26
41 13 24
40 78 16
7 29 18
4 61 28
41 61 38
30 30 11
18 32 17
8 54 30
7 20 5
49 41 38
15 77 37
2 19 34
9 1 5
8 54 23
17 16 23
22 11 15
5 29 31
35 40 34
10 38 34
23 28 3
8 79 23
7 8 14
48 44 7
8 37 27
45 36 36
14 26 24
44 34 27
36 28 23
29 67 6
32 10 22
34 74 24
28 39 31
55 1 22
28 45 34
32 24 25
41 32 3
8 47 31
7 19 38
46 31 21
2 45 1
29 30 2
23 63 23
26 39 33
44 11 34
44 58 36
56 28 32
5 48 37
50 71 16
24 6 33
50 18 34
5 67 32
33 28 13
1 10 32
38 60 40
4 44 26
37 41 28
39 32 39
24 7 39
8 9 36
12 81 17
55 54 40
6 80 1
38 72 27
5 3 24
34 6 37
42 37 34
27 50 16
21 55 4
49 34 36
49 25 25
36 10 14
27 27 27
25 48 2
38 69 39
25 65 20
33 6 20
52 24 29
57 20 37
22 57 23
39 76 29
19 75 6
6 81 32
27 73 8
48 4 29
36 52 24
35 59 2
38 73 19
14 12 27
47 16 40
40 42 27
46 55 39
7 51 7
32 2 27
35 58 3
36 7 8
12 51 40
27 76 27
13 17 39
56 66 36
55 55 35
44 28 18
1 15 13
36 52 33
39 15 15
46 75 5
27 45 17
22 51 7
41 35 16
24 75 8
37 80 18
38 61 15
35 16 37
44 35 6
29 31 8
19 10 24
42 59 2
11 8 37
16 75 9
13 61 35
2 45 26
6 64 1
3 68 15
48 45 12
13 79 30
19 68 39
48 15 17
7 65 10
52 24 14
15 36 11
5 12 10
31 2 31
22 8 24
44 81 37
16 58 25
16 79 8
57 24 21
9 59 6
49 65 11
33 54 2
24 64 33
20 31 29
15 27 22
54 16 32
55 49 40
39 19 11
17 19 16
38 52 18
24 13 6
23 70 4
40 60 11
32 39 32
9 24 3
24 49 37
11 68 23
18 76 21
8 31 16
56 4 33
27 48 37
10 35 34
48 81 28
49 62 19
32 25 20
57 40 32
7 73 30
25 25 2
38 26 36
27 79 33
2 36 36
7 17 24
20 28 29
55 40 24
51 39 13
30 16 2
21 28 10
17 68 19
5 52 6
16 73 16
15 23 30
43 47 4
51 1 37
45 38 6
10 1 29
48 14 20
37 49 35
24 46 26
15 15 35
31 27 10
48 70 38
56 26 17
1 17 20
21 18 8
34 56 8
1 65 16
8 47 35
17 44 9
1 29 34
12 49 22
49 46 20
20 25 10
20 76 10
43 11 9
19 56 28
55 63 38
15 31 23
34 80 40
17 62 6
35 9 5
20 5 34
15 71 21
30 76 31
52 36 4
23 36 16
29 30 17
24 19 27
14 11 4
36 75 36
44 40 26
3 5 23
24 32 10
20 53 12
19 10 30
8 31 12
4 16 9
56 54 30
28 73 35
4 11 33
2 48 38
26 22 5
43 76 22
44 80 12
34 60 16
58 63 12
21 63 13
45 31 3
40 52 21
15 79 26
2 7 21
2 50 6
30 52 21
58 67 8
21 67 24
30 25 25
17 77 23
12 3 13
20 67 14
30 81 38
45 76 21
40 51 14
25 54 26
14 79 20
16 75 28
51 67 6
13 75 3
56 63 12
16 28 10
48 8 37
1 55 37
49 8 9
47 49 15
34 38 30
25 48 36
18 11 18
42 50 8
39 81 1
31 11 4
14 34 2
10 32 7
37 53 8
43 37 39
24 7 25
39 12 2
37 25 13
13 13 37
19 39 36
10 74 7
34 67 30
49 10 24
29 53 23
13 35 26
24 7 35
23 55 27
1 70 37
41 16 31
1 18 4
4 54 37
2 76 35
13 7 1
49 76 8
52 22 24
10 35 25
2 50 2
1 45 39
22 76 36
30 75 21
54 52 14
52 30 7
20 34 9
56 3 38
53 33 4
12 21 13
30 61 25
21 59 30
16 36 3
37 63 12
27 64 14
5 8 26
8 46 36
55 57 6
50 81 18
52 26 16
33 16 29
22 76 17
28 45 9
51 41 5
52 38 20
19 52 36
51 46 9
6 78 35
40 79 34
50 77 10
36 53 40
9 8 3
57 51 2
38 71 35
22 42 15
40 15 24
48 75 13
30 20 36
52 62 26
27 54 40
48 25 24
54 73 9
8 61 15
32 61 3
45 66 40
7 7 6
55 16 3
51 7 22
53 80 20
24 3 15
15 27 9
42 81 40
25 11 3
10 46 32
30 2 34
40 2 29
57 69 28
3 22 34
38 10 28
29 49 29
18 52 7
13 5 30
49 28 26
33 41 33
2 59 4
42 64 4
20 23 30
6 40 1
46 16 30
29 62 30
4 16 35
6 11 29
15 31 19
22 1 24
22 75 38
17 57 14
49 44 9
49 53 7
22 53 23
38 59 19
13 69 34
26 44 15
52 5 12
38 7 33
58 37 37
49 75 9
38 15 32
4 67 23
49 19 19
12 29 30
21 23 21
30 34 3
7 2 8
28 78 10
31 23 1
34 14 20
13 35 21
11 12 38
51 16 20
39 18 40
18 28 33
50 18 40
29 67 9
6 14 5
19 22 6
20 53 31
31 31 37
35 27 28
38 66 22
37 53 17
11 65 29
31 79 7
49 32 33
50 32 27
49 32 3
26 3 24
56 57 27
27 46 6
7 25 3
54 53 35
58 59 26
50 12 31
46 3 8
12 31 14
31 64 39
21 76 12
31 1 12
39 47 22
1 23 28
17 1 30
9 5 2
7 73 27
37 16 7
56 55 2
51 30 17
44 9 25
31 71 36
45 3 23
3 75 19
32 60 34
22 57 31
54 38 24
26 36 11
18 74 16
8 57 9
2 46 19
51 18 13
30 25 40
54 16 9
4 68 13
55 78 26
17 74 17
50 6 28
34 4 30
56 10 27
22 47 30
23 3 22
55 74 37
5 5 17
36 34 31
16 61 28
23 57 14
56 45 19
8 57 20
46 41 36
1 77 9
27 66 22
51 71 33
31 43 4
50 29 2
24 35 1
55 60 33
50 47 22
32 36 39
21 41 22
12 53 39
34 10 5
24 39 31
8 69 34
2 45 24
50 56 26
41 40 13
15 26 39
24 30 8
10 43 28
22 6 31
37 80 34
42 18 21
21 21 18
4 69 13
53 50 22
7 75 7
35 22 6
9 79 1
5 45 37
4 30 25
40 18 32
47 54 26
45 33 5
27 19 29
20 33 5
34 71 27
17 45 12
4 41 29
40 51 19
44 63 32
43 33 10
54 22 18
44 5 9
7 72 35
14 70 8
54 7 36
56 18 6
52 33 39
30 60 28
3 72 6
41 71 29
32 41 32
3 12 5
26 73 18
29 46 16
1 25 26
21 33 13
11 48 11
47 54 14
44 45 21
55 57 39
34 18 33
34 2 1
41 57 24
38 70 18
40 17 10
30 17 7
12 13 30
3 38 22
52 38 35
25 58 19
37 66 32
47 40 33
51 11 30
24 74 32
4 74 2
20 31 36
24 44 35
42 23 9
11 52 13
15 55 27
5 49 11
16 59 16
4 68 35
3 44 11
52 10 17
11 7 15
31 19 14
49 73 40
14 6 9
42 60 28
33 69 15
22 14 14
47 37 16
43 4 29
51 68 37
32 71 9
4 70 33
50 9 20
17 54 1
19 11 9
24 30 3
2 34 12
34 35 39
18 73 30
41 38 11
56 26 21
4 40 20
42 37 25
34 69 20
10 16 40
2 52 29
52 59 8
17 19 37
50 6 29
7 78 7
16 35 29
32 4 25
11 58 29
52 9 20
31 52 10
7 28 25
11 9 11
55 78 19
46 67 36
35 62 22
23 77 8
52 51 32
52 63 17
57 20 16
14 70 34
47 44 23
53 44 21
12 63 13
39 36 21
8 64 26
50 45 11
4 9 2
2 54 34
18 79 22
29 63 38
23 34 32
29 60 39
56 71 6
54 78 19
31 59 16
11 6 6
48 46 29
47 20 35
19 39 20
4 3 28
25 22 21
19 80 24
31 9 13
22 29 33
24 76 39
26 33 32
3 11 32
50 11 5
19 48 26
2 43 19
17 52 21
33 23 7
32 57 40
4 36 25
20 47 20
40 6 21
6 22 29
24 35 11
36 44 9
23 65 21
9 77 5
33 47 2
50 47 33
47 7 37
53 40 34
14 43 18
56 5 29
17 7 35
19 69 1
48 79 26
58 13 18
44 46 8
10 38 39
58 76 36
39 37 21
15 26 27
51 18 10
11 16 1
21 75 37
3 23 6
51 45 21
6 77 21
19 80 38
18 72 22
47 9 29
43 12 33
27 77 25
49 9 37
42 59 13
12 10 23
18 16 38
10 81 8
1 34 18
47 71 33
19 23 10
12 70 40
51 35 9
46 42 26
37 28 28
36 2 15
57 33 4
46 46 24
54 19 17
27 11 26
47 60 38
41 28 8
5 66 8
22 64 16
18 36 13
7 63 2
48 12 35
5 10 23
32 27 17
20 14 4
7 56 5
52 66 16
13 25 28
22 56 5
12 38 3
47 72 4
23 71 20
42 46 10
51 81 7
9 19 25
37 10 38
39 69 13
19 2 35
4 51 9
44 50 33
28 4 22
22 19 8
7 66 14
2 37 33
36 59 35
5 2 36
43 54 15
49 36 10
36 24 32
52 4 30
53 23 8
32 29 16
51 10 31
6 8 1
13 34 21
11 53 5
34 28 39
47 42 12
40 1 36
58 22 12
46 16 38
39 38 10
53 52 4
22 6 14
4 13 12
35 13 5
27 52 30
29 12 22
44 46 6
22 7 24
35 37 5
31 45 35
16 46 1
49 36 35
45 21 26
16 19 12
15 73 28
16 5 6
54 6 39
4 53 10
52 61 19
5 75 29
56 18 38
27 10 26
48 71 33
51 10 35
7 22 6
11 17 4
3 53 11
21 72 25
58 52 28
16 34 15
17 40 9
26 59 16
5 3 30
52 20 8
31 77 29
22 13 23
28 19 16
35 70 1
52 73 20
12 74 25
42 68 23
32 5 30
35 41 2
47 55 30
19 5 29
4 55 31
29 41 2
34 25 25
40 40 40
14 56 28
54 40 3
13 62 6
58 20 9
10 65 17
47 77 36
32 60 24
9 49 6
33 15 36
15 38 36
30 23 23
25 62 34
46 79 32
8 80 26
35 23 26
10 1 38
27 8 10
22 16 20
51 9 32
58 76 32
24 77 30
19 59 3
9 71 29
56 66 5
13 23 36
56 7 32
45 55 16
9 9 3
44 32 23
58 40 17
10 55 31
52 58 5
57 1 39
38 21 17
17 29 30
39 68 32
43 5 15
51 23 24
17 71 11
8 76 26
6 65 15
25 71 2
1 3 27
28 20 3
46 34 37
11 66 7
4 49 19
24 73 12
22 46 17
57 17 6
12 21 17
33 60 32
2 65 27
13 30 21
48 13 1
54 32 8
52 80 37
49 33 30
47 47 13
33 4 5
3 62 16
31 1 6
10 65 38
45 75 5
1 18 17
23 9 8
50 6 24
50 13 5
58 16 11
25 79 9
22 44 2
18 34 8
56 19 27
48 28 5
1 21 19
20 76 2
10 34 25
47 14 31
18 78 7
7 57 39
37 44 8
2 22 16
29 62 30
10 24 2
43 14 20
20 20 38
4 1 33
43 14 38
54 8 36
47 66 11
36 44 14
11 4 13
52 35 31
34 38 27
1 1 25
16 47 22
33 40 5
41 13 13
27 31 4
53 17 15
33 30 24
34 42 9
44 45 29
25 4 39
19 66 4
39 59 36
48 8 24
4 9 11
54 62 13
1 79 22
5 7 29
43 55 31
52 69 6
16 81 3
6 62 8
10 42 18
40 80 4
3 68 35
5 11 35
52 17 4
6 35 6
54 38 14
49 46 23
45 70 17
26 78 36
7 61 11
51 49 35
36 56 14
6 8 28
35 35 22
15 32 39
11 11 18
20 4 33
45 37 15
45 55 20
13 20 17
27 30 11
2 38 31
48 16 13
45 7 36
42 63 19
57 58 36
37 80 1
2 15 23
50 34 12
8 70 10
41 50 7
20 55 40
48 41 11
31 73 7
51 32 23
19 15 1
16 59 34
20 16 21
38 50 15
2 11 1
23 62 25
35 60 35
23 32 5
16 20 35
11 19 24
58 81 10
52 71 27
45 71 15
54 70 22
34 6 28
15 73 40
7 46 4
57 73 34
7 5 22
41 34 9
21 16 39
52 63 6
33 47 3
57 13 39
37 61 30
45 61 3
54 76 32
53 41 36
23 48 30
10 53 27
16 67 19
54 64 35
38 66 12
9 78 15
13 50 8
34 77 30
55 75 20
28 24 28
18 3 10
38 30 1
56 72 4
41 12 16
26 36 15
37 30 3
37 78 2
34 37 11
48 46 16
46 2 24
5 60 19
17 35 37
48 64 4
51 67 4
16 75 35
31 75 36
19 70 1
36 74 13
43 31 8
17 54 9
8 76 38
2 14 31
32 6 3
15 54 40
48 33 30
6 52 38
44 33 12
30 64 20
50 33 5
38 61 31
12 42 36
16 38 13
50 81 19
25 66 31
5 73 4
20 36 25
58 38 36
47 47 10
42 58 40
18 69 3
57 25 38
18 38 37
53 76 20
22 20 15
26 53 26
13 76 3
34 30 40
53 23 39
37 44 12
15 3 14
7 14 16
31 18 6
55 43 9
3 79 35
26 60 8
48 75 21
39 59 6
48 81 23
38 70 3
33 34 3
3 78 2
33 77 24
51 38 17
11 25 34
57 78 17
42 40 22
21 31 31
14 57 20
26 67 11
22 6 26
37 42 22
6 68 30
39 31 27
51 29 26
33 24 37
46 16 31
40 54 4
57 10 9
21 71 28
11 10 28
5 13 16
1 51 1
22 11 28
21 76 21
8 68 30
53 14 27
16 76 36
49 9 25
34 30 4
29 31 12
26 59 23
29 44 35
42 18 34
25 27 13
23 72 38
45 74 37
34 58 35
21 13 8
35 60 34
50 20 10
45 36 11
51 17 21
18 39 7
39 66 4
36 38 16
38 66 18
49 51 11
50 33 3
53 17 22
3 34 4
13 78 21
12 35 39
14 79 11
44 26 13
22 17 37
56 19 40
4 18 19
58 39 39
12 79 22
40 43 39
58 68 24
13 55 13
39 50 3
27 53 28
49 61 27
28 73 17
46 81 30
16 54 23
2 26 16
8 29 10
55 28 1
17 25 21
48 70 3
31 20 15
3 23 9
13 54 23
40 67 18
20 47 18
25 41 27
17 11 12
41 69 12
18 36 30
12 40 24
43 63 17
23 26 4
42 44 34
3 54 14
38 18 12
3 25 1
58 67 13
4 54 16
37 62 20
47 19 32
35 32 9
49 70 31
35 48 29
30 7 19
13 38 12
7 75 29
20 47 35
40 4 1
53 30 3
8 40 23
37 24 36
17 73 19
38 63 3
51 20 30
29 10 3
16 52 33
33 62 23
54 39 15
48 77 19
32 21 36
26 53 33
47 10 15
52 26 9
52 19 13
18 22 26
21 55 24
56 44 18
55 24 23
45 34 14
8 80 2
32 42 2
15 19 37
2 3 10
19 31 29
29 21 7
22 28 29
44 41 2
10 62 24
9 2 26
39 53 27
12 44 16
10 53 37
38 35 2
50 40 20
18 37 31
54 62 22
13 13 39
48 51 27
47 78 17
21 52 2
15 8 35
53 36 20
48 65 5
21 75 20
42 11 33
25 25 37
16 67 12
33 8 9
53 54 18
52 36 40
43 1 25
23 8 9
51 60 35
17 20 9
5 70 25
15 68 1
43 53 3
15 3 16
15 18 22
26 67 22
36 55 19
53 70 8
48 58 1
9 70 31
45 44 27
40 75 10
7 63 15
19 70 30
36 64 20
48 60 39
21 47 10
52 25 33
40 15 24
25 17 20
43 56 7
35 31 5
6 61 12
45 69 33
3 2 12
39 46 3
34 27 37
26 72 13
19 37 22
50 49 28
49 81 33
53 69 18
6 65 10
56 81 9
48 16 17
58 16 12
57 79 31
22 18 40
55 52 38
30 12 17
55 4 31
25 35 8
12 16 6
2 15 34
30 31 8
9 3 8
17 2 13
46 27 24
40 28 14
37 10 4
3 4 7
27 71 16
48 8 12
29 36 9
58 81 15
38 18 36
19 48 24
11 67 14
57 18 11
52 53 16
45 40 30
15 78 29
55 6 15
55 38 13
16 51 24
26 34 39
18 17 22
38 55 17
8 66 12
43 55 29
22 75 10
9 55 27
17 79 29
55 78 9
27 78 39
19 52 35
2 30 28
45 34 22
18 10 14
36 35 14
54 16 17
54 22 39
49 75 24
49 21 38
45 4 25
20 6 17
45 81 25
56 40 31
56 62 21
8 29 23
1 81 37
45 76 34
6 62 16
54 23 15
37 69 3
4 28 17
38 36 36
16 25 37
7 53 29
48 64 32
22 29 10
25 43 4
19 9 34
57 51 10
36 41 25
49 38 19
56 7 35
14 79 32
2 2 31
17 8 12
30 10 32
14 21 25
40 26 22
45 80 30
6 66 24
49 71 17
19 23 26
5 67 31
50 40 27
5 24 9
4 15 30
18 7 38
49 33 37
46 52 9
26 11 7
55 25 15
19 33 16
56 56 12
39 28 20
29 51 39
12 20 39
18 9 18
19 70 8
21 3 29
30 22 22
33 51 18
27 56 28
23 70 8
1 21 34
12 20 34
29 53 3
20 61 7
10 42 21
28 10 38
7 39 1
25 30 27
38 13 3
29 32 14
22 77 38
54 66 5
42 34 3
38 78 25
20 1 29
38 48 3
27 69 25
44 11 18
29 17 2
32 49 4
34 33 23
46 11 29
44 31 20
4 48 21
26 53 10
57 51 23
19 52 24
42 78 11
37 12 30
19 44 30
7 33 24
1 56 19
57 56 28
4 34 2
16 70 20
10 38 31
45 23 27
5 35 40
11 44 31
24 28 3
40 59 35
4 32 13
33 51 38
9 72 18
54 56 38
23 71 31
42 27 12
10 29 26
28 80 34
2 28 20
17 11 27
44 5 35
36 57 31
1 35 15
18 59 31
20 14 12
42 2 29
54 81 6
37 48 12
24 26 18
2 48 38
51 37 2
50 29 21
42 1 27
43 44 24
2 73 21
21 70 12
47 73 17
10 9 16
8 79 34
14 30 33
36 76 20
24 64 27
47 26 4
50 41 14
12 80 24
36 22 14
21 11 37
14 63 19
46 28 26
13 65 5
2 77 11
14 51 33
17 53 14
56 19 26
13 29 23
49 15 40
55 7 8
18 64 20
49 18 24
42 6 13
42 37 19
44 18 22
57 75 18
28 25 31
38 53 8
21 32 2
54 44 2
39 14 1
41 46 16
48 75 39
36 46 17
46 67 6
49 69 18
4 36 15
57 54 1
31 74 13
58 74 8
7 35 21
16 31 40
4 32 22
38 69 27
56 59 11
1 78 34
24 21 8
41 32 17
28 4 39
29 75 18
21 64 4
41 74 16
32 57 14
34 35 32
43 3 40
22 25 18
53 32 30
31 37 4
54 52 21
5 54 20
1 12 3
31 60 36
44 45 38
22 43 6
32 47 7
17 65 5
33 13 22
22 9 40
15 28 18
4 40 22
24 80 16
33 14 35
53 31 21
12 78 6
56 66 19
34 48 22
34 12 5
15 41 38
57 81 14
47 48 4
32 65 26
48 66 10
7 68 38
4 36 36
36 2 35
10 1 13
30 25 9
40 80 14
7 27 1
45 27 14
22 5 25
22 81 10
12 8 26
22 68 32
8 12 30
32 16 4
10 70 31
45 8 36
45 40 6
53 15 35
20 46 29
21 7 8
19 55 10
50 15 28
39 80 9
31 21 21
48 48 16
52 80 5
19 7 26
15 69 17
3 1 39
16 23 35
32 21 33
46 3 37
27 2 8
36 29 3
43 11 35
48 77 37
31 23 2
56 47 2
15 48 17
55 39 6
23 50 39
26 37 32
11 21 12
35 68 13
30 72 10
20 38 16
47 61 18
52 6 16
42 58 29
49 18 34
14 58 15
37 1 27
41 79 39
47 53 35
46 72 15
2 31 12
31 68 21
15 64 18
49 17 10
23 53 18
37 55 16
32 4 7
36 18 16
36 76 35
4 74 20
49 11 24
33 24 39
25 31 11
14 54 18
22 11 23
37 57 17
2 69 29
30 1 37
21 74 37
35 77 5
14 18 17
31 14 29
49 5 7
5 75 31
20 3 17
32 40 25
34 43 4
25 34 6
14 19 7
39 32 19
41 28 27
1 62 40
21 78 37
8 14 10
3 71 4
32 78 8
38 45 18
58 72 14
4 75 3
31 53 30
22 23 10
17 52 35
14 12 28
43 47 16
3 42 39
40 55 18
43 2 30
6 12 1
45 68 15
50 81 38
11 62 36
31 53 35
34 14 9
37 64 5
49 11 32
43 35 26
23 72 25
16 51 29
16 31 7
12 69 34
15 53 39
11 53 8
43 71 27
14 75 1
40 29 27
7 60 19
49 25 30
11 8 23
48 72 29
1 49 37
30 52 16
57 80 26
25 64 2
53 67 16
36 3 18
45 24 7
54 50 32
18 27 15
48 37 38
42 40 34
55 6 32
11 21 30
7 50 22
33 6 17
52 78 2
9 5 29
54 13 22
31 62 31
11 4 23
6 52 29
42 1 35
8 61 1
5 65 17
27 58 2
52 79 5
48 6 8
34 77 16
5 57 6
4 59 1
35 30 9
40 61 40
5 49 33
35 15 37
2 65 18
10 61 33
57 65 1
35 36 19
13 31 19
34 37 7
4 6 19
48 24 10
27 69 32
58 29 11
8 26 12
49 21 33
17 38 17
24 48 32
45 18 2
37 1 22
16 4 20
52 75 34
2 43 27
36 70 27
48 40 3
10 66 38
41 78 20
57 72 27
52 31 11
14 66 24
32 65 9
4 70 28
46 36 4
38 23 18
6 45 38
52 34 36
49 52 23
1 2 23
4 3 34
28 64 38
2 18 5
7 67 34
40 48 28
58 4 27
14 45 30
41 81 21
39 69 18
11 67 23
1 21 9
28 59 16
9 15 1
4 27 34
12 44 1
28 29 19
31 73 33
51 14 6
56 39 12
57 51 20
5 57 9
56 1 16
57 66 9
48 47 24
8 20 24
18 32 34
18 16 31
36 16 30
38 23 1
57 12 30
37 14 8
37 11 25
36 66 19
15 40 25
11 57 24
56 36 2
16 78 28
40 21 32
14 3 23
17 21 16
48 13 25
52 25 15
35 69 4
56 65 29
43 28 9
39 10 34
33 32 20
24 37 32
41 19 20
21 51 35
30 70 24
21 38 2
51 71 21
34 69 33
3 50 5
11 47 5
46 73 26
53 2 26
40 7 10
53 44 28
39 26 27
50 25 7
50 42 10
22 66 9
38 20 26
53 25 13
29 34 3
41 80 24
11 1 10
30 77 23
25 8 15
40 8 10
42 78 28
50 16 36
45 57 21
3 40 23
3 65 24
10 52 33
26 51 32
52 57 11
27 41 23
50 38 14
13 30 1
54 46 24
58 2 20
14 16 23
29 16 34
43 14 6
34 47 26
19 65 6
22 75 39
44 60 27
2 56 26
36 41 15
45 74 19
5 51 36
39 29 5
1 2 23
50 21 31
12 39 16
2 67 31
49 40 14
18 21 6
7 16 4
44 32 12
22 40 13
27 57 1
6 25 38
53 63 13
56 39 38
51 30 13
5 19 31
11 79 34
9 58 15
25 37 32
50 12 9
36 45 3
52 41 36
40 10 12
39 34 31
22 62 27
24 56 13
43 66 9
42 71 29
41 76 13
17 53 19
4 41 3
55 73 18
51 53 39
28 24 23
28 12 22
57 70 9
4 58 5
26 50 12
55 38 12
47 16 18
5 17 11
51 68 3
30 58 40
52 44 29
11 18 36
29 76 15
12 28 37
47 31 1
29 20 35
34 57 22
55 60 28
56 47 16
11 14 21
38 49 27
30 38 31
16 74 24
4 34 29
34 33 21
22 27 22
37 20 29
54 36 17
58 5 18
48 43 11
49 77 37
30 58 31
40 64 12
39 3 32
51 69 30
40 19 26
31 59 34
19 4 36
4 16 5
24 31 14
40 4 30
38 34 34
3 32 14
40 64 24
12 49 21
35 53 16
22 44 11
12 52 1
34 67 2
25 53 12
49 74 28
34 51 6
8 49 24
22 27 25
40 75 8
50 13 2
21 42 38
40 3 25
35 6 27
48 75 5
23 49 38
47 55 12
45 39 2
35 14 19
39 50 34
31 22 24
55 80 26
22 47 20
53 35 24
46 66 33
35 40 18
52 62 7
12 61 18
40 36 20
41 33 35
13 80 39
22 20 36
2 56 2
36 13 12
44 56 28
42 43 27
47 22 36
27 47 25
34 57 5
26 4 28
16 52 3
47 66 38
57 51 29
8 57 26
39 14 10
17 49 23
3 20 5
18 17 27
53 52 25
32 23 30
49 77 6
46 76 13
14 1 37
30 5 10
40 11 12
27 27 13
51 48 9
56 51 22
26 16 20
14 29 5
49 49 1
30 8 16
3 46 33
31 75 31
13 37 14
19 9 25
38 1 40
49 54 7
3 43 16
52 27 29
35 31 33
11 32 37
14 20 19
21 46 39
23 11 21
3 34 21
1 48 31
34 29 9
50 39 13
33 51 33
48 7 17
46 16 39
45 51 9
28 70 21
19 3 18
35 51 7
34 33 29
51 10 17
16 67 18
28 44 6
10 54 24
39 23 19
33 49 23
45 70 20
31 15 11
54 25 18
5 2 11
48 19 39
18 29 12
27 72 30
10 50 25
19 40 38
33 34 8
49 49 4
2 15 25
26 61 19
58 40 39
23 53 26
23 80 16
21 54 17
23 10 19
14 30 37
4 55 7
13 22 35
12 15 35
17 47 9
20 66 8
37 72 14
3 3 34
32 65 11
15 43 36
8 13 12
7 69 3
14 31 27
23 61 21
54 13 3
56 29 9
15 25 26
15 20 16
44 10 37
5 75 17
29 42 33
27 45 28
17 33 11
13 80 15
18 10 9
57 20 16
5 48 10
2 16 28
55 3 40
1 30 11
31 37 16
10 57 7
57 80 29
7 38 29
1 14 39
50 78 27
12 61 21
42 58 34
9 62 11
51 17 9
51 23 10
58 38 16
58 11 28
17 76 32
44 52 35
10 13 35
14 72 14
45 47 32
46 78 1
58 66 24
19 18 37
35 77 37
11 40 6
2 15 34
11 15 23
27 53 30
46 2 32
10 63 27
12 30 16
31 67 3
47 14 8
25 61 12
25 20 22
50 46 7
40 40 21
58 46 18
37 75 38
21 64 18
14 15 22
51 45 38
6 21 20
47 20 22
36 13 28
34 47 27
37 64 39
48 41 3
21 14 18
27 81 3
41 4 12
49 62 18
31 40 6
14 35 34
28 11 21
14 41 21
13 53 39
27 21 15
5 50 30
8 55 2
48 36 23
47 58 17
45 3 20
20 49 40
23 15 24
38 8 20
18 40 10
16 68 33
23 14 30
54 75 29
43 69 13
20 41 22
10 52 17
36 30 24
9 3 12
44 34 18
40 63 11
48 54 3
2 32 14
29 74 6
15 28 35
15 9 27
17 51 4
14 72 37
49 57 26
55 28 13
38 13 31
58 49 39
13 23 29
55 69 36
38 35 1
54 33 34
40 20 20
57 78 7
13 6 28
8 26 1
37 49 30
24 49 27
12 5 6
39 67 34
25 40 21
14 42 22
27 56 23
52 47 6
36 6 12
46 36 12
18 22 33
29 7 24
5 41 20
41 26 27
28 56 22
27 56 39
29 24 25
51 68 31
23 67 38
2 73 26
7 45 20
40 7 27
29 10 38
28 36 3
24 66 28
25 1 32
27 64 27
37 4 7
53 77 36
24 69 24
6 53 13
47 39 27
26 29 35
39 3 40
