23 15 273 6963
2702 1292 2237 3418 3480 4231 4097 945 2485 3049 290 4459 2168 140 2111 
2804 2347 3715 4229 3915 3342 428 2952 1998 1621 4276 1179 1270 1096 685 
677 3020 2101 2370 4783 1748 3192 1400 3274 4315 3553 1083 1312 1138 2317 
3205 4053 3796 1616 1445 1905 3614 3283 4535 2030 502 3627 466 4901 2807 
2278 2119 814 4113 775 3059 1716 4632 1749 825 30 1599 2790 3570 4167 
95 3555 1410 4322 2962 2495 1595 3755 3318 2714 4554 2726 210 3398 453 
56 1751 354 2179 4719 3171 4598 1560 1378 4879 1831 1777 4862 3408 219 
4302 89 1631 1464 3309 4009 2941 2812 2618 4618 547 716 1336 647 649 
3383 142 690 4564 17 2998 4381 2015 2433 3247 4643 3827 3701 4662 2291 
1459 2626 1607 538 2541 311 3592 1217 440 1912 968 4763 4002 4284 4614 
751 3242 2681 2591 3292 1693 1238 2587 2843 2175 4713 1401 2844 1031 2900 
1099 3448 4346 4863 2665 2355 4486 2468 1641 1071 1490 3089 4290 1070 1819 
4582 1639 4393 1158 1004 885 4000 3510 1548 1745 2776 3609 4833 3261 1409 
4775 3855 4412 1883 1053 1778 4547 3134 3985 3954 1707 2466 3638 2545 1741 
3934 4540 3412 539 2502 4675 3875 1442 2337 3961 4450 2400 1186 4651 576 
3411 636 4610 423 2952 4099 4075 1371 967 3123 3235 1011 4512 724 3850 
4083 4128 1500 1116 1725 1400 4271 4071 4540 4426 1282 4255 4546 2272 38 
3185 2064 2477 2180 3917 1751 2843 2512 675 4870 81 3448 2554 2791 73 
1290 2750 709 1982 3517 4333 4037 2876 3382 2339 1412 106 3647 3463 3296 
565 3409 3938 1724 2563 2076 4698 566 3351 3532 3363 2738 4288 663 3852 
1184 957 347 277 1573 3244 3118 4359 4489 221 4252 129 2037 723 4794 
156 1504 4880 1171 2510 4292 3905 4583 3385 1489 2883 2976 3597 1304 1071 
2123 626 657 3260 953 2373 1328 3588 3526 1924 3519 4148 505 1517 3787 
1 4 2
13 1 24
1 11 23
13 7 13
6 6 2
7 11 28
15 1 22
5 12 38
9 5 29
6 6 30
6 1 25
3 3 31
10 12 35
13 1 5
19 4 29
18 13 33
10 4 26
8 6 17
1 8 27
16 9 17
18 12 29
16 6 28
10 13 35
19 8 37
13 12 2
14 12 39
13 11 28
11 10 27
4 13 21
4 3 36
19 1 13
18 1 39
20 13 18
9 11 24
2 13 34
14 2 31
2 2 24
21 2 8
6 2 34
20 1 11
13 2 38
8 3 19
17 6 15
21 1 14
9 3 5
20 7 34
16 3 5
3 10 1
13 9 22
10 3 8
4 13 14
1 1 32
17 5 21
19 10 12
8 12 40
9 1 14
20 10 13
17 5 30
4 10 4
10 13 2
20 13 6
2 4 39
9 7 7
14 1 23
3 10 31
8 10 17
15 3 19
1 4 9
10 6 16
7 5 19
3 3 32
19 13 31
8 9 36
20 5 27
2 2 1
14 2 24
13 3 34
21 7 31
1 13 31
10 4 23
4 10 16
16 5 17
14 2 27
9 8 39
5 5 14
10 4 29
8 10 14
17 4 37
4 4 16
21 10 32
9 10 28
2 4 38
11 4 8
8 5 39
1 9 36
21 3 16
21 13 22
6 5 1
5 12 7
12 5 14
10 1 19
7 1 23
2 6 29
8 1 32
10 5 10
2 10 30
3 11 33
3 10 3
11 8 19
1 11 39
15 8 4
18 5 20
5 8 10
17 2 21
9 9 6
1 6 25
3 8 35
17 7 38
9 1 6
15 7 38
7 11 18
10 8 36
19 4 15
18 8 36
11 3 25
13 1 22
15 4 14
21 6 23
9 2 39
17 3 13
4 2 16
14 2 1
8 5 13
7 11 28
8 1 11
17 10 35
3 13 4
5 8 2
10 10 40
5 9 17
7 13 5
11 2 21
7 13 7
1 11 36
3 1 32
11 5 17
8 4 22
4 11 40
5 4 12
20 7 4
13 1 8
9 3 16
18 6 30
1 12 23
6 13 24
21 11 31
21 1 30
3 12 25
19 4 28
2 5 27
19 2 6
21 9 4
6 7 30
7 4 34
18 12 15
16 9 40
17 1 15
14 4 22
7 3 25
13 1 16
14 4 16
6 7 26
12 4 2
11 2 6
8 13 6
18 13 14
3 5 6
3 5 1
21 9 36
15 13 34
4 8 12
5 7 34
9 6 24
2 8 17
12 1 30
1 7 19
6 8 35
18 6 24
19 4 15
20 11 34
15 4 7
6 11 34
11 12 19
1 7 39
9 8 20
1 3 25
7 11 15
8 9 20
3 12 23
2 9 19
2 6 27
9 12 4
11 13 19
17 3 25
10 5 29
19 2 36
18 8 27
18 5 38
7 11 35
9 13 33
1 12 30
18 1 32
19 1 9
1 7 34
20 13 28
11 13 37
10 1 18
9 13 32
13 11 5
2 4 28
18 4 13
7 10 30
20 7 15
10 1 16
10 4 12
2 7 35
5 12 22
2 2 13
13 8 13
8 6 10
12 1 20
6 12 23
10 1 35
17 8 38
20 12 17
17 8 26
7 4 33
3 3 10
2 13 37
9 5 12
11 7 15
12 11 36
12 10 25
19 3 30
12 12 22
15 12 28
19 5 5
15 12 22
12 3 4
21 6 1
6 1 27
11 8 37
3 8 11
16 12 22
19 4 30
3 7 14
19 12 35
13 3 13
11 11 21
3 6 10
10 10 24
5 11 37
10 1 26
19 7 27
8 9 28
19 4 25
18 12 27
20 7 24
1 6 29
2 9 13
1 13 22
21 7 38
15 12 13
12 11 3
4 10 33
10 4 27
6 8 22
18 3 2
1 6 12
2 4 30
2 4 35
8 8 38
8 8 10
1 2 14
4 4 28
17 7 37
13 5 12
3 9 22
11 12 23
14 6 21
6 9 7
19 7 12
6 10 7
12 5 16
10 3 20
15 7 11
20 1 5
18 7 13
7 7 22
4 6 35
7 6 3
10 8 18
8 6 5
12 4 34
12 2 23
14 13 14
12 13 18
20 5 24
9 9 12
14 1 32
1 11 1
15 8 11
14 11 7
11 7 37
16 12 8
19 2 37
16 8 5
11 2 10
8 12 22
14 7 35
2 12 7
13 3 9
19 6 38
5 3 29
14 11 9
21 12 32
17 7 29
9 2 22
21 11 12
13 10 25
5 10 6
14 1 1
8 5 28
17 12 37
5 9 26
8 12 14
4 8 3
11 8 21
5 11 22
20 1 38
6 12 34
18 3 30
3 4 18
18 9 34
5 5 34
4 1 10
21 4 9
2 9 27
2 1 28
19 3 39
11 13 29
1 10 27
15 9 27
6 12 2
6 9 36
8 4 37
15 1 40
13 3 25
18 4 28
3 2 27
15 7 17
9 7 24
13 8 25
14 3 14
17 5 31
10 1 40
5 9 19
21 13 11
8 2 12
16 2 11
13 9 27
9 5 37
8 10 26
9 3 21
9 1 7
18 6 40
9 1 36
21 9 3
20 7 2
3 11 39
15 5 39
16 10 11
4 7 10
18 7 21
11 4 5
19 10 5
18 9 32
10 8 27
8 2 36
15 2 11
18 6 12
9 8 15
15 3 8
1 6 6
21 3 24
1 12 39
19 9 6
9 12 7
5 8 15
9 9 7
13 12 26
18 3 5
5 8 28
15 6 15
17 13 13
2 9 21
6 8 26
2 5 11
10 4 9
8 12 10
7 5 22
19 3 4
14 2 33
13 5 35
21 4 22
4 7 6
14 5 32
12 3 34
3 11 23
7 10 14
19 2 30
11 2 31
21 4 1
6 5 26
7 13 4
20 12 27
6 9 31
19 1 32
15 3 3
9 2 31
20 5 31
15 5 1
21 5 17
2 1 2
4 10 28
19 13 29
7 3 22
12 12 12
1 7 35
8 6 27
15 2 34
3 9 27
5 8 3
20 2 4
6 6 32
4 6 14
19 11 34
11 1 30
9 11 28
3 5 37
2 8 31
12 12 30
18 2 15
6 4 28
15 2 5
21 3 35
21 12 10
15 8 36
10 5 40
3 11 9
5 6 40
9 11 26
12 7 22
14 3 3
15 5 29
21 8 2
2 2 10
12 10 10
16 6 12
9 4 10
21 9 12
9 4 12
19 9 8
18 11 29
12 7 37
21 11 32
17 6 23
16 10 13
14 8 21
4 7 14
17 7 4
1 7 25
9 9 25
14 2 31
21 12 20
12 11 13
7 10 10
3 13 3
4 4 12
19 8 40
4 7 13
18 10 25
13 4 33
6 3 8
8 4 28
17 10 34
6 10 31
19 13 7
19 9 38
13 3 26
16 3 12
21 5 9
6 12 39
15 7 8
11 2 30
2 3 38
4 3 11
12 1 6
6 4 32
1 3 13
1 12 20
19 3 25
20 7 25
9 13 20
3 3 2
15 5 32
18 1 32
1 7 8
13 10 6
5 4 18
3 10 30
1 7 40
13 5 20
10 12 17
2 8 6
12 6 29
4 1 21
12 6 27
19 13 21
15 10 22
7 6 5
8 8 27
16 4 29
16 3 34
15 7 35
9 5 26
12 5 36
4 1 8
11 4 8
18 11 34
5 10 40
4 10 20
17 10 1
17 12 35
9 3 9
13 8 1
14 4 2
20 4 32
3 2 5
5 8 32
1 9 32
9 3 6
9 3 16
19 1 14
18 4 27
9 2 10
14 8 1
19 9 32
8 2 37
21 3 4
19 12 17
20 12 40
2 4 36
4 1 11
6 6 4
10 5 29
21 13 28
20 10 18
3 12 1
18 9 31
8 4 35
5 8 1
17 6 37
2 8 36
11 5 23
10 10 5
2 2 32
21 9 26
17 1 14
2 3 7
17 1 11
11 9 20
2 12 21
3 3 13
2 8 2
19 7 31
4 4 14
19 13 14
7 12 33
2 7 11
16 2 1
5 4 32
12 7 16
4 9 23
3 7 13
16 3 31
7 10 23
5 1 40
3 11 27
7 13 29
18 4 35
16 13 35
21 9 14
6 3 20
15 6 2
1 10 33
19 3 4
2 12 31
15 9 29
15 2 11
1 7 12
5 13 22
16 12 24
13 3 31
13 1 29
14 7 19
15 3 21
21 1 19
1 12 19
1 6 14
12 2 11
3 9 1
6 11 40
14 1 31
7 10 11
10 1 20
4 1 1
7 11 13
1 7 13
8 12 14
3 3 28
20 10 27
21 5 6
8 2 18
11 12 7
21 12 36
5 10 15
4 3 15
3 7 22
11 1 9
12 1 33
20 12 24
12 12 37
15 6 36
14 4 13
5 12 25
17 5 21
3 8 35
7 9 37
12 10 14
12 8 38
6 3 4
18 8 2
18 10 19
5 11 7
1 13 22
18 10 7
6 3 20
6 8 33
15 10 33
17 8 13
12 1 34
18 6 36
18 4 35
6 12 16
2 2 6
9 3 21
7 11 17
12 5 11
20 12 23
19 7 19
15 7 34
9 12 22
10 6 2
14 8 14
14 4 38
3 11 24
14 9 16
4 12 32
14 11 18
11 1 2
17 1 33
5 12 15
15 13 40
13 11 8
6 4 37
11 11 15
3 5 37
17 5 18
11 4 39
5 5 32
14 6 32
7 7 8
8 8 19
5 4 2
16 7 24
14 12 6
16 5 20
7 12 21
13 3 19
6 6 40
3 2 12
2 1 3
2 3 9
17 11 15
2 2 33
6 5 18
2 4 33
20 5 13
4 10 23
17 1 21
19 9 30
3 9 6
3 7 18
20 2 32
4 4 12
11 2 9
16 5 18
6 13 20
9 12 28
12 10 26
17 5 36
7 8 20
12 1 27
6 5 20
21 8 26
14 6 26
17 12 21
9 3 6
1 5 19
5 6 34
20 5 34
2 8 2
8 3 31
1 3 17
17 7 27
5 11 19
20 9 5
2 11 24
6 3 37
16 4 33
4 9 7
20 7 12
7 13 13
18 11 38
21 11 12
21 5 5
7 5 37
14 12 2
1 2 34
19 6 14
20 4 34
7 6 34
2 12 27
8 11 22
7 4 12
17 3 5
6 6 1
17 2 2
8 6 26
15 4 5
12 13 10
14 12 17
19 11 2
19 10 36
2 10 9
7 9 35
9 8 37
2 1 28
6 3 31
9 13 40
1 6 1
14 8 1
20 3 3
18 4 2
19 3 6
7 11 33
15 13 3
19 6 15
15 4 13
8 11 20
15 8 40
18 3 31
14 12 32
8 10 6
12 13 10
2 1 10
10 9 29
13 10 2
17 8 25
4 5 33
20 7 17
21 4 21
17 8 2
8 8 23
13 5 34
4 13 6
11 2 30
1 3 33
17 8 3
9 7 27
8 6 2
18 4 35
15 2 26
19 4 26
6 1 30
17 11 5
8 7 21
6 3 14
1 8 38
12 3 21
14 5 30
21 5 40
18 11 10
5 8 40
21 11 6
12 8 22
11 6 26
8 5 26
13 5 7
6 3 9
10 10 7
19 5 18
13 4 9
20 1 27
19 13 24
3 12 13
18 13 40
6 8 27
18 7 18
3 8 28
21 6 34
6 1 9
16 13 24
14 6 6
4 11 31
7 10 38
19 10 11
7 12 24
10 7 40
5 8 39
9 1 11
18 13 10
21 11 24
4 8 12
1 4 13
8 2 7
10 7 16
9 12 36
18 8 24
5 7 31
4 11 13
9 6 33
6 5 24
6 5 6
11 9 37
15 1 6
12 13 18
17 6 38
8 1 20
10 10 10
20 6 36
12 2 4
20 1 3
21 2 3
10 13 37
18 7 14
20 5 27
19 5 17
11 1 20
16 5 28
20 10 33
20 5 1
19 12 29
5 4 14
1 11 7
6 7 30
5 6 11
14 8 10
16 13 6
18 4 11
11 12 17
18 5 8
1 10 31
16 2 29
4 1 2
9 5 6
15 1 35
3 11 14
17 4 33
14 13 29
21 2 30
17 2 6
19 4 28
14 10 14
19 3 18
21 9 31
3 5 32
5 10 30
19 9 1
18 12 37
12 11 20
5 12 29
3 13 11
15 5 39
20 9 31
13 8 39
2 8 27
18 11 27
13 12 30
12 9 3
17 11 14
15 1 20
9 12 13
15 9 27
19 9 36
18 10 6
5 6 31
8 8 2
3 3 3
9 2 16
6 7 20
19 11 6
3 7 8
8 10 13
9 12 19
20 5 7
6 1 15
13 8 35
10 5 5
19 4 25
19 3 11
2 3 2
1 5 13
7 10 39
10 5 24
10 13 32
21 9 6
17 12 17
21 9 10
15 13 38
17 1 23
4 2 30
12 4 40
4 2 37
9 9 28
2 1 9
13 6 29
9 1 24
9 7 22
17 8 16
1 1 22
21 2 7
7 2 6
13 13 3
8 5 4
21 13 24
16 13 35
2 13 26
18 13 14
8 9 11
18 7 39
13 8 40
21 8 16
11 3 22
12 8 38
19 1 40
13 11 40
6 13 37
12 7 33
15 1 1
16 12 22
1 10 39
2 10 18
15 2 5
11 8 37
16 5 18
16 3 34
1 8 15
17 8 9
18 6 6
20 8 12
3 4 30
8 12 1
17 3 31
3 8 32
18 9 14
14 4 29
17 6 7
9 6 7
6 4 18
1 5 13
10 8 40
9 13 38
3 6 21
8 1 23
12 3 16
19 9 18
2 9 13
8 1 39
1 6 1
9 3 3
5 8 16
1 13 19
18 5 28
11 13 2
5 3 32
15 6 37
3 7 37
11 4 1
4 10 23
18 4 38
15 5 32
10 3 36
8 8 25
17 11 32
8 5 3
19 5 23
15 5 28
4 2 20
11 4 17
21 8 30
10 4 12
14 1 21
5 11 2
4 7 25
16 4 19
6 6 21
1 4 25
4 2 18
10 6 38
9 4 29
14 9 13
6 1 33
21 3 32
21 1 36
9 9 5
5 8 7
1 9 5
2 12 4
14 11 23
10 9 16
2 13 3
20 13 24
20 6 12
8 13 9
19 13 5
12 5 1
14 4 20
14 6 27
7 8 27
5 11 26
9 5 34
4 5 2
6 7 31
14 6 14
9 8 25
10 11 18
9 4 9
10 3 31
7 4 32
4 2 37
21 4 25
15 10 5
4 2 4
6 11 13
17 11 36
7 10 6
12 11 36
3 7 18
19 13 21
19 8 19
18 2 35
3 11 25
17 12 34
10 11 7
20 4 38
1 8 20
16 6 18
19 2 39
18 13 13
5 6 23
5 10 38
10 5 3
3 1 19
18 5 28
20 13 2
5 7 25
21 8 17
14 7 30
14 5 37
10 1 12
11 6 23
5 1 2
7 11 39
12 3 24
6 11 14
7 7 40
20 4 26
17 1 9
9 2 8
18 13 37
12 2 5
9 10 31
3 7 22
5 3 23
8 4 32
16 5 4
4 7 36
14 12 40
20 11 31
12 5 33
13 11 34
3 4 26
17 3 1
7 13 15
7 3 7
20 10 39
10 2 16
5 6 3
18 7 21
21 5 2
1 9 7
13 12 17
6 11 20
10 2 21
4 5 5
17 5 19
21 6 35
18 5 22
19 9 19
11 2 23
3 13 35
21 5 8
14 4 24
2 1 26
1 9 34
1 5 3
7 4 15
21 10 35
16 13 25
8 5 25
9 13 24
11 13 20
3 10 4
1 4 31
9 8 38
17 2 5
15 5 24
1 7 16
6 13 19
20 4 2
10 7 4
2 9 24
18 6 16
17 9 39
7 12 3
12 12 37
9 8 17
6 6 23
17 8 17
1 13 12
7 10 30
1 9 3
6 2 34
8 12 27
1 9 10
11 4 37
8 10 9
6 6 11
10 3 10
2 4 29
7 12 21
3 12 13
8 10 36
6 6 33
4 12 28
11 6 15
2 9 12
7 7 20
7 13 5
7 12 24
17 12 1
12 13 20
14 6 28
20 9 11
20 7 1
2 7 24
21 1 6
13 1 19
21 6 20
6 11 35
17 4 7
16 11 33
6 10 17
5 13 6
1 5 30
16 11 3
15 7 15
4 6 9
19 12 38
7 2 38
14 8 11
10 3 27
12 12 38
12 6 4
3 10 40
18 5 40
15 3 35
17 3 28
4 7 27
3 2 3
3 6 4
3 5 23
9 1 40
14 3 9
2 5 26
20 12 20
18 10 7
17 9 18
1 12 16
2 7 39
1 1 20
17 5 27
6 6 23
7 13 36
12 3 3
20 3 13
2 5 31
17 12 8
18 9 32
2 3 35
3 3 12
8 9 11
11 7 34
11 7 29
10 2 18
9 9 33
21 9 13
12 1 9
19 9 39
19 1 9
16 7 4
8 7 36
15 7 16
6 3 38
20 7 26
10 5 12
6 4 29
16 13 23
6 7 24
16 11 4
19 13 10
8 8 2
17 3 28
11 2 34
9 3 9
5 3 17
12 7 38
2 7 31
2 7 37
3 10 38
8 3 32
16 5 37
4 2 30
1 12 27
10 3 12
9 4 20
1 9 3
17 10 40
10 8 25
17 8 26
18 5 36
3 13 20
10 12 38
7 2 34
6 2 6
19 3 29
18 11 39
8 11 34
15 8 40
10 5 14
13 2 27
19 6 21
14 1 35
4 11 22
1 10 9
3 5 11
5 2 5
19 13 2
3 12 19
1 13 15
12 5 11
21 1 25
6 3 4
10 8 21
11 5 25
5 13 40
19 8 28
9 5 31
8 12 8
1 12 32
9 9 17
21 8 16
20 3 5
13 3 2
13 1 36
19 9 4
3 3 32
10 12 6
2 12 23
19 4 1
11 10 8
1 4 36
19 12 37
19 13 29
3 13 25
10 8 13
7 7 4
7 3 32
19 5 7
7 13 22
17 8 39
3 5 35
8 4 25
11 6 17
16 11 13
17 10 25
1 10 32
3 2 3
16 8 35
4 9 31
15 10 20
10 6 19
4 6 22
19 13 10
18 7 27
4 9 27
12 11 14
3 5 3
21 11 13
5 6 32
1 4 20
16 7 6
15 12 36
21 10 24
21 4 19
6 6 3
6 6 18
13 1 7
6 6 19
10 6 6
7 7 36
5 11 32
4 7 21
15 7 14
5 13 21
20 12 10
1 13 22
4 1 24
4 5 31
13 11 9
7 5 22
11 7 6
2 5 40
3 9 36
1 6 6
6 4 39
10 3 24
11 13 36
4 10 36
10 1 15
18 10 31
11 5 5
20 13 18
8 4 12
14 8 15
9 9 20
18 4 5
16 8 18
12 8 35
15 10 40
3 10 10
20 12 11
15 3 19
3 5 38
17 10 9
17 7 33
21 12 10
17 8 27
2 9 2
6 8 23
21 4 40
15 11 12
4 8 1
1 11 28
1 2 27
12 9 16
16 1 33
14 12 22
12 12 19
11 13 30
18 9 8
13 2 9
1 13 1
15 3 38
2 10 17
4 7 38
16 8 15
1 13 31
5 2 11
13 4 9
4 1 1
3 2 13
8 10 33
7 2 35
13 12 35
2 3 26
20 11 22
20 6 12
7 3 11
2 6 11
15 12 23
16 5 28
4 12 16
12 8 32
13 11 30
13 4 40
7 5 6
4 10 33
16 1 39
7 12 5
5 10 12
1 1 29
6 2 1
9 9 39
11 12 33
3 10 17
15 8 7
18 12 2
8 11 18
17 9 25
15 1 19
10 5 27
15 4 37
9 2 40
21 2 2
10 1 5
9 2 17
2 13 32
17 6 4
8 5 37
10 7 37
1 7 5
3 13 20
2 2 28
21 2 8
7 9 14
18 9 17
11 9 18
9 3 20
14 9 40
19 10 21
15 9 19
16 7 27
14 9 1
2 13 22
1 2 37
5 1 1
11 10 8
21 6 16
3 7 3
21 6 8
12 6 11
11 9 35
11 8 26
19 9 4
8 6 4
17 11 25
20 11 36
9 13 22
11 4 13
3 7 22
3 6 19
13 10 6
3 2 20
5 11 23
6 11 30
17 6 35
15 1 13
1 1 8
7 3 21
20 10 25
17 5 6
8 10 32
17 5 29
18 10 2
16 2 5
4 1 37
13 5 17
3 2 2
9 3 33
4 3 33
8 8 28
15 13 5
18 2 11
5 6 11
12 4 17
16 13 16
10 9 9
14 8 23
16 3 31
20 6 27
20 4 12
15 8 31
21 6 37
5 13 35
5 10 2
17 7 26
14 4 26
8 10 23
5 10 35
7 11 10
11 2 13
4 4 24
8 10 33
18 11 28
3 11 9
19 10 17
1 12 14
19 13 5
14 1 6
2 2 32
19 3 12
4 2 30
2 1 15
19 2 15
6 8 4
6 12 5
14 13 32
21 6 3
7 1 37
14 1 39
4 5 35
4 8 20
4 9 17
11 11 11
17 3 20
14 13 8
18 10 39
8 3 36
8 11 2
19 7 23
7 6 40
19 7 17
18 3 10
8 3 19
6 4 37
1 8 2
15 12 26
13 2 3
4 8 1
10 2 37
6 11 27
4 7 22
20 10 4
7 3 30
17 11 17
1 7 2
19 2 35
16 13 36
19 8 22
11 13 4
13 3 13
19 4 3
1 2 16
9 9 22
7 13 18
15 4 39
3 12 36
1 7 3
19 4 20
14 7 40
14 7 8
16 2 5
8 1 40
13 4 11
15 5 3
11 7 2
6 2 6
2 13 13
10 8 23
1 12 36
10 1 27
5 4 13
5 13 14
3 6 7
5 6 10
3 12 22
5 4 6
4 8 23
17 8 21
15 2 34
5 12 1
5 11 32
6 3 10
21 2 23
3 3 32
13 5 31
11 8 10
6 5 3
3 9 25
10 6 12
15 5 32
3 4 34
16 4 24
8 12 18
17 10 7
16 3 15
13 7 6
5 3 11
12 10 18
17 2 21
11 11 39
11 2 19
6 9 19
6 12 39
10 12 13
6 1 34
2 4 29
17 4 15
12 10 16
1 6 14
7 2 39
10 7 29
2 11 39
6 10 22
13 10 13
8 12 2
16 11 4
2 8 26
13 7 29
13 9 7
11 9 31
11 6 21
2 7 35
1 13 15
15 11 13
2 12 6
19 5 31
2 2 29
8 3 1
6 6 24
12 13 38
12 2 12
5 5 7
2 6 38
4 11 40
21 2 5
18 11 34
12 5 24
4 3 6
11 3 17
4 1 9
20 11 26
18 3 34
6 13 38
14 12 34
6 12 1
5 13 16
6 13 33
20 8 13
11 5 14
2 10 16
13 9 35
19 5 37
14 8 29
13 7 36
7 13 24
19 1 9
14 13 21
11 1 7
2 13 22
1 10 1
12 5 28
12 6 40
21 5 17
7 11 4
5 4 26
13 3 10
14 11 23
1 1 35
13 11 20
8 5 25
8 9 15
8 8 36
14 5 38
15 8 3
5 8 2
14 7 37
21 3 15
13 2 16
17 6 1
3 9 12
7 12 11
10 7 34
13 3 13
12 6 13
10 11 33
12 12 27
21 13 1
3 7 22
12 6 27
4 10 9
9 3 12
6 2 16
8 9 14
17 7 20
8 13 16
19 4 24
10 2 18
21 2 35
5 2 5
16 10 35
10 1 32
4 1 37
2 11 27
14 8 7
11 7 4
9 13 4
6 2 9
9 3 9
21 8 36
5 7 6
21 5 30
7 10 32
20 1 29
13 4 25
2 2 10
2 3 18
9 10 21
14 12 21
20 4 7
19 6 34
5 9 11
8 5 40
17 9 36
3 9 22
14 4 32
10 5 21
15 2 13
3 7 5
19 13 34
11 10 27
9 10 37
4 9 36
8 8 20
7 7 34
9 13 18
19 4 27
1 12 8
2 5 7
17 5 9
5 7 5
1 1 33
2 1 25
13 12 28
21 5 30
16 11 37
16 6 17
7 3 2
11 9 22
14 7 24
6 7 9
10 8 21
16 8 2
13 4 1
3 13 31
19 9 7
21 12 18
4 13 3
10 10 5
21 11 7
5 6 27
4 3 33
17 13 11
19 13 19
17 13 37
14 2 4
9 5 38
15 7 8
4 13 26
8 13 17
5 3 33
2 10 18
16 3 27
4 2 16
4 9 18
18 1 36
14 1 29
19 9 9
7 9 16
5 5 13
13 8 26
9 6 3
17 8 10
15 9 18
2 10 30
19 13 5
18 9 2
12 4 29
11 5 22
1 7 28
17 3 15
7 3 3
4 10 37
9 5 22
8 9 10
4 12 25
5 10 14
3 3 26
1 13 13
8 12 16
11 8 1
12 8 10
7 5 28
8 4 17
16 6 39
10 11 8
8 2 24
7 4 32
10 8 35
18 13 27
2 8 31
14 8 18
15 3 31
20 5 1
7 4 15
17 8 31
7 2 36
17 2 6
7 11 6
14 11 35
2 12 27
2 6 30
21 8 34
21 6 3
7 9 26
19 10 22
12 7 10
3 7 35
10 10 36
14 6 39
2 3 34
4 13 18
19 6 19
7 8 33
12 9 26
18 9 11
5 12 25
14 7 32
10 3 11
11 10 18
6 10 32
12 4 24
1 13 30
17 6 27
2 4 13
15 7 16
14 11 17
11 2 5
18 7 26
13 12 39
5 8 32
7 7 33
15 1 13
8 13 36
17 7 2
21 5 36
16 4 18
5 9 40
15 10 20
4 7 37
8 7 25
15 11 8
5 8 21
4 2 1
20 12 4
18 8 24
19 8 1
2 11 29
17 6 34
11 3 17
14 12 10
3 9 5
14 8 38
8 13 29
15 4 23
20 3 6
13 10 36
19 7 8
6 9 12
5 3 39
15 12 15
21 6 7
9 12 2
11 10 13
12 13 5
20 8 40
3 9 11
9 7 11
4 11 20
15 8 19
11 2 24
14 12 20
7 2 13
15 9 21
16 5 7
11 12 15
5 1 37
5 11 17
20 12 7
16 6 7
17 2 19
1 12 8
21 12 8
21 9 2
10 12 7
21 3 15
12 5 38
9 3 18
10 6 3
19 8 33
21 1 6
18 3 24
4 4 4
11 11 23
20 1 21
17 5 11
6 3 27
13 10 31
9 9 32
19 1 9
1 3 37
3 8 26
13 6 21
10 6 18
7 4 39
21 4 8
12 13 12
17 10 8
5 8 4
13 2 19
13 3 13
8 1 3
12 3 13
1 6 15
7 8 21
3 11 19
9 4 15
19 3 36
21 7 24
16 6 9
8 8 28
6 6 29
8 4 4
8 8 22
2 11 2
2 13 37
1 8 33
6 13 33
10 2 20
9 2 26
21 8 4
3 7 29
12 3 2
7 2 20
11 1 30
13 10 40
21 8 26
15 3 34
9 2 8
10 8 18
11 1 37
3 9 36
18 13 23
13 12 22
2 8 36
1 8 37
8 1 8
1 6 35
2 11 28
10 2 19
18 8 7
2 1 7
19 6 13
20 10 13
19 12 31
7 8 3
13 13 23
18 11 3
12 4 5
20 1 21
5 4 11
18 10 4
17 11 21
1 3 29
14 5 4
13 4 24
17 10 36
12 12 13
4 8 22
3 11 39
13 6 17
14 4 29
2 6 21
13 9 13
11 6 9
12 10 11
11 13 11
5 1 16
3 3 4
2 13 23
1 4 30
3 6 1
9 4 15
21 1 9
15 7 37
12 5 4
17 8 23
15 11 6
3 3 5
3 12 10
8 3 10
2 8 38
1 3 19
16 5 2
10 9 1
12 7 4
9 4 8
19 10 34
6 12 12
11 7 16
14 13 14
4 10 27
15 10 19
21 1 24
20 7 13
2 8 35
10 6 13
8 2 23
11 8 5
2 4 39
7 11 14
13 10 21
7 2 6
1 3 21
3 5 12
9 11 36
4 3 30
4 7 1
19 13 30
3 2 17
16 1 29
19 9 20
7 9 28
7 10 13
20 2 35
5 9 21
7 12 14
9 9 11
11 9 16
11 8 6
19 5 8
18 7 3
21 5 29
6 1 27
10 11 21
3 13 16
20 3 12
17 5 13
4 7 21
5 8 33
1 6 8
14 10 33
8 9 4
15 6 7
1 11 12
14 10 17
21 2 2
16 4 4
10 10 24
3 7 8
18 7 40
21 8 25
10 9 21
5 2 24
3 10 8
3 3 23
20 10 34
17 1 26
5 12 13
16 8 29
1 11 8
20 11 27
8 13 32
3 10 10
18 6 9
5 3 25
6 12 29
16 12 7
1 6 1
7 1 18
9 6 1
10 10 5
13 4 39
13 6 25
12 2 20
12 12 1
8 12 17
18 7 18
4 1 25
8 6 39
17 7 11
6 4 28
6 3 11
9 2 7
2 7 26
2 4 3
20 2 13
16 13 25
15 4 17
1 7 36
19 8 17
17 3 38
9 13 6
3 8 7
12 4 35
2 6 25
9 4 12
16 7 25
13 9 23
19 3 36
9 12 6
3 9 33
21 9 39
18 6 3
5 8 18
4 11 17
5 5 34
2 7 35
15 6 36
21 2 19
10 8 39
8 8 6
7 4 8
5 12 31
1 13 30
16 12 40
6 13 10
11 4 19
16 12 17
21 6 33
7 4 34
1 4 18
3 1 26
6 12 24
5 7 33
12 3 20
14 9 20
18 2 15
3 10 25
13 13 35
19 10 20
9 1 38
10 7 10
2 5 24
6 7 40
8 12 38
3 5 13
15 4 29
10 8 4
15 10 34
3 7 29
17 1 34
12 12 19
11 4 6
10 13 19
5 5 8
7 8 3
19 5 23
15 13 40
17 7 37
6 7 33
14 10 28
13 9 14
13 4 38
1 3 23
17 1 37
21 1 36
3 2 25
20 13 38
16 9 11
15 7 27
19 3 36
8 13 32
14 4 32
5 7 26
13 6 32
7 1 38
1 4 2
11 2 15
21 2 33
18 7 21
8 13 8
2 9 16
12 2 36
6 9 19
7 6 3
13 5 37
18 5 35
13 11 1
15 6 16
10 2 21
3 4 36
19 2 8
1 3 1
8 1 8
8 1 18
9 8 28
9 2 15
14 9 25
1 2 24
11 8 3
21 9 39
2 11 23
11 5 22
13 3 33
9 8 1
18 7 31
13 5 27
16 10 2
21 1 15
11 4 4
8 4 12
17 8 30
17 6 31
3 5 35
16 2 23
19 7 5
13 9 22
19 9 28
6 3 35
8 12 4
7 9 17
21 3 13
10 2 12
4 2 15
11 13 40
4 1 34
7 11 23
9 10 3
15 11 21
2 8 19
14 12 1
13 8 26
16 2 24
4 1 5
2 10 29
21 5 11
8 1 21
17 4 21
3 3 15
14 11 6
2 1 19
12 11 23
12 11 40
14 13 37
1 13 18
8 13 36
14 8 18
3 4 22
7 8 35
2 10 33
16 10 15
10 1 26
8 13 2
20 7 38
7 2 33
7 10 3
20 8 29
2 13 21
8 12 4
16 7 1
17 6 10
21 3 4
4 11 24
18 11 10
10 3 22
11 12 5
15 7 4
5 8 40
5 2 36
9 11 4
21 1 35
17 8 9
6 8 21
15 1 24
6 2 39
9 11 6
10 11 39
18 6 19
9 8 2
21 10 10
3 11 21
8 8 12
21 10 8
6 3 7
17 10 4
8 10 9
10 1 11
20 4 13
10 7 4
1 3 38
10 6 18
14 11 14
18 11 4
16 2 16
1 13 38
19 5 6
12 4 20
2 13 40
13 9 1
18 12 30
17 2 13
20 3 36
15 2 8
21 1 13
14 1 30
16 1 4
12 12 33
11 3 8
10 6 35
21 12 30
8 9 8
21 11 25
1 5 32
10 7 5
9 3 15
12 8 30
9 6 9
9 4 37
3 9 27
7 5 25
7 6 24
1 12 15
19 11 33
13 8 24
15 12 39
20 8 40
21 6 33
10 9 26
3 6 35
15 8 19
8 11 37
4 9 15
17 1 14
12 12 31
11 8 30
20 12 18
11 5 3
19 4 30
17 1 14
1 13 23
2 9 35
17 10 2
7 9 35
21 6 36
11 1 30
17 4 34
2 7 3
7 6 34
8 8 22
20 3 22
2 7 2
11 6 35
12 5 30
17 11 34
9 8 14
19 9 28
18 5 3
17 13 36
1 7 16
5 2 17
1 11 6
6 4 35
19 4 30
19 1 10
1 9 10
16 10 19
3 12 2
21 9 1
18 13 37
4 3 31
18 1 15
21 4 22
8 8 14
20 12 1
12 13 3
9 5 9
9 13 15
6 5 13
3 5 29
21 5 16
3 1 12
9 2 24
12 1 33
20 7 4
21 4 19
19 13 26
9 11 19
12 13 28
13 9 37
21 12 17
19 3 35
8 3 17
7 13 39
15 9 9
5 3 30
21 11 35
2 8 17
18 6 17
3 8 23
9 12 14
18 12 16
1 3 9
4 1 27
19 2 31
3 10 7
2 6 16
16 12 8
16 7 3
18 1 4
21 10 18
11 12 16
16 6 40
10 13 9
8 12 27
12 9 17
9 3 32
9 13 34
13 9 5
9 10 30
17 2 39
10 12 36
15 4 12
13 7 15
3 12 30
14 4 38
18 5 37
2 10 20
12 13 34
19 13 5
3 11 28
3 13 4
1 4 14
21 6 26
1 5 9
12 4 22
12 12 36
4 6 27
17 3 24
21 13 15
13 7 31
7 8 16
11 13 22
16 6 19
8 3 18
19 11 24
14 8 13
11 13 40
1 1 9
9 10 9
9 6 26
16 10 30
6 7 20
16 13 34
21 9 6
10 13 40
16 5 40
6 12 4
9 1 23
6 1 6
8 9 37
14 4 16
12 5 8
18 3 37
11 2 33
19 6 17
19 5 29
2 4 6
10 11 23
11 3 35
5 12 32
15 6 12
3 2 19
5 4 29
18 12 30
6 5 20
18 1 24
7 1 3
9 1 27
21 1 17
10 3 7
14 5 13
18 2 36
13 2 10
19 7 16
15 4 39
3 12 4
21 5 11
13 4 24
1 13 18
20 13 40
9 13 37
3 13 18
8 12 17
13 9 5
9 9 26
15 9 23
21 9 3
15 7 11
19 9 19
17 1 27
16 9 9
9 3 14
1 1 6
18 8 7
15 8 32
9 9 27
16 11 13
19 11 10
16 5 16
19 5 29
17 10 30
14 9 34
8 10 34
1 12 14
3 13 28
17 9 35
10 10 2
17 2 30
10 3 26
10 10 31
14 10 28
21 1 24
21 9 37
11 4 1
20 12 33
9 13 32
8 9 3
12 6 39
21 7 24
11 1 9
20 8 16
5 4 28
5 9 6
15 8 5
21 5 37
18 6 8
7 12 35
13 12 16
14 7 23
2 13 19
11 1 21
16 8 22
7 8 24
12 2 3
7 8 6
3 10 3
1 3 39
14 9 7
12 12 28
16 8 13
12 12 18
6 12 12
9 7 17
11 3 35
17 4 5
1 10 16
4 5 18
2 2 20
8 12 14
17 1 35
18 8 40
3 1 3
4 4 39
14 7 22
13 8 7
9 11 18
17 9 30
13 4 27
10 10 26
3 11 24
6 11 7
15 13 8
15 8 39
13 13 40
21 8 1
4 5 28
7 8 13
11 8 26
2 1 10
21 1 2
14 6 9
7 8 39
1 1 36
20 12 36
19 12 13
16 12 14
5 6 27
8 2 23
16 13 14
8 4 32
8 13 19
9 12 24
18 8 38
1 11 5
16 12 2
9 2 17
15 10 11
16 1 5
2 10 33
1 7 21
15 3 40
20 8 3
19 10 10
10 9 37
11 6 16
15 5 19
5 5 22
2 8 12
6 8 15
14 9 23
11 7 8
21 11 9
7 13 14
20 7 25
1 12 23
13 9 28
3 10 31
20 12 21
4 5 11
20 7 10
5 4 2
9 5 39
5 8 33
16 7 7
1 12 26
16 6 14
17 5 2
13 5 3
10 5 13
2 1 24
21 13 9
16 12 20
12 8 10
9 5 16
2 3 17
19 12 28
8 6 18
18 6 4
9 12 20
13 9 3
18 5 27
16 4 24
12 6 22
10 2 15
7 8 20
19 3 30
7 1 36
17 1 37
19 9 28
18 3 10
1 1 7
13 13 19
18 10 34
5 12 33
5 12 10
12 11 2
18 12 39
7 10 20
1 4 4
12 7 10
7 9 33
5 13 27
1 11 10
9 6 23
9 8 25
12 3 34
8 13 38
13 7 21
19 12 36
19 11 40
5 12 18
1 6 4
19 11 37
3 13 23
15 7 26
2 11 40
2 10 5
10 11 23
2 10 5
6 11 39
4 3 21
17 9 12
3 8 39
20 10 21
21 6 31
8 13 20
1 9 3
13 12 30
1 6 31
3 6 23
5 10 13
19 1 18
17 3 3
4 7 6
3 6 33
17 2 24
15 6 36
12 13 25
7 5 25
21 1 28
7 7 35
18 2 37
5 3 4
12 9 25
1 12 35
10 6 20
14 7 21
18 8 40
3 11 15
3 4 22
14 11 15
15 13 22
5 5 24
20 5 6
19 9 39
4 13 40
7 8 12
9 3 33
1 4 26
5 11 38
14 4 25
19 4 13
20 11 18
10 10 31
20 2 15
2 10 38
12 8 14
8 3 2
8 4 15
17 7 11
10 1 17
2 9 32
1 11 25
21 3 8
14 6 15
10 2 36
7 1 32
12 4 27
2 2 1
19 11 4
6 10 1
6 13 36
14 6 39
1 10 12
9 1 28
12 1 4
2 2 28
21 1 13
21 10 30
1 8 32
11 10 38
8 10 36
16 6 22
17 11 10
19 1 22
17 9 10
2 8 20
8 9 14
5 10 21
1 1 13
15 11 40
16 13 18
18 5 34
20 5 20
11 13 5
14 11 26
8 1 23
19 10 39
6 4 33
21 10 11
20 9 14
6 6 27
13 1 26
16 8 24
10 10 4
15 6 15
17 13 35
21 1 24
10 4 27
4 5 13
3 1 29
16 10 10
14 13 21
16 7 33
14 8 12
7 5 27
2 8 12
13 12 9
6 2 24
5 3 25
1 6 28
5 13 38
21 10 37
9 8 29
13 1 8
15 1 39
10 6 19
11 4 3
9 5 39
10 4 40
2 11 33
15 5 5
17 6 23
7 4 39
1 12 39
5 5 24
15 12 26
7 13 22
8 9 19
8 7 30
5 3 16
18 5 7
10 7 29
17 6 32
4 10 26
6 3 34
3 6 23
16 9 4
8 8 3
16 6 5
12 9 6
5 9 27
19 2 14
20 3 10
1 6 1
1 7 37
19 5 8
12 8 16
20 2 36
2 12 32
8 3 30
11 11 21
6 13 13
19 9 26
20 10 34
4 4 13
18 10 21
3 3 3
6 8 14
12 7 20
5 12 18
21 10 5
12 9 24
10 11 18
10 2 9
3 1 9
15 8 31
16 11 37
8 8 31
6 13 38
10 3 28
6 2 13
6 5 11
6 11 8
8 13 30
12 6 10
9 11 39
11 2 20
1 7 40
11 3 27
8 12 27
8 10 22
5 9 31
8 3 13
8 9 32
2 4 5
17 10 17
8 3 31
15 11 24
14 9 10
6 1 1
6 3 5
8 6 38
15 11 39
9 9 33
11 13 26
11 8 36
20 11 29
3 7 7
19 13 11
10 13 32
8 11 13
20 1 9
16 1 20
11 2 9
18 4 36
6 10 1
6 8 30
5 9 15
1 3 9
2 12 9
11 3 21
21 3 27
3 11 21
10 13 7
19 1 6
20 12 4
15 11 10
14 4 4
19 11 37
18 5 15
2 9 10
12 6 15
19 2 17
7 7 6
12 5 15
8 13 5
10 1 30
8 9 39
3 11 33
8 2 35
8 9 34
20 9 9
2 9 6
13 7 39
18 1 37
19 4 7
5 1 3
19 8 12
7 4 29
3 3 8
20 12 6
4 4 15
2 8 26
4 10 28
17 7 33
7 6 28
5 4 4
17 5 13
10 13 35
14 11 2
8 10 39
8 3 13
6 6 9
8 5 25
21 2 19
7 5 11
21 1 35
4 5 4
8 4 6
18 9 3
8 6 12
4 13 31
10 7 6
18 8 23
1 5 27
2 5 36
6 7 14
17 11 13
9 1 15
2 8 11
4 5 34
9 8 20
13 6 32
14 8 18
15 6 17
17 11 27
2 11 37
11 5 22
1 13 36
12 11 27
14 7 40
1 3 28
13 2 4
2 2 36
13 5 34
21 5 34
7 9 25
12 3 35
16 3 13
3 7 7
15 13 32
21 4 4
21 4 14
10 12 9
10 2 13
14 10 5
7 2 39
11 2 7
18 7 31
7 5 2
1 4 35
14 7 36
2 3 22
11 1 11
3 4 25
3 5 37
20 2 19
16 11 11
17 6 24
16 8 21
15 7 25
11 13 34
17 12 40
13 12 35
5 5 1
5 9 13
17 4 35
1 6 6
15 8 1
21 2 19
13 6 38
17 6 5
8 9 23
2 6 20
9 13 5
15 5 19
21 10 16
18 11 23
19 5 36
19 2 40
17 1 35
5 9 23
6 3 11
9 1 16
15 1 35
14 2 29
11 11 26
21 2 31
9 1 35
20 5 34
17 12 3
1 5 7
20 7 27
9 7 16
10 1 8
7 13 16
16 9 35
19 9 38
11 7 7
20 12 16
15 2 13
14 9 14
17 12 25
4 5 31
19 11 1
6 10 27
20 3 17
11 12 30
17 3 37
8 7 11
18 5 6
8 10 25
9 9 9
9 9 25
12 12 24
20 2 18
6 5 4
1 2 29
19 9 20
21 7 40
10 6 13
4 10 14
3 9 10
20 7 17
12 10 37
21 3 24
14 4 24
10 5 26
14 11 10
4 2 19
13 11 30
8 3 39
2 6 30
9 2 22
7 5 18
21 7 4
4 12 4
6 12 33
8 6 28
15 2 17
12 1 27
15 9 27
11 10 31
13 7 32
18 2 8
3 13 22
5 4 31
20 11 29
15 9 6
13 9 15
5 12 21
2 11 3
12 7 25
16 11 33
16 11 15
2 2 15
14 9 4
5 11 16
21 6 35
16 13 23
2 1 20
21 1 27
7 1 13
1 3 40
12 1 9
16 13 11
17 12 26
1 5 16
3 9 18
7 5 30
7 9 11
10 10 13
6 13 31
19 8 31
6 6 24
18 2 10
7 10 36
7 5 22
5 10 36
14 12 23
6 12 25
21 12 2
2 13 10
14 13 1
7 10 23
20 2 39
21 1 39
1 1 13
16 8 20
8 8 25
7 9 23
15 6 35
8 2 16
1 5 12
15 8 35
4 1 23
7 8 38
15 2 15
4 6 20
3 11 37
15 9 31
9 6 7
10 12 31
15 11 21
10 7 39
1 12 5
16 7 15
1 3 23
6 6 8
20 9 10
13 10 12
14 4 2
6 2 31
18 10 22
14 6 5
1 5 19
17 10 38
18 3 38
15 5 31
6 13 2
12 12 1
13 4 23
19 11 32
14 1 21
2 2 39
19 12 10
16 5 21
13 5 19
1 4 6
6 1 9
7 6 33
5 5 20
4 12 19
18 9 9
3 13 37
18 6 8
5 9 9
15 13 37
15 12 27
20 5 9
4 6 19
20 9 15
14 12 10
21 2 4
19 9 40
19 1 23
6 2 15
19 4 1
15 12 27
13 9 17
10 10 8
14 9 17
14 7 4
16 9 27
3 8 32
7 11 14
6 6 20
9 8 38
3 13 33
8 12 40
13 11 40
1 12 27
2 4 15
6 9 28
19 10 18
19 3 3
7 8 20
16 7 33
13 6 19
4 1 14
6 9 16
21 7 38
8 13 2
6 8 39
16 3 28
1 10 4
17 10 13
7 9 12
17 11 13
8 6 39
1 6 22
13 12 4
4 7 36
15 3 5
13 11 17
10 12 21
10 9 39
10 10 6
20 10 37
10 11 2
13 13 5
19 4 40
4 5 36
21 9 22
9 7 32
7 8 40
15 10 18
15 5 38
14 2 21
17 12 21
11 2 27
4 1 10
12 1 15
19 4 12
20 6 15
5 7 21
8 11 9
12 7 22
8 2 16
19 3 18
12 8 28
4 11 4
6 3 32
5 3 2
13 7 26
18 1 29
5 6 14
2 4 6
10 7 11
19 9 26
16 2 17
18 3 9
17 7 6
14 12 15
1 12 39
11 13 1
16 8 26
18 2 11
7 2 11
17 2 13
18 9 29
8 9 35
10 11 7
14 9 38
8 10 9
19 11 18
6 10 4
19 7 20
20 4 20
19 8 3
10 1 22
21 7 16
10 10 18
18 8 36
6 9 9
13 8 33
12 7 15
1 8 39
8 1 2
14 8 21
6 8 24
12 10 11
21 3 10
7 7 20
11 6 2
1 6 21
5 1 33
18 11 20
21 5 28
21 9 27
7 8 21
7 12 20
6 2 14
16 11 30
18 5 7
2 13 18
5 10 21
3 6 12
15 8 22
19 3 9
15 2 27
7 13 25
13 6 4
6 11 25
5 7 23
15 9 35
17 6 18
16 6 12
20 5 23
6 10 15
9 2 21
5 12 9
6 12 22
7 12 21
17 7 31
6 11 20
7 3 18
12 13 12
21 8 19
11 9 29
3 1 22
18 1 22
3 7 21
16 5 5
19 8 3
14 13 19
10 11 26
14 9 30
16 6 7
2 8 34
2 11 19
15 8 33
20 8 7
6 8 40
2 8 3
2 8 18
1 8 17
10 12 11
2 13 20
1 11 9
10 11 37
4 2 37
12 7 6
5 6 21
20 9 18
7 4 8
16 10 35
6 1 6
10 5 36
21 7 7
18 10 26
5 11 2
16 5 14
17 11 30
3 10 15
2 1 14
6 4 10
16 7 9
21 4 10
5 10 17
18 6 2
10 7 26
6 12 2
14 3 21
6 9 35
13 7 24
11 7 2
18 8 35
9 9 2
12 4 37
20 1 17
13 9 26
5 13 3
19 13 9
3 12 10
11 5 25
21 4 27
5 6 17
8 4 20
17 7 26
14 3 24
9 12 18
9 5 11
21 2 37
7 7 40
13 7 4
10 10 15
19 6 38
1 6 13
20 11 32
5 2 31
14 6 25
1 3 34
9 9 31
1 8 37
14 5 10
14 6 9
13 12 12
13 2 9
15 3 33
5 9 40
9 9 15
16 6 18
7 11 36
15 11 30
16 13 29
1 5 5
2 10 5
17 11 2
3 8 6
7 8 18
18 12 21
15 8 7
11 3 38
5 12 6
8 8 36
19 3 17
4 6 9
12 8 30
21 1 30
9 4 28
3 3 19
20 7 22
14 6 4
19 13 9
15 3 32
3 5 35
18 10 11
19 6 37
19 8 35
3 9 32
12 7 25
21 8 6
6 4 13
18 10 10
21 4 23
3 1 7
2 5 12
14 9 8
11 10 31
2 13 26
9 6 36
9 13 23
18 10 4
15 3 1
7 6 35
19 10 2
4 10 18
4 10 2
1 8 22
11 9 18
19 4 19
4 10 22
2 3 7
13 9 15
12 2 24
17 3 8
11 9 6
17 4 15
18 2 15
4 6 22
13 7 9
4 8 24
6 6 25
14 2 40
1 2 9
9 7 16
10 1 39
19 3 24
11 11 1
21 7 16
7 6 19
14 6 34
4 11 27
9 4 1
16 6 6
7 11 21
2 11 36
9 8 34
3 12 20
15 12 29
14 11 20
20 4 16
1 10 25
14 13 6
14 3 35
2 7 22
10 7 22
1 2 30
21 1 27
20 2 26
18 11 1
5 8 31
1 1 16
17 12 39
21 6 4
3 2 2
5 12 5
3 9 8
12 12 25
3 12 6
16 8 9
17 13 35
21 2 23
18 4 20
7 3 7
7 4 35
16 4 31
6 13 35
5 8 23
21 11 5
1 7 33
5 6 33
9 2 4
19 11 30
19 9 28
7 7 13
5 5 13
5 12 3
11 11 33
1 5 32
14 12 22
14 5 33
5 4 39
4 9 22
5 6 12
12 10 35
20 13 23
15 13 21
17 2 37
11 2 25
13 5 4
3 7 1
15 12 32
7 4 39
15 1 13
10 10 20
13 6 10
16 2 36
9 13 22
3 13 37
19 3 34
11 13 32
2 6 40
10 5 18
11 10 28
9 12 27
12 12 27
1 4 5
10 5 38
12 10 14
18 13 37
17 10 6
11 13 9
10 3 15
10 6 2
8 6 24
1 12 6
12 10 9
11 9 6
1 13 14
8 3 28
4 6 28
16 6 8
1 13 29
20 13 28
1 12 13
18 13 23
2 3 22
11 13 22
20 12 29
5 8 40
10 10 13
13 1 39
6 8 8
10 10 12
2 1 1
6 7 38
15 11 7
8 7 29
7 2 37
21 5 40
8 4 35
4 10 15
19 6 4
15 12 33
14 1 36
21 13 3
16 7 15
10 12 33
21 8 21
4 6 6
3 11 9
8 2 12
15 6 40
6 13 10
17 9 28
19 8 34
17 9 11
6 4 36
4 6 4
9 6 24
4 7 7
5 1 7
4 7 38
19 3 27
16 8 9
4 3 7
20 13 9
18 6 8
8 6 12
20 6 10
4 6 21
20 13 39
11 3 15
21 8 13
6 6 34
11 1 30
20 10 2
14 11 12
19 5 37
3 13 25
5 5 31
4 1 10
17 2 8
4 5 13
8 1 13
6 9 28
14 1 9
2 9 1
20 11 29
7 4 30
20 12 26
2 9 34
18 5 30
19 10 23
18 6 25
16 3 14
18 13 39
3 12 27
9 4 38
14 2 33
19 13 17
8 9 37
13 5 27
2 4 13
7 8 39
3 7 17
13 10 23
3 2 17
2 10 28
1 1 33
4 8 10
16 4 12
17 13 21
3 9 17
21 5 14
9 7 8
7 2 34
6 13 36
6 1 19
18 3 11
3 1 32
13 11 40
4 11 11
9 5 11
19 13 24
7 8 14
15 5 39
15 8 35
1 2 12
7 11 16
7 13 24
16 3 5
12 8 1
18 6 15
3 8 32
17 3 13
21 10 39
5 3 36
17 12 18
8 4 21
6 10 20
13 12 15
4 8 34
13 7 10
11 2 11
19 1 21
20 3 26
16 5 25
4 8 13
12 1 14
18 1 36
19 10 18
2 13 11
11 13 26
10 12 15
7 5 38
13 5 20
14 2 26
14 11 21
13 4 12
7 4 40
14 4 18
13 4 30
17 6 13
7 8 21
4 9 29
17 3 39
15 6 13
14 1 17
14 4 3
19 5 2
20 13 2
7 8 18
9 12 19
11 13 20
10 13 40
10 11 2
1 10 40
21 9 8
14 7 5
10 2 25
13 8 36
14 9 31
15 7 38
11 5 33
11 12 34
8 8 23
4 12 4
14 8 9
16 2 12
13 12 12
10 7 1
17 9 35
12 3 29
18 13 39
19 12 31
8 2 16
19 10 27
3 3 7
1 2 2
11 11 13
14 9 31
17 8 39
10 2 7
7 3 1
14 13 21
10 11 12
2 2 37
13 1 15
20 6 28
5 2 29
15 1 1
13 10 19
9 4 13
19 4 3
8 6 32
13 9 33
20 10 8
9 11 8
20 4 9
1 4 8
3 13 29
21 4 13
13 9 8
2 11 13
6 9 24
9 6 31
4 5 23
5 7 28
10 8 27
13 5 28
3 2 15
9 10 35
18 4 16
19 12 31
12 3 36
7 12 10
19 8 18
9 12 37
3 12 12
14 12 9
19 8 6
13 11 8
19 13 23
5 6 22
11 12 15
9 10 24
16 10 38
11 10 8
5 5 5
13 3 22
3 8 24
1 9 8
2 2 4
9 9 23
1 10 10
9 4 3
18 8 26
10 5 2
18 1 6
21 3 21
19 10 15
5 7 38
18 5 10
5 9 2
13 6 38
8 1 2
4 8 7
19 12 8
6 6 20
6 3 10
2 3 17
21 8 23
13 11 40
8 6 31
4 11 10
7 2 27
3 5 23
7 1 14
15 7 32
3 12 24
19 11 32
20 10 34
15 4 38
7 8 21
6 8 28
2 8 7
21 6 31
12 5 7
3 3 29
14 6 23
12 6 20
2 7 3
5 4 16
7 4 13
19 11 30
5 1 13
5 5 16
21 10 31
3 9 11
18 7 30
6 4 8
20 10 39
9 4 9
17 13 33
16 9 26
11 3 3
16 13 22
1 8 16
10 10 33
3 2 40
12 1 2
8 2 38
5 11 37
11 5 3
6 10 19
14 3 14
1 1 25
16 12 32
17 8 27
9 3 8
6 2 12
14 9 36
18 5 13
15 1 27
13 1 11
20 3 22
13 8 25
19 2 35
20 8 14
3 6 4
20 7 13
7 8 19
1 11 28
10 5 35
5 13 36
17 6 34
8 6 8
16 12 23
16 12 30
14 12 30
6 11 34
16 12 36
4 4 26
5 12 39
20 9 8
8 11 15
15 10 37
6 6 9
15 3 27
10 5 12
6 10 17
9 4 32
19 13 37
3 4 14
21 12 20
4 1 11
16 12 24
17 3 4
15 4 36
15 8 31
7 13 36
3 8 40
1 4 4
8 5 37
21 6 9
1 4 37
21 6 38
20 8 40
7 9 29
10 3 11
21 8 3
15 3 10
19 5 2
6 13 2
17 5 9
10 5 7
7 13 26
6 5 18
11 10 6
7 1 40
12 10 20
6 9 27
15 8 34
14 11 14
13 4 9
1 6 12
19 6 39
21 6 2
21 2 26
5 7 36
17 7 35
8 8 21
18 1 31
17 12 26
21 8 7
7 10 40
13 1 38
12 5 36
6 13 15
6 9 19
13 4 23
4 9 26
9 7 7
5 4 8
2 10 26
10 4 24
9 2 18
9 3 3
8 7 21
18 7 17
4 5 31
12 11 35
7 9 3
8 7 7
16 2 31
16 10 2
5 9 30
2 2 38
12 13 28
13 4 12
9 10 37
19 3 15
9 10 7
10 12 38
20 13 26
21 13 22
4 6 9
16 3 29
11 10 40
7 2 7
10 5 7
7 2 39
7 7 6
21 6 37
4 8 24
16 1 6
14 1 2
19 9 11
7 2 1
3 2 23
9 12 6
3 8 30
4 3 5
7 13 29
15 8 8
6 12 31
4 4 13
13 9 3
19 2 19
6 3 35
11 5 35
19 10 24
15 3 12
20 12 24
4 6 11
17 2 10
1 11 35
21 2 17
12 1 22
10 10 10
14 5 27
18 8 27
19 13 5
12 12 24
2 12 33
11 4 17
14 6 35
18 8 30
17 7 11
3 3 15
20 1 25
12 12 25
17 6 11
2 1 21
12 6 20
20 9 26
12 5 22
11 10 32
1 10 6
9 5 7
1 7 8
3 6 11
13 6 23
12 13 6
4 9 3
8 10 31
2 5 3
12 8 6
17 12 8
9 8 36
17 1 40
1 5 37
20 12 1
2 6 14
14 8 28
5 11 33
20 6 5
20 6 11
18 2 19
12 1 31
7 1 2
6 1 29
21 12 7
4 11 9
19 1 21
10 4 39
10 7 21
15 5 38
17 6 31
9 2 32
3 7 2
9 4 10
16 7 21
12 5 11
1 12 13
2 3 22
13 1 21
14 8 2
10 2 38
12 3 26
4 3 2
21 11 29
15 2 39
5 8 35
20 1 27
18 12 19
15 5 11
5 10 3
3 3 5
9 9 17
4 10 14
17 4 13
7 6 28
13 2 8
12 12 18
20 1 23
10 9 8
2 5 8
8 3 39
8 7 40
1 8 37
20 13 34
8 5 38
2 4 21
6 12 29
17 10 16
12 2 14
12 7 21
15 5 25
12 5 16
14 1 33
12 7 30
19 1 33
4 13 6
13 11 31
20 1 26
4 4 29
12 2 26
2 12 30
11 10 5
10 9 8
11 12 31
7 9 18
16 4 14
18 1 21
17 2 9
19 4 36
2 8 17
21 9 7
3 8 9
1 5 23
6 6 30
3 7 3
9 9 30
19 3 34
8 1 27
20 5 11
11 2 21
4 7 25
4 6 11
6 1 40
9 12 34
10 5 24
19 1 17
15 1 22
7 1 20
9 3 8
8 1 10
2 5 8
2 6 27
7 4 6
9 4 6
11 3 39
3 10 25
5 7 29
3 2 20
10 6 21
15 13 24
1 9 23
14 3 35
15 10 12
18 12 9
4 2 13
8 9 12
1 8 10
13 10 37
4 11 12
11 2 12
3 11 7
8 9 32
19 12 21
14 12 26
6 5 5
4 11 2
7 3 33
15 3 4
20 1 26
16 11 7
12 6 12
2 4 11
16 6 18
21 5 40
7 10 25
14 8 29
12 13 16
14 5 15
16 4 6
2 13 5
21 13 3
10 4 26
1 5 21
1 8 9
8 12 30
9 4 2
3 12 38
1 1 24
4 11 22
18 8 7
7 7 36
17 8 32
16 10 38
16 11 6
10 11 21
21 10 39
9 13 33
9 11 34
3 9 28
17 1 40
19 1 12
13 13 25
9 1 22
21 10 15
16 10 37
19 8 2
5 2 31
1 9 9
10 8 12
4 13 20
4 7 9
17 9 18
14 11 3
13 5 24
4 4 13
14 2 8
13 10 34
3 6 36
15 9 21
5 13 28
17 13 26
2 12 34
12 1 13
19 13 8
13 4 27
13 1 24
3 2 11
13 11 34
19 6 38
19 12 18
4 3 5
7 5 7
21 11 20
3 5 36
20 13 6
20 8 1
1 3 14
4 3 10
17 6 2
1 11 17
18 8 1
2 9 28
3 11 20
1 3 10
13 11 15
16 1 4
12 8 34
5 5 11
11 1 3
15 3 20
13 13 18
6 11 39
9 1 12
19 7 14
10 2 8
15 5 20
12 1 7
17 6 15
17 9 30
12 1 15
7 10 18
16 5 18
7 2 9
8 4 12
12 8 39
4 1 5
6 1 23
19 11 16
8 13 35
21 1 36
17 2 18
21 5 16
12 10 14
21 10 14
17 13 24
2 10 20
7 1 10
1 2 5
17 5 13
1 8 22
6 7 12
2 9 8
14 1 28
3 4 31
2 11 16
9 10 28
17 9 28
17 7 7
2 2 30
10 11 31
20 11 38
4 4 17
21 9 17
21 7 19
8 8 36
20 9 10
15 11 34
6 2 20
5 10 15
7 2 29
18 1 23
6 11 19
18 8 25
3 8 27
7 13 28
16 1 9
4 6 9
18 5 18
10 5 11
8 2 4
9 8 27
6 5 20
7 11 10
3 8 20
16 3 10
18 12 8
8 3 40
18 10 22
21 10 40
12 10 32
5 7 33
14 9 19
14 4 18
15 8 18
8 11 29
1 1 33
18 4 35
2 3 18
11 7 37
21 7 15
5 6 14
15 1 22
12 9 15
8 11 11
7 5 40
8 13 19
19 12 25
17 11 18
1 3 26
8 1 37
4 5 20
12 10 7
15 2 37
6 10 7
9 12 13
1 6 39
14 3 30
9 11 9
17 13 33
16 12 10
13 7 8
17 9 8
13 8 8
12 11 12
18 11 22
9 12 10
16 13 24
9 7 16
20 4 34
9 7 30
2 5 36
1 2 25
5 1 31
11 12 23
18 3 38
10 5 4
13 11 15
15 9 17
20 13 16
15 4 26
9 2 13
13 8 31
7 6 27
18 4 35
14 8 8
3 7 31
9 7 19
9 9 40
8 7 21
9 3 2
10 6 35
2 1 12
12 10 15
16 2 21
14 1 5
11 5 33
19 10 23
19 5 7
10 4 29
5 9 3
12 4 32
18 8 19
18 11 6
1 3 14
7 5 2
3 12 25
9 3 3
18 1 13
16 4 20
14 3 16
17 9 39
2 1 16
3 8 28
20 3 27
1 5 36
12 11 38
12 10 25
9 9 5
17 12 26
5 3 10
9 1 30
17 5 26
4 2 13
1 6 40
20 11 40
5 10 35
10 4 3
9 13 22
8 13 9
12 10 21
16 12 14
4 12 40
19 9 31
8 5 31
14 9 18
18 8 26
20 10 19
9 5 32
1 11 7
15 12 7
21 9 8
3 7 27
19 6 11
15 7 37
21 11 19
16 1 8
15 8 18
6 10 20
4 7 25
11 6 30
16 3 4
10 3 5
16 13 34
14 2 24
6 10 28
13 1 17
9 1 22
17 8 1
4 13 18
12 8 9
21 12 19
12 8 7
12 5 34
8 2 21
3 4 32
8 9 5
14 5 10
5 6 33
5 5 14
3 5 38
5 2 38
19 1 12
20 7 21
3 12 7
1 11 18
15 6 5
10 13 39
14 13 2
20 5 38
19 9 10
1 4 23
8 11 40
13 1 8
10 10 18
11 8 15
13 7 9
10 3 12
17 6 20
1 4 12
16 7 12
13 8 27
12 3 14
21 6 25
14 6 20
3 2 14
3 6 38
4 2 40
3 6 2
2 4 37
10 2 32
12 2 13
19 6 16
6 4 26
8 4 22
15 1 11
10 1 11
5 3 29
3 1 25
15 10 26
4 12 22
3 10 22
4 6 8
18 5 19
20 6 19
21 1 21
4 9 22
11 3 28
6 9 33
1 5 31
18 7 19
20 9 20
12 1 39
21 7 20
13 9 2
14 13 15
12 13 20
2 5 30
4 9 37
3 7 1
8 12 16
9 9 18
7 13 24
7 5 38
6 12 36
15 4 6
6 3 39
10 7 30
18 1 19
10 12 10
2 13 14
12 6 6
13 13 18
19 1 28
12 7 20
12 7 2
1 7 30
1 6 38
19 6 19
9 5 19
20 2 16
6 6 5
18 8 22
10 7 27
10 13 25
3 11 20
17 5 8
1 11 21
11 10 9
9 9 37
18 3 34
10 9 31
6 9 17
15 3 11
11 6 17
7 7 19
21 10 33
13 6 23
2 7 6
4 1 25
18 13 26
5 4 14
10 10 3
2 7 16
6 3 40
19 9 35
2 8 20
5 2 4
5 3 7
21 6 11
2 3 22
15 10 35
13 3 14
3 3 33
9 13 33
14 8 13
9 6 40
16 10 2
21 3 24
2 2 26
2 8 15
8 11 10
18 9 25
21 9 11
15 2 19
7 6 19
3 4 26
13 1 39
16 8 28
13 13 3
20 4 29
13 5 14
19 7 15
10 4 35
10 9 23
3 4 35
20 7 4
2 5 27
11 4 5
11 5 38
10 1 10
16 1 35
14 9 3
10 5 17
1 10 28
2 10 6
19 6 16
18 1 26
1 6 36
19 5 8
13 3 26
16 8 7
1 1 9
16 12 8
3 10 24
10 13 35
12 12 30
16 13 2
10 9 11
14 1 28
20 4 32
19 11 31
9 2 7
11 13 20
11 3 21
19 2 38
3 7 24
5 5 17
10 10 38
3 3 9
3 5 19
19 7 10
8 13 37
6 2 34
4 7 15
16 1 39
11 11 10
12 8 40
14 4 36
10 6 31
8 3 20
20 4 4
21 9 6
16 8 22
20 1 32
5 2 16
18 7 34
21 1 24
12 4 12
19 6 25
17 2 20
14 13 23
16 1 7
6 7 9
10 10 35
7 6 23
17 3 6
8 5 35
5 9 19
18 6 3
11 13 29
15 3 30
5 11 27
21 11 6
7 12 9
8 11 2
15 7 1
20 10 30
7 4 14
18 10 25
10 3 40
4 8 3
1 6 30
13 13 22
17 4 14
4 12 34
8 13 9
9 13 35
19 12 22
10 11 38
5 10 19
4 2 11
3 12 26
2 5 2
13 9 35
3 10 31
11 10 12
12 5 37
4 5 23
12 12 14
5 10 29
16 4 4
2 5 26
14 7 15
4 13 38
2 6 17
3 8 15
13 9 32
11 10 15
9 8 38
17 13 25
9 1 36
12 12 18
6 2 28
12 10 9
8 12 31
17 13 10
12 13 20
21 1 16
8 5 16
10 1 34
4 7 27
20 11 12
10 3 27
4 12 11
13 13 9
15 3 16
18 11 15
1 7 30
5 1 1
10 3 34
20 9 37
17 2 2
13 4 22
15 8 11
20 12 11
13 8 1
19 9 5
17 7 30
16 2 18
9 1 11
16 3 16
14 3 3
4 2 27
10 10 7
8 8 25
3 10 1
17 1 20
13 3 12
5 5 10
5 7 36
7 1 13
17 13 29
15 13 2
8 6 19
16 3 19
11 8 23
3 7 5
15 10 14
2 9 28
20 8 36
16 8 1
2 8 10
2 6 24
6 12 18
19 9 32
21 6 40
4 3 37
2 7 29
18 2 15
18 3 20
4 9 24
21 10 7
15 9 19
6 5 17
6 1 19
9 7 28
5 9 21
6 13 5
14 4 10
4 11 40
14 4 23
1 9 3
16 9 20
12 12 9
7 4 11
10 3 9
11 11 34
11 13 1
4 12 12
5 6 19
21 5 13
20 2 1
13 5 14
14 5 9
20 7 33
9 13 32
5 8 18
17 1 30
20 6 35
12 10 30
20 13 13
3 1 4
15 12 4
8 11 11
16 5 15
14 4 29
21 11 13
20 6 35
15 10 13
5 4 27
18 10 40
21 4 7
10 8 1
21 11 21
11 5 21
21 6 40
2 10 5
21 13 29
19 4 22
12 4 7
7 3 26
18 12 32
14 3 13
6 10 10
3 11 30
11 4 17
13 13 28
16 10 16
9 12 19
7 6 7
19 8 14
15 3 33
20 6 23
21 8 13
10 7 28
2 10 2
18 11 18
3 6 7
18 8 1
11 3 26
10 11 27
3 8 39
15 10 32
2 3 6
7 3 4
7 5 28
6 6 6
11 11 40
19 8 34
21 1 27
8 4 33
11 8 36
10 7 20
17 7 7
3 9 39
11 7 39
8 13 21
2 6 7
8 8 15
14 4 2
11 10 25
9 4 31
18 7 23
17 3 5
11 3 26
12 12 18
7 8 33
3 7 3
8 10 4
17 10 6
1 5 17
16 9 15
8 2 37
18 4 12
14 2 2
14 8 16
6 3 8
20 6 32
11 7 1
16 4 17
4 11 16
4 13 40
16 9 37
14 7 28
7 2 38
19 11 37
6 10 37
20 13 32
8 1 2
15 5 2
17 12 31
1 13 4
11 13 2
5 4 19
21 12 37
11 12 28
18 12 30
5 10 24
8 3 18
11 8 39
8 8 19
21 9 25
5 1 6
16 6 7
8 11 5
11 12 7
2 3 27
12 1 15
5 8 38
13 9 36
3 7 30
12 9 39
4 5 33
12 3 40
7 10 26
13 12 15
5 2 16
11 9 31
4 4 12
14 2 20
18 8 17
12 1 29
6 10 18
6 11 2
8 13 9
6 7 15
13 12 27
10 6 20
13 8 37
15 2 22
11 12 19
17 13 28
20 13 37
17 2 29
5 10 22
10 11 22
15 5 18
3 12 38
5 9 29
12 13 21
17 3 27
13 2 18
21 9 37
9 7 14
7 1 37
11 9 24
2 9 13
13 12 36
11 2 17
2 8 8
13 3 15
16 10 13
14 1 22
3 13 3
11 3 36
2 9 6
17 9 40
11 11 34
20 7 29
7 8 15
16 2 9
15 1 21
18 3 3
21 5 39
1 9 12
6 1 20
10 11 30
13 1 15
4 3 31
11 11 17
14 5 7
5 5 23
4 3 6
9 6 31
4 7 32
19 3 36
21 10 9
16 8 37
10 12 31
1 9 21
11 4 32
13 5 27
18 4 10
15 10 23
21 12 11
9 13 24
16 13 35
21 5 12
11 11 4
17 12 29
5 9 30
21 7 20
21 1 15
15 10 19
9 6 26
17 4 8
8 7 27
12 4 7
4 13 5
17 4 40
20 12 24
6 8 36
17 3 1
16 2 9
15 1 26
18 9 2
21 11 34
18 7 27
9 12 1
3 11 3
7 5 34
5 5 7
8 5 36
10 8 25
16 7 1
20 2 10
13 9 37
20 11 38
20 6 7
19 12 17
8 10 27
9 5 34
3 3 22
2 12 33
8 13 20
3 5 20
6 10 25
20 8 11
14 13 13
7 12 10
4 1 38
15 1 28
6 5 2
8 12 17
19 13 22
5 11 36
3 6 10
6 8 20
13 13 31
3 2 26
18 6 1
19 2 11
19 10 38
9 9 4
18 6 10
13 4 6
1 12 34
1 11 12
6 3 3
11 5 38
21 6 18
21 5 28
12 11 11
5 3 33
8 5 24
14 3 6
21 8 6
11 6 16
19 5 33
17 10 40
4 12 38
14 4 12
15 3 11
13 9 13
11 5 12
12 8 10
15 4 36
2 3 31
11 1 8
3 3 27
12 2 33
7 10 4
1 6 31
21 12 40
8 5 38
2 6 31
6 9 11
17 6 18
18 12 28
12 13 28
11 9 17
17 11 20
13 6 23
14 11 16
16 12 36
11 3 5
8 4 38
8 6 40
3 8 26
5 10 32
4 1 38
6 4 20
7 12 3
16 10 28
15 6 4
9 10 8
19 5 7
12 2 25
8 13 38
18 7 7
4 2 34
17 5 8
5 6 4
2 4 20
18 9 29
3 13 29
8 4 11
9 4 37
2 13 21
8 6 4
11 11 40
18 9 8
14 13 6
12 6 5
5 2 36
21 4 31
2 5 18
15 12 9
14 2 10
10 10 8
11 9 26
2 12 8
20 4 12
1 7 1
13 1 30
9 9 28
3 13 33
10 5 14
14 6 2
17 7 29
12 2 10
20 5 4
4 4 23
14 11 25
6 10 16
4 1 12
6 1 15
3 12 24
20 4 13
3 13 3
7 8 34
21 1 35
13 11 29
8 7 36
21 8 12
12 13 20
6 1 2
3 6 10
16 9 14
19 11 12
2 12 6
10 7 9
21 13 35
15 6 16
7 10 30
19 11 38
1 10 22
8 4 34
16 10 31
19 8 32
7 9 35
3 3 38
10 2 19
4 12 1
11 12 3
5 11 23
2 13 5
11 13 12
14 5 29
18 2 20
13 7 3
12 8 40
10 5 5
14 3 27
5 13 23
18 7 18
9 1 23
8 3 15
11 8 32
10 3 36
9 4 18
15 12 31
8 1 35
17 12 12
2 2 6
11 5 9
8 12 3
8 1 40
9 10 32
4 13 18
21 3 10
6 12 13
12 7 22
5 10 15
17 6 35
18 1 40
6 4 34
18 12 7
11 6 21
12 2 4
19 13 33
18 1 19
19 8 38
15 6 30
13 10 36
6 7 30
13 6 29
10 10 10
2 6 11
1 11 23
16 6 15
10 3 6
11 9 3
12 9 24
3 2 2
16 2 12
9 12 33
13 1 20
8 8 17
15 9 32
2 7 37
18 6 21
1 11 24
10 5 15
16 10 25
16 2 20
8 7 4
18 10 40
9 8 40
6 6 26
18 1 6
18 13 30
9 11 33
18 8 3
19 9 38
20 5 29
12 6 26
1 13 4
18 3 14
2 6 1
8 9 23
21 3 21
21 8 27
20 12 24
17 8 25
1 10 13
16 6 32
21 10 9
15 7 7
9 13 3
20 9 39
19 11 24
20 1 8
11 13 32
7 10 28
7 6 7
8 6 1
1 9 10
5 11 14
7 7 18
2 9 10
3 10 11
2 9 22
2 1 34
1 1 5
20 6 16
1 9 1
16 7 1
18 12 40
8 3 13
20 10 33
3 1 25
6 3 1
11 1 29
8 8 8
19 1 16
10 11 38
13 7 28
21 6 6
13 2 30
10 2 11
14 5 18
10 3 3
4 11 12
14 8 30
11 7 4
7 1 19
11 10 6
4 2 11
2 5 9
20 5 23
21 6 1
4 3 6
13 6 20
5 1 12
20 5 24
20 4 30
9 6 37
10 5 28
18 2 6
4 10 14
3 5 16
3 3 37
9 1 40
14 12 6
1 11 30
14 1 33
4 13 24
4 7 18
7 9 17
10 11 20
6 3 3
18 7 39
20 6 10
3 8 17
13 5 28
2 9 29
8 10 38
6 6 37
14 5 25
1 4 30
11 10 7
9 12 6
11 6 31
4 1 27
12 10 12
11 10 5
14 9 18
9 8 1
17 4 40
5 11 38
3 8 34
16 7 26
17 7 40
11 10 16
9 6 23
7 13 25
20 4 9
4 4 1
14 3 32
9 10 5
7 11 9
11 8 23
1 13 3
14 1 14
2 5 13
12 1 22
1 4 40
1 8 27
16 10 13
8 2 10
6 12 29
12 7 17
21 12 31
4 1 22
10 3 16
2 3 38
19 3 37
14 5 21
13 4 31
7 9 21
16 7 10
21 13 13
13 10 9
9 8 23
3 2 38
14 12 31
11 13 29
16 10 15
15 1 11
10 5 14
7 10 7
5 8 37
20 3 2
5 5 19
11 4 21
12 11 2
4 3 33
9 11 24
3 11 24
4 1 15
11 4 32
8 3 10
19 8 22
9 13 23
1 3 20
3 8 21
21 4 33
17 6 9
18 2 27
17 2 12
3 2 30
4 1 10
18 5 18
1 9 12
18 12 7
12 7 28
1 1 37
15 10 10
20 4 22
9 1 4
20 9 6
15 4 3
7 6 27
4 8 20
12 4 26
1 1 40
10 10 36
19 3 10
7 3 28
16 9 13
1 8 1
8 13 27
8 6 35
1 13 38
8 9 20
12 1 39
14 2 2
7 4 15
3 13 4
10 9 8
4 3 8
10 8 26
13 8 29
4 8 40
1 8 24
3 10 38
5 2 38
12 4 10
13 2 16
18 8 6
9 5 1
9 4 39
4 8 3
1 8 6
7 12 15
9 12 1
9 7 14
1 13 12
12 6 40
4 8 23
7 4 13
18 7 12
13 12 10
21 6 33
9 12 23
4 9 21
4 2 4
2 12 11
13 2 28
20 1 20
7 11 12
12 5 21
14 6 29
15 8 13
21 5 25
19 9 5
14 11 8
5 6 30
2 8 5
6 10 30
14 5 36
14 8 14
12 7 4
21 5 30
7 3 13
7 10 15
19 12 11
1 11 11
17 6 40
3 5 26
7 4 11
11 4 19
19 13 16
3 12 19
15 1 7
18 8 30
10 3 8
19 3 21
12 6 29
15 13 21
18 9 3
16 5 8
3 9 2
12 12 23
21 9 32
12 9 8
4 13 25
13 9 13
14 6 31
18 1 33
4 2 25
3 6 11
1 5 13
20 1 4
4 3 18
16 4 33
19 9 25
2 8 34
16 2 6
19 8 6
12 2 13
19 8 23
9 8 38
13 7 33
17 5 11
11 9 36
3 9 17
19 7 37
16 11 22
16 11 6
10 9 38
9 1 5
20 8 8
12 8 31
1 4 35
11 2 16
14 11 10
2 6 32
3 7 10
12 1 39
1 13 29
4 13 5
14 8 8
15 2 26
16 4 35
18 9 1
2 4 4
16 8 32
2 1 32
15 3 25
8 1 33
6 9 10
12 11 19
2 13 9
1 10 34
8 6 21
15 3 7
19 1 29
1 7 11
13 12 8
20 8 6
16 1 40
14 1 33
7 11 34
4 9 25
4 6 34
17 8 9
10 13 2
11 11 6
18 5 20
17 7 21
20 5 16
12 6 15
1 8 11
21 10 2
16 3 5
18 11 34
1 1 16
19 11 21
3 9 10
11 3 23
18 8 30
14 3 24
7 9 29
17 13 25
2 4 35
16 13 2
20 4 30
13 9 1
19 4 16
14 6 39
9 3 4
10 5 35
21 10 39
13 8 22
14 3 12
13 5 2
8 1 33
1 6 17
3 2 4
21 7 16
14 11 20
13 7 15
10 6 25
11 9 9
8 2 11
2 6 25
3 3 2
20 7 37
10 7 31
4 5 39
14 5 27
15 6 30
5 2 12
7 8 37
7 4 19
9 11 9
1 9 36
10 4 4
11 8 5
8 1 15
20 6 12
3 9 10
12 1 9
14 2 31
21 10 14
21 11 20
7 13 17
8 4 38
6 7 34
11 13 40
5 9 15
1 11 11
14 3 22
20 7 22
21 13 12
6 12 23
18 9 29
2 13 33
5 4 7
15 6 21
19 4 22
1 8 36
1 9 28
8 5 22
11 12 36
21 1 13
5 10 20
5 6 6
15 11 30
12 13 14
17 5 15
11 12 18
9 12 13
15 3 2
15 2 36
1 11 8
3 6 13
20 2 11
11 1 17
7 1 26
18 9 30
12 8 12
6 12 39
5 7 12
6 11 17
4 4 17
8 9 34
7 1 12
16 11 4
20 8 14
10 10 30
17 11 27
1 9 11
14 10 36
18 7 25
8 8 6
12 8 17
19 10 24
16 1 24
8 10 6
19 12 13
14 2 21
9 8 38
7 13 30
8 1 40
1 7 22
12 4 12
13 4 1
4 10 20
7 11 5
10 9 33
4 3 21
20 3 17
1 8 11
15 12 22
20 9 20
4 13 3
15 5 11
17 12 34
7 11 35
5 5 22
11 8 16
8 5 11
17 4 35
2 10 29
9 1 24
6 3 3
11 3 29
18 6 37
13 8 15
11 6 6
1 2 32
4 4 25
21 6 24
20 10 11
3 5 25
21 8 29
1 12 14
1 8 17
15 7 16
8 5 37
1 2 27
13 10 37
5 13 19
3 9 12
18 1 21
2 5 33
18 11 29
10 10 29
6 7 32
4 6 33
16 3 30
10 8 22
16 1 19
8 6 9
17 12 12
17 1 18
16 9 3
14 3 4
4 12 16
3 3 31
7 8 25
6 7 15
20 9 17
11 10 21
16 4 36
16 3 35
1 5 8
20 2 6
10 13 4
5 13 29
1 9 17
9 13 9
7 1 31
2 13 10
2 5 29
2 2 13
14 12 28
13 11 13
20 3 12
3 9 16
14 6 31
16 10 1
6 2 32
10 7 8
11 7 21
5 3 7
19 3 12
16 12 28
18 8 11
14 11 10
5 1 29
10 1 5
19 8 30
16 7 26
10 3 13
13 12 35
1 4 18
11 11 2
9 10 23
8 2 4
8 1 8
3 4 30
15 8 14
3 5 37
7 3 29
3 8 23
21 4 31
6 5 33
17 13 38
1 3 18
6 2 37
19 6 27
11 12 4
3 13 26
5 10 9
20 4 20
17 8 15
17 11 5
19 6 2
2 4 10
7 11 35
11 6 10
8 6 8
9 10 24
15 12 29
11 1 6
11 7 17
4 7 36
11 3 20
12 11 23
6 8 13
12 7 18
7 2 32
1 11 3
19 10 33
18 12 8
14 6 24
4 9 38
1 9 25
16 1 39
12 11 37
9 4 25
10 12 35
21 10 21
10 7 38
10 11 15
4 2 23
10 8 1
9 7 10
15 2 40
14 2 25
19 11 36
20 12 12
6 1 22
16 9 8
10 4 12
8 13 19
1 6 31
6 11 35
9 12 29
4 10 22
18 8 32
11 4 1
14 6 18
3 4 40
20 11 20
10 4 22
14 2 31
19 7 40
18 11 40
2 9 13
2 5 10
14 5 24
18 11 40
4 11 13
15 3 27
11 11 12
16 5 32
18 6 1
17 11 32
14 6 34
10 13 26
7 12 3
19 8 33
20 1 3
21 10 17
12 5 5
15 8 33
16 2 28
4 7 11
11 13 11
4 6 10
4 10 11
1 4 37
8 12 13
13 5 6
15 11 20
4 5 24
20 10 4
4 13 40
8 11 37
7 9 27
3 5 25
18 3 13
17 13 34
8 8 2
16 4 39
13 9 39
14 2 26
16 1 23
10 2 37
10 1 14
5 1 11
17 10 30
20 9 38
21 10 16
11 6 9
5 10 7
1 4 25
17 3 36
11 4 31
20 13 25
18 9 31
15 9 9
6 2 38
13 2 23
8 7 1
15 7 8
4 8 9
13 8 10
17 7 38
8 5 13
4 10 38
2 5 1
21 7 4
4 10 3
18 12 31
11 12 25
12 4 5
6 6 8
14 8 40
15 11 20
2 13 28
18 12 8
20 10 22
9 13 7
4 11 2
10 4 12
9 4 6
16 2 24
18 10 17
6 13 35
10 6 34
1 2 27
12 7 28
6 4 24
3 13 3
13 2 21
8 6 24
14 13 33
8 1 15
12 11 31
18 13 37
21 8 38
15 11 23
15 1 11
7 11 9
11 4 35
19 6 30
10 4 12
1 6 22
12 7 36
7 2 1
14 5 36
9 10 30
5 6 14
11 9 5
10 9 26
17 8 12
5 9 29
17 10 28
15 1 29
11 7 39
16 2 32
12 5 17
10 3 1
8 6 11
14 7 7
3 13 8
10 8 35
15 7 32
16 13 4
10 1 30
13 7 39
3 4 25
12 12 27
17 6 40
19 5 11
11 13 2
16 5 9
15 3 12
4 4 30
5 7 7
9 5 31
14 1 24
18 1 15
12 7 35
1 10 13
4 11 37
4 13 20
10 5 40
10 2 36
13 1 15
11 7 34
5 7 30
21 3 25
19 9 38
14 1 8
15 3 26
2 8 14
10 11 38
19 13 6
3 4 24
13 8 19
15 10 5
19 9 29
14 5 17
10 6 6
20 12 38
1 6 1
4 7 30
11 2 22
11 11 22
6 10 27
17 2 20
15 13 38
16 12 23
8 11 25
9 7 31
16 10 5
19 8 14
13 5 31
19 3 12
5 4 39
16 2 38
19 11 26
16 5 18
11 13 18
1 8 34
4 12 40
2 3 10
4 1 10
5 12 22
8 5 3
6 7 15
15 1 15
17 12 4
10 7 22
17 2 17
12 11 7
1 5 36
14 5 22
16 8 31
18 13 9
21 5 31
6 6 27
17 13 26
18 10 35
9 1 24
5 12 29
19 12 36
11 11 28
8 13 28
16 9 21
7 9 37
15 1 34
1 7 7
21 8 32
15 6 32
19 10 19
16 13 26
14 3 7
16 13 5
12 7 3
21 12 9
13 10 7
19 3 14
12 8 16
3 10 3
7 6 29
15 11 37
13 12 19
19 4 18
11 1 3
12 1 40
18 4 34
7 1 5
5 2 23
2 11 15
16 12 9
9 4 21
5 13 20
19 6 17
12 4 22
20 10 32
1 8 18
15 10 3
8 8 29
19 2 34
21 13 26
4 1 9
8 9 29
14 5 18
20 6 11
14 2 36
5 2 30
11 9 10
8 9 38
2 3 11
17 11 18
12 7 22
20 10 11
3 8 33
9 2 18
16 1 37
8 3 13
14 9 10
21 8 38
18 8 31
7 5 38
20 3 26
21 10 2
15 11 29
19 5 7
21 6 25
8 7 25
17 6 37
11 12 25
4 7 25
11 11 14
16 7 7
17 6 7
9 2 5
9 9 12
7 6 25
10 12 33
9 2 29
11 6 26
15 11 35
12 7 4
1 12 13
20 1 10
3 7 22
20 6 26
4 12 26
19 13 20
20 13 19
17 13 5
8 12 2
4 11 26
13 10 12
4 11 36
14 11 5
9 10 14
6 9 39
14 11 12
17 12 16
8 10 15
16 12 33
8 8 28
13 3 28
5 8 40
4 8 7
4 1 11
16 4 5
14 2 35
17 10 29
20 6 28
2 6 20
6 11 31
1 11 31
13 5 3
14 7 14
18 7 6
9 9 20
20 8 9
17 13 21
8 7 12
2 4 40
10 10 10
20 11 22
11 5 31
8 4 4
19 6 39
15 1 5
20 4 29
17 10 10
3 2 40
7 3 3
20 13 8
15 8 9
4 12 5
5 7 11
5 1 19
19 6 23
16 8 7
21 10 31
2 7 13
21 6 31
8 7 31
9 1 21
3 1 3
16 12 24
16 6 39
16 12 6
2 11 39
16 11 2
3 7 17
1 12 21
12 7 21
8 8 32
3 8 25
7 11 36
4 2 8
20 9 12
16 5 23
2 9 31
6 13 15
19 10 4
3 7 9
16 1 18
8 2 2
18 7 16
3 4 30
4 4 7
5 2 13
10 11 33
13 4 11
19 10 15
14 7 25
13 9 22
19 8 31
4 7 5
21 6 1
17 4 37
4 4 16
6 9 15
19 9 20
1 9 21
9 2 32
21 1 10
4 9 29
1 7 1
16 10 23
10 6 24
5 6 15
9 11 35
17 10 13
14 13 16
9 4 11
8 3 2
4 6 25
5 6 7
8 6 11
20 8 4
18 7 29
8 13 11
12 6 14
11 2 14
6 4 40
17 7 3
17 1 6
3 13 19
11 6 20
20 2 30
5 7 21
18 1 7
1 3 37
20 4 9
19 5 29
11 11 13
3 7 22
9 13 29
5 9 19
8 9 30
20 6 19
11 6 13
4 9 6
2 2 34
1 1 39
4 11 7
20 1 28
20 8 16
4 11 14
5 4 7
14 4 32
16 10 22
16 4 18
10 5 40
19 5 20
8 6 3
7 4 6
17 8 12
10 10 1
6 10 15
14 4 4
16 12 12
9 13 36
8 9 7
9 8 22
2 13 34
12 6 31
19 5 30
6 5 7
11 8 16
13 8 32
9 6 40
10 13 24
10 1 34
12 6 34
6 12 38
15 2 12
2 3 40
18 11 37
1 9 2
7 7 8
19 2 21
21 10 19
19 8 40
18 1 2
11 13 37
6 2 34
8 5 13
19 5 12
21 3 12
9 11 32
13 5 32
19 7 33
14 10 19
20 10 13
5 4 23
9 10 22
13 1 23
18 8 35
18 9 35
11 7 19
17 10 23
8 1 34
13 13 14
5 10 12
6 2 14
13 3 22
12 9 16
15 8 18
1 1 29
12 11 6
21 7 37
7 4 5
17 10 21
1 1 25
16 4 13
6 8 33
2 8 35
10 11 33
2 2 29
4 7 23
16 1 2
9 2 18
3 4 17
9 4 32
14 13 31
12 5 14
11 11 33
11 13 19
8 3 28
14 8 21
15 4 38
14 12 29
5 11 35
2 12 31
6 4 14
6 13 10
14 1 38
8 4 25
7 3 39
9 12 16
6 4 16
2 6 32
4 13 10
17 7 36
17 7 40
21 13 2
20 9 30
16 13 4
17 2 3
10 10 31
8 12 24
21 2 25
18 4 16
5 1 21
15 8 29
4 13 12
21 8 13
3 8 35
6 12 9
18 3 19
18 9 17
1 11 1
4 3 34
10 13 7
2 9 6
14 8 34
4 6 26
6 6 5
17 8 11
5 5 26
8 4 14
19 2 29
9 11 2
11 5 36
2 5 18
1 6 37
7 9 32
2 5 3
14 9 7
13 4 17
14 8 22
7 11 32
18 1 15
20 2 35
3 9 15
7 4 24
2 4 39
14 10 2
6 5 11
20 7 40
2 3 9
12 8 32
17 13 40
10 13 14
12 3 34
12 2 26
3 10 25
21 11 38
18 6 2
3 8 16
13 11 24
5 13 15
19 5 27
17 3 28
14 6 24
17 2 33
14 8 40
19 4 21
16 5 24
12 3 39
9 8 20
12 12 28
21 8 38
3 9 29
12 5 23
13 12 38
1 12 32
7 4 38
16 11 14
16 1 33
9 1 9
18 3 25
6 1 8
5 5 28
10 5 4
5 9 37
6 13 22
13 12 23
2 10 4
10 5 7
19 1 36
15 7 24
21 1 3
21 6 2
16 12 13
6 9 18
18 13 33
14 11 14
16 13 30
18 1 14
5 12 4
17 9 19
7 9 7
8 2 38
14 10 17
8 6 14
19 6 25
3 11 19
18 11 8
5 9 18
12 7 19
21 6 19
9 7 5
21 8 37
16 5 1
16 8 14
15 4 24
7 10 3
7 8 11
20 7 8
12 12 23
2 7 27
6 12 34
5 11 19
16 5 7
19 1 2
19 3 3
11 4 20
3 2 39
19 13 29
9 4 12
14 13 38
7 8 4
15 7 32
3 3 8
5 11 38
7 6 34
11 5 3
16 8 13
17 10 2
14 11 38
5 1 34
19 10 3
17 8 39
12 9 6
15 12 5
2 7 20
9 10 9
16 1 20
9 11 16
7 3 18
1 2 39
13 5 7
10 4 1
9 10 29
8 2 29
1 11 17
4 2 24
1 3 12
20 10 22
17 12 13
18 1 10
9 10 32
1 4 32
13 8 10
5 13 28
16 13 6
17 7 22
21 12 12
15 12 23
1 11 12
4 4 17
7 5 20
15 7 7
1 1 36
6 10 30
18 12 3
11 5 31
12 9 15
2 4 24
1 1 1
2 4 24
10 2 18
16 7 13
10 4 6
6 4 13
3 8 25
3 6 32
18 12 18
17 11 35
12 5 28
6 9 22
4 7 40
1 11 38
7 9 35
6 9 19
18 13 30
9 3 30
4 12 27
1 4 29
1 11 30
17 4 39
5 13 30
6 5 3
15 5 8
5 9 13
14 5 37
2 1 20
12 10 30
11 10 35
19 8 8
1 12 15
2 2 4
8 12 17
6 13 21
6 8 23
12 12 9
21 9 6
18 11 17
11 12 4
5 1 7
1 1 13
21 8 36
8 7 34
2 3 10
9 3 23
8 13 37
18 11 40
14 3 17
12 1 8
9 7 39
18 12 17
3 7 4
18 10 36
9 8 25
2 4 34
1 12 38
6 4 7
18 12 34
12 8 37
7 10 36
1 4 26
16 5 2
9 4 4
21 7 2
13 10 38
17 1 5
18 2 5
13 8 6
14 13 9
6 1 15
14 11 7
1 3 14
14 6 8
3 6 31
14 4 30
3 13 33
4 2 30
20 5 20
12 5 20
15 12 1
8 12 23
16 11 34
8 12 6
12 13 9
8 7 11
9 3 31
9 8 39
21 5 19
17 11 24
19 13 27
3 2 36
3 8 6
12 9 13
20 3 29
15 4 13
18 6 18
4 11 1
19 7 15
4 8 38
8 10 26
8 3 30
6 2 4
9 2 21
12 7 9
4 8 17
20 1 22
9 1 15
18 2 21
14 11 21
5 5 6
8 8 11
14 7 34
20 11 1
5 12 28
3 13 8
2 8 25
8 1 36
6 10 21
16 12 14
9 5 24
3 7 2
20 4 32
20 9 38
19 6 11
14 9 7
10 4 37
12 9 3
17 8 17
2 1 5
3 10 34
18 12 9
18 13 14
8 11 28
14 12 26
16 7 11
1 13 24
13 3 25
12 3 21
1 13 20
9 6 7
17 7 40
1 11 9
6 5 32
15 9 16
7 13 23
13 1 1
16 13 40
11 2 39
7 11 23
17 6 23
10 3 38
15 5 37
6 8 4
7 2 4
20 2 30
19 6 28
8 8 37
4 11 1
16 2 25
18 9 39
8 13 11
7 2 23
1 7 18
1 3 10
17 4 19
16 11 40
16 10 17
14 11 5
2 12 14
7 4 31
9 5 39
2 2 31
7 12 17
20 8 12
12 2 10
6 7 23
17 6 30
3 1 37
17 11 21
21 7 8
9 8 14
13 10 32
13 10 23
5 6 27
7 10 21
12 4 16
14 9 6
21 13 13
1 2 13
10 5 34
20 6 28
7 7 27
17 4 9
2 3 10
8 5 15
5 13 11
16 12 37
17 12 25
13 2 6
12 7 24
1 9 32
8 12 11
16 3 6
15 12 37
15 7 12
11 8 20
1 5 4
1 4 36
8 11 21
1 3 2
17 7 11
5 4 26
2 9 3
7 11 33
5 8 35
6 2 31
3 10 15
8 10 7
2 3 10
12 3 21
18 9 40
3 5 32
10 13 23
9 9 27
19 5 7
17 7 31
8 1 29
10 11 1
7 5 14
18 11 23
4 4 14
5 6 36
12 13 22
7 9 12
17 12 28
10 1 13
21 6 34
5 9 13
21 10 5
20 6 6
6 8 16
19 8 33
13 13 13
2 2 19
20 4 7
19 10 13
17 5 23
17 12 10
8 10 18
20 2 22
21 7 29
19 3 18
4 7 20
18 12 8
20 5 31
21 6 31
5 10 11
16 6 2
15 11 31
6 10 37
2 6 2
15 13 17
11 1 26
6 1 36
19 4 23
5 13 32
18 13 22
3 13 36
5 7 34
1 9 20
1 10 21
15 7 2
18 9 29
10 8 24
1 8 25
14 10 21
14 9 26
8 4 38
4 8 37
19 3 35
12 13 1
15 11 14
18 10 26
1 11 19
18 8 29
9 3 32
15 7 30
14 12 37
1 12 31
9 11 38
2 3 10
13 7 26
14 12 33
9 1 33
14 13 15
3 6 29
5 1 25
16 1 16
10 7 10
21 1 29
14 6 17
12 6 15
5 12 12
16 11 16
16 8 19
16 1 22
16 2 21
1 11 3
8 13 16
17 4 11
4 1 18
4 8 40
15 11 29
1 11 29
5 6 6
14 13 1
17 5 18
16 4 32
13 10 1
3 3 34
17 6 10
6 12 22
21 3 26
5 9 20
17 10 1
13 5 8
19 11 39
5 3 8
1 12 32
14 5 16
4 4 18
14 6 24
17 2 18
14 4 10
10 10 1
14 11 15
8 3 37
4 2 12
5 4 30
19 5 10
5 11 29
9 7 8
8 3 36
12 5 24
19 12 31
6 9 28
18 4 31
20 9 25
17 10 8
13 2 35
3 3 17
16 5 2
9 9 2
15 9 28
5 7 25
18 11 18
11 9 24
8 2 21
3 2 26
11 8 25
21 10 10
12 13 2
11 12 23
17 7 21
2 1 34
14 1 7
8 1 28
20 3 3
8 11 38
5 11 12
2 10 13
21 3 14
1 4 6
1 6 16
2 7 22
8 1 34
5 11 14
5 7 7
14 9 27
11 8 4
17 13 12
2 2 17
15 12 26
6 13 36
6 11 4
20 3 27
2 8 28
5 8 3
6 10 25
9 3 22
7 6 4
20 9 32
19 8 16
19 3 9
7 1 39
2 3 33
10 4 20
15 4 36
21 11 37
21 3 12
14 9 10
2 5 1
20 6 39
3 2 23
12 7 14
16 12 3
11 2 28
8 10 18
2 9 15
14 7 6
7 1 17
11 4 6
2 7 11
19 7 14
4 1 4
1 2 6
21 3 34
