56 65 4781 8697
4657 4267 1411 4829 4245 4404 342 2604 1304 2476 2927 2075 553 3354 3124 1614 2530 161 2050 2859 2444 2940 4685 529 4003 1854 1562 4078 3267 883 95 2075 576 560 4702 4559 3983 1304 3614 769 3994 2262 3300 966 2278 946 2986 2834 3834 4320 1926 4376 1219 3222 4767 3066 3755 3659 962 621 1098 1847 3569 1596 1807 
4066 4869 4081 3040 4438 3321 2599 290 2931 585 3061 280 1065 4294 1945 4579 2712 4180 2790 2833 4521 3138 1396 856 504 676 928 414 1126 514 4894 2007 3436 70 1171 4880 73 2337 2689 2187 1238 2650 278 1095 3014 1853 4205 342 49 1080 2681 3850 1003 4522 456 4265 2246 991 429 3191 4277 2069 2628 1511 4528 
3806 4491 3118 3723 4237 922 2293 4386 4597 3920 2181 4267 2755 2511 1042 1436 128 139 876 2097 2985 47 3413 891 3558 224 4404 4272 240 2635 2145 3212 4593 1268 377 4315 4364 2759 2027 4362 1409 4075 59 82 1825 3715 4324 2942 1503 2501 2672 4228 569 3093 4362 1896 2616 3850 3232 3756 316 522 3269 3502 362 
4592 3873 2691 1717 1157 1840 2495 1840 3755 4573 3917 2397 2277 4459 2989 1221 316 4309 2982 2637 617 3492 2789 1933 581 786 4243 598 469 3949 2610 4686 3942 2620 2324 2271 3808 2470 950 4315 351 484 493 4005 4136 2478 274 425 4234 1731 1583 4657 2050 1614 2422 3576 3845 3956 1428 2762 2973 1447 1730 333 241 
4668 1269 3915 2809 2510 336 3466 2614 3385 2965 1113 2808 2826 2714 1199 4718 2656 1009 4707 3052 4605 1646 2806 2669 1093 1328 3843 3600 735 3341 1834 2928 2058 32 2218 4351 2111 3445 2788 4766 4135 3529 2656 809 1443 3308 3600 1584 4394 1119 2497 3575 769 307 3796 2552 2610 3348 4147 2780 747 4838 1693 3763 705 
868 2323 840 3002 610 4018 1028 2730 3646 3817 2907 4468 1336 3931 466 2294 3019 4532 2639 3124 377 2275 3855 4406 4170 1682 2110 1435 3190 1103 850 2509 3401 2663 3034 4843 401 2645 1383 4189 1399 3120 788 4070 277 4018 702 4312 2839 1079 4134 4715 496 3700 1025 1523 2872 2519 1891 2271 821 2706 4291 3385 1474 
4397 4816 2797 2726 4241 4453 968 4568 1156 3061 4502 2050 2132 4052 2714 1450 3183 4252 3747 1554 3447 2639 3020 2363 2980 4794 1962 2913 4560 3860 2324 816 2481 3077 1027 2578 2817 1012 703 834 529 2776 382 2485 4721 130 888 690 2487 4645 550 3686 2532 3673 3973 2251 2445 1138 4290 1240 244 1606 1877 3640 2459 
4143 2926 4792 4505 3213 1272 2706 2128 77 300 2714 178 2076 2196 829 887 2294 662 4498 55 3098 2807 2734 2687 4407 682 3323 4683 1578 58 4270 4178 2009 2557 832 3464 1550 1383 574 2625 1571 2645 2190 2422 137 41 4151 2214 226 4444 3417 1567 3100 246 4815 3531 4681 3004 4011 2799 778 3083 677 1426 1910 
1835 707 3114 1438 2593 288 2997 1326 2062 2734 2619 4686 3465 164 235 4733 2813 2365 4170 4625 4388 1942 4642 1699 4074 2385 2284 935 127 2361 2406 1012 4423 2404 4290 2220 2743 3160 3572 2299 2030 3998 514 2260 271 1030 2180 4233 3608 2761 2429 4150 2709 2271 3633 4847 3111 293 4303 1908 3004 240 2417 4629 1053 
1752 4426 1903 427 1891 306 4680 4172 162 2698 1022 4664 4730 4502 3246 369 3743 422 1474 3891 3161 298 61 2997 2101 4819 1211 3781 1478 1879 4463 179 3510 2859 3113 676 2225 1874 364 3680 2351 2493 3951 3228 3545 4146 3700 1156 1618 506 3842 2471 1187 2077 1273 3874 981 2041 4566 2205 1826 1069 2175 1051 4278 
2465 675 2279 1726 3898 2955 672 3481 267 2853 115 3566 1263 2158 4682 337 3112 1892 3522 3379 1334 161 2857 707 204 3377 67 3296 990 4771 2310 1136 2712 4727 1017 4083 3590 582 2975 3123 469 3007 4673 1325 3130 2978 2174 3598 2866 717 4451 489 2873 443 4783 4397 4766 2434 1680 3657 559 1627 2016 1501 3741 
1347 3930 334 928 3053 724 4200 98 20 686 860 4808 3285 62 3265 629 3168 2529 282 3668 4385 4771 4459 4134 4735 893 1859 4826 1521 3795 4823 1879 2612 708 322 1049 2023 998 1104 2883 2021 148 2593 420 3681 4685 3321 2071 4170 3642 3247 3229 533 1422 3179 1616 2444 3620 4677 112 2309 4611 188 1062 4781 
4903 1672 3177 998 4873 3341 403 4074 258 3243 556 571 3335 942 2763 969 2867 4044 478 1681 1433 223 4496 3359 2597 281 3880 1011 3371 4363 999 1603 3268 4093 567 2453 402 1595 3421 3016 439 1858 1896 4220 411 3099 3896 4600 576 3966 1668 748 938 972 4531 4721 2374 1638 3121 232 942 3051 1250 3749 4326 
407 1274 1082 919 3630 949 3721 988 2177 2172 4131 913 278 4725 3584 164 126 113 1397 2379 1572 3783 2535 1410 2928 1774 1097 1405 1185 1633 669 4854 3102 1160 2773 1272 2798 3834 2088 2942 1510 1639 4249 45 233 1140 2345 2095 379 1246 864 3199 4620 2465 2124 4820 894 763 2329 4724 934 3858 2075 1700 3506 
2205 702 3876 1690 1373 3557 4277 450 884 592 3459 4162 160 2059 4086 257 4811 3423 457 1768 2716 504 4023 2713 3767 530 652 548 4581 2249 4826 797 2663 1661 1894 2703 2449 3646 2228 4006 4750 4203 4610 3702 1348 2323 2508 336 2963 769 1570 1655 3805 4284 1729 790 4610 1504 3048 4210 4386 4373 2565 2824 3130 
4602 2843 4731 4396 4015 1734 4362 2995 1632 2549 3657 3961 4045 4807 329 4114 2629 1984 260 3453 4698 3850 2684 376 3398 2128 3732 3295 1991 1617 3664 4044 12 4421 1085 2285 354 610 4062 1165 4838 1329 1850 618 3773 3963 4196 4082 4902 3267 1488 385 2847 2828 3451 851 666 1241 663 2396 887 4562 1598 4403 4812 
967 3137 4340 899 443 1217 3702 4321 845 4490 1590 3932 3165 1988 2584 3110 3022 4670 3006 1885 1398 3317 4889 3966 968 227 1800 2997 3298 3613 1719 478 935 1489 4473 2069 4010 443 3171 1875 3590 3581 1525 4699 2512 1914 1342 2195 733 3100 100 413 3268 2076 2503 2472 4041 1586 4724 1336 3105 1735 2982 4692 1507 
1863 147 4530 4128 515 111 464 3051 4541 1288 1994 1640 4825 3418 3022 4834 3386 1359 1809 130 4508 2681 919 1899 4026 3201 661 3838 4473 2567 2111 3616 3425 1666 1085 3120 2855 4519 235 2710 1150 1632 1405 3574 4436 3976 4816 1797 1934 727 278 3990 2527 3628 3968 1655 4569 4204 151 1939 906 548 3769 3704 2821 
3487 84 4117 1641 4250 638 1988 732 2993 3927 208 3463 1865 3926 4856 1851 4682 2429 2330 2657 3431 1799 400 1712 3109 1812 3477 4378 2650 4799 1405 4353 858 1069 3572 4537 3246 3787 3002 1549 1606 2739 3103 1589 2627 3605 1043 1680 2934 1074 2689 820 2150 1028 4825 387 2474 515 4112 4332 1819 2180 3543 1969 2781 
1033 4612 757 2189 4334 3854 826 1555 792 2015 4253 3138 526 2361 54 4049 4158 71 2466 235 2948 3070 3452 2647 4650 4586 2660 223 3912 4871 1681 2100 1909 2202 3846 4883 181 2940 4002 3535 235 3051 3267 1962 1915 173 1575 3701 1208 4380 4713 3067 2598 1499 4396 3398 4108 2937 2279 3068 213 4320 1109 713 4585 
3848 2591 1352 4400 4490 905 4653 2854 4339 2758 1136 4712 4123 4323 3148 4509 477 4225 2225 3750 3896 886 1874 3191 2638 1839 3852 4540 2880 4549 1713 4145 2514 1354 1174 4494 825 1952 4343 1948 2337 2229 4285 457 3876 3285 4431 3306 2565 1402 2072 832 1691 4619 1582 842 2360 1446 234 2743 2707 69 2747 1027 4667 
2831 4333 1276 4847 2072 1711 4821 4255 452 1253 1001 685 4812 1902 2530 1994 906 3480 1266 4611 3418 2994 1506 1666 4717 1331 1432 2553 1524 406 3618 749 1835 2694 4869 450 4657 3905 2601 2510 582 2961 1738 988 3099 4370 3951 4497 3606 3463 36 3950 2938 283 2707 3022 2456 1943 4080 4220 3600 739 2663 575 4808 
2313 2541 1953 2636 1410 89 4303 1801 3996 4872 1422 1993 4583 3251 48 4651 948 4480 770 1008 3774 3461 337 1661 2097 3041 639 1787 1590 806 1349 1555 2861 1255 2066 4875 3364 2723 3617 1978 321 4699 4467 3722 3821 3026 2546 2562 3763 1508 1025 2387 4832 4106 3029 1848 3321 2203 4379 3764 659 4155 1013 1898 2778 
2851 4375 102 606 4779 3451 1563 3304 3516 1010 3749 3427 2515 2520 4661 2555 4441 2108 458 763 2460 2513 2003 1243 1658 3874 2827 4795 367 3020 67 753 48 3150 457 3444 3288 66 3801 1086 4261 3147 1560 2456 3250 4367 4312 4732 3078 227 4237 1347 1002 3615 3864 3909 3204 4180 1524 1302 1665 2723 4003 3327 3078 
3586 2965 2248 3380 2764 1472 4459 4369 4689 2861 1450 1231 1104 3494 1026 3195 3906 2910 2300 583 3316 1722 2336 2362 354 2230 3984 877 4403 2196 4323 3833 4065 1238 2770 358 992 4058 879 661 1713 3416 2539 4826 4260 2297 1886 3550 4603 194 4047 253 109 2846 1080 1229 1059 3836 2403 2196 310 344 4696 51 4135 
3298 3888 2187 1266 2431 2801 353 4527 3499 965 4902 1475 4346 1596 3534 2462 928 2337 3226 4596 141 1034 2950 4395 4569 570 4174 4836 435 4216 1120 3930 1627 1078 4222 1625 3371 4140 3894 1863 3978 2335 72 3541 3845 2411 2238 3890 3783 4570 4456 2297 4821 3052 2516 4354 1138 2957 3530 1709 656 4168 802 4804 3243 
904 4344 1607 1604 1651 3723 4692 3617 1894 3575 4456 3250 729 3636 751 98 3253 3947 995 1914 2997 3287 3400 3798 1733 194 218 1431 1484 192 1387 2198 2438 4638 3653 2067 2845 3857 3073 2510 4228 2372 1507 2763 3878 3413 4693 3344 4585 1686 894 92 2709 440 1775 3645 4431 3569 4454 2873 3692 2497 4281 2303 4407 
4483 1031 4202 818 1501 2612 1837 87 778 1882 860 4034 1500 4294 1410 4364 3599 315 4318 2608 4841 2726 4837 4031 818 3381 3477 1001 4139 262 1880 3761 4674 1290 2168 4217 4184 3363 4843 3238 1609 1099 928 2360 1142 1841 3217 4315 4237 2604 4432 412 4446 4265 4133 4179 4780 1337 21 3297 1785 1922 4232 364 2967 
1937 981 4719 4019 4440 4346 338 3261 1867 4446 76 4291 2322 3253 248 77 4680 4145 886 424 1947 1067 1520 207 749 3406 4878 603 531 4848 2920 647 1638 4481 4545 2189 64 865 35 2909 4769 475 547 3323 3657 1237 843 4063 1489 2273 2314 400 2673 4435 3563 3930 781 1810 4306 4136 3419 4324 1810 526 2848 
4524 1093 359 1325 2381 4896 935 168 483 2798 3380 2841 3406 3552 2555 1504 4588 3799 3135 523 819 3669 3745 2106 3476 983 514 3992 2915 1967 1262 958 792 2199 3110 382 813 4154 1680 545 891 1160 1835 3323 526 1135 1719 4232 2595 3981 4019 2811 2727 1362 1430 3099 2321 2756 3779 1963 1206 3064 2703 4077 2239 
3420 1997 4473 3625 1987 716 552 743 831 3285 4001 1028 4113 1629 3457 2537 987 1799 3464 4865 4271 3079 2163 3566 449 3338 322 2018 542 2657 131 352 846 42 2565 2960 2914 2753 1999 1004 370 1469 4147 1676 753 1001 1504 1719 3401 1621 1726 426 1891 873 1266 1601 2410 2846 3512 3727 2546 4691 3590 2446 232 
3138 1815 4792 3325 1562 861 182 4813 1609 4656 3547 1571 3153 229 366 3267 4609 2493 3510 4267 161 922 3163 1697 1508 2149 4616 3998 2643 524 2472 2862 2887 1567 511 3828 326 10 973 812 4777 723 4749 1769 3586 3032 4896 4205 3559 3163 4171 3516 3678 1279 2749 3274 1111 3054 3550 1090 676 2674 2067 2430 4761 
2870 3424 3228 3818 3577 3435 1604 3286 237 4153 3687 3288 3397 3025 1761 4364 1317 3079 255 1885 4443 3352 3447 4474 1715 1875 2106 241 4758 3410 2753 3586 4516 3190 3525 1999 2730 4281 100 1807 4206 1460 1285 3673 4059 3797 4179 4564 3629 3321 1871 3729 3324 4113 4812 432 75 1641 262 2976 1799 3320 2403 4356 314 
4774 1438 3850 1889 2305 1601 514 3110 3385 155 2733 3089 433 500 2513 1689 3412 2406 34 1107 3911 3037 3937 1042 157 1679 124 2773 3265 169 166 2077 30 760 3818 2051 123 3842 3946 3869 1672 4444 2225 814 3009 3382 2886 2964 1343 2871 1614 2545 1271 4263 4289 4224 461 675 2380 1390 1006 1739 371 143 4205 
1429 3394 57 2251 2754 1703 4147 1327 121 1374 3052 3762 49 3793 4173 4749 3383 214 1584 398 4535 2792 2896 3420 386 2360 1993 3062 3115 1176 3518 568 4533 4516 3769 4596 4358 4260 2172 1086 3148 1608 1078 2417 2460 4734 200 3102 1430 4169 4506 3733 4754 2629 1779 1056 306 1995 2587 4101 4643 1543 2840 3873 3831 
4190 4381 4783 3581 1610 2889 4496 1097 2717 1815 3335 714 1070 4013 4828 1156 1798 400 843 2356 4870 1757 496 4662 1952 3590 1852 1774 731 3177 2531 3005 150 3851 3895 3495 1534 829 2831 3774 232 446 4100 963 4218 4131 2153 4275 4415 1458 2623 3818 800 510 147 2606 2078 3112 3448 1552 1949 4141 23 4738 2625 
4362 4550 1484 485 3414 3329 1979 3636 3257 13 867 4280 1695 870 2213 2367 1197 3237 4081 4675 4179 1392 3532 3074 3253 3592 1118 2551 830 3627 1010 3247 3901 396 1139 4715 1572 4753 987 1893 2696 4523 560 2487 4679 2332 3764 701 2504 2072 1510 4399 1048 1922 124 4484 2936 3145 1751 138 698 4577 3829 3974 2870 
1131 867 3607 398 3580 1356 3708 2670 2284 153 772 3715 1371 282 2149 2806 2424 4267 1630 160 76 1222 3919 1752 4443 4524 4801 2448 3540 3676 3142 2121 4853 3337 3049 2017 1409 559 610 953 1424 3353 2372 3055 142 696 1144 66 1610 3620 4108 2550 426 2216 2402 143 2937 2289 3577 648 3026 2683 2340 2210 1027 
1646 1225 4388 3806 736 4756 2228 3757 2711 3845 3744 3593 4044 3559 4905 1895 2366 4511 3107 968 771 1135 801 4559 2290 4536 1374 1015 34 4715 3885 4086 1008 4827 1327 757 2983 4670 2954 705 395 3024 2730 1452 2635 3570 48 3056 391 4635 3462 1152 3964 4397 1497 209 994 3690 4778 518 3090 4694 4888 49 2470 
2402 3358 2261 2852 591 1950 4752 788 3288 2993 455 1145 944 3893 1069 1041 1594 1598 1330 2357 4064 3831 276 4252 2133 3579 753 540 3438 2896 2171 2558 2617 984 1642 1787 1866 2416 3724 4307 4359 399 3880 2619 4854 3006 2710 4033 4656 2287 3431 4090 4552 3608 1772 4587 4797 2386 4254 475 1018 4573 10 3936 253 
2686 3783 182 1049 467 4489 2454 4126 1180 2123 618 4618 3446 2195 4478 4291 4253 3059 1602 4888 2046 803 3799 841 3933 699 1088 4513 1558 2831 2801 2216 648 693 1455 3139 4300 4387 3488 1694 1442 3687 1977 461 4907 3138 2940 1255 3253 2421 3273 1607 3495 1355 2502 4058 1454 971 1803 3042 1568 917 2000 886 1408 
2188 2665 2135 684 3081 519 1656 2194 3702 1794 1206 591 2535 2007 2593 1295 4875 2594 2667 4595 813 686 1415 1669 3834 923 2811 1938 1628 869 2579 3827 4110 1035 2917 1076 935 4535 4890 1099 2667 3746 3587 2803 471 4104 4166 2372 903 2462 3399 4253 1199 4397 810 4909 3040 4305 4589 3572 2960 998 3343 2792 1858 
1715 260 754 3519 247 587 161 1923 2422 2184 1169 1257 714 3810 4520 4313 1499 2876 139 2037 4253 1660 1150 564 961 2014 1633 2652 3428 269 3939 255 2260 3157 2890 2836 1160 3593 4825 339 1188 596 488 1088 2034 1010 2911 1465 1196 1906 1120 4244 4173 1010 1588 1452 3586 712 1946 3601 2160 4040 401 133 2839 
1586 4634 3873 2973 4787 4711 2037 1878 4220 998 1426 4156 2711 3957 4615 4481 2253 1709 547 2340 871 2830 112 2103 4356 4336 913 3400 3692 4682 845 2964 3085 4030 3379 1901 1073 4565 834 601 4469 4371 4012 1567 940 1455 3596 815 2183 1841 1421 2786 2076 1308 2111 1745 1936 1881 4470 1924 1209 3357 4002 4349 1965 
3256 4171 4419 2113 2542 207 4386 3411 1340 2195 880 666 2940 2016 1512 3033 3378 3454 3701 4272 4027 3110 3550 363 1000 3930 2770 3239 1196 3738 293 3638 3288 1258 3939 3966 4012 190 38 435 4638 2897 1487 4777 3376 779 2779 2306 2935 3041 1667 2226 1327 3321 789 4397 3559 3549 52 4237 2810 2692 581 1177 4692 
3497 2806 3164 2287 193 2633 4632 4771 793 1936 285 4168 2439 3892 2692 628 1495 2021 2960 4582 3586 1117 2695 4904 4324 1106 229 429 4727 3724 2100 4732 2569 1218 2213 4679 3041 2324 4317 515 2722 2638 4555 3995 2075 2082 2712 258 1590 1035 18 1811 2683 948 4088 2923 2068 2849 3807 2099 3961 4709 2474 619 1981 
2075 1612 979 648 583 1466 1238 4320 4893 61 674 3887 3363 3288 908 424 3631 2842 2728 758 254 1583 3423 1405 3676 1545 2306 4432 3982 1450 3766 3197 2354 2903 1760 105 3565 3274 1041 2178 1343 2661 4047 4722 269 839 4472 3113 3113 3693 1703 3980 3893 1291 2242 1592 1874 840 2823 1785 2959 2319 1385 2787 400 
3145 4414 2005 1993 253 3133 2332 1955 3707 1090 3326 4726 1199 4806 3402 1325 4578 757 1023 4557 3575 2885 3166 162 4480 489 485 753 96 2597 608 4455 412 4498 4480 1273 4337 1326 562 2417 1571 652 1018 3748 465 2608 4710 642 1315 4381 4469 1249 128 1075 1114 1658 1134 703 2853 1930 4627 2473 4304 3202 512 
3422 3572 3830 27 1955 3137 2776 100 1013 3585 4553 1365 1914 3191 2074 3119 880 346 4283 1672 4844 3773 2173 1171 2749 4228 998 1221 1201 738 1236 443 2650 4627 2474 4552 2922 4665 2783 3397 2774 4815 2510 1453 2933 1426 4602 4410 3733 1774 2311 3190 1937 3945 3320 204 1047 4056 2404 706 4871 2140 1866 2458 4029 
616 4385 1857 3372 1483 3378 2021 3367 639 4206 2130 992 3740 841 1951 1098 955 4070 4270 1944 253 2364 2649 2325 3498 2574 2517 2992 387 933 4869 1551 671 2427 320 4785 1364 4489 4523 2592 4510 2743 4189 1416 2940 3320 3409 4516 773 2961 1288 1264 104 2881 2426 4819 4273 2563 3097 1132 907 1460 3867 3723 1060 
1588 3488 3496 149 4064 1594 4476 304 3253 4582 1331 2579 3398 2836 866 3528 1649 402 3182 4289 2153 4069 3196 3818 2344 634 881 3905 121 1471 3283 1480 2539 1640 4043 3712 3221 48 763 4237 648 4220 2091 1253 4893 1485 3523 891 3584 2387 4882 2607 4281 974 4503 1472 1208 1015 643 1518 4343 4903 2021 2971 1126 
3781 4338 2135 2833 4127 4622 626 2681 2290 3327 2609 144 446 1857 4284 860 3378 376 107 231 3859 1241 991 4298 512 2546 688 1626 2682 2539 2165 3781 2247 1661 3929 1322 2926 2286 1354 351 1600 3127 2087 1197 4300 149 2990 2482 1750 4268 463 2995 1863 4466 4488 969 3988 989 3171 3590 750 1231 1450 59 2254 
4782 2854 3498 3154 3914 3674 3213 450 4337 4289 3614 1511 3832 1877 170 1323 3231 368 684 3256 4610 2689 3164 229 1798 1462 3046 1022 2087 766 103 3652 3206 4793 1205 4307 2573 3133 2427 427 2488 2366 508 4837 2060 1560 3988 1078 1819 4759 3945 3887 2130 725 1726 2202 3422 447 898 753 2323 424 4731 3523 1345 
1922 4203 4476 3054 2825 3624 723 4350 2734 2702 4759 500 4280 787 821 901 4059 1503 948 185 1042 2325 337 3844 1081 4861 2945 3738 245 1249 4886 13 2029 3670 2475 2908 4258 2205 3484 3605 2013 1316 2548 1451 1410 2087 3149 1816 1653 222 3064 3431 2238 3821 336 3823 4894 10 3459 791 4834 4591 2143 3646 246 
632 1197 4104 4361 3955 776 1853 4397 172 450 4787 1383 74 1957 1960 3382 2703 2415 3347 4029 2337 3404 1555 112 3852 3875 4210 672 1677 2037 4251 1004 1317 2393 1419 3506 2792 1982 1437 1039 437 2892 320 55 3227 1561 1391 3365 796 1972 3986 3631 1475 2406 3267 2920 124 1055 2120 3030 4805 1746 871 2021 3932 
2673 1447 57 3831 3622 4394 4568 1174 4224 600 1279 4567 2751 864 446 4640 4769 4844 3173 4141 3754 729 1928 1216 2449 796 1221 3366 2494 687 4010 1368 541 3637 846 3585 4497 2836 1531 1135 2175 1427 4414 135 4768 1090 1167 4334 4391 4563 3640 704 1508 3893 1885 4015 3413 2949 3059 75 4787 1736 2014 4726 4644 
24 45 7
28 63 34
20 36 20
32 49 30
36 56 12
14 13 1
28 22 11
54 12 1
22 28 36
54 18 21
49 53 30
48 45 18
31 61 14
20 54 28
49 17 6
19 31 2
23 29 24
43 62 22
19 43 14
4 31 19
11 29 7
39 29 24
36 61 15
16 25 18
23 35 24
22 27 32
41 2 33
36 49 26
31 57 24
5 45 16
21 46 19
38 33 8
51 34 34
31 1 27
36 37 4
46 11 29
3 56 20
43 63 21
37 49 22
20 36 5
44 55 40
30 58 35
5 8 18
31 56 18
3 60 32
38 50 16
14 20 25
38 37 1
46 17 2
47 8 37
21 52 33
45 9 22
39 26 21
38 56 13
36 5 20
31 48 8
53 62 36
32 3 28
11 7 37
37 49 25
28 37 9
15 54 6
54 30 9
13 12 18
30 9 40
54 34 32
5 19 9
38 11 19
9 14 26
49 53 28
18 14 10
7 60 27
13 58 10
13 11 28
47 49 15
12 38 39
38 53 5
54 16 10
51 50 25
52 34 33
6 5 12
3 49 36
16 43 6
37 27 33
19 53 15
38 10 38
17 18 39
29 42 36
6 48 35
51 55 39
13 7 4
27 7 28
32 9 36
10 20 26
35 30 3
51 49 27
21 34 23
18 32 4
45 33 25
39 42 32
37 39 22
27 19 31
18 7 7
14 57 40
15 20 15
24 24 5
32 50 39
2 3 20
15 8 9
43 61 4
37 53 24
3 39 35
46 23 33
6 32 25
36 4 20
16 45 24
3 26 17
15 26 12
37 12 7
48 15 33
45 54 24
32 54 31
7 27 10
7 23 2
40 24 30
47 3 14
39 31 11
53 39 7
14 27 36
13 18 39
35 53 17
37 28 8
23 27 28
53 25 16
31 55 1
36 9 40
22 49 1
35 15 23
28 10 23
28 58 19
24 61 23
25 61 35
52 29 19
3 41 19
46 10 34
12 49 1
46 1 21
50 50 5
7 18 23
48 61 15
38 33 39
29 30 10
23 35 3
47 50 13
42 52 11
34 51 40
1 8 18
32 5 4
47 12 16
27 2 14
36 49 29
51 49 31
35 23 17
9 36 2
45 10 26
53 17 39
47 63 4
31 16 36
9 31 3
28 12 7
36 32 36
44 12 22
31 39 28
34 27 4
15 27 27
34 1 10
18 23 40
53 31 6
25 13 1
37 63 12
6 17 34
19 31 21
35 62 18
44 32 30
11 42 9
7 24 3
25 47 6
11 54 29
6 16 26
43 7 5
42 52 7
30 51 38
44 51 21
35 43 33
17 50 21
22 14 5
38 23 13
21 3 26
9 42 24
27 32 1
25 58 12
18 62 19
17 60 35
29 9 27
40 8 3
54 3 14
30 39 32
34 56 32
42 24 8
27 1 28
50 43 8
1 35 38
16 30 12
19 42 38
52 19 21
48 3 29
32 53 5
40 25 40
45 45 21
32 45 9
45 61 4
39 27 17
19 1 27
26 4 10
48 17 2
29 2 25
41 42 21
27 37 17
8 51 34
25 9 13
50 15 38
13 3 2
12 53 6
32 32 22
25 9 28
37 40 36
1 15 40
23 30 14
53 33 9
49 39 33
39 55 39
52 15 32
23 40 39
26 12 9
10 57 22
21 61 14
18 35 3
25 14 10
15 17 17
16 7 10
54 7 9
33 21 18
7 23 19
50 62 7
54 63 24
14 20 32
32 52 3
37 59 10
13 58 5
43 11 2
44 50 16
22 39 1
46 22 22
5 14 18
15 35 37
47 57 3
41 40 6
45 48 1
1 38 38
9 6 38
49 57 4
30 29 7
2 58 27
11 2 6
54 43 24
47 2 3
22 33 8
43 45 37
49 45 6
37 36 2
41 33 7
10 8 1
4 6 14
53 37 34
13 14 9
11 53 22
19 59 34
17 51 8
5 50 22
24 42 2
50 44 6
26 15 23
19 46 18
2 54 19
39 5 21
32 19 2
28 32 6
2 56 1
24 34 5
33 33 29
37 11 4
23 63 27
5 61 22
6 35 18
19 21 12
41 55 8
51 16 25
16 41 11
43 29 28
8 23 25
49 32 24
17 19 33
6 50 28
14 13 25
47 56 14
22 40 38
3 6 25
47 44 32
51 34 16
30 7 9
48 6 30
2 57 21
50 23 3
32 32 22
6 6 10
44 36 36
36 20 3
6 19 1
9 59 3
27 25 8
46 18 21
23 57 37
14 56 40
7 15 10
14 29 7
17 4 27
39 14 15
53 48 33
25 12 34
49 29 21
40 34 19
44 9 22
24 30 29
10 48 31
49 13 39
53 37 37
42 14 22
53 41 15
42 36 11
2 52 14
29 1 16
26 56 7
17 31 38
18 17 23
27 49 29
1 14 5
7 31 18
1 58 8
25 34 27
5 11 1
27 1 28
53 22 15
44 52 10
23 15 10
36 41 27
54 23 22
38 17 30
48 46 12
32 54 3
27 24 1
29 49 35
29 20 31
41 63 8
45 50 26
25 16 17
46 21 14
32 32 38
27 28 36
5 3 29
37 45 2
46 55 28
16 13 23
17 7 20
45 4 16
52 1 5
50 6 34
35 54 12
2 21 10
20 2 7
12 63 6
18 45 36
12 9 26
37 2 27
17 50 19
33 56 19
36 42 40
49 28 34
44 5 31
23 10 6
38 29 16
49 43 31
51 33 3
6 50 27
42 24 39
18 30 17
2 41 30
7 13 16
30 18 16
45 58 17
19 33 21
18 34 7
15 63 23
6 39 7
41 53 13
30 36 15
10 5 12
29 44 5
25 33 22
45 22 29
47 62 31
8 60 3
4 31 6
43 34 11
2 25 40
49 62 35
32 15 3
53 40 14
31 62 40
53 49 19
52 24 30
11 47 28
6 23 6
37 50 21
49 42 31
22 61 14
12 13 32
3 15 13
19 61 28
19 12 29
19 10 14
22 25 37
4 15 37
2 20 31
18 11 39
10 55 1
3 29 5
26 47 30
2 30 13
53 31 31
11 41 8
53 58 37
35 15 1
47 28 35
10 38 35
45 51 14
40 58 27
40 19 34
29 15 5
26 31 27
40 42 8
45 24 18
11 43 28
12 50 18
29 56 24
30 24 5
2 62 39
35 41 18
54 8 36
48 46 35
23 30 34
31 40 24
32 13 29
5 54 1
12 49 25
36 56 21
35 6 24
8 33 33
44 20 13
20 28 13
2 47 13
35 35 25
47 14 38
42 22 33
25 6 23
54 54 5
24 17 22
19 12 10
13 45 37
42 56 31
9 16 40
2 16 40
43 10 40
34 9 31
40 22 3
38 47 2
25 22 23
43 39 11
32 28 17
47 46 7
32 55 11
46 16 4
26 12 33
43 57 18
30 14 4
1 63 30
40 40 14
46 26 7
39 45 17
23 46 7
21 22 30
49 8 6
25 26 8
54 41 24
37 18 38
11 10 6
47 44 8
15 61 39
25 37 6
42 6 7
25 6 2
26 24 18
36 46 25
45 29 40
34 28 7
18 14 25
26 32 28
52 24 27
21 34 38
26 49 37
5 12 34
6 50 5
42 22 32
42 62 26
22 28 14
50 50 2
22 33 37
2 3 13
17 17 29
43 44 6
39 15 13
51 51 22
35 35 14
44 14 11
49 22 26
19 53 4
37 17 1
11 20 30
25 50 7
10 40 24
14 31 40
6 59 18
45 26 3
18 45 34
26 27 5
14 59 38
47 54 39
24 36 1
33 59 7
30 59 8
17 50 5
50 32 1
13 16 7
45 32 4
52 55 10
25 14 29
8 16 24
14 27 10
21 10 39
33 3 10
15 10 18
54 21 32
24 36 38
30 14 15
13 40 12
36 48 22
22 20 17
51 34 14
16 16 25
44 23 7
45 35 32
35 45 17
15 44 27
51 34 25
13 55 25
13 51 19
41 4 17
23 43 23
32 3 14
4 35 18
17 27 21
47 17 28
16 4 30
21 30 15
10 27 7
23 19 10
35 25 14
53 54 2
11 53 22
19 16 24
10 35 33
38 9 17
27 60 29
11 17 29
40 63 20
36 62 22
52 51 7
3 23 30
29 55 24
14 37 33
10 33 39
19 41 12
34 28 2
3 6 40
33 56 1
54 53 31
48 47 5
4 45 19
50 5 13
29 1 5
17 22 25
10 56 3
48 13 5
42 28 8
17 29 27
52 9 35
46 27 8
13 20 16
15 15 6
17 7 8
32 29 30
52 27 20
38 9 24
4 16 25
37 59 30
33 29 25
1 3 2
9 4 38
22 62 26
48 13 33
53 23 4
31 55 7
16 22 24
54 55 14
4 32 28
22 6 37
25 11 22
39 53 15
44 43 10
33 48 22
33 50 29
48 52 25
5 21 8
5 52 31
1 44 31
35 28 23
25 60 7
43 57 35
42 17 9
38 34 33
11 53 29
6 37 11
50 28 12
25 22 14
49 31 6
43 3 14
49 50 28
19 58 3
9 47 38
32 21 17
51 7 4
2 35 26
14 21 27
42 55 4
10 60 33
25 53 8
25 58 24
46 7 39
48 44 38
13 49 38
12 26 19
34 9 17
41 47 2
45 16 22
8 34 31
20 37 33
12 34 8
30 10 32
10 17 20
29 25 36
49 1 11
34 10 36
53 60 39
48 26 26
36 36 40
18 29 8
2 29 5
53 61 29
17 35 31
7 55 33
33 59 20
25 34 35
42 54 28
10 18 29
38 1 37
23 47 36
29 54 35
4 39 36
12 36 40
16 27 23
40 44 39
30 37 20
26 39 5
17 45 16
1 15 4
9 30 20
21 38 21
40 1 25
43 54 25
45 43 19
1 9 18
54 4 21
50 34 31
49 20 16
47 59 32
16 52 40
47 33 32
48 23 19
1 50 29
40 45 28
11 48 23
10 16 6
30 4 35
1 39 26
24 24 27
51 52 13
41 15 29
3 31 30
6 25 39
4 43 12
50 13 20
29 25 24
50 37 22
48 39 26
2 3 16
44 60 10
18 14 39
37 57 16
29 28 29
23 34 25
39 43 27
38 53 16
22 46 21
4 2 22
34 50 24
24 2 32
34 25 19
41 54 32
51 51 24
25 8 1
10 56 14
29 56 25
12 2 30
31 31 26
40 63 17
6 19 8
27 34 34
11 17 34
19 27 29
42 23 28
36 32 31
54 34 5
41 33 40
18 45 7
48 26 40
25 33 20
44 60 37
11 16 12
50 25 13
1 27 27
13 60 22
35 22 30
54 48 21
19 53 28
40 21 2
1 12 19
32 13 34
11 15 38
30 4 12
14 22 28
40 46 6
32 52 14
10 46 27
30 54 37
45 46 34
28 23 40
6 16 1
18 51 38
16 17 17
39 50 17
42 2 10
1 44 24
19 45 2
32 29 11
9 49 36
50 10 1
15 38 32
15 32 16
39 42 12
29 30 33
16 31 33
37 6 37
32 40 10
24 49 31
12 37 15
6 27 39
49 24 27
41 31 4
10 17 17
36 20 35
38 53 18
26 10 21
54 48 11
34 24 8
6 15 40
30 56 4
13 56 15
10 23 15
2 26 29
22 1 18
16 7 37
1 14 27
31 61 17
36 46 18
16 30 24
41 38 8
38 25 27
43 22 31
54 52 8
25 47 6
23 35 3
14 45 25
38 59 40
24 56 26
41 50 11
37 3 4
15 35 39
51 1 28
39 37 1
36 36 21
40 30 16
24 47 37
23 15 3
9 44 10
46 6 11
27 39 14
54 48 27
44 38 37
10 32 12
31 3 28
29 50 33
47 45 33
22 14 22
25 58 38
45 37 19
17 58 37
20 41 20
42 14 31
15 4 23
31 58 31
21 13 21
27 5 19
26 7 35
44 16 34
42 42 3
48 57 16
2 46 1
18 10 35
26 34 24
12 16 3
48 24 34
24 34 8
52 34 36
9 59 8
11 57 33
34 42 13
36 27 30
39 40 23
27 50 39
23 37 40
19 62 19
42 54 16
50 20 1
1 10 11
34 23 28
35 2 21
36 40 15
45 22 8
16 21 17
50 13 9
21 58 28
13 53 3
37 50 15
4 60 23
32 24 36
27 58 7
19 13 14
11 41 39
53 20 22
53 3 7
43 37 6
35 48 35
5 43 3
20 9 20
35 42 4
34 31 5
32 35 12
37 1 12
15 3 19
44 19 38
40 5 5
39 18 17
43 52 29
22 2 14
36 50 33
53 54 3
3 25 27
52 44 10
51 42 28
13 30 39
52 53 17
8 59 15
51 1 8
37 6 17
44 13 9
47 38 3
8 36 19
37 38 7
37 2 24
18 42 4
50 53 29
36 5 21
24 62 25
28 12 31
22 52 16
37 1 11
35 22 25
12 35 13
27 1 3
38 11 26
9 7 24
38 7 19
32 49 21
6 11 34
41 38 30
15 54 2
21 12 7
8 41 27
49 52 31
27 50 17
15 35 26
37 2 29
53 1 31
6 15 8
3 3 31
18 31 39
17 35 14
43 37 7
4 61 39
1 61 32
40 9 35
13 24 7
36 61 18
47 41 25
31 27 27
14 24 30
44 44 36
15 21 33
3 12 39
26 31 31
43 41 29
51 40 32
11 18 9
33 17 27
1 3 16
53 9 23
35 13 27
22 10 2
14 29 25
48 3 6
4 42 21
7 52 35
16 25 19
43 19 14
27 47 9
25 48 19
13 26 21
11 52 33
28 44 29
20 19 3
45 3 4
13 31 16
48 58 18
28 11 12
22 6 12
40 14 21
22 36 23
1 60 29
11 19 6
36 36 2
34 4 19
1 51 4
52 58 11
8 35 21
22 28 36
4 60 32
45 50 18
3 7 8
14 20 21
10 1 26
32 22 11
20 42 29
38 42 9
46 61 10
6 30 3
13 34 34
17 48 15
19 27 36
40 22 33
54 12 1
9 39 24
25 9 24
41 55 7
48 51 29
41 15 5
10 49 29
54 56 14
42 22 27
28 50 14
44 2 30
18 24 13
8 42 34
25 35 8
39 19 14
12 14 33
23 57 18
4 53 34
13 60 40
31 43 2
43 62 10
18 3 7
42 44 33
34 39 15
42 12 30
7 35 27
25 33 26
2 45 32
30 42 21
7 42 15
12 17 11
14 31 28
38 41 30
53 7 35
9 31 4
35 49 33
30 8 13
21 48 24
43 55 10
21 3 7
25 17 23
16 8 5
35 17 40
18 24 30
11 20 36
2 36 13
2 33 28
40 4 16
16 35 38
7 22 39
22 30 35
35 23 16
11 49 7
16 1 16
51 60 19
38 29 38
37 17 34
1 48 11
17 34 20
36 11 24
9 19 3
8 11 34
39 29 40
45 35 8
13 5 33
40 47 3
49 21 27
25 10 40
10 7 5
32 36 13
42 55 5
16 25 11
18 29 21
43 36 35
2 4 15
15 43 23
17 36 18
16 19 29
39 22 29
8 25 4
2 55 7
42 1 14
45 9 13
48 6 3
45 62 25
14 32 14
49 27 28
25 8 31
37 61 8
45 13 10
29 43 24
53 56 15
39 55 14
50 44 3
5 38 33
51 21 13
22 17 13
26 5 13
1 53 20
26 45 38
37 48 14
33 63 21
52 6 3
15 10 19
18 40 23
43 37 6
42 7 6
53 63 32
38 41 21
7 20 29
32 61 25
20 11 19
18 27 15
12 59 2
40 25 20
5 22 38
52 19 36
16 58 1
32 30 28
30 58 23
21 11 13
25 34 6
16 22 18
52 61 20
36 11 38
23 6 17
35 16 36
50 60 35
10 18 24
50 63 32
14 22 19
29 51 32
48 55 22
51 46 11
22 7 27
41 31 39
14 56 36
54 49 19
46 9 39
14 11 18
38 4 16
5 63 5
46 2 39
34 19 9
2 61 22
49 19 38
38 3 3
2 62 3
11 25 27
50 32 10
54 63 21
23 21 17
27 35 36
5 25 27
25 7 37
15 57 30
2 62 18
15 43 1
25 47 37
36 20 32
5 9 18
16 31 9
45 35 10
35 3 5
31 23 2
31 7 5
31 18 32
38 18 9
28 8 9
36 61 20
40 58 4
6 1 4
5 56 8
19 14 25
15 1 23
37 40 37
16 46 7
43 39 3
5 5 34
33 26 1
8 12 40
46 26 31
2 51 15
22 28 20
11 30 35
25 6 26
25 15 39
14 12 18
28 8 22
22 37 27
26 12 30
24 57 28
1 39 23
11 36 28
27 63 9
38 17 36
51 13 17
14 50 34
29 45 23
8 16 13
16 51 23
18 27 31
43 33 32
27 36 23
42 27 36
45 12 8
54 63 19
19 30 13
51 51 14
54 26 38
49 43 19
17 8 19
24 11 21
3 46 23
20 1 1
1 38 40
48 24 36
11 28 13
20 45 37
9 2 28
41 37 29
48 11 4
41 48 4
5 41 21
5 24 12
50 27 35
2 42 1
35 39 28
7 22 20
9 33 12
32 14 13
14 9 23
36 47 15
48 24 27
8 52 8
9 37 37
44 63 17
38 43 4
21 27 20
17 1 25
1 63 4
32 59 15
47 42 21
43 32 37
53 6 40
52 9 22
37 50 17
32 26 12
3 20 39
29 62 38
14 17 25
37 38 40
52 1 38
50 60 10
51 17 19
22 19 26
53 21 20
48 56 9
48 2 8
37 58 40
8 3 17
46 18 34
7 51 36
28 23 13
14 27 26
47 43 16
28 16 2
36 11 26
27 1 2
2 24 29
5 25 31
9 23 6
33 50 38
39 16 15
34 60 28
52 49 32
25 51 40
51 32 12
4 23 31
7 48 18
19 48 12
9 15 15
46 50 4
37 14 9
36 27 33
12 29 5
5 58 23
43 49 3
16 19 32
19 7 25
5 11 3
48 25 37
2 20 37
15 38 28
37 13 14
9 47 1
52 21 24
51 59 24
29 52 5
46 48 6
47 22 9
44 35 3
27 62 24
32 32 10
3 33 31
1 37 16
23 26 18
1 21 26
2 32 37
10 58 15
43 10 23
18 26 35
9 42 17
25 24 12
17 62 19
7 61 22
43 12 31
28 42 22
33 24 25
7 2 39
18 52 3
21 31 7
26 18 35
52 30 5
9 52 3
14 10 29
12 44 21
51 37 20
53 43 9
42 41 30
12 24 26
24 20 22
17 57 11
3 62 9
22 63 25
54 48 13
7 59 34
5 53 31
40 60 28
51 13 33
25 1 6
29 55 19
12 23 7
50 33 11
6 46 28
45 9 14
24 11 39
22 36 38
1 13 26
27 27 21
31 1 11
54 57 17
3 18 4
8 57 14
54 19 8
19 61 2
49 47 40
5 39 17
43 19 15
1 58 26
6 20 22
53 49 12
39 5 38
46 52 22
33 27 30
15 5 3
45 51 7
9 23 16
42 59 7
26 26 17
25 51 35
10 53 3
11 32 24
50 46 8
1 40 13
19 44 33
1 63 31
25 56 30
50 36 10
43 25 28
12 22 20
40 21 20
15 32 18
52 28 18
16 20 20
17 4 12
29 57 27
27 30 5
26 14 5
21 47 9
16 3 3
13 10 3
14 59 29
27 28 26
11 12 18
20 56 28
4 40 31
14 19 23
12 33 36
21 20 23
44 33 3
37 18 33
8 9 9
32 7 33
2 24 21
39 31 34
33 3 13
25 2 26
4 42 28
9 1 39
4 31 4
8 54 11
24 15 28
6 42 5
49 35 29
18 25 9
12 25 40
44 18 16
38 44 32
21 62 28
5 46 16
14 46 33
32 37 27
29 48 13
14 30 23
3 62 26
15 3 37
25 51 37
50 32 29
45 53 35
41 30 27
38 31 38
10 6 40
31 20 9
29 52 13
28 40 9
38 27 12
34 42 24
45 19 39
38 41 20
13 4 33
30 37 35
31 8 6
54 57 17
45 9 4
17 45 8
32 60 31
53 53 25
3 41 34
44 22 4
4 39 6
23 50 28
19 59 2
37 49 6
44 5 36
38 23 4
45 48 18
54 10 7
13 25 38
26 46 7
4 58 4
15 32 36
8 50 25
20 62 34
9 55 27
49 51 5
21 36 34
20 11 33
54 12 35
30 38 31
1 18 5
21 17 30
48 2 16
26 11 34
33 22 4
38 59 23
2 15 28
38 20 32
39 58 4
28 20 38
3 7 19
51 48 4
31 42 31
21 41 40
42 42 12
8 60 6
50 18 10
13 4 37
51 35 3
18 39 2
3 49 25
23 3 17
1 27 33
30 53 10
16 22 26
39 47 3
1 43 12
15 18 37
26 11 24
9 32 15
53 40 2
54 56 21
2 45 18
20 14 18
38 31 2
34 63 18
16 55 37
50 53 13
37 62 14
20 39 28
22 35 3
38 58 39
37 60 22
40 9 22
12 55 33
44 6 28
43 17 23
27 18 5
34 56 7
40 58 32
17 36 39
54 47 11
6 25 21
7 11 38
54 24 21
11 37 5
36 59 36
5 29 27
45 62 9
7 40 37
54 9 34
31 25 31
24 4 17
24 5 28
45 8 7
42 35 36
45 10 31
31 20 5
10 38 22
26 18 18
13 60 38
24 7 7
12 44 6
5 55 6
11 8 4
23 58 28
50 27 19
28 10 33
45 2 31
4 6 10
17 6 32
9 52 21
10 5 38
21 38 9
33 5 35
31 30 29
26 17 12
5 19 28
29 43 30
9 35 27
34 63 32
11 21 23
51 31 30
54 55 17
40 13 8
12 41 38
9 8 19
7 30 14
19 42 4
40 2 9
13 21 29
12 23 33
6 43 19
38 57 30
15 56 15
47 15 7
10 20 39
46 17 29
42 10 5
19 15 12
33 63 39
8 38 9
28 34 25
38 30 29
16 26 29
8 8 21
54 31 6
30 29 7
46 18 22
44 20 29
34 43 35
27 43 13
34 20 12
54 3 33
3 50 9
5 44 30
37 45 21
22 17 2
23 55 30
38 63 33
44 54 12
2 36 12
45 35 40
19 24 38
46 61 34
15 19 19
25 48 5
6 55 27
38 61 22
38 20 35
22 14 29
21 14 40
47 1 10
25 48 14
21 20 27
33 46 27
15 3 7
14 47 33
37 47 26
28 16 8
14 8 10
49 52 8
5 59 25
14 17 17
52 38 18
43 29 38
42 33 38
17 14 40
48 42 35
10 12 24
1 49 15
6 60 19
15 20 10
17 62 24
9 39 8
46 58 15
45 16 18
49 31 15
51 32 8
5 44 12
20 41 28
3 34 26
36 6 20
4 54 11
11 62 30
11 21 29
32 24 29
29 6 38
6 41 14
14 2 36
3 4 23
39 16 13
52 11 13
43 18 22
32 32 28
12 22 40
22 34 33
32 17 18
32 42 25
2 20 10
11 40 37
14 4 35
35 30 29
4 63 35
18 13 7
24 23 36
45 8 37
15 14 29
51 23 15
5 43 3
51 40 35
50 12 35
51 47 1
53 31 24
29 42 31
48 29 22
10 22 4
5 19 30
19 7 36
47 36 23
49 39 8
46 46 9
37 51 5
27 10 9
32 47 11
26 10 34
37 59 38
6 45 5
31 8 34
31 39 10
30 27 23
28 41 29
28 44 16
36 50 32
6 3 6
34 14 32
34 19 36
19 29 16
40 35 17
39 45 28
44 33 23
38 17 31
42 8 24
31 3 2
49 16 8
34 45 38
19 49 10
4 47 8
38 59 39
41 22 34
43 12 21
28 44 14
53 42 8
31 2 16
44 50 5
54 5 17
51 44 8
51 47 17
25 56 23
5 17 3
8 9 29
35 32 9
6 27 17
29 17 14
36 57 16
44 53 22
14 35 26
17 43 7
23 18 3
30 31 6
11 9 28
3 52 15
50 30 20
49 30 14
4 38 26
45 16 34
32 58 31
22 59 32
9 54 11
41 60 34
38 58 40
20 50 20
28 44 4
46 49 13
4 54 17
1 2 10
7 45 24
52 4 12
51 19 35
26 23 24
25 6 16
28 39 31
31 57 33
17 46 32
4 58 7
48 16 18
45 55 33
34 42 40
8 44 14
47 22 8
33 20 1
37 24 20
12 63 32
24 9 39
17 62 35
4 4 36
16 57 5
48 16 37
13 40 5
24 32 20
22 58 23
12 20 25
48 8 31
29 42 18
21 30 27
52 34 30
49 41 33
50 32 33
35 59 33
48 48 12
38 17 7
23 45 35
43 31 24
54 59 14
44 16 9
42 54 3
54 28 20
25 54 36
46 48 6
9 27 25
27 51 24
2 21 37
38 52 17
28 1 33
12 33 20
3 40 22
20 35 28
11 24 12
30 59 8
45 31 25
33 61 22
18 3 3
48 43 7
24 39 38
53 35 15
24 1 9
37 41 17
53 52 3
53 29 28
46 56 34
6 35 19
20 26 15
4 8 33
4 38 3
31 42 22
34 5 39
30 48 27
17 38 33
39 34 13
16 42 15
9 21 15
17 60 25
24 5 4
33 18 30
23 37 25
6 60 26
42 63 3
3 20 5
45 24 26
26 41 10
30 39 27
35 5 22
32 9 35
8 31 11
48 5 21
49 10 14
4 7 33
12 33 32
20 38 15
52 44 10
33 15 18
51 36 18
15 33 7
40 62 31
16 49 11
51 52 40
23 29 35
30 60 7
22 18 18
41 21 6
4 59 17
4 9 34
34 28 11
46 2 13
23 5 11
45 63 24
13 63 37
9 16 33
45 32 16
47 1 6
8 36 18
4 31 14
50 14 27
17 53 15
11 6 2
30 7 18
32 60 34
38 49 29
10 44 1
29 24 28
37 62 25
38 46 14
8 29 29
49 21 35
44 19 8
47 43 39
50 23 33
5 16 7
31 59 37
37 5 40
34 42 35
30 57 3
1 51 28
45 28 17
50 37 35
34 46 29
25 24 4
50 27 35
16 40 10
40 39 5
54 2 14
38 30 39
2 35 34
9 45 24
37 55 27
12 30 31
47 50 4
23 7 1
43 59 37
41 25 25
11 27 33
31 19 7
54 6 16
5 32 13
31 17 18
20 8 32
11 33 15
22 42 37
2 21 6
53 24 38
43 34 13
44 32 31
48 46 32
35 48 22
51 21 10
44 23 14
51 54 9
6 17 19
27 41 34
51 50 5
32 5 1
8 48 38
9 54 11
9 45 29
14 54 23
20 20 1
2 26 27
44 10 29
43 62 15
24 15 1
45 45 36
23 34 2
53 12 16
4 60 29
44 30 37
21 32 7
14 58 24
19 5 28
52 2 13
2 57 19
35 49 34
13 51 32
51 29 36
41 56 1
20 33 17
53 10 26
7 34 1
38 40 13
31 8 13
10 57 32
13 50 20
49 3 23
20 60 14
6 2 18
22 13 40
21 33 19
42 2 25
14 50 26
18 22 33
26 7 39
39 57 1
10 43 37
36 26 17
17 18 13
39 22 35
40 30 30
10 49 39
7 4 5
53 31 30
7 47 15
10 7 1
6 30 8
21 63 18
1 19 33
27 23 32
1 52 18
8 51 19
1 52 40
33 22 23
54 28 1
40 21 14
4 9 3
53 29 39
1 31 7
41 13 16
10 18 27
53 5 30
13 24 19
49 54 35
5 42 26
24 12 3
39 47 33
51 33 23
14 23 30
22 23 7
14 21 7
33 57 8
49 23 27
15 54 3
50 44 14
11 47 9
13 35 2
12 5 15
31 63 12
26 24 23
18 52 26
29 16 31
23 35 18
40 52 14
36 44 24
10 60 2
41 11 36
31 15 9
36 15 14
47 50 39
21 47 28
39 46 37
24 1 7
46 30 25
39 27 37
2 53 30
4 16 31
8 62 8
29 49 7
25 52 2
44 18 15
49 61 15
41 32 10
34 37 5
22 37 4
5 5 31
42 42 26
34 21 14
39 41 12
39 58 11
54 20 32
48 29 13
42 3 14
41 42 38
14 43 28
53 15 36
14 1 26
43 19 20
26 28 8
54 17 11
53 58 6
21 21 32
41 57 12
7 5 15
17 46 30
6 43 6
46 58 25
19 55 19
25 44 3
52 6 5
1 49 29
24 31 1
16 15 6
40 61 32
22 20 29
41 33 31
35 54 15
38 1 9
27 48 25
53 16 35
40 52 25
42 23 34
3 26 5
43 14 40
28 59 36
1 3 23
27 26 1
6 26 4
4 40 33
50 63 17
18 23 11
22 42 8
51 20 29
53 20 24
36 59 4
16 37 33
46 36 19
1 59 3
29 45 8
49 14 5
17 17 31
11 16 10
19 56 18
1 44 7
20 48 28
18 51 35
39 53 11
19 60 3
4 17 7
25 12 39
22 19 39
54 32 32
16 48 2
27 9 31
53 46 29
14 48 37
21 42 23
45 28 10
17 51 22
5 57 10
40 35 28
29 19 22
27 4 5
37 57 15
22 13 13
3 8 33
40 26 8
26 42 20
2 10 40
53 21 22
49 8 20
54 45 14
11 55 19
6 51 15
49 51 17
8 18 38
9 20 1
21 26 5
14 58 6
35 16 27
39 10 28
33 15 40
16 34 40
41 2 19
17 37 37
39 32 7
34 30 5
6 4 31
26 51 35
21 28 8
44 31 3
13 11 6
13 50 21
1 31 33
50 25 5
25 22 11
20 30 34
10 63 36
14 22 35
50 20 12
30 49 1
51 59 16
39 61 1
32 17 6
16 51 23
28 21 24
33 62 35
51 8 20
43 46 33
33 4 29
46 30 26
43 14 4
10 9 32
8 16 3
37 5 20
8 55 27
49 36 10
50 57 21
21 27 5
12 6 33
36 45 21
30 17 38
10 27 29
1 39 34
52 26 7
31 26 29
14 3 5
34 5 12
28 53 27
27 1 3
3 27 39
49 61 34
33 45 4
2 8 28
10 61 37
15 31 33
40 54 39
28 21 25
34 11 12
1 42 36
53 52 5
28 40 23
11 14 30
46 34 1
38 33 17
46 25 14
11 51 33
40 38 11
52 9 35
30 7 31
40 55 9
48 8 31
36 8 33
22 15 9
45 3 32
10 49 15
2 49 9
35 22 31
51 45 31
4 8 24
51 51 33
28 23 30
29 27 25
13 34 19
9 54 25
21 20 30
47 16 2
14 47 14
7 34 37
27 21 8
17 8 2
18 58 24
7 30 3
41 2 14
35 33 3
14 42 37
27 52 20
33 44 1
22 49 6
38 2 39
44 9 13
26 23 40
38 48 18
30 23 20
13 12 5
41 26 1
53 41 36
5 54 30
50 15 25
45 63 15
39 44 37
35 53 17
11 57 12
52 46 32
3 53 9
46 44 27
14 38 5
13 48 40
2 13 12
37 18 37
23 39 14
25 11 37
10 35 3
3 28 6
28 42 40
19 56 34
15 33 39
21 47 40
26 43 31
4 14 24
32 42 5
11 6 9
23 21 23
36 60 36
46 12 8
38 48 18
29 31 27
6 34 1
24 61 15
17 25 20
18 52 10
47 55 30
18 38 23
26 32 26
29 8 30
2 6 15
27 54 23
38 29 31
42 1 34
19 45 19
2 37 9
9 47 29
51 56 6
24 33 8
30 26 1
47 52 5
42 63 32
30 28 31
9 34 2
25 59 6
6 56 8
19 22 2
9 14 23
46 6 26
31 8 10
15 60 39
16 8 26
3 6 32
48 36 28
41 9 8
31 2 34
25 24 2
12 24 36
51 52 11
19 24 31
21 17 14
21 42 9
45 43 27
4 30 16
54 63 29
17 6 17
29 52 16
7 50 35
36 55 39
41 15 36
19 42 21
53 23 12
17 13 12
32 24 21
34 55 25
52 45 28
34 58 17
27 50 11
12 28 18
52 5 29
26 4 17
24 36 40
42 13 25
8 19 1
3 17 16
39 31 26
12 1 26
35 18 9
14 23 27
14 53 22
12 55 1
24 37 40
41 19 36
8 57 17
5 13 13
26 62 37
29 39 16
16 34 38
31 44 39
23 29 36
28 27 10
10 57 32
51 35 37
14 30 30
37 13 6
38 58 7
5 38 28
37 58 5
23 42 23
45 53 38
20 43 30
3 51 15
13 29 5
20 41 9
28 41 26
5 31 20
27 62 18
38 50 32
44 55 33
16 60 29
53 4 20
18 51 30
35 20 20
41 57 28
20 9 8
11 36 39
6 19 26
8 38 38
18 11 33
28 29 10
16 57 21
8 20 37
37 30 39
35 63 37
6 6 33
30 16 13
45 2 22
6 10 32
6 4 29
43 53 14
15 31 1
53 27 17
54 6 33
36 14 23
44 7 26
49 47 32
22 44 37
16 56 1
25 31 33
15 38 1
34 11 32
17 40 12
49 1 34
23 23 16
1 60 27
33 56 39
44 25 7
6 18 2
52 18 19
48 23 38
35 33 36
35 43 17
51 63 30
7 16 5
24 47 13
39 20 20
21 42 36
45 55 6
25 51 28
32 30 35
10 40 12
25 26 36
28 18 34
20 3 24
35 2 36
22 60 14
1 25 24
7 22 18
50 9 18
22 54 28
30 46 17
14 7 35
33 27 38
37 10 10
16 37 34
41 7 27
14 49 15
24 2 30
49 40 15
11 13 12
51 8 38
38 24 23
54 26 10
13 60 22
43 59 18
28 36 3
5 27 6
27 21 29
39 60 16
22 37 29
33 15 14
20 50 31
2 52 40
9 29 7
20 2 6
7 35 17
16 42 39
38 8 35
27 41 29
7 12 36
20 3 20
5 55 4
17 39 36
48 10 36
50 31 33
46 44 7
18 16 10
5 32 7
53 44 26
52 61 39
21 32 6
14 2 37
14 43 34
48 9 11
37 29 17
49 42 32
54 47 12
45 45 33
3 7 13
7 31 22
26 57 28
51 37 18
16 28 10
9 32 31
44 46 14
24 35 20
22 41 30
25 50 25
35 55 26
28 36 27
44 56 28
46 20 31
15 4 5
27 44 5
47 43 22
50 11 4
37 18 9
11 10 40
36 5 18
18 26 21
13 40 25
31 62 8
4 8 31
32 15 1
1 9 39
18 20 15
19 31 11
35 46 24
39 21 35
7 58 14
9 61 12
33 47 1
38 9 38
30 56 16
30 5 33
16 41 39
29 44 14
54 13 15
10 57 39
17 28 33
40 22 12
19 61 14
37 42 5
3 46 13
12 60 34
13 57 37
49 55 17
7 22 34
42 42 26
50 46 16
43 27 35
23 59 38
33 56 22
4 55 14
51 50 36
12 31 9
21 50 33
8 35 4
52 9 18
33 41 12
23 44 5
29 27 2
16 13 38
48 21 26
34 23 4
11 36 11
36 45 5
17 24 30
37 21 3
53 13 27
1 50 32
12 8 28
40 60 11
19 34 8
32 19 33
39 2 22
42 15 26
23 30 5
49 40 35
53 62 36
54 43 34
51 49 20
4 60 23
22 28 13
27 40 3
32 54 30
40 51 15
24 27 24
4 60 18
26 48 7
50 34 22
50 59 32
32 14 35
2 49 24
3 54 18
12 52 39
26 15 7
20 20 31
29 27 5
32 38 9
11 38 24
28 16 20
13 1 8
22 45 17
3 17 20
50 43 18
25 20 13
26 34 32
40 24 7
4 53 11
24 16 4
33 12 28
26 56 32
13 60 24
37 57 39
41 56 13
37 49 31
41 55 18
37 43 7
31 36 27
54 13 34
30 27 16
24 30 2
51 43 26
24 25 29
17 21 5
53 40 31
35 21 28
24 24 33
50 5 39
27 46 1
20 62 11
34 23 7
31 58 39
26 44 29
14 60 20
36 33 11
15 10 20
42 6 27
23 27 7
33 54 9
39 2 25
1 29 7
53 49 36
16 63 26
20 34 21
4 33 2
3 24 37
3 1 35
5 6 30
26 30 27
50 36 37
18 59 8
6 23 27
17 42 29
31 34 13
12 42 3
10 11 20
40 13 5
48 11 27
52 41 37
15 8 5
13 37 3
54 3 16
27 1 23
50 45 19
16 34 15
47 18 30
35 42 14
27 21 21
42 50 16
12 15 25
20 50 17
13 12 3
49 14 4
16 28 8
19 59 13
11 5 31
27 56 21
39 2 4
39 13 15
39 47 38
30 33 4
7 43 11
30 60 26
49 38 5
38 17 17
53 44 28
20 32 22
52 7 39
41 40 30
20 31 18
12 47 28
43 15 30
2 55 18
19 45 11
4 28 32
30 31 2
7 59 31
52 59 19
3 41 11
39 42 12
5 35 30
16 45 37
22 44 9
3 11 17
20 55 16
43 7 16
31 52 37
54 14 14
47 51 23
15 60 30
16 53 11
18 1 17
30 15 9
29 30 2
2 36 8
30 34 26
16 47 30
27 24 36
15 57 20
11 6 39
1 7 38
32 27 37
52 56 39
23 12 30
11 58 20
30 55 5
11 16 39
7 9 39
16 40 17
1 17 40
52 9 34
33 39 8
22 59 12
23 46 9
41 25 6
22 38 31
6 27 22
32 41 29
14 34 32
35 50 19
46 7 24
28 36 39
25 59 5
16 25 37
7 21 18
4 49 1
36 47 39
35 26 19
45 57 16
45 27 9
1 56 36
41 44 10
5 55 20
33 19 9
23 60 22
34 32 39
45 28 8
3 26 29
29 10 20
45 25 33
25 27 15
36 27 17
46 19 1
54 39 22
32 33 27
29 33 25
34 24 8
3 1 14
49 10 7
51 47 13
37 18 19
9 14 34
11 10 12
15 17 19
36 5 30
8 12 4
47 12 38
12 59 35
45 38 23
5 59 10
34 11 17
20 8 20
32 34 20
52 2 9
25 27 3
51 13 40
36 46 5
25 25 4
42 38 31
40 23 17
49 43 18
23 3 21
15 11 4
16 5 24
4 56 40
53 23 13
50 61 21
38 16 2
5 17 23
2 21 18
33 29 38
37 4 4
3 32 10
30 8 1
20 33 40
7 6 12
17 48 14
12 15 10
34 33 10
15 15 26
35 9 30
34 13 3
30 10 36
51 28 23
10 60 1
9 48 24
8 3 1
36 45 29
4 26 6
3 4 15
43 26 32
24 22 18
4 10 9
30 17 31
8 9 22
49 35 14
42 41 17
52 26 29
34 5 33
27 45 17
7 36 30
51 35 23
17 56 9
46 40 32
34 10 24
38 9 36
19 4 8
33 56 33
52 59 31
31 63 16
52 13 33
42 43 34
17 16 19
41 57 6
8 30 34
39 16 3
43 48 36
24 28 5
21 28 24
30 1 16
7 30 6
11 9 5
6 21 10
39 16 23
29 55 18
17 19 31
25 27 20
20 15 40
54 55 40
14 60 19
37 18 18
23 21 4
40 44 22
5 44 3
40 33 25
38 38 9
3 61 7
43 4 31
39 5 21
28 37 33
47 53 1
13 45 26
49 36 7
22 56 13
51 53 37
40 45 9
3 50 14
16 5 18
8 47 39
33 8 34
47 46 40
47 7 23
19 40 8
15 25 6
2 10 2
39 11 33
43 33 8
52 22 2
49 53 10
35 4 4
47 18 13
39 51 39
43 19 31
45 28 19
31 13 26
16 3 30
1 36 37
48 60 35
7 14 38
37 11 15
4 53 26
26 49 7
46 2 1
30 1 22
53 38 4
48 23 30
23 28 6
1 61 30
36 7 38
13 59 9
38 39 30
22 11 13
46 39 5
3 23 17
36 12 28
20 51 19
2 6 30
31 40 29
39 56 12
6 41 28
6 52 17
28 30 16
18 6 39
39 51 40
42 5 34
47 47 33
31 19 17
36 35 32
29 11 12
50 54 30
29 37 19
44 56 11
30 22 28
48 29 14
15 50 28
50 43 1
21 50 2
14 60 13
36 52 21
39 38 1
1 23 9
33 27 23
5 19 25
4 20 12
48 61 11
45 17 10
48 32 14
40 43 14
48 10 18
35 60 18
14 53 2
50 61 31
29 50 1
24 24 4
47 25 29
20 18 16
51 60 25
41 6 23
52 41 28
40 36 8
8 31 27
44 60 13
6 23 26
7 37 21
36 19 32
48 14 17
22 38 7
37 37 16
33 55 40
23 33 16
54 2 34
29 19 21
52 12 33
52 9 40
40 10 19
3 1 20
30 21 8
26 35 2
24 54 15
20 15 24
9 50 1
28 61 25
18 30 3
39 9 36
31 39 37
37 41 15
33 48 7
51 55 10
1 7 16
24 29 26
28 19 6
46 49 1
36 4 18
3 3 37
8 50 18
21 45 22
24 21 38
46 27 17
46 1 17
19 1 25
3 3 12
48 63 34
51 38 20
44 59 30
30 60 18
28 17 18
34 47 25
52 61 33
28 7 16
27 22 23
23 27 4
50 17 40
51 45 23
38 1 37
54 35 23
43 2 9
50 28 15
38 34 3
37 2 21
37 36 8
4 14 26
14 16 3
54 1 28
39 25 11
25 21 16
44 2 11
4 52 6
39 12 8
42 34 3
47 54 24
26 46 38
53 10 35
6 25 2
38 34 11
7 2 33
45 12 2
41 7 15
27 31 21
28 42 30
46 3 23
47 35 29
19 50 19
46 41 24
49 12 5
42 3 8
6 1 16
49 17 26
22 39 26
11 42 34
43 43 29
43 34 29
34 3 37
48 27 2
1 43 37
52 45 8
19 43 31
26 37 33
21 62 11
21 61 28
17 60 9
51 11 13
37 32 8
22 54 32
46 59 12
20 28 18
46 63 28
27 31 34
27 36 38
14 48 37
48 5 2
11 39 16
38 18 7
37 27 3
31 51 27
8 40 31
54 12 12
49 43 31
18 2 22
52 6 37
6 28 4
48 14 9
50 8 32
53 19 26
50 9 1
21 28 27
16 43 17
36 20 18
7 35 17
20 60 2
45 41 1
38 30 12
29 54 37
29 41 28
40 39 21
13 35 40
25 56 3
9 11 24
34 40 15
41 51 11
2 31 16
38 26 23
14 18 32
11 58 18
9 15 37
44 37 20
2 6 2
54 7 24
41 51 38
41 56 13
27 53 8
10 3 24
19 13 11
19 8 5
51 39 6
41 48 31
12 44 4
27 3 24
52 47 16
17 39 18
12 37 31
52 45 38
1 2 8
9 47 9
7 48 35
26 51 32
29 1 1
42 52 35
36 36 26
17 3 20
25 10 38
4 46 21
12 47 28
3 1 37
53 61 23
32 63 3
29 35 7
51 60 22
31 28 19
12 22 22
28 37 39
33 12 15
9 59 1
52 8 17
13 41 25
16 12 18
48 19 31
25 35 37
23 38 1
10 48 22
54 18 38
33 43 31
6 13 21
48 1 1
39 20 24
9 61 6
41 57 10
22 24 1
16 42 31
33 35 40
3 63 17
1 34 10
50 52 33
3 20 13
32 8 9
15 22 7
34 29 16
4 25 28
1 51 25
51 48 27
44 16 34
10 28 18
27 7 22
35 29 28
31 46 38
25 59 9
30 47 13
18 8 13
34 30 35
42 41 14
36 6 24
34 47 3
28 6 8
21 18 13
32 10 31
34 37 19
7 5 36
7 6 11
44 33 4
16 47 33
36 31 8
18 54 5
38 26 14
16 41 21
52 1 30
50 48 13
6 26 33
12 32 27
35 44 4
22 50 19
10 37 39
21 2 8
10 19 24
11 61 15
13 12 11
3 20 12
10 58 8
13 47 22
9 2 36
50 49 9
45 46 39
29 43 3
23 17 9
48 61 26
54 5 24
37 40 14
40 12 40
31 54 27
27 36 28
40 61 4
22 42 39
13 58 9
1 27 3
40 42 21
7 20 3
16 56 15
22 54 27
51 18 1
54 31 4
44 45 37
13 35 4
50 29 32
42 50 27
23 14 7
13 51 16
20 40 39
11 26 7
32 47 21
15 14 4
11 37 21
24 17 29
22 37 9
51 19 20
50 34 16
7 58 6
32 43 12
50 19 11
49 30 24
21 1 29
31 20 32
8 33 37
14 44 12
32 20 35
30 48 30
33 45 27
21 31 20
17 46 9
10 26 3
41 20 37
11 27 38
39 51 6
23 27 27
32 36 15
27 56 4
34 13 7
39 14 36
18 44 39
30 24 37
41 50 17
14 56 23
2 21 31
43 48 1
10 24 2
25 31 28
41 38 21
34 16 29
40 34 25
54 5 12
27 10 26
19 16 32
39 30 5
29 5 30
31 58 9
11 25 32
1 52 11
8 35 19
17 32 12
24 35 4
18 45 38
3 25 22
9 16 22
27 31 8
26 2 24
27 34 11
10 43 30
30 39 5
50 25 6
49 35 9
15 5 17
36 44 29
10 52 39
15 18 9
40 4 11
22 30 3
33 31 4
37 52 4
45 7 27
33 5 27
41 42 23
15 13 10
38 61 14
52 41 17
5 4 2
23 43 17
52 14 37
12 3 4
30 25 26
7 40 14
23 41 35
37 5 10
48 7 27
11 42 26
36 2 34
30 16 40
37 58 26
30 3 14
31 29 19
27 27 3
41 44 6
5 54 23
29 7 23
8 7 25
14 45 27
16 8 27
11 48 39
54 53 23
35 27 19
27 43 9
32 31 19
40 51 14
25 25 18
1 11 11
32 42 15
11 24 24
10 37 8
22 17 37
49 50 2
15 41 2
23 2 39
31 30 28
40 45 1
42 54 1
16 37 4
37 43 3
41 11 17
27 60 26
43 38 26
14 48 26
11 30 36
13 45 11
41 38 19
32 35 31
28 63 26
41 62 38
37 49 15
48 58 37
29 7 3
5 2 4
30 16 36
11 23 13
15 55 30
2 29 34
17 11 6
4 33 23
44 49 19
25 9 15
20 5 29
15 53 19
12 31 20
52 44 23
22 39 27
38 53 9
51 24 9
47 4 2
36 55 26
53 36 7
4 21 3
28 35 32
26 55 28
45 27 12
35 51 24
10 3 3
9 18 9
8 55 23
4 16 8
33 36 23
12 17 25
14 24 3
8 57 16
49 48 5
35 16 2
25 13 39
23 30 18
47 2 7
38 56 18
27 1 9
23 47 33
21 56 4
16 6 31
13 53 6
16 39 31
10 48 35
22 17 30
10 25 35
11 60 11
19 22 20
16 19 32
54 38 13
26 33 13
45 8 34
47 62 27
42 62 2
50 5 21
10 10 34
3 31 27
6 62 40
22 14 13
21 18 25
33 22 8
9 30 2
50 24 27
43 60 16
21 1 28
44 37 31
27 29 24
34 41 11
50 5 23
49 27 5
50 22 35
38 25 11
45 6 26
38 3 6
24 2 28
3 32 33
12 60 6
39 19 13
52 10 2
51 8 35
23 36 3
22 53 16
12 34 39
50 45 22
9 30 13
36 10 40
16 31 27
3 62 15
43 36 36
2 32 11
8 59 2
50 15 21
8 16 14
11 55 27
37 35 25
48 41 24
39 51 11
33 11 18
39 62 19
27 59 11
19 37 39
51 52 10
27 34 21
6 57 16
5 9 36
31 38 9
32 39 18
1 45 19
26 21 16
48 21 20
9 16 14
50 12 20
3 45 35
2 61 16
29 47 40
54 10 3
28 25 33
23 13 18
4 10 30
2 9 20
46 53 21
28 13 30
29 2 4
47 4 11
13 55 36
13 32 26
54 62 28
1 20 12
30 18 15
8 31 12
14 37 10
30 36 5
47 17 18
6 63 12
33 21 22
36 15 11
45 58 32
36 24 9
15 57 37
14 53 3
5 59 19
16 3 15
24 18 9
41 29 37
12 28 37
39 32 21
19 3 26
30 28 6
3 42 15
36 3 3
43 54 8
41 28 32
38 6 39
13 59 15
11 7 27
44 59 34
17 25 30
8 27 11
5 40 36
52 10 39
34 20 28
54 42 30
30 50 24
4 11 16
36 4 15
42 3 10
41 10 8
5 61 16
5 52 10
19 35 8
45 60 10
16 36 4
31 24 39
42 20 6
48 45 14
44 9 31
20 37 31
10 12 16
17 62 31
30 6 16
12 53 8
18 32 12
37 49 22
16 55 37
8 31 31
16 58 2
41 17 29
27 50 4
52 21 30
40 62 37
1 8 32
39 56 26
29 10 11
35 27 10
54 55 29
8 24 13
9 22 13
26 24 24
30 17 5
34 63 31
2 36 19
30 30 18
42 35 23
50 50 27
50 9 18
11 2 16
41 10 34
26 60 30
3 57 23
22 38 21
1 24 19
22 58 9
24 60 31
35 56 36
15 45 35
30 42 27
41 42 40
38 8 21
4 52 17
15 62 22
21 50 24
1 8 5
17 6 39
18 43 10
2 51 34
22 27 11
42 3 24
26 13 4
10 23 39
22 58 19
51 38 19
1 18 32
4 45 19
48 41 38
31 37 7
19 47 6
38 18 3
6 7 36
37 31 4
21 50 35
48 4 1
3 4 2
30 57 2
33 3 22
45 45 5
13 50 38
19 27 23
45 47 32
34 58 16
16 62 19
23 25 29
1 62 34
53 56 6
36 4 28
27 62 20
40 20 31
33 43 22
26 47 35
4 45 22
24 39 18
23 8 1
11 29 5
43 41 17
33 53 18
13 49 17
7 12 4
29 44 30
30 26 40
8 42 20
49 47 6
49 10 2
2 28 3
36 61 34
12 53 28
12 8 38
16 4 5
20 59 28
29 8 39
4 16 15
41 19 29
21 60 10
37 26 28
12 10 15
53 30 6
14 31 37
35 6 10
14 57 32
48 41 13
13 32 30
21 41 2
17 10 33
24 30 21
13 26 23
2 24 35
38 50 25
2 62 36
43 19 14
46 24 20
3 15 35
49 14 1
44 12 40
12 57 30
2 47 27
28 48 38
46 11 8
25 30 2
30 45 10
16 34 37
12 12 8
26 31 9
23 63 27
17 41 30
21 37 34
37 62 30
37 24 4
9 38 35
2 15 31
20 47 35
28 51 31
16 20 20
27 28 12
29 38 32
53 19 29
28 31 32
27 6 30
44 35 37
51 50 11
42 55 3
6 26 8
25 27 14
53 22 40
7 57 21
17 34 36
25 1 22
39 45 25
33 56 32
11 48 18
3 28 2
35 55 11
14 46 34
15 47 34
20 40 18
46 2 40
14 30 10
14 57 2
42 23 28
54 13 39
42 31 29
39 50 3
38 9 2
54 1 4
31 41 4
46 27 35
9 37 7
18 53 31
5 45 21
45 39 17
42 38 31
47 31 9
12 15 31
39 30 39
13 40 24
21 28 11
21 45 7
20 59 3
34 3 9
50 38 11
2 57 37
40 17 12
24 6 26
26 8 16
10 37 25
4 45 30
2 19 30
12 44 32
38 6 14
32 32 7
53 3 7
32 44 5
3 8 39
6 14 32
31 40 37
49 49 35
25 58 1
10 58 31
21 38 24
34 36 11
7 3 9
9 54 16
12 13 23
20 56 11
50 27 28
43 2 11
50 44 34
26 49 1
38 52 27
1 18 40
27 43 8
5 12 33
4 39 2
49 63 39
2 47 35
50 14 9
2 59 40
42 32 26
15 21 25
49 58 20
53 9 33
54 12 1
47 22 26
41 6 28
10 17 34
8 54 4
36 39 28
50 22 13
51 45 14
32 45 24
34 25 18
24 1 37
20 7 22
16 11 25
30 54 5
38 19 38
2 38 5
36 1 40
16 21 6
44 28 11
31 61 2
10 34 29
46 51 27
52 10 35
14 38 12
2 32 36
10 8 2
26 24 35
44 63 11
33 29 34
24 55 20
14 6 26
39 29 2
16 43 13
51 34 40
23 21 1
36 53 18
10 12 4
17 42 14
24 2 1
35 44 36
28 5 26
12 35 3
23 13 38
2 25 12
52 40 31
32 51 24
25 60 14
2 19 18
41 14 13
9 63 6
39 29 18
45 24 36
23 19 16
10 19 35
11 56 1
28 36 2
51 25 11
23 62 7
43 46 29
32 5 33
19 51 17
22 2 12
15 9 26
17 12 18
53 47 10
7 24 15
11 54 37
43 28 23
15 8 34
45 60 24
2 47 6
31 32 30
51 11 8
16 47 27
54 52 13
28 34 27
53 41 7
4 11 4
54 40 11
42 9 10
34 62 36
30 10 26
52 12 22
48 59 3
1 43 32
25 63 33
36 28 38
21 56 10
51 19 15
53 63 33
52 7 6
7 35 7
13 51 26
39 37 12
26 1 14
18 15 5
3 33 14
32 50 2
44 41 26
20 6 4
50 31 23
47 49 4
8 39 5
54 61 6
2 44 8
47 14 36
34 34 5
30 61 2
41 45 30
22 27 38
45 48 27
36 56 21
22 11 16
5 28 5
42 3 17
1 37 23
7 24 10
14 58 38
38 63 19
35 28 3
53 11 24
29 61 2
21 57 29
26 9 4
2 12 28
52 5 15
5 11 5
33 49 21
51 8 21
49 50 38
28 31 20
43 20 15
48 48 9
13 33 36
7 61 14
32 34 31
49 46 10
16 38 9
11 37 19
29 47 21
54 28 15
41 3 23
25 39 8
6 43 4
21 20 6
41 21 30
52 20 11
1 63 23
23 8 30
3 50 12
37 21 7
2 45 21
5 51 7
12 8 22
42 24 20
52 17 4
18 51 23
24 10 9
24 36 9
9 15 30
40 27 22
10 48 1
2 32 10
17 26 3
21 1 9
42 43 6
23 30 18
51 63 40
35 60 23
42 60 39
29 37 13
1 43 6
34 58 20
18 28 19
27 53 8
20 32 12
48 9 8
43 61 19
23 24 19
10 30 38
43 10 15
48 48 34
53 40 39
17 1 22
2 35 34
45 55 12
21 6 29
22 59 5
11 38 14
5 5 9
36 45 5
36 26 29
41 8 22
43 57 7
32 57 20
25 63 5
27 11 17
36 18 40
1 38 17
6 25 29
36 59 29
18 60 17
22 46 36
35 41 8
54 12 36
45 10 19
43 12 34
24 2 3
19 12 18
47 15 24
42 5 28
16 10 31
20 15 36
8 25 40
51 37 7
34 10 15
14 25 39
20 37 5
27 41 26
28 35 16
51 43 20
33 32 4
31 5 20
54 50 34
11 8 34
6 55 6
11 4 10
51 50 40
42 34 18
43 33 34
15 22 17
34 17 3
15 53 38
48 31 40
33 1 1
10 13 29
22 6 31
17 18 14
8 30 20
18 33 4
40 53 8
30 7 10
18 25 5
10 23 10
47 38 24
38 60 22
19 43 26
51 15 37
5 12 31
42 54 33
13 38 27
36 20 30
13 53 32
49 40 9
44 45 4
9 18 38
10 6 6
31 52 39
15 51 40
30 42 5
9 27 5
32 35 34
41 6 16
36 63 28
22 21 13
35 28 5
19 55 38
44 29 14
42 18 4
9 8 16
53 58 16
27 13 9
9 31 35
52 13 18
17 21 2
11 21 32
54 29 22
13 49 24
51 49 10
51 43 26
7 8 36
50 53 12
30 47 26
42 31 36
26 13 2
37 23 37
18 5 3
16 63 6
53 15 32
53 37 19
24 56 32
26 58 31
8 18 11
47 42 19
32 54 12
22 40 7
38 41 31
39 41 34
46 2 14
43 9 16
31 35 3
23 11 26
21 36 19
36 40 11
36 63 38
42 43 8
14 7 27
12 2 19
20 29 33
44 12 3
16 56 25
1 36 23
50 38 8
48 56 4
24 33 24
31 23 11
16 6 15
24 2 8
1 16 19
8 29 18
28 31 21
5 8 39
33 51 29
44 51 38
8 49 29
8 41 24
46 43 17
40 47 23
49 3 23
53 13 4
15 39 21
9 62 4
5 22 6
16 14 39
26 6 25
38 38 39
26 24 10
16 16 40
40 34 6
42 29 22
20 44 12
39 23 3
50 17 3
30 17 24
50 11 32
21 30 5
28 49 19
1 1 35
25 18 27
29 3 19
29 16 4
31 58 4
4 45 2
24 15 18
12 53 25
17 22 28
7 24 21
4 24 26
18 23 35
12 39 16
13 27 39
13 1 2
46 28 35
51 17 10
45 35 35
49 52 28
47 46 40
51 3 8
12 48 12
54 34 15
16 42 35
20 60 19
29 46 16
35 36 36
34 47 32
29 9 39
36 49 11
34 22 25
38 47 13
1 42 18
51 22 14
34 1 35
34 39 16
27 4 25
19 23 18
20 35 32
52 19 35
24 24 22
32 4 21
6 44 1
26 23 24
11 48 34
20 12 4
31 33 23
13 43 29
22 49 39
17 40 14
21 1 13
25 39 29
36 20 13
36 40 9
9 44 37
34 43 4
10 55 33
5 58 12
48 48 1
7 14 15
15 45 2
11 21 16
12 57 17
16 12 28
18 8 40
14 23 4
20 7 23
24 26 34
50 51 33
34 18 13
18 44 15
24 6 29
32 49 13
34 18 3
33 33 34
38 63 10
12 34 1
20 28 8
50 46 12
9 39 9
35 48 31
50 50 32
6 11 24
30 13 28
39 45 6
28 14 23
45 14 19
4 9 27
52 33 35
32 7 10
2 13 19
44 34 18
27 60 17
39 28 26
25 54 16
10 61 8
45 31 17
53 53 12
14 30 16
10 11 17
21 32 5
16 49 20
25 49 30
19 28 27
33 4 4
18 15 2
47 17 37
40 57 28
42 9 32
5 20 37
4 32 23
16 50 25
24 26 36
11 39 12
12 13 27
1 3 37
38 15 26
29 15 24
54 63 16
13 18 5
7 21 4
7 30 11
45 35 13
53 31 29
35 52 6
29 30 22
45 7 11
20 42 16
51 10 16
39 56 12
43 10 30
4 30 15
27 20 7
34 60 32
25 6 34
40 2 3
31 11 19
29 19 3
42 23 35
25 40 19
7 50 20
33 42 2
35 7 36
22 22 33
14 24 34
16 52 38
25 3 28
52 50 28
51 35 14
52 51 30
53 46 16
1 45 38
9 17 4
24 36 3
9 63 26
4 13 5
21 10 9
15 47 29
39 59 20
39 39 35
19 1 29
4 39 9
50 7 30
26 25 10
43 48 29
37 18 10
27 6 5
31 9 9
44 31 3
30 51 4
21 11 26
45 47 31
29 10 12
9 59 20
31 57 22
40 40 40
37 42 8
32 22 5
8 17 25
21 29 15
13 22 28
4 47 17
11 26 17
37 20 8
16 27 27
29 45 1
27 55 19
19 40 10
24 40 19
15 4 20
27 21 20
52 7 27
47 59 22
2 51 35
36 32 23
20 29 7
50 46 25
35 29 11
38 35 8
35 19 15
9 8 10
27 1 4
51 9 10
4 52 14
37 4 17
5 16 11
37 29 12
31 62 27
50 46 28
44 36 1
25 63 3
19 56 10
22 44 35
2 54 33
5 15 29
26 27 8
18 3 10
21 41 27
25 20 8
37 26 7
33 13 21
12 34 31
37 45 13
54 53 36
43 33 10
28 56 34
2 17 8
50 49 16
49 31 12
15 26 19
33 8 27
27 63 9
25 28 6
28 20 4
7 8 23
14 2 40
18 27 36
12 59 5
30 48 28
14 56 39
35 48 21
5 60 25
2 11 31
9 33 27
19 59 26
5 51 12
12 43 16
9 14 29
47 40 19
2 21 14
34 18 4
38 57 12
3 38 1
10 34 39
24 50 4
17 41 21
12 2 9
16 1 7
9 58 7
26 24 1
44 11 10
33 46 15
52 58 4
47 47 27
19 57 36
32 49 19
26 61 30
50 47 4
12 32 19
20 62 39
37 47 16
9 16 1
4 27 36
28 48 23
35 56 38
52 25 20
15 39 28
48 61 34
46 50 2
3 22 9
32 21 6
45 5 2
35 48 9
8 30 25
50 9 12
37 61 15
23 45 10
46 29 22
45 42 8
51 37 32
41 35 35
37 56 2
33 21 36
1 9 19
47 37 10
12 20 25
15 5 7
16 51 14
6 29 21
6 33 14
16 16 28
9 7 1
45 8 24
12 7 33
17 35 34
45 9 26
15 8 5
27 25 28
8 49 40
3 42 26
26 53 25
11 55 15
53 42 8
50 57 20
35 22 16
22 9 7
3 54 2
13 52 23
37 28 27
47 35 16
42 63 21
18 52 26
39 18 30
49 19 24
13 55 28
22 25 30
2 27 33
27 22 9
39 54 35
3 12 18
40 25 37
30 16 2
3 3 17
6 47 32
35 21 7
25 21 4
49 24 13
19 27 9
26 43 7
11 46 10
26 28 23
7 37 12
49 4 26
42 26 38
11 23 11
4 10 27
39 55 26
24 20 31
2 47 16
49 57 15
50 30 4
21 60 19
52 44 1
3 50 32
1 39 4
48 15 23
54 7 22
39 21 6
20 59 2
17 2 12
42 8 7
25 17 3
45 58 11
12 40 11
15 43 15
46 35 26
30 54 21
50 51 26
37 50 17
12 41 6
40 19 21
21 46 13
16 24 20
37 33 32
17 54 26
45 33 31
10 38 6
34 22 12
43 30 27
46 54 37
30 25 7
17 53 32
3 40 40
28 15 4
22 33 33
20 29 36
51 25 37
40 14 10
9 17 9
37 13 17
39 30 35
9 15 3
47 29 30
54 32 15
5 13 16
51 50 19
51 32 4
43 62 11
46 43 4
41 48 33
44 62 2
44 24 35
24 10 29
48 50 25
16 9 3
32 22 8
43 2 32
14 26 3
5 23 30
49 17 31
44 51 30
13 28 1
50 51 17
45 24 13
48 22 18
17 26 21
1 37 21
15 14 36
22 51 40
51 21 18
44 2 15
44 16 13
3 12 9
4 44 39
42 11 12
46 9 32
12 17 2
25 21 18
20 54 5
46 13 33
7 12 38
36 20 6
10 19 27
30 44 23
40 33 8
43 41 3
25 14 11
41 9 10
54 26 33
47 49 3
50 9 9
30 23 13
51 34 29
42 5 37
44 23 9
49 56 18
10 57 17
42 14 15
28 46 29
43 31 40
36 42 15
49 7 27
51 24 21
31 33 34
37 19 18
18 40 37
49 40 10
8 13 38
43 7 22
34 24 8
34 53 14
26 13 36
47 4 23
27 26 20
49 20 18
40 38 37
50 41 9
26 56 30
38 45 22
50 43 16
1 44 11
54 63 30
19 52 12
25 21 16
14 6 20
5 60 21
22 19 29
49 8 22
46 13 11
4 34 11
36 22 25
32 42 32
10 61 35
32 39 32
47 56 18
1 61 36
45 33 12
36 28 28
43 51 32
15 49 19
33 6 36
46 8 20
16 11 26
5 16 3
15 40 4
8 51 9
10 13 15
47 29 35
52 63 9
50 42 38
46 59 26
43 12 40
36 33 31
4 35 36
52 53 38
37 61 9
33 42 15
21 27 31
32 11 14
47 13 30
25 38 16
3 7 28
34 20 1
44 20 29
46 48 5
21 55 27
42 57 33
20 49 7
25 48 32
26 52 27
49 61 5
30 25 19
2 33 32
50 33 14
13 28 38
26 28 18
27 20 19
33 31 25
22 23 3
54 53 23
13 42 10
14 47 24
48 31 40
24 11 31
46 53 35
33 41 18
32 41 8
44 17 31
32 24 5
38 27 36
31 43 16
43 61 16
2 7 12
3 34 39
44 14 20
9 33 34
16 7 25
17 26 10
34 22 36
7 57 6
21 6 27
24 62 28
31 54 38
9 55 32
41 33 11
47 6 31
51 32 6
37 41 29
49 33 12
28 15 31
24 12 15
29 35 35
30 3 34
26 45 40
28 33 4
44 49 24
17 26 33
21 8 37
51 19 15
22 54 34
54 57 35
35 62 34
35 50 33
3 23 21
53 45 33
45 33 36
38 53 30
13 40 28
33 29 6
22 15 34
11 30 32
14 60 21
25 62 32
17 11 12
20 56 9
14 16 1
44 11 8
14 18 2
42 15 29
4 41 6
42 35 21
34 30 19
11 16 25
9 61 34
27 47 38
32 31 24
42 14 9
41 6 16
26 46 33
51 38 19
29 27 12
44 30 19
20 5 24
5 63 39
14 63 9
3 21 23
20 6 22
48 14 4
8 55 18
6 10 20
13 8 15
23 57 25
29 6 28
37 15 33
14 44 2
3 32 4
29 42 5
21 63 12
40 54 16
34 48 37
43 27 9
31 34 6
7 56 24
42 22 19
30 41 30
4 32 21
50 51 8
43 5 7
3 38 16
53 59 19
41 4 19
10 60 25
42 23 4
9 61 21
46 62 19
24 23 3
13 59 6
8 48 22
27 31 26
49 7 2
39 57 1
8 59 27
7 14 31
36 54 14
26 57 22
2 4 7
46 6 14
2 62 20
41 55 14
6 35 28
3 57 32
14 11 9
32 63 12
15 20 35
48 51 33
52 7 39
15 32 39
19 31 1
40 5 19
6 36 14
20 28 25
29 51 34
46 50 13
21 54 34
22 39 38
38 19 25
15 9 40
46 15 20
26 11 26
48 48 8
27 53 31
32 53 5
28 41 38
8 32 16
7 34 32
16 8 22
32 7 32
36 25 19
44 32 37
40 47 24
13 14 25
50 2 26
53 26 34
5 7 29
25 27 34
13 50 4
12 3 2
44 40 15
25 61 24
44 11 37
48 61 23
5 23 40
45 38 15
20 3 4
31 3 36
22 49 38
6 28 9
11 59 10
28 2 32
48 38 29
31 20 40
18 9 26
26 13 12
32 32 40
3 24 3
33 57 29
36 1 8
31 9 23
11 23 23
47 38 30
34 63 36
26 38 16
47 47 14
22 9 32
23 25 10
2 11 9
46 32 13
28 49 17
10 56 14
5 22 11
7 11 3
45 2 29
39 17 14
51 46 17
20 35 10
12 21 13
37 27 36
4 7 39
23 50 37
47 30 5
3 49 4
18 8 36
53 16 30
45 16 4
37 25 35
46 7 9
27 47 20
22 27 24
33 11 29
35 58 13
44 52 39
17 35 26
8 50 2
28 54 8
45 26 30
32 37 35
9 8 37
19 35 33
2 10 18
26 24 30
32 25 12
39 17 27
50 44 10
35 19 30
25 30 37
39 30 11
37 2 1
38 21 11
7 14 18
48 34 6
46 35 10
15 30 34
46 14 12
21 10 40
14 52 3
52 60 38
54 56 4
53 17 8
4 39 11
26 60 19
26 63 37
22 22 35
36 39 29
50 62 19
27 1 36
21 17 12
19 52 1
35 22 4
20 51 6
22 40 23
54 50 7
21 49 30
8 62 12
44 22 22
18 7 39
41 50 7
1 3 6
52 2 2
28 10 31
39 45 39
24 39 38
3 49 13
15 54 20
34 40 35
24 8 30
49 6 37
35 34 9
30 55 1
41 60 20
9 12 3
43 30 30
5 15 33
45 59 16
37 56 22
34 26 37
40 2 3
4 40 37
23 27 36
33 19 32
40 37 23
15 23 4
40 59 14
35 38 30
6 59 1
42 8 3
3 6 19
49 51 38
38 58 14
54 15 17
20 38 31
9 39 17
2 19 12
26 26 38
29 22 16
33 48 7
19 1 16
13 39 34
3 55 37
43 47 11
18 58 6
37 2 33
4 56 16
23 44 39
54 43 11
48 15 6
35 28 10
17 18 8
11 5 15
49 43 10
35 10 15
9 10 1
12 31 2
8 38 21
6 20 30
13 24 6
16 58 3
18 27 28
22 25 28
51 11 29
52 63 16
51 60 29
51 48 31
8 13 17
9 36 2
17 46 11
32 56 9
33 13 15
44 48 1
9 63 16
8 56 16
51 56 11
25 7 37
10 29 16
7 42 18
38 29 14
11 10 27
25 30 7
23 25 36
23 59 2
36 53 35
8 42 10
40 28 21
19 16 35
54 39 1
27 36 26
8 27 28
52 22 31
33 10 33
20 55 23
51 40 16
10 56 3
8 51 1
54 57 34
13 9 1
11 36 29
26 17 5
23 11 17
25 27 23
7 11 16
21 60 7
27 47 5
41 61 33
3 3 18
24 31 28
43 18 2
4 48 15
39 38 24
34 19 22
6 26 17
4 9 8
18 62 18
8 41 22
52 23 30
24 21 18
5 48 40
9 21 38
34 11 16
52 21 32
54 28 12
15 9 8
18 25 34
51 60 4
54 32 19
31 24 21
29 7 35
47 29 11
32 15 39
32 31 3
8 11 15
17 8 20
23 3 24
34 42 5
50 42 21
3 42 39
25 55 29
25 29 40
53 29 37
35 27 1
36 56 38
16 50 34
31 61 35
40 33 30
53 40 26
13 6 34
30 47 13
7 18 12
48 13 1
53 32 26
13 2 36
11 33 11
29 46 35
51 20 7
52 35 39
20 62 18
36 23 38
44 2 9
13 32 2
17 46 39
25 52 2
50 49 30
19 31 13
20 9 35
45 21 25
52 22 2
50 29 40
23 59 13
36 32 22
33 16 39
4 13 31
34 6 24
43 30 21
36 9 33
19 36 38
3 54 10
52 36 11
23 50 10
25 7 28
30 44 24
7 50 14
48 36 9
24 39 6
10 5 4
20 5 18
36 10 29
43 42 26
21 34 9
52 40 10
44 43 35
24 57 28
1 50 40
38 38 29
36 37 9
22 10 3
24 49 9
34 34 24
15 27 18
18 28 5
16 53 32
19 2 35
40 48 6
33 44 19
5 50 2
33 41 6
8 36 13
38 47 9
42 62 1
49 5 28
32 33 26
8 44 26
53 40 25
29 56 4
1 43 38
2 38 37
25 4 7
21 9 23
13 43 20
11 62 35
21 53 24
52 44 36
52 23 28
32 13 20
32 7 32
45 13 24
42 3 9
18 31 7
33 57 29
12 22 37
5 13 28
11 34 9
14 40 32
35 61 19
14 29 22
42 60 30
51 60 2
18 51 5
1 10 5
38 52 7
41 42 32
4 26 25
35 29 12
43 16 5
26 60 2
1 53 16
44 17 24
47 28 2
28 16 4
35 33 7
42 60 9
19 19 11
51 47 21
11 48 3
36 3 10
2 47 3
19 42 37
16 42 16
24 55 15
13 27 36
4 40 20
26 2 3
39 56 3
49 33 8
21 7 11
41 6 18
22 48 38
7 59 4
32 19 4
30 41 22
26 17 26
39 6 16
2 13 32
11 27 37
37 56 38
19 5 14
29 31 34
31 1 33
47 45 37
33 21 32
39 7 35
22 13 28
25 4 33
38 41 32
18 28 23
46 43 6
54 45 35
5 3 26
11 16 20
50 43 17
35 34 3
2 11 38
27 13 11
21 8 28
47 3 29
22 31 26
50 8 12
37 36 3
33 30 17
34 2 2
4 10 34
13 44 27
52 18 1
5 3 4
18 18 34
34 33 29
4 55 6
50 11 21
41 40 26
36 5 8
10 24 15
40 16 27
29 53 2
38 20 28
37 15 19
31 23 21
7 14 37
25 2 36
35 36 7
15 45 7
32 2 10
34 4 10
2 50 16
18 59 27
17 6 2
53 19 3
20 7 8
54 40 7
54 28 30
18 11 28
13 36 4
50 39 29
12 52 31
51 61 25
40 27 5
51 60 19
34 11 4
34 43 30
1 31 32
11 50 22
7 8 37
37 34 25
24 49 9
39 22 10
5 63 40
46 62 9
13 14 1
2 23 28
4 36 23
36 34 33
10 44 37
48 40 20
42 12 26
26 36 26
4 20 15
36 8 21
27 33 11
24 37 25
12 22 39
52 14 36
44 47 7
41 61 6
23 14 10
43 63 18
10 22 40
10 1 14
41 63 2
20 40 37
10 1 25
4 56 37
16 3 5
22 3 4
6 1 33
37 33 25
41 10 25
29 34 17
42 1 26
29 37 39
50 58 28
54 42 11
9 37 32
18 40 24
25 46 3
38 23 37
26 62 7
45 55 35
19 43 16
49 36 30
27 63 3
26 48 35
45 55 15
44 50 16
54 63 8
39 1 9
21 4 19
50 36 34
11 29 17
12 6 29
39 52 38
50 37 35
30 32 23
13 49 9
14 43 28
15 58 38
22 2 4
24 52 29
27 6 13
15 25 38
19 16 3
44 12 10
23 20 39
36 7 13
7 29 39
46 17 38
21 1 3
8 54 39
30 1 7
49 50 7
14 36 1
52 15 9
24 21 31
1 60 23
33 2 28
30 47 28
11 63 32
27 34 17
39 44 18
47 12 39
34 53 4
53 42 7
24 51 31
8 13 17
8 47 14
50 34 31
2 13 30
18 31 16
37 4 8
41 13 9
27 41 13
15 19 40
1 8 33
38 15 22
12 36 30
3 29 1
1 28 19
39 6 32
42 52 19
23 24 17
3 43 22
25 53 13
44 13 36
40 57 29
29 43 32
3 41 40
34 4 25
19 63 26
49 9 4
51 12 2
8 29 17
19 51 36
9 33 35
14 9 3
21 62 23
30 24 32
43 23 9
44 61 4
3 12 35
33 23 10
33 59 30
45 57 4
21 27 35
10 44 7
4 37 5
37 30 3
54 28 32
51 39 29
2 52 1
21 48 16
39 61 30
7 40 19
33 58 2
41 63 33
43 5 38
12 27 10
43 3 29
41 51 27
41 56 32
13 62 18
30 36 11
40 38 17
23 27 22
41 25 14
19 41 6
9 51 40
29 38 40
43 19 16
39 56 40
6 58 34
42 17 33
15 24 28
15 30 11
11 29 12
16 12 29
28 54 31
26 47 19
42 10 26
8 57 15
54 11 13
41 21 2
17 33 1
48 32 13
2 19 18
44 18 25
46 41 38
6 56 1
4 56 31
52 56 17
52 19 6
48 16 31
21 60 21
48 24 36
53 18 21
31 44 38
46 8 29
18 31 5
45 5 28
27 38 34
54 32 32
35 26 6
19 57 24
37 48 23
43 37 27
36 47 40
34 45 13
41 32 29
20 38 5
51 54 20
33 34 39
34 4 5
5 10 32
24 48 24
15 6 32
20 57 35
4 38 13
7 5 40
4 58 11
19 44 14
9 22 6
41 2 34
38 33 8
22 6 2
15 24 23
33 17 9
51 40 23
12 57 15
43 42 15
50 32 4
19 1 22
42 15 5
26 10 10
15 25 39
29 63 36
30 24 29
13 30 18
30 39 7
23 7 33
41 51 18
17 33 15
3 32 3
48 31 39
51 17 14
52 7 9
39 46 6
2 47 24
27 14 1
36 19 38
48 61 30
38 6 17
44 31 32
34 36 7
14 51 26
10 22 7
4 7 24
23 50 38
7 21 1
7 14 12
19 60 38
20 59 2
41 1 3
2 61 15
22 3 9
35 41 7
49 53 9
28 60 26
46 31 5
45 23 14
28 32 17
49 15 29
15 36 13
39 19 18
45 2 23
54 30 17
27 31 12
7 17 27
21 53 38
1 43 24
11 45 1
11 53 7
31 41 9
54 29 40
23 48 36
53 8 9
34 31 12
46 19 25
52 41 12
8 44 6
41 3 17
34 30 2
8 5 9
30 59 23
49 47 28
44 37 10
42 61 11
4 22 11
18 41 32
28 35 27
34 18 25
39 11 33
16 28 17
16 40 15
44 50 31
8 20 5
25 12 21
3 48 35
7 1 34
48 12 30
37 60 21
29 38 24
21 41 36
47 51 19
20 57 5
25 17 31
13 36 15
30 51 29
2 61 17
45 57 5
40 52 1
36 52 27
54 45 12
30 24 15
18 5 19
9 58 39
29 55 12
48 6 28
38 51 40
3 45 18
4 17 33
7 21 24
19 26 12
7 26 31
16 23 35
29 50 7
20 48 34
5 36 28
10 9 17
50 53 33
51 19 21
47 28 6
28 57 14
2 35 40
33 17 28
36 38 23
51 48 2
11 63 9
1 41 37
13 5 7
49 35 13
30 29 19
13 53 26
28 42 7
8 57 22
51 39 33
21 53 6
51 50 21
53 17 10
45 44 10
43 56 20
7 36 13
37 33 36
14 22 38
13 51 27
32 18 5
28 36 25
40 30 7
28 2 34
52 45 19
32 38 32
42 11 5
17 7 20
26 42 19
10 12 36
36 5 32
8 13 7
36 21 26
26 9 20
45 54 8
3 57 5
20 2 10
15 16 31
36 52 2
10 42 19
1 11 27
12 20 37
39 54 38
22 6 32
40 48 16
53 58 26
34 20 39
54 61 21
1 39 33
30 49 24
34 26 16
41 52 18
29 15 18
28 36 5
33 15 8
48 41 17
15 31 35
4 19 23
37 3 25
13 57 7
49 54 13
13 12 33
10 33 36
6 57 20
30 3 15
53 29 33
17 36 37
21 8 28
49 26 14
32 6 3
4 43 16
13 49 33
13 49 10
51 55 38
3 20 25
50 29 3
5 13 12
11 39 6
14 38 20
24 27 39
44 20 5
36 18 12
16 24 19
17 27 9
5 40 11
43 7 5
9 14 40
40 38 33
6 20 20
32 41 25
27 53 2
46 31 28
10 52 31
34 27 22
50 41 28
50 33 15
24 6 25
41 45 35
13 21 8
2 60 39
52 58 3
30 54 16
26 57 7
13 25 37
54 38 29
11 60 3
47 41 19
8 41 36
47 55 21
52 3 2
17 10 6
32 42 19
22 57 29
50 52 5
29 55 14
13 57 30
10 46 6
20 27 23
49 11 34
48 41 15
49 10 29
31 41 28
8 27 8
15 58 39
30 4 34
4 13 37
12 30 35
5 56 14
45 56 7
17 43 19
20 7 33
41 62 24
18 58 14
19 55 11
50 13 6
42 47 6
14 61 35
30 1 10
35 57 34
19 5 5
20 15 5
13 53 31
52 60 20
24 51 15
1 41 34
22 36 12
52 5 39
6 38 5
44 55 12
26 50 33
48 49 8
47 11 9
16 40 13
11 10 15
53 57 15
33 38 31
7 45 20
35 28 8
50 24 19
4 56 16
52 48 26
17 29 12
16 8 17
44 22 24
31 7 18
10 17 18
37 7 28
49 47 10
40 9 29
8 26 22
26 60 24
30 32 14
27 8 15
53 13 11
12 8 36
13 37 39
12 32 5
8 15 25
49 60 13
10 5 18
32 61 18
46 17 1
22 10 29
17 34 17
26 25 16
46 17 18
21 32 37
16 44 8
43 51 24
40 47 15
14 31 8
32 56 29
16 13 35
45 13 9
23 41 13
5 20 17
6 49 19
42 21 38
25 2 15
13 50 2
36 19 2
44 25 8
20 60 24
27 11 33
17 44 24
29 32 5
16 56 20
14 34 36
6 53 19
52 26 10
51 33 4
5 22 31
35 11 31
45 49 33
35 43 24
32 31 3
31 46 27
46 1 21
45 54 12
34 50 11
11 55 15
7 48 23
47 13 38
53 44 34
17 15 15
1 7 19
13 58 30
28 22 24
39 61 3
29 12 11
38 49 34
8 58 13
53 53 12
19 30 27
40 17 5
41 61 34
40 32 5
26 21 20
19 54 18
46 27 35
31 32 8
39 12 29
46 40 20
51 33 2
30 57 12
4 24 13
40 60 38
40 57 36
20 29 33
24 16 37
53 19 2
32 47 37
16 39 39
24 51 35
11 9 28
53 29 36
30 8 4
41 43 18
44 33 16
36 11 17
10 12 8
30 44 4
16 9 35
19 7 40
31 49 25
12 62 12
17 31 26
11 63 10
33 61 16
31 41 23
27 23 13
46 54 23
5 11 16
34 7 10
34 44 15
27 39 22
41 60 12
16 49 7
3 13 23
29 52 2
16 2 12
53 61 25
2 45 14
48 55 5
46 1 16
35 41 9
3 9 20
36 63 8
49 18 18
43 12 22
26 50 5
32 21 33
13 15 21
12 37 1
23 54 33
32 61 15
53 34 8
19 53 34
2 47 39
39 23 9
48 59 27
3 20 7
48 24 29
9 20 38
31 51 26
54 11 7
50 58 20
34 40 19
6 4 12
21 4 6
35 46 2
1 39 39
36 53 6
26 37 28
31 24 26
15 17 10
20 36 20
4 40 30
18 43 33
35 28 5
4 32 24
52 32 11
45 40 31
52 54 28
40 11 24
40 56 22
40 46 10
43 34 37
8 60 33
12 43 23
27 18 14
2 8 12
7 42 22
5 48 23
15 20 15
26 13 21
27 36 31
5 18 34
34 40 9
8 56 33
32 35 39
39 55 26
5 45 36
1 31 34
5 59 15
13 46 34
16 15 19
2 34 35
11 52 17
26 3 8
14 30 5
31 56 2
22 19 38
40 63 31
53 31 25
23 14 17
7 51 30
14 36 20
39 7 31
12 26 3
29 31 31
12 7 14
22 18 7
1 36 29
17 57 4
33 63 27
35 21 6
29 22 8
19 53 8
18 57 22
37 62 10
38 33 18
29 21 16
37 32 29
24 17 3
7 17 36
14 52 11
48 10 11
19 15 29
49 36 20
50 6 8
24 40 27
33 17 25
42 34 33
53 44 35
4 55 13
1 40 26
14 33 15
8 12 33
50 30 20
19 30 7
3 4 15
29 46 31
15 20 9
19 61 26
53 51 36
41 21 1
14 48 14
12 53 24
16 43 4
17 28 3
36 53 33
15 47 34
6 30 15
42 2 33
31 37 12
28 46 32
42 18 13
45 40 6
34 56 31
33 9 37
3 50 35
51 36 22
53 34 29
17 2 15
16 62 11
40 2 33
22 38 14
42 40 16
8 62 8
36 29 21
21 27 33
50 23 32
6 33 35
50 8 18
38 50 2
52 53 34
26 26 10
25 14 6
36 5 2
32 10 27
34 3 36
3 20 5
17 26 38
6 29 1
42 27 21
17 35 7
31 50 21
25 12 17
41 44 7
41 25 11
35 45 39
25 25 1
19 33 15
23 34 4
26 21 18
16 12 25
2 44 38
10 15 20
47 45 19
41 9 34
22 38 31
54 59 26
27 44 15
17 39 6
53 13 29
47 1 34
13 32 18
6 20 1
9 34 10
28 15 6
51 59 26
13 34 20
6 34 6
2 15 18
30 53 31
3 57 11
25 10 17
7 48 14
9 55 16
23 18 34
38 58 28
34 49 7
46 54 4
35 23 9
54 34 24
18 57 26
40 24 2
27 22 12
13 58 12
1 16 17
53 49 40
24 58 27
15 8 33
14 30 37
12 36 5
13 42 32
9 62 4
48 51 9
28 11 4
26 36 5
53 9 25
47 46 24
27 13 27
12 22 32
6 49 40
41 59 26
54 55 29
2 38 14
17 13 17
7 26 14
33 58 37
33 13 35
6 25 32
26 52 38
49 55 24
28 45 5
17 5 14
48 63 30
24 26 25
16 3 34
14 40 39
15 40 26
17 41 20
37 1 27
30 16 25
4 3 33
45 24 19
53 20 21
36 37 14
13 33 9
27 48 3
19 32 22
33 31 40
21 63 5
51 58 20
5 37 2
8 41 7
31 21 13
53 38 1
4 51 14
1 34 39
33 21 37
46 60 39
33 3 2
26 36 32
40 11 1
22 55 15
18 13 7
40 56 31
7 35 29
42 24 2
1 58 15
21 54 14
30 34 35
31 63 30
28 23 24
25 6 39
26 32 31
24 32 12
13 36 25
42 13 11
31 31 4
27 24 27
39 9 7
6 59 25
3 2 36
24 49 3
8 39 18
23 16 8
24 8 20
9 42 11
38 34 2
20 51 10
39 62 13
27 41 1
42 18 23
34 4 19
23 26 6
18 62 3
2 34 12
12 45 29
45 1 24
11 36 13
40 1 33
13 16 14
29 59 24
48 63 35
7 30 39
44 53 15
12 49 25
29 58 29
16 52 22
3 20 37
35 25 14
9 21 11
25 13 27
49 60 19
23 23 17
8 45 31
44 5 26
39 61 28
13 39 31
27 37 7
30 4 22
52 35 40
18 4 14
12 27 25
7 38 27
22 16 12
33 38 21
46 62 28
9 39 33
37 50 22
32 3 22
43 59 39
26 26 25
1 53 22
43 61 27
18 24 28
3 31 17
15 49 24
2 9 8
6 49 28
19 20 34
34 54 13
29 30 22
48 22 27
54 55 3
49 23 18
27 14 18
54 3 21
24 11 2
24 1 10
1 45 10
22 23 24
10 29 4
13 50 26
1 36 24
17 39 15
14 58 39
33 61 35
9 16 14
13 15 14
53 60 23
48 57 36
13 18 20
21 40 36
20 4 18
22 9 20
44 41 4
41 42 17
37 26 1
3 27 13
24 51 12
35 19 14
14 43 9
37 33 26
49 63 15
20 17 16
3 58 18
52 54 38
32 59 12
41 35 6
11 8 7
52 62 11
41 17 3
7 25 34
14 32 6
36 58 26
26 57 7
24 9 6
38 41 13
4 26 35
41 25 17
5 60 17
47 24 16
25 24 35
25 25 40
21 60 8
21 55 16
21 23 11
16 51 40
42 43 24
54 38 9
42 1 7
35 47 37
43 62 35
16 2 36
18 23 28
37 6 1
27 46 19
35 61 38
30 51 28
37 36 10
10 3 37
13 58 17
13 56 7
12 41 37
26 37 8
45 54 29
15 44 3
54 25 10
42 12 22
18 18 32
4 30 32
51 59 6
46 33 37
5 63 27
11 37 23
33 21 9
32 24 25
2 7 5
30 3 11
34 18 38
3 15 5
31 35 22
31 13 35
42 53 22
46 61 26
23 60 13
26 47 16
41 38 26
24 20 20
26 8 8
38 13 31
45 53 12
31 62 23
14 14 35
31 14 35
7 32 2
36 45 23
1 23 2
20 41 19
16 63 12
16 16 17
13 11 35
2 15 19
44 17 29
26 18 38
37 22 13
34 31 24
48 54 22
15 56 36
31 60 20
26 51 12
38 18 15
48 15 29
40 58 2
22 63 33
10 7 37
47 45 13
32 2 39
12 21 29
14 30 14
52 55 25
23 48 30
9 62 33
54 16 8
33 34 13
5 43 28
42 28 17
33 51 13
28 5 27
43 48 12
29 37 39
34 17 13
21 29 1
35 33 40
19 35 16
30 12 25
26 28 27
29 55 38
45 40 3
41 21 36
36 39 20
10 23 20
29 22 37
54 10 17
54 52 27
8 45 26
43 62 29
16 27 38
39 55 27
21 28 18
17 32 37
39 8 5
5 61 10
17 36 32
45 34 28
53 31 25
10 47 8
38 20 14
25 41 1
40 14 27
45 21 10
8 32 32
47 29 26
3 34 16
31 5 39
13 46 15
32 16 22
27 62 10
5 13 13
51 39 7
25 10 28
24 42 31
27 40 31
38 9 4
40 55 40
41 16 37
26 60 22
27 55 35
30 48 26
24 13 33
35 33 6
53 58 37
54 63 30
44 15 12
50 53 22
2 58 13
23 26 6
39 5 28
44 1 31
25 23 18
34 29 6
31 38 26
7 40 21
23 59 13
28 29 2
54 24 19
37 18 33
38 58 33
47 11 17
17 47 36
43 18 23
11 11 15
4 19 14
51 45 15
50 5 37
16 24 27
2 31 21
30 8 28
10 7 17
23 62 34
2 42 6
6 39 19
48 28 1
11 58 31
50 44 8
6 50 38
38 22 22
42 26 14
25 27 38
40 17 29
6 50 38
24 8 22
30 15 3
11 50 18
27 2 2
52 40 25
16 19 7
2 23 17
8 12 28
20 43 7
27 48 10
28 6 40
54 35 3
28 54 23
34 1 22
2 44 34
35 32 32
37 61 24
39 7 26
7 60 1
13 18 14
47 18 18
21 44 35
16 54 11
36 57 29
51 59 16
28 49 13
10 14 38
15 22 11
32 42 17
20 54 7
52 13 3
25 39 2
14 18 20
41 28 18
12 46 35
41 5 30
46 5 15
47 51 18
3 61 12
26 9 10
19 10 26
47 49 19
5 58 21
1 61 14
15 8 21
20 48 19
41 63 37
16 29 15
19 28 39
12 30 4
20 14 17
44 18 36
24 61 37
13 46 6
14 46 38
18 31 16
46 21 12
25 4 20
52 60 34
28 14 10
11 30 16
51 60 26
36 19 25
7 16 11
51 20 30
25 23 14
21 45 37
50 42 3
9 32 8
43 49 6
26 50 39
15 17 29
41 19 28
35 17 24
31 40 29
20 51 34
16 23 10
47 51 4
50 14 35
4 18 38
12 12 31
50 24 23
32 43 26
7 11 4
13 39 17
27 61 3
26 33 25
47 17 25
7 5 24
25 41 23
20 9 11
20 45 8
2 63 22
2 48 33
39 56 1
26 11 11
12 18 1
5 1 19
25 60 9
43 14 28
16 4 4
9 63 39
44 3 33
4 13 23
13 30 40
6 52 4
10 26 2
7 4 11
36 46 23
12 30 24
7 26 19
33 19 8
19 42 3
27 21 32
2 31 2
46 3 24
43 1 3
32 40 28
41 2 19
30 14 21
40 2 23
16 45 29
4 44 23
45 62 37
30 29 29
26 6 32
8 7 22
24 22 39
47 46 17
11 19 18
22 25 5
53 1 4
25 12 36
13 40 36
29 16 35
45 11 38
36 8 24
45 63 31
19 56 14
43 6 7
31 27 1
42 56 3
38 38 20
6 5 34
10 5 27
20 16 15
42 39 37
26 1 3
16 9 6
36 61 18
40 61 7
47 56 4
44 20 19
4 43 8
36 27 20
16 55 28
39 56 1
14 52 25
41 7 4
20 8 30
25 63 16
23 28 30
44 47 26
49 52 29
37 12 8
28 48 13
5 10 1
22 14 32
15 60 22
32 10 6
20 62 16
6 41 32
28 6 5
42 47 15
13 40 10
42 4 11
39 16 34
15 38 9
31 37 17
15 32 31
5 26 26
20 23 39
28 30 40
42 14 29
12 62 31
40 34 21
50 41 17
12 35 21
47 12 17
51 21 30
16 24 12
50 30 30
19 39 14
51 42 16
29 52 2
19 51 9
45 14 19
52 14 12
15 2 24
24 52 37
44 6 23
24 22 14
24 3 19
23 2 7
36 31 27
28 38 12
10 4 15
18 24 23
10 40 20
23 36 5
17 25 21
13 42 24
23 12 34
30 54 39
36 63 32
5 54 38
25 58 19
47 30 35
26 53 23
52 18 40
40 33 38
19 23 36
31 26 7
23 30 23
46 5 8
53 6 14
30 3 12
5 38 37
2 21 15
24 43 11
38 2 8
21 36 16
6 44 3
13 36 38
45 13 17
6 28 15
34 33 17
32 9 40
32 35 3
2 61 31
44 46 16
31 48 23
23 38 9
19 14 2
23 37 14
30 53 22
19 25 26
12 25 26
49 63 29
37 44 26
34 42 28
45 30 6
39 50 33
27 62 6
2 41 28
15 3 2
35 51 19
38 58 35
11 19 5
42 45 27
11 56 12
28 61 36
37 63 28
44 16 16
47 48 17
10 20 15
21 61 31
15 52 10
13 22 39
26 54 29
25 21 18
38 59 12
52 44 30
28 54 29
38 57 7
11 25 31
17 25 14
24 62 25
41 12 14
5 8 9
4 34 28
20 39 16
22 15 32
25 62 30
26 33 4
43 54 3
25 34 37
45 52 17
31 24 12
13 56 7
29 60 40
6 10 33
52 14 11
22 41 40
14 23 22
1 9 38
34 5 17
39 14 17
9 9 11
41 40 4
49 55 1
20 60 24
47 62 2
9 6 33
21 9 1
44 47 35
20 44 15
40 10 7
47 25 1
35 27 26
46 17 14
17 58 5
16 58 29
25 7 39
52 34 9
25 46 28
37 58 16
22 47 17
54 2 5
17 33 29
26 63 39
3 53 19
54 11 27
13 18 19
40 27 3
15 55 7
28 22 14
46 31 8
54 36 1
41 4 33
29 56 21
19 10 34
47 25 27
6 31 36
44 27 29
45 54 3
47 19 40
42 50 37
16 3 7
14 51 9
13 54 12
49 20 25
15 37 3
36 24 33
38 34 29
43 13 36
6 16 2
11 28 33
5 11 39
1 21 32
21 11 12
4 18 11
28 14 25
31 49 3
15 30 29
26 60 4
6 38 20
37 24 6
10 30 24
37 22 35
18 56 17
2 4 19
15 8 38
16 56 17
51 40 3
35 47 14
52 19 32
36 18 12
1 19 5
32 23 9
32 54 23
42 39 29
47 18 30
16 26 13
28 25 6
44 16 28
10 57 27
22 56 37
14 44 26
51 51 28
45 1 36
37 10 32
26 62 37
8 26 30
29 58 5
48 59 36
29 34 18
10 56 7
24 11 1
18 58 32
20 15 32
49 37 36
14 4 8
38 18 22
7 8 2
51 14 7
25 53 16
26 53 37
41 22 17
12 29 21
20 53 1
45 43 26
18 21 29
29 56 28
38 26 37
34 2 28
20 28 9
9 6 16
52 8 27
45 15 2
20 6 18
8 42 1
50 36 30
4 58 8
53 42 39
53 27 4
44 35 11
1 16 5
43 14 1
49 19 14
38 34 24
2 48 6
39 6 27
17 9 11
49 41 38
17 27 4
23 26 30
45 24 37
20 18 40
28 44 28
49 18 5
3 4 20
37 61 13
13 51 39
32 40 29
40 14 37
41 31 28
3 24 28
32 40 32
8 8 18
5 34 37
36 51 22
24 1 5
10 42 38
7 28 8
46 2 25
24 59 40
24 10 1
54 37 12
4 62 7
30 60 38
43 48 24
31 58 29
1 37 32
34 39 32
2 36 17
3 1 34
52 47 30
9 52 8
43 39 35
39 59 28
7 8 37
48 49 29
21 17 21
28 15 28
28 62 11
42 48 22
36 59 39
43 50 5
54 54 7
48 56 17
35 27 38
24 40 6
16 11 15
54 10 31
4 2 32
54 61 8
20 19 6
28 46 32
3 21 22
15 16 19
53 45 34
40 10 22
17 20 32
47 34 37
19 30 17
48 2 12
33 55 19
36 50 33
31 23 27
8 59 28
31 41 1
18 25 26
22 13 24
49 46 15
53 47 34
4 4 9
37 8 38
7 51 17
52 58 9
16 21 9
7 52 7
4 9 5
33 24 29
43 12 11
51 52 33
53 24 25
31 41 7
3 52 8
34 63 22
26 5 3
30 12 38
49 31 1
13 28 34
43 11 1
6 56 20
4 62 5
41 20 30
22 54 2
12 27 40
36 48 29
37 45 38
26 41 34
20 23 31
36 8 40
41 61 40
52 51 1
12 3 40
17 17 38
28 43 27
24 23 11
3 33 15
38 58 16
49 36 14
25 47 5
7 16 23
12 45 8
48 20 14
45 54 33
37 22 38
27 54 29
21 7 17
50 14 14
33 32 30
46 15 18
53 3 17
11 16 19
12 56 38
14 52 29
28 21 23
22 57 32
18 23 35
52 53 33
16 14 1
14 3 3
54 44 27
3 56 10
37 15 29
14 15 36
29 15 27
11 60 23
8 40 30
12 11 19
7 57 2
53 24 29
2 31 28
36 1 25
28 8 32
41 6 40
6 32 31
45 37 20
3 32 37
47 9 1
37 55 32
43 4 14
46 52 10
39 53 32
23 60 11
1 55 14
20 3 14
6 34 19
42 60 4
30 31 33
27 2 24
37 24 24
53 26 18
32 33 11
54 55 24
3 25 20
47 52 29
43 46 21
4 43 23
19 41 30
10 51 25
45 5 37
53 29 27
11 5 32
25 35 23
22 8 5
44 5 5
15 34 10
48 20 26
38 14 3
52 51 14
12 18 11
22 31 36
35 49 12
5 53 39
4 49 20
17 1 35
45 19 1
44 40 15
22 36 2
54 53 25
38 56 26
22 52 24
39 45 26
16 2 35
42 9 33
8 52 1
11 20 11
25 54 31
17 56 24
26 9 34
44 38 4
43 27 33
7 13 11
25 39 26
35 42 27
20 60 35
43 8 31
25 35 26
33 44 28
1 29 34
23 58 36
20 22 4
14 2 29
18 14 11
7 45 34
47 16 27
40 46 8
47 49 31
49 22 30
6 46 39
28 49 15
40 16 12
31 63 9
14 10 38
26 56 2
28 37 14
42 19 29
10 55 28
47 24 9
34 31 6
16 39 26
5 12 14
8 26 3
12 58 36
10 24 16
50 50 28
2 7 39
36 9 22
39 18 2
15 3 5
54 5 6
49 42 18
19 45 40
16 59 28
3 2 14
12 33 36
38 36 37
10 39 14
33 43 39
43 50 14
35 33 33
18 58 15
17 3 29
34 38 11
49 24 1
14 51 10
49 52 33
20 2 34
50 33 4
41 44 13
24 60 21
17 46 20
25 62 14
17 43 22
44 52 22
27 56 33
17 50 11
53 43 24
50 58 22
28 61 12
30 46 26
31 61 24
34 48 18
11 57 38
33 58 9
20 38 33
38 61 19
15 47 35
40 47 1
29 37 28
31 30 31
36 22 33
7 15 34
26 7 15
13 10 26
31 19 1
36 26 31
26 26 38
38 29 24
19 52 38
52 38 33
39 29 31
41 39 40
23 37 4
19 10 22
16 44 21
35 60 38
20 34 22
21 62 35
37 48 1
27 44 1
11 10 22
3 13 30
38 55 8
35 15 3
30 8 22
29 58 23
39 34 6
24 53 39
45 44 8
35 3 24
6 27 26
37 31 5
26 24 13
8 26 21
6 46 32
41 59 15
16 53 40
39 48 7
50 15 24
50 26 29
54 5 34
7 62 25
30 18 15
44 10 40
52 31 4
8 48 16
39 38 2
44 31 24
31 5 30
20 61 22
35 60 29
32 52 35
18 2 28
34 15 13
36 49 5
11 41 24
31 2 33
36 8 28
6 63 3
52 34 16
14 51 30
24 32 40
22 43 11
35 43 40
29 40 16
13 16 17
19 3 14
46 38 16
4 4 18
32 7 37
47 15 25
37 43 21
33 9 30
41 23 4
3 61 22
31 48 11
39 58 16
48 21 23
53 24 10
40 25 11
10 41 2
1 42 16
39 46 34
46 34 23
5 25 24
36 26 34
5 55 2
47 9 23
11 15 24
43 15 32
10 47 6
47 40 24
11 22 21
27 39 10
45 11 36
27 46 6
23 5 29
10 21 7
51 49 25
49 28 12
38 52 18
28 6 1
20 19 12
10 46 25
5 13 8
49 37 12
23 53 21
15 30 40
53 19 15
40 8 1
31 16 10
31 46 37
25 15 7
2 39 8
36 21 27
12 10 4
50 52 9
18 61 11
26 25 21
15 34 30
8 35 6
15 47 27
9 32 17
31 34 21
48 58 14
26 41 13
46 15 19
32 36 14
27 40 1
35 55 35
38 1 13
50 44 35
40 47 16
41 34 15
8 53 32
53 47 37
10 26 36
20 45 15
19 1 22
40 53 13
36 6 6
40 9 27
40 30 10
35 46 35
37 8 25
14 55 11
14 15 21
41 36 25
22 2 29
22 40 5
29 54 40
2 19 16
38 46 17
34 40 3
36 56 5
15 46 7
52 14 20
38 24 30
11 6 7
42 7 8
19 63 12
1 20 27
10 21 33
40 40 19
2 22 19
11 55 21
33 32 28
27 13 19
40 63 33
48 26 22
34 51 6
8 58 38
31 18 37
31 22 30
16 30 24
23 13 1
25 17 19
10 12 33
33 58 30
27 4 23
17 42 23
29 48 39
51 19 27
45 40 36
40 9 34
22 27 11
43 23 29
16 22 37
15 7 33
29 57 9
19 43 12
46 11 4
36 57 8
34 7 30
35 7 37
36 62 22
22 21 25
6 56 29
13 15 27
43 42 28
27 52 11
33 36 12
43 27 31
45 26 2
50 56 30
39 17 38
45 12 22
25 4 20
8 16 17
45 30 19
32 56 15
43 13 28
2 10 5
35 37 4
17 9 35
46 58 25
3 3 3
16 23 32
27 36 3
32 3 1
8 51 1
11 54 23
17 36 13
12 48 12
18 30 30
9 48 13
5 17 37
24 35 23
39 14 21
14 43 8
2 35 15
31 47 40
47 7 23
43 12 33
5 56 23
31 11 17
13 63 15
48 48 3
2 39 28
44 16 14
27 12 3
38 28 40
40 54 22
40 16 25
9 63 11
35 53 13
19 57 26
21 23 7
42 54 9
22 59 28
10 60 36
32 1 18
42 31 6
39 47 4
33 12 14
52 33 18
44 60 15
15 11 8
43 63 33
12 6 2
1 5 40
7 54 31
26 7 28
24 32 17
10 24 28
44 29 30
43 15 19
50 52 38
17 48 16
29 58 1
18 45 10
31 50 29
40 9 26
4 34 12
13 21 19
51 33 24
22 10 18
17 38 15
15 32 21
41 62 23
11 50 8
49 40 28
29 33 19
10 22 35
47 61 18
14 43 40
32 18 25
50 28 11
35 37 39
27 9 10
50 1 35
54 30 36
6 45 27
34 62 22
28 25 4
25 56 28
54 46 14
20 9 4
29 59 24
53 50 6
29 56 27
45 34 30
45 29 2
38 11 5
38 38 24
30 9 29
10 19 26
23 16 16
31 53 36
31 24 3
31 38 23
23 40 40
47 45 12
46 56 34
34 56 25
4 36 37
37 45 15
27 11 5
46 41 21
11 56 18
16 50 16
24 13 17
23 54 15
12 2 2
15 57 29
42 20 4
48 54 11
47 37 18
44 19 8
49 11 18
11 39 31
11 27 7
27 17 1
40 27 27
21 12 7
9 57 39
18 17 36
44 61 24
10 18 8
53 33 23
7 20 1
44 28 8
48 14 28
22 37 27
38 13 7
17 24 14
18 41 36
17 29 31
5 14 33
28 23 35
4 5 23
48 48 34
17 38 8
7 45 33
12 34 26
32 11 13
14 2 2
44 48 23
38 8 11
5 3 29
50 2 16
21 36 14
40 60 16
34 30 36
41 51 6
20 23 12
52 14 29
6 26 18
18 10 8
37 49 37
5 32 20
29 36 36
36 17 11
38 23 11
15 44 10
48 2 37
36 2 35
34 30 26
44 56 2
2 11 37
2 25 31
37 24 23
54 37 34
52 2 36
32 20 22
40 4 6
35 26 16
13 21 16
25 57 23
27 5 19
17 35 16
3 47 29
33 37 11
13 31 8
28 56 20
16 49 17
45 39 30
38 1 4
19 42 27
35 8 19
9 54 16
20 17 18
6 29 3
1 18 6
45 9 40
1 58 35
33 55 29
7 7 24
24 40 13
5 62 29
26 63 29
32 30 6
14 24 40
52 61 33
36 57 23
28 25 17
54 27 15
22 18 9
3 18 4
4 3 11
30 51 36
37 21 9
14 1 36
36 47 35
27 43 18
31 41 39
41 3 4
49 14 24
35 25 37
18 13 23
54 33 8
28 50 5
15 5 24
1 18 36
52 40 35
9 60 38
23 57 28
47 11 35
12 25 37
33 1 27
27 2 35
42 10 27
53 49 19
43 25 34
11 37 7
23 29 14
50 10 1
11 21 16
8 51 36
26 57 2
40 52 34
17 23 35
4 53 3
8 39 15
38 56 18
30 31 36
12 27 40
35 57 24
9 29 33
43 56 1
51 4 37
37 32 23
8 3 9
11 9 6
30 26 2
28 15 21
32 32 20
51 17 4
41 59 24
10 46 11
53 30 7
23 27 5
19 60 9
30 60 21
37 43 36
26 61 25
9 58 3
48 53 35
14 56 25
53 17 11
31 7 10
47 56 33
8 10 18
23 27 31
28 32 33
32 63 34
53 27 7
8 51 22
17 16 1
34 9 11
6 28 24
1 36 5
10 41 38
17 60 2
10 20 40
18 44 30
52 32 21
25 48 32
44 53 36
48 38 3
17 20 7
17 27 1
19 46 39
47 12 3
6 10 21
31 28 17
10 28 6
16 24 37
40 20 6
6 12 18
35 11 11
54 7 11
54 28 18
38 2 15
14 47 23
14 28 16
30 35 32
1 46 18
18 10 32
48 16 8
19 43 13
24 23 12
34 52 39
43 25 27
29 26 18
33 5 30
17 7 10
8 56 29
34 11 33
26 45 22
21 4 14
49 30 23
31 13 14
1 4 12
50 24 27
21 11 5
10 6 32
37 42 31
7 55 25
41 15 7
28 31 14
45 20 36
54 13 3
45 55 12
52 18 25
14 31 30
12 32 13
16 46 12
27 62 5
13 47 27
5 51 7
41 38 33
21 46 22
8 6 38
3 24 9
14 53 15
13 19 16
35 13 18
27 59 14
22 23 26
51 6 30
42 14 4
18 11 20
14 23 26
6 36 23
35 38 29
6 38 25
38 31 2
21 44 22
24 33 39
24 55 37
29 8 2
54 61 6
22 43 19
29 60 1
51 49 23
31 44 15
4 36 8
16 13 40
19 9 32
3 30 18
40 20 35
51 15 30
4 40 17
29 20 11
16 61 26
38 31 2
13 54 28
5 31 1
13 59 11
22 27 32
24 42 24
4 34 37
47 17 33
27 40 33
41 43 33
1 10 15
31 24 11
53 16 20
12 56 23
8 34 25
5 6 6
30 50 3
53 30 38
41 21 30
29 31 40
31 8 14
19 24 5
39 42 23
22 48 9
4 5 6
20 44 32
18 55 34
38 3 13
26 45 27
23 14 11
50 63 27
35 38 22
42 7 17
32 21 8
16 23 29
23 61 8
54 60 2
27 2 32
36 27 16
35 16 1
14 40 10
16 1 27
27 41 38
46 52 3
32 44 29
32 26 23
4 9 16
52 4 13
3 62 40
52 39 35
48 50 32
12 10 39
31 25 26
33 7 1
18 55 9
47 9 1
40 41 34
32 29 35
5 5 10
17 5 40
4 32 39
2 35 38
45 60 7
12 44 2
39 61 25
26 54 31
29 37 9
53 3 5
3 24 13
14 29 33
44 39 39
36 62 28
32 39 3
29 42 17
38 11 16
11 9 23
21 1 17
37 19 18
38 42 5
1 32 25
31 40 7
50 5 12
38 53 38
2 56 4
17 57 26
3 58 4
50 31 28
16 48 6
50 60 5
48 41 27
9 6 4
20 32 9
46 40 34
12 47 1
3 15 19
24 28 37
31 59 24
7 34 17
11 35 39
23 21 32
2 16 2
38 11 33
12 30 8
32 50 3
22 1 5
49 24 37
47 60 27
10 34 39
46 27 15
38 13 27
27 44 21
40 55 39
41 47 26
4 10 27
34 25 4
33 40 2
28 58 3
7 24 38
30 32 7
53 41 12
23 53 35
18 4 15
17 23 2
2 13 29
9 56 19
8 35 26
31 16 33
35 6 17
43 49 21
38 21 3
2 61 33
53 53 9
15 5 10
14 5 5
40 40 11
8 3 38
2 16 2
49 25 39
40 17 9
33 29 37
27 55 15
30 32 30
11 23 31
13 13 32
45 35 9
5 48 30
20 60 23
24 12 14
27 52 28
10 49 4
41 63 13
53 42 21
30 39 32
7 41 29
6 21 10
51 39 1
54 7 36
48 28 29
26 30 22
40 55 30
8 3 28
27 24 30
47 48 39
5 17 14
18 59 12
52 47 1
54 5 22
52 49 20
2 61 4
24 41 29
3 44 27
13 16 17
2 62 29
28 7 13
15 47 21
28 41 10
52 3 37
41 29 18
21 10 26
44 40 30
11 24 28
25 43 15
1 56 9
46 60 28
21 56 25
35 30 37
13 20 21
26 9 37
49 48 7
35 59 35
4 28 31
13 4 31
53 20 23
21 48 3
38 17 1
52 62 31
35 22 35
12 26 33
23 26 39
52 38 14
13 37 39
39 19 14
30 34 31
40 57 39
45 13 5
6 15 19
38 26 14
8 13 16
15 44 28
9 52 37
30 38 19
4 59 24
27 8 15
11 38 26
14 56 26
29 28 38
31 49 31
46 49 5
51 31 6
20 29 10
53 41 34
15 1 16
15 1 18
25 21 37
40 38 2
24 27 30
53 34 23
26 20 1
21 21 12
27 25 8
23 27 38
47 59 29
1 60 39
4 33 4
53 32 28
45 15 2
34 15 27
14 39 19
1 20 15
3 44 36
50 43 15
46 62 30
5 47 36
9 58 24
35 8 37
6 3 32
39 34 17
26 40 31
5 12 2
46 23 39
47 22 21
25 20 40
17 61 25
6 2 19
17 49 22
53 30 22
31 61 9
46 22 27
13 3 26
18 3 31
32 47 38
24 42 31
47 55 15
53 25 3
45 28 15
19 29 18
28 43 16
42 10 28
22 40 5
33 62 21
32 59 5
33 2 31
19 3 36
26 26 23
39 17 38
18 20 33
5 61 23
7 43 34
4 51 4
4 42 1
31 31 24
43 17 18
49 9 15
44 27 23
21 40 11
46 45 26
30 55 27
20 9 5
23 40 40
8 4 35
41 35 34
17 16 22
31 58 40
15 42 33
40 32 1
11 31 32
2 11 3
16 31 24
21 47 18
54 18 23
36 47 21
16 39 1
5 35 27
3 41 20
2 22 31
30 4 30
5 35 10
7 15 38
21 57 38
18 50 16
35 39 2
17 41 14
32 24 12
51 40 36
29 52 5
1 48 13
4 46 33
51 27 26
37 59 32
5 1 7
11 60 14
32 17 3
40 14 14
3 15 21
28 28 19
14 32 17
10 27 2
18 34 9
47 28 21
16 49 9
39 25 40
7 48 39
46 56 40
39 21 31
20 60 3
54 21 15
12 30 30
27 41 21
28 26 36
38 50 27
31 26 30
9 4 13
8 52 18
37 10 34
23 1 10
5 52 20
17 2 16
37 60 15
28 24 39
3 45 15
9 20 5
47 13 5
15 3 24
46 51 12
32 4 13
44 56 27
21 21 16
31 13 31
34 36 34
31 53 37
44 36 36
22 63 16
35 5 37
1 23 13
54 44 32
40 40 30
18 12 35
16 9 39
3 40 33
51 13 7
46 12 16
12 63 23
33 52 22
46 36 31
21 26 36
17 6 39
46 23 19
5 51 31
29 30 39
20 62 27
36 44 33
45 7 3
41 38 22
54 50 21
10 21 38
49 55 32
22 33 31
35 7 3
3 17 16
22 24 29
17 34 5
19 9 9
4 54 15
30 20 31
36 57 15
19 52 35
40 53 23
2 7 37
18 50 6
7 43 6
51 45 17
14 58 26
37 58 4
38 56 37
5 25 34
5 57 8
24 55 2
22 44 24
24 52 1
43 50 17
20 32 33
28 13 10
34 5 29
50 13 37
28 19 3
8 49 19
34 37 18
12 27 5
46 25 8
41 45 23
36 20 13
15 2 22
53 40 7
16 19 37
20 51 36
53 43 6
18 58 19
14 26 24
24 55 37
42 7 13
37 1 19
21 38 39
11 56 36
21 13 10
41 59 22
53 62 4
21 25 25
6 46 1
52 55 19
46 57 18
47 11 9
4 6 20
49 58 19
48 33 31
35 51 21
12 51 29
48 54 20
17 8 15
37 1 35
11 58 24
10 60 37
9 20 25
17 40 13
32 42 4
44 10 20
30 10 14
1 43 3
4 23 4
1 27 13
11 48 14
39 28 12
26 39 22
18 35 17
13 18 5
42 19 7
46 3 31
36 36 17
49 55 37
42 45 33
40 34 4
38 14 2
11 52 31
34 38 8
16 21 25
45 3 24
1 54 15
5 47 39
23 42 37
8 57 23
54 11 32
14 50 12
45 15 1
30 24 19
26 44 15
46 43 3
27 43 1
35 58 24
18 52 26
10 13 9
16 40 40
5 55 8
14 62 10
4 41 36
11 32 9
1 20 7
51 57 17
28 18 30
3 32 28
40 13 20
51 9 18
53 27 7
50 31 31
25 63 8
39 38 8
51 6 25
44 45 28
3 5 38
5 51 26
45 24 15
42 6 36
2 44 5
42 15 32
48 43 20
33 52 20
31 20 10
8 17 4
4 32 10
51 58 16
26 8 2
33 63 8
22 37 36
20 52 8
15 39 40
26 61 20
43 47 6
47 54 2
23 38 15
53 41 30
18 33 36
48 36 30
18 34 40
45 31 40
51 59 17
24 51 1
4 61 27
49 28 35
48 8 30
47 47 27
41 41 12
52 45 2
40 11 23
2 7 15
32 55 24
49 29 12
34 62 35
37 16 22
5 55 16
39 58 27
6 21 10
54 32 21
5 21 32
14 46 21
23 47 16
46 35 23
13 15 1
35 1 3
18 60 3
50 41 30
44 25 11
21 11 39
53 48 8
22 16 28
5 4 2
35 12 12
48 1 29
45 8 39
44 20 23
4 61 34
47 29 29
40 4 28
33 42 38
29 49 9
30 63 3
44 42 9
23 27 36
17 60 32
18 47 19
18 51 27
16 40 38
32 59 22
1 26 9
25 3 38
6 49 32
15 18 5
12 52 31
43 17 4
27 63 37
7 38 6
27 48 11
16 46 24
37 2 3
19 23 18
43 29 3
54 56 15
41 54 20
53 43 2
24 26 2
31 17 19
51 31 15
14 42 30
12 21 2
2 37 15
12 24 10
13 35 5
51 61 21
5 14 20
54 63 11
48 10 13
4 11 18
33 31 34
53 11 16
39 24 35
36 9 14
33 54 33
7 58 30
17 25 37
13 62 39
44 62 38
29 30 38
7 33 13
20 14 34
21 54 39
47 63 26
2 23 18
45 62 36
33 43 36
4 38 2
28 29 25
14 32 11
31 14 3
28 27 21
22 51 26
10 48 16
20 58 20
54 44 17
48 41 28
44 30 13
48 34 24
17 15 26
46 29 25
53 23 19
12 10 21
4 38 5
50 31 28
49 23 8
23 39 17
13 16 9
24 38 27
54 18 6
10 18 26
6 35 17
6 14 15
6 37 31
33 17 7
44 7 15
37 49 4
10 54 8
15 34 12
48 54 14
40 17 40
38 17 8
48 22 10
29 59 3
42 27 6
54 15 25
8 60 28
54 49 30
40 46 21
49 28 24
21 42 33
46 41 4
31 2 27
4 11 29
43 4 30
27 33 21
6 39 30
50 62 25
42 16 40
36 21 38
13 1 31
46 5 17
26 36 22
49 40 15
24 22 6
11 21 16
53 13 28
2 51 9
53 9 15
36 21 2
54 11 11
38 32 30
51 32 2
51 33 36
34 56 32
14 24 23
29 41 35
21 35 1
38 47 30
14 56 36
44 40 2
31 56 18
7 17 5
36 34 24
25 63 13
32 26 35
9 29 22
12 7 40
54 4 10
47 53 25
2 62 34
45 6 17
1 10 7
1 25 26
10 37 25
25 4 28
22 38 31
49 14 13
53 57 18
53 51 9
34 46 17
30 12 33
38 24 6
15 41 36
24 49 4
6 21 17
9 40 22
41 39 14
42 15 3
7 58 35
39 43 29
16 24 18
23 60 26
48 42 9
30 13 3
43 15 5
9 48 9
23 23 18
10 35 27
28 35 22
50 32 38
41 45 26
52 44 22
23 23 27
20 16 34
47 47 27
41 13 10
9 54 7
17 53 2
50 44 15
37 45 19
50 57 39
8 30 12
40 52 4
33 39 9
28 30 37
7 57 19
46 52 22
33 61 11
42 10 37
30 27 18
4 25 7
39 51 28
42 10 32
54 41 20
50 32 12
42 14 6
48 37 29
9 39 6
45 24 18
31 48 15
28 43 9
54 28 22
30 48 6
37 35 24
1 42 14
50 35 4
28 7 29
45 23 26
39 40 5
53 24 5
21 39 39
11 36 31
22 11 29
3 17 22
8 35 39
38 53 13
42 39 26
12 63 25
6 4 39
27 2 35
44 37 29
21 59 15
15 29 29
3 34 24
30 8 13
10 2 38
21 20 40
30 3 7
10 42 10
18 41 12
25 54 5
3 6 27
6 50 10
27 61 12
36 5 8
8 52 8
34 19 4
26 3 16
28 13 38
36 22 7
38 53 40
24 37 16
53 6 26
17 38 19
33 14 12
8 26 19
10 9 17
33 34 19
9 42 6
10 57 14
4 23 27
42 16 35
25 14 37
44 18 11
17 57 15
46 28 9
48 7 23
4 1 40
19 46 31
33 44 6
30 51 36
1 52 4
28 26 6
47 54 28
46 58 40
26 52 36
22 31 21
31 63 12
43 38 1
6 28 21
51 58 20
50 22 7
24 12 17
43 49 31
24 41 33
17 4 7
11 56 23
6 24 15
40 43 3
31 6 3
17 55 22
4 53 9
26 42 19
50 3 1
52 3 33
22 23 7
6 60 19
31 30 25
54 55 3
47 32 9
20 50 24
8 60 7
53 50 15
12 23 6
16 21 33
20 41 14
20 6 23
31 40 20
3 47 32
18 8 40
39 32 25
48 16 22
40 9 18
37 10 33
10 21 17
27 11 37
14 43 39
11 30 23
20 3 5
19 51 6
10 36 5
41 20 1
14 14 1
54 15 14
6 17 40
26 47 12
7 56 4
47 13 29
39 41 31
23 18 27
39 31 39
32 13 26
46 7 27
28 14 31
6 23 4
3 23 15
47 16 32
52 31 10
48 3 13
14 31 7
45 46 3
3 29 37
41 20 30
25 20 27
8 46 17
32 11 18
21 54 35
39 23 5
32 3 32
54 6 13
2 45 3
8 44 5
41 56 24
48 20 17
31 43 4
44 62 14
29 55 27
40 59 1
15 52 25
21 6 10
29 28 14
20 55 40
29 55 12
14 29 9
28 4 14
19 32 12
17 58 27
25 41 19
4 5 32
16 17 34
2 6 36
5 40 16
22 13 22
50 14 9
6 50 1
17 26 30
30 46 2
22 45 37
21 33 11
3 51 3
26 1 33
26 35 10
24 28 9
46 62 5
11 60 29
49 31 7
52 45 12
12 46 26
8 44 8
36 51 17
39 54 16
24 50 7
39 9 38
8 29 39
45 41 8
3 36 9
17 20 14
43 47 30
34 36 28
11 58 30
38 13 33
36 32 33
48 18 10
25 36 4
24 34 24
13 50 23
44 26 13
43 13 16
31 59 40
37 30 19
12 36 26
26 46 3
15 24 10
2 45 21
46 57 18
36 14 33
29 5 31
6 57 7
38 1 28
52 39 34
