65 10 2629 10152
3448 4057 29 468 554 1363 787 785 2050 2366 
3314 2158 3143 2432 649 1347 2358 13 153 1749 
1207 2109 3417 609 673 2477 1347 1299 2773 1713 
4377 1773 185 2135 908 3805 3707 4587 3582 2461 
2507 1247 3301 4172 2936 4073 3473 2642 2458 3053 
4334 4520 3873 92 801 4447 1297 1625 2442 1502 
3122 2084 1230 1145 889 2341 709 2287 3093 1787 
2855 2770 1340 3178 420 4628 3050 3472 3968 104 
1359 533 2865 126 2779 4452 3374 259 1824 1241 
3003 2246 347 1225 2002 3723 4445 4023 3968 3858 
983 4746 1101 4651 3564 3090 4199 612 1411 514 
3301 4321 4650 4108 3291 2059 3415 1120 4467 4390 
1344 4767 415 2679 3810 2008 4699 1708 988 1226 
4460 3783 2343 328 4339 2788 3544 4533 2786 2100 
1675 2800 1094 3736 1764 3327 3294 4163 4186 3598 
688 284 3093 1482 1147 4353 1824 2733 794 688 
1504 844 2008 2872 484 4304 2322 774 193 1374 
4575 3943 4081 3831 453 4156 1091 3998 3220 4374 
2273 4492 2145 349 870 2728 4174 3420 2125 430 
458 951 45 2797 916 2429 3130 3708 3876 85 
3603 4836 2638 3174 2434 1619 4406 893 2609 4076 
223 286 722 1781 4698 1253 974 947 338 3651 
62 276 221 4544 880 1028 4733 434 924 3312 
4865 84 3697 3152 4102 2840 1908 3819 3775 1120 
1145 173 3241 638 2052 1808 2636 4140 1271 3454 
2319 1284 1917 1746 847 3940 2763 427 2435 3638 
850 4733 1476 4154 3807 842 1931 2362 3778 4693 
573 3358 655 199 192 3729 3098 3896 2575 1772 
883 3731 2346 493 448 682 1948 1336 4032 687 
4837 1698 2080 1459 4736 2554 1573 425 1848 3816 
1175 2488 3217 2691 337 2920 4797 1556 866 886 
4286 1195 1302 2942 4622 683 654 2392 2713 4683 
4027 974 3827 1319 2452 4502 2349 592 474 50 
1475 4740 569 3353 3382 2094 1562 3250 1728 4781 
4524 505 2346 3534 3832 3281 179 4610 2674 1670 
3864 428 839 927 1430 2839 1268 677 159 3938 
2981 2149 101 1970 368 1966 3060 505 1333 3663 
780 316 4512 3857 3714 4609 3353 2540 1758 3230 
599 3247 1043 990 80 2887 887 2526 3316 307 
1138 247 31 3719 4768 1598 158 2599 3666 1701 
1669 2328 4070 3242 1682 4739 2429 1676 2910 4599 
1512 963 2117 4256 3913 358 378 642 3870 1007 
4524 2845 300 819 930 2530 3296 749 1349 2200 
1246 4814 615 2073 3859 2144 3354 4878 4539 1397 
131 1751 3434 2995 385 2437 2593 4417 4602 3707 
4015 3116 3328 2936 440 176 785 4558 2218 4898 
4164 4103 2531 966 4072 973 1199 3678 1008 1002 
352 4530 4261 2342 3114 3794 1016 652 3916 3692 
2904 4022 1285 4277 3480 2588 4598 565 3051 3237 
2248 2294 938 3563 3003 531 4562 3763 1307 4857 
3094 2528 1610 1647 535 839 3015 1358 1301 2837 
312 1226 1091 2675 2852 2599 3362 79 4842 3394 
4111 4041 4375 3325 53 3914 488 2820 404 174 
364 869 468 1475 1491 4376 3961 3028 4479 2883 
51 1371 3608 2476 1224 3556 708 2407 1244 4583 
1691 1879 3578 1295 2476 2696 2090 4554 178 1291 
1428 3297 2933 3914 1655 2412 4433 4370 1637 3429 
954 2261 3763 4876 1672 1536 3036 3329 4402 4291 
1753 3027 244 4331 1122 302 1659 1639 1712 4856 
1275 4687 1607 970 1413 4468 736 4616 3289 2097 
4094 3140 1850 2899 4618 3533 4458 2888 1680 2234 
1498 1286 3976 1663 2648 4756 4324 1498 3530 1947 
571 4401 4460 597 1917 1491 807 2373 359 168 
1799 2558 4757 4409 3717 2564 3794 4236 3098 273 
1400 1411 2564 770 582 278 1786 3685 3450 540 
32 2 15
57 2 29
2 4 5
63 3 22
52 4 36
20 4 33
22 6 31
12 2 12
53 6 22
25 2 7
18 8 23
53 2 7
29 3 12
40 5 11
6 6 40
38 4 20
40 4 35
55 6 15
4 4 13
44 4 35
49 6 5
52 5 3
35 4 14
13 2 24
56 5 31
50 3 36
43 4 7
23 1 26
40 4 21
47 7 29
51 4 37
38 2 29
56 5 31
28 4 12
10 8 5
59 7 11
23 3 24
27 8 27
17 7 30
8 6 28
2 6 5
63 6 27
2 8 38
47 5 26
9 6 16
5 6 34
56 2 20
14 1 11
43 4 36
5 5 15
33 1 4
36 4 32
32 2 17
48 5 5
12 2 10
45 5 21
12 8 19
50 2 31
61 5 16
34 2 1
55 2 16
36 1 10
35 3 27
43 1 30
2 6 27
49 7 17
40 4 10
18 7 17
11 1 1
17 3 27
28 6 5
11 3 24
6 8 36
51 3 18
15 5 23
3 5 11
8 1 1
53 4 20
45 5 5
58 2 37
62 7 40
8 2 15
37 2 14
24 1 8
37 3 10
20 1 35
53 3 1
51 8 39
46 5 34
15 4 29
32 4 27
28 8 13
5 8 17
51 5 36
55 7 10
1 8 7
21 7 38
7 4 39
40 4 36
24 5 24
27 5 37
40 8 12
41 3 14
42 6 24
57 1 1
61 1 27
1 4 35
29 2 19
2 2 11
4 4 14
12 6 20
42 2 36
29 6 6
2 3 40
25 2 19
10 2 3
23 2 10
2 8 29
33 6 15
7 1 13
38 2 18
52 7 31
43 1 12
9 7 7
36 1 9
40 8 15
27 5 18
9 7 30
35 3 8
13 1 3
10 7 26
54 6 26
22 2 32
32 1 21
49 8 14
35 7 17
32 7 21
62 7 25
5 2 20
21 1 27
29 3 20
28 4 11
15 1 18
13 6 24
56 5 18
49 2 30
62 1 8
15 8 39
27 6 7
37 4 31
58 3 9
3 5 33
22 4 9
38 6 30
55 3 29
18 7 34
36 1 9
14 2 19
3 8 30
39 3 16
29 2 4
18 5 17
53 3 2
51 8 9
10 7 7
63 8 14
33 6 22
61 5 25
19 7 5
44 8 36
7 3 33
46 4 31
26 8 33
9 1 32
25 8 21
37 4 37
42 6 22
23 5 14
24 4 17
29 3 23
40 8 1
50 7 28
14 5 34
40 2 19
19 6 28
2 7 16
61 2 3
23 7 9
50 2 9
51 1 5
2 4 1
45 3 3
34 6 36
11 8 24
5 3 27
58 3 20
10 2 30
32 5 34
18 7 9
63 6 12
26 5 15
31 5 36
25 4 18
43 3 9
63 2 39
4 3 38
12 4 37
3 4 15
47 2 6
1 5 6
47 2 18
36 2 25
23 7 24
59 1 34
6 4 16
18 4 32
3 3 39
18 7 8
12 7 35
10 3 23
14 2 16
5 3 13
51 6 23
29 4 32
15 8 5
40 5 31
27 3 16
8 8 15
8 8 38
4 3 17
19 5 2
45 2 12
21 5 34
45 2 24
55 7 1
55 4 2
24 4 19
21 8 25
55 7 23
12 7 1
52 4 4
44 1 6
54 5 13
52 3 8
58 2 39
18 4 17
57 8 21
6 5 12
15 8 12
51 4 6
8 2 39
26 6 38
14 1 26
48 3 30
43 1 13
52 6 34
12 3 24
2 3 28
8 5 35
18 8 27
56 1 32
5 2 4
61 4 34
35 7 22
56 8 35
24 4 21
7 7 16
22 4 8
57 3 34
60 3 6
21 7 24
16 1 1
55 5 15
57 2 34
59 3 22
59 5 2
24 2 22
54 1 11
18 1 10
11 4 30
38 8 30
9 5 34
3 4 32
51 8 27
47 3 37
27 1 11
60 7 16
15 4 17
53 2 32
12 7 31
3 2 15
13 4 31
17 8 34
13 6 16
38 7 30
48 4 25
17 2 9
7 1 39
56 1 39
46 1 10
35 2 17
55 2 38
21 6 31
50 2 12
51 8 20
36 2 26
31 6 36
9 8 15
37 1 7
30 2 21
57 6 14
26 7 37
15 7 5
2 4 36
23 6 31
13 7 1
1 1 2
40 8 36
13 7 31
19 6 13
19 4 10
33 7 21
45 5 31
59 8 16
8 4 24
33 1 7
12 1 16
19 3 22
36 6 12
17 6 21
50 5 6
29 6 10
43 3 2
6 5 23
60 4 21
30 1 14
28 5 8
27 4 17
40 3 27
45 4 28
18 8 23
3 7 34
25 3 21
19 5 27
5 3 8
40 2 22
33 7 4
1 5 14
13 3 25
16 7 34
58 2 14
52 8 2
26 3 13
28 6 11
43 7 34
20 8 28
49 1 37
57 4 36
40 8 23
50 2 1
23 6 15
34 6 30
7 4 13
25 5 32
55 2 7
16 5 3
15 5 40
17 5 18
47 4 12
29 8 7
36 8 40
29 3 5
47 1 40
5 5 26
45 6 11
14 5 5
50 8 5
15 4 17
63 2 26
63 3 6
37 6 15
6 2 2
15 2 4
2 2 3
8 3 13
59 6 4
12 6 31
43 2 23
39 1 37
44 1 3
3 7 39
58 3 27
37 2 6
28 5 7
4 7 38
41 5 22
10 6 14
17 4 15
14 4 19
47 4 5
16 6 32
41 4 11
15 3 22
46 4 28
28 2 6
33 2 28
37 4 32
47 6 1
42 4 8
57 3 33
38 4 8
10 3 32
53 1 21
43 2 28
5 8 30
63 5 13
2 7 25
30 7 38
59 5 38
56 4 8
59 5 38
42 2 38
28 7 11
55 1 26
46 8 28
25 2 26
11 7 32
43 3 29
29 2 27
22 8 8
5 2 37
47 6 29
52 6 14
63 7 25
25 2 18
33 4 8
2 2 14
46 6 38
20 1 5
27 6 26
63 7 28
43 3 37
60 1 39
62 5 4
35 6 23
29 7 8
32 8 11
31 5 3
14 3 10
9 5 3
15 5 38
41 3 34
7 5 37
6 3 20
41 2 19
17 2 20
16 2 17
57 1 26
58 2 24
38 5 40
14 4 31
12 1 37
36 6 37
11 8 15
38 3 33
48 5 13
49 3 14
53 2 40
43 8 39
48 6 27
46 6 21
42 7 25
35 2 10
54 6 20
25 4 7
55 1 17
2 2 9
63 2 12
10 5 3
55 7 34
26 6 24
1 3 30
24 3 36
61 8 2
57 3 32
15 3 23
22 3 14
5 7 11
11 4 16
56 4 7
44 5 36
50 4 28
28 7 33
31 7 38
48 1 31
11 4 5
12 2 7
61 6 11
37 2 36
25 3 9
29 5 4
62 1 28
31 8 12
54 1 9
22 2 2
31 8 29
61 2 6
55 2 36
28 8 29
48 3 17
16 8 8
24 1 32
14 7 21
49 4 8
13 2 37
61 2 29
11 7 20
61 8 17
35 5 16
1 8 33
3 2 40
33 7 23
1 8 5
44 2 5
46 8 36
37 2 10
61 8 32
29 7 14
9 5 27
11 6 19
17 6 17
30 6 13
10 7 16
48 1 5
39 1 24
57 5 33
45 1 33
18 5 12
40 4 21
37 1 35
63 6 8
50 1 18
33 5 29
39 8 9
54 3 21
36 5 27
62 2 38
56 6 38
41 1 32
42 6 15
14 5 33
3 7 19
2 1 27
4 7 40
49 5 35
58 5 7
53 8 27
34 6 40
59 5 5
57 6 17
43 4 8
27 6 6
28 3 29
5 2 26
16 6 14
33 6 39
13 1 30
50 5 24
34 4 21
39 3 33
63 7 23
29 2 32
41 6 20
56 8 19
37 1 28
15 8 12
51 7 12
14 5 1
30 5 30
21 4 24
5 6 28
26 3 31
5 7 31
13 5 32
24 2 40
7 1 28
6 7 25
35 5 11
19 5 7
16 2 30
20 7 14
30 2 26
44 4 37
39 4 15
8 3 12
20 4 17
10 2 27
5 6 17
28 8 18
38 7 23
52 6 28
57 8 15
57 4 5
10 2 4
48 3 6
62 3 40
33 5 36
63 6 8
4 7 19
30 8 9
22 4 5
53 7 22
43 5 40
23 7 6
54 2 3
38 7 30
1 2 4
62 2 32
8 1 18
49 3 19
24 1 37
1 8 24
21 2 33
18 3 14
53 3 7
53 7 32
17 7 30
5 5 39
45 1 35
8 6 4
57 8 30
39 4 29
26 4 36
7 5 18
37 5 13
19 1 20
16 8 21
41 8 15
45 8 12
61 1 12
26 8 24
49 1 16
46 8 25
38 1 37
40 5 39
27 5 33
38 2 35
52 3 40
30 2 4
32 2 15
18 2 8
41 1 32
14 6 12
13 6 31
49 8 39
60 5 14
8 7 25
17 8 32
26 3 16
54 8 3
60 1 13
3 5 23
2 2 30
49 1 22
4 3 13
35 5 39
62 8 40
28 7 21
56 4 15
1 7 14
56 7 16
62 4 30
62 4 21
1 7 1
7 4 3
31 4 24
2 7 24
13 3 18
21 1 31
22 1 21
3 5 1
52 7 24
39 5 32
16 2 37
21 1 6
14 6 11
8 4 35
16 1 23
36 8 23
7 2 29
46 3 8
63 5 30
4 1 14
56 1 14
57 4 34
23 1 30
44 8 33
3 2 30
12 3 2
13 6 8
52 7 23
53 6 2
28 3 2
29 3 10
11 2 28
46 7 7
25 6 35
22 7 9
61 7 26
5 8 1
60 4 5
30 8 21
12 7 34
43 7 10
31 6 32
60 7 39
15 3 23
47 6 5
7 3 6
61 4 2
10 8 27
51 5 18
15 4 37
61 8 7
41 8 24
47 2 31
16 3 10
56 3 10
60 3 4
10 7 40
19 6 7
55 8 3
27 6 3
55 1 2
2 2 20
20 4 6
40 7 7
31 3 17
19 8 40
32 1 1
61 7 13
44 2 7
20 8 25
16 4 16
9 7 34
54 6 20
31 7 11
63 1 32
24 1 7
15 7 14
17 8 4
60 8 36
7 5 31
43 5 5
14 8 21
7 1 31
15 5 31
13 8 21
44 8 22
21 6 11
58 4 5
49 4 11
29 7 35
58 7 23
19 4 5
25 1 33
24 4 18
15 4 22
44 2 18
29 5 26
58 6 30
33 6 12
31 7 3
34 5 18
46 1 2
56 5 6
54 1 5
52 8 34
39 8 36
25 8 8
25 6 10
36 1 30
2 8 5
37 1 39
17 1 3
33 6 15
4 2 30
32 8 34
2 5 23
11 3 2
21 1 28
30 8 2
13 3 33
59 8 24
9 6 24
7 8 13
42 8 30
11 3 16
24 6 32
9 5 4
60 8 29
23 1 7
39 2 15
15 7 37
58 6 24
60 2 8
28 7 13
15 1 2
11 2 17
44 2 13
45 2 12
60 3 25
28 6 19
6 6 21
51 7 8
20 7 12
53 3 21
44 8 17
9 5 6
3 7 4
53 2 32
58 8 20
22 4 10
43 1 11
13 3 3
55 1 27
43 5 9
39 5 2
52 4 20
27 2 6
23 5 7
60 8 20
63 6 24
33 5 11
8 2 9
63 5 8
39 1 7
11 6 16
41 7 35
37 2 13
11 5 13
27 1 4
5 3 24
39 8 2
59 2 31
52 7 12
34 2 36
32 7 5
27 5 17
24 8 30
6 4 7
58 4 25
25 3 31
20 6 31
13 5 27
46 7 13
38 1 37
24 1 30
6 1 34
36 1 22
4 7 19
19 6 3
48 5 3
36 4 32
42 7 22
20 2 34
54 6 36
15 1 34
20 3 4
55 1 37
38 5 9
48 6 18
53 1 15
17 3 3
27 3 10
3 4 3
32 4 17
55 7 20
18 2 17
39 5 40
9 6 13
2 1 34
20 7 19
15 5 6
53 8 3
27 3 35
49 2 4
2 8 11
10 1 36
21 1 8
5 6 24
40 5 33
37 5 16
23 1 3
51 4 1
5 1 18
14 2 8
46 3 11
36 1 35
12 6 17
45 8 26
44 3 1
60 7 26
25 7 13
62 4 34
26 4 39
1 8 9
29 6 16
7 3 13
15 4 29
18 7 40
33 4 11
6 4 6
11 4 11
39 5 32
54 8 16
26 2 13
15 3 17
56 8 13
4 4 21
49 5 34
31 6 36
21 2 2
5 7 32
62 6 11
32 6 27
45 4 4
19 2 1
6 5 17
21 3 25
12 7 11
58 4 31
23 6 38
14 3 39
25 1 15
30 6 38
23 4 17
61 5 23
9 5 9
45 2 10
33 2 28
46 1 26
3 8 20
9 3 25
10 8 25
24 1 40
19 3 24
41 5 33
34 1 21
47 6 22
7 3 34
3 1 17
45 4 36
39 2 14
7 1 20
58 3 37
42 8 2
1 7 36
60 3 28
28 4 36
37 6 37
18 5 4
57 6 32
39 7 37
53 3 16
11 8 40
39 4 34
8 3 12
8 7 14
11 1 6
44 3 14
38 4 20
62 1 37
12 2 35
55 2 14
17 1 5
57 8 34
35 4 35
18 8 17
46 2 22
61 4 14
11 5 38
47 7 15
50 7 11
8 4 20
47 3 20
62 2 31
25 4 5
43 2 22
60 7 15
53 6 19
11 1 12
4 5 39
51 6 28
34 5 4
6 4 6
62 5 5
45 7 24
22 7 10
46 7 14
28 6 29
48 2 7
12 1 36
31 1 25
12 5 24
2 3 17
35 4 21
46 1 11
49 6 11
25 5 21
45 5 7
18 8 23
22 5 33
38 1 10
6 1 23
1 7 24
56 7 1
48 6 19
56 1 8
44 6 11
54 4 29
43 1 31
22 1 27
51 2 24
12 4 17
51 1 6
10 4 11
35 6 11
42 5 33
13 6 37
51 4 15
7 8 18
24 4 4
46 3 17
54 5 21
8 5 5
23 6 39
54 5 2
17 2 4
44 6 17
38 1 29
12 1 13
34 8 34
20 4 6
60 4 13
41 2 23
59 4 34
39 3 21
37 4 16
15 4 28
29 2 31
56 8 19
1 2 9
52 1 17
10 2 21
52 4 34
40 7 38
43 1 1
57 5 26
38 7 7
36 2 31
5 7 19
21 6 25
14 1 39
4 1 11
14 5 6
3 5 18
42 4 7
52 6 18
32 1 5
52 6 27
23 8 21
21 8 34
48 8 28
38 8 14
54 2 21
42 5 26
36 2 12
22 5 27
30 4 22
49 6 3
30 2 12
32 4 27
7 8 38
37 4 39
15 8 10
4 2 2
34 2 25
52 3 24
32 6 12
9 2 32
35 4 28
21 1 6
62 6 4
14 6 14
51 5 2
8 2 15
48 5 20
62 2 7
8 2 21
36 2 21
14 6 26
5 4 18
46 7 39
58 2 32
50 5 30
54 2 28
22 5 37
13 4 18
32 6 10
42 5 37
18 1 21
34 2 7
51 1 31
54 5 37
4 6 38
23 4 12
28 3 35
29 4 2
13 2 35
5 2 21
27 7 35
47 6 32
57 3 27
57 6 23
13 8 7
57 3 16
36 6 32
20 4 7
42 4 17
39 1 11
51 3 22
15 7 34
13 7 17
41 3 7
50 4 29
36 3 40
17 5 38
51 4 18
18 1 23
44 3 40
6 2 39
48 1 26
49 3 34
16 3 2
13 2 26
22 7 14
45 6 4
40 8 1
13 3 39
10 7 15
8 7 18
57 6 1
14 6 23
48 2 33
7 5 9
13 1 35
22 5 1
21 7 37
26 4 22
24 7 29
48 5 19
50 1 19
19 5 28
19 7 24
15 4 29
57 4 23
53 3 33
18 7 15
17 6 11
15 2 12
7 1 15
19 2 38
7 3 12
36 5 35
10 5 40
38 1 34
4 8 34
11 7 37
12 5 32
27 4 2
22 2 2
36 1 13
16 5 18
39 6 31
17 7 14
15 3 32
39 7 13
59 7 4
13 5 30
38 5 19
60 8 21
18 4 3
17 4 7
42 8 40
26 1 2
31 5 3
46 4 38
4 2 1
7 5 36
27 6 29
59 8 19
15 7 40
23 2 17
19 3 25
40 4 11
52 3 36
45 5 7
55 5 22
17 4 35
27 5 2
6 4 4
6 7 3
57 8 6
57 2 19
52 8 5
13 6 12
35 3 26
23 1 23
11 6 28
49 3 38
60 5 1
53 1 9
26 6 27
33 4 16
5 1 18
26 4 5
37 1 13
30 6 23
56 7 27
47 3 14
40 1 10
51 7 13
48 7 25
25 1 20
4 5 39
21 8 16
19 4 3
6 5 30
52 1 11
31 1 7
33 1 20
51 7 14
55 6 23
7 1 19
26 1 7
51 3 29
26 3 32
21 8 33
11 6 3
47 3 5
14 4 31
44 5 6
33 4 16
22 8 23
38 5 29
53 6 15
7 1 14
7 4 4
29 5 33
52 4 17
14 3 36
37 4 38
22 8 36
54 6 34
5 8 36
18 4 17
22 7 29
54 2 13
49 6 19
62 8 28
5 7 8
48 1 4
58 3 23
50 5 29
34 5 28
10 8 28
33 7 7
13 3 16
11 4 11
49 1 11
57 8 17
7 4 2
52 5 40
35 2 12
19 2 32
61 7 1
16 6 22
9 2 25
2 3 4
54 6 7
42 1 39
9 8 18
18 5 25
16 3 11
29 8 1
3 4 18
50 5 28
12 2 22
24 8 5
57 6 4
40 6 15
47 6 14
44 8 10
57 8 40
46 7 9
50 7 14
41 2 8
23 2 23
55 8 1
18 4 33
19 5 10
60 1 18
2 3 29
4 3 15
34 4 23
4 5 1
63 6 3
48 7 4
33 5 33
35 8 28
16 4 12
21 3 38
63 5 35
31 8 21
35 6 24
39 8 10
4 1 23
45 5 9
27 5 33
8 1 37
31 3 7
6 4 10
17 2 27
60 3 33
16 5 35
23 2 20
30 1 6
51 2 15
33 3 40
60 2 6
10 2 12
58 3 3
46 3 9
49 7 24
38 3 30
17 2 25
51 1 1
50 3 2
54 1 5
53 8 32
54 4 30
59 5 40
1 3 15
19 2 39
40 7 7
11 3 14
48 3 12
11 8 13
1 2 11
56 6 32
21 1 6
62 5 36
37 8 12
53 8 19
21 8 11
35 8 4
35 8 26
19 8 24
18 5 9
11 3 19
40 8 2
62 1 26
31 7 17
13 8 40
14 8 16
47 6 6
43 7 26
48 5 2
25 1 19
42 8 38
1 2 39
33 5 39
61 6 12
29 8 8
59 4 15
39 8 24
50 1 9
35 7 28
20 3 8
49 1 20
61 6 28
38 7 8
14 3 14
5 8 18
46 2 23
56 4 15
9 4 19
6 1 27
54 2 17
24 5 3
23 1 16
35 3 36
25 3 27
27 1 27
63 4 6
15 4 15
32 3 4
18 4 33
3 3 37
37 3 6
12 4 33
28 5 34
11 8 12
47 8 15
15 7 17
33 4 31
37 5 37
26 6 39
35 2 19
17 5 27
63 7 13
36 6 30
55 1 31
20 6 1
56 3 1
56 4 1
8 4 6
4 4 12
33 5 20
18 3 28
14 6 38
50 5 3
60 5 32
22 1 25
3 1 2
32 4 31
40 3 40
16 4 18
52 4 8
22 4 28
2 2 20
38 5 19
13 7 15
45 6 18
33 1 6
42 8 18
9 5 30
59 5 34
34 3 21
27 7 21
56 5 40
46 2 14
63 6 3
14 8 23
30 4 12
43 1 34
16 2 34
61 1 13
12 2 39
14 7 26
52 2 18
46 8 35
18 6 17
34 2 7
16 6 3
7 4 35
57 7 39
11 1 40
21 1 14
58 3 29
41 2 39
14 7 37
43 6 11
41 5 24
54 6 27
58 3 14
58 4 35
36 7 36
8 8 15
19 4 10
32 1 35
47 6 19
4 6 20
45 6 24
4 4 4
20 1 37
12 8 39
25 6 31
38 3 12
15 1 16
63 4 26
32 2 6
14 7 7
57 1 6
6 5 24
61 2 23
52 2 2
27 6 33
51 5 33
1 3 2
20 7 21
59 8 37
43 7 2
39 6 15
9 4 30
53 2 21
32 5 20
51 3 23
14 8 11
62 1 1
42 8 38
38 3 35
50 3 34
46 2 26
11 6 17
20 3 9
3 2 27
4 5 14
19 5 20
35 7 16
3 4 14
27 8 10
53 4 29
57 3 23
13 8 33
31 4 9
20 6 38
31 7 18
8 7 21
59 8 20
53 2 35
15 1 18
45 8 5
50 5 8
4 8 33
4 6 25
14 3 34
13 7 1
13 3 9
63 7 16
1 5 5
6 2 26
34 6 5
15 4 6
61 4 11
6 6 25
62 7 9
13 6 12
35 6 7
18 4 9
12 2 1
62 6 37
23 7 21
52 2 8
17 1 3
55 6 26
27 1 13
53 6 23
45 8 4
44 1 30
20 7 19
36 2 3
13 4 28
1 3 39
23 7 30
58 4 26
55 6 35
27 7 12
22 4 12
34 7 23
43 2 16
54 5 14
34 5 38
22 2 8
21 5 40
3 7 40
50 1 11
26 6 1
1 3 3
60 2 32
60 4 35
37 6 24
5 1 31
3 8 21
56 1 11
16 1 3
4 3 24
30 7 11
46 4 6
46 1 23
47 7 26
37 3 4
23 8 12
12 8 12
36 1 4
1 1 19
63 2 34
60 6 5
56 3 32
51 5 24
41 2 35
32 7 13
43 8 21
40 6 20
47 3 32
22 7 35
22 6 4
50 2 34
32 1 30
47 1 6
56 6 32
49 8 16
40 8 38
51 3 34
51 8 39
38 4 1
54 2 16
19 7 7
48 3 6
31 3 36
21 2 20
24 7 39
31 4 1
5 8 2
21 8 22
20 1 8
24 7 35
15 6 31
30 4 35
23 8 5
35 2 8
36 3 37
22 3 7
61 5 13
27 5 6
53 8 2
53 4 23
2 4 15
35 7 15
49 1 36
8 8 2
36 5 30
54 6 35
29 2 26
24 8 29
46 2 36
61 2 1
10 1 30
57 2 40
49 7 30
14 3 33
3 2 5
32 7 26
47 8 23
56 5 33
52 5 17
57 8 28
9 2 3
44 7 12
4 8 37
31 2 27
14 2 4
15 8 5
48 5 1
22 3 18
40 6 6
25 5 6
51 5 3
51 7 20
61 1 24
59 8 24
46 3 32
17 4 4
59 8 8
45 2 35
35 1 10
12 5 10
62 7 25
18 6 34
23 7 26
47 2 14
31 3 23
36 7 8
14 7 31
17 7 17
61 7 6
7 2 6
12 8 4
19 8 12
58 1 28
2 8 19
35 7 30
20 3 7
19 6 38
40 8 14
37 4 7
14 8 38
57 2 24
23 3 15
43 2 24
29 2 30
6 6 29
2 1 40
63 2 18
61 1 17
55 7 32
49 2 6
48 4 30
12 2 40
20 6 16
13 4 25
48 5 29
15 5 16
12 4 39
20 5 11
10 8 36
28 6 3
13 2 24
18 8 21
37 8 37
16 8 14
26 7 30
40 7 5
62 5 17
62 1 7
26 5 31
41 7 14
25 1 30
13 5 5
58 6 30
43 7 14
24 7 35
28 5 19
33 4 22
46 2 40
58 3 38
61 2 35
5 8 13
20 2 24
43 2 12
56 6 38
62 5 38
48 5 26
44 5 25
40 7 6
50 7 34
46 7 7
15 7 12
57 1 18
36 3 19
20 4 24
61 7 39
22 5 36
46 7 24
58 7 26
45 4 25
38 5 24
59 6 31
16 6 14
38 2 38
42 1 20
62 3 9
46 7 16
7 8 35
49 6 39
44 8 39
20 2 18
31 3 4
8 3 7
55 4 37
6 5 35
42 6 33
39 8 31
29 7 25
44 5 21
37 6 24
3 2 22
56 3 8
33 2 20
37 7 6
14 2 7
30 3 22
13 2 26
36 6 34
39 1 36
24 1 7
11 8 10
12 2 26
57 2 33
43 8 26
51 6 17
11 1 30
42 4 18
11 5 30
48 4 40
57 7 8
30 7 5
52 4 37
51 8 32
16 3 34
6 4 40
15 8 6
10 2 28
5 1 15
18 7 18
28 1 22
53 1 22
19 8 20
17 5 20
28 7 27
45 8 28
54 7 38
18 2 13
3 6 34
22 7 35
1 5 24
19 4 12
33 2 10
33 5 25
19 4 36
13 5 14
62 5 39
30 5 10
8 5 14
59 1 20
7 4 34
54 5 11
31 5 2
25 5 7
28 2 11
29 5 35
28 7 10
16 8 9
26 1 15
61 1 23
44 6 29
20 8 40
58 3 18
43 3 16
60 7 14
44 1 7
51 3 19
51 6 32
12 6 25
32 7 11
61 4 30
18 7 4
35 1 18
62 4 19
34 1 37
6 6 22
53 8 29
24 2 27
59 2 40
3 3 28
27 1 17
56 1 25
9 4 1
15 5 34
31 8 19
30 2 24
23 8 10
36 4 26
27 1 12
57 5 14
24 5 12
48 5 23
24 1 6
57 2 18
49 6 14
15 5 39
55 2 33
39 5 24
57 7 24
8 1 12
29 3 1
60 6 27
27 1 18
39 5 37
35 5 6
54 8 32
52 1 10
36 7 38
30 6 8
17 8 18
5 8 25
53 2 1
1 1 4
4 6 1
42 3 34
51 8 37
43 2 39
7 8 15
47 8 40
33 4 13
19 7 22
49 5 11
57 5 34
2 8 23
63 1 28
29 7 7
25 5 33
14 8 26
45 1 8
47 2 15
49 1 6
33 1 17
50 8 21
62 5 36
29 5 27
8 5 30
19 3 13
17 8 17
50 4 11
49 6 7
40 6 23
19 5 36
7 1 27
63 8 3
11 4 36
47 7 1
48 8 24
52 1 21
44 1 12
52 8 16
36 6 12
11 1 25
53 8 18
38 2 12
44 4 9
28 5 19
42 1 15
22 7 15
37 4 12
21 5 24
4 1 20
58 7 32
14 8 2
15 1 17
18 7 40
1 1 22
21 1 23
19 7 15
6 4 9
38 3 24
16 2 8
44 7 16
57 4 23
17 1 17
4 3 13
59 5 32
10 6 37
54 7 9
62 3 2
1 1 7
54 2 19
9 7 8
10 8 29
16 7 22
38 3 11
8 6 14
47 7 11
56 1 40
8 4 34
53 5 34
55 2 28
57 6 23
1 2 34
8 1 5
54 1 35
2 4 20
63 8 36
31 7 15
29 5 37
55 1 26
25 5 28
20 8 31
53 3 36
46 7 23
39 3 10
30 1 19
33 3 38
8 4 4
61 4 18
3 4 36
35 6 17
49 7 25
18 6 3
49 5 36
11 3 34
18 5 4
24 8 9
21 1 17
4 5 3
51 3 19
27 1 11
24 3 3
56 7 11
48 2 25
16 6 6
49 2 5
20 3 4
37 7 20
16 1 32
17 4 9
17 6 23
56 1 18
28 8 15
13 4 18
56 1 24
2 7 8
35 6 35
6 2 31
20 3 40
3 8 34
30 2 29
5 8 32
40 4 29
49 2 38
21 4 30
6 3 20
44 3 36
38 7 16
51 4 26
50 2 16
36 1 30
50 4 38
57 5 15
61 2 14
3 2 32
21 7 18
11 6 36
12 1 37
44 8 15
13 3 12
3 5 39
4 5 18
35 1 1
50 6 40
2 6 39
3 5 36
30 1 34
19 1 29
8 5 10
45 6 27
16 7 14
26 5 4
47 7 34
32 4 35
61 4 9
40 4 35
8 3 4
40 5 6
38 5 20
38 1 1
19 3 30
27 6 39
18 8 21
25 4 26
19 7 35
63 6 16
35 8 34
1 5 26
27 6 16
21 6 38
24 1 13
37 8 3
55 8 12
19 6 21
61 5 22
54 5 8
29 7 12
25 2 11
40 3 28
45 7 40
35 2 4
13 2 28
12 4 30
44 2 30
41 6 6
30 7 26
47 6 12
61 4 12
30 5 26
10 5 1
15 4 31
23 2 27
11 5 9
24 5 36
43 5 8
14 6 20
18 4 39
8 4 6
35 8 20
50 5 23
34 7 5
53 8 14
55 8 12
7 7 7
40 5 19
4 5 33
46 7 9
56 3 17
58 2 34
37 7 3
62 7 11
9 2 3
35 5 36
54 4 27
27 5 22
54 8 8
42 7 24
57 6 22
44 3 16
44 8 6
63 4 5
46 2 8
15 8 25
26 1 36
5 7 22
20 6 21
28 2 24
16 1 5
1 3 13
36 3 29
38 3 7
5 8 39
61 6 13
16 2 19
12 4 25
7 6 37
63 5 18
32 4 26
47 5 15
9 7 20
58 8 12
10 8 27
31 6 13
37 3 5
2 8 30
42 5 24
14 6 30
18 4 19
1 4 29
55 8 21
27 6 13
34 7 18
31 8 2
10 2 36
49 7 12
49 5 13
38 8 5
46 8 18
20 3 19
28 4 34
12 3 5
34 7 28
24 7 30
53 5 17
18 1 36
36 4 29
14 1 40
37 1 34
49 7 2
16 3 29
47 6 14
32 5 35
7 5 30
18 2 6
30 1 14
56 7 31
13 4 28
60 2 9
40 7 7
7 4 17
60 4 17
11 2 5
2 2 31
46 6 24
31 3 21
39 4 36
52 4 7
18 5 37
14 5 40
48 8 24
19 1 22
34 5 8
9 2 13
60 5 26
38 7 35
60 2 21
38 4 27
57 3 19
31 8 4
5 5 4
48 7 34
18 3 25
56 5 15
55 4 8
21 3 23
47 1 21
60 2 28
46 8 23
58 5 6
15 1 26
37 2 1
40 1 17
25 3 15
20 5 21
63 4 6
8 3 40
17 7 10
39 5 11
56 2 35
6 5 24
28 6 22
2 1 15
5 4 37
10 1 17
21 8 19
25 4 36
15 3 28
52 2 29
20 4 21
38 8 24
11 1 21
51 6 9
42 4 19
58 6 26
28 8 30
56 1 36
54 3 9
55 7 2
10 5 4
47 6 28
11 6 24
19 7 8
13 2 24
5 3 36
47 1 19
32 2 1
15 7 22
27 4 32
51 6 31
7 6 15
51 8 19
35 6 3
10 4 26
56 6 9
39 3 25
7 4 18
62 6 15
28 7 21
60 5 29
17 1 3
7 2 12
26 8 30
17 3 36
4 8 2
23 7 35
5 3 38
57 1 12
53 6 9
55 2 22
55 7 29
21 1 13
5 8 2
57 8 30
34 3 21
24 5 13
39 5 24
61 4 25
9 8 29
29 3 40
45 1 39
17 1 8
58 3 37
61 4 7
12 7 39
22 7 39
55 1 12
11 8 19
63 1 37
4 5 11
62 6 28
51 6 33
38 2 21
5 6 20
62 3 17
9 5 14
56 8 32
30 1 5
57 5 31
8 8 1
52 7 21
24 8 8
30 1 15
50 4 8
2 5 19
8 1 19
36 4 5
38 8 37
33 3 31
60 2 30
24 6 16
53 2 2
10 6 28
37 2 29
26 5 27
39 1 3
1 3 8
63 8 21
20 8 20
27 6 3
6 3 29
27 3 7
4 3 3
14 2 29
60 7 10
18 5 21
46 7 32
11 5 2
57 6 28
60 4 8
29 4 7
60 4 2
11 2 26
6 1 10
42 1 23
9 8 31
1 3 9
11 1 23
4 5 34
63 1 40
47 1 27
4 7 2
3 6 32
47 6 22
8 7 34
21 1 37
22 5 34
38 2 7
8 4 18
11 3 21
24 3 29
55 3 11
17 3 19
17 7 20
48 4 27
11 7 22
63 3 13
26 2 39
42 4 7
51 8 10
32 1 21
14 2 11
50 5 27
55 5 35
11 5 25
52 1 14
51 6 4
59 2 35
51 6 29
15 2 12
55 8 35
46 5 27
38 7 17
3 6 20
46 6 34
63 6 25
26 2 34
52 1 37
9 2 14
7 4 28
28 4 6
31 6 19
12 3 10
32 3 30
33 4 17
48 7 36
32 7 36
37 1 29
45 8 26
46 6 14
50 5 16
49 5 11
15 8 23
25 3 2
15 5 20
8 8 26
58 8 29
57 4 26
57 6 20
24 1 26
60 3 26
17 3 19
20 3 34
29 2 30
49 4 1
3 6 23
13 4 23
5 5 40
45 6 30
33 8 37
12 2 32
60 8 29
50 1 19
46 5 18
18 8 26
48 1 30
26 4 26
6 3 15
29 1 29
7 6 6
33 5 5
22 2 38
36 8 33
33 6 4
28 8 39
42 6 17
58 5 34
56 1 40
34 3 28
2 6 20
14 8 1
24 7 29
31 2 3
58 7 26
54 2 9
18 3 30
33 3 24
63 2 15
1 5 34
54 7 20
30 3 20
39 5 1
35 3 3
53 5 36
14 4 32
49 7 25
21 6 25
39 5 10
60 7 16
35 4 26
19 8 11
3 1 18
43 3 40
42 3 37
38 2 7
1 2 35
10 6 35
13 5 21
35 3 17
53 2 38
38 3 5
17 7 39
2 4 25
57 1 12
58 3 2
61 4 22
56 1 39
47 5 22
15 4 38
9 4 31
24 7 26
23 5 32
55 5 20
61 8 13
54 3 39
5 3 25
30 5 6
45 6 9
1 2 10
7 1 10
41 1 26
61 3 29
11 6 22
31 6 28
55 6 23
3 8 31
45 8 1
39 5 34
15 8 18
3 1 27
32 7 14
56 5 39
49 2 10
24 3 36
47 5 19
26 1 24
25 3 10
49 6 37
53 4 17
9 3 6
7 8 14
63 4 40
19 4 19
57 2 22
4 7 21
6 1 4
30 6 7
26 3 5
57 5 7
17 6 21
19 6 22
57 2 18
58 7 6
27 2 29
57 1 20
54 7 8
2 8 4
53 7 35
14 8 9
28 5 23
49 6 22
23 5 40
63 8 9
10 3 23
52 3 37
14 5 3
15 6 15
48 4 28
12 1 6
9 6 16
34 1 18
10 1 22
10 6 23
19 1 13
61 6 40
30 6 21
45 3 27
46 2 18
59 5 21
14 2 13
27 3 9
29 4 6
51 3 10
16 7 39
37 4 14
15 8 5
30 3 11
34 3 30
35 2 40
36 4 17
22 6 30
47 3 8
46 6 4
63 3 40
47 1 15
22 5 37
42 3 29
42 4 24
19 4 33
11 4 14
24 8 6
22 1 32
53 7 33
40 4 1
26 4 10
27 2 6
22 3 40
17 5 10
49 2 30
14 7 39
34 6 13
53 6 15
55 8 24
31 6 28
34 5 23
12 5 23
46 5 38
1 5 39
48 2 27
53 6 32
34 3 5
23 4 23
2 8 28
42 2 12
51 7 17
9 6 19
42 8 25
9 6 31
57 1 26
35 7 30
38 8 40
36 5 12
53 2 3
32 6 21
24 5 36
42 8 28
30 5 8
63 7 9
8 1 21
40 5 28
34 1 32
39 4 39
21 4 7
15 7 36
32 4 11
56 8 21
51 5 29
56 3 34
49 4 15
12 2 20
31 2 3
16 4 12
32 1 23
45 1 32
59 7 28
14 2 23
42 3 38
25 6 29
58 2 35
62 5 24
28 8 25
60 6 31
42 4 7
5 1 30
25 6 40
3 4 18
46 2 18
58 4 10
15 8 18
39 6 6
48 7 15
6 7 16
53 1 35
40 3 24
13 6 39
56 7 6
54 4 27
59 6 33
25 2 8
24 3 38
55 7 33
43 6 5
27 2 9
49 3 15
12 1 21
29 4 23
43 6 15
35 5 5
13 7 10
60 2 36
15 1 16
9 8 6
27 6 23
47 5 7
12 5 12
52 2 38
23 7 8
36 1 28
50 2 36
14 3 34
52 2 6
7 4 9
56 3 28
47 3 26
38 8 11
6 4 18
20 6 36
57 5 28
47 1 31
17 7 40
6 1 24
28 8 13
23 8 9
50 3 12
60 5 30
46 7 23
42 8 15
59 1 6
22 7 6
25 7 34
20 5 2
9 7 29
27 8 2
59 8 1
27 6 25
22 7 3
42 4 34
2 3 13
8 2 16
58 8 1
19 2 24
22 8 20
54 8 33
45 2 12
62 2 38
54 4 3
39 1 26
32 5 14
52 6 5
28 5 9
37 5 19
55 3 7
16 5 26
49 4 35
46 7 30
29 8 6
41 8 19
40 2 8
47 3 9
30 7 35
16 3 13
48 3 2
45 3 34
11 4 17
9 4 36
15 7 26
54 1 23
49 6 3
6 7 1
16 6 24
16 8 13
28 7 9
46 7 24
9 8 18
61 6 40
49 4 6
13 4 3
46 8 15
35 5 28
62 4 17
42 5 15
17 3 17
59 8 7
7 1 2
54 1 12
26 3 10
39 5 14
37 6 35
25 5 13
29 1 36
34 6 18
7 4 15
58 3 13
61 2 14
5 3 20
6 7 34
60 3 3
16 8 18
40 1 25
57 6 40
12 8 1
57 2 9
34 3 17
35 8 35
22 8 18
51 2 39
31 6 37
34 8 1
32 7 38
49 1 16
14 1 37
23 6 15
52 5 34
49 8 23
21 1 25
15 1 38
40 2 16
24 8 18
9 4 28
53 3 28
30 5 11
2 8 24
24 5 27
35 8 14
23 2 15
56 6 34
29 1 8
4 5 37
38 7 31
32 3 12
8 8 15
63 1 9
35 3 28
8 8 9
38 1 35
40 2 13
39 8 14
28 4 16
31 1 26
14 2 10
4 2 1
56 8 15
6 5 29
31 3 1
43 4 25
61 5 32
17 5 1
61 6 7
31 8 11
42 3 26
34 5 10
30 6 35
9 6 26
48 4 22
55 1 37
25 1 14
34 4 5
22 8 22
62 2 26
53 2 11
33 6 27
10 7 7
20 4 38
30 7 6
23 2 16
49 2 40
31 7 31
57 6 38
48 6 24
62 8 10
62 8 9
25 8 16
54 5 9
4 8 17
6 5 29
61 3 2
46 8 34
61 7 5
35 8 14
27 5 22
17 3 32
21 3 15
61 4 29
40 1 8
19 5 24
34 3 30
18 6 40
37 1 40
13 5 34
60 4 38
38 7 20
33 3 8
44 8 17
27 2 4
14 7 23
59 6 31
5 6 2
44 2 26
44 8 31
60 8 22
38 1 8
10 1 36
25 7 16
35 4 20
37 1 7
14 3 17
37 7 13
57 5 5
25 4 28
37 4 17
54 5 39
18 2 12
38 8 24
57 3 27
34 3 24
41 4 20
29 2 37
2 8 22
10 8 6
8 6 13
49 8 26
63 5 39
25 3 3
36 3 32
37 5 23
26 3 13
37 2 12
31 5 30
37 5 25
20 5 18
22 5 30
7 1 7
43 3 30
53 7 7
21 6 7
60 6 19
49 7 25
21 3 37
41 7 20
9 6 6
18 5 4
14 4 29
30 3 23
12 3 1
13 2 24
9 4 36
45 8 4
53 4 19
2 8 4
1 6 20
11 5 1
2 8 15
44 3 3
45 3 8
53 8 11
62 7 15
33 2 25
8 7 33
49 3 33
12 8 20
30 4 26
27 2 18
39 3 31
22 2 40
35 3 24
43 6 15
37 7 3
44 4 40
9 8 4
49 4 22
39 5 33
33 7 31
34 7 6
2 6 31
25 2 2
21 1 5
12 3 26
55 2 14
55 7 12
23 1 37
42 4 17
9 4 21
16 8 30
37 3 8
56 8 33
48 2 3
35 8 30
57 3 8
10 7 12
43 1 34
63 1 37
56 4 31
40 8 4
11 2 23
34 4 17
21 8 28
31 3 9
54 5 25
20 7 9
5 4 18
15 4 33
59 5 14
51 2 38
37 6 11
34 5 16
14 3 34
39 4 2
27 1 14
57 7 25
10 1 22
7 7 16
28 8 37
8 7 29
57 4 10
61 2 16
47 5 35
34 5 38
60 6 32
6 2 18
15 7 11
18 2 8
53 3 38
44 3 31
14 4 9
2 4 20
26 5 29
51 3 13
45 1 31
12 8 37
11 6 9
38 5 3
11 7 10
23 1 36
3 3 31
37 2 40
27 3 20
48 4 27
52 8 33
44 3 21
56 7 20
45 6 24
48 3 19
24 6 21
50 5 25
10 1 39
50 8 26
3 3 26
57 7 37
2 1 40
14 7 1
12 2 6
48 3 25
54 1 24
50 2 7
13 2 30
56 1 18
50 2 14
13 3 11
11 6 32
44 8 15
63 3 24
25 4 19
7 6 40
43 2 11
40 3 30
19 2 22
39 1 16
49 1 10
60 2 40
28 4 20
32 6 19
6 8 30
20 6 14
48 2 5
47 7 21
18 4 37
46 4 14
45 7 33
22 3 27
52 4 2
20 2 27
54 1 4
2 3 21
18 3 26
19 1 22
11 7 16
45 8 14
12 1 5
33 6 27
42 6 36
44 4 36
50 1 9
10 1 3
52 7 26
8 4 20
62 8 25
23 6 31
13 5 1
23 3 4
26 8 29
38 6 31
30 8 3
21 3 8
14 8 27
9 3 3
34 1 17
2 1 40
57 4 28
34 6 23
50 8 12
57 8 13
55 6 34
18 5 21
2 3 21
4 6 11
12 7 34
2 4 6
15 2 7
27 4 16
53 3 20
55 1 34
60 5 13
40 4 30
62 6 38
30 5 13
6 3 12
51 1 14
33 2 30
47 6 11
14 7 26
54 4 27
48 3 15
31 7 9
32 8 3
10 7 20
61 3 4
1 7 17
55 8 13
37 2 35
56 3 4
45 8 12
14 5 9
22 1 19
29 5 3
38 7 6
26 6 18
45 7 23
10 8 27
14 2 9
30 4 19
63 3 26
57 3 4
22 1 33
35 2 28
18 2 36
58 6 16
9 3 6
16 4 25
39 7 9
24 8 23
44 1 25
36 7 34
48 1 3
49 8 38
43 3 7
54 2 12
14 6 15
55 8 30
9 8 28
23 1 2
29 2 34
16 8 8
48 7 1
32 8 3
28 6 30
50 4 39
45 1 14
18 7 31
40 4 32
13 1 29
53 8 4
21 4 40
11 8 12
9 1 25
24 5 16
56 1 3
12 5 9
37 2 21
50 6 7
8 7 14
7 4 17
7 8 2
61 4 28
20 4 38
38 6 13
2 7 32
42 2 38
35 7 7
48 6 35
35 8 12
15 3 15
9 7 32
39 5 17
22 2 32
51 5 1
56 8 22
63 5 18
50 5 39
4 3 30
42 1 3
7 4 15
53 2 7
63 7 26
12 2 24
47 2 7
33 4 6
39 6 34
2 7 38
44 4 32
63 2 11
60 7 36
51 8 24
55 7 40
52 3 39
35 4 25
52 3 19
17 4 25
9 4 13
47 2 24
29 3 16
11 2 2
32 7 36
4 2 31
50 6 19
41 5 36
57 7 22
8 5 22
4 8 23
61 8 24
21 3 18
37 5 24
53 5 8
40 8 5
41 8 17
24 8 27
44 3 36
46 7 33
62 8 26
36 5 34
51 8 16
34 8 12
22 3 34
31 2 3
38 2 11
51 8 36
34 8 38
19 3 21
17 6 28
54 6 26
21 1 36
45 2 14
36 3 21
13 3 21
56 1 20
63 4 5
27 7 35
29 1 33
8 5 13
46 4 22
10 3 32
52 7 21
45 1 40
31 6 32
5 8 33
52 8 21
62 2 1
6 8 20
12 5 11
49 1 38
31 8 24
18 8 19
3 4 12
54 6 13
15 2 7
38 2 16
62 1 17
39 6 24
46 2 25
51 5 35
32 5 17
35 1 8
23 5 32
47 4 12
51 3 11
36 6 36
48 7 34
7 8 30
14 3 38
30 5 26
12 4 32
29 6 11
54 6 7
10 8 11
23 8 30
19 2 8
41 8 14
37 3 21
63 8 34
44 1 30
34 5 1
54 8 12
17 1 1
35 1 28
10 5 24
26 7 12
21 5 26
53 4 18
59 5 3
32 1 34
16 1 11
33 5 33
13 4 40
6 4 34
36 5 24
39 6 16
46 2 27
44 1 28
26 8 20
14 5 24
2 5 18
56 7 19
56 5 13
10 1 12
55 6 32
34 4 33
49 2 40
63 1 8
60 2 5
33 8 19
54 4 19
30 4 20
7 1 33
10 7 20
22 5 23
10 1 33
55 1 10
1 3 16
3 7 5
29 8 29
40 6 6
11 7 31
23 7 18
9 5 37
13 7 22
6 6 8
21 8 23
1 8 24
50 3 26
54 4 18
6 6 6
27 6 37
16 3 28
20 4 14
37 3 1
9 3 35
46 2 1
39 7 40
50 4 6
39 2 20
8 7 30
34 3 9
17 4 37
62 8 20
2 4 15
19 7 10
24 5 4
26 1 24
23 6 1
16 7 34
45 5 3
1 1 2
8 1 34
6 2 2
2 2 4
14 1 1
5 3 23
58 2 2
37 3 26
18 4 17
44 1 38
24 3 40
52 1 7
48 5 13
7 1 31
33 7 23
25 1 5
61 5 18
35 2 36
35 5 39
62 1 30
62 4 4
42 3 32
44 5 28
10 5 21
50 5 35
45 7 14
45 7 38
38 6 11
3 8 1
30 5 34
24 1 16
54 8 6
15 8 14
30 8 38
60 7 20
41 3 33
5 2 18
63 7 28
45 6 2
51 7 14
16 3 22
1 7 38
15 6 6
38 3 20
8 8 39
59 3 31
39 1 11
38 7 25
18 6 11
28 2 29
32 2 38
26 8 39
44 1 30
31 4 27
31 2 18
50 6 1
38 3 36
38 8 22
25 6 11
8 1 21
14 8 1
15 5 6
42 7 2
42 4 34
7 5 14
7 7 29
26 2 37
45 7 11
56 5 16
58 6 28
38 7 18
3 3 4
32 7 34
5 4 11
54 1 19
53 1 26
35 3 3
62 4 17
20 1 13
21 7 4
14 5 26
48 7 37
40 7 40
39 8 10
24 5 14
7 2 33
8 5 29
54 1 7
27 3 3
13 1 16
46 3 10
33 7 12
55 2 32
49 7 26
43 3 5
61 4 24
12 5 36
21 5 33
7 8 1
2 3 2
8 2 29
50 3 29
17 1 10
20 7 32
44 8 21
7 1 3
11 2 19
58 7 5
32 5 24
13 3 36
34 6 22
34 7 30
46 3 2
60 5 10
5 6 13
48 3 2
12 7 33
7 4 4
11 6 23
7 8 9
13 6 18
21 4 25
45 6 15
31 3 20
15 6 34
15 7 12
8 6 19
8 3 33
17 1 10
10 3 25
53 4 30
3 6 24
6 3 28
18 7 39
44 2 16
15 2 23
13 4 25
40 2 1
55 3 31
11 4 34
44 5 14
33 8 38
16 2 38
7 6 37
22 3 27
27 8 1
29 8 21
10 2 6
37 5 7
59 1 13
33 7 12
1 1 37
36 3 9
39 8 2
27 7 6
1 2 4
45 5 1
8 6 19
48 3 38
27 7 24
11 3 30
29 7 25
8 2 34
23 2 23
56 5 14
37 4 10
11 2 20
57 5 33
10 5 29
5 5 12
3 8 38
63 3 5
62 7 3
10 4 10
33 1 19
25 1 22
11 4 8
50 5 35
22 8 17
60 1 37
20 1 29
51 3 16
29 3 7
50 6 27
52 1 24
17 1 40
39 5 33
34 2 9
56 7 37
53 1 20
35 4 10
41 4 8
52 7 26
11 8 8
54 2 25
40 3 11
30 4 30
33 4 9
40 5 20
62 8 22
27 8 37
45 5 34
55 1 7
17 5 25
35 2 2
26 5 37
54 3 32
49 4 3
8 5 34
16 1 19
16 6 33
4 2 2
43 5 31
62 3 11
8 5 15
42 1 38
21 7 33
7 8 21
43 5 14
32 5 8
58 5 18
32 3 11
14 8 35
52 5 10
43 7 18
61 2 28
24 5 40
42 3 17
6 1 30
58 8 20
3 7 33
6 3 35
11 8 37
45 6 4
47 1 16
62 5 32
22 3 32
29 4 17
52 8 20
43 3 23
21 1 24
23 6 32
39 8 31
31 1 12
2 4 10
16 1 16
6 8 6
19 5 39
61 3 21
50 4 10
53 6 20
13 4 5
63 7 28
60 2 14
55 6 13
21 1 34
17 8 1
2 6 23
42 3 29
43 6 8
57 7 39
11 7 11
20 7 27
27 2 34
28 4 28
37 7 21
34 3 28
10 1 12
50 4 3
38 5 25
53 7 17
49 1 2
57 8 31
61 3 19
20 8 38
41 8 32
31 2 36
39 6 17
19 1 12
40 7 23
56 6 12
21 5 7
33 5 20
44 7 22
15 3 4
1 1 40
61 6 27
10 3 4
3 3 20
9 4 37
50 7 1
63 8 19
49 1 34
9 8 5
14 4 24
40 8 17
5 4 38
52 4 39
13 8 34
3 5 39
45 6 3
40 5 7
15 4 14
20 7 3
57 1 28
23 7 11
7 6 10
12 8 13
1 3 20
19 7 40
13 3 32
50 3 19
43 2 23
58 4 37
7 7 29
12 2 14
46 2 30
7 3 33
37 6 13
34 4 31
30 2 1
61 6 9
48 8 10
53 6 13
33 7 4
16 8 36
44 7 12
57 3 33
56 5 11
47 1 31
31 6 9
25 5 34
35 1 36
34 1 40
42 5 30
57 7 27
37 3 34
48 7 5
42 8 32
57 4 38
39 6 18
63 8 3
8 2 34
26 8 23
31 6 25
51 8 9
48 3 20
30 2 39
54 4 1
4 7 16
51 6 38
43 7 16
27 1 36
45 7 16
24 1 3
24 3 33
15 5 21
52 3 6
26 8 27
25 1 5
4 7 10
42 7 15
5 4 32
16 5 17
48 3 17
27 6 12
36 1 3
24 5 16
50 4 1
1 2 6
34 3 3
60 1 38
54 5 22
20 2 7
60 6 38
2 3 27
44 7 38
44 8 20
45 6 22
49 1 38
52 6 19
63 2 9
28 2 34
54 6 15
45 5 3
54 8 36
36 5 24
8 8 40
58 6 28
42 2 22
27 1 9
49 5 35
52 6 39
18 8 6
50 3 23
48 4 13
32 4 6
39 4 17
9 8 2
3 5 26
50 3 37
34 5 5
39 7 10
21 6 39
39 2 3
33 5 3
62 8 16
60 5 17
38 7 35
11 2 31
37 7 13
46 2 18
33 6 34
53 5 38
3 1 11
46 2 20
62 8 28
19 3 15
53 3 1
31 7 6
20 2 15
63 5 29
19 7 20
11 5 12
22 3 25
18 6 17
16 6 7
24 6 4
42 5 19
10 5 18
19 5 10
2 2 13
7 5 36
33 8 40
45 3 38
38 3 14
7 4 1
32 2 29
6 6 40
9 3 20
33 4 11
33 7 2
9 5 31
43 4 13
36 3 24
41 6 34
1 1 17
55 7 29
49 8 1
40 7 13
62 7 15
43 1 13
8 6 30
31 8 10
22 4 40
16 5 23
54 8 26
15 5 34
36 7 24
14 6 10
59 8 9
27 3 23
4 6 5
4 2 26
58 3 36
22 1 31
26 2 7
52 6 30
4 4 29
4 6 16
8 4 38
35 7 35
63 2 33
41 4 19
10 1 13
14 2 15
40 2 14
38 4 23
7 2 8
37 8 5
58 2 23
45 4 5
10 3 23
43 2 3
20 4 9
40 1 38
7 2 7
37 1 10
10 3 28
49 7 35
32 7 19
49 6 24
21 5 12
5 5 2
9 5 39
21 6 13
21 1 35
22 5 29
11 2 11
51 7 4
22 3 25
19 5 6
36 1 2
35 5 27
28 1 6
30 1 10
40 1 2
57 8 23
63 1 34
54 7 40
13 6 27
63 2 4
4 7 23
34 4 8
63 2 27
43 5 20
50 3 10
22 3 18
12 1 32
18 6 8
12 8 14
59 7 25
41 1 11
46 5 33
54 8 33
11 8 11
47 8 17
43 3 34
17 3 8
42 5 26
46 6 24
33 5 30
39 8 13
26 6 13
23 4 7
44 2 40
53 5 24
19 2 17
12 3 9
24 8 2
22 1 1
1 5 23
8 6 18
20 6 35
38 1 20
18 4 25
15 4 15
41 3 17
13 4 26
54 8 34
13 6 22
55 8 23
60 6 22
48 5 35
5 7 37
12 1 14
26 4 8
41 2 3
42 7 39
4 5 3
21 5 19
36 5 23
42 5 40
53 3 29
23 7 34
42 4 22
8 7 38
47 1 4
48 4 34
43 6 5
49 8 39
35 4 31
55 8 17
32 6 29
60 8 17
26 2 7
43 8 2
37 6 34
19 8 37
9 3 3
13 2 35
47 5 35
7 4 28
25 6 2
46 7 34
18 8 19
5 7 31
3 4 15
5 5 28
61 5 14
40 7 40
14 3 6
6 5 21
49 2 22
21 3 32
35 1 20
10 7 11
37 2 38
32 8 26
55 7 31
48 2 7
24 5 2
35 6 12
13 7 37
39 1 30
33 3 20
28 5 35
39 7 13
41 2 11
14 3 25
26 5 40
26 6 27
43 6 31
23 6 2
42 2 13
48 5 20
27 1 13
37 8 33
15 5 19
39 1 6
28 1 7
62 6 35
54 7 30
38 5 23
33 3 27
15 1 35
57 7 38
31 7 33
10 2 18
30 3 15
55 7 18
11 6 5
49 7 30
41 3 40
7 2 8
44 3 13
58 6 29
58 8 27
48 8 28
49 8 14
34 8 38
50 4 12
51 1 6
47 2 20
30 7 19
26 6 14
17 6 23
29 8 27
15 7 11
13 2 27
47 7 24
39 4 27
22 2 2
12 4 18
57 4 31
36 2 24
46 7 13
5 8 13
45 7 15
1 6 35
53 2 5
9 3 10
8 8 34
27 3 14
1 2 4
45 5 37
54 1 12
4 3 2
23 7 12
42 5 35
24 4 31
39 4 23
1 2 9
60 2 13
10 5 7
5 2 8
14 8 24
49 5 31
59 6 7
19 3 11
38 8 32
49 6 9
59 4 38
12 2 15
54 2 22
5 6 5
47 4 23
49 8 30
59 2 24
45 5 38
62 8 30
51 4 25
3 6 6
52 8 13
58 4 13
4 7 39
57 7 4
38 2 6
46 7 18
14 8 16
49 6 36
13 3 2
21 3 36
13 5 10
27 3 19
37 5 38
23 8 2
49 4 9
33 1 28
41 3 24
33 2 14
40 6 12
21 6 30
58 5 19
3 8 26
25 3 11
25 2 10
54 2 36
6 4 20
59 7 29
42 4 19
28 7 29
37 8 12
46 8 19
14 7 5
33 1 36
1 4 12
27 8 12
31 4 38
3 2 26
6 8 30
35 7 9
34 3 3
27 4 7
41 4 29
51 3 23
7 2 23
31 3 10
34 1 33
47 2 27
17 2 34
58 1 21
21 5 32
44 2 20
63 7 40
22 7 24
21 3 4
57 6 12
13 5 27
18 8 22
61 1 30
42 7 21
19 1 39
1 2 35
9 2 1
6 5 6
54 2 5
25 4 8
59 1 13
18 3 1
52 4 21
53 1 35
56 3 30
41 7 7
11 6 15
36 1 10
6 8 37
61 8 36
6 4 6
8 7 17
15 3 40
52 7 9
18 8 26
44 6 9
54 6 2
11 1 9
40 5 34
19 3 1
21 8 14
47 2 34
3 6 16
58 5 24
38 3 36
47 7 32
43 3 32
39 8 7
32 1 4
7 6 36
21 7 33
31 6 40
55 1 22
32 6 6
55 6 39
21 3 24
8 2 36
22 2 22
11 2 20
37 7 21
5 5 34
51 8 12
53 4 12
46 5 7
59 1 4
18 1 18
14 2 15
16 2 4
47 5 1
11 7 18
41 2 30
7 8 8
27 2 30
38 2 23
9 1 11
32 4 32
25 4 19
30 7 17
11 5 37
8 4 19
15 6 19
39 8 29
54 6 28
50 6 26
48 2 15
9 4 7
30 6 23
6 1 6
33 1 15
1 7 8
2 6 22
44 3 37
56 7 7
32 4 6
27 2 19
41 3 22
49 8 11
47 4 11
43 4 16
2 1 15
9 6 34
16 7 2
56 8 12
12 3 7
40 8 28
10 4 22
20 7 37
41 5 28
24 6 33
28 1 13
54 7 31
29 5 29
35 8 36
63 4 6
49 7 26
22 2 2
51 2 17
40 3 22
43 8 31
6 1 34
26 8 36
3 1 27
35 8 30
6 6 30
9 1 36
15 6 11
49 2 23
54 6 36
36 7 23
14 8 31
38 1 35
7 1 13
9 4 37
53 7 16
13 3 15
5 1 38
42 4 34
46 4 19
35 7 14
44 5 16
43 4 7
23 5 27
62 7 14
25 8 40
24 8 38
31 6 5
1 6 33
55 1 7
62 6 28
19 2 8
16 4 19
52 8 25
59 7 3
42 2 30
31 1 12
6 4 27
31 2 27
7 3 1
26 7 17
53 4 3
62 7 1
29 8 9
54 7 24
45 4 30
39 8 9
51 1 4
63 3 25
53 7 16
13 4 15
14 8 13
33 1 6
60 7 27
30 1 8
22 3 9
47 6 38
24 3 34
50 6 20
34 3 1
54 6 23
22 3 27
2 6 2
6 6 27
28 6 29
54 4 1
30 6 33
61 8 5
16 3 15
21 6 39
36 1 10
35 1 35
11 3 14
39 4 1
6 8 12
36 3 12
8 6 14
9 5 36
12 4 35
28 2 2
7 7 6
47 2 10
32 1 24
14 4 9
42 6 21
4 4 16
58 6 17
19 2 31
11 8 27
53 6 2
34 3 19
36 6 6
60 8 34
7 6 34
34 6 34
36 4 3
3 3 20
38 4 13
21 4 4
11 5 10
4 8 25
25 7 38
13 8 9
54 3 2
24 6 5
7 8 20
5 7 18
51 8 22
7 5 5
51 1 13
34 3 39
27 1 29
7 4 22
8 4 19
7 7 33
26 5 14
21 5 37
45 3 40
39 3 12
35 8 11
28 5 28
37 3 11
60 6 22
61 5 13
37 3 25
1 5 26
25 4 37
13 5 25
44 5 31
21 8 3
39 6 33
7 5 27
15 1 30
34 2 26
58 2 3
60 7 24
8 6 2
44 6 39
13 7 36
44 4 11
51 4 36
39 7 12
55 1 27
21 4 31
36 1 40
32 8 33
1 4 20
18 8 17
10 8 30
33 3 16
10 8 5
56 4 28
16 8 14
33 4 16
6 3 20
14 1 31
10 8 35
60 8 8
21 1 31
48 3 12
21 8 32
27 6 25
28 3 10
5 4 17
45 4 11
49 5 35
34 7 17
29 5 23
60 6 17
2 6 1
8 1 32
23 4 17
10 1 24
38 1 11
47 1 17
9 1 28
51 5 32
63 8 21
53 8 17
60 4 8
55 5 9
12 7 1
55 7 26
42 8 19
42 3 31
35 7 31
2 3 20
32 8 11
57 4 19
34 2 19
61 8 1
13 7 29
7 2 33
57 4 8
25 2 8
52 2 28
61 5 32
8 2 13
14 7 18
5 3 20
38 3 3
6 3 28
17 1 24
8 1 39
63 3 5
46 8 25
3 2 25
13 3 40
47 2 2
58 7 22
30 8 21
21 7 14
11 8 34
61 6 11
4 3 21
16 5 8
59 6 21
54 7 35
32 7 34
15 1 23
61 1 23
9 4 4
50 7 1
34 6 13
18 7 32
9 2 40
7 5 2
53 5 33
60 1 10
12 1 5
42 2 32
4 5 6
14 1 17
37 6 14
41 7 26
20 7 12
6 3 40
4 7 29
17 8 16
18 7 18
6 8 23
47 4 29
53 8 20
38 7 16
56 6 27
17 6 36
10 5 12
47 3 13
54 5 33
16 8 6
51 7 34
11 6 37
39 4 4
3 7 21
43 2 36
8 6 33
39 3 21
57 1 26
19 6 20
52 4 20
32 5 22
61 4 19
34 7 15
2 1 18
39 2 18
27 5 22
53 6 17
25 3 2
36 8 33
2 4 12
4 6 26
63 5 24
49 7 8
8 4 15
61 1 3
48 6 10
31 2 8
41 1 3
30 4 17
53 3 14
11 3 23
62 5 7
53 4 37
37 4 3
48 3 26
1 3 19
30 1 28
14 7 32
54 1 37
40 8 36
54 2 34
37 8 5
56 2 18
53 3 29
11 7 34
5 4 34
55 5 7
38 1 18
12 2 29
18 7 4
34 3 14
7 2 30
60 5 17
24 2 23
34 8 6
24 2 7
15 1 14
38 7 23
46 2 10
56 3 13
56 4 32
5 3 6
19 5 3
35 3 39
33 3 6
43 8 15
42 5 15
61 4 25
56 3 32
39 5 28
31 1 28
60 7 21
20 8 22
60 4 26
37 7 27
55 8 18
34 8 38
4 2 24
14 5 14
16 3 6
20 3 10
60 6 33
59 4 22
42 1 4
23 3 15
48 4 7
59 3 32
7 3 3
63 8 11
51 3 31
38 1 9
32 5 35
1 4 8
16 5 26
19 5 28
5 1 27
23 8 30
24 8 4
62 3 18
61 6 13
43 1 27
46 4 39
55 8 4
22 6 24
33 7 33
4 7 17
25 3 10
25 5 38
31 2 11
7 2 26
9 5 8
1 1 20
55 7 12
13 7 25
46 8 6
63 3 40
60 4 28
57 1 2
24 7 22
1 1 30
19 6 23
25 5 37
33 4 29
21 6 16
33 4 13
6 6 22
10 7 36
36 5 17
25 1 4
13 8 8
3 1 22
27 1 1
62 1 30
49 2 17
26 4 1
20 1 30
33 3 27
61 3 15
46 6 7
50 4 4
9 4 15
33 7 22
44 6 31
32 3 7
31 1 35
56 7 26
12 6 9
51 2 38
2 7 6
25 7 16
43 8 5
8 1 4
1 6 34
24 4 10
49 6 2
33 7 24
43 5 34
10 8 23
9 5 23
48 3 15
12 8 39
37 4 2
18 8 25
42 1 18
1 1 25
20 8 40
10 6 16
32 6 2
51 7 6
22 2 23
11 2 6
29 5 5
40 8 36
46 3 29
6 1 5
16 4 30
5 4 40
7 7 35
39 8 5
42 7 32
28 1 14
13 4 24
37 5 40
7 5 1
5 1 37
39 2 23
15 3 17
39 8 21
14 3 32
8 8 27
39 7 17
61 7 8
19 1 29
16 2 30
3 8 1
33 3 12
59 6 23
62 1 24
36 6 27
19 8 30
43 7 28
34 4 33
19 2 36
15 4 36
4 4 7
43 2 35
38 1 5
45 1 13
13 2 7
57 8 11
10 4 27
61 4 26
28 2 12
39 8 16
48 5 3
62 1 20
5 6 15
62 5 5
13 6 3
3 7 33
27 1 8
5 7 30
1 2 35
22 5 25
52 2 6
62 8 14
36 2 27
29 7 11
63 5 6
29 7 13
36 4 27
32 1 27
59 7 3
52 2 25
50 6 12
51 2 18
44 7 35
20 4 32
36 4 9
38 1 9
61 5 6
1 5 17
60 7 26
1 8 30
9 6 14
19 3 3
60 3 27
59 4 37
2 8 20
49 1 30
48 2 30
49 4 10
26 6 38
20 3 20
62 4 2
21 5 12
19 5 12
35 1 22
15 7 30
44 6 2
60 7 5
49 8 34
50 2 30
30 5 19
53 2 3
59 4 18
41 8 8
38 5 23
28 4 5
32 5 13
53 4 29
29 3 40
55 2 2
4 6 7
33 5 14
21 4 34
53 2 3
45 4 3
21 3 29
29 4 27
28 7 12
27 4 6
3 2 21
11 2 27
49 8 37
14 8 18
60 6 38
18 5 1
49 3 28
59 3 27
8 2 18
47 3 33
43 1 32
46 2 2
10 6 2
16 7 13
12 4 40
57 8 3
55 4 5
49 4 36
32 5 28
60 7 22
20 6 3
31 7 28
8 3 26
49 6 30
25 4 23
21 5 29
59 1 30
45 2 31
15 3 9
50 6 33
37 8 36
16 7 16
3 7 29
17 5 2
22 4 16
28 8 14
47 2 5
33 7 37
15 8 26
52 8 24
42 5 40
7 4 34
4 1 11
44 6 40
38 7 3
9 8 1
56 4 38
61 5 16
11 5 19
34 2 1
25 2 20
39 7 11
51 4 21
40 6 12
8 2 30
44 5 36
59 1 32
7 2 36
55 5 32
28 5 19
1 8 37
33 1 11
6 4 3
49 4 34
33 5 7
4 5 29
24 1 25
23 2 32
42 7 13
27 5 10
10 7 2
17 8 16
45 8 39
17 8 17
12 1 11
37 1 5
12 8 23
30 7 39
32 6 25
61 2 11
8 7 35
41 4 1
10 5 15
14 1 34
8 7 3
56 5 20
8 7 9
56 6 22
35 1 23
37 3 28
28 5 28
25 7 30
13 3 12
29 1 5
46 6 7
63 7 9
11 2 27
17 1 6
48 2 32
48 1 3
41 5 22
62 2 9
24 1 4
43 7 29
52 8 34
58 3 40
42 5 1
6 3 23
20 8 24
38 1 29
16 8 10
50 5 31
27 3 30
15 6 6
44 3 4
3 7 40
29 8 24
54 7 29
22 4 31
12 6 16
3 3 11
54 7 22
18 5 39
54 4 2
62 1 33
51 4 2
27 3 8
10 7 34
4 3 31
15 1 27
43 8 1
44 3 9
47 8 13
25 6 40
16 6 27
5 7 35
41 2 33
28 7 25
22 6 17
15 8 36
20 5 33
9 3 26
7 2 37
11 3 27
29 8 11
56 4 33
42 8 21
3 6 8
58 5 7
38 6 14
7 3 18
23 3 3
12 8 37
50 7 20
41 8 23
29 4 12
47 6 12
31 6 12
38 4 3
33 2 12
25 4 29
5 1 22
26 4 36
52 4 18
54 1 10
8 3 10
60 2 24
30 5 35
53 1 32
42 6 20
11 7 24
1 3 1
11 1 5
33 8 33
21 8 35
47 6 2
12 8 15
53 7 31
16 2 12
6 8 2
26 4 33
46 8 7
23 5 40
55 7 14
42 5 17
56 8 38
28 1 15
7 5 4
7 6 25
55 5 25
47 7 14
39 3 7
22 8 31
4 8 14
26 2 38
41 7 28
44 1 29
62 7 25
10 5 12
40 8 33
58 2 32
49 8 1
20 5 18
31 1 13
38 5 19
45 2 11
4 6 15
18 1 13
5 1 6
38 5 24
33 4 16
36 7 2
48 1 12
42 3 8
27 5 34
35 8 24
11 7 39
23 5 30
30 6 2
6 7 2
62 3 32
36 3 27
9 3 40
38 4 9
20 2 21
23 1 24
43 8 25
24 6 21
1 2 39
41 2 30
51 7 33
5 7 23
37 6 15
39 5 33
36 6 25
1 7 6
22 2 36
18 8 14
16 6 25
15 8 14
37 5 20
45 3 15
49 1 10
13 2 23
1 8 14
18 2 26
60 5 36
53 8 25
51 5 30
34 6 17
61 1 4
25 6 5
2 1 1
38 1 18
62 5 20
59 7 25
25 5 33
57 3 20
18 8 17
45 5 8
4 5 12
23 5 8
20 8 35
12 1 25
14 4 21
9 7 6
3 7 32
40 2 14
41 6 37
37 2 19
56 1 39
33 6 2
36 1 36
51 6 29
20 8 40
1 4 5
5 7 2
42 5 4
12 2 1
1 5 24
43 6 33
26 2 28
22 7 8
25 5 24
19 3 11
51 6 8
38 3 8
15 8 23
61 2 27
38 2 3
14 4 9
10 1 1
20 3 26
55 2 40
57 8 13
49 8 8
40 7 28
7 1 27
2 7 2
63 1 15
9 6 3
21 6 1
23 2 18
34 2 34
13 2 27
55 3 38
23 3 36
49 4 28
31 1 15
16 6 6
29 2 19
52 7 17
51 2 12
35 8 12
17 8 28
43 1 1
12 7 35
29 5 20
8 1 38
30 8 4
46 3 19
42 7 23
32 1 36
21 6 40
30 6 14
38 4 7
11 1 30
48 7 29
7 1 3
9 1 8
5 8 21
13 2 11
46 8 32
21 8 21
11 7 15
28 8 37
62 5 8
51 5 22
19 5 8
28 3 29
39 6 11
5 5 40
55 8 28
21 5 7
15 7 34
9 2 39
54 7 23
13 7 24
34 6 24
11 4 18
11 3 34
25 6 7
53 5 21
23 4 36
31 2 11
48 4 23
40 2 7
9 2 27
1 1 20
8 2 13
35 7 6
56 7 39
31 8 17
7 5 8
1 4 19
32 2 2
54 2 19
42 2 4
6 3 24
16 6 37
6 2 2
3 5 33
59 6 23
27 6 22
24 7 16
62 4 33
27 5 10
26 1 32
14 7 12
40 6 24
3 4 31
61 5 12
61 2 18
6 5 40
24 3 27
60 5 26
27 8 8
46 3 37
50 8 19
55 4 16
45 5 29
8 3 35
6 1 20
32 1 40
58 2 7
53 7 2
48 5 28
8 7 39
7 8 37
46 5 21
60 3 22
35 1 12
1 3 33
43 4 7
42 5 25
38 4 25
59 3 33
61 3 15
54 5 15
10 6 24
17 1 13
61 6 12
63 7 30
48 7 11
39 7 3
61 6 22
2 7 21
46 1 1
21 2 35
30 1 6
36 8 35
3 6 27
18 6 33
48 2 1
50 7 34
28 7 27
16 7 35
33 1 16
44 3 1
22 8 37
21 4 2
13 7 12
63 1 19
6 4 38
37 6 23
55 1 39
36 6 30
1 1 18
2 2 8
50 8 40
58 5 17
43 3 33
42 1 24
26 8 34
4 4 26
58 6 24
40 1 14
54 3 19
2 3 16
35 7 12
5 1 25
44 2 36
11 5 38
54 2 32
7 4 6
32 5 24
43 2 17
21 3 30
51 2 39
14 7 26
34 6 26
1 4 32
10 2 32
3 7 15
49 8 34
56 1 30
52 3 30
7 8 5
5 8 10
33 5 14
24 6 28
8 1 24
4 1 8
53 7 24
12 3 13
32 2 30
36 5 10
12 6 32
50 5 5
31 5 4
22 7 1
31 6 11
43 1 26
9 6 12
39 3 9
58 8 39
49 3 34
15 4 12
60 1 15
21 8 20
40 3 9
19 3 19
18 3 21
35 8 15
29 6 38
8 6 32
19 2 32
18 4 31
41 8 14
40 7 9
41 2 19
62 6 35
63 5 10
55 8 24
9 2 39
25 6 36
8 3 3
33 8 10
53 8 13
51 4 13
9 8 22
2 6 34
7 4 8
45 5 11
54 8 8
36 4 1
11 6 20
2 7 15
15 8 2
32 6 20
34 4 29
32 6 40
14 1 35
50 7 17
47 1 30
23 3 36
35 4 4
59 8 7
33 4 1
3 4 11
38 2 40
35 8 34
22 4 10
4 4 38
23 5 2
36 5 34
4 4 9
41 4 4
9 7 6
63 4 10
55 3 37
58 4 9
19 1 16
5 3 25
22 5 32
42 6 6
62 4 37
60 5 26
11 7 13
4 1 19
8 3 12
58 6 17
49 2 11
38 5 37
26 2 4
16 8 38
20 2 4
13 1 5
34 2 14
44 2 13
15 2 35
43 1 40
51 8 22
4 1 37
44 1 23
23 1 15
57 2 36
54 1 3
41 8 38
20 4 34
16 1 1
45 8 8
14 5 8
9 6 14
3 1 30
50 8 36
55 3 38
32 5 23
1 5 23
57 7 9
55 6 31
9 6 34
24 1 7
59 5 21
32 8 1
2 8 14
31 5 28
43 4 17
4 3 32
5 5 11
1 4 37
37 1 9
6 6 26
56 4 21
14 3 32
6 1 24
49 2 16
45 3 22
49 3 5
29 8 6
49 1 1
34 6 40
8 8 11
44 5 23
14 4 13
35 3 24
4 3 27
16 8 22
31 7 24
46 3 29
60 2 30
22 1 6
45 1 20
9 6 34
7 6 9
49 2 7
16 6 26
3 8 37
37 2 2
50 6 29
58 4 32
9 7 31
2 4 3
18 2 11
59 7 15
28 7 2
62 6 21
4 6 4
35 5 35
44 4 23
53 5 21
11 6 3
48 8 35
21 5 34
35 1 25
45 6 11
22 5 30
48 4 18
3 4 19
11 2 12
31 7 9
9 2 4
20 1 8
29 4 12
54 5 40
24 8 31
44 7 4
41 4 17
49 6 13
21 5 13
24 1 9
32 6 31
19 3 34
3 2 26
15 6 18
46 6 28
22 3 20
14 7 14
15 1 28
59 2 2
31 3 26
35 2 16
55 7 30
15 6 33
61 1 18
11 5 33
16 1 7
52 8 18
56 1 21
18 4 32
58 8 39
47 7 11
14 2 32
62 1 20
5 8 2
53 5 15
52 5 2
34 8 12
14 1 2
15 3 12
48 3 32
39 2 35
56 4 22
45 4 19
52 2 12
23 5 25
18 7 19
12 7 9
32 3 2
29 6 38
1 3 2
35 4 33
27 7 25
14 5 12
5 7 30
60 6 30
44 3 13
51 5 3
56 3 3
13 3 25
52 2 7
15 3 40
31 7 6
53 6 32
9 5 2
23 3 22
40 5 20
61 8 19
31 4 23
54 5 4
60 1 16
24 6 1
57 6 26
44 8 14
45 1 9
15 6 38
26 1 31
27 8 13
34 5 4
30 2 3
12 7 3
18 4 25
28 4 29
13 6 19
38 8 31
41 4 28
51 6 21
28 5 37
21 5 10
27 4 27
20 6 13
26 2 33
2 8 20
9 5 9
12 7 35
23 1 23
62 1 38
58 6 7
14 6 27
54 3 39
20 4 25
40 4 24
20 3 27
4 4 31
7 8 34
43 4 13
22 8 9
7 3 35
32 8 15
19 6 23
62 2 30
32 8 6
10 6 6
36 8 6
17 5 15
23 6 20
4 3 11
24 5 7
37 8 13
52 6 3
42 8 24
59 7 28
8 7 29
36 7 12
44 1 38
10 3 37
7 3 8
61 6 31
9 3 17
47 7 15
30 6 32
63 7 26
52 4 25
55 8 9
61 1 25
38 1 22
62 3 22
30 6 16
58 4 23
3 5 8
42 2 38
1 6 8
26 6 22
7 4 18
41 1 14
59 2 6
28 4 14
54 7 10
15 8 37
22 3 23
19 8 31
33 7 18
36 1 24
39 7 39
24 7 15
9 6 8
59 4 36
24 8 29
21 8 20
55 3 37
28 2 16
34 3 20
15 5 21
36 6 38
21 1 39
16 5 28
10 7 25
9 1 9
40 7 7
30 6 38
62 5 32
12 4 1
19 1 25
11 5 34
53 8 34
61 5 32
17 1 8
1 8 17
15 3 10
3 5 10
49 4 34
2 5 26
43 3 19
53 1 9
57 2 9
62 3 25
43 5 2
46 6 25
45 4 20
34 8 19
29 5 9
6 7 16
1 7 39
3 2 18
43 4 22
51 3 30
53 8 26
19 4 30
21 3 17
22 5 2
42 7 29
36 4 39
45 7 19
9 6 34
45 8 29
38 5 15
11 2 35
63 3 33
62 2 10
4 2 15
18 7 26
30 1 4
43 6 11
42 5 29
9 4 31
49 2 35
34 7 32
55 7 13
25 2 8
13 7 39
63 2 21
53 5 20
29 6 25
49 3 32
32 5 37
45 3 11
36 4 24
48 5 2
25 5 18
56 5 32
2 5 40
25 6 9
23 6 9
23 4 12
18 7 13
7 7 33
27 4 35
26 7 40
11 1 29
50 7 2
32 2 19
44 2 27
11 8 6
41 4 10
37 7 31
56 3 30
38 1 32
11 8 39
53 7 23
50 5 16
12 3 35
6 3 18
14 5 27
7 4 7
40 3 38
58 6 3
34 4 19
38 1 2
59 6 16
10 4 5
28 5 2
56 8 12
59 8 28
7 7 29
19 3 27
42 7 37
35 8 13
36 3 26
42 3 8
16 5 8
34 4 24
27 6 20
49 8 12
61 3 13
2 1 20
7 8 18
28 3 23
34 8 18
55 7 31
3 2 11
15 8 30
33 8 18
49 1 3
9 1 35
55 2 38
13 7 31
63 7 30
12 7 5
25 3 9
34 6 38
51 4 6
41 8 40
38 7 27
10 2 38
20 8 29
35 4 23
63 4 38
13 2 27
56 6 7
53 5 10
10 6 39
54 2 22
29 3 12
32 8 9
56 7 24
39 3 31
38 1 10
45 6 2
18 2 12
50 2 37
4 1 18
8 3 35
9 7 21
63 4 1
1 4 14
17 7 26
27 1 17
42 7 20
49 3 18
12 7 28
58 1 19
36 1 24
24 6 8
13 2 33
38 8 31
42 5 17
36 6 27
38 1 7
1 6 9
41 3 9
23 2 40
10 2 4
12 2 23
47 3 39
11 5 35
25 3 17
2 4 7
40 4 18
22 7 18
12 6 33
23 8 30
21 7 14
21 7 3
47 1 33
2 3 24
24 3 33
2 5 24
40 1 8
34 2 7
31 3 32
16 8 10
45 1 18
50 8 24
39 8 26
19 8 31
49 1 40
37 1 4
4 5 6
9 4 23
3 5 33
8 4 17
47 1 40
8 6 9
60 4 26
54 2 12
16 7 3
61 1 26
51 7 20
58 7 9
6 5 18
62 7 24
62 7 37
33 5 6
7 2 38
57 6 8
55 6 32
54 1 36
27 3 32
56 6 6
1 5 13
25 4 17
27 7 37
47 1 6
33 6 7
54 4 35
24 8 24
16 3 9
18 6 39
28 1 36
15 7 19
35 5 37
42 2 33
52 2 6
57 2 35
4 2 35
17 5 35
39 1 38
51 4 36
21 7 17
32 2 22
16 3 14
7 4 18
8 3 40
16 8 5
45 2 19
1 2 11
17 5 7
33 6 5
41 1 16
7 4 31
17 5 1
27 6 7
27 2 5
16 3 26
62 4 16
12 1 19
58 3 20
32 3 37
49 4 16
48 5 38
44 3 22
24 4 40
55 8 10
52 1 17
11 4 21
55 4 24
42 3 34
35 1 11
6 7 12
29 2 34
22 1 40
26 6 5
40 3 21
14 5 2
18 4 7
18 3 11
60 7 6
2 5 28
43 8 21
19 8 5
27 8 12
27 5 8
32 3 21
1 6 6
11 1 22
26 3 22
39 2 40
17 7 21
38 8 25
1 6 16
25 4 8
51 1 5
20 8 9
7 2 11
17 1 23
6 1 12
44 6 30
44 7 32
11 3 34
43 6 2
4 3 34
37 3 34
28 4 33
50 6 5
35 5 25
54 7 4
4 7 26
57 5 2
18 3 34
36 3 5
57 4 34
16 3 20
20 8 22
36 3 6
56 2 4
8 4 14
31 4 13
61 1 1
3 7 23
43 7 10
38 3 5
61 8 26
56 2 22
16 4 34
5 2 38
62 8 24
53 1 20
16 2 7
42 5 17
1 3 4
1 2 4
6 7 18
48 1 5
59 4 32
14 8 39
55 1 37
48 7 34
11 2 20
36 7 38
26 6 36
16 3 31
62 5 40
12 8 31
59 1 7
55 6 18
14 3 27
7 4 14
47 8 35
57 7 24
44 3 4
26 3 20
22 8 18
6 4 6
23 6 4
59 1 16
6 1 22
58 2 35
8 5 7
50 6 12
30 8 27
41 1 20
30 4 22
26 7 25
26 2 20
28 8 32
55 7 9
44 5 18
35 3 1
47 8 31
5 5 4
13 2 36
36 5 13
27 5 36
26 6 26
35 4 10
49 6 12
52 6 22
12 8 9
8 8 15
3 8 36
19 4 18
29 1 5
60 8 9
10 2 23
26 2 4
21 5 35
54 2 11
43 3 6
48 8 31
14 4 19
50 1 10
53 2 22
11 1 8
32 2 10
16 1 29
8 6 37
9 6 13
58 2 11
47 1 21
29 3 21
44 6 12
33 5 1
36 1 2
59 1 13
18 4 29
56 7 23
11 1 5
42 5 20
52 8 37
15 5 20
5 2 12
21 7 20
54 3 31
53 5 31
34 1 34
4 2 19
2 7 1
35 5 14
52 8 30
11 3 27
24 1 34
44 5 32
33 7 18
1 6 37
54 4 21
17 7 11
17 4 24
38 4 12
42 1 35
32 5 33
42 1 25
14 1 9
27 4 6
4 5 39
41 7 20
26 2 7
17 2 7
37 1 15
14 5 37
49 1 16
43 1 20
15 8 19
41 7 6
5 6 1
10 4 38
6 7 20
29 6 40
30 4 17
45 5 37
56 3 24
2 8 15
11 4 2
47 2 28
12 5 10
38 3 24
14 7 2
32 3 21
55 4 32
29 1 13
20 7 15
61 5 12
59 8 39
15 8 5
61 6 29
47 3 13
39 1 3
21 6 33
2 7 11
10 8 25
33 1 28
51 3 34
44 1 12
40 2 30
29 3 26
33 5 35
24 5 26
38 3 14
13 3 39
31 8 38
61 7 20
62 5 25
21 7 10
28 7 34
43 2 13
22 6 26
14 8 33
44 6 8
28 6 6
48 5 13
59 7 20
42 4 3
21 3 38
40 2 18
46 6 27
52 3 29
10 3 39
4 6 7
34 3 32
3 4 16
6 7 22
43 4 18
15 3 17
13 4 2
43 7 15
7 7 27
15 6 23
11 2 27
31 5 6
8 4 23
18 2 37
12 7 36
9 3 6
50 4 27
11 7 26
30 5 15
20 6 35
5 8 9
9 3 27
52 1 40
57 7 21
47 2 4
13 3 10
30 2 18
7 5 22
39 3 36
2 8 29
50 5 32
37 7 35
7 4 12
57 1 7
48 8 36
24 5 34
20 4 20
60 8 9
23 8 9
22 1 28
31 8 38
49 5 26
55 4 21
50 7 39
3 6 12
17 2 8
26 4 25
48 5 39
30 7 24
26 1 4
13 8 10
44 4 6
5 1 36
25 8 38
2 3 23
49 6 40
9 1 13
40 5 39
28 1 12
28 1 33
23 1 25
29 4 35
15 4 9
38 3 11
8 6 3
2 4 8
13 6 39
46 7 24
28 3 7
55 4 12
41 2 15
26 5 38
17 4 11
18 6 5
63 6 5
52 4 19
14 1 3
44 5 5
11 2 12
11 5 34
59 6 20
24 4 22
38 3 30
8 8 16
1 2 8
53 3 15
14 3 13
9 1 20
23 4 16
33 7 33
23 5 25
45 1 30
5 6 6
8 2 13
52 8 12
46 5 7
3 6 7
18 8 27
17 1 14
58 6 38
40 2 17
48 1 14
49 4 33
55 1 2
30 7 6
19 7 14
32 8 31
44 5 20
33 5 29
62 1 38
42 4 25
1 1 12
4 4 24
46 2 13
11 7 13
34 5 37
35 3 36
36 4 27
19 8 22
13 8 40
11 4 16
5 8 22
3 1 26
27 2 18
10 6 35
48 8 16
5 5 36
23 8 6
10 3 16
9 1 3
46 6 40
40 4 35
19 7 7
48 2 33
10 1 18
18 3 12
14 6 30
23 6 17
45 5 34
44 8 7
28 5 27
43 4 31
34 7 5
62 6 35
32 3 15
37 4 14
46 5 36
45 6 10
3 6 22
52 5 27
31 8 37
50 2 24
21 4 6
4 1 8
5 8 20
55 8 3
9 1 28
26 6 17
43 8 4
55 5 3
55 8 38
28 8 29
18 7 28
51 4 28
33 3 2
29 2 17
15 2 15
23 2 18
43 5 7
49 5 33
19 6 10
11 6 36
61 8 27
12 5 20
31 2 31
8 3 8
30 2 30
57 3 13
35 5 22
42 5 35
35 2 10
8 1 5
61 3 6
62 5 37
40 2 22
56 1 39
5 6 24
15 1 37
37 5 29
3 1 1
17 8 31
51 5 40
53 5 24
61 2 17
38 8 32
12 8 31
7 2 8
15 8 35
25 6 25
52 6 16
7 8 28
49 2 21
40 6 12
40 6 30
53 3 31
37 2 9
63 4 34
10 2 36
5 7 22
15 5 18
43 4 13
21 1 5
1 3 27
51 2 19
47 8 32
9 8 32
11 6 2
44 4 17
1 7 37
45 3 36
30 1 20
42 7 16
16 3 23
28 8 20
12 1 17
14 6 40
59 7 4
10 2 24
1 2 15
50 3 35
50 4 5
32 4 35
19 6 26
53 7 9
15 3 31
11 5 35
57 4 21
52 6 31
31 7 40
7 1 1
41 6 13
33 8 9
29 8 18
31 5 5
47 6 14
44 7 40
46 2 23
9 5 3
53 4 21
61 7 33
57 2 36
9 3 6
40 4 9
32 3 5
4 7 11
37 8 39
9 4 25
27 1 14
45 1 13
46 8 34
56 5 20
3 7 14
43 5 6
41 7 16
12 7 8
22 3 37
36 7 10
63 1 17
45 7 19
5 6 17
32 8 26
20 6 21
32 5 8
25 8 19
26 2 26
2 5 11
12 2 7
3 5 6
9 1 25
49 7 33
6 1 10
12 1 31
41 1 3
39 2 1
42 1 15
37 6 3
34 5 3
37 4 15
53 2 26
58 7 24
37 5 16
58 7 2
56 8 5
8 7 39
58 1 27
34 3 27
45 2 24
25 1 24
2 6 23
24 6 20
37 1 31
24 1 6
22 6 19
29 7 6
54 6 10
29 3 33
20 2 31
16 3 35
51 6 7
44 1 9
7 6 10
31 3 27
56 2 10
53 2 8
14 4 26
37 5 9
51 5 23
28 1 21
39 3 17
37 5 10
23 8 23
37 7 28
35 8 13
20 4 6
56 6 19
47 5 36
39 1 13
18 5 37
62 2 23
57 4 15
17 6 33
46 8 19
38 5 8
33 5 29
52 6 18
2 5 19
1 2 38
7 2 4
34 5 30
41 4 32
26 3 19
39 4 9
33 1 35
23 8 18
4 3 37
40 8 18
5 7 20
2 7 9
24 2 25
10 1 27
17 5 39
4 6 33
7 4 27
44 3 38
29 2 6
50 7 24
44 3 18
47 2 29
11 6 11
62 8 33
39 8 1
63 2 28
41 4 9
62 2 23
7 4 17
13 5 15
22 6 29
61 3 10
51 6 34
18 6 15
38 8 25
50 7 34
32 8 28
32 4 39
7 2 40
20 5 6
42 5 26
61 4 29
45 8 14
1 2 36
12 2 32
37 2 11
40 2 31
42 6 20
18 1 11
61 6 3
46 7 11
42 6 23
47 8 8
61 5 33
35 4 24
63 4 16
23 3 37
36 2 35
6 4 24
14 2 23
25 8 13
22 5 26
10 4 4
35 8 38
19 6 26
49 7 36
1 6 38
35 7 37
8 5 12
52 2 18
57 6 35
37 3 37
56 3 40
44 1 26
41 4 9
22 3 19
26 7 22
59 8 25
30 3 32
7 1 22
48 5 38
53 4 19
14 7 35
59 4 14
58 4 22
15 7 30
46 8 31
36 8 13
2 7 20
9 1 36
63 2 34
36 3 38
31 5 31
53 3 14
60 7 26
37 1 26
44 2 12
35 5 19
23 6 17
31 7 28
47 1 22
57 4 19
47 3 40
23 2 24
60 4 1
7 1 12
35 1 3
44 4 28
36 4 9
29 6 27
55 6 23
37 4 4
11 4 31
63 5 24
37 4 27
58 4 7
36 3 4
51 4 39
23 1 21
42 8 18
37 7 27
3 2 17
38 3 31
14 2 4
30 1 25
20 7 38
42 3 17
47 7 2
39 8 29
29 5 6
41 1 34
35 5 18
33 2 14
30 4 19
12 5 1
56 4 8
24 5 27
6 1 9
37 2 34
45 2 11
51 4 8
31 6 19
6 2 12
13 2 9
10 7 3
12 2 26
36 3 40
59 6 8
1 3 8
51 3 39
61 8 33
2 4 22
33 1 30
41 8 1
27 5 6
60 5 35
47 2 35
24 1 40
30 8 27
17 7 31
24 6 11
10 8 35
53 3 6
2 6 7
47 3 25
22 7 30
40 1 40
34 6 39
33 3 32
42 5 38
6 8 21
39 5 19
31 5 7
45 4 35
53 2 36
51 5 21
62 1 4
16 5 28
52 4 38
32 1 25
62 7 18
11 6 17
57 2 3
38 5 11
30 5 12
4 3 33
7 5 3
38 4 20
50 3 4
58 1 7
10 7 9
55 1 40
56 3 39
16 4 30
47 4 30
44 7 39
38 5 34
19 8 29
43 1 28
25 2 16
21 1 40
48 1 23
30 3 27
56 3 4
59 8 31
42 4 22
36 6 25
63 3 30
21 1 13
26 1 28
52 4 40
35 4 12
36 4 14
41 4 27
7 6 35
62 5 21
9 7 13
60 3 6
24 3 21
3 3 16
63 3 8
51 2 4
38 1 36
53 3 12
24 7 22
46 8 12
3 1 13
18 5 25
6 8 28
24 2 24
43 6 14
56 4 24
18 3 2
3 6 28
24 2 4
18 2 25
28 8 18
31 6 38
20 6 27
24 5 29
23 4 28
52 7 5
4 3 27
2 6 15
16 8 3
7 2 21
41 7 22
26 7 35
26 2 30
41 1 25
22 5 4
15 2 27
57 7 13
45 6 31
39 3 22
31 4 25
49 4 2
38 3 1
43 4 20
9 4 17
18 5 8
16 7 11
43 2 19
48 4 1
44 3 18
22 7 23
62 5 31
6 6 25
37 6 16
61 6 40
28 8 11
8 2 27
5 3 12
23 2 20
33 4 23
41 5 12
20 8 31
14 3 8
52 2 14
46 1 14
43 4 3
33 3 18
63 8 7
40 7 23
36 5 7
21 3 4
1 4 2
50 1 29
1 7 21
55 1 14
23 5 5
11 4 11
51 1 37
60 8 15
33 7 5
21 8 14
16 6 5
61 2 18
50 4 1
37 4 18
51 7 2
46 5 23
62 6 32
45 2 18
51 2 5
44 7 23
26 5 26
3 8 5
25 6 34
10 2 23
19 4 29
52 2 19
34 2 8
33 3 36
62 5 8
52 3 11
12 3 11
42 5 30
52 8 27
16 8 24
51 1 3
42 7 23
30 5 26
63 7 6
32 1 20
53 1 28
10 2 8
57 6 18
43 1 24
32 1 12
23 3 1
54 1 6
6 8 22
55 7 22
58 6 13
63 7 20
6 7 15
32 4 15
4 2 25
61 1 33
20 4 25
45 2 31
46 2 29
10 8 20
40 4 32
8 2 4
41 3 8
20 1 37
4 1 34
47 5 3
60 3 27
8 4 20
33 3 39
39 6 13
9 2 24
28 4 23
30 3 20
47 5 32
18 2 9
35 6 3
52 2 8
51 2 27
39 2 17
42 6 23
5 6 27
36 5 37
62 8 11
29 8 23
45 7 25
5 1 30
9 1 35
60 7 7
15 3 12
41 3 32
23 1 39
36 7 35
49 6 22
24 4 3
16 7 28
48 1 1
49 3 28
29 8 23
57 5 7
48 6 32
27 1 12
40 6 4
30 1 24
10 2 20
17 4 9
32 8 35
15 6 4
1 3 6
51 1 26
13 3 37
6 2 13
53 6 37
22 6 33
14 1 13
31 6 18
47 2 3
63 5 21
8 6 2
12 5 14
1 8 27
60 6 1
16 8 21
6 8 22
32 8 5
23 6 35
16 4 2
36 1 26
16 8 32
32 5 17
47 2 16
55 8 8
18 5 21
6 6 19
45 3 3
18 2 21
37 5 20
22 6 10
34 3 34
3 3 16
57 4 38
42 4 35
62 2 19
43 2 17
42 7 9
58 4 15
38 5 24
36 7 9
25 6 17
29 2 28
46 8 2
13 3 34
52 6 29
34 3 11
10 5 3
45 7 15
11 7 30
60 4 39
17 6 35
36 7 36
62 7 6
50 6 36
59 2 4
63 7 4
28 3 28
8 7 22
10 3 10
51 7 28
9 4 1
51 1 30
59 4 34
54 4 30
15 7 3
62 3 2
7 7 23
29 2 23
44 4 18
1 4 13
32 6 32
35 5 2
61 2 33
33 5 29
47 6 13
43 6 20
57 5 8
8 6 26
24 1 5
23 2 26
19 2 21
11 6 34
24 6 38
30 7 26
6 7 25
23 3 36
22 8 30
62 1 3
54 2 16
3 4 4
61 7 31
55 5 30
39 2 2
24 6 11
33 4 25
31 4 18
7 3 34
61 6 34
17 3 9
55 7 11
45 8 22
13 3 3
21 2 13
41 2 3
13 2 7
38 4 26
19 1 20
53 7 20
15 3 6
4 1 20
45 1 33
18 2 30
52 8 1
55 4 29
61 8 2
4 7 12
49 6 26
23 1 7
19 3 10
52 4 2
21 4 27
33 1 39
34 6 21
7 8 11
59 8 35
40 8 37
28 7 27
22 7 16
41 5 1
43 4 3
60 2 8
8 3 33
59 1 36
33 3 19
16 5 18
58 4 11
40 8 10
30 5 23
33 3 3
60 8 9
8 6 30
16 8 15
16 6 29
50 8 6
7 6 15
27 6 36
23 7 35
7 5 21
46 6 10
44 3 23
7 1 34
55 3 31
35 7 35
51 2 37
37 4 36
44 1 4
63 5 14
26 7 17
44 6 5
31 6 10
15 4 23
31 3 16
8 3 22
50 4 15
39 8 1
11 3 10
25 2 36
24 2 23
21 1 7
51 4 15
43 6 19
13 6 13
10 6 21
45 2 5
15 6 38
35 2 31
13 3 9
27 6 18
17 7 11
15 2 22
42 5 27
47 1 22
37 1 40
13 6 8
62 5 13
28 3 23
15 6 40
2 6 27
56 5 4
39 8 30
17 5 12
2 4 34
63 3 37
59 4 17
51 8 11
48 2 16
44 2 17
13 4 19
23 3 33
31 2 11
59 3 6
61 5 39
29 4 2
35 7 15
34 3 36
28 2 32
7 4 33
1 1 22
30 3 3
36 6 24
49 3 11
54 8 31
15 3 18
14 7 32
36 5 15
5 3 40
62 3 2
8 4 29
35 5 36
57 6 24
23 6 9
11 6 38
10 7 6
45 5 34
30 7 12
39 1 1
6 3 5
21 6 17
53 2 32
34 3 19
1 2 39
50 6 36
56 7 12
6 4 27
25 6 29
60 5 20
44 7 33
35 3 15
54 3 20
11 2 4
25 7 31
44 5 40
23 3 39
32 8 24
12 8 32
25 3 11
58 6 6
50 5 20
16 4 36
2 2 32
6 5 12
53 6 23
30 5 3
10 8 39
60 4 12
51 2 26
40 1 12
33 3 34
28 8 34
40 6 37
42 3 17
23 4 36
28 2 7
52 3 3
3 7 39
27 1 27
54 4 26
52 3 20
4 2 33
35 5 37
36 4 2
38 1 36
42 7 8
19 2 19
17 8 33
21 1 15
42 3 1
27 8 16
36 1 28
44 4 27
30 8 33
6 5 21
59 4 10
38 5 20
32 5 17
26 3 5
30 2 3
13 4 22
1 8 35
31 8 5
5 5 20
17 1 21
17 3 37
32 5 1
17 6 39
23 1 32
25 8 8
54 2 3
55 8 4
50 3 40
5 8 10
61 3 3
16 5 26
38 4 17
38 7 15
2 1 37
8 8 8
54 1 34
53 7 19
6 6 18
60 2 8
33 3 25
12 5 21
53 6 4
46 8 14
5 1 34
12 3 30
11 3 22
44 5 36
48 5 7
17 2 18
61 8 28
48 3 9
12 6 17
57 1 2
25 5 14
9 1 20
47 2 35
6 8 11
45 5 34
39 6 33
34 3 39
38 6 28
15 7 25
60 7 3
48 3 33
38 7 28
41 7 20
53 3 5
63 8 26
54 4 15
41 3 15
37 2 35
59 6 3
62 4 9
16 6 7
15 4 3
24 8 14
7 3 38
3 1 34
1 4 33
61 3 4
52 7 9
5 6 15
47 1 40
54 6 7
4 7 36
59 7 18
30 7 33
39 8 26
46 1 33
58 2 13
52 1 15
8 8 23
24 3 29
47 6 16
63 1 19
42 4 23
7 8 16
7 8 2
37 8 16
22 5 6
52 8 13
1 5 24
4 6 7
20 6 11
54 4 27
60 6 23
57 3 11
7 2 32
24 5 3
17 4 14
40 7 23
46 4 30
56 2 37
47 6 20
1 7 35
39 2 20
41 2 15
56 2 1
32 2 9
55 4 1
55 7 37
13 6 28
39 4 38
24 2 2
56 7 37
10 5 16
40 5 15
53 6 25
40 4 14
1 3 30
17 5 30
45 6 19
22 3 28
12 2 18
5 2 15
52 2 40
56 2 27
43 3 37
50 4 6
62 3 7
39 1 19
9 1 7
19 6 21
36 1 24
39 3 24
20 5 24
50 6 17
25 4 21
33 3 32
24 8 8
32 6 38
46 5 22
55 8 24
47 8 40
36 6 8
39 6 40
26 7 3
7 1 10
55 5 35
7 4 25
6 3 3
9 5 5
6 3 16
52 2 38
61 1 19
54 8 13
54 7 18
40 4 1
11 1 17
62 4 25
50 7 9
43 5 5
5 6 10
50 7 32
16 3 6
58 5 25
37 6 32
15 6 25
14 3 12
33 5 11
14 5 35
42 1 10
21 1 5
18 7 4
50 7 20
58 2 3
62 8 24
39 6 39
19 4 24
60 2 32
29 3 6
60 1 18
28 3 1
23 5 4
26 5 36
24 4 17
11 6 13
23 2 28
51 6 39
40 1 27
55 8 19
8 2 5
1 3 29
54 5 19
8 1 27
7 5 37
24 1 22
48 3 33
34 2 39
9 1 5
25 5 6
57 5 13
59 5 32
14 1 9
11 6 39
6 1 17
52 7 35
26 2 4
26 4 33
51 4 3
36 7 17
57 2 1
18 6 11
19 2 40
27 2 1
50 4 18
53 6 3
23 8 15
30 6 36
53 5 33
25 7 26
3 1 26
48 5 31
19 4 15
26 4 8
36 5 7
55 2 7
61 2 13
44 2 19
31 1 11
22 4 3
61 2 34
32 5 33
27 2 27
50 6 29
61 6 8
33 1 7
7 6 6
42 2 27
35 1 1
31 5 18
45 3 4
45 3 33
25 5 6
60 2 4
34 6 10
51 2 5
12 1 24
36 2 15
31 5 30
47 5 10
40 2 5
16 1 25
39 5 4
46 5 1
4 3 26
50 3 11
48 3 17
10 2 18
47 3 12
5 8 9
2 2 6
11 8 16
39 4 20
29 6 28
38 5 3
23 8 16
50 1 20
32 8 26
58 5 2
26 1 7
50 5 25
61 2 1
43 6 29
44 7 26
40 5 4
34 1 25
44 2 21
36 7 20
30 8 15
3 7 14
2 4 15
56 6 30
59 2 21
38 7 19
54 3 2
50 2 6
2 1 17
57 2 35
10 4 38
45 4 30
60 5 2
8 2 12
10 5 10
61 3 36
38 7 35
28 2 18
27 7 15
21 2 3
26 7 15
23 1 14
5 8 22
34 6 20
40 3 17
59 1 4
54 6 39
21 2 38
31 5 3
48 3 14
1 2 40
36 5 33
46 2 11
50 3 16
48 6 21
42 4 7
45 1 9
55 2 7
35 8 36
13 4 9
50 7 27
55 3 18
22 5 33
37 3 20
20 5 21
29 8 29
11 7 26
14 4 13
3 5 3
1 6 31
37 1 8
36 6 31
23 7 29
11 2 25
54 2 13
11 7 27
38 7 8
31 2 35
19 1 4
53 5 21
36 7 21
14 7 6
35 1 21
23 8 28
17 6 36
29 4 36
20 4 28
53 5 32
55 6 26
37 8 20
43 1 16
54 1 21
10 8 15
57 1 23
4 8 7
51 5 6
59 8 15
4 1 6
48 6 20
54 5 3
3 2 4
21 2 29
49 2 37
21 4 21
16 3 10
59 8 20
9 1 15
39 8 31
37 1 22
26 1 34
36 8 17
38 8 3
35 7 6
63 6 8
21 1 28
21 7 19
63 7 23
16 8 15
42 1 30
35 1 6
39 5 26
31 8 16
20 4 25
57 8 32
33 6 6
9 6 33
50 1 14
24 3 16
46 2 12
6 5 35
1 1 12
32 3 38
2 7 23
35 3 39
26 7 37
50 7 9
21 5 33
49 1 17
36 4 6
8 5 16
29 7 28
16 8 29
20 6 28
15 1 9
53 4 20
32 1 10
27 6 40
60 1 8
7 1 14
34 4 5
55 7 4
59 3 26
14 3 36
62 2 2
4 1 13
46 7 37
41 2 15
55 1 36
39 4 16
26 2 12
14 1 21
45 3 8
56 2 12
57 1 14
38 7 39
41 7 23
30 5 36
48 4 15
20 1 36
29 8 8
3 1 8
63 4 15
52 6 27
41 2 28
21 8 25
59 6 11
19 3 17
33 3 3
37 6 21
28 5 38
56 7 3
39 8 34
8 6 17
61 6 29
50 4 28
42 8 27
31 4 25
4 7 26
32 3 15
61 6 34
20 8 22
35 1 6
32 1 22
26 1 4
52 5 1
43 6 23
34 6 28
22 6 31
42 1 26
41 3 16
20 2 23
12 2 6
21 3 28
45 6 27
7 5 28
52 2 35
43 6 18
63 1 25
32 3 3
35 3 10
52 2 25
34 6 11
56 4 37
58 5 36
63 2 14
37 3 4
34 6 36
19 5 3
3 3 32
21 2 29
35 8 35
30 6 32
39 4 8
44 2 5
25 3 9
21 7 1
31 6 16
18 8 25
63 7 32
22 8 7
51 2 38
51 5 38
13 3 20
36 8 22
62 6 19
38 5 26
54 6 29
27 1 1
12 8 9
41 6 40
60 5 2
23 3 9
36 1 38
44 3 39
17 7 39
20 5 12
63 5 26
8 3 14
11 5 2
59 8 38
62 6 15
26 3 7
7 8 30
37 1 25
55 1 39
57 6 19
62 2 38
4 1 4
2 5 29
12 6 37
6 2 27
52 4 8
34 2 33
59 2 27
9 5 10
58 1 14
37 5 13
33 1 17
22 8 11
33 4 21
9 7 31
5 6 22
46 7 28
52 6 16
49 2 34
19 1 6
29 4 11
46 6 19
18 8 17
54 4 24
30 2 38
17 7 37
48 6 19
28 4 39
4 4 1
53 4 9
51 8 5
37 2 35
19 4 9
34 5 19
24 5 6
22 1 21
34 3 9
10 8 29
5 7 35
52 4 2
22 2 39
47 2 2
7 2 16
61 6 26
23 7 29
57 2 22
17 3 17
50 8 16
20 2 35
62 7 30
28 1 29
21 3 17
3 8 32
60 7 37
47 4 30
56 4 29
20 7 9
19 5 19
35 2 17
3 4 29
54 3 7
29 5 29
42 5 8
59 5 2
22 5 19
17 4 36
52 5 17
62 4 20
49 7 39
56 2 34
31 6 4
28 4 23
7 3 5
30 3 38
40 5 36
16 6 19
16 7 17
41 8 23
56 1 27
5 8 12
47 7 31
24 2 21
26 5 1
12 7 19
53 7 5
54 2 11
12 3 20
19 5 20
48 3 18
12 2 10
4 5 24
41 3 32
39 3 17
3 4 4
31 5 35
39 7 23
15 7 37
46 4 24
59 4 23
28 8 22
8 1 34
62 1 12
2 1 29
5 4 8
6 1 25
36 6 20
12 2 5
9 6 26
19 8 22
57 5 3
28 5 5
59 2 27
56 8 3
42 4 11
16 5 4
47 6 31
21 6 35
39 4 23
62 6 13
31 7 8
30 7 9
28 7 29
33 3 20
15 2 28
39 7 30
33 8 3
48 6 3
43 4 1
48 8 2
9 1 19
41 4 15
31 8 37
22 4 31
17 7 24
49 4 20
57 3 39
58 4 5
42 7 1
5 1 26
31 2 1
13 1 30
56 4 21
8 7 36
4 5 34
4 2 13
21 4 1
38 1 22
48 4 24
15 7 33
27 4 32
42 5 4
52 6 15
26 1 28
15 7 34
4 7 6
9 2 25
63 5 25
18 3 5
11 2 15
49 2 12
63 6 38
22 1 16
40 1 18
46 1 22
25 1 34
14 7 34
36 2 40
43 6 40
52 4 27
11 3 28
11 4 33
28 3 12
63 2 17
17 2 19
57 2 38
8 6 17
59 2 26
55 1 36
36 7 32
25 3 13
30 7 40
16 3 24
7 8 14
29 3 38
45 6 7
8 6 10
15 2 26
19 2 9
41 6 15
40 6 34
46 7 25
34 6 9
27 4 6
2 5 32
56 7 6
23 1 13
25 4 24
56 3 21
6 6 17
47 3 23
54 2 16
61 5 27
38 4 18
35 6 35
63 4 40
40 6 9
42 4 39
26 8 9
33 4 22
4 1 27
33 4 33
6 7 36
11 4 1
1 2 17
45 6 8
33 2 18
51 1 10
55 3 18
49 3 1
36 2 28
28 8 28
24 3 24
7 7 33
21 4 18
62 6 29
14 5 27
41 5 15
6 5 38
54 5 21
10 3 31
19 5 21
21 6 22
1 2 33
30 3 19
48 7 33
26 8 4
16 7 22
19 6 15
47 4 13
36 6 40
40 4 5
35 2 40
3 3 9
41 5 26
10 8 40
59 5 25
57 4 12
26 6 22
59 2 34
37 8 18
46 2 12
26 2 7
42 6 13
54 8 9
11 2 12
7 1 22
43 1 16
57 7 21
27 7 30
25 4 24
19 4 37
11 4 27
6 6 31
61 5 6
55 1 38
54 3 31
25 2 33
22 1 30
60 6 29
23 2 33
34 5 12
45 6 35
23 6 17
43 7 18
15 4 18
35 2 8
34 3 8
6 1 8
61 3 10
30 5 35
45 3 30
8 6 23
43 8 38
54 7 9
45 2 40
63 1 10
56 5 37
42 8 11
17 8 7
63 2 36
29 7 38
59 6 9
56 3 37
12 8 40
10 1 32
17 2 28
22 2 39
37 4 13
4 8 23
35 2 27
25 4 29
62 8 3
36 2 25
41 3 30
5 5 3
33 6 4
5 3 19
38 2 34
35 2 15
20 4 16
2 4 7
56 1 3
5 4 12
47 3 20
21 2 15
32 1 29
63 2 32
52 6 9
21 5 39
3 7 13
10 6 3
38 4 37
16 7 23
20 4 33
31 7 31
26 1 1
7 3 3
60 2 38
43 6 5
11 6 40
53 7 1
15 6 31
60 4 32
58 4 22
36 1 11
34 2 40
23 1 10
17 4 12
18 8 14
43 1 40
47 3 8
19 1 33
22 4 16
44 6 3
28 1 13
61 5 20
20 6 32
6 3 36
13 6 22
4 3 7
5 5 33
12 8 1
46 5 7
25 2 5
29 2 32
2 7 6
57 5 17
20 5 30
58 3 35
2 7 16
51 4 27
10 1 17
10 4 38
16 3 7
27 8 33
23 3 18
5 8 13
40 6 22
29 7 29
48 2 26
18 8 19
59 1 39
20 5 34
57 4 27
49 7 27
17 1 26
7 4 17
44 5 4
13 4 15
2 8 27
40 4 24
6 3 25
47 5 5
57 3 25
48 5 33
20 6 27
63 8 28
41 1 23
25 8 12
5 8 9
37 4 19
23 4 1
52 4 15
27 5 20
5 7 8
52 8 29
39 5 5
59 3 22
63 8 15
22 4 37
55 2 14
20 8 8
23 6 30
1 6 38
48 4 39
52 7 14
38 5 17
55 8 7
59 5 12
42 6 35
56 3 20
23 7 6
63 3 30
7 5 23
50 4 10
4 7 18
8 1 9
37 4 27
30 2 25
22 3 7
27 4 14
23 8 12
58 1 23
23 1 6
51 2 34
43 7 16
42 1 5
37 1 24
6 8 23
61 2 25
42 1 38
36 8 38
8 7 24
50 1 39
15 7 4
48 6 13
48 4 38
26 5 4
33 6 12
35 4 29
13 4 24
61 6 18
2 1 18
55 7 25
19 2 25
30 7 33
45 8 32
62 6 26
53 8 6
51 4 32
42 7 34
34 6 9
40 4 15
14 3 18
51 4 40
62 6 25
51 4 28
13 8 32
40 3 15
54 8 14
22 6 2
6 5 30
63 4 10
17 1 14
62 7 23
61 4 30
48 5 13
60 6 4
17 6 4
48 8 6
59 2 39
17 2 10
52 1 30
5 1 32
57 6 8
35 5 20
3 5 39
34 3 25
17 6 26
11 8 40
13 4 1
33 5 5
30 5 19
59 2 30
10 2 21
26 2 38
34 5 23
62 4 8
12 2 11
56 4 8
23 4 31
10 1 2
62 3 39
1 4 2
63 6 10
12 7 29
42 2 2
2 5 1
60 8 5
29 3 31
58 2 25
6 4 38
26 7 12
14 6 12
48 5 10
55 6 37
29 1 22
11 4 24
40 3 22
23 5 21
4 7 35
12 7 1
20 5 5
52 5 14
2 4 22
42 4 16
4 5 7
50 3 12
28 1 18
30 5 15
9 3 12
28 8 28
60 8 27
2 3 31
26 4 7
34 5 29
25 4 32
1 4 32
36 7 37
29 8 8
8 5 14
36 6 10
42 1 13
24 1 27
34 8 22
33 2 26
37 6 4
4 2 20
40 6 16
15 2 34
10 7 3
4 2 16
28 7 11
55 1 13
49 8 5
21 3 2
3 1 24
49 4 27
8 1 36
6 6 33
53 7 17
34 3 1
27 8 10
1 3 35
49 2 9
62 6 11
37 1 40
55 6 6
41 4 12
40 6 39
63 6 34
6 7 10
32 1 21
34 5 7
40 6 36
8 1 1
56 8 39
3 1 19
34 2 18
54 1 3
54 6 18
9 1 4
13 7 17
6 5 31
36 3 39
51 6 7
42 3 34
25 1 16
27 6 7
61 8 9
54 6 32
58 8 25
8 3 27
21 3 32
30 1 9
52 2 1
3 2 13
54 1 34
6 7 30
12 7 19
10 4 11
43 3 37
24 7 5
26 2 9
57 4 28
31 1 14
17 3 10
35 8 11
18 8 27
35 3 20
36 8 28
49 4 10
55 2 38
33 1 1
11 5 5
1 7 22
41 7 10
57 1 18
49 6 15
36 1 38
7 1 31
34 5 20
46 5 4
59 3 26
12 3 28
20 4 20
40 6 5
15 5 21
50 2 17
18 3 31
28 3 6
23 5 9
41 8 22
23 8 27
32 7 34
11 1 18
44 4 17
29 8 25
43 8 12
58 2 21
22 8 25
2 1 26
50 8 20
55 6 15
51 1 35
61 3 26
39 8 6
20 4 28
42 6 28
28 3 27
6 2 6
16 7 33
14 7 3
38 5 28
42 4 36
23 2 11
3 3 22
43 2 26
45 1 34
4 5 22
2 3 33
32 8 18
44 4 15
5 2 14
63 5 16
35 8 33
12 4 11
11 3 28
4 3 2
46 7 32
21 4 33
7 6 7
15 6 39
23 5 32
8 6 18
3 2 9
26 1 9
54 5 33
1 5 34
42 2 15
6 8 26
11 4 12
30 2 27
41 5 2
25 7 9
33 8 32
53 1 6
46 3 29
49 5 6
12 7 19
46 3 39
62 5 1
13 8 5
23 1 13
14 2 2
4 1 14
6 6 1
2 3 38
5 5 21
24 4 26
33 8 9
29 2 37
52 7 27
31 4 33
43 3 26
9 4 36
16 8 22
44 8 4
45 1 26
37 3 3
41 4 9
17 7 13
1 6 27
51 3 20
40 7 5
3 7 7
26 4 25
45 6 1
40 2 5
51 8 5
37 1 5
6 2 4
1 6 22
22 7 31
51 1 37
39 7 32
47 1 26
44 5 33
3 2 17
4 1 17
50 3 16
11 4 28
37 4 32
32 2 32
9 2 3
3 7 7
16 2 7
54 2 2
44 6 15
41 1 9
44 3 9
56 7 26
51 8 15
37 6 17
30 1 25
40 1 35
26 2 19
9 8 5
5 8 31
30 1 20
58 1 35
55 7 25
18 5 26
27 5 36
29 4 6
13 6 39
23 3 36
28 4 12
47 8 2
47 6 6
46 4 10
15 6 14
15 5 23
3 6 35
54 7 28
30 3 31
59 8 22
47 4 16
56 6 29
13 6 13
20 5 6
17 8 7
27 3 27
37 4 33
17 8 9
13 8 21
4 7 24
34 2 23
12 7 29
53 3 17
19 2 16
21 3 1
35 2 38
11 5 31
55 4 27
30 1 9
1 3 11
36 8 33
36 7 34
13 8 35
61 6 22
24 1 17
23 1 9
32 4 33
13 2 40
18 8 8
9 7 15
7 5 28
11 3 22
3 7 23
40 1 16
48 4 15
58 1 10
49 3 30
22 7 24
22 2 24
59 6 26
1 1 21
42 8 20
8 5 27
40 4 17
9 1 16
28 3 39
25 6 12
7 5 24
42 2 7
29 7 16
34 3 12
34 8 34
54 4 19
46 2 13
31 7 35
15 3 33
38 7 28
37 4 19
30 8 13
14 5 20
9 5 2
2 1 6
56 7 9
4 8 36
56 3 23
44 5 33
49 3 19
9 1 36
2 3 1
51 8 5
63 2 14
52 5 19
42 3 31
41 1 18
9 1 34
43 1 17
22 8 38
63 1 8
10 8 13
57 1 1
63 2 17
25 7 34
56 1 14
50 7 6
47 8 11
27 1 11
26 2 31
32 4 13
37 8 18
35 7 18
62 1 23
43 4 30
8 6 40
39 6 7
49 3 13
7 7 1
44 4 39
43 8 1
25 4 37
42 3 5
16 1 25
55 7 31
52 1 2
12 7 8
11 5 22
10 2 34
14 8 4
44 1 37
35 7 13
24 2 6
25 2 39
18 3 32
46 2 8
42 8 40
5 5 3
47 7 31
7 4 1
30 3 1
6 4 22
14 5 37
43 4 11
32 3 30
56 2 17
7 8 11
35 3 31
27 5 14
26 5 1
35 4 29
48 7 18
7 6 14
59 6 20
40 7 40
19 5 13
23 1 20
14 7 17
3 7 23
55 4 40
41 6 16
46 3 37
5 1 29
19 7 12
4 4 7
28 6 36
2 5 37
50 8 29
35 4 30
25 4 12
4 1 2
21 3 38
2 6 20
29 6 38
56 7 31
18 8 36
24 8 22
11 5 5
53 8 40
27 7 21
46 6 28
27 3 15
61 4 2
55 3 8
15 3 39
35 7 11
16 1 40
60 3 36
10 2 3
40 1 31
51 2 26
36 1 9
50 6 23
3 5 26
50 3 29
34 1 19
62 6 21
38 5 28
12 1 23
18 1 15
33 2 22
37 6 34
62 1 25
50 1 13
6 6 30
17 1 15
50 8 17
13 5 14
52 4 38
12 4 31
53 5 32
29 5 12
1 8 33
63 1 34
9 8 21
8 4 30
2 2 9
8 1 26
45 7 33
38 1 1
48 4 28
46 7 20
14 3 40
1 7 20
32 2 6
57 4 5
35 2 30
52 4 1
7 8 35
55 3 11
6 1 28
23 6 26
21 1 38
57 3 32
15 2 10
37 1 34
8 3 23
25 5 26
13 4 5
16 8 15
22 8 35
16 8 3
48 3 17
25 2 30
43 1 29
42 4 28
13 8 21
6 3 1
26 2 27
21 4 29
25 7 13
8 8 31
5 3 32
46 2 18
37 4 11
30 3 2
18 5 4
10 2 16
54 8 21
48 5 17
17 8 12
57 4 18
35 4 12
34 2 8
31 1 27
20 6 33
26 6 33
41 8 2
62 4 22
22 6 14
38 8 21
58 3 10
53 2 39
28 3 13
23 5 26
41 8 8
3 6 33
34 3 32
1 7 40
6 4 22
52 8 38
3 1 26
14 5 25
63 3 2
31 3 6
6 3 2
13 7 33
44 5 28
53 7 31
39 1 1
35 4 38
46 1 24
21 2 16
18 7 36
22 4 19
8 4 12
52 5 28
2 7 34
29 6 35
55 4 37
9 6 10
1 6 8
14 2 17
32 7 29
17 4 34
41 5 24
4 2 24
2 2 35
39 6 10
31 5 27
50 5 14
55 6 3
1 6 9
62 5 26
24 4 27
46 7 16
9 4 10
28 7 38
1 2 29
7 6 5
52 3 11
22 7 11
37 3 25
49 5 17
36 6 30
55 1 11
5 2 10
63 6 24
29 5 30
11 5 3
31 4 40
48 1 36
3 5 29
49 4 30
61 8 2
24 5 7
35 8 28
58 4 11
48 4 21
57 3 15
36 7 16
53 5 26
61 6 25
25 6 10
62 2 28
31 2 35
10 3 39
27 5 6
30 3 36
41 4 35
37 7 3
11 7 2
3 8 40
63 7 32
57 2 24
57 6 7
13 5 20
41 3 21
5 3 1
33 3 32
55 1 39
57 2 1
51 1 29
3 5 40
52 7 8
42 5 15
24 5 9
35 7 5
57 1 37
60 1 29
63 3 23
29 2 16
25 2 27
11 5 21
21 8 38
63 8 29
20 8 19
48 7 33
11 5 15
49 7 25
3 7 39
23 6 26
19 1 18
5 6 38
43 3 25
35 2 17
43 7 16
25 1 19
21 2 13
36 2 27
43 1 4
52 5 40
22 1 35
32 7 39
10 3 25
53 3 10
16 3 2
63 4 18
1 3 7
25 7 38
9 3 10
61 3 13
17 5 40
20 5 31
3 6 24
26 2 7
26 6 9
47 3 15
40 3 20
9 4 33
45 3 19
6 4 32
37 2 26
31 7 22
47 7 24
45 3 33
58 3 8
13 2 16
54 1 13
40 7 18
62 5 23
54 6 21
48 6 16
19 5 1
38 7 21
3 7 30
20 8 25
49 7 19
52 8 3
4 7 31
61 7 7
49 8 31
33 2 33
45 1 26
36 5 21
21 7 29
1 6 38
11 5 29
7 1 38
62 4 34
29 1 3
48 5 34
29 3 37
46 3 1
16 1 28
14 5 34
31 2 18
45 5 12
50 7 18
38 7 22
49 5 39
61 1 40
34 4 28
25 5 39
29 7 25
14 3 3
43 5 40
61 4 19
52 3 24
39 2 2
18 1 34
16 8 13
44 5 36
18 4 33
39 5 37
53 7 2
24 4 39
41 4 12
60 8 19
20 3 24
34 2 22
16 2 15
11 2 10
27 2 19
22 8 12
47 1 3
17 7 40
10 1 26
61 6 15
63 4 40
13 5 22
15 7 2
15 5 37
61 3 21
20 7 36
33 4 10
11 4 19
55 8 24
5 8 1
12 3 34
4 7 7
58 1 12
15 6 24
14 1 5
10 5 22
50 1 30
34 5 21
23 6 10
38 6 9
5 3 7
20 1 22
54 7 10
14 2 27
20 7 30
16 1 27
46 8 13
49 6 33
47 7 22
40 8 20
44 3 39
39 2 29
24 7 3
22 6 33
10 7 9
40 2 34
50 3 30
27 2 39
59 6 25
53 2 9
43 3 22
12 2 1
21 1 20
33 1 35
8 3 29
6 2 1
30 8 21
62 2 29
16 5 18
25 2 16
35 3 14
1 1 13
39 4 26
25 1 10
63 3 32
24 5 38
40 5 23
54 2 31
27 4 20
59 6 32
4 3 14
13 7 13
42 7 5
30 7 16
29 1 4
13 3 2
54 8 24
33 6 28
63 6 32
56 5 24
58 5 12
28 8 23
45 3 25
56 8 7
11 8 26
20 6 13
49 3 32
15 8 26
11 2 24
11 4 39
48 8 37
1 7 15
61 6 7
52 7 33
21 5 32
34 7 25
30 7 3
42 4 33
52 2 35
37 5 36
63 6 16
37 6 37
7 3 21
1 8 38
17 2 6
45 1 40
52 1 4
26 5 28
31 1 12
14 5 15
25 7 27
1 6 25
51 3 22
45 1 24
26 2 4
28 6 38
26 7 7
63 6 40
5 6 37
31 3 8
6 4 35
54 6 8
49 3 24
57 7 32
45 3 25
34 1 20
23 4 5
40 1 12
10 4 32
58 2 35
42 6 34
27 7 40
39 4 31
52 8 4
1 2 12
50 5 2
12 8 30
40 7 40
33 7 1
22 6 27
20 4 29
58 5 10
18 5 29
61 4 32
46 1 1
11 8 3
38 4 24
43 4 30
43 2 21
37 2 36
37 8 20
45 6 15
59 1 9
21 4 34
47 2 28
24 4 11
6 1 17
63 6 11
17 5 7
56 2 5
56 7 11
27 7 2
5 1 33
7 4 19
14 5 39
24 1 10
33 3 17
50 8 4
3 6 13
58 1 9
37 4 4
30 4 3
22 7 9
49 8 19
58 5 28
45 6 27
32 7 20
26 8 7
41 2 10
23 2 35
50 8 14
51 2 31
16 8 18
50 3 32
56 2 7
29 7 22
53 7 3
10 1 29
21 8 8
54 6 7
41 2 23
48 8 15
36 4 38
11 3 20
32 4 26
39 8 3
53 3 23
58 2 27
8 7 27
51 2 26
62 1 12
60 5 25
5 3 36
55 6 18
20 1 16
31 5 39
11 8 27
1 1 30
60 7 28
34 2 40
3 2 7
53 6 28
12 2 3
46 4 11
44 4 36
50 5 10
19 1 8
8 4 3
4 1 40
58 3 25
44 7 23
1 5 40
56 4 10
13 7 34
32 3 24
36 8 19
39 2 4
55 1 15
18 2 3
49 8 17
30 6 28
33 2 24
40 1 28
40 4 10
14 1 12
6 8 3
51 8 13
59 4 6
31 7 24
58 3 35
15 2 18
60 3 35
1 8 2
57 6 6
49 2 32
25 3 30
46 2 2
22 8 5
52 6 22
11 2 11
27 4 21
24 3 19
47 2 29
36 2 28
20 1 2
14 1 24
60 2 17
17 3 15
1 7 30
54 2 12
63 1 1
52 2 40
59 8 3
1 8 32
13 4 39
13 4 17
48 7 37
19 4 23
48 4 8
13 1 25
6 1 32
17 7 35
45 3 40
22 8 22
39 6 4
1 6 12
50 7 23
2 5 36
4 3 17
27 4 8
41 8 8
23 4 24
39 2 37
26 2 22
58 2 4
57 7 19
26 8 11
31 7 22
2 5 29
22 8 15
28 6 38
50 7 35
9 3 10
39 3 14
36 2 26
35 7 36
60 8 3
34 3 13
47 7 22
29 7 38
7 6 9
51 2 6
29 1 37
40 6 23
49 4 32
63 6 27
53 3 4
38 8 17
11 4 26
11 3 38
23 4 11
10 2 21
61 8 36
47 5 26
46 7 14
36 5 39
24 2 15
63 1 32
34 3 34
28 5 26
48 3 20
38 6 37
6 4 4
48 1 16
63 3 16
54 4 1
15 3 39
44 5 17
49 6 32
33 3 27
20 8 7
6 4 19
44 7 27
5 1 40
61 2 37
22 2 34
9 6 9
11 8 30
15 3 39
48 7 5
61 5 12
21 8 38
30 3 10
5 2 29
53 1 31
14 1 40
17 2 32
46 7 36
61 8 31
3 5 35
39 1 19
31 2 2
26 5 23
17 5 31
14 5 8
23 3 26
39 7 33
1 7 29
58 4 11
35 8 7
9 4 10
48 5 30
60 8 38
62 6 11
32 3 9
2 2 18
55 5 26
62 8 3
18 2 34
1 2 3
33 4 11
9 1 33
10 6 26
42 2 14
63 4 13
31 4 16
12 7 40
21 1 17
34 7 17
6 3 2
41 3 15
21 8 8
17 1 9
29 4 29
7 3 33
53 6 5
3 6 25
51 8 21
39 7 19
15 1 37
29 3 15
20 6 32
13 7 34
32 1 23
57 1 23
19 2 34
3 7 25
14 5 20
32 4 11
53 1 30
11 6 30
26 2 4
39 6 8
5 5 13
34 1 34
6 4 34
62 6 3
13 5 37
3 3 28
22 6 5
7 7 34
25 3 17
59 8 1
14 3 22
10 8 5
24 7 10
39 8 28
14 5 40
47 8 6
11 6 34
21 7 13
32 7 32
25 6 4
7 5 23
19 7 10
56 4 19
47 6 33
57 5 1
5 6 19
62 7 39
46 4 10
57 1 19
12 1 6
24 2 35
55 8 25
63 7 37
7 8 22
34 8 20
59 5 37
27 1 14
9 8 6
37 6 17
40 8 1
20 5 14
50 1 8
41 6 3
31 5 13
28 4 31
33 1 37
6 7 40
58 2 8
57 3 16
15 3 34
6 7 22
3 3 30
2 1 26
28 3 29
19 4 30
30 1 21
63 1 37
33 1 19
60 5 29
37 4 16
57 1 2
26 6 13
27 4 1
32 1 27
4 4 21
27 4 21
31 2 38
10 8 1
60 3 25
37 2 10
62 7 25
57 3 5
15 6 30
40 8 9
41 7 29
59 8 8
16 6 15
31 3 24
35 5 8
11 2 17
36 1 10
29 7 32
10 1 30
2 4 1
25 2 9
26 8 29
8 1 27
30 6 19
56 8 24
40 7 22
47 7 5
22 2 14
43 5 38
63 7 29
27 6 25
27 8 8
2 1 40
29 5 21
49 1 7
12 7 3
34 6 7
1 4 9
54 2 2
5 7 29
10 4 23
42 2 37
9 4 32
37 2 38
20 7 21
56 3 15
61 7 13
56 7 16
59 5 14
49 5 12
41 6 5
48 5 37
24 8 11
46 3 30
42 4 33
8 1 38
4 4 15
29 3 27
58 2 39
37 2 2
53 8 36
62 1 15
35 8 24
6 2 31
30 3 2
32 3 23
34 5 4
35 2 21
41 6 19
49 2 24
2 7 22
21 3 14
59 1 25
28 1 3
9 5 1
27 4 12
48 4 38
39 5 3
9 4 6
28 3 29
11 7 11
39 7 4
35 5 17
26 8 7
44 7 13
11 7 14
23 2 15
19 6 5
37 6 40
31 5 23
16 5 14
46 3 28
35 6 33
11 4 20
36 1 11
53 8 34
4 1 39
33 3 13
41 6 36
53 4 40
22 1 6
29 8 11
8 3 38
35 2 4
44 8 20
42 7 27
2 4 19
46 4 18
24 7 23
12 5 13
41 7 7
31 2 11
27 6 16
33 7 6
14 8 31
1 6 30
50 7 24
26 7 18
10 2 1
27 4 1
40 2 21
41 6 38
10 7 40
44 8 35
46 5 40
24 2 17
20 2 4
20 4 5
20 3 39
33 8 28
9 5 8
57 2 2
30 3 2
47 4 6
8 5 1
27 5 28
38 7 36
14 2 37
13 6 5
3 2 18
47 8 36
8 1 25
33 6 25
38 2 30
34 1 5
44 1 14
2 7 37
57 6 29
2 5 11
53 1 1
17 2 37
33 1 26
19 7 35
24 8 29
26 3 32
55 5 37
21 6 20
59 6 28
27 1 32
14 4 8
27 6 22
25 1 33
62 3 25
27 5 38
5 4 36
22 6 27
13 2 22
47 2 27
48 8 4
32 7 35
53 6 19
10 2 23
55 2 19
27 2 26
4 1 20
5 6 15
7 2 18
59 4 25
22 8 7
16 2 8
17 7 10
52 6 33
6 7 35
47 1 5
48 5 15
12 7 30
11 7 22
19 2 19
62 1 33
18 3 17
26 5 23
16 1 19
28 6 8
53 5 10
12 2 31
39 4 1
3 1 37
21 3 36
50 4 29
55 1 31
28 3 27
2 2 4
5 1 14
30 2 2
48 6 28
36 1 27
63 3 4
8 6 2
45 6 35
45 8 7
41 5 5
5 6 31
44 8 31
2 8 17
26 2 33
60 5 20
32 7 26
15 1 21
9 2 36
9 4 18
58 3 32
7 3 1
52 8 29
26 6 14
41 8 14
43 6 11
4 4 7
17 2 40
7 6 29
41 8 24
54 3 29
40 8 30
34 4 23
8 5 25
21 5 5
35 6 9
36 7 34
27 5 17
55 1 28
8 2 19
30 2 12
35 4 3
59 8 3
17 2 39
55 8 30
8 4 27
49 3 25
40 5 19
62 2 31
20 6 18
6 5 33
21 6 2
60 2 29
27 7 40
54 1 16
26 1 21
12 6 23
21 8 27
45 8 28
63 3 28
61 3 30
57 3 30
31 2 24
20 2 11
17 8 14
5 3 12
56 3 5
62 8 24
44 2 16
48 5 40
42 7 16
20 2 32
52 8 22
41 1 3
24 2 13
4 8 6
61 4 35
39 6 5
18 8 1
11 7 22
29 7 24
4 6 4
33 3 36
38 2 11
63 1 33
4 1 7
62 4 30
27 7 31
63 8 40
31 3 24
55 7 1
48 8 39
44 6 20
21 4 10
48 6 15
58 2 7
9 5 23
27 8 3
46 3 10
25 7 18
25 8 20
43 1 9
41 5 13
35 2 14
29 5 31
48 2 21
17 8 39
36 1 19
25 3 19
6 8 40
30 5 37
9 2 10
61 7 17
19 7 33
43 8 10
36 3 16
33 4 37
26 5 38
5 6 2
6 2 31
57 3 40
14 6 30
57 8 25
40 7 37
29 1 16
11 5 33
44 6 15
48 6 38
10 6 30
31 5 37
44 4 33
53 6 23
25 1 32
38 2 4
35 7 4
35 6 28
44 6 12
18 2 32
9 1 33
51 1 11
35 1 4
35 8 5
31 1 32
2 8 35
51 1 35
50 4 27
51 4 21
21 6 36
36 5 10
24 3 3
36 6 15
46 6 9
3 1 7
9 7 32
7 1 29
50 5 10
27 2 32
7 4 12
45 2 36
16 1 14
16 8 7
15 8 27
47 4 32
19 8 8
62 1 20
14 3 21
58 7 21
7 1 33
59 8 30
44 5 32
11 5 25
45 4 25
59 7 34
4 1 14
37 6 19
10 7 8
2 3 2
11 7 16
33 6 2
1 6 24
45 1 29
37 3 18
63 7 17
50 7 14
34 3 20
59 7 2
15 3 28
50 4 1
59 3 2
6 3 37
5 7 4
58 7 19
1 2 10
16 3 15
38 4 4
36 7 12
13 7 20
60 8 17
46 4 15
47 8 32
29 1 13
5 7 28
57 6 21
35 2 2
22 8 21
44 4 2
48 5 6
53 8 26
15 3 31
7 8 34
40 6 21
52 3 1
35 8 10
54 8 12
48 6 18
38 6 18
21 3 30
6 1 14
20 2 25
3 7 24
59 7 5
22 5 8
46 4 40
44 3 36
41 4 39
7 8 26
41 6 14
19 8 4
20 7 8
28 3 37
19 7 30
40 8 17
25 2 14
5 4 2
4 6 30
39 7 28
32 4 16
43 7 2
46 5 22
49 3 25
47 2 17
46 5 25
3 6 28
14 2 1
16 4 20
57 5 20
8 6 28
26 5 35
21 7 11
58 1 10
38 6 4
42 3 28
40 7 10
41 3 29
28 3 36
31 5 7
10 5 31
59 5 18
56 8 27
23 2 31
38 6 39
29 4 34
24 3 14
38 6 15
5 2 4
60 3 1
50 3 21
2 1 24
54 3 37
45 1 24
6 7 19
49 6 40
58 6 25
19 8 34
1 5 14
19 2 24
26 2 28
18 8 12
28 3 32
31 1 5
56 3 34
48 6 16
60 3 15
23 5 40
28 3 35
54 4 20
3 4 3
62 4 23
53 2 13
9 8 7
27 7 35
21 7 19
17 5 18
59 8 23
35 5 12
34 8 14
30 5 38
1 2 39
3 7 18
61 3 8
36 6 35
48 5 29
51 7 22
39 4 5
40 6 21
13 2 16
39 4 26
40 8 3
12 2 36
43 2 7
42 5 30
46 1 12
20 5 35
33 5 14
20 3 26
50 1 29
10 6 39
46 3 11
1 6 19
37 7 40
60 1 40
37 3 27
1 1 33
25 5 21
49 3 26
24 8 37
55 2 36
62 7 28
1 8 20
12 5 10
12 1 29
58 1 8
58 1 31
53 7 34
53 2 7
15 4 31
15 7 2
6 3 3
30 8 25
3 6 19
43 3 10
18 4 37
10 5 31
20 3 28
56 4 37
23 3 11
33 5 25
3 1 23
22 8 18
53 1 10
19 1 38
56 7 7
42 8 9
52 5 37
55 3 5
25 3 40
16 5 25
23 3 22
45 8 37
1 2 8
36 3 14
58 2 8
1 2 1
31 6 25
46 4 12
13 1 20
7 6 30
11 1 22
38 6 24
18 3 14
44 8 36
61 6 3
30 1 32
35 7 3
38 1 33
44 7 30
58 1 11
49 6 9
18 6 16
23 4 38
5 4 34
62 5 7
24 7 25
1 8 9
21 1 14
41 3 24
52 3 40
11 6 17
15 1 5
29 4 12
57 3 2
19 8 39
49 4 31
16 2 20
51 3 14
9 5 4
16 1 16
49 3 23
47 2 7
12 6 18
23 6 37
32 3 9
9 3 32
49 3 14
39 8 15
10 2 23
20 5 36
54 4 8
12 1 39
47 6 26
37 5 19
16 6 14
51 6 15
38 5 12
36 3 17
37 2 11
54 7 22
58 6 9
38 7 16
5 2 29
47 5 29
17 2 4
9 1 18
30 6 37
30 6 33
17 1 27
50 4 14
24 6 17
13 5 4
48 5 17
27 1 27
13 2 30
41 3 10
51 3 8
55 8 23
33 8 2
38 8 24
13 4 23
48 5 3
49 8 16
38 3 37
20 3 34
5 4 8
38 5 2
37 7 4
40 6 2
39 3 40
40 4 18
30 1 7
41 2 9
33 1 17
56 3 23
24 3 3
49 6 38
35 4 30
48 2 4
35 8 27
40 4 35
50 2 26
11 5 15
2 5 3
35 4 25
9 2 25
29 2 1
49 8 25
44 2 31
54 5 33
58 6 23
51 4 20
46 3 27
15 3 17
7 7 4
63 3 18
17 7 2
60 5 8
20 3 4
26 6 16
31 8 24
32 8 34
62 8 4
42 6 6
17 3 21
14 8 1
48 7 31
60 7 18
59 7 4
42 7 11
51 4 24
57 5 6
32 1 37
9 4 26
35 1 30
33 3 6
57 1 29
7 5 36
61 1 20
28 8 22
43 2 1
62 1 18
32 3 26
6 2 2
22 2 9
61 1 11
17 7 10
27 6 35
10 5 23
62 4 14
2 1 17
63 7 30
22 3 34
30 5 23
46 6 12
23 2 32
13 7 10
55 8 30
45 2 4
6 6 21
34 5 26
25 6 14
51 6 22
48 5 24
43 6 27
51 7 18
31 3 29
33 2 5
19 4 11
60 2 15
8 8 28
59 5 37
51 2 13
14 7 23
6 4 2
43 3 4
15 4 39
17 7 37
36 4 7
25 6 20
37 7 6
47 6 31
7 4 11
41 4 23
43 8 25
25 3 28
4 8 19
27 7 34
43 3 28
26 4 1
3 6 10
22 6 15
16 4 11
39 1 4
52 8 13
9 8 35
56 8 19
56 3 39
4 3 13
4 7 38
41 8 11
12 5 22
44 2 9
55 8 4
45 3 27
11 5 30
28 4 37
13 8 23
26 6 1
7 2 10
46 7 40
40 8 34
39 2 27
12 2 7
58 2 38
28 8 25
3 7 7
20 3 11
19 3 17
22 1 25
48 8 22
15 4 20
15 4 2
22 5 32
62 7 9
37 4 9
26 3 8
42 4 28
30 1 38
11 3 26
51 1 14
40 7 39
10 8 22
54 7 27
55 3 36
53 6 12
47 5 35
46 1 23
18 3 1
11 7 33
6 1 36
53 3 36
38 8 11
58 2 40
36 4 2
28 6 18
22 1 29
40 4 14
6 8 30
18 5 10
13 6 20
12 8 25
44 3 15
62 6 26
2 5 2
21 8 36
32 6 26
62 8 16
31 4 1
37 5 10
16 4 5
5 3 34
24 4 13
44 4 26
29 4 33
30 7 35
53 5 1
42 6 7
29 4 6
4 3 18
28 5 12
31 5 12
32 1 36
12 2 23
13 5 36
17 7 15
3 7 18
50 1 22
35 8 39
23 7 23
51 3 26
24 3 24
30 8 6
50 2 8
29 7 15
43 5 32
45 2 8
52 3 29
13 3 39
60 8 16
28 8 10
62 8 35
41 8 26
55 8 1
29 2 33
35 4 11
6 4 22
19 8 29
18 3 40
38 6 33
11 6 6
54 5 22
20 8 35
21 8 20
49 2 34
37 2 18
52 4 11
17 2 25
7 4 26
1 8 18
61 8 26
36 3 25
8 1 17
4 6 4
37 5 21
16 6 26
34 8 12
1 6 2
46 1 32
46 8 20
17 7 33
31 4 4
25 6 11
24 3 14
62 2 14
62 1 33
53 4 5
20 6 6
3 7 17
41 3 35
29 6 11
1 4 32
3 8 35
48 1 6
37 8 7
21 8 3
14 1 35
33 7 6
42 7 26
48 6 34
50 5 31
58 6 24
37 8 39
11 3 16
39 3 10
46 6 6
50 8 20
39 2 14
63 8 30
3 1 36
30 4 35
29 6 27
61 2 37
6 3 4
61 3 37
28 5 38
15 4 3
46 6 24
50 5 36
18 1 38
47 5 34
42 6 8
14 1 10
7 6 18
12 2 4
9 7 2
8 5 6
53 7 12
45 1 26
28 3 27
25 3 33
48 7 1
57 5 4
4 6 17
28 5 14
29 1 38
38 2 28
33 3 33
29 4 35
53 1 17
53 3 25
59 7 31
23 1 23
31 2 28
15 2 15
40 3 5
61 1 9
1 4 10
48 5 25
14 5 4
52 5 12
28 5 10
