24 67 2199 5514
3139 3031 2764 4154 4631 1140 263 3429 1440 1555 3495 433 2456 732 295 2137 2851 2086 2126 1039 793 3600 4721 3968 502 3417 3550 1192 4115 1673 382 921 69 4199 355 2054 4581 2993 468 4338 1511 884 3276 2442 2147 1082 1918 1052 3948 818 2779 677 2613 692 4697 894 3606 4620 2296 1475 907 3245 1315 1996 86 1456 232 
4389 2210 3526 2992 480 2933 2389 20 544 2471 1386 3503 833 2318 1054 1308 731 2983 4055 3429 4085 1153 2024 78 1537 2606 792 3206 1156 1400 3621 2248 3248 658 604 1968 4840 258 4516 2612 3342 619 4521 1204 3228 4123 1724 4694 3349 1108 705 3674 2804 859 2765 1555 4366 1036 3333 4174 2352 3631 2473 456 2039 2939 586 
4223 4675 1482 3554 4061 2852 4654 1712 726 2798 962 4442 4160 1487 77 1976 2735 1103 1330 1687 1022 2346 1224 4001 4302 747 1894 1487 3913 2952 1899 54 4305 2425 4064 1847 3845 258 506 2340 3686 2396 1321 1209 3937 3744 4784 3812 4846 2993 542 2418 2908 1176 1255 3108 4862 1267 1720 1697 4825 554 795 3065 4836 3942 1577 
2533 2077 3480 3481 1272 94 489 4459 2533 2266 1612 1476 2175 485 3736 655 476 4308 900 2740 3041 3854 4078 892 3473 1798 1110 799 423 3789 3054 1376 616 4697 1478 3197 1319 1261 4194 4900 3078 3019 1660 2211 4789 817 1968 4245 1896 3234 2672 2920 4379 2580 1090 1912 4637 4732 3919 4434 4084 2583 1644 4295 4650 489 3471 
2848 2618 429 4344 3072 2433 4049 138 2364 4896 4751 3246 1960 3882 3202 2042 2689 3243 3639 3081 1191 4697 1726 3487 626 4377 718 1560 271 861 3021 990 892 3037 3230 776 2448 2613 1461 2905 3034 349 1537 318 611 1190 4328 3063 1146 4557 343 4352 3966 506 716 2718 4888 1957 1420 2648 4388 1786 717 4651 3360 4708 572 
4349 3037 1880 12 2489 395 4125 3973 3617 3473 3530 562 4237 1165 2251 1668 2501 1236 2746 3737 2831 2721 1779 3819 2008 1049 3037 1241 3751 3097 2185 1540 978 973 4490 234 460 762 2159 4448 4384 1626 290 2641 366 1502 4771 4520 4729 1833 4639 2004 4303 2051 3401 1253 4284 2074 95 3622 596 4322 1221 3834 203 4055 2265 
1481 1645 2584 611 801 2714 811 4899 3469 344 4810 3031 1532 1063 2007 882 1628 4138 3581 2307 388 3765 3119 1427 992 1948 4315 4482 4624 1678 4392 1491 1303 4647 4164 852 3817 2524 512 2394 3521 2070 2398 3280 4781 2511 347 2907 1548 4157 1773 2258 2376 2020 127 3623 4150 1898 829 3372 2832 2083 1284 2041 945 3411 2799 
178 1833 2853 3671 1135 3172 2879 4301 2393 2136 2037 4115 1465 2094 919 1754 4368 4827 2261 2093 2064 2662 266 731 494 2642 3267 824 2222 2266 4695 53 3546 83 177 3114 2425 1154 1406 1981 3595 3028 464 2517 3935 70 1361 3146 2306 114 19 969 2815 668 2627 459 3928 3530 2011 2026 4846 993 2682 3348 2241 2457 1763 
3519 769 4030 676 848 4001 2143 4202 4889 4261 4667 467 4726 3218 4293 4459 1577 1440 33 1956 2011 3144 1322 616 3778 29 792 3804 4283 2759 4294 1031 493 48 2604 2609 117 2988 3144 4599 1715 3113 698 4259 500 879 3962 2110 3761 2241 4307 703 759 25 279 4019 3221 3112 4062 3804 2275 3024 1093 3156 84 1528 3448 
3761 3277 1990 4415 2617 366 4767 1258 118 1516 3970 2331 221 457 4428 4321 4695 3884 1933 1900 3433 249 711 3966 311 34 4124 3350 2886 315 2885 2855 2084 393 614 731 436 3268 519 3611 1823 90 1878 2826 2749 1490 4205 4201 3555 1040 1282 4759 413 3237 887 2170 1747 247 3674 3629 2789 3343 3357 1221 12 627 3785 
852 4079 1986 2318 198 2722 3864 318 3716 2267 4696 2992 4515 1357 4839 453 660 2740 1700 1241 3325 3157 3505 204 3642 3322 4344 329 3949 3872 2295 719 2247 2767 1948 4127 677 3621 2488 4289 3763 2492 2566 2162 1331 4392 4367 3618 1421 1941 3860 2344 960 2464 2543 3674 3368 3929 1218 1829 3976 24 3335 3913 1333 3394 4278 
3307 1278 2705 4122 2245 4197 2849 4821 3907 1220 375 3214 4903 3178 1028 1960 2775 3805 3250 2207 3109 1191 462 630 1063 4730 818 3210 1164 52 2529 3565 3628 4394 1380 4572 498 2122 3851 3406 3533 3162 2564 4846 2265 923 4258 2483 301 4542 4061 1450 4065 163 3424 762 1164 208 3581 1131 1918 3858 3742 1552 4802 188 1538 
1744 44 4736 3911 2414 2572 1296 2010 4085 2804 4257 3230 3711 4071 3675 3636 1049 3613 794 3542 4703 1973 381 4731 408 1534 1345 1861 2452 3043 3332 4052 1521 4009 687 2269 229 3525 3584 4331 4321 4788 475 3392 3900 3938 331 2461 2749 855 4863 2263 752 2742 3924 413 4226 681 3887 2741 4590 2655 2762 3596 377 1832 1246 
3157 2302 927 2701 4012 1656 516 2173 2785 882 4706 3880 656 4732 3764 859 4272 2758 1163 1568 3057 2840 1457 3208 175 3064 4339 871 4283 3501 3657 4313 1578 843 3039 2055 4028 4558 4895 2979 1407 2695 2806 2688 1970 3209 2940 4546 1443 3477 3422 283 368 1205 4732 3680 3013 3438 4527 13 2234 54 2464 3736 4617 4748 866 
3828 2392 853 1952 3112 2001 234 3389 2684 4319 139 506 2749 2104 2653 1175 4579 3738 3723 3819 1941 4720 2360 845 44 3672 3355 1121 4770 70 2141 2093 3142 4429 4339 359 1866 2272 4831 4350 3463 1340 2373 1015 1269 2736 2032 3654 3937 4776 216 3867 2041 3149 3695 3695 1979 141 4080 1453 1547 4709 2546 2557 3049 1979 4615 
1996 1113 3023 3756 1177 107 4766 2423 3591 521 96 1593 2398 664 1680 2130 3279 2410 1948 1599 68 3078 3745 3099 4348 4783 1059 1886 3033 1355 2815 1452 1128 241 2824 245 2821 934 4339 4554 192 1800 4556 1907 899 4670 2313 1558 861 3655 3379 4002 1874 2959 316 1428 1279 2098 2810 2602 2754 3154 2495 1178 4415 2107 3699 
853 4693 2369 2434 3103 4496 68 780 2824 1389 76 4021 88 4186 2881 2379 3430 2408 1131 1811 1209 1359 2872 3849 704 3950 298 1536 4484 3144 622 3338 4033 2090 4246 915 1223 3617 2466 2718 3378 2638 1239 4067 4579 4889 3931 1431 2937 2628 657 1926 3023 811 1020 2019 3435 2916 1090 4213 372 580 3858 3242 4637 4838 1827 
3920 1449 4139 3958 2026 2924 3887 2213 1493 4560 4191 4363 2169 4080 4372 3236 1538 4411 2672 2693 4499 4076 1898 2400 3882 508 1356 4480 3385 4545 4168 3553 2261 2397 982 3388 1013 3496 196 918 207 4758 437 3241 3102 1002 4789 620 1075 4539 3418 1303 120 2061 2617 2205 3829 1312 2074 405 3001 18 4510 1018 3154 1577 1391 
1175 2709 3591 3528 56 3491 42 2369 353 3470 249 1796 1543 3909 274 414 2778 1488 4727 1003 3561 145 1173 2740 1981 2605 4574 2618 3862 2378 4337 1146 3123 2165 2979 1350 4333 4843 602 4418 1561 3420 2614 769 1083 1371 3088 589 3034 152 885 2767 188 122 4183 4716 1200 2324 4494 2216 2400 1754 4635 1199 961 3471 3836 
4662 4215 4534 4448 2428 868 504 896 2850 253 3096 3297 937 978 1381 4216 987 2493 2682 600 109 925 1469 3747 472 67 3347 1330 1042 3108 3703 3304 4150 107 2897 534 792 2913 2111 3397 4281 2304 4889 4107 4544 2936 1374 4794 3928 1107 4522 2436 1571 1251 4221 1543 193 2991 4901 999 3092 2957 2592 1974 1065 3261 4637 
2507 1229 2592 4818 4732 1864 466 1918 3004 3534 3801 4894 229 379 257 2589 1868 4734 1786 2045 514 3648 994 1391 2385 3603 2295 3623 3796 130 3600 4766 384 2574 203 4366 1973 4548 1207 3135 3753 2452 3711 27 3543 4623 3353 2677 4376 867 261 1434 1411 2717 3711 2501 1660 4405 1639 1651 2512 3661 2475 270 1649 1800 3116 
1962 2211 2138 4618 2813 233 3655 1451 2762 3266 4628 4706 4757 4305 555 2158 3866 3940 4562 4442 2337 3823 1369 1598 1154 3616 2029 2546 2987 79 1158 4166 2006 1950 3826 724 2318 692 3747 3779 4803 3153 4559 2076 4217 853 4711 2171 1700 3907 4624 4022 4248 1015 3491 564 1395 3440 4532 3783 4728 4595 1852 477 1244 2019 4458 
1322 3700 4226 1022 1676 1001 4335 4825 627 4144 581 1300 1188 4690 1399 47 1621 2789 1066 4208 3426 2426 3759 2902 699 2404 735 3826 3702 3644 4115 1013 4435 4510 2988 4144 1722 3310 3392 2940 3431 4319 1553 2504 4898 4019 387 4323 1468 1194 3359 2936 2108 2502 3127 4634 400 4795 1553 1893 2497 2200 3666 515 4108 3644 317 
2845 4799 2076 1442 516 3177 1241 3197 4698 4022 1272 4656 4367 1195 688 428 3330 1433 1633 4136 3838 2670 1332 1746 2668 4617 1157 3524 4667 1407 3512 696 3552 718 2038 4673 1680 4516 4075 2690 3559 4775 4316 253 2113 1016 813 374 2976 2109 1448 2302 2318 869 711 1602 3546 1829 262 4378 614 1965 3626 929 2537 3266 767 
8 39 29
13 32 5
8 64 24
16 58 8
7 52 38
7 9 21
17 29 23
11 62 39
6 26 1
2 29 36
15 35 2
17 36 12
17 15 9
5 47 28
22 44 21
22 55 9
6 19 34
10 6 25
22 30 9
12 40 20
16 34 7
21 42 32
13 42 20
17 5 22
17 29 35
8 54 31
10 50 17
5 50 18
4 46 24
21 23 8
14 52 14
1 7 22
12 21 1
9 57 1
1 16 24
11 25 18
9 47 34
7 18 39
18 52 14
18 27 21
10 65 37
10 28 23
10 65 23
15 18 36
17 31 5
13 18 25
2 59 3
7 43 9
9 2 20
20 29 11
19 8 36
21 31 21
5 39 17
6 24 1
15 57 14
3 8 6
2 60 16
1 44 18
2 15 25
12 37 21
22 14 11
16 4 38
11 60 36
19 34 22
10 44 34
10 10 15
11 9 20
21 37 6
5 64 6
6 21 10
15 43 36
16 48 33
6 54 22
18 28 23
2 61 7
22 31 15
10 14 22
4 55 8
4 56 20
18 21 15
9 2 22
4 20 28
16 22 27
6 7 9
19 16 22
17 8 5
20 31 21
11 64 37
18 62 22
7 54 31
6 60 4
4 41 4
17 51 13
13 45 13
8 14 26
2 63 23
17 18 11
11 46 17
12 45 14
3 59 25
8 18 29
2 18 14
14 58 21
12 27 24
11 58 3
19 33 10
12 8 12
2 53 3
5 36 40
7 64 28
4 60 2
18 2 26
21 39 19
3 21 40
11 39 28
17 63 29
7 65 18
19 40 14
9 63 18
17 27 15
3 59 28
5 39 34
10 51 34
16 28 18
3 15 12
19 41 21
3 42 6
8 17 17
20 60 17
14 33 26
12 38 29
8 33 34
2 3 1
13 41 25
16 33 15
10 64 25
10 4 32
14 1 28
2 32 3
19 47 34
22 64 23
9 16 26
13 64 38
13 42 5
22 27 37
12 20 3
12 39 28
4 22 37
8 59 14
22 40 38
1 57 39
17 4 2
19 58 19
11 39 34
6 42 3
5 18 33
14 20 9
7 14 16
12 45 40
14 44 10
19 16 18
14 14 4
6 35 28
2 17 36
16 19 18
3 22 22
12 48 15
18 34 36
1 3 40
13 32 27
1 52 6
3 18 6
18 41 17
5 53 33
14 58 10
15 9 33
11 57 21
17 4 24
5 18 29
17 3 24
9 63 5
3 37 17
3 28 35
3 42 14
18 22 9
16 22 11
17 28 28
10 59 36
2 24 26
7 4 38
13 27 6
11 3 30
16 49 5
9 29 9
17 64 9
16 16 40
19 47 13
3 4 13
22 18 16
18 31 13
14 47 15
17 54 17
6 39 37
9 36 6
22 42 24
7 46 15
10 63 28
18 13 12
8 39 38
2 14 18
7 2 40
1 39 4
11 59 25
15 29 40
15 30 30
10 25 30
22 57 3
15 61 27
15 59 4
3 19 27
10 34 39
11 58 1
12 41 23
15 58 28
6 62 25
13 29 25
13 64 23
19 26 18
14 4 4
20 41 4
13 59 31
5 49 12
20 37 21
10 41 39
8 33 30
15 65 7
11 58 30
13 65 6
7 63 9
5 8 38
15 22 9
18 35 3
22 21 4
6 24 37
5 9 26
4 60 13
5 41 4
19 47 10
5 38 1
2 12 19
6 27 4
9 52 20
11 56 1
7 18 17
15 34 7
17 3 26
16 52 14
12 55 14
6 20 14
9 29 10
18 47 25
13 55 10
10 16 40
7 4 40
1 34 27
14 61 28
18 42 27
18 13 17
9 55 20
7 27 16
10 8 9
13 61 7
4 64 20
19 21 18
18 27 21
18 13 34
10 64 31
18 43 16
15 53 26
12 15 35
17 14 14
7 51 2
21 64 7
21 32 15
9 4 32
9 65 3
20 19 35
4 23 33
2 31 11
11 51 10
18 63 10
15 3 19
14 38 31
20 28 38
8 57 27
8 27 15
3 59 34
10 65 33
14 21 11
21 56 34
21 52 35
6 5 26
21 39 21
1 52 6
2 61 29
15 9 39
20 26 6
22 10 2
14 14 30
12 64 30
19 56 37
15 54 29
14 65 14
15 57 6
15 46 40
16 50 22
20 7 27
10 23 24
1 12 4
10 43 17
7 18 16
22 16 27
1 48 26
18 12 13
3 12 20
4 18 40
2 41 28
2 65 38
1 49 2
20 37 28
21 4 31
3 2 16
8 15 35
22 41 33
18 5 13
19 39 18
22 45 33
2 51 37
18 34 15
1 39 29
21 45 36
4 47 40
9 30 4
13 17 4
14 26 5
13 57 16
1 22 6
13 11 10
3 28 26
4 57 4
15 50 17
13 8 4
21 53 18
15 43 16
9 11 38
5 59 6
15 2 29
16 61 36
2 8 32
8 17 14
19 18 33
18 12 32
2 48 14
6 35 17
8 36 24
16 33 27
12 39 20
13 55 16
5 41 2
20 32 34
1 43 6
10 28 30
9 30 36
2 23 16
5 25 3
8 47 34
5 23 34
9 25 12
4 5 6
14 35 36
13 7 34
13 19 4
6 25 14
20 45 22
2 34 33
2 43 30
11 44 21
17 8 35
16 13 37
12 25 10
4 40 6
10 10 22
17 46 2
5 56 12
20 11 34
10 50 16
17 61 9
21 32 13
14 50 1
6 55 8
3 8 24
6 24 19
9 8 19
10 45 31
4 57 34
10 22 38
15 57 33
6 54 2
20 38 7
5 36 7
11 45 24
5 19 9
6 31 19
15 41 35
8 61 23
1 54 26
9 18 37
19 18 5
22 63 27
16 58 24
16 14 24
1 62 8
19 2 15
4 49 1
17 14 1
17 1 35
3 47 24
7 42 32
5 37 28
21 31 13
13 3 35
8 3 24
1 53 15
11 10 30
1 44 2
15 17 13
4 10 18
18 46 19
13 24 37
16 56 38
18 19 32
20 36 28
18 58 32
21 8 40
4 59 32
20 46 37
4 58 16
1 39 22
15 28 21
6 12 21
8 47 39
4 48 21
15 11 11
1 42 14
11 19 33
11 8 13
1 15 27
11 34 23
8 20 21
14 51 14
6 2 9
18 41 24
22 28 1
6 41 32
5 20 9
4 10 1
4 55 9
7 63 19
5 6 24
19 2 5
2 27 22
14 8 5
10 2 21
13 26 16
19 58 17
20 48 31
3 55 20
11 52 33
8 32 9
2 54 8
2 63 22
18 22 23
1 28 35
16 25 38
8 4 24
9 37 35
21 56 35
5 18 34
3 62 5
17 16 2
16 42 20
12 3 16
18 61 12
10 38 1
1 19 27
16 32 18
21 55 5
11 26 29
22 28 7
8 58 17
19 3 1
4 28 4
18 56 13
14 45 31
15 53 12
7 60 19
16 17 19
9 3 36
11 8 8
16 36 2
1 17 25
20 47 2
9 63 1
6 52 28
2 41 14
7 38 33
7 26 28
8 48 29
12 38 32
5 39 34
20 7 21
14 38 7
12 43 2
11 15 27
15 62 36
4 1 36
3 34 29
19 18 40
4 31 39
17 15 3
11 19 12
22 52 27
1 9 15
14 65 23
8 19 33
19 24 23
5 39 27
15 3 2
18 63 25
16 32 36
14 31 12
2 11 20
3 51 15
1 32 1
21 18 14
15 50 18
13 15 7
8 23 7
17 6 34
11 62 13
20 47 26
15 22 31
6 62 2
5 24 25
10 18 2
20 3 7
7 56 37
3 33 38
18 58 29
2 53 17
4 26 12
5 56 8
1 22 38
12 4 6
12 54 20
15 25 35
4 49 6
18 56 14
1 50 20
7 22 16
2 55 23
6 39 2
4 24 5
14 54 30
18 46 39
22 31 29
1 36 28
22 2 13
21 18 1
7 26 7
18 34 12
16 13 12
15 19 19
9 30 29
10 37 5
14 6 36
10 19 1
13 21 14
21 4 35
12 35 17
20 46 27
18 48 33
14 30 14
3 30 15
14 57 14
7 39 28
2 33 36
9 46 1
8 38 26
11 11 17
5 13 31
21 50 25
7 3 39
15 58 5
20 2 6
11 27 2
9 61 4
13 22 36
10 23 32
14 26 20
16 45 4
22 46 4
4 58 18
18 1 27
18 37 31
2 49 12
9 22 5
15 15 28
16 47 16
2 34 22
1 13 33
9 53 18
20 41 21
12 25 32
17 5 23
2 19 23
3 7 28
22 12 36
5 41 19
2 40 12
22 48 7
1 26 36
1 18 33
4 48 20
17 63 9
16 63 20
10 47 22
10 23 6
6 12 29
19 38 9
10 41 37
11 46 9
9 40 2
17 32 34
16 58 11
17 16 2
12 65 10
18 6 23
11 49 40
10 58 6
2 8 7
11 31 31
16 4 25
8 55 32
16 55 19
7 58 21
20 14 4
12 13 11
22 57 27
3 3 4
21 54 24
16 45 13
11 9 9
3 37 17
3 20 32
8 22 23
22 20 33
18 55 17
19 24 5
8 57 28
7 46 3
21 23 6
20 33 2
2 48 39
18 44 32
11 24 17
17 34 33
18 7 13
11 10 27
17 64 16
9 26 17
12 51 30
6 28 29
3 20 18
13 55 9
1 43 25
12 28 36
6 38 23
3 50 26
15 18 21
15 50 6
17 36 19
7 31 13
6 5 8
12 22 28
21 62 39
6 13 9
14 57 20
2 30 35
7 36 26
16 16 12
1 26 27
7 19 6
10 21 8
10 5 16
21 45 17
5 46 2
22 51 37
22 13 11
11 23 17
1 7 9
15 33 39
6 13 2
1 18 11
17 55 1
5 43 33
1 29 23
2 63 26
22 62 14
10 41 23
10 12 25
9 60 9
8 23 1
16 22 32
4 24 34
14 19 38
17 37 26
12 25 4
20 22 37
9 43 29
2 3 29
18 1 8
4 6 19
3 14 8
18 33 13
17 8 19
8 50 5
9 42 4
12 40 29
18 40 25
7 6 34
19 54 17
18 64 34
9 15 21
7 1 38
8 56 1
21 8 36
17 15 8
7 17 17
5 27 26
11 23 31
1 60 19
19 13 17
15 61 26
12 46 17
12 36 37
14 47 17
6 24 10
8 52 14
2 3 11
12 44 11
20 65 10
9 49 4
13 8 15
13 25 20
11 29 22
3 15 11
17 44 11
6 44 12
11 34 28
16 38 32
18 10 13
10 51 19
6 8 34
16 47 40
7 43 19
5 18 24
9 48 10
3 63 27
19 30 31
6 1 20
19 8 37
3 8 2
12 12 27
19 61 3
2 5 10
5 11 9
7 27 40
1 29 7
18 17 16
4 17 28
12 24 24
15 13 23
1 32 32
22 32 8
12 5 9
20 58 27
16 12 13
15 24 2
3 7 5
7 20 6
3 4 19
9 29 15
12 15 39
22 8 5
2 43 10
19 17 25
6 46 22
8 9 31
10 52 40
6 53 4
1 32 19
2 62 3
10 33 14
6 38 31
14 24 34
8 20 5
16 44 31
5 30 22
5 61 23
22 38 19
4 26 19
13 6 28
16 16 27
15 33 25
13 37 7
4 46 13
6 2 38
3 31 25
20 61 6
11 54 22
3 40 38
13 38 20
12 15 38
21 21 39
13 41 26
14 16 36
19 57 4
21 45 13
10 38 21
15 43 33
9 44 39
13 47 15
21 28 10
12 19 22
16 23 17
22 37 14
15 18 26
10 32 26
3 46 18
16 58 37
13 6 6
1 1 18
12 40 31
15 19 18
6 29 30
9 48 29
11 15 34
7 62 19
9 58 30
2 7 30
15 22 12
20 56 7
10 54 25
11 60 22
19 49 29
13 38 2
5 48 20
18 5 5
12 47 31
22 62 35
19 54 30
9 21 12
3 15 35
13 46 26
12 50 16
2 56 18
12 5 27
7 22 4
6 32 31
16 53 27
14 57 24
4 58 11
5 63 39
20 34 26
3 11 24
1 57 2
4 25 8
5 44 36
15 3 34
3 47 19
1 31 37
3 14 31
10 63 27
19 30 27
16 17 25
22 54 31
6 65 30
21 62 36
3 35 11
10 52 26
5 29 38
1 35 34
16 44 18
11 54 29
15 8 33
8 4 18
22 13 12
14 2 25
12 20 12
20 38 39
5 26 18
19 54 30
22 13 16
4 53 17
21 26 38
19 63 6
14 15 5
15 26 3
11 61 1
10 12 6
13 34 32
22 39 5
18 52 9
13 10 20
1 46 10
18 11 10
15 7 40
9 31 11
2 65 30
12 59 21
18 41 35
18 54 22
21 33 4
8 42 28
10 34 30
17 5 23
14 50 2
2 15 29
5 32 15
9 59 25
13 45 4
4 59 6
7 47 35
6 40 32
2 41 38
1 64 30
5 46 37
8 52 30
8 28 26
10 33 4
5 52 39
21 52 10
14 34 15
13 38 29
17 47 12
6 7 37
7 64 17
15 2 6
3 12 23
20 49 4
2 57 32
21 27 8
18 53 11
22 53 40
15 57 17
14 28 34
6 57 17
21 32 24
21 30 1
18 40 34
16 52 8
18 46 19
20 60 20
2 27 6
5 64 6
1 24 9
4 2 25
3 61 7
5 47 8
21 50 22
8 45 1
4 64 21
10 50 18
14 43 22
8 5 32
16 40 34
17 50 22
19 1 25
9 38 33
7 60 2
18 17 20
4 25 3
9 22 14
20 46 31
7 38 22
7 7 15
18 34 35
19 39 9
6 20 21
2 30 14
21 48 22
8 62 1
11 4 4
20 30 25
21 6 4
19 37 7
10 35 14
7 18 12
19 28 19
18 61 11
6 10 13
10 60 24
22 29 13
17 60 29
17 36 7
19 39 11
3 30 34
14 33 11
2 17 9
6 63 6
16 34 14
14 62 7
16 35 35
3 31 31
5 35 13
15 38 25
6 11 14
3 16 29
16 9 18
19 12 36
1 57 19
7 8 1
13 8 12
14 44 37
22 51 24
3 60 1
4 11 8
13 23 19
19 40 34
16 31 25
2 29 7
12 55 29
2 3 39
6 54 39
11 59 37
18 5 12
22 43 26
13 40 34
3 24 32
1 65 10
4 42 31
12 45 1
17 14 17
1 18 12
9 23 30
5 7 27
5 14 24
20 44 28
4 42 21
20 62 10
11 9 34
13 42 7
6 41 14
17 28 17
20 59 21
5 41 21
21 1 23
19 49 30
5 57 29
21 40 9
6 47 39
1 34 9
12 62 38
1 3 40
14 37 11
4 4 3
5 47 22
5 44 29
2 42 5
18 25 20
6 32 36
7 7 39
20 5 10
9 24 29
16 61 21
16 7 9
2 20 14
14 25 27
18 63 26
9 14 28
17 22 36
9 9 13
2 56 9
10 10 26
5 26 15
15 23 10
19 23 5
22 8 8
17 34 13
14 59 21
7 47 13
17 43 20
2 19 30
7 55 14
1 10 38
2 51 12
7 9 14
1 62 39
8 55 32
6 16 4
6 29 30
15 19 14
15 19 38
14 44 15
12 22 12
4 44 40
14 32 36
16 56 17
1 26 24
1 38 36
21 55 17
12 55 33
13 33 20
3 17 21
18 10 13
18 13 30
11 64 31
19 27 31
3 9 31
6 4 6
16 21 1
13 24 30
2 18 36
20 14 24
17 36 2
21 44 6
15 46 31
3 46 27
22 39 39
3 37 17
2 42 33
16 58 15
10 14 1
4 32 17
6 1 4
19 20 4
16 55 3
7 6 20
11 8 24
16 52 35
14 38 28
8 40 21
21 13 23
8 57 17
16 17 35
10 2 6
15 2 29
1 21 19
22 23 27
10 30 15
16 59 16
21 30 40
21 24 19
18 65 30
3 48 1
9 32 20
19 41 39
9 3 38
8 10 10
10 38 21
14 54 25
10 59 23
13 19 15
10 42 22
21 11 15
15 17 3
18 63 3
8 24 26
2 7 27
1 27 20
21 45 33
8 44 12
19 36 9
19 46 4
18 50 36
15 38 4
4 46 29
3 10 26
10 43 21
8 16 10
9 17 22
17 45 34
1 15 2
22 10 24
1 36 36
8 48 3
11 51 1
3 35 29
19 1 14
18 9 14
16 49 21
10 27 11
22 35 27
6 29 19
13 21 34
1 16 13
10 52 5
11 49 29
17 1 17
1 24 2
7 12 24
12 41 1
22 11 13
1 50 18
21 45 10
16 29 1
13 1 38
16 63 1
2 23 31
1 33 29
12 45 5
10 10 11
15 4 26
10 59 20
21 47 30
9 49 8
15 59 12
6 5 12
20 37 2
21 60 11
17 4 27
19 60 9
2 22 11
6 41 10
18 14 1
7 53 18
4 37 34
16 62 38
1 23 26
13 51 31
18 25 9
17 38 18
12 46 26
18 54 9
21 14 7
7 9 34
17 24 37
8 54 8
22 45 38
10 37 19
10 52 39
9 32 11
13 43 10
18 17 34
14 52 29
21 63 30
14 32 30
20 56 35
14 7 32
21 40 40
10 65 18
7 36 36
14 2 4
5 56 2
19 34 13
13 44 35
17 35 29
12 52 34
13 13 34
18 57 10
16 33 27
11 2 27
11 45 32
3 55 5
21 54 37
11 42 33
22 12 35
7 7 29
9 29 3
13 56 4
11 44 40
1 44 27
21 42 29
15 41 36
18 49 14
18 40 7
8 33 9
6 45 39
21 47 3
11 36 1
18 11 11
15 5 31
13 26 15
15 57 28
10 6 37
1 9 23
2 16 18
15 52 5
8 53 38
19 40 8
12 12 6
1 21 1
22 17 4
1 24 15
22 12 1
2 42 33
11 43 6
5 45 1
7 17 22
15 1 38
6 65 10
10 10 39
9 7 22
9 46 31
3 42 25
11 25 19
1 54 6
15 12 10
4 51 18
16 47 18
17 39 7
18 7 11
2 29 19
11 30 37
2 14 32
14 10 34
2 47 39
11 53 25
5 27 16
16 1 8
7 54 17
14 20 9
16 52 4
4 30 23
1 16 30
11 38 4
9 18 19
8 33 5
3 56 11
22 27 22
5 61 20
9 17 29
8 26 36
18 62 8
6 43 38
8 59 8
18 7 12
4 24 3
16 39 19
18 10 6
9 37 3
4 59 27
18 31 1
19 61 25
11 55 38
6 28 38
16 6 21
21 11 24
1 29 27
21 38 7
3 55 4
8 31 17
21 56 28
12 38 22
10 41 22
4 22 22
10 4 27
11 12 2
20 22 8
12 37 11
20 30 9
20 10 39
21 40 35
9 29 39
15 29 34
19 19 10
16 8 18
15 12 11
16 38 20
19 38 3
6 13 12
13 30 18
22 19 2
16 49 39
18 14 7
2 55 32
13 19 31
2 1 25
14 14 25
22 1 24
10 36 40
4 29 32
14 36 17
13 60 19
1 62 4
17 45 16
12 33 19
10 3 5
3 1 15
4 40 31
12 45 21
22 25 7
17 63 39
2 23 10
3 38 34
15 64 17
20 1 2
1 30 16
5 21 14
11 20 34
7 51 21
14 8 19
13 57 8
21 41 36
17 9 18
19 13 8
8 60 17
14 30 35
9 32 40
15 34 3
9 52 3
10 22 16
15 24 33
16 58 6
15 9 30
16 34 30
18 32 23
10 49 22
18 4 2
3 5 7
12 3 27
10 37 19
3 57 3
11 6 20
8 49 38
22 15 24
3 16 28
12 52 25
14 47 21
1 44 6
9 6 18
5 22 22
21 44 34
7 64 28
3 62 28
14 57 18
11 42 38
20 41 30
19 49 18
18 62 6
3 56 28
11 47 14
5 63 28
4 39 7
14 38 24
20 10 36
14 35 6
18 55 3
4 63 2
6 12 28
6 12 30
20 8 39
22 63 18
11 46 25
4 15 13
13 44 15
21 39 18
16 28 22
21 29 21
4 22 16
6 61 22
8 8 26
10 44 26
5 15 37
9 1 38
20 13 12
16 11 13
14 22 16
13 32 8
21 12 40
21 7 33
21 4 6
12 50 5
13 15 2
5 48 9
9 50 33
21 54 3
11 55 33
21 64 25
4 14 27
6 64 33
8 29 33
22 1 35
1 62 1
10 57 32
13 32 2
11 39 1
18 42 40
20 40 22
20 13 9
7 13 31
11 50 21
15 6 7
16 3 14
16 22 39
3 48 4
6 59 17
22 9 7
1 3 24
11 45 38
21 37 28
5 11 27
13 3 8
3 15 9
3 4 9
2 13 8
3 25 27
2 9 8
17 45 20
3 49 4
13 11 29
5 10 10
7 41 17
11 1 4
22 64 9
13 38 3
7 53 24
4 21 36
14 25 4
7 50 25
4 16 5
10 41 37
16 41 21
1 38 24
1 10 36
2 18 3
17 7 26
8 41 21
2 48 18
13 13 38
8 49 13
12 60 32
16 24 30
22 62 29
10 59 34
19 8 38
8 44 5
13 17 24
6 59 4
16 35 27
9 45 37
20 60 38
17 49 9
11 14 21
7 60 23
8 42 30
10 11 40
16 50 21
18 51 40
4 63 6
18 54 34
19 17 35
5 47 8
22 11 40
6 9 19
6 16 6
14 23 28
16 58 7
11 61 21
15 2 3
7 25 13
22 40 24
21 65 7
15 29 6
21 27 34
4 57 15
4 12 16
5 22 2
20 48 14
5 44 7
12 62 15
1 40 32
15 52 31
17 63 20
11 5 11
21 3 35
17 44 14
7 54 18
8 65 3
15 41 40
2 57 16
13 13 13
4 31 9
20 8 8
21 38 19
4 31 35
3 54 27
7 17 3
2 16 8
11 15 3
13 2 35
6 8 13
16 39 15
9 38 13
17 22 23
19 24 38
20 17 3
21 38 15
9 46 30
19 24 23
12 47 31
15 49 25
1 49 14
8 31 19
21 62 28
21 45 36
17 5 26
15 38 7
17 32 34
7 36 29
20 65 19
12 43 4
5 52 22
2 40 11
21 4 16
21 41 23
5 39 6
9 29 13
19 13 9
12 23 12
22 60 4
13 65 38
6 25 5
17 65 4
6 41 3
1 40 27
4 38 30
15 4 13
22 25 1
15 30 21
9 4 17
17 54 11
22 59 6
7 34 20
11 35 14
19 42 5
5 4 29
20 57 23
21 36 12
14 41 5
3 2 31
22 16 30
17 1 38
16 53 25
19 29 1
7 58 20
6 27 32
4 22 22
5 52 38
19 31 6
11 2 9
14 3 26
13 38 1
9 51 26
2 44 7
18 59 10
13 15 15
6 7 37
2 44 3
6 63 12
15 42 26
1 32 20
17 12 35
19 59 2
5 10 32
2 44 11
10 64 24
8 5 11
9 1 18
19 23 37
4 36 7
13 43 23
1 41 21
2 2 13
4 34 2
1 3 33
16 64 36
4 5 15
18 51 39
10 65 20
10 56 21
14 5 36
5 40 3
21 23 1
14 14 13
11 52 4
5 21 31
19 34 32
11 48 17
6 19 31
10 36 22
7 46 28
18 49 31
16 15 35
12 17 18
1 4 2
18 58 22
5 46 34
3 5 13
4 38 10
21 9 35
14 23 7
6 12 8
16 53 10
16 64 18
21 15 9
8 16 11
19 61 38
12 59 21
3 16 39
5 24 5
3 4 1
16 46 37
6 37 40
21 11 4
2 52 29
17 40 18
3 46 22
21 51 6
17 48 7
4 32 16
16 16 6
11 28 31
10 20 19
8 10 17
12 2 18
3 62 5
11 5 24
14 16 36
4 21 9
20 11 33
6 30 12
19 53 39
11 8 15
17 31 26
19 11 26
12 19 11
15 4 24
8 2 22
17 42 7
6 39 33
6 29 36
5 6 28
21 11 33
14 22 18
9 17 1
12 32 4
11 44 8
22 46 12
16 61 19
3 15 39
10 32 30
20 37 23
20 20 14
21 21 36
19 55 2
20 4 28
1 42 28
6 43 37
4 12 28
21 42 18
5 12 20
5 18 30
14 23 31
11 22 39
13 41 34
6 41 26
14 18 10
2 29 38
4 40 30
18 65 35
22 6 27
11 62 23
7 52 20
9 37 6
2 65 23
17 65 29
15 40 13
22 60 23
16 33 34
7 64 40
20 8 20
11 20 22
20 60 27
20 40 30
18 46 19
17 49 2
3 14 3
21 53 32
4 57 26
7 22 13
9 37 22
10 28 27
19 49 38
2 38 37
3 26 28
5 7 28
5 51 32
21 34 1
6 1 36
22 42 23
11 11 9
10 53 15
17 26 34
2 24 7
18 55 8
22 30 7
13 29 9
2 27 38
4 57 32
3 33 34
11 56 12
18 19 34
11 47 21
9 16 6
4 54 38
11 4 35
22 21 1
1 50 34
7 11 18
22 26 10
2 47 34
16 14 2
6 7 18
18 59 27
14 32 24
13 23 4
3 35 22
20 60 40
19 43 3
8 21 8
1 32 23
8 9 26
9 37 36
8 28 15
1 38 2
5 59 21
17 19 11
1 62 37
1 54 18
9 33 22
13 55 39
22 27 26
10 17 25
17 53 24
20 6 17
13 11 33
5 16 29
10 33 37
19 60 31
18 9 10
7 46 17
7 18 22
7 35 28
17 5 37
8 19 37
7 35 24
8 18 34
22 54 6
20 15 10
17 44 31
17 8 14
13 34 30
19 27 7
2 20 25
13 1 29
15 55 38
13 30 13
8 47 3
11 51 26
18 32 32
5 41 19
4 11 36
2 59 13
8 41 35
19 33 7
6 25 32
16 36 20
18 48 7
2 28 32
16 24 40
4 25 35
13 57 24
12 36 3
12 34 32
7 37 39
12 39 10
18 31 3
21 28 34
10 7 17
16 47 19
21 16 19
9 14 39
13 41 18
11 9 26
22 40 35
20 57 24
10 3 9
18 19 25
2 58 21
18 53 15
12 9 5
8 58 4
16 14 38
21 24 18
7 24 36
14 58 21
12 11 12
22 60 24
15 65 28
14 61 24
7 63 19
5 57 28
20 29 13
1 64 3
13 2 5
18 3 35
4 50 26
5 2 8
12 22 10
7 3 40
6 62 21
22 39 24
14 55 5
8 34 39
15 23 36
6 10 13
6 50 17
20 34 14
17 49 30
7 34 10
16 10 26
10 60 26
3 44 34
8 36 12
15 65 12
21 38 40
11 61 1
15 54 5
9 18 25
20 15 29
15 28 28
17 10 29
16 11 24
1 8 32
6 28 22
15 30 1
13 4 32
2 13 25
8 50 35
13 2 24
16 40 31
12 13 19
5 64 17
1 52 3
2 10 5
11 63 5
17 30 35
3 14 21
5 33 32
12 44 23
3 17 20
12 36 11
17 44 18
9 49 30
12 59 32
8 63 14
1 50 6
12 18 12
22 38 18
6 31 4
16 27 18
18 64 26
4 3 15
11 37 3
7 50 34
18 35 1
18 31 10
20 32 3
6 35 1
14 41 14
22 9 11
18 59 36
15 2 10
10 18 1
17 64 40
13 25 25
11 46 20
3 7 25
4 44 9
17 41 29
19 42 12
6 30 15
1 34 10
11 26 7
14 61 8
12 25 9
4 22 37
1 35 8
20 16 3
7 55 32
20 37 27
10 55 22
2 56 11
15 3 4
17 25 25
4 43 36
11 52 14
8 38 12
4 52 25
12 62 1
19 57 38
19 19 30
9 59 21
5 60 16
15 36 29
21 45 34
16 65 28
12 38 22
8 27 22
18 28 27
18 13 34
4 36 23
7 47 21
5 5 1
19 12 36
10 16 7
5 46 34
13 65 33
7 48 3
19 39 35
2 64 23
14 44 32
2 47 20
14 60 14
9 12 35
7 56 30
3 49 11
10 8 20
10 49 16
13 39 40
14 22 25
8 14 8
14 49 27
9 55 31
11 24 7
21 1 28
9 53 20
22 41 24
17 18 34
15 13 14
7 45 17
22 38 27
20 43 13
12 30 33
22 51 40
9 21 39
10 61 28
10 56 4
4 27 14
2 52 5
14 26 26
2 42 11
4 28 16
15 32 25
10 65 32
4 53 14
2 59 9
12 20 8
3 65 13
6 57 22
19 65 22
11 64 28
9 41 29
18 3 4
7 19 4
6 7 3
1 2 21
1 40 20
5 59 34
3 2 1
12 28 39
1 33 25
18 47 36
7 44 38
10 37 26
21 55 10
21 27 26
12 22 3
12 61 10
17 6 32
15 58 6
22 17 14
15 57 2
14 57 35
10 17 38
7 63 14
3 16 28
1 15 37
18 39 5
7 45 7
1 24 16
8 31 30
21 27 36
20 42 36
12 58 28
6 59 5
3 17 11
12 65 14
13 60 4
9 58 21
6 18 10
5 50 17
8 55 23
5 18 6
12 13 17
18 63 22
13 50 20
9 11 40
5 1 37
5 44 2
18 36 11
9 57 13
11 16 6
3 31 27
15 52 30
14 64 1
9 64 2
11 40 20
15 22 32
2 5 28
3 3 28
3 61 3
10 54 20
18 41 33
12 19 30
15 41 12
20 26 31
5 28 30
15 45 28
2 33 11
1 7 4
19 4 34
3 61 25
4 15 33
21 25 40
1 5 16
16 9 11
18 48 12
9 25 20
5 8 5
1 22 33
21 39 15
22 24 8
7 16 34
5 10 31
12 61 22
13 6 14
1 10 1
9 53 37
19 53 6
11 23 31
3 29 22
11 49 14
21 13 21
19 25 40
6 5 26
11 35 9
20 2 2
12 3 5
22 10 32
13 45 9
16 6 17
6 27 6
4 8 10
6 3 3
11 58 35
15 19 28
10 54 3
14 2 9
6 27 9
18 53 31
11 64 17
10 18 17
20 39 5
8 23 8
9 48 20
14 11 8
1 28 12
9 18 2
10 23 6
10 46 19
13 12 9
9 14 8
12 53 39
14 51 35
22 33 21
18 59 31
19 41 27
13 1 18
20 11 19
19 19 11
13 35 1
17 32 33
8 12 28
22 33 17
19 41 1
11 30 27
12 28 29
13 21 26
15 40 1
19 13 10
10 61 2
22 5 36
1 31 16
2 55 20
10 11 11
2 27 20
4 1 24
11 32 2
6 16 7
16 11 13
7 56 37
6 48 30
6 15 2
1 28 24
1 26 20
3 42 37
1 58 22
10 64 33
16 38 23
7 17 34
16 65 35
22 13 8
15 10 37
12 48 37
13 4 27
3 5 37
12 65 39
15 56 25
5 57 4
10 18 2
14 48 15
2 26 23
21 26 4
14 26 37
8 38 27
7 35 19
7 58 9
12 9 32
8 47 5
11 59 7
17 43 13
12 50 31
4 64 38
21 43 28
14 10 9
8 11 33
14 57 18
2 38 24
22 32 2
22 12 35
18 14 8
21 22 27
14 52 28
4 53 15
1 15 36
12 8 35
12 56 20
1 29 36
8 49 23
21 55 23
20 7 37
3 34 9
15 65 38
18 51 34
8 63 17
21 3 30
21 56 15
8 52 24
20 46 22
2 44 7
20 39 16
11 59 30
10 36 15
7 25 14
8 11 22
7 54 4
14 60 24
20 36 21
3 22 2
3 7 12
13 16 9
15 32 17
14 44 31
8 65 32
3 1 35
13 50 3
22 25 17
7 5 21
18 64 36
7 16 31
21 17 21
14 30 12
17 37 34
2 1 35
6 19 35
18 58 32
2 61 3
9 27 30
20 52 5
5 53 17
13 26 38
15 6 35
4 56 2
1 12 27
7 27 40
3 64 28
21 14 39
22 12 35
15 46 26
17 10 3
8 26 23
21 46 40
3 30 34
16 65 37
11 3 9
7 9 31
1 33 17
9 8 8
13 37 32
11 63 14
22 36 17
13 32 8
21 42 21
1 61 21
5 18 10
3 31 23
10 22 21
4 10 40
16 13 27
4 19 24
15 43 36
1 38 14
15 29 23
11 50 31
8 51 7
1 22 39
5 32 31
14 61 35
16 50 29
8 44 24
13 27 39
4 58 23
5 45 38
13 56 21
5 63 28
20 58 11
2 45 39
16 26 7
19 59 18
21 35 38
5 24 33
5 22 22
20 21 3
20 54 5
21 54 3
2 39 1
10 65 19
19 48 11
19 55 23
8 27 30
21 54 16
10 33 14
5 21 19
15 7 29
8 4 16
16 13 30
9 40 36
16 46 35
6 19 20
7 51 13
16 14 10
2 55 7
16 35 8
6 64 6
11 35 21
6 19 12
15 19 31
22 38 23
21 55 30
12 6 4
12 18 5
8 37 4
10 30 2
16 28 22
14 46 37
1 1 26
7 3 37
7 8 3
11 48 7
12 30 18
19 46 19
16 56 18
15 60 35
9 48 35
5 37 34
12 2 35
21 28 7
19 59 22
15 43 36
20 46 28
2 16 15
1 30 35
15 34 27
15 40 32
19 20 38
17 18 25
8 55 39
13 29 7
17 13 10
16 17 1
11 27 32
13 22 1
3 5 5
7 19 13
5 24 35
22 6 27
10 7 12
2 49 21
9 30 16
3 63 38
13 34 40
2 6 6
21 41 1
22 11 8
7 55 29
18 36 14
17 30 6
11 23 25
10 19 6
21 47 27
11 42 22
11 6 12
9 40 35
22 44 10
1 47 39
9 29 13
19 65 8
11 52 8
16 18 28
13 16 22
17 28 11
20 33 10
9 7 14
20 34 31
6 18 9
21 11 32
20 28 15
5 49 8
5 32 1
12 41 16
5 64 9
11 10 35
5 18 27
14 61 23
8 58 12
12 52 17
10 31 40
18 51 5
21 12 23
12 30 39
7 46 25
9 18 30
7 23 39
2 53 25
6 48 21
11 32 32
1 15 13
8 41 26
17 34 35
17 35 27
22 48 10
11 9 35
13 47 11
17 17 29
13 48 9
17 58 37
5 52 10
7 9 6
7 5 36
17 53 17
18 11 34
9 29 39
3 35 19
7 13 5
5 8 40
15 46 26
3 28 31
3 44 37
17 62 3
19 6 38
4 55 32
21 28 37
7 7 8
15 44 37
15 31 25
3 54 21
20 31 2
13 20 11
2 49 32
22 60 20
3 22 22
21 35 25
7 1 6
8 17 9
19 4 15
11 6 18
9 55 30
2 30 13
15 9 3
15 1 23
2 19 13
2 8 12
22 62 14
14 46 24
15 25 32
18 19 14
13 56 15
11 3 1
20 6 30
12 4 11
1 34 32
22 50 7
7 52 17
10 37 33
2 36 26
16 36 29
22 47 33
22 24 34
6 56 35
6 58 3
7 19 40
13 24 15
12 31 26
13 8 2
14 45 34
3 65 8
2 12 8
7 37 40
4 29 1
13 16 33
16 22 5
13 3 7
7 25 10
9 56 38
10 24 38
18 23 4
2 50 37
13 54 11
12 40 21
15 39 10
20 17 38
6 43 6
11 39 30
5 55 16
8 6 33
1 9 25
9 23 37
1 18 1
19 16 36
11 20 33
19 6 28
16 58 25
12 22 17
3 25 36
15 62 26
11 31 7
8 24 2
21 48 3
6 23 29
7 65 32
14 16 9
15 36 19
17 6 37
14 53 25
5 62 30
18 37 32
21 20 5
1 53 27
13 56 15
4 7 19
6 59 14
1 4 10
21 39 16
7 1 11
12 17 36
10 25 14
1 8 6
11 30 28
22 48 13
13 26 11
12 9 10
14 60 23
8 45 17
18 24 3
9 32 26
15 8 6
22 21 28
7 28 23
2 4 7
19 52 10
7 23 23
2 25 16
6 56 13
7 48 28
4 15 39
17 21 1
11 7 37
16 28 26
6 53 39
5 19 15
6 57 19
18 18 21
6 54 8
9 45 1
19 9 25
10 5 14
11 52 14
6 8 40
6 41 28
17 8 29
14 63 5
12 29 2
14 28 35
13 48 1
22 64 13
22 49 7
15 12 1
8 3 23
9 36 17
6 36 14
14 58 6
4 52 32
10 46 18
4 38 17
1 29 1
5 4 35
16 20 37
21 21 4
10 2 12
8 59 11
11 8 40
8 14 20
1 30 22
10 37 17
16 32 9
10 58 20
6 38 39
13 11 14
16 42 25
9 14 32
21 60 16
21 36 31
8 42 6
13 56 31
1 8 1
20 53 36
20 48 16
6 60 20
19 46 20
10 51 32
15 9 37
18 25 34
8 65 19
22 1 18
3 17 35
22 56 17
4 38 38
7 54 9
12 34 34
19 1 21
15 41 35
14 33 39
9 2 8
7 4 17
16 24 17
20 50 3
5 54 4
16 14 34
8 54 12
9 3 2
3 31 30
1 24 18
1 20 26
6 55 36
22 11 38
1 16 30
7 36 6
20 8 4
18 11 5
14 43 30
5 31 29
19 14 1
9 27 8
6 64 18
14 49 13
5 17 29
16 57 7
21 29 5
12 16 40
11 55 31
6 63 40
17 53 21
18 41 35
9 53 27
15 31 9
16 20 26
21 20 7
11 61 13
15 34 40
1 31 35
3 51 35
8 17 30
11 39 3
12 10 23
1 54 10
8 42 26
20 38 36
19 56 16
18 6 7
14 14 15
22 6 11
9 18 21
16 38 17
10 52 20
18 13 26
1 52 20
14 9 11
1 49 11
1 31 24
16 41 37
2 17 2
8 65 25
12 60 23
3 31 34
19 47 20
12 56 2
9 19 39
4 50 3
10 12 4
19 24 37
15 14 29
2 15 28
17 29 19
17 55 16
14 41 39
16 37 39
1 12 35
22 39 8
21 41 33
6 23 32
17 59 36
14 15 39
7 25 4
5 29 9
10 35 1
10 14 5
8 39 34
6 40 34
8 32 37
20 34 24
12 19 39
3 55 22
6 52 36
15 17 28
8 39 37
17 35 33
5 5 3
16 44 3
21 20 17
14 5 24
9 25 38
15 53 40
15 65 6
22 24 27
5 13 29
5 8 31
6 17 2
15 58 37
7 1 21
17 50 12
19 63 26
21 47 15
2 8 27
4 1 36
18 45 29
2 28 3
9 19 19
1 9 23
5 10 26
22 61 11
1 22 37
13 50 35
8 22 8
14 14 7
9 17 17
14 50 11
6 3 34
20 50 31
12 10 10
7 2 23
20 46 21
2 27 30
9 32 16
5 60 24
22 13 39
22 6 27
6 21 37
7 57 2
11 35 13
14 48 27
12 16 10
3 29 34
17 52 18
13 37 1
13 15 16
18 38 6
6 22 34
12 26 31
2 35 14
3 26 22
3 11 20
6 32 12
11 45 12
4 44 9
1 15 16
16 13 18
9 22 38
14 15 11
7 18 10
21 14 26
10 38 28
6 40 13
11 34 27
13 40 37
5 12 31
16 65 25
10 16 23
22 6 20
10 56 29
9 45 21
11 8 1
10 25 20
20 59 16
19 14 23
17 36 30
6 38 10
9 40 30
4 54 14
4 37 24
6 5 38
19 13 10
16 19 6
7 18 2
11 64 13
1 25 38
21 25 37
20 9 40
5 35 7
14 24 1
4 42 18
12 44 2
1 9 36
12 32 37
15 17 11
21 34 1
6 21 22
10 23 5
4 63 36
21 63 9
21 59 19
18 39 15
22 40 28
2 1 9
17 25 24
20 4 27
12 12 35
5 2 34
15 15 27
19 33 20
15 27 22
19 60 27
1 45 7
4 17 17
1 10 31
1 24 33
8 15 39
7 50 14
20 20 10
10 3 14
19 34 36
4 59 10
2 9 36
13 48 10
9 32 25
1 64 10
7 33 35
12 17 19
19 38 24
8 34 12
6 37 21
9 5 20
22 43 21
3 31 5
1 64 22
3 23 4
4 23 24
21 62 34
8 35 3
16 39 32
22 54 38
5 2 16
2 65 13
21 65 34
12 4 5
8 45 21
7 14 36
3 42 15
15 26 21
20 46 25
2 34 9
6 20 11
4 23 36
3 36 20
22 10 2
11 59 14
22 32 35
22 53 9
9 29 35
10 22 21
9 37 21
8 32 23
18 53 23
4 53 2
2 63 14
5 2 32
12 39 40
18 39 8
14 1 1
13 37 19
5 20 34
20 54 8
9 46 21
4 41 39
16 41 5
22 24 20
19 63 38
6 53 33
16 48 24
14 61 27
12 36 34
12 41 33
11 39 34
16 24 6
13 61 19
15 5 12
20 53 19
1 50 37
20 28 17
9 32 10
19 53 13
4 6 27
3 40 6
9 12 13
21 50 34
4 3 19
20 4 32
18 17 31
12 4 28
4 61 1
8 43 12
14 17 2
2 29 34
21 13 23
17 44 6
1 41 34
7 32 34
11 51 24
19 56 38
13 50 22
6 20 30
2 24 19
20 33 20
2 7 16
22 38 19
10 48 4
18 49 16
10 45 23
6 44 15
20 29 23
5 57 23
4 26 10
11 13 28
19 19 36
14 32 39
17 59 39
6 29 3
18 24 19
18 19 24
2 43 2
7 27 3
22 53 37
16 36 29
21 50 3
9 2 27
17 8 34
9 55 8
16 8 5
21 50 25
20 38 33
6 45 21
3 21 17
9 28 40
18 12 12
5 51 35
11 26 38
19 16 19
17 22 17
11 7 23
5 44 18
3 34 1
11 19 38
18 60 8
13 24 36
16 45 14
10 18 18
7 57 33
21 42 12
12 3 10
20 45 15
7 46 12
7 35 24
15 64 26
21 61 5
14 58 34
22 25 36
4 55 2
4 23 3
8 35 19
10 8 4
9 59 2
5 28 1
8 5 13
12 55 26
14 24 23
8 55 18
9 62 40
1 32 13
19 35 2
6 60 15
22 39 5
20 14 22
14 37 29
17 50 8
22 60 13
17 27 35
9 45 13
9 17 35
2 11 20
3 49 36
2 29 9
19 55 30
13 3 21
16 36 6
16 38 18
22 20 4
15 53 3
7 29 11
17 10 8
11 25 15
17 33 12
3 57 9
7 65 13
12 15 30
12 45 24
22 41 34
5 20 29
12 24 10
1 12 6
20 11 31
14 27 20
1 56 4
12 49 21
18 31 14
12 58 24
6 41 25
13 15 24
12 45 17
19 59 9
4 60 12
5 31 37
8 55 35
7 61 27
22 45 14
6 57 12
14 34 37
16 51 34
19 45 8
6 49 25
4 2 21
9 48 25
5 21 15
10 34 25
19 33 11
6 31 40
22 23 12
19 57 40
12 27 23
13 39 40
6 62 27
21 5 2
1 36 24
4 51 23
17 11 34
13 2 4
20 60 33
7 3 8
16 22 17
5 24 8
13 49 11
7 47 18
15 11 38
14 56 14
15 60 33
7 6 2
12 15 14
16 2 33
1 32 36
7 42 23
20 11 18
11 1 17
19 58 31
15 9 39
3 58 18
20 62 28
11 56 36
12 4 28
22 4 33
16 38 12
6 6 36
9 25 6
4 52 9
16 39 6
22 45 31
13 49 3
4 48 17
13 2 33
13 61 17
9 62 34
10 47 37
16 25 3
16 1 25
10 49 27
2 17 39
5 60 39
18 53 8
2 7 3
7 10 30
22 16 18
1 1 5
20 30 1
11 5 27
3 38 25
22 48 25
8 16 9
10 50 28
8 60 28
16 43 7
10 62 12
13 12 27
21 30 29
4 54 5
10 32 40
20 17 32
16 32 7
9 35 1
4 10 32
17 56 39
12 59 7
14 41 10
11 8 19
11 57 38
1 29 6
12 38 18
6 42 22
1 7 16
15 31 25
11 52 22
16 13 13
1 34 2
20 7 31
18 48 13
5 2 27
20 5 31
13 13 5
19 40 29
10 2 2
10 1 32
4 24 31
5 54 27
16 16 8
4 6 6
3 18 12
16 15 5
10 31 33
2 7 9
10 49 40
8 7 6
15 18 27
1 63 34
9 6 17
9 60 16
5 1 30
13 23 15
5 45 5
7 9 9
4 8 23
13 55 19
4 42 37
3 33 20
16 20 2
18 51 7
11 18 6
18 11 37
9 59 1
9 40 16
4 49 20
8 42 3
14 38 27
2 64 13
13 43 13
7 10 26
7 42 36
6 57 15
6 36 20
5 62 19
1 60 29
9 15 26
19 32 25
7 60 16
19 58 7
8 43 37
7 17 7
4 59 28
7 45 13
12 35 3
14 26 9
19 15 23
9 21 20
4 41 7
17 4 18
7 3 25
2 9 17
16 62 30
5 49 16
6 48 2
1 7 17
16 34 30
10 48 38
4 2 3
12 26 23
7 20 10
12 18 20
7 5 19
6 25 36
22 53 14
7 29 8
5 29 9
9 11 17
20 28 17
1 57 25
22 43 17
6 30 38
15 60 2
4 34 37
22 26 25
11 47 17
21 24 2
12 16 18
3 51 19
11 24 25
1 48 40
17 28 14
22 28 24
22 21 28
20 7 16
7 49 26
12 8 1
15 59 21
10 56 27
5 13 34
19 13 12
1 62 34
20 11 26
17 51 38
19 58 10
4 25 30
2 65 21
12 56 31
18 62 27
16 1 7
14 34 7
6 35 25
19 9 4
7 42 28
4 46 26
15 54 7
11 53 20
5 23 23
3 10 27
18 63 35
16 52 21
6 10 20
11 58 39
9 18 7
14 13 35
9 56 40
15 10 21
10 29 28
8 52 36
8 4 26
5 5 2
6 50 6
15 17 5
17 24 23
9 55 28
9 5 33
21 6 39
8 49 13
22 25 15
14 61 25
20 52 20
2 58 7
7 44 4
5 3 3
7 27 36
11 5 15
9 39 35
5 51 27
1 12 31
5 62 31
4 56 21
3 18 12
14 24 23
18 25 1
5 52 38
16 59 30
15 25 10
3 59 7
1 48 12
9 16 12
17 53 18
15 7 28
7 29 11
18 60 17
1 53 34
19 38 17
12 34 39
8 58 2
8 60 20
16 29 21
11 60 10
6 35 28
2 61 6
17 10 36
12 5 20
7 48 19
19 20 17
21 24 22
4 58 27
10 30 30
6 39 35
7 35 26
7 27 4
21 54 4
10 59 17
20 61 22
14 63 5
16 52 28
11 34 37
1 48 30
6 31 26
5 11 38
13 57 11
18 64 3
15 38 9
17 44 31
21 51 38
8 35 27
10 23 38
8 31 31
14 23 7
19 10 1
21 62 26
1 19 22
3 45 16
7 47 35
3 46 28
14 48 24
19 64 3
7 19 2
10 52 13
18 47 8
17 43 2
21 54 7
14 29 39
8 48 18
16 43 3
15 29 15
20 54 34
1 65 29
3 14 28
17 57 21
1 32 36
13 35 31
3 40 5
1 62 40
18 27 13
16 21 14
2 46 28
2 47 16
21 41 27
3 42 11
15 5 18
1 37 16
16 2 20
6 42 13
10 49 9
12 60 30
13 32 36
14 18 40
1 62 7
15 22 34
18 64 8
7 39 4
22 28 19
6 21 14
21 9 7
11 4 26
10 28 37
5 65 15
20 64 25
5 60 24
17 41 20
2 43 1
10 7 15
9 57 33
22 14 25
7 45 2
9 21 31
17 37 33
9 11 35
13 62 32
20 31 35
16 61 30
7 64 34
20 49 18
21 49 38
15 16 15
6 35 36
1 33 16
2 38 29
11 16 38
16 15 6
18 32 11
11 22 23
18 1 9
9 30 34
3 45 12
21 28 36
21 47 28
22 36 17
1 19 7
8 54 14
1 25 4
22 32 4
7 60 17
15 49 13
12 7 14
7 8 7
6 45 34
14 28 13
19 53 14
21 32 35
13 31 40
1 33 2
4 13 31
10 46 7
21 57 29
7 65 5
13 41 31
9 41 18
15 8 23
7 5 26
14 62 19
19 48 4
22 10 14
15 62 2
6 49 14
21 8 33
18 32 24
11 28 9
16 40 12
2 12 35
1 63 2
16 23 40
10 55 14
17 14 3
8 60 26
11 22 5
1 62 26
3 10 40
8 55 8
5 22 38
2 50 22
2 51 39
11 8 37
3 64 8
9 14 26
22 33 38
17 9 20
6 26 16
19 6 12
20 38 2
14 50 20
2 48 32
5 12 24
22 1 19
9 27 17
21 23 33
10 41 3
17 14 6
6 2 31
9 4 13
21 61 35
8 49 18
10 4 28
14 14 9
22 64 14
8 16 2
5 44 30
4 37 29
7 41 39
1 53 25
3 22 12
12 60 4
18 15 37
10 65 36
7 61 16
22 64 13
10 47 13
20 27 7
3 60 30
12 62 31
22 52 22
11 61 6
7 46 38
16 13 4
9 36 3
11 8 10
11 38 6
21 6 23
16 65 29
2 53 29
16 34 5
6 63 35
13 53 2
17 45 26
10 60 28
5 4 18
15 22 26
12 53 8
18 16 22
1 52 12
20 48 27
1 51 18
3 52 10
19 36 35
4 14 21
19 36 22
12 60 29
5 65 24
14 47 9
3 37 8
9 17 18
14 4 18
10 16 17
13 35 14
2 40 19
19 17 21
7 62 39
4 57 1
1 62 23
11 27 14
2 23 27
8 19 1
3 32 34
11 47 25
9 11 7
9 32 30
7 13 26
4 4 8
17 28 24
1 46 40
1 43 19
12 60 10
3 28 27
19 52 26
14 41 34
1 26 31
17 16 26
20 61 6
13 4 11
17 50 23
11 53 25
5 53 37
9 36 12
20 43 36
22 53 28
8 62 38
10 50 36
17 31 25
11 28 40
20 11 26
19 46 20
17 21 29
17 25 31
21 48 32
7 30 8
21 12 10
8 52 14
18 55 29
19 15 10
11 51 25
19 2 18
12 32 5
17 46 25
2 41 13
8 57 7
5 44 17
19 43 26
9 5 17
18 63 3
3 44 19
10 40 16
3 14 26
11 6 6
4 41 15
8 27 17
15 47 32
19 45 1
1 23 14
7 53 1
7 3 19
19 11 25
19 51 36
10 17 9
16 52 17
16 10 1
10 30 40
22 53 9
7 12 23
21 50 14
22 17 9
22 34 35
4 15 6
13 36 40
7 61 30
16 16 10
1 60 4
3 58 24
10 37 9
8 65 5
16 38 31
2 62 13
8 39 18
7 41 26
12 52 32
6 64 18
3 11 11
22 62 23
14 56 28
8 4 2
15 31 5
19 31 26
20 60 23
8 56 29
15 13 23
3 47 15
19 23 37
8 31 25
19 59 38
9 63 14
5 30 32
5 64 11
10 45 40
11 40 8
7 12 28
1 65 14
18 38 2
20 45 11
21 49 24
22 59 30
12 39 18
18 11 14
17 23 11
18 48 12
2 16 34
17 50 10
10 4 28
20 40 14
19 45 1
5 10 14
11 24 17
13 28 32
19 58 38
4 46 31
22 5 10
9 11 17
20 55 29
7 42 3
6 47 16
21 48 7
17 43 28
19 53 26
3 52 11
13 5 36
11 36 19
5 8 5
6 46 33
19 52 36
20 45 35
19 42 8
19 5 14
1 3 14
5 40 16
16 34 24
17 45 28
22 15 7
11 41 19
3 18 27
7 25 33
17 10 37
22 9 37
14 39 35
22 24 7
18 18 16
1 39 6
13 4 9
10 16 8
6 39 5
22 33 6
22 2 13
19 60 2
15 49 6
15 56 32
16 19 1
21 27 10
5 34 32
19 3 20
8 2 7
9 6 14
6 13 28
19 25 32
16 62 10
3 2 19
7 44 23
7 18 14
17 50 20
7 26 31
18 16 17
8 8 14
19 19 23
14 2 40
5 45 7
22 1 26
16 24 21
1 16 20
3 62 39
15 45 2
20 13 7
14 40 14
16 31 36
3 65 7
12 36 27
14 32 20
12 65 24
17 45 6
14 24 32
14 45 4
11 63 13
14 35 17
4 22 29
16 50 1
16 47 40
2 1 12
21 55 26
8 29 4
19 61 7
12 19 39
2 61 10
11 40 17
10 19 8
12 48 11
13 25 5
5 28 8
18 6 27
20 34 37
19 15 6
1 24 37
18 54 31
2 30 6
2 52 12
3 3 31
2 21 36
16 8 29
20 7 4
18 65 20
1 7 8
19 22 8
20 11 18
21 3 26
19 55 1
2 23 22
13 47 35
1 48 28
6 61 37
15 57 9
15 30 14
12 35 7
12 52 22
6 3 38
2 31 6
3 2 40
21 48 37
7 35 28
2 22 9
13 50 21
18 20 25
13 57 17
22 8 14
16 1 16
10 46 26
3 42 36
3 43 1
12 25 7
8 18 14
15 53 19
12 35 7
9 53 37
6 31 16
10 61 14
8 23 32
16 4 30
15 15 12
9 51 23
14 49 12
2 9 18
18 31 26
13 1 25
9 37 31
13 59 11
16 8 7
15 25 34
3 38 15
14 12 38
16 5 8
8 24 26
13 9 15
22 45 14
15 57 5
8 63 5
5 51 40
19 38 13
9 24 26
9 61 14
8 64 36
11 2 14
17 4 20
8 35 18
8 38 17
16 3 1
10 21 36
9 3 26
1 55 8
5 64 12
16 1 11
20 18 20
13 8 24
8 64 9
2 21 25
14 29 24
9 32 3
1 48 34
8 10 19
6 41 13
21 59 1
14 8 25
14 33 32
16 54 7
8 20 17
3 27 39
1 36 24
13 14 22
19 48 6
14 2 26
19 38 39
14 49 23
9 1 17
1 55 1
9 56 3
13 5 30
5 15 2
17 60 31
10 53 17
8 6 28
12 42 4
16 20 6
13 9 38
5 65 25
11 12 22
13 21 25
2 17 4
10 36 28
22 21 15
21 22 26
10 10 22
12 61 18
20 23 12
2 21 17
5 50 6
5 31 29
9 27 37
13 63 12
19 26 26
14 44 27
11 27 4
22 36 12
15 11 4
8 19 23
6 56 1
8 14 36
6 48 27
19 22 25
3 8 29
21 13 31
13 36 28
20 22 33
11 3 39
12 48 29
10 19 21
22 33 1
6 54 2
1 33 35
20 49 36
12 42 9
17 31 17
1 50 18
10 22 18
16 54 17
15 16 7
19 49 2
4 17 33
21 16 3
19 54 17
8 48 34
18 64 1
2 27 28
17 44 30
7 35 35
17 26 11
14 52 19
22 39 12
4 26 40
9 7 27
21 41 25
10 22 33
2 59 1
20 17 26
12 57 19
5 3 6
21 22 17
2 51 2
16 50 38
13 36 35
13 49 3
11 53 22
3 65 3
1 18 22
7 59 37
7 2 29
22 62 15
4 45 1
3 20 6
2 19 16
1 13 13
21 52 8
11 19 37
19 53 33
8 9 16
19 27 6
5 49 18
15 43 4
6 2 29
18 40 19
8 11 8
6 37 14
16 1 9
10 27 31
16 29 11
7 49 32
7 64 37
12 62 14
20 58 27
4 38 16
18 28 30
8 43 2
13 2 34
18 25 20
12 56 29
11 4 24
15 38 33
9 9 36
2 15 21
17 13 30
5 28 7
11 46 26
19 34 7
17 45 10
7 25 11
7 12 6
4 1 21
11 37 13
21 55 33
6 20 19
6 8 33
11 12 8
19 39 2
16 62 6
21 3 23
2 35 30
8 52 19
9 7 8
10 49 10
5 20 2
5 44 36
19 46 9
19 15 37
5 62 8
4 2 2
11 53 24
10 61 17
10 18 20
18 10 20
20 46 28
13 4 25
13 36 39
21 65 18
1 45 31
3 40 21
22 35 13
8 16 27
18 2 28
16 54 18
4 15 17
14 62 37
22 56 29
7 33 6
2 22 20
10 15 34
16 37 8
21 42 17
4 9 20
11 64 15
7 9 7
4 54 15
5 6 18
21 17 40
10 55 22
10 55 20
11 32 11
20 36 31
7 39 2
2 1 28
20 2 27
12 12 20
9 64 37
4 61 23
5 62 26
15 26 20
22 58 5
15 46 8
1 54 20
6 7 2
17 14 33
19 24 7
19 10 1
1 43 13
21 21 3
15 19 2
16 61 1
12 24 36
14 55 8
16 22 21
9 35 23
10 58 29
15 9 29
1 41 21
10 3 15
4 51 40
10 14 8
17 51 22
5 40 23
11 7 27
4 28 11
13 56 3
3 51 5
4 25 23
14 32 7
12 17 11
17 24 30
4 65 29
1 44 38
3 29 3
8 33 29
5 3 26
3 6 34
10 62 21
5 25 26
9 18 15
14 56 13
9 45 10
17 1 23
5 46 6
15 1 21
1 40 39
4 65 26
13 17 8
3 49 37
8 36 40
17 27 28
13 16 31
18 42 33
17 47 1
12 20 36
17 39 19
6 29 12
21 23 3
10 20 15
3 59 33
17 30 16
22 21 33
18 10 13
8 48 5
4 50 21
2 58 11
22 19 35
6 62 25
3 5 21
3 28 25
5 16 29
16 12 8
14 48 24
15 56 15
5 26 30
14 13 39
16 17 17
6 44 7
3 63 9
19 60 6
20 13 25
16 41 39
2 50 33
21 17 13
15 62 38
15 58 34
6 50 1
5 36 31
13 50 13
20 59 16
4 59 35
2 48 6
12 36 35
18 45 35
19 64 32
9 64 17
21 4 22
7 49 33
6 11 35
6 56 25
11 50 32
11 10 23
19 31 22
2 38 3
14 22 30
7 57 35
6 31 2
10 7 8
2 60 30
19 20 28
8 37 21
12 21 5
14 51 18
4 23 29
17 13 21
4 60 4
16 36 17
8 58 10
17 11 16
4 23 2
10 12 14
4 7 22
20 57 29
2 35 36
21 48 14
14 45 9
3 59 19
2 45 21
5 43 28
6 54 16
5 15 3
15 33 39
19 8 32
21 30 13
17 46 30
9 26 10
20 43 25
19 3 5
7 27 2
20 27 19
19 7 22
14 8 24
15 25 22
2 19 37
11 35 4
4 48 3
14 50 39
9 65 23
13 21 40
4 44 13
22 50 5
2 51 39
14 19 18
1 39 16
22 18 15
21 32 34
2 29 23
1 17 33
9 47 9
10 50 37
9 16 18
2 45 13
9 39 3
2 2 35
7 62 4
10 15 3
4 9 30
5 35 27
17 59 27
10 26 31
20 23 38
13 24 30
8 30 17
16 59 39
1 25 27
13 1 31
15 13 27
6 46 39
10 3 2
7 21 7
21 45 10
7 50 35
22 10 8
21 62 35
8 42 34
22 17 9
9 53 34
22 41 17
2 2 39
9 65 34
1 44 28
15 50 30
22 43 11
12 47 39
22 54 19
9 7 30
11 42 11
2 48 21
11 30 25
2 17 11
5 27 3
11 32 14
7 9 7
1 24 9
17 15 25
13 23 26
11 16 2
1 20 34
20 24 22
11 39 20
10 10 38
18 30 16
1 64 26
18 49 18
7 59 36
8 15 23
19 23 22
20 35 1
14 7 5
1 17 1
16 28 22
9 30 1
16 16 15
1 44 25
8 44 37
8 15 7
4 23 6
3 13 10
12 10 24
3 54 28
20 2 12
15 61 13
6 48 27
1 24 5
2 5 24
5 3 10
4 35 26
6 65 9
1 53 27
4 8 38
4 3 9
14 5 2
15 53 35
1 42 9
13 7 40
10 4 31
21 22 20
5 44 18
21 52 6
21 12 36
20 12 27
12 44 33
15 7 3
17 43 17
17 21 12
12 6 10
13 10 1
17 62 7
11 21 29
16 4 1
13 15 3
5 16 32
13 23 29
18 61 2
3 4 21
16 61 9
19 2 22
5 42 31
16 59 9
19 24 15
3 57 20
11 22 19
3 17 28
3 11 27
15 52 8
6 59 25
12 19 3
7 58 7
11 35 13
7 36 25
22 42 32
12 7 32
18 7 14
3 12 26
16 9 24
15 64 8
4 37 27
4 41 31
20 19 37
7 53 20
22 36 6
10 40 5
8 61 28
17 15 23
11 48 23
3 58 24
15 58 21
20 24 39
14 52 18
11 37 31
4 8 5
11 27 13
22 7 32
9 45 27
8 4 30
14 40 31
10 40 28
12 31 21
15 21 18
3 34 22
9 48 34
16 11 21
5 9 25
15 31 23
3 4 23
5 19 6
10 47 3
3 9 32
22 3 39
2 34 35
22 18 35
21 51 19
20 58 27
10 57 17
4 20 36
17 29 21
11 15 1
7 2 7
9 55 11
3 64 20
22 47 20
5 20 9
10 14 29
1 14 25
14 26 33
16 6 40
18 46 34
16 29 3
15 21 8
1 35 37
18 51 27
10 49 13
14 57 9
14 60 28
19 41 4
4 15 6
11 31 23
22 12 13
20 55 16
8 35 16
7 4 8
11 32 24
22 3 11
8 10 21
9 47 2
19 22 16
22 28 18
18 65 35
9 54 35
13 65 18
9 57 15
13 12 26
20 29 28
16 28 40
16 54 17
15 55 5
13 20 30
11 10 1
19 5 40
18 56 31
22 52 8
8 1 11
19 49 26
7 41 35
9 23 39
9 43 35
2 16 36
21 38 1
1 33 6
14 32 2
21 9 17
1 50 16
7 21 19
5 58 35
1 26 13
10 2 5
16 47 36
10 29 2
17 37 11
2 61 13
10 57 34
7 47 8
13 41 26
2 51 1
10 6 2
7 5 12
13 42 20
7 43 15
11 51 28
18 56 8
10 31 3
6 16 37
1 2 5
5 54 1
14 41 9
1 36 3
12 9 37
19 14 4
19 4 1
5 3 39
15 53 17
17 13 8
6 6 26
6 32 19
22 21 26
2 10 3
2 21 35
4 60 35
9 59 20
10 27 13
7 49 36
1 49 13
4 51 7
20 42 8
10 6 40
4 33 14
2 38 3
12 28 7
13 22 9
9 39 37
13 15 13
5 42 9
7 31 7
21 35 4
22 57 22
3 16 26
4 14 7
8 22 3
11 4 18
19 13 17
1 12 38
14 34 5
21 31 40
2 59 29
7 33 27
22 27 26
7 61 18
19 19 34
18 37 21
17 55 25
20 60 22
8 19 17
19 29 32
2 18 22
6 61 20
1 9 18
15 29 8
11 51 6
21 13 22
9 41 13
15 30 5
19 64 12
5 47 12
3 41 19
13 13 19
19 54 17
2 58 27
22 41 23
10 8 6
19 56 19
5 24 38
1 11 26
21 27 11
1 45 4
21 14 13
10 22 2
17 5 13
18 42 26
18 18 30
11 57 6
21 29 38
16 29 8
11 34 22
7 11 27
12 36 10
11 54 22
20 61 35
2 12 19
7 17 2
9 46 21
10 30 20
18 56 5
13 56 23
11 23 35
7 31 11
11 8 24
20 45 3
1 11 24
17 35 11
19 15 29
18 23 12
6 48 23
20 38 19
19 54 9
20 62 17
17 45 19
16 55 11
21 64 36
1 26 30
13 15 22
20 57 2
6 10 28
15 63 21
15 29 4
5 29 40
14 51 19
15 40 13
14 36 30
22 61 5
17 26 3
21 57 36
18 25 10
5 14 18
15 46 2
14 11 24
10 45 9
5 42 2
20 26 30
5 47 14
20 45 17
16 35 26
6 31 3
5 10 26
15 20 37
1 33 30
21 45 30
5 27 31
4 63 26
13 5 6
10 9 4
2 8 36
20 60 30
3 2 9
12 28 18
8 8 9
1 29 23
4 24 13
14 20 22
5 23 5
9 3 25
4 31 19
22 9 9
9 64 8
11 29 12
7 62 36
17 48 5
10 41 39
21 54 21
15 21 35
15 43 20
9 43 13
8 59 17
11 37 39
10 18 20
13 9 9
8 58 10
19 35 18
15 55 11
9 4 34
8 30 28
22 25 24
5 10 34
13 20 8
6 21 1
6 26 27
14 42 23
15 29 23
2 49 36
6 12 24
10 24 20
21 26 11
3 15 6
15 16 12
4 63 3
11 38 18
4 50 8
10 29 1
2 27 32
14 6 22
11 10 20
6 47 10
12 24 20
16 45 18
20 19 32
21 12 32
3 49 38
3 42 1
6 16 20
18 19 20
19 2 12
13 26 36
3 2 26
14 15 5
21 53 4
4 12 20
18 5 37
12 60 17
17 21 18
17 59 8
9 48 39
20 39 33
10 19 18
11 12 28
5 28 20
12 27 12
12 28 25
1 6 15
7 34 4
16 35 32
11 5 40
12 23 30
21 33 9
13 50 29
5 42 9
15 19 24
5 9 21
12 57 38
5 9 31
2 22 15
11 26 4
14 21 36
16 65 25
2 56 31
9 1 1
11 41 26
21 11 11
4 1 13
8 34 19
11 58 31
12 46 39
14 59 9
3 12 1
21 54 14
18 48 7
16 20 26
16 51 2
2 65 32
19 54 5
5 49 14
1 31 30
8 19 2
14 28 15
16 45 20
5 26 23
12 50 39
7 9 29
7 60 8
12 44 35
1 41 18
5 60 17
2 4 31
5 33 25
5 17 26
13 1 30
12 58 30
11 13 17
9 50 14
11 27 9
5 19 9
7 29 39
17 26 39
13 6 12
1 45 13
3 2 29
8 45 22
2 27 8
6 58 39
11 57 21
13 37 11
8 40 5
2 15 1
3 32 39
2 16 6
15 1 39
8 44 8
20 26 25
19 29 16
20 62 5
8 62 34
1 20 40
12 28 39
7 20 8
22 63 20
18 15 22
1 6 40
20 47 12
20 9 3
22 62 29
1 1 35
16 14 15
11 9 20
6 7 9
8 59 16
8 29 21
10 55 25
19 22 20
9 56 28
7 9 18
18 29 21
3 33 18
9 10 12
19 44 24
7 36 11
10 19 6
9 10 22
1 12 39
16 11 2
9 54 19
21 15 23
13 62 33
1 60 35
12 19 39
14 16 11
5 52 21
16 55 38
1 9 16
18 47 33
10 15 38
21 1 13
17 40 4
11 7 23
7 5 5
2 1 10
11 42 34
1 7 25
5 25 36
6 11 9
16 32 1
18 26 11
9 7 36
15 47 2
19 61 35
3 31 23
5 7 15
11 15 13
14 30 6
22 43 38
15 6 29
10 44 30
4 45 8
18 42 11
12 15 19
17 60 20
8 36 31
16 12 3
2 12 8
21 49 37
20 29 40
7 51 17
2 23 11
21 31 8
2 8 24
22 45 12
1 11 27
9 39 15
22 31 39
21 8 4
18 13 3
5 49 28
14 46 40
11 36 8
10 31 24
17 3 2
17 9 13
21 23 7
1 9 26
4 41 7
20 51 18
1 32 19
3 7 7
14 55 4
8 57 7
8 12 23
9 59 27
9 23 35
15 45 35
21 57 40
10 43 3
22 57 11
3 4 5
9 46 17
7 19 7
14 64 28
8 62 38
1 60 1
19 16 32
6 63 8
16 18 4
10 50 35
17 20 32
6 19 39
16 41 12
4 49 30
12 7 37
18 48 8
4 31 1
12 26 13
10 22 6
9 42 13
2 46 18
21 54 4
8 28 12
3 19 12
9 35 24
3 14 7
9 7 19
11 55 28
18 30 34
22 9 4
18 18 38
7 41 33
14 53 11
12 3 1
13 22 15
7 53 10
14 16 17
9 36 9
21 55 7
16 2 1
14 58 10
12 18 22
9 56 26
13 43 17
14 28 8
17 60 9
22 41 3
11 57 29
12 39 11
21 64 3
12 3 1
18 37 23
5 10 4
1 50 21
6 57 40
14 42 3
3 52 7
17 19 9
22 12 22
22 32 36
20 13 11
6 57 5
3 36 26
19 1 18
13 57 30
6 63 17
8 2 6
6 37 13
15 12 5
22 6 39
8 56 26
12 13 7
17 47 15
21 9 28
20 39 9
14 49 9
13 59 35
8 65 16
5 47 35
12 19 10
5 30 9
19 22 17
12 5 17
9 14 11
22 34 31
20 20 39
6 2 5
4 55 15
2 46 8
7 38 3
11 22 7
3 16 21
22 52 37
8 16 23
20 30 16
21 14 17
4 41 2
21 12 22
17 29 16
12 57 11
7 44 17
3 17 34
9 11 6
17 20 7
19 13 38
1 14 10
16 2 15
17 36 38
4 64 12
22 45 30
15 41 26
22 48 28
20 51 32
2 6 30
10 41 3
21 23 29
15 61 13
12 22 29
21 37 30
16 41 6
3 24 33
10 48 17
3 16 2
8 45 7
22 44 8
17 3 24
2 33 19
3 31 9
9 34 14
5 59 40
8 49 37
19 34 11
20 16 32
5 47 21
1 42 15
13 50 6
15 47 37
13 6 14
5 52 39
2 29 18
21 31 8
7 37 6
6 1 24
3 31 28
20 39 38
4 59 8
7 35 9
13 19 31
7 54 23
6 5 10
7 57 35
9 29 14
21 25 22
20 47 34
5 9 22
21 61 9
10 14 32
20 25 16
14 12 5
14 14 7
1 26 16
20 12 12
6 1 38
14 39 24
20 9 29
5 6 4
16 26 9
7 65 22
5 36 31
2 49 12
7 19 20
3 54 37
13 60 18
22 17 37
13 58 9
2 61 36
20 12 40
13 26 30
22 44 32
12 53 34
21 42 29
7 35 10
2 59 3
8 25 16
9 37 40
8 15 10
16 3 7
11 56 28
18 16 23
2 39 26
22 44 22
20 22 31
6 63 23
21 35 12
6 23 36
15 7 11
3 52 37
19 5 13
22 16 40
18 8 3
15 15 39
20 28 38
18 37 17
10 60 10
5 61 21
11 4 38
2 2 3
2 44 38
1 8 17
15 23 4
18 44 29
4 21 1
8 61 14
6 34 20
4 17 25
13 35 25
12 53 35
11 6 39
19 20 13
17 35 12
17 62 32
5 24 18
6 45 18
4 61 39
20 35 8
4 43 38
15 10 18
13 45 33
18 28 35
21 1 13
3 26 12
2 54 36
1 7 25
7 47 3
16 27 13
19 54 25
1 36 12
4 43 2
13 27 33
21 47 11
22 44 33
9 12 6
4 55 28
10 10 17
20 37 22
2 38 5
14 34 34
6 34 6
8 22 14
5 65 32
5 19 9
20 61 19
3 62 23
7 10 14
22 44 19
15 3 34
14 1 7
7 35 9
14 46 31
19 38 8
6 60 21
12 36 13
5 32 33
2 41 5
8 6 11
1 64 12
15 52 23
7 59 18
21 2 8
17 14 28
2 2 17
15 60 21
10 30 2
19 36 18
10 25 2
4 22 39
15 19 4
3 29 4
14 60 26
2 18 38
10 3 19
5 39 13
20 31 3
13 60 40
10 38 15
12 55 20
18 15 10
19 53 19
15 9 28
9 51 10
18 62 4
2 65 9
8 5 10
4 41 38
4 50 23
15 10 16
4 50 7
14 60 40
3 33 7
18 17 11
16 46 15
15 37 40
17 64 27
6 52 40
1 14 27
10 24 8
5 54 35
5 25 10
18 31 12
14 35 37
21 7 11
3 9 4
22 18 39
17 43 32
1 42 28
20 24 25
14 36 8
7 43 18
1 46 17
18 53 40
12 63 17
9 8 39
2 45 20
5 37 1
21 56 7
10 43 17
8 40 14
7 63 38
6 45 21
20 33 24
4 61 34
16 45 15
9 22 13
22 56 32
5 45 37
20 29 15
21 65 32
21 60 6
13 47 17
4 29 27
4 9 29
6 60 30
6 21 19
13 6 21
4 43 10
17 41 31
13 25 3
4 45 9
20 47 19
20 21 30
11 16 2
5 48 7
9 42 31
22 19 27
10 47 36
9 6 35
14 12 23
12 5 12
4 11 15
4 26 30
8 59 11
8 5 7
22 21 15
3 43 5
14 28 24
11 15 7
22 30 2
10 51 31
9 34 34
22 25 5
21 38 34
20 49 34
3 18 10
1 20 18
8 44 28
6 21 23
13 25 27
21 21 18
3 58 17
18 34 30
20 14 28
20 29 4
13 53 9
6 10 32
19 22 22
16 4 40
16 37 13
19 40 8
13 46 24
14 62 9
3 29 12
7 47 35
8 50 35
9 45 5
12 6 8
17 44 3
17 3 1
21 59 40
8 20 33
22 6 38
3 49 35
19 28 18
20 5 1
21 14 15
20 18 23
11 27 13
18 54 32
18 4 12
2 33 5
14 62 38
8 63 16
22 43 39
6 48 40
10 10 25
20 44 38
19 44 29
7 37 26
10 32 8
12 12 21
22 41 36
7 2 14
14 5 8
18 28 13
17 38 16
17 2 19
8 52 8
5 30 10
21 56 33
16 46 30
16 29 2
8 61 12
17 42 36
18 55 39
12 14 34
10 34 27
13 19 22
14 53 29
21 39 23
13 50 27
10 38 28
19 49 26
5 28 2
8 17 18
3 16 1
6 13 3
2 4 18
17 4 9
8 19 39
21 39 12
16 40 20
16 7 26
20 41 35
9 7 40
6 5 31
16 43 26
12 46 4
11 7 14
18 5 36
5 24 2
15 52 22
5 41 2
13 18 2
20 5 23
5 54 21
11 11 39
15 34 23
4 32 38
10 14 31
5 50 37
6 41 21
12 62 21
3 31 8
11 24 23
10 48 1
10 48 29
18 17 19
15 31 14
13 26 21
21 6 22
1 1 5
16 16 9
16 10 39
18 47 14
3 57 29
21 56 14
6 59 32
10 57 6
14 48 34
9 39 18
10 38 34
17 36 2
5 35 20
14 12 37
18 34 3
12 63 32
15 14 26
8 46 19
8 19 26
7 52 33
5 17 30
3 36 30
16 57 32
5 43 38
12 19 27
19 20 31
13 53 31
1 35 37
18 15 20
1 39 18
7 26 22
2 56 14
11 44 35
19 56 14
13 37 12
16 56 3
8 23 40
3 5 22
20 41 9
5 65 16
13 34 37
17 13 14
19 6 24
14 64 10
1 65 37
12 37 9
10 62 14
1 15 20
15 13 14
11 46 37
13 10 21
7 49 11
2 31 12
13 42 16
1 35 28
20 37 27
12 16 11
11 46 3
2 30 12
2 56 21
11 7 16
1 64 32
7 61 19
19 62 40
12 7 38
2 36 22
7 32 5
4 38 19
18 9 9
16 38 3
15 20 9
13 28 28
15 27 32
13 42 17
14 50 29
4 32 38
9 35 4
20 56 39
20 19 6
11 53 38
22 40 15
9 34 5
12 35 35
6 31 7
8 35 6
17 20 17
17 23 4
2 40 12
3 17 38
21 33 6
3 41 13
7 23 9
11 36 11
5 5 25
13 34 35
17 3 37
20 28 14
1 43 31
17 8 18
8 20 14
14 53 27
7 39 38
11 16 24
7 29 29
5 3 39
6 4 6
19 63 1
7 37 39
22 48 29
8 6 35
16 53 35
10 22 40
18 52 38
5 46 40
9 46 29
3 48 36
19 60 9
15 43 18
2 22 14
19 6 15
3 23 38
21 28 20
21 60 5
5 30 31
13 25 4
21 13 3
7 21 36
20 54 36
3 47 21
18 36 14
8 13 15
5 6 22
10 20 40
9 30 9
