63 89 1573 315
2079 3781 2438 2674 2510 2608 1861 355 1339 4418 2736 3358 1123 4142 844 3001 4226 3030 3776 1629 704 2015 2089 2794 2515 401 332 4901 819 4479 3194 2557 1816 4015 2226 4116 911 4470 3239 2344 2124 4526 3261 1420 4549 2418 4643 4836 173 4805 898 1019 1782 333 1396 784 4877 499 1918 4592 4768 3922 2201 958 4469 3411 4450 4838 2439 2139 1135 1014 1593 4175 1858 1366 29 2589 714 2107 3499 2292 1307 683 1867 1521 2420 580 2743 
2456 2057 2424 2811 3588 3437 3437 4608 4765 2259 4623 1085 1961 380 68 1878 2925 1351 3236 2340 2123 2031 3274 4642 866 666 1547 741 2387 421 4330 3708 648 1223 2237 2469 2195 2703 1667 2256 3915 3739 181 1479 2710 2119 4273 1655 1818 2492 203 4752 4604 2757 334 131 3038 138 1921 4636 4303 3341 474 451 3762 3235 2847 2869 939 3307 1559 4464 689 3544 3521 1014 3018 2555 2471 2925 2389 410 4610 659 516 1787 3582 4566 424 
3139 1791 4071 1650 1761 1266 2623 111 2520 188 2289 4496 1025 4739 3615 1286 4767 2759 2600 233 2714 813 4322 1995 1874 1732 1541 3157 3022 4101 138 1233 3508 3437 1918 887 3776 3117 1373 2588 1990 495 2031 3645 4585 1052 1040 2278 2824 2549 4143 297 4740 3315 543 179 4592 2758 2245 2477 2170 1178 60 182 4317 3474 3491 1643 2503 2069 3686 1733 2753 393 1714 3223 3479 1487 2475 341 4870 2037 3946 4356 4506 3442 2603 1354 2230 
1007 1395 3441 4165 1543 531 3541 3589 822 2963 3538 3609 687 4250 3332 4845 2527 700 2294 695 3729 30 3204 1434 3439 2436 1490 157 1416 515 4011 456 2862 3426 1915 2616 229 2525 1495 851 997 404 4424 163 1482 2654 3539 4282 3008 737 54 2581 3035 4391 2630 2986 2247 218 1869 1883 3146 696 951 4808 1130 2242 978 4580 1868 496 536 12 2025 447 4759 2617 1554 2201 4422 1148 4587 30 2952 128 4337 4744 2518 4225 3159 
2250 2532 3700 792 897 353 4893 3530 398 3964 2659 3999 1724 3177 3662 1189 2378 3394 1410 3164 157 1337 4002 1652 3238 3643 480 1267 3425 4132 3488 2936 3649 3399 574 3541 662 3949 3901 3603 113 3819 2225 1210 2768 3596 3698 2996 1250 4398 4294 1030 3710 920 1205 755 3296 364 871 510 2791 2355 3794 3877 1215 4898 1860 1020 3203 1137 355 1846 399 3092 863 303 1459 4101 2576 3864 23 598 1393 245 3074 1118 2082 3157 3660 
2831 2985 3281 3124 2766 405 4027 1284 1924 1870 1426 3809 3520 478 3578 324 848 3350 2380 309 3416 1485 2547 3331 2448 79 1126 4598 1826 902 3304 2578 163 4038 2724 1750 741 3913 3305 4308 3515 661 2286 3977 2257 2387 3322 3491 402 3547 861 1350 903 4449 1971 2669 4428 2276 4880 1413 2065 885 3224 3089 3539 3794 2144 3196 986 855 1062 456 4766 1556 1639 2266 153 1113 4716 4151 3586 1828 319 2192 2000 4053 2505 2008 1654 
2589 903 4101 3277 235 3651 4639 1866 2995 151 1154 3987 3753 4658 739 4055 82 642 1078 870 4648 2453 3935 1333 4119 2250 3114 386 2695 1349 541 2829 2359 4298 3986 4050 3898 1274 831 1982 3025 1544 891 3491 4372 65 767 1902 3537 2506 4863 4255 2210 4636 412 4694 2580 1855 673 573 759 2957 1138 309 440 1524 1353 958 2242 1909 2897 1481 1890 4909 3665 4803 1716 2102 4522 1047 2785 2853 4852 2906 2344 2470 1374 3568 1597 
759 2143 2523 717 1276 443 198 4808 161 591 441 4864 601 691 1964 1236 1244 2178 224 1834 2987 364 2862 4067 897 4209 4451 3636 4869 1142 175 905 1349 1973 2183 2656 2414 4689 4665 1282 1511 1660 2497 2124 2143 3311 3911 4779 3215 1752 4493 4164 514 1956 76 3248 2056 314 1164 958 793 2205 4532 4441 2340 3579 3058 1030 4431 2634 390 1886 3813 2587 304 1403 3628 2548 2785 3265 2131 3523 3276 3791 2964 2217 135 477 2180 
2568 4493 2741 1211 3771 1778 1008 458 3151 4497 2232 2856 3427 2132 1322 1792 3180 672 881 2720 1254 1054 4757 4544 3571 862 4742 929 2002 784 1387 2411 2424 2422 470 3883 1360 3999 81 3162 4096 1012 4196 2335 2202 4421 3278 2132 174 1607 3748 2256 3738 1843 2446 1476 3066 492 193 4070 800 1170 4803 769 3442 1356 3097 3477 2305 401 226 3378 3291 2414 1726 90 787 3081 3855 962 3198 515 4234 1365 2492 3808 2483 2573 43 
617 2911 695 3364 4378 1489 4554 3568 632 4094 2897 3287 1792 2846 4465 3077 1285 2844 16 248 3270 721 1788 2969 3621 4267 2521 430 2138 4045 2881 2001 2169 3418 1867 3064 1582 3514 4784 3142 2549 3617 1353 3399 2995 2658 2304 4869 461 2267 3499 4453 4250 3491 329 4409 2314 1955 212 64 576 212 4744 530 2371 2875 3428 764 1531 1339 849 4330 4032 2501 3239 3723 389 3888 2911 3992 2557 206 1455 361 82 1231 4893 2188 4623 
893 244 3701 173 4586 1735 1054 4462 3101 3160 421 2452 540 1898 1974 4212 2386 3750 3243 866 3395 2080 442 700 2796 1899 3238 1143 4684 4070 1593 4213 1097 1059 160 3963 719 3008 4814 4149 2707 4461 1020 4383 945 43 178 3441 2150 215 875 2624 4416 541 1075 4797 4141 4839 197 2971 1529 4254 1421 4505 956 788 1720 3260 579 68 1859 1788 4262 1652 4417 3131 1502 3595 710 3522 491 4657 3631 1676 2143 754 3417 428 3895 
2890 2760 435 1058 4686 2594 4822 420 619 3895 4387 1330 3384 4476 1086 3080 804 4827 148 1470 2919 2436 4269 4613 3684 1698 4491 4817 21 304 2058 1560 2718 2655 3126 1676 3127 3308 2467 504 4504 322 2722 2147 1802 3438 4128 1733 2594 4015 3844 2837 1220 1972 1294 948 2894 3547 2652 2156 4428 437 4583 1816 3608 2322 2978 3737 2752 296 914 4020 475 3792 2076 2649 1610 3876 2733 1291 1087 3232 2714 4159 2448 466 4615 604 3915 
3671 2647 3593 4805 1176 4688 1464 1756 2559 1911 3993 669 1124 4531 2836 1994 4787 993 2557 3105 3580 429 3586 3339 1266 3394 529 434 1805 4588 2730 2264 538 2982 4261 2917 1750 3845 2109 683 1186 1500 1075 2170 3407 4730 656 2331 4758 4774 2585 2898 1925 1360 4897 1225 3516 1346 4366 3543 2244 2772 3211 1135 1078 1917 1181 4579 2991 2725 4460 3283 2734 3668 2195 1894 4651 1635 2729 3656 1618 4428 1644 2342 217 410 664 3297 2896 
1762 3734 1763 861 4808 4592 1908 1893 1526 889 4194 3398 1741 3851 186 4858 2808 1679 527 3528 2483 1880 3268 964 945 183 2483 3269 3959 1232 4162 1166 2495 283 3610 1439 4731 2718 787 1087 3192 3785 4819 1324 2810 1698 3452 682 3622 4816 3121 2359 1642 67 640 4021 1398 4744 235 2602 2860 4706 4085 2079 2714 4312 759 870 4806 4006 1358 1526 4311 4401 251 3287 2548 3472 3086 1960 995 3941 3941 1040 1061 1764 794 1717 1571 
4350 482 66 546 446 425 861 2990 1667 2506 3289 2283 4738 3878 622 1137 2704 2443 4106 1381 3197 3186 4666 284 4737 1933 1982 2541 3666 4201 4279 4101 2016 4906 3290 3150 3176 4783 4313 1700 252 2846 1124 1888 983 687 945 2640 1915 1546 2566 4092 3483 502 4811 4541 4766 2721 1578 1230 327 2801 3449 3562 3383 2040 2759 1066 125 2585 3142 2454 4272 2686 1483 124 4639 2239 2449 1494 2659 666 3601 1981 2471 3437 782 2953 2618 
2226 2499 4849 808 1754 4535 2159 1678 2640 4012 725 2291 2085 4305 3159 4401 3874 4753 214 1904 668 838 192 3237 2860 2109 358 1609 3256 1805 4614 3397 914 2709 235 2466 3214 883 2155 3100 2791 2264 3696 3825 1299 896 996 3472 4461 4036 3754 1171 3170 1847 4082 1123 4248 2286 3159 4857 435 3338 18 920 4563 410 4417 260 1124 3468 4423 4428 2130 2358 1717 1450 254 2041 3526 4193 78 502 3601 3747 2920 2449 928 588 3049 
3891 3688 4409 2826 2887 2177 348 1763 209 4207 2182 1745 3120 3318 1262 3703 739 2346 396 4672 332 1822 2991 1249 369 2484 298 200 2692 501 1947 52 4429 1077 1947 546 2338 765 2839 1429 914 4830 1813 1300 2569 2379 2376 336 2951 1941 1962 1473 4172 3627 4676 2922 3311 3431 2817 267 4054 1890 1831 297 2565 3285 1712 900 1734 788 1229 2956 4146 1363 1108 4050 714 1853 1208 1440 3165 3963 2111 4106 2760 4033 4034 4228 1886 
1437 4321 2636 4131 1238 4488 1296 2762 1907 4812 819 4053 3676 1431 1882 4589 413 101 2391 2622 2146 2470 2235 4126 4203 1074 1101 886 1489 2941 61 1793 845 3470 1390 2342 708 4902 2069 1541 2118 4741 4629 1632 4305 972 1685 1053 3810 2538 2278 1348 3598 980 3206 4026 1736 4396 3852 1066 331 4210 3290 4152 4555 1011 1418 1963 3968 2542 3606 4367 4838 3734 3843 3002 3936 3039 2305 3868 3332 3135 873 182 2583 926 1375 4209 1299 
697 2521 1589 4740 1750 4488 3711 4457 2346 1575 3589 3102 1635 763 4565 4824 940 2278 2154 4788 2365 4590 4307 1149 556 4623 1818 3534 2050 2405 3387 2197 4358 1567 697 4122 1364 1493 2972 2495 1733 3571 4715 1054 2863 4768 2650 4681 1428 3199 2930 931 1726 1264 4020 2098 1827 4450 3652 2793 1756 4528 2896 3124 1437 2601 1984 3814 3562 789 3055 3548 1996 2475 543 983 1190 3266 2396 710 1907 2583 537 4704 275 3423 1610 2277 3462 
1183 4104 3085 3350 3292 3368 3324 4608 3165 1429 3117 2304 516 669 4639 1177 2959 720 1757 4501 4880 3217 4267 2179 3214 3488 858 2696 4557 23 3369 3222 2800 361 4720 995 2443 2630 67 1523 1639 145 3951 4565 4098 1024 73 4905 2455 3194 4460 4484 1704 3584 657 3117 600 2864 4827 179 4593 465 3690 3300 3307 2052 2919 199 1524 4627 2048 2398 3369 3655 1137 2128 809 2560 2493 786 40 3598 533 2623 1612 758 2352 962 4413 
1607 4621 1629 867 2448 257 24 2033 2042 1059 328 4300 177 4821 632 3522 2799 3303 3401 1447 2501 1466 2629 1649 959 338 3119 3000 1551 526 2452 2360 936 1944 2390 4820 154 1889 4190 4553 2354 656 2833 3915 2836 1749 3241 567 4858 1116 2756 1750 3637 1692 2783 2013 4631 4141 2143 149 18 1125 1973 3673 2681 639 3205 1118 4533 4325 3822 340 2113 2356 1121 3562 2708 1084 3722 1176 2206 437 96 921 2732 3639 4114 2114 3255 
3728 2806 4518 463 3355 4031 525 3055 1257 987 1094 2917 877 1651 436 1421 3269 1031 4090 4759 166 243 1861 989 2804 2051 1794 4647 102 4197 3377 3543 4841 1954 3553 2481 3902 2858 4175 2340 1748 433 4324 3164 4096 4823 2851 1550 411 3349 2629 4675 59 355 1221 2029 1837 4787 2411 3404 3389 332 3079 1682 1843 2697 4028 1915 2367 2435 3935 1102 4284 2343 620 628 71 1132 3286 1465 286 2243 2238 230 1797 2432 3625 2547 469 
2555 3531 3662 226 696 784 76 2601 3650 3110 2846 3037 3443 859 2532 3702 2981 2648 251 1951 176 2184 470 281 4521 3189 3890 3865 2830 4520 4020 4906 2351 2666 4223 997 2405 1104 797 705 4112 4748 1405 3172 1238 3466 1311 1668 4451 1377 678 1794 2241 3199 2077 694 1119 363 2732 901 4282 1455 1656 202 611 4035 2365 2001 212 2987 272 2800 659 2987 205 2123 4655 176 3099 2478 1802 1149 4105 2036 2703 3100 4406 3285 3511 
1476 2901 3229 1006 1439 4496 572 330 349 4294 2836 1330 27 4793 3250 4568 806 4412 1870 2132 1581 1152 273 755 2071 2846 4090 2569 2489 1603 1245 2940 2437 1775 3704 4246 122 2844 2918 4896 4817 2526 508 2271 1599 3146 4127 1666 783 4321 3892 2559 639 3158 1782 2361 3239 1421 3065 625 3055 1188 4704 4384 3117 573 4599 435 1396 615 390 3364 1084 3495 4369 1217 1322 4178 2124 1604 1885 3276 2353 3858 2685 507 1293 3575 2282 
683 3317 1524 1144 3424 3752 2939 4757 3474 1600 3681 3927 4819 2062 1045 2183 2479 3272 1817 643 2070 1191 149 2382 2705 3021 1980 2780 2475 945 3966 1034 2752 919 591 2156 1517 1289 628 3690 3266 3342 1686 3611 1557 4844 2318 2919 3859 2557 3505 4250 1654 1896 1513 3985 3078 4208 1134 3475 3047 2850 3839 2626 2490 1657 4155 1875 2632 3001 4837 995 2524 3156 878 2152 1851 909 4481 2080 3400 3463 2845 2005 843 1817 2698 2510 1198 
3436 734 4402 2847 2433 3596 4909 4688 1055 2106 3310 1146 3658 3476 3574 1709 1049 4178 2167 499 1051 2607 1368 1152 3358 1000 1110 3693 2051 3568 4269 3411 425 3179 2895 2911 2603 4308 4900 3290 4816 479 474 2111 4045 165 1951 3186 2411 4688 3516 4746 468 544 657 886 2103 2628 689 380 255 3450 4481 844 1313 3253 730 4575 4646 4626 4450 1033 1503 1359 2579 1859 4604 1641 3203 1783 3238 202 857 496 4565 3526 4273 947 4732 
1299 1899 2316 4502 3852 1217 4665 4493 3247 2291 786 345 3804 2442 915 127 3614 663 4114 315 1497 1407 1056 1087 4050 2024 3027 2087 2217 4010 1034 867 442 4568 80 4278 2614 758 4173 2381 4817 4166 2949 4522 1058 2908 3787 375 4852 4035 3046 1295 4338 3221 1397 2354 3255 3537 1157 3177 2078 2552 407 4146 1215 155 974 1486 3981 4585 4504 4007 2052 661 384 610 1041 4778 2275 3254 4604 4451 1838 720 2172 782 4050 1381 1224 
1625 611 255 57 3841 2216 4687 1398 237 4110 3490 500 2498 1875 28 281 343 4321 142 949 2649 420 3364 3828 310 3084 2779 1016 4633 1666 4879 2863 4485 27 3624 1705 4654 4360 1173 412 2520 1218 2672 241 1250 4140 2471 1796 4609 16 575 3351 3480 245 1995 745 2482 409 2848 4631 4379 4377 3681 913 1660 2485 4804 319 2111 1362 4756 668 2171 3180 1325 1347 514 3581 2400 2602 2175 2986 3131 838 412 4252 1849 2595 2151 
714 3188 4385 4058 3391 4526 2714 3246 3758 4785 1409 2411 2179 98 329 4386 4087 3462 2107 4369 4816 2301 196 3998 3777 2464 1111 1715 4436 2986 4319 3593 3552 473 4636 4847 4421 4257 4293 1919 1389 4312 4289 1389 233 726 2013 3871 425 2954 2451 4620 39 707 2566 1013 2156 2061 4275 2159 1931 4898 2763 4272 1319 3938 344 3684 3533 4451 4881 4793 94 289 4490 594 3461 2720 3108 4754 1681 2294 1776 4530 4281 2528 4117 1504 3321 
1450 975 4604 3376 4902 2316 665 277 855 4903 2925 3418 2772 3044 2794 3690 3010 2307 107 1902 3319 2014 2521 2979 3184 2893 4590 3695 1225 2021 1096 644 4256 1147 3628 3811 2669 2162 209 3601 1633 808 1618 1496 250 3855 73 3347 717 2764 2363 199 1157 721 1480 3037 3246 2496 4204 3071 1398 3994 2971 3737 2958 298 4667 190 1062 4367 176 550 2845 4231 2704 3734 4883 2775 529 1363 3780 2101 2516 2331 2624 3696 4042 3754 3763 
2466 4607 1068 3401 2998 108 4038 4094 909 289 1229 3316 3579 2071 961 472 3439 1844 501 2165 171 467 1872 1905 4897 4520 2469 46 3305 1236 1214 3939 2789 3200 983 3883 2165 2857 430 770 766 1584 4173 1631 2468 2755 2376 4387 1326 1972 2440 342 2352 2076 2766 962 3209 4136 1553 102 758 3643 2422 1286 606 3819 3130 2453 1747 4025 1579 310 2112 2192 2187 1292 3879 1494 2478 146 372 4570 4067 3387 4234 3636 3550 2245 1035 
2566 601 4449 3779 57 4063 3040 286 3719 3358 4675 1996 3997 99 4123 2425 2342 2775 1923 4213 3333 2975 222 3532 2171 2497 4804 2628 747 4621 2553 811 1709 141 1390 1001 673 1886 4493 220 1391 2583 1776 2359 2774 1843 3498 1127 4726 3324 4451 2737 4094 4884 3347 1643 1486 2689 2258 951 3481 2864 393 924 648 863 2854 1283 3096 1312 2863 449 702 2854 595 1910 3047 2514 1121 2607 1792 2172 4607 2316 1100 162 4091 1261 3653 
4327 3625 470 867 3189 3415 4257 3154 598 4205 758 3679 4766 2575 1709 1558 4637 842 996 4683 4713 4419 880 3467 1100 2348 1566 222 3744 3665 4719 417 4614 4873 2558 90 1875 2767 3448 1920 2331 4079 100 280 240 2177 804 1591 429 2995 4116 444 1894 530 4661 2401 4150 2705 2944 4554 3521 2338 1215 928 2297 3466 2388 3228 553 2575 1692 3219 3825 943 3419 1154 71 2076 1902 3978 3892 2707 4421 2333 2763 1096 4873 4136 2970 
3150 2445 4312 4633 2897 3223 971 2920 3188 3445 4798 1804 1653 450 3787 3177 676 3684 759 2556 3704 4564 1976 1816 1158 3737 555 2986 84 2176 4605 2579 1799 143 2256 1490 613 822 2417 793 599 3862 342 1091 930 3091 3233 704 885 3661 894 3780 100 2783 3886 408 1912 4423 2115 2234 1426 1418 3148 4264 1931 2144 1140 17 3847 564 4499 1395 2116 3588 1131 4407 2308 161 2966 2040 933 3790 3660 879 2026 4863 448 4202 4108 
2437 2031 2843 3790 2416 2062 4394 3035 4167 2184 1930 1973 1856 1211 898 3110 2971 1092 3057 3846 4876 1462 2876 3403 1075 748 1420 1606 614 2047 1094 1783 1247 4780 4810 1274 1761 2466 4266 2881 856 4775 28 3129 3968 4442 1216 2539 2576 3768 3555 1062 1633 536 4307 2077 3904 3144 4613 885 3278 3657 2506 4005 2449 2862 2002 27 743 1404 1571 821 1207 2486 4113 4591 4471 4619 1776 4098 4220 1490 4858 4168 3557 3060 18 555 3995 
3472 3343 2420 4472 4906 1474 2342 2522 694 4099 1786 4712 4857 2689 2305 1126 4830 4442 3573 3799 1190 2322 3901 3438 4789 1312 2622 3462 2089 3889 2678 3466 3251 2128 1089 3864 1962 557 3253 604 527 960 3354 4047 2794 1906 135 1315 1430 93 4352 1229 21 2040 3881 2770 4423 1533 4416 4449 623 422 4197 3927 2184 2005 1633 869 248 1776 2903 2590 4289 1711 2184 472 4240 1057 1029 1874 918 4061 2122 1895 2229 4801 1920 1773 3231 
4410 3075 2716 3187 4202 351 1703 3364 1336 3113 2275 3882 2674 2403 1960 1951 1558 3208 274 74 994 4426 3037 2460 585 2362 523 4025 1141 2800 2964 213 831 4693 1007 3741 2973 4481 3875 115 2744 4204 1685 1442 3404 4678 1031 319 3732 2373 3864 545 4080 2102 2227 2803 1687 2243 690 2699 459 985 4276 337 1134 2290 3669 4212 4845 4161 1454 3251 1671 4802 4297 1954 341 2754 4030 4053 3452 813 1453 521 3206 3519 2139 4550 2047 
2648 1010 3817 739 3820 2556 1066 88 387 3153 4853 3425 1859 2570 963 659 3966 3894 3504 517 3579 1595 2809 2510 643 4257 4761 1434 3598 447 1157 3700 1824 2146 246 3602 2063 3168 4615 1893 1622 2022 722 2973 2923 3198 3228 364 3977 274 2282 2986 4058 605 3705 595 1977 3426 503 3466 714 335 2356 2755 60 339 1413 1182 434 1441 2027 2307 4373 1900 3897 683 4787 3199 4146 1586 927 3193 2842 1007 2623 1327 1313 2525 1172 
3697 4792 3438 1221 2656 2006 1841 680 1778 73 3418 400 4523 2584 1401 1618 3435 3202 4484 2109 3987 4304 3627 1034 3238 193 161 2222 292 2779 2216 99 4375 323 3334 694 4215 1065 4180 2477 3876 4017 2887 3768 579 732 2833 617 2587 3568 3077 2927 2531 55 3877 3874 2728 2314 3381 4734 4198 264 2171 1931 1135 4811 3233 707 2170 2390 3984 3156 2286 395 4548 2825 2696 3035 4555 4614 2854 2916 887 1948 1268 3439 3522 1551 3733 
4889 2119 1711 932 3407 4795 3271 3752 4384 2576 2325 4573 1857 2572 4011 4034 4569 2817 1080 927 2461 536 677 4202 4566 345 4052 4549 4508 4679 3576 2226 1576 3032 645 428 4427 35 2185 1154 909 2659 829 2920 314 1219 1128 2679 2391 3968 953 3752 2878 3315 2644 3040 1466 90 31 1612 3496 3851 4188 3050 397 1992 3454 3236 3228 3244 2582 1203 1732 550 1261 4737 2050 129 2305 3701 1501 756 2467 2366 692 4083 2211 3209 853 
4205 2346 4673 101 1313 4785 1821 2144 3424 903 4623 4354 1172 197 3096 852 3834 897 3686 4698 3527 1108 2107 559 2167 3187 4794 1997 2580 4538 3697 1136 3270 3712 47 3594 1922 3292 2348 4529 1668 2542 4805 444 2083 4119 399 515 2480 2345 4796 156 1484 1142 470 3790 692 4266 2627 1755 3923 1376 2282 4302 740 610 3393 62 2448 4344 982 2638 2766 4171 793 1036 3788 729 4894 4633 734 3364 1922 1236 1959 2350 3686 2468 4525 
3024 2690 3404 1964 4229 399 153 1355 3315 3482 4162 4635 1300 1586 428 3372 635 3969 3773 2119 2173 3065 3633 1236 2613 526 937 377 3242 262 1710 2391 1457 1124 484 3059 332 4329 757 769 3064 293 4308 84 3584 2339 3839 291 4733 88 1155 611 2950 1997 4624 166 1725 2485 1543 4316 4345 3626 4410 3091 1255 2803 3592 2079 2956 3119 2637 903 4133 234 2187 459 1542 3352 428 1240 3665 3604 3201 1824 1439 3006 3995 3209 3700 
1922 851 637 3072 1561 1285 2779 67 2775 4867 3730 45 1620 4077 2031 3250 2783 4491 326 1133 817 3942 2534 4894 521 2542 4777 3035 997 432 3550 2727 1863 4114 2223 4532 4864 1355 2460 3670 3218 2488 1010 2065 857 4054 978 4532 3060 1177 4907 1042 1985 2100 2301 4837 268 4437 3616 23 4637 4268 293 4637 2721 2915 2857 4145 4135 4844 2216 176 2236 1907 3886 2891 4117 2397 360 1337 523 3756 267 415 2158 3611 214 2884 600 
4121 2202 1668 3863 3948 3399 4466 1803 4270 1912 898 1284 1804 1553 4060 3469 3603 594 712 4668 1169 4329 3456 3983 1504 3118 2925 2114 3111 3355 1934 2724 4565 529 1840 2309 2330 660 4461 3838 2148 875 2021 3070 1371 978 3412 2429 1865 3470 559 4099 2377 864 1819 3555 2194 4059 2455 2253 1228 3904 364 3152 1173 1963 1749 1961 303 4290 3893 3340 4120 1096 4381 1155 3439 4794 1519 3469 4392 2899 3368 2489 2001 4068 3030 2620 564 
231 4317 2874 1373 2147 4819 1473 1996 2102 4522 3738 1229 742 4812 2486 432 2751 1616 2395 962 631 864 3666 4124 894 1154 4496 4856 4603 1425 2028 1894 4700 3582 768 2849 1317 126 4457 179 3375 1193 4390 1921 4651 4314 824 2906 149 2274 1549 3081 3888 3053 2438 1299 1798 2823 2172 1473 4647 1360 211 2726 3167 3849 1743 98 3650 3737 1978 1523 1449 2020 4434 4429 1304 2741 907 1760 2743 200 4211 676 513 176 2580 2231 4215 
2399 3110 106 168 1518 4329 2194 104 2931 73 2757 2779 3796 2968 4282 2272 433 2603 4571 3032 3300 448 2060 3485 26 1976 1740 3699 1676 2730 4617 3954 2385 1004 1168 3638 41 3444 4789 2406 4263 3267 3053 1840 1324 3992 4675 1139 1903 1329 1267 3926 3111 404 2592 2289 4704 2719 4286 4011 3658 854 3661 3117 4039 1348 2284 4258 896 1709 4739 4283 146 4170 3214 3411 4641 3147 3633 2180 129 3642 2220 4386 181 4479 459 1334 4249 
3311 4768 4031 3516 3862 4337 792 3787 4243 4580 2912 1854 3790 1030 2763 308 3286 4909 675 501 490 65 4777 3467 1504 1405 2581 1598 261 1807 1582 20 2748 2837 338 1084 4145 562 4588 646 3148 585 4256 3302 1512 3831 4626 2887 2922 4814 4104 4866 4589 49 1000 3764 4559 1890 1848 3556 379 4372 523 816 1819 2415 1001 1018 1441 4603 4181 4887 4441 2569 214 3575 924 2962 268 951 2566 1197 773 2186 1096 2750 3678 334 1517 
683 4608 1999 1581 856 950 605 3984 4196 211 1697 1418 4210 4896 3816 4110 3497 3713 420 1601 1280 2476 28 379 1737 3098 3523 950 2263 2183 650 1151 4203 2611 4495 3844 3120 1350 1570 2788 4277 3121 49 794 4265 3708 2277 4873 2914 341 3476 1657 286 3145 2576 825 3160 792 2989 1606 479 2749 2659 1033 874 2700 4131 1305 3916 2232 4086 4795 3805 2930 2510 3069 1065 769 682 218 4651 4122 3884 3992 1664 4706 3463 3909 1504 
2261 4011 3378 1579 1409 2832 1583 3544 4807 3638 3821 3525 3866 2821 4751 256 3276 2898 1195 1929 2361 3676 3769 1062 1825 3925 4162 241 3788 1387 561 3607 3706 2723 2523 2849 2264 527 1751 34 771 1536 947 3342 359 3660 1165 4435 2659 716 657 1922 574 608 1476 2578 1395 3776 3974 2674 601 1708 3523 625 3567 1979 237 1424 2667 3590 820 2905 3781 4004 645 664 4351 2655 3321 4805 4598 1081 4592 1016 3206 1144 3036 4789 3206 
4195 1804 3260 4642 913 1081 1566 3482 2100 3083 2256 4143 864 1432 2457 642 3683 616 4321 4332 500 316 1638 4497 1179 127 2864 1193 3496 1429 857 1944 632 3743 173 2432 1704 205 4358 673 2631 139 2803 29 4543 4049 4245 3273 3790 60 2521 1592 3533 4814 3189 2250 2443 4738 110 960 3079 2290 45 4412 3063 1668 3124 4876 4810 2328 2435 1161 440 178 3450 3533 633 2627 4129 3417 4273 2851 525 4294 1457 39 3502 1363 4351 
1144 115 4101 2390 596 3375 4458 3146 1530 3048 2740 2023 4840 2356 4798 3727 1468 4448 3532 3551 1117 3740 2094 3875 2353 744 3165 195 679 633 4402 4362 817 2914 2978 2519 2685 112 3237 1412 3884 1813 1766 4763 3812 3439 1334 3170 1994 4086 4880 4141 1804 2679 1059 3439 1743 3664 2319 2062 2324 1404 4770 3964 919 4895 2048 776 497 4673 1283 1370 325 3959 205 365 2843 3127 2001 3088 1114 2978 1355 2219 4650 1736 405 624 1277 
193 2305 1865 725 2877 4205 1253 1271 3702 1221 4250 938 1657 1620 4840 562 4758 1873 2691 3534 3579 3724 4830 2431 4682 3715 1141 2980 2434 2271 554 1467 4438 3978 3829 2483 4460 2105 4339 2935 4369 31 488 2577 4804 4294 3619 1909 3998 1036 1069 2084 4782 3560 1196 3195 2844 396 3599 4884 2902 1095 3191 2586 4398 3794 550 2653 1629 777 1869 3132 2171 3043 2905 2958 4481 2123 1757 4111 1398 2818 3552 1816 3789 4557 1474 4532 3863 
2723 3737 1945 4769 4473 1729 506 2093 129 2164 2783 483 2108 3386 1177 1005 1978 4312 2243 4585 2181 4775 881 3039 737 3009 2420 88 3246 3803 3289 1787 3152 95 2896 1685 1358 1821 3353 1008 830 3050 777 4118 572 2505 746 3597 3166 272 3176 1879 4406 291 2075 4530 4461 3238 230 2186 2847 3073 4715 3425 3331 4883 4793 3366 78 2819 387 4571 2584 3657 1573 231 1946 113 3560 2926 2323 3884 2482 848 1024 3588 3184 4791 194 
2202 4420 1126 3209 29 2060 793 4194 566 4627 2063 3874 4754 710 1147 913 4153 4560 3846 4066 4301 4304 4286 4654 2989 3072 386 1710 1492 156 1465 482 990 525 4025 1771 1820 1500 3579 2177 590 2348 3960 2374 1825 4599 4164 1397 4197 2009 3264 3297 2119 1458 4460 2083 1899 2996 1297 1167 382 537 2253 2149 4209 3394 238 648 4164 4188 4239 1351 3524 217 2994 3483 1628 564 364 2718 3944 3236 343 2232 1147 4468 1527 698 655 
301 334 1832 1930 1545 3176 4255 1991 3556 2250 246 4133 4233 3110 2294 2328 3392 4898 2801 1498 2829 2170 533 1367 1186 2997 3922 3707 2930 994 439 4909 4028 156 3504 4555 3661 2363 2780 2236 3024 4485 3894 4377 2596 455 1979 4646 2125 3475 3267 384 1837 3290 2372 607 3943 4221 2417 1883 703 3547 490 2730 2326 906 4003 1207 950 358 1230 373 3312 2151 4110 3857 2620 4428 4688 428 4196 2189 1726 2142 4186 4140 4555 1949 3765 
1548 3948 3182 2250 3833 1014 1432 391 2827 1049 2882 2006 1658 2876 4244 4487 1498 4385 4515 1878 1069 4750 4270 4863 2690 1225 463 283 4190 4640 2824 1246 3022 322 3505 199 263 1201 1937 840 287 269 4552 3122 2775 4208 1422 541 1912 2998 4465 4851 3920 4811 987 2145 4357 26 4216 1830 439 395 31 1299 100 2345 555 3333 1144 3449 3749 4893 1541 4822 1323 1882 1120 4320 1244 487 3729 2549 2207 2528 1966 1021 202 3522 168 
1454 318 2126 1814 4694 2986 569 578 978 3564 2103 2632 4062 1367 99 715 1364 926 2185 216 820 4578 1684 2570 1123 2067 2230 1904 3746 3969 4468 3196 461 1137 1303 692 2836 4103 565 3945 3202 146 3967 2215 4781 1511 3170 11 1120 3120 885 1433 1662 4206 3582 4510 4276 1266 4766 3037 716 115 2501 831 824 10 3381 4450 4195 4288 2423 2457 526 2776 1349 3612 1037 2381 1150 3742 3795 4830 164 1849 3906 1139 3098 3263 3948 
2708 2402 2785 4681 910 2665 3322 4158 1488 4752 4540 1988 467 2889 3043 2406 3389 4535 3307 825 3540 1608 3786 1900 1604 1525 3136 3101 2557 1012 2700 2700 4496 2569 3436 4305 4558 4633 451 161 3814 3485 682 2873 3736 1332 1424 2297 2717 2281 2805 708 2316 754 577 1013 101 1011 2072 3894 1367 4688 1385 4873 472 3782 504 4485 2020 837 2727 2183 2213 60 1795 3869 4837 3075 1574 3723 1632 2052 2508 2246 1235 1779 803 2055 2397 
354 1875 2463 1091 2627 2842 4077 1588 2197 1729 4181 4654 318 503 718 3221 4224 3638 4802 4553 4361 2088 3484 3532 2885 1720 248 1981 121 1647 4397 1321 4638 267 4475 2784 3932 2540 1304 4588 4284 3191 4892 4487 4810 2729 1423 1026 3875 1990 2379 1241 3033 3389 572 3242 3782 4782 1645 573 4261 740 392 1514 1598 3256 174 2966 614 613 4662 1131 1524 952 738 4306 743 3414 660 4044 3765 2144 180 4075 648 1455 1426 1638 3516 
3920 1499 3370 3834 2446 529 2516 939 953 4383 2585 4609 1094 938 2829 245 3923 4076 4879 1469 3230 1465 3913 1737 234 282 3426 909 2366 1904 1907 1676 2528 4328 210 2673 871 1012 2670 1379 3401 4645 2508 2729 2581 1886 3812 3662 3858 3747 3199 2519 2922 1338 4517 478 80 1006 1260 4427 3786 4784 2122 926 475 2555 2457 4076 3291 1571 4261 3022 4141 3674 231 1032 4828 3537 3319 60 471 2929 1749 1780 2865 868 3233 905 1864 
783 3563 4708 2162 4184 3743 695 229 292 3889 2197 916 4885 276 1348 3796 4246 2518 1821 1856 637 115 1191 3277 4339 4302 1303 3824 3769 2802 1668 1829 3258 4190 60 1148 618 1750 1892 4418 4035 1601 4062 4571 2546 1584 2037 583 202 61 1469 793 2308 2832 3503 359 1538 3134 524 4058 3450 4825 4787 3000 4004 4243 1830 1663 2564 491 3040 4805 4798 3440 3811 3199 1432 1650 2710 1648 2986 2171 4162 2741 4837 2332 4488 1862 879 
1774 528 2533 212 4487 2903 2635 2973 3271 4664 2963 4767 1366 2544 1897 662 2354 2265 2004 2317 1267 402 1328 800 4088 2577 4460 4883 4100 660 1411 567 4665 4621 3373 59 1206 2067 496 3465 1490 2092 44 2063 1525 2177 1271 953 983 3216 2997 4200 216 254 4738 2289 4521 3874 1289 4119 3059 1455 2449 348 3165 534 1927 49 697 1641 3451 2523 3240 3337 1867 4427 3598 1994 1329 2244 3157 1144 1488 60 4850 934 3578 3053 4808 
3026 1077 390 3712 256 1710 2629 1963 2657 1468 4255 3578 4834 1893 2159 2056 2356 1815 4248 2151 1370 1882 4784 1733 4461 3391 3240 2606 881 2172 2375 4404 1459 154 4605 2304 546 3306 115 2621 2390 1708 1761 88 1058 1294 2195 1267 1990 3261 3627 760 1264 4150 750 1948 1173 4557 1547 1436 875 632 1583 2497 2431 4617 42 4519 4081 4647 3872 3046 3019 3249 4684 333 3409 1074 4136 1526 161 2279 3706 916 2806 2195 2921 1902 4176 
9 14 16
37 67 30
11 49 32
11 5 3
40 72 26
24 62 34
26 73 34
20 76 15
12 2 16
28 2 9
46 83 30
12 82 5
21 74 24
4 72 35
44 18 36
3 28 28
42 14 31
56 52 10
21 44 20
52 39 14
11 53 9
4 78 24
57 1 7
39 81 25
52 34 1
37 27 34
53 60 8
33 76 21
19 16 17
36 33 12
17 28 13
36 58 1
22 30 9
33 43 29
5 83 22
47 78 3
9 64 31
57 15 33
45 11 32
45 54 40
50 2 34
56 79 5
1 14 21
12 71 37
13 14 11
11 1 24
3 64 27
23 87 29
61 13 2
6 72 20
54 64 13
22 9 37
58 33 24
59 54 28
29 12 1
44 82 15
44 21 1
12 71 32
24 70 38
6 72 29
23 41 25
8 3 24
16 68 30
6 56 25
21 52 19
25 62 8
46 30 20
20 47 31
60 73 10
8 68 11
22 60 37
28 72 32
52 52 8
52 73 9
2 10 23
36 56 24
43 12 37
49 83 16
8 11 10
58 22 2
46 9 15
46 22 38
39 65 39
36 28 13
25 55 13
29 37 1
44 1 35
46 77 19
3 76 1
7 60 4
41 52 28
44 37 21
24 15 37
57 50 10
26 85 25
27 1 10
33 14 32
25 56 3
61 74 37
16 14 35
2 4 25
15 36 14
41 66 29
19 28 31
47 86 1
36 38 8
3 19 25
34 19 14
16 28 29
53 84 24
43 8 21
48 72 26
26 63 26
39 43 3
28 20 35
37 66 10
41 45 25
27 15 24
37 51 15
42 78 1
16 7 21
43 1 11
27 68 32
56 51 21
28 47 12
56 72 2
12 12 6
60 16 19
35 42 4
61 74 5
21 53 4
9 6 26
27 42 10
24 25 11
44 65 35
7 82 21
59 41 31
29 20 7
39 71 16
20 83 19
51 47 27
26 67 22
35 83 14
31 84 21
50 66 1
52 51 35
34 45 37
36 3 30
38 10 39
48 70 22
23 24 3
19 35 15
52 73 13
10 69 5
60 35 5
24 13 37
37 7 22
6 78 10
10 10 12
48 79 15
31 39 18
32 36 32
14 58 13
7 26 33
31 42 7
38 49 2
32 29 27
60 8 13
10 20 26
13 71 1
3 45 27
13 51 40
47 34 26
6 29 36
1 27 9
9 9 16
27 36 34
31 23 34
45 49 26
21 29 2
47 52 1
42 20 36
57 9 40
36 70 22
58 26 27
3 30 9
23 26 10
20 60 8
48 22 17
12 8 29
37 16 22
37 2 20
28 84 11
15 31 18
30 77 11
39 40 29
48 78 12
3 35 10
33 68 38
41 59 22
5 35 36
19 34 2
43 70 28
49 87 10
60 19 23
55 72 37
15 75 5
11 64 26
13 82 33
61 45 7
4 87 27
10 36 35
34 54 40
53 34 25
30 16 30
20 42 29
6 80 15
49 82 33
19 68 36
40 40 31
15 44 35
33 2 24
10 87 36
59 43 37
27 57 23
26 27 20
7 27 16
22 66 25
31 54 31
23 8 8
25 40 1
27 10 13
22 34 5
52 43 36
60 72 26
32 33 33
26 9 35
17 81 13
20 48 24
49 51 22
30 51 30
6 32 10
41 57 11
56 68 38
53 2 7
11 48 31
24 31 21
60 87 38
16 81 22
37 54 34
56 54 29
44 57 10
3 39 31
13 5 5
50 78 40
39 57 18
26 78 28
49 41 8
9 57 28
25 29 13
5 34 28
36 48 17
1 58 4
60 63 16
37 40 6
29 83 33
19 46 24
24 50 32
45 27 11
20 30 5
9 80 4
31 4 28
14 59 40
42 83 15
51 7 9
21 8 27
40 63 27
28 81 6
19 13 24
45 50 9
4 9 14
37 27 6
56 24 8
13 82 19
54 31 26
30 80 26
60 27 32
17 72 17
41 6 7
18 65 18
61 8 36
48 70 6
4 76 40
56 86 5
40 61 29
37 27 16
53 48 29
37 14 38
20 87 18
2 66 5
8 73 27
22 48 35
49 66 28
52 69 32
24 3 29
28 69 33
26 48 5
37 79 10
5 79 21
39 45 37
36 84 40
59 71 32
25 50 2
10 21 4
6 30 32
