32 86 3391 2513
1038 3476 947 1347 1009 250 4509 2790 3427 39 4242 3119 2104 1385 778 703 3016 3596 1364 1903 2418 2923 203 1079 1074 4577 3112 3629 1302 1413 3362 3449 4257 1924 1460 2752 3802 1189 3462 880 2635 3853 3464 1717 4178 4800 1388 1765 84 4832 4611 179 1805 4172 400 4383 3494 341 1914 1142 634 377 2991 1401 984 4224 1302 4039 3412 2714 4272 4560 4628 344 4468 70 3274 3158 1955 2563 4128 1612 760 1076 1064 1832 
138 1666 2499 3544 745 2101 4455 3581 24 730 2249 2962 2271 4479 460 74 1323 3685 2853 3757 1606 2055 1960 2069 126 2032 2973 1463 1738 1011 604 1494 4531 3358 2074 3329 552 2865 2636 3949 2384 1755 2217 4569 1628 3971 2058 3923 2854 2866 2251 4435 3426 2319 1556 1680 445 1900 2326 4858 2249 3731 1720 269 337 387 3594 4219 1491 1101 2847 741 186 1662 3886 74 1329 4503 1112 204 1140 4708 1160 1136 3007 298 
1337 3427 4446 2483 3076 1080 4316 2786 1203 1185 252 1924 3037 240 3279 601 973 2008 535 704 1896 792 3781 3038 932 4361 2704 4072 3831 269 3419 760 3857 3294 1965 4604 4326 4527 3849 4428 1872 4312 234 864 4115 4176 1864 2647 1751 3766 4757 4735 875 1732 3923 320 1885 4075 950 3161 4779 1660 314 867 1902 1009 2879 2938 2747 4025 2941 2729 4730 4007 1747 4226 3240 4543 2029 3479 1434 4710 1549 4466 705 123 
2128 1111 3957 1226 3920 3336 3757 241 37 2966 964 663 1474 177 2954 1575 3780 30 2349 2093 932 1071 204 2192 1813 2806 1079 2536 558 45 2612 482 3638 950 756 1176 4478 3051 2350 3666 4660 4107 3741 2747 835 2829 4613 3326 3799 4112 2874 2652 3504 260 293 4037 2661 3730 1458 1300 3482 2368 1785 1288 4517 3536 4123 3285 720 1916 1803 2144 3144 1482 769 2326 4156 3533 569 1968 1839 2097 1357 3151 1673 826 
2920 3302 1201 4100 4103 395 901 1303 814 2496 3333 140 1383 2441 2909 1087 2062 3211 2931 3993 1462 3126 2386 3802 701 4452 646 4164 1312 1493 1293 2774 1285 205 1838 3791 3762 4361 4622 3753 4759 4467 4262 4139 2012 1626 2428 4873 2053 4013 3949 939 2701 3452 2291 3697 3100 2138 785 300 3200 4286 1226 4405 2863 4252 1184 3405 1692 4506 2866 4333 2743 3226 1819 3472 2232 1200 772 3981 1177 4025 3253 533 2722 2933 
1844 2517 771 963 684 1570 3935 2044 3346 868 2112 3468 3104 4204 570 969 4863 1381 4664 1646 1116 2530 4731 4112 547 4073 2033 4286 887 1046 1552 688 1139 717 4266 3838 2807 4216 2514 4410 4156 3535 3409 3448 689 4357 632 1497 3382 4382 739 2255 138 1560 407 2737 2613 1654 4566 2966 2068 2369 2654 4517 4734 3056 1836 4066 1441 3977 1978 3104 2335 1801 1108 3934 3561 1324 1939 1847 2185 3432 672 1269 2653 1805 
337 1234 4437 387 1437 1953 999 4104 1106 2119 714 3360 4110 4490 1114 1835 2790 4699 2608 4507 30 1115 2690 356 2961 1722 603 3615 543 3452 2940 2058 375 4838 4578 4132 4026 4870 208 4881 2400 2135 4680 4822 1798 3564 1944 1192 2348 916 1246 4193 2869 955 150 4621 391 2318 3836 1810 4826 3894 1144 1349 866 564 3497 1403 1052 1610 1706 2899 3267 2914 2065 2317 3022 2245 902 1362 608 3852 2182 1371 3729 4345 
888 1664 4889 210 184 3924 630 424 259 2857 3096 2849 688 60 1720 3105 4278 2590 3133 1708 4375 246 3270 2316 4105 2094 2052 4021 63 627 2484 3280 828 79 4138 2055 3201 4146 1764 2341 4333 4340 2059 2408 2840 4419 1693 3812 1990 2913 2086 186 3752 2207 673 1029 1138 4421 4159 3137 3714 3044 764 2756 691 3715 636 1320 1966 4630 932 1170 3197 4498 51 4524 3817 3394 4195 4228 3531 1564 88 1376 2266 1887 
2709 1681 4293 2928 1824 4005 2042 4754 4063 4705 1446 1805 1710 339 790 2100 1547 1450 2522 752 1893 4858 170 3954 3125 328 3772 423 2290 2938 3227 4580 4736 902 840 3756 2778 1650 4650 1611 577 2939 986 4415 952 4191 1344 184 1772 3735 1198 2963 1571 782 2970 2113 1716 3631 651 2415 1092 1449 3728 935 4041 1680 4516 4614 155 160 390 4893 63 3831 1825 727 85 1107 710 3366 4289 3533 4241 4257 4410 3947 
1866 4145 2995 3689 3488 4705 3511 2824 3109 719 421 3106 448 536 168 1364 429 4328 424 4114 424 1841 2649 2899 457 2372 2787 1259 2624 2090 1463 160 3866 17 1492 400 3322 2909 989 4559 2844 4117 2889 1144 3994 646 2020 4529 4146 939 4519 4211 2239 1502 4016 3312 2245 4872 3982 3625 3332 930 3940 3603 4751 1755 656 3249 3271 1438 4112 3696 2762 3645 3299 424 3210 2059 3532 2384 556 1926 3900 3183 3695 1754 
2228 1307 4654 3717 1858 1737 1840 1467 440 4463 907 4630 2106 2367 1117 563 169 1117 3382 1998 204 2767 544 4200 3106 2867 354 2061 2970 4709 4787 616 259 1066 1234 289 2130 4339 4823 849 3634 1098 2380 3473 1002 4530 2524 4306 118 2159 4578 1717 4332 1827 1855 4753 2900 3100 586 615 269 4684 3305 590 4607 3420 4283 4585 3840 3664 185 3939 148 4019 3065 408 2241 1761 1168 154 3496 3761 572 984 1191 3463 
1753 1732 3441 3788 4445 4808 387 4549 78 3686 602 3404 1249 2226 1770 1320 1811 1501 4591 1905 1111 4019 3587 4881 4203 3702 3740 2425 648 440 3098 3232 4472 1679 4354 341 3095 185 2594 1341 555 2774 2450 3739 561 1084 4787 1095 2454 3511 2095 2335 956 336 4509 4763 147 1616 4539 3413 2089 1427 4436 4314 1858 4585 1420 4622 2814 613 504 3471 2902 3566 1593 131 274 741 1505 2994 1335 187 4785 250 1886 3446 
1561 3428 1492 3629 3109 1764 3546 562 1825 2352 1590 4737 4460 4225 4367 1510 2560 3623 2023 3717 4496 2109 2056 2369 681 3395 3576 2652 1677 1543 2517 4435 4578 2257 344 2649 4095 3733 26 225 836 927 2723 2590 2537 1366 3199 2893 4743 1882 4614 2551 3065 1174 1882 238 4230 1328 1257 1518 2894 3765 1608 4844 195 1229 3682 4707 397 461 3605 683 4313 3750 1855 3165 3895 4015 662 4253 3707 689 1335 2219 183 3881 
1565 3846 1063 1091 4692 195 1811 2562 87 2364 4802 4287 1247 1318 4220 1667 1673 3229 1929 3186 520 969 3609 3537 1756 655 1341 1011 3908 275 2171 2441 1912 2474 1360 1376 1439 426 2126 4240 4320 2242 1109 1426 3251 1873 952 1965 4594 4754 166 4294 4007 446 1475 2571 4302 4564 755 4648 147 3077 2681 455 1993 4473 3456 329 4730 3744 2056 344 1184 523 3349 1007 917 3557 2259 2305 1498 3341 4517 1104 1802 3342 
1508 27 4040 296 3485 3059 3299 1218 2106 667 4550 4262 1161 1835 223 4361 4252 2277 2983 2811 1199 4497 1738 1685 2421 3243 597 183 2917 3107 3159 2208 2882 1806 947 2591 3035 1710 4625 81 3718 3741 3025 4466 2098 3423 1788 2874 2448 3629 481 156 2927 2034 2266 1273 4471 4332 2122 2724 4297 4178 387 4522 1883 3354 1885 3711 4131 1556 697 2611 1235 3372 4107 70 3174 101 706 1600 3628 2545 455 69 1367 3513 
1324 425 3481 4737 1892 4534 4861 1721 1976 4131 4894 2832 4871 173 4014 1338 2321 3124 1906 2209 2514 3000 1567 4111 4308 1136 2424 802 788 4856 4815 2303 4640 4350 456 181 999 698 4592 2340 3233 2928 3397 817 4176 1091 4340 1112 588 1933 1826 4515 1093 4229 2045 2216 2322 3043 829 4130 1068 984 551 3886 1311 1402 2766 711 2028 4437 479 4234 2253 4345 4112 1223 1543 3455 4725 2101 2748 1600 1673 242 2751 811 
1009 2406 3058 3958 4651 4140 4628 3565 2888 1819 291 4049 1289 688 1592 1249 573 414 2414 3180 1548 3649 3934 2929 2400 2870 711 4419 4074 4241 3601 4535 1156 3429 2215 724 1573 690 2203 4073 4447 3926 4398 2857 2695 3908 3703 2283 65 2755 1391 1138 788 1857 2902 980 2896 1629 4465 1312 2390 3588 2046 2804 2871 4751 1907 1652 4156 969 914 2579 2149 910 258 114 4142 942 56 928 2690 3562 1003 4007 2298 3067 
4187 3423 2558 4660 3236 1163 132 4140 4179 4049 1746 3040 1523 4707 951 208 576 2012 4844 4793 3360 563 3502 1604 545 4134 4159 2067 3579 454 2655 4380 4638 600 1675 1666 1350 2569 2197 4816 1008 1051 2021 4571 4504 1413 1950 2816 631 3650 2953 381 1446 3374 1015 41 1308 1256 1305 2747 4648 848 1406 4730 4657 2677 4147 1151 1443 1118 2435 2500 813 4104 1847 4561 1852 1593 1953 644 3409 3831 3046 851 2025 231 
2161 4756 2985 2721 2471 171 1566 3803 4251 3352 2270 2673 3662 3320 3578 2794 1834 3069 3920 1894 4283 2026 957 525 3961 1464 3909 1691 4837 1666 2704 4047 2164 1244 814 1526 4810 4275 3349 3155 2950 4387 3127 4407 514 3606 700 4302 3433 4254 3204 2007 108 1164 1755 1225 4599 4789 410 3226 3906 4317 1954 509 1116 4063 440 4552 2212 3147 2547 1057 552 3102 2321 2674 33 2321 4703 4026 3566 4213 519 4055 863 4165 
3509 3661 358 3402 1404 2079 550 2082 1298 3740 728 2324 660 1409 4264 558 2235 2698 3558 2736 1731 3843 2448 834 239 4401 3916 1541 4745 3440 4521 339 3012 84 4867 820 4354 754 50 1319 3819 492 2308 4410 1886 3109 2521 800 134 2457 597 3181 4100 3588 3771 3870 2634 821 314 1396 1672 1230 1575 579 3819 990 3683 579 177 3655 4377 4781 4099 3358 1060 619 1135 3554 1716 4561 3348 667 1138 671 3423 132 
2808 3440 4339 1168 2143 3254 3497 567 1956 4441 2204 3500 3417 1648 3456 1543 206 1049 3880 2317 1207 530 2942 1058 3189 1118 239 2017 1917 3416 1077 3823 4495 3193 1009 2460 3983 4594 1557 4299 4373 2753 3738 177 3674 4860 571 1330 2071 4205 4451 799 2950 2992 2106 1492 4237 958 2114 473 3601 4340 3560 3839 4854 4786 4098 3034 2570 896 3575 4034 1181 1048 1896 3752 4525 976 1956 3188 3633 1613 261 3974 435 1649 
1946 3047 3597 1024 2849 4624 4164 4063 1864 4706 1684 396 782 1247 287 1573 3541 4724 4074 121 1988 4489 500 4073 2487 3387 3679 938 3155 3367 558 1476 4398 1838 3245 184 3426 555 3296 795 1076 354 1568 736 3315 303 77 3029 1815 1472 2398 2313 2213 2269 307 2851 1889 3261 3948 4884 4135 1902 3794 2247 1328 3612 1632 1228 3406 4143 3136 1060 2192 3289 3609 616 1594 4512 1581 2134 1954 1658 1093 4317 440 696 
3681 1371 1867 4688 3271 1858 47 965 942 2831 1371 2398 2833 4288 3420 1880 430 2246 4767 1494 3990 4513 267 2060 3400 1132 3863 4202 1063 1014 2216 2435 3948 2215 4469 1910 2754 1959 1895 3397 502 1804 4097 4476 2427 1482 3986 720 4410 877 986 4754 1759 4377 3152 2920 1686 3970 3073 4541 364 328 592 872 1623 676 1868 3968 2368 692 273 3007 3380 4197 4800 4568 4000 2186 653 749 2003 2115 361 4005 942 2753 
3789 4473 4654 4052 1045 838 1521 112 1283 2395 4531 4661 1667 4464 3673 2709 634 4715 3310 59 513 2459 2578 730 4872 3385 2665 1077 1749 511 4072 2838 1711 2468 4221 2620 1995 1410 473 551 47 904 4645 1937 4440 1548 3968 2670 970 1815 3206 3049 2149 1240 3577 4116 2383 1197 1134 4589 902 1964 2057 4655 348 3195 2766 3857 1150 3989 1232 3102 489 2551 264 2084 2084 4433 1464 1634 127 3470 3338 2057 3766 1876 
3782 2165 1039 3255 215 258 4135 206 4458 2452 1247 2592 1924 1419 3619 698 2384 843 3692 2691 4702 1285 1908 1932 1678 173 2442 4624 534 2244 2055 3902 2955 2588 1445 2899 487 272 4025 4084 2407 2936 4425 869 2397 489 404 3863 4397 4364 3976 3273 2309 2236 2936 818 561 2513 4004 1244 3302 3609 2356 2440 1958 3579 3128 637 1034 3118 430 22 1333 616 140 3666 91 1855 4420 4438 3468 272 574 2047 3718 981 
2846 1713 3140 2294 4640 1886 4086 381 1400 1143 2113 1939 2129 3770 1403 638 3136 2020 1031 3385 1093 4829 3078 1917 4453 268 1288 4021 741 2597 4311 4375 1226 704 4196 3862 1530 1286 1738 1239 670 1867 878 2419 4524 2732 4784 998 1429 4882 1441 522 2349 4711 791 3716 3632 1066 1331 1275 4482 1105 2715 4671 4058 1975 4459 682 3640 4173 721 1751 1394 458 3450 3788 1962 2571 2823 3887 3490 2365 4763 515 1290 305 
3031 4691 338 319 1475 3187 308 3730 923 4326 27 2274 3530 3981 3286 1315 1735 2143 759 3380 1296 836 2337 1737 845 1442 3516 1653 4089 1515 4089 1093 1808 352 4623 2324 2541 4909 1419 1122 737 2842 1755 1096 3831 4005 2820 679 3365 1790 4051 1449 906 2285 2880 1510 221 4894 3966 4758 2663 2215 4005 2026 3002 3894 1973 1438 3358 4123 4707 2953 1438 4425 58 2303 1076 1113 3341 1025 60 4735 3718 3609 4773 943 
3677 1947 1541 3846 4737 948 68 4144 114 1828 456 3320 1574 1765 1958 1201 4887 179 3580 2371 2731 2252 471 3793 4436 1023 934 1931 3766 3325 3397 3867 2812 3949 4129 265 3351 4489 4138 505 2551 2921 286 3098 2523 3759 2889 588 54 2023 4213 3878 1059 3666 4734 3395 237 4688 789 3707 1264 98 2810 65 2534 2763 1871 4513 1285 530 4888 514 4690 2784 2318 3342 454 1854 1260 3608 3361 685 3122 2181 1246 1317 
3344 4001 1208 3554 1368 4861 3396 2612 4338 2910 1953 2301 4769 3189 1712 4896 3579 1088 641 1225 2355 4713 287 2927 2304 2497 2028 978 501 3813 3176 3241 2214 4509 3260 4156 4431 4877 1613 3703 271 692 754 1289 2933 1707 3573 2615 3800 3840 3976 3988 565 4754 807 1872 2973 163 869 2183 747 3193 4899 4173 689 1553 2187 2853 1155 4870 935 651 175 1482 4145 237 376 4392 1777 372 3782 3906 3975 3081 1292 341 
67 2509 4152 1767 3349 738 2778 2533 3434 4312 4067 3437 4426 1064 1960 847 1458 2001 4514 834 4521 4739 1056 704 3316 1776 4628 4500 1503 2425 4293 1164 2018 518 4500 2633 3666 3947 1378 3579 1709 4806 3049 1202 4744 2136 3860 2707 697 1304 4010 4598 3558 590 1028 1688 515 3469 180 3287 2008 640 2109 333 4755 1890 419 1877 4554 811 4468 567 2016 4468 3410 4615 4351 4533 3140 552 2049 1088 4718 3973 1232 3639 
1428 4146 4303 2244 2397 4489 4848 4441 3144 103 4701 3413 1943 2569 2018 2692 2601 3815 695 2612 2999 981 839 1156 4356 832 4887 3754 432 771 761 3056 3077 135 310 3398 4270 2805 3635 4071 2085 4536 2005 3777 859 3315 682 1893 3377 827 3642 3113 4258 3384 3837 4376 1158 13 769 3687 212 4516 74 3831 2319 2394 4184 911 2757 2870 2516 3850 537 3575 2272 1204 3741 863 977 73 3395 1935 3847 100 3474 2153 
2906 3709 2447 3568 284 210 3242 1364 4104 1896 2773 2387 542 2937 3342 727 4265 58 4388 2453 4815 2107 2524 3737 2244 3574 615 3857 4248 4064 849 846 344 3098 946 2095 2313 1946 4304 2648 4007 4573 3817 3082 739 4637 1319 830 4516 4133 2796 3317 1930 1567 189 2996 2161 388 3060 3484 2614 596 1999 4469 1127 635 1802 2557 3719 3012 485 1547 1700 3244 95 3946 3865 1426 3505 4872 1903 3405 2304 2789 3902 4245 
21 52 19
13 76 26
14 60 9
25 70 31
21 34 4
28 69 37
9 20 16
12 53 29
14 32 37
9 58 5
10 42 13
28 4 28
1 36 31
7 74 12
25 32 33
9 80 26
15 1 17
20 45 26
18 39 34
21 59 7
17 73 28
26 22 28
15 43 38
29 75 18
6 25 1
19 75 16
25 2 25
17 24 18
12 38 29
16 37 16
6 33 12
8 14 35
18 16 32
12 21 33
9 76 31
30 10 37
15 20 7
14 18 35
6 5 38
8 20 8
10 68 12
16 5 4
16 82 22
29 68 17
6 47 29
21 50 22
24 51 27
11 63 32
8 14 14
17 48 6
23 7 36
30 52 38
4 25 21
20 33 21
18 75 40
25 48 22
28 21 8
5 20 4
29 5 30
5 44 23
8 42 38
12 54 40
2 18 12
29 37 6
11 81 1
15 31 40
21 15 5
25 56 38
13 65 26
10 57 35
23 32 12
14 18 10
16 34 25
27 56 20
29 48 32
4 64 21
7 84 4
25 18 3
21 81 29
3 6 30
14 83 12
14 24 39
24 39 8
29 41 20
18 21 8
4 71 31
9 39 33
12 22 5
9 55 39
2 75 28
4 14 22
2 83 40
4 1 39
16 74 22
12 62 36
5 14 24
1 20 15
24 72 25
16 16 15
9 8 8
12 6 34
16 26 13
20 2 23
28 67 30
5 39 2
2 21 33
10 9 12
3 51 2
6 54 30
27 35 1
30 13 35
22 2 38
4 43 38
12 60 8
20 59 9
27 16 9
2 57 18
8 23 11
13 4 21
21 14 20
20 62 4
9 7 18
12 62 30
1 24 10
2 28 19
1 21 21
13 42 8
18 53 8
24 25 5
15 29 14
19 37 8
7 28 31
30 6 25
26 80 15
6 69 22
3 76 12
5 50 28
23 38 22
24 28 22
24 21 30
12 75 2
14 60 1
23 64 40
8 81 21
12 67 29
6 81 38
28 15 18
6 67 37
25 56 9
29 13 15
11 82 1
26 75 35
19 84 5
7 49 26
28 10 29
7 23 23
21 52 23
2 41 20
6 76 11
14 29 13
11 46 28
8 1 32
10 17 13
23 74 27
8 19 8
11 76 15
18 52 20
8 9 23
26 66 4
11 62 13
29 77 23
2 43 13
20 30 8
30 62 24
11 25 17
30 83 26
29 14 2
8 59 18
4 54 3
5 70 4
9 21 20
29 48 19
12 17 39
21 46 33
6 44 10
9 74 31
12 59 27
13 84 20
20 56 11
20 40 35
11 34 24
29 57 8
15 68 33
12 19 35
8 65 15
21 18 24
12 32 6
15 72 30
25 47 10
3 73 39
14 70 2
29 58 1
10 69 6
23 13 3
23 66 38
27 60 36
28 45 19
30 61 13
20 53 26
15 82 15
3 46 36
8 76 27
25 28 21
27 31 34
22 57 37
7 8 1
29 41 8
6 41 32
11 27 4
30 67 24
30 79 8
28 66 25
22 83 34
1 69 29
28 79 7
22 40 6
18 79 34
14 42 20
1 68 28
30 11 28
7 49 18
13 4 17
6 84 30
11 37 15
3 61 17
5 16 34
1 18 12
22 27 32
18 8 16
2 36 5
17 47 11
17 24 13
28 58 19
12 40 1
3 79 5
12 41 32
9 83 30
21 78 6
23 79 18
1 54 35
9 82 22
13 58 22
2 74 24
7 54 22
23 70 32
10 75 22
13 53 2
5 50 19
10 60 19
27 46 36
13 57 11
18 12 27
27 11 4
13 47 19
3 72 1
22 43 25
26 74 32
15 28 3
11 31 31
20 54 4
9 18 18
21 17 22
7 61 20
13 73 27
18 1 21
20 82 1
13 62 22
24 42 38
4 19 15
20 64 8
9 68 24
3 10 4
10 58 21
4 2 7
20 40 22
29 6 25
11 22 31
11 33 10
2 41 13
6 11 1
24 21 24
24 84 39
8 47 13
15 10 24
28 17 20
22 35 26
26 42 40
3 61 23
29 12 38
21 64 11
13 34 26
6 38 5
22 69 10
19 51 8
29 36 37
4 23 25
18 62 21
5 10 27
23 60 7
26 43 31
25 8 25
16 60 36
9 13 8
15 30 30
24 58 29
7 30 9
4 1 17
7 22 26
2 76 35
5 73 39
27 32 34
26 6 13
22 13 5
3 63 12
12 31 11
8 3 29
3 50 6
4 81 2
30 73 33
14 42 30
26 18 9
20 17 21
1 67 24
5 67 16
15 75 16
10 34 28
22 1 20
21 15 19
3 57 29
4 39 22
13 18 34
26 16 20
8 29 21
3 58 18
21 62 24
11 72 19
19 69 21
27 50 35
3 14 28
4 24 8
5 17 37
28 68 8
23 2 37
24 67 32
5 72 15
1 59 25
1 38 37
3 73 22
22 32 4
6 26 8
9 38 35
26 26 38
21 19 7
15 7 17
22 41 23
28 60 31
18 81 17
29 52 14
2 42 8
15 35 7
27 71 8
14 18 39
18 15 8
23 13 7
23 28 24
18 81 20
7 61 8
1 65 5
8 15 27
22 31 39
6 25 31
28 77 25
15 2 17
30 70 29
13 67 37
19 15 16
27 35 21
21 59 32
2 78 39
5 1 39
25 59 24
17 6 7
10 11 37
26 37 37
11 40 20
29 12 10
29 31 34
25 24 22
3 83 33
11 69 20
7 54 38
20 26 4
5 28 12
7 31 2
17 48 16
26 46 39
4 81 28
24 84 12
4 65 33
22 67 16
18 3 9
15 56 3
3 82 17
22 70 26
3 55 30
3 10 38
24 70 20
23 10 20
2 39 2
25 58 12
22 28 30
8 6 34
14 63 31
2 33 33
17 31 32
8 2 16
18 42 38
18 11 12
3 78 17
29 75 7
3 32 18
16 57 33
22 4 26
28 18 9
30 28 11
17 81 8
20 17 37
13 72 31
11 65 31
15 54 12
8 19 22
9 22 6
6 84 32
3 63 2
29 69 2
9 3 32
13 80 24
24 2 19
20 27 30
29 13 6
1 33 17
26 15 27
14 39 9
25 59 22
15 83 30
10 9 23
8 46 10
1 18 16
10 30 35
14 69 19
26 11 26
2 65 32
28 28 7
2 63 40
1 55 26
15 28 11
15 50 7
27 57 32
7 53 38
29 3 2
11 27 9
3 33 31
9 58 20
10 46 23
4 38 4
24 22 34
25 41 24
7 37 19
17 71 38
11 4 35
11 13 27
23 34 17
14 74 14
1 84 15
29 41 20
27 81 5
10 61 39
16 25 4
6 58 37
13 62 20
14 10 27
23 25 10
3 58 40
25 66 21
16 32 27
10 44 28
13 39 15
14 65 12
30 75 3
9 56 5
22 41 20
9 69 35
25 69 7
19 3 33
9 67 7
13 55 38
13 11 18
16 50 19
15 3 16
7 70 38
25 79 31
19 83 25
1 57 3
19 66 4
19 48 32
4 12 31
21 27 4
20 57 11
2 67 30
17 80 18
27 24 29
16 51 34
25 60 27
8 39 28
18 33 10
12 35 21
10 19 26
7 58 26
15 40 8
6 72 23
12 83 14
4 52 22
13 73 14
4 27 10
20 84 12
26 44 25
14 16 33
25 11 18
9 11 37
26 49 9
19 39 19
20 83 36
18 46 20
7 29 22
27 71 17
23 35 27
3 6 30
2 6 25
10 19 37
5 16 40
30 54 2
7 83 20
30 37 17
27 13 38
4 76 10
6 66 40
11 73 32
28 7 22
28 67 3
24 60 2
7 76 22
5 57 23
4 54 16
27 9 40
1 14 32
30 72 32
12 24 24
23 4 34
7 68 7
4 9 9
14 83 21
20 28 10
27 39 1
17 7 38
11 67 18
8 82 10
25 40 9
26 25 16
18 15 32
30 8 18
25 57 11
3 28 8
4 40 22
24 37 17
1 26 17
16 19 38
18 52 4
6 26 37
1 35 11
22 54 32
19 48 39
21 51 13
30 53 14
24 75 9
29 2 24
14 8 26
19 82 37
2 4 20
1 7 31
4 34 15
12 35 14
14 65 33
16 12 23
16 34 9
23 43 4
15 30 23
6 12 18
21 6 35
4 78 19
9 23 33
29 27 12
18 7 20
11 41 2
28 51 27
5 71 38
26 1 25
29 60 36
29 58 8
16 40 35
28 77 33
16 21 17
10 14 35
15 11 6
6 84 38
14 73 25
29 66 23
7 23 13
13 72 32
2 33 36
17 15 30
29 44 19
18 48 14
25 31 4
23 77 31
29 47 20
6 12 16
5 14 24
5 82 12
1 83 4
23 21 9
24 70 17
14 15 16
22 24 23
15 35 30
23 12 17
16 59 12
15 31 24
10 61 29
29 4 3
26 19 34
7 43 1
9 73 27
30 76 6
5 83 2
13 81 15
3 32 25
22 18 15
8 52 21
13 28 18
21 80 5
13 39 32
8 63 30
7 18 4
22 53 13
3 53 11
7 68 18
30 56 31
3 31 35
16 51 22
25 22 2
23 58 28
25 1 40
21 19 25
13 24 18
17 19 18
5 18 8
6 37 21
17 13 21
22 63 6
24 80 3
1 33 30
17 22 2
7 26 35
19 43 23
1 77 37
1 82 33
25 48 31
9 56 26
25 64 30
30 9 33
27 8 1
15 53 6
19 80 14
9 28 4
5 41 27
13 68 32
16 1 17
11 31 8
29 40 7
17 21 2
5 36 21
5 83 33
7 60 1
3 35 15
7 75 6
25 84 12
4 70 4
25 62 20
28 28 22
18 29 40
10 83 32
30 51 9
14 79 10
4 22 37
19 19 37
14 27 7
2 60 14
8 2 25
29 63 14
9 3 28
13 49 16
27 26 20
22 59 1
12 30 33
18 24 9
6 55 22
29 58 2
23 71 32
19 62 33
25 39 27
28 4 6
24 32 17
23 60 16
13 11 20
14 7 36
10 82 26
4 77 5
28 65 31
8 73 38
24 8 27
18 4 39
5 58 25
10 81 18
20 57 31
30 54 17
14 17 11
24 75 23
2 15 31
1 71 3
28 73 35
10 13 39
30 73 23
28 42 3
18 53 11
2 15 27
24 53 23
13 70 18
3 81 7
28 72 15
22 53 3
11 15 27
27 50 18
10 10 24
15 23 23
9 27 12
25 58 5
11 4 8
21 69 20
18 44 19
2 24 30
9 68 2
28 20 13
12 39 10
6 12 29
21 7 14
19 77 23
17 5 36
24 24 8
7 9 29
29 70 12
10 29 33
6 8 11
12 12 19
29 14 22
12 77 26
2 12 20
17 19 30
15 10 17
26 32 39
10 48 26
13 48 27
13 84 5
4 77 22
27 62 37
3 82 34
14 75 16
28 35 38
28 76 7
14 7 10
7 12 1
19 12 39
9 77 9
21 75 24
13 7 32
24 60 15
21 70 18
15 31 35
30 66 37
8 46 32
11 2 7
28 63 5
22 59 31
3 40 32
4 35 13
16 69 36
23 82 22
11 11 4
11 14 3
5 33 11
19 75 20
2 71 28
10 60 32
21 9 37
19 77 29
20 78 1
6 36 16
29 58 33
18 51 25
15 25 38
24 52 12
30 84 4
3 71 20
17 67 18
5 30 15
24 24 25
29 2 34
12 84 7
18 13 23
21 58 21
22 66 12
11 55 18
8 32 6
15 13 22
5 75 34
13 50 13
20 19 39
7 29 12
12 22 1
8 64 40
18 3 32
28 29 14
27 7 25
20 25 24
11 56 23
13 65 3
10 62 29
13 18 29
2 18 17
29 41 21
3 24 25
26 37 28
25 78 5
8 38 18
13 37 40
30 52 13
28 52 2
1 48 7
23 51 16
4 68 15
30 69 16
1 21 16
19 71 4
25 60 23
27 29 8
1 48 16
14 33 31
7 30 21
23 27 34
14 44 21
12 77 29
15 35 2
9 18 40
16 45 18
21 53 13
27 15 6
4 3 37
25 50 25
21 75 37
2 38 19
5 17 17
7 31 32
27 60 12
29 65 9
7 8 19
6 50 21
12 21 21
22 59 15
28 13 17
9 43 16
6 40 28
14 14 11
14 41 37
30 27 23
2 6 34
28 68 17
1 52 5
2 3 25
1 57 20
4 11 28
2 81 12
17 50 10
25 3 37
22 60 5
22 44 7
13 83 25
3 35 4
6 66 37
2 32 12
28 12 9
9 60 13
4 10 28
30 81 26
3 9 7
13 18 17
20 24 22
17 61 28
6 2 16
9 70 7
9 17 31
6 28 36
12 79 9
18 47 19
4 27 23
25 28 16
14 26 39
17 66 17
2 72 22
26 56 21
15 25 29
1 32 40
18 58 17
10 14 5
30 28 22
18 43 33
7 35 7
26 65 7
24 37 13
14 47 26
24 2 25
11 4 4
29 57 26
12 43 25
7 58 8
24 53 5
9 27 8
17 43 6
5 64 1
20 9 16
3 83 19
3 49 35
13 53 9
9 9 13
4 5 4
7 47 27
1 50 9
1 9 37
2 80 20
6 55 30
2 1 21
21 77 39
8 19 7
22 32 38
13 8 13
20 17 6
18 25 13
6 65 6
19 79 36
6 46 19
14 55 10
23 83 31
29 32 7
20 19 28
8 47 37
25 81 36
7 16 4
16 26 4
17 79 35
20 78 27
14 71 10
21 77 9
18 67 6
7 60 40
27 41 27
15 77 16
5 72 39
18 50 6
7 37 39
6 28 20
9 70 8
13 22 23
14 29 1
7 23 25
28 19 35
20 1 26
13 78 33
18 30 15
3 41 11
13 72 7
28 4 5
5 19 26
4 2 17
27 24 8
1 14 7
22 29 10
7 68 34
23 60 26
23 79 40
9 55 28
14 70 13
11 59 13
11 33 32
12 9 3
27 47 39
14 35 16
22 4 36
5 79 13
16 73 24
27 17 31
13 75 29
5 61 7
15 15 39
4 65 25
7 60 7
2 72 30
14 10 6
9 49 2
8 56 14
18 1 10
23 7 2
20 57 29
18 68 34
13 29 11
26 39 28
9 59 32
28 1 21
22 53 11
17 4 22
26 19 36
3 50 16
24 63 28
9 63 31
27 54 33
10 80 27
28 3 20
10 5 29
8 20 32
9 37 24
11 39 32
8 9 3
26 41 32
18 9 13
4 80 21
11 66 11
29 81 38
19 75 4
7 1 36
18 7 29
23 13 7
24 34 23
25 75 3
10 45 18
3 51 31
6 65 12
26 11 36
22 36 16
29 49 1
2 49 16
30 77 3
23 50 22
26 74 31
2 35 20
6 21 30
16 37 33
10 6 28
27 51 29
12 75 12
17 1 39
6 66 10
4 2 26
22 49 3
2 29 24
21 52 14
23 23 31
14 49 12
14 27 8
27 35 16
11 82 30
10 45 4
6 5 6
2 46 31
11 60 5
30 46 34
7 77 11
10 18 37
29 41 13
13 24 17
28 27 4
14 71 26
4 49 14
9 68 27
30 72 36
3 27 9
9 64 3
6 62 23
9 7 33
22 73 5
4 83 11
8 29 18
28 38 35
22 54 39
22 78 23
18 13 21
19 43 22
14 40 9
4 56 13
1 24 21
7 70 31
26 83 28
1 4 1
16 16 12
25 12 12
11 48 9
16 75 14
24 19 14
2 35 40
11 31 18
25 10 5
15 8 22
28 6 39
12 69 24
15 84 30
25 78 32
29 79 21
16 6 35
30 74 27
12 27 30
4 80 26
13 78 36
18 54 9
13 36 11
28 38 4
4 42 12
16 75 15
12 80 7
25 40 25
13 54 4
17 8 7
11 27 22
30 40 24
3 51 11
21 3 39
3 37 4
24 42 11
14 50 21
2 28 20
3 69 10
6 18 2
18 40 14
19 41 39
6 58 27
30 81 39
30 33 10
19 49 21
2 49 13
7 46 3
26 35 17
13 78 3
21 46 19
3 27 26
29 63 25
9 41 10
1 59 30
3 4 3
23 52 1
11 31 18
10 9 31
14 83 21
1 50 27
3 36 5
19 21 23
13 43 22
5 13 34
26 74 22
5 35 32
7 26 19
25 21 34
30 19 40
27 13 30
25 44 2
8 3 35
16 21 19
11 53 34
26 65 29
3 19 32
26 46 37
5 48 29
24 7 29
29 38 37
2 19 40
10 42 27
30 51 35
28 30 15
29 60 9
5 57 9
2 39 22
19 38 38
29 67 39
2 67 33
29 76 27
23 11 13
25 42 30
7 72 14
7 52 36
20 66 35
19 76 10
14 19 25
16 6 37
14 39 40
7 39 6
7 47 15
6 76 19
30 39 2
26 28 39
14 60 8
21 6 7
4 35 2
12 53 34
12 21 40
21 7 14
18 40 28
27 66 1
22 13 19
2 66 18
5 35 11
21 62 2
1 36 13
28 42 10
29 53 25
26 23 12
3 16 5
18 57 8
13 5 36
3 21 24
5 37 6
28 25 22
28 30 18
30 41 12
24 34 7
2 15 36
12 62 19
1 71 36
10 50 33
25 71 24
21 8 29
26 55 1
25 83 15
15 70 38
23 23 8
14 24 7
3 77 30
7 63 3
7 50 7
27 5 36
29 2 26
15 8 19
7 51 26
23 48 21
9 43 1
22 22 38
11 3 18
14 25 30
29 50 15
24 4 11
25 18 34
22 84 30
11 16 38
30 60 28
6 14 14
17 80 39
6 54 6
1 54 27
6 53 17
3 40 39
3 8 17
14 46 19
20 43 24
5 8 20
3 12 13
9 27 26
8 34 6
29 13 16
14 32 17
29 79 36
10 45 4
26 83 30
10 84 23
22 73 31
5 26 4
18 29 25
19 10 2
11 8 26
27 25 33
11 76 27
29 77 5
25 3 25
10 47 15
26 14 26
11 81 35
10 55 25
24 77 21
17 56 3
23 70 16
20 16 29
25 43 5
20 38 11
30 38 22
29 2 19
29 3 30
1 56 21
5 82 19
5 11 22
18 3 37
4 71 27
3 66 1
16 17 22
24 68 6
11 23 3
1 45 16
21 64 10
10 36 8
3 8 3
18 39 26
19 62 7
23 34 33
29 82 26
29 29 38
15 13 9
29 60 9
17 4 5
8 20 39
26 68 24
23 1 19
24 43 36
20 24 5
18 41 2
20 52 24
1 66 17
23 12 18
12 33 29
29 48 7
4 84 40
29 24 38
30 47 17
14 49 14
16 75 32
8 61 35
3 17 31
16 2 19
2 72 19
11 78 10
7 7 14
23 48 5
9 71 34
23 40 11
16 70 30
25 57 38
9 69 1
19 21 35
10 75 19
21 52 12
5 82 27
21 24 2
12 20 17
18 79 12
4 38 8
5 19 15
21 59 26
27 24 18
3 49 25
24 42 7
17 38 6
10 53 34
20 4 7
27 71 4
25 18 32
23 41 38
8 1 33
1 46 25
18 29 30
12 44 34
8 61 36
28 83 39
30 48 27
15 35 29
1 74 16
1 54 37
25 46 7
22 74 5
3 1 26
19 35 1
30 36 15
1 40 33
16 54 39
17 60 2
24 11 32
12 5 28
6 41 22
4 44 31
20 25 20
4 36 40
13 36 32
20 60 37
20 43 17
2 50 29
9 3 22
5 65 12
11 70 11
6 22 10
18 48 24
25 84 29
28 54 28
14 17 29
19 75 8
12 78 40
15 14 1
9 29 28
4 25 30
6 16 17
29 48 39
5 57 38
7 39 39
15 38 25
26 49 2
17 80 27
19 66 30
10 7 12
8 71 9
30 51 11
7 62 35
25 62 20
16 4 22
3 32 30
12 13 38
19 14 23
11 34 21
24 26 9
25 56 39
21 8 4
17 34 9
5 73 4
15 27 27
9 83 37
12 70 36
10 54 33
7 60 26
2 37 14
9 25 25
21 28 6
17 70 39
25 44 3
1 21 36
5 24 14
2 65 6
7 37 3
23 9 23
7 56 34
17 80 31
6 80 16
5 12 3
22 70 11
8 76 16
21 26 21
27 28 5
26 69 36
18 55 27
26 75 15
24 73 8
16 70 37
26 46 5
2 39 16
21 42 26
25 19 17
27 35 24
7 63 5
15 68 33
27 35 32
27 31 3
1 8 4
20 16 21
5 10 15
7 75 39
13 65 24
3 7 27
4 30 10
20 67 29
22 79 17
8 4 39
13 68 18
15 57 6
6 4 3
23 54 32
1 49 10
14 73 23
20 5 7
19 57 18
4 6 10
15 11 6
14 35 1
4 7 37
13 43 15
23 83 2
20 28 3
19 73 17
22 5 5
20 53 7
28 12 18
2 13 26
7 67 8
17 55 37
19 77 36
11 50 15
14 43 30
15 68 17
20 70 9
26 30 40
17 20 27
14 39 10
27 8 1
25 47 20
18 15 21
6 71 34
17 64 17
12 56 25
17 80 14
25 48 17
15 83 30
24 43 23
23 54 16
15 43 5
2 61 37
9 37 38
29 19 16
23 69 4
11 16 30
6 26 24
5 84 14
8 70 11
20 20 23
10 11 31
21 41 31
9 84 31
24 29 40
16 54 13
15 8 5
13 42 2
29 33 7
13 12 34
12 23 40
28 73 16
14 11 23
20 72 6
30 25 25
18 22 21
10 67 14
26 14 8
19 26 19
5 18 10
17 18 23
25 20 14
19 77 1
28 7 15
15 49 28
25 60 29
6 84 13
20 62 2
5 12 34
1 62 1
10 73 34
15 62 24
18 14 11
18 61 37
16 68 33
3 57 40
1 22 5
6 5 13
6 10 9
4 12 40
16 33 8
12 38 33
17 47 19
2 52 5
21 82 2
9 33 19
20 78 5
15 46 23
12 20 10
3 1 33
16 44 2
30 50 10
21 19 9
27 39 35
23 20 23
19 39 8
22 3 37
5 23 23
15 60 31
10 55 18
8 60 36
15 45 17
7 24 27
12 77 39
20 17 16
25 4 10
11 2 40
8 37 29
10 32 2
21 43 20
22 46 17
3 27 30
8 58 18
4 56 4
18 69 4
3 33 11
22 22 15
28 33 21
22 62 11
2 22 14
19 55 3
29 39 26
13 33 30
10 67 32
15 33 2
20 52 1
18 9 5
20 64 15
5 18 11
1 58 17
12 19 22
21 39 16
8 75 2
27 15 14
6 36 8
19 82 31
26 11 29
27 81 32
7 79 13
29 14 4
22 79 4
13 29 37
30 46 31
9 22 35
5 78 33
12 23 7
22 50 19
24 67 14
23 36 39
19 44 11
28 21 4
23 17 33
5 55 17
16 83 8
15 39 25
27 3 26
19 62 33
4 56 12
18 62 22
30 83 8
2 26 23
6 49 40
17 51 30
4 83 8
18 40 39
29 4 29
18 18 9
25 9 18
30 66 20
17 1 4
21 67 10
28 80 23
16 38 2
1 34 22
6 7 11
28 37 18
28 59 5
4 64 15
29 52 13
20 33 14
23 21 27
30 75 39
12 2 30
9 10 10
6 45 40
8 14 14
3 77 19
13 71 18
21 73 32
25 13 36
4 67 32
1 62 34
10 76 22
10 52 11
10 59 8
21 14 29
14 49 31
18 44 15
17 42 17
12 65 24
4 77 36
8 37 9
10 26 11
16 31 33
14 79 9
16 23 18
2 65 12
1 26 18
25 79 33
18 69 6
26 46 31
16 9 11
10 35 39
30 23 3
19 13 5
12 40 11
26 24 16
27 5 6
12 72 17
16 38 30
29 21 40
6 43 5
12 36 24
23 11 40
10 40 17
8 75 36
8 76 8
29 43 27
21 41 15
28 31 3
8 63 3
17 63 1
29 24 36
20 56 38
10 6 24
2 80 18
16 19 35
30 52 11
22 8 16
24 36 19
22 50 38
18 68 37
28 68 16
14 62 17
25 46 15
3 47 5
24 78 26
24 52 11
11 64 40
3 51 14
5 66 30
9 36 36
22 63 22
11 50 36
29 41 15
17 81 28
10 14 1
15 36 12
28 21 9
1 70 8
2 59 3
10 25 22
7 69 40
17 26 8
24 1 13
22 75 2
15 13 8
6 2 17
10 50 30
9 76 36
14 56 14
16 59 31
17 44 8
4 35 2
25 69 40
25 71 13
25 28 6
19 42 6
6 66 12
24 10 32
11 18 9
21 37 33
22 24 3
22 47 20
20 23 22
27 36 25
4 6 10
5 12 18
23 69 2
22 5 22
5 55 12
18 16 35
23 17 12
4 70 40
1 2 28
4 60 40
11 10 11
3 78 8
12 80 33
27 54 14
24 54 40
2 22 22
7 1 11
20 81 17
24 53 15
7 51 2
18 32 4
17 65 26
18 82 7
8 55 7
4 41 40
26 35 15
21 78 35
5 73 17
12 6 23
27 2 34
16 75 40
4 23 12
30 25 22
22 31 21
2 21 21
1 38 1
7 39 11
15 8 31
5 6 28
8 32 26
6 41 35
10 2 19
11 35 22
11 32 29
20 22 29
8 78 10
25 34 13
3 54 32
19 28 12
30 63 33
9 22 37
27 70 5
2 31 14
28 4 17
3 74 5
4 53 36
25 54 4
9 53 27
8 20 2
2 12 1
1 13 25
26 63 38
5 81 2
15 78 31
11 24 14
12 3 27
19 65 25
23 37 29
22 24 23
16 78 35
24 22 15
4 53 29
7 56 2
11 82 4
19 47 24
3 2 35
29 60 8
30 47 19
13 62 8
26 24 10
7 61 7
11 31 20
17 76 1
19 38 37
18 51 15
3 76 29
1 47 40
18 47 33
24 27 11
18 60 26
7 61 34
3 79 34
19 31 29
8 8 13
17 60 20
4 17 20
2 34 15
27 38 34
2 83 28
11 47 15
3 82 40
6 63 27
21 58 22
1 7 23
6 21 21
2 25 8
13 34 25
19 31 9
18 22 26
22 46 37
30 76 25
8 26 3
27 42 17
12 18 38
26 1 21
24 34 20
5 6 29
15 12 10
10 73 25
26 67 21
8 4 23
22 66 5
8 57 32
3 10 39
20 7 20
24 61 24
14 79 21
29 64 7
22 71 6
14 18 18
17 65 21
21 77 18
1 81 1
2 11 4
23 39 9
15 80 3
6 12 25
6 15 25
28 52 32
14 54 13
26 14 32
1 19 21
29 41 39
21 56 3
18 72 17
15 23 38
30 20 17
19 16 23
13 24 13
30 16 16
18 32 30
16 78 2
28 82 25
21 64 26
14 69 7
18 62 10
5 14 4
7 63 36
27 3 26
22 11 40
11 26 15
3 76 21
20 53 31
8 17 22
21 68 2
7 37 25
18 46 14
1 18 11
12 74 1
7 82 24
30 38 36
22 68 31
13 82 3
6 48 35
14 41 1
12 23 35
8 66 1
10 81 1
3 65 24
5 3 1
13 1 34
17 39 23
5 9 3
10 79 37
4 31 16
16 20 19
30 20 30
9 26 9
10 18 29
18 10 30
6 16 40
15 81 34
18 6 19
28 3 20
11 11 35
8 3 39
10 79 8
28 23 28
17 42 3
5 84 12
1 10 23
14 23 38
7 76 8
28 1 9
2 82 20
21 57 6
18 58 15
27 37 15
2 13 12
6 12 9
20 4 20
20 30 24
5 11 21
30 77 26
7 34 32
11 62 39
28 23 33
9 46 34
15 55 29
29 24 22
13 8 24
12 22 6
7 79 33
6 54 3
1 17 25
28 14 40
2 62 39
5 44 30
5 64 6
20 15 11
28 45 10
20 15 20
26 44 6
4 3 21
9 2 18
29 17 35
14 63 18
20 46 20
18 25 2
24 43 18
25 11 19
29 41 40
1 47 21
4 34 40
18 72 10
6 76 28
30 17 7
12 72 26
24 40 39
15 13 25
8 69 1
22 67 18
19 48 38
15 1 34
22 73 6
21 81 5
21 11 29
25 35 36
9 70 8
6 7 21
17 74 13
8 47 34
11 72 13
29 15 35
29 67 34
29 11 32
12 39 10
13 83 11
14 3 3
17 9 8
13 64 14
29 67 39
24 68 10
2 78 21
24 9 9
4 21 2
1 10 32
11 20 5
17 31 23
14 34 25
5 57 16
23 25 37
3 25 25
7 60 25
18 32 15
26 59 39
3 52 35
27 24 31
29 28 35
10 4 30
10 82 9
15 40 5
7 58 11
12 81 20
25 18 13
28 9 29
9 2 19
26 6 36
3 35 27
1 66 1
16 70 26
11 39 26
17 83 2
20 61 37
15 7 12
23 47 4
25 14 1
26 81 8
10 20 19
17 44 30
22 37 22
22 27 22
21 83 22
18 66 13
3 33 13
16 71 11
21 33 21
23 50 34
8 11 35
2 58 18
18 34 40
16 37 14
4 36 40
8 15 4
2 15 14
10 39 9
13 55 8
23 9 19
5 21 8
30 3 26
10 50 1
15 13 8
9 66 13
24 38 3
7 50 23
6 18 1
30 68 40
27 51 39
9 42 5
17 3 12
29 70 27
22 62 19
1 48 12
18 71 39
13 50 31
19 13 2
25 29 31
21 37 15
5 11 33
4 44 39
27 14 25
20 52 28
3 25 26
17 24 25
19 80 29
3 75 23
22 78 25
26 35 28
23 58 12
13 78 37
13 23 19
1 2 1
21 54 40
14 43 23
20 60 5
22 29 36
14 54 33
18 34 10
12 14 16
12 66 11
1 9 26
29 8 23
24 2 5
19 6 39
7 53 12
3 17 30
6 58 11
26 2 22
25 69 20
6 84 9
24 40 27
11 63 19
27 1 33
4 53 9
11 70 9
16 80 25
6 69 11
25 33 18
3 33 2
16 29 5
11 40 11
27 66 25
7 65 12
16 34 37
30 59 37
22 76 19
25 47 6
4 80 5
26 36 34
25 41 37
16 25 21
20 69 6
2 30 1
7 70 35
10 66 5
4 1 27
25 63 13
12 52 21
19 62 15
12 59 12
5 56 21
4 17 14
15 56 29
30 13 26
30 43 20
6 31 33
9 39 12
25 16 3
8 8 22
13 48 27
8 45 34
2 23 11
16 40 1
1 37 19
25 47 24
23 54 37
1 21 16
25 19 24
23 35 1
1 70 39
9 51 5
25 80 37
24 17 37
17 21 17
17 33 22
27 15 5
10 58 40
29 55 5
3 76 23
23 42 20
29 70 10
6 5 33
9 63 40
28 18 18
25 44 21
30 50 28
24 22 5
3 80 29
6 23 10
10 8 32
14 15 12
5 66 35
14 42 7
3 3 1
7 18 4
15 51 29
24 19 37
22 24 22
17 16 6
25 46 9
28 80 26
21 68 38
4 53 31
12 76 2
15 74 11
8 39 8
26 65 19
10 66 9
11 65 38
15 24 16
2 77 1
17 82 16
13 40 25
10 52 1
12 28 8
7 14 31
17 77 13
7 50 37
25 14 7
12 37 13
22 20 6
10 17 27
22 43 7
2 33 13
21 62 1
6 7 34
13 27 7
30 38 39
12 77 15
11 16 26
23 14 40
7 62 28
4 77 7
11 66 38
9 24 13
18 66 37
9 57 23
25 2 35
26 34 37
6 58 32
29 59 3
23 22 35
30 50 8
22 43 37
21 40 32
7 78 25
21 32 28
29 78 25
2 42 9
27 14 39
6 13 33
26 53 35
28 65 34
8 83 27
23 60 39
20 48 39
2 22 18
30 34 33
16 76 34
24 44 31
5 33 35
1 84 5
16 19 15
9 33 1
22 10 8
24 59 30
1 51 16
5 21 28
26 84 8
12 19 15
16 53 20
10 19 28
24 20 27
26 1 12
27 16 5
9 82 2
21 15 4
12 17 4
2 35 31
26 5 9
10 60 18
18 2 17
30 14 1
18 7 23
18 38 20
30 41 10
25 64 6
27 34 34
27 17 34
21 63 27
6 3 30
12 69 4
27 36 21
9 79 30
13 46 27
16 76 36
1 36 11
14 73 28
21 1 40
16 32 20
24 7 23
15 71 25
28 60 28
25 24 11
3 69 30
17 36 40
18 7 13
7 70 38
19 74 13
6 12 24
30 31 10
28 11 31
21 82 40
15 78 24
16 32 24
18 38 1
22 1 38
9 22 1
22 47 24
11 14 25
18 50 31
24 3 8
11 52 31
18 10 12
24 25 12
27 61 15
21 53 12
15 73 32
1 15 23
24 37 27
23 53 29
13 83 32
28 22 33
13 22 11
2 35 2
11 57 12
16 48 31
1 35 17
19 57 18
19 49 2
6 47 26
1 4 13
22 72 14
15 15 26
16 15 21
20 30 29
9 67 36
4 79 30
18 56 33
12 46 18
26 63 28
19 76 24
7 35 27
30 10 37
10 31 28
16 50 14
21 54 1
30 72 17
14 50 24
22 60 19
10 64 37
18 16 10
5 79 19
26 34 4
24 21 33
11 57 28
14 80 2
21 76 34
1 35 32
2 65 35
24 54 35
29 46 7
6 67 24
21 19 1
22 54 36
6 42 5
11 36 14
19 33 6
17 73 13
29 15 40
17 49 23
30 57 4
29 54 19
4 23 28
29 75 9
14 60 37
16 20 37
14 56 5
30 46 22
20 6 17
11 63 12
4 48 25
5 42 39
30 45 7
26 55 13
27 25 38
5 68 17
5 62 9
20 9 28
17 2 23
5 43 27
10 16 22
22 23 22
23 64 5
5 83 18
1 47 32
7 25 34
15 50 2
4 1 33
15 73 36
29 48 22
12 14 35
21 50 33
15 66 36
17 49 9
28 46 38
4 1 23
10 52 3
30 70 23
5 8 4
7 71 7
21 10 2
10 38 38
11 34 31
3 59 30
9 68 2
20 69 20
1 70 4
5 56 39
23 24 23
30 55 3
22 75 9
17 75 24
1 53 30
22 20 11
14 22 22
18 69 29
20 33 5
9 21 36
6 41 39
23 54 39
29 63 26
14 52 24
18 54 28
29 28 3
8 60 33
4 37 12
3 1 1
2 31 8
8 11 11
