61 95 1837 4475
1746 4163 4122 4335 4439 1488 3001 1969 419 1281 4266 1827 2272 4704 3293 1702 2560 910 4788 4557 3265 909 769 590 1259 1389 1887 3658 4041 1700 2492 4867 4756 21 4596 2354 1211 4456 4609 4661 2352 2038 2348 1929 2817 3602 1947 1649 4156 120 1581 667 1505 4331 627 1495 571 2051 867 1547 3376 1814 4222 4219 2231 4001 654 1237 1906 2872 4052 2407 3856 4185 2866 2755 3145 1691 474 3284 880 920 911 2256 3830 3705 21 3677 2764 3681 1070 4577 1678 1874 3004 
72 2816 3649 4784 862 738 1932 2359 4420 2756 3379 163 4524 423 3285 1033 3350 415 637 2469 2932 2148 283 2514 512 2061 3989 3263 1929 142 1202 3860 3724 4465 2138 2708 3412 2618 4695 2193 1126 880 1339 1866 2439 3316 2105 2341 1161 2580 1444 4549 3338 1046 1765 4755 1712 273 2856 1090 1631 4407 4002 3045 4899 1619 685 754 2306 4148 3830 2094 4091 2973 2044 4302 4093 4709 1514 346 3287 4666 735 589 3129 1849 2413 3590 2799 3888 1590 3643 2022 347 3457 
1578 4000 3416 1787 961 1740 347 4002 1746 3845 2136 4255 3429 3994 4669 1674 4829 85 3117 2328 1437 3986 2605 3596 4391 4808 2761 3412 459 3644 4589 1358 406 1492 4125 3888 1908 3163 2398 1376 3572 2456 787 156 2093 3421 319 2638 3327 2232 1316 4390 39 4049 4199 1255 1211 909 3948 464 1241 2758 3555 4448 1693 3212 3801 2168 763 2772 2720 3544 852 3212 3456 4629 3816 2104 1447 3759 4683 103 3908 3292 1057 3378 2986 3998 2267 3462 3054 1241 3306 786 1528 
2397 1529 2394 767 358 1466 36 69 1683 1365 1537 993 2447 2903 925 3230 4325 519 2760 2549 3584 2708 839 4253 3417 2744 3688 908 451 4355 278 1346 904 3471 2132 24 4177 4527 2544 1359 2735 3260 1626 109 4498 275 946 4293 523 1440 4674 2069 4698 4329 2010 2601 4430 2929 1172 1870 3997 1770 2099 1016 2116 3900 4759 3284 1301 2958 2674 208 4013 1548 4909 240 2328 931 3666 1487 3226 953 2666 3772 3574 466 3821 2763 2952 3061 288 3549 1286 2939 3849 
1357 980 3115 2455 222 1348 3921 4495 819 3329 721 4642 1034 2312 2831 2697 592 3100 4324 4281 4654 3413 695 4908 2432 3980 4319 2951 2461 2461 2494 4403 168 2418 2939 3377 167 3597 2610 2885 3868 549 4095 1317 1268 2252 1703 1168 3748 644 4746 3078 2751 4054 1656 2505 826 1720 1223 2589 902 3361 4892 4778 2318 524 660 216 1302 221 1455 3082 3436 376 4378 4599 3883 3495 1979 954 3009 3152 4840 4151 3703 3376 4420 345 3573 124 4669 3846 351 704 4107 
420 1667 3086 3791 3680 300 361 1143 2252 4749 1652 4864 2192 2651 4681 4455 2931 4522 3297 183 1874 4054 4824 3681 3103 4319 357 2479 4308 995 3595 3752 4127 3401 3439 1959 3701 3182 1507 2677 1692 3959 2593 2653 3425 4363 1613 72 3551 32 3044 3256 2969 271 1662 2672 2253 1868 4195 4489 1949 2481 2158 4125 1584 3504 2537 3717 463 3096 1315 853 648 3437 2336 2491 766 3239 3052 4128 2449 3310 4485 17 1800 3890 1651 4801 2350 3840 3938 651 3815 990 1096 
281 1232 3749 2853 1079 2366 3431 851 3461 1164 3797 3727 2442 1159 674 3639 3512 1470 4511 1903 802 992 3981 3950 1620 4445 2157 2952 3662 1616 2242 575 931 2058 3416 3499 3884 699 2941 4149 2712 4355 2047 2624 379 4688 1696 2140 3160 23 4148 4454 4251 3879 4351 1742 1216 515 3653 3142 4625 2455 1422 2830 4461 1814 2030 1481 1884 4354 1712 4304 1795 3000 758 2925 1703 4064 2855 1319 243 1460 4200 1286 1656 3267 3156 787 3923 3425 3111 3438 3428 1980 3526 
400 676 1552 3331 3968 1556 2253 3435 186 3451 4773 3764 3424 3788 39 940 4129 3673 1079 442 1365 2135 835 3152 4901 3764 4616 1624 4420 1146 2856 843 4785 3179 1597 866 2594 435 507 4220 4580 4676 2781 3285 593 1247 3343 2916 1337 939 4753 497 1046 235 3246 3562 2655 917 1607 1677 4352 3478 170 655 2830 4562 3634 4004 2879 1883 1998 2229 4551 2453 1243 2578 2384 2228 3547 2787 4470 4565 4683 3917 1854 3552 4801 2972 4303 705 2240 3463 1359 901 2350 
262 2535 1426 4226 1480 981 1672 1885 3627 1431 700 3184 605 4065 1831 2854 3786 1582 1796 477 3085 98 2787 701 3450 1534 4011 729 2414 1713 3948 4323 2433 1684 1034 4252 4560 868 296 3934 371 3037 3748 4259 2434 4467 850 2107 2589 2454 3503 1854 48 2205 1813 1542 1194 1952 3818 3955 2666 4851 1318 1086 2684 1808 4678 4877 3235 3317 1810 3778 3115 2405 1248 2498 1463 3871 1244 2729 4152 1712 1222 3173 70 2083 4882 38 2896 1071 2575 168 2340 4322 2504 
2504 2278 3766 2076 4741 2036 1040 4092 2797 1842 1864 3295 4382 2065 3110 2831 89 3476 1973 3810 3284 1510 3809 143 2663 4145 4551 1386 2428 4556 4652 3250 344 2851 4551 1294 3278 3175 4429 128 3625 1224 4016 3282 2738 4264 3899 1203 2585 2896 3919 1829 2112 1627 1435 3199 3719 3340 2642 228 158 266 235 1234 216 2266 231 1094 350 718 4834 128 1981 3300 3954 780 4860 4333 592 1573 2961 1194 2488 1757 3352 3610 4132 3876 4731 2139 4668 4289 138 1318 4453 
3171 856 1485 4796 3702 2021 466 2759 959 4228 1189 2305 1135 3060 1516 2562 4440 4743 3540 3898 2620 3708 334 3745 2424 768 2228 1222 2135 104 1240 1620 3743 4021 2873 1653 4311 3044 1884 2989 911 2051 3418 4790 1603 339 1075 3902 2286 901 3251 4692 3254 2937 3436 2383 2842 2285 3315 1099 3897 2794 948 3045 60 1117 4824 4124 1393 4880 835 1134 982 2268 682 3414 3198 2981 3868 3362 1992 2741 3984 1409 985 436 121 2029 2530 4295 2354 846 2290 1798 1388 
1430 2437 251 2512 4487 3357 634 3347 808 2490 3957 2425 2983 4171 4581 2040 1000 4383 1412 3951 1479 1341 2837 4290 276 2760 859 3782 4537 3454 2950 2288 4883 2300 603 4568 2632 2110 426 1410 2625 1011 1319 1150 4742 4514 689 452 960 4595 4151 950 1045 4486 3445 1100 1991 779 808 1597 677 215 2833 2153 3564 119 2328 1978 1640 1760 4080 3888 4224 1142 2454 1648 1039 1886 4682 128 785 3470 3140 3539 3207 2677 2084 534 2798 2729 589 1851 4032 478 2819 
4368 1252 261 2983 1916 4598 4436 4440 65 1519 3088 369 2459 617 3467 1163 2524 1537 573 4396 4217 3196 3452 1678 4015 3191 3502 2429 2267 674 2942 4723 37 4035 2175 75 3986 2828 2235 1714 2806 970 270 4012 3053 1225 4736 3483 334 4462 3136 3987 2842 4165 134 1157 1628 4273 2114 4334 2486 2064 3442 2791 1046 433 2595 4640 2207 4548 4691 4335 4757 3684 2669 1927 2435 2659 3774 4686 3803 3962 1927 4664 1867 4815 2368 4282 4878 4710 3600 1108 838 2352 2511 
1412 842 1534 3870 2138 2910 1052 3776 1655 4352 537 2585 637 3882 1430 2089 3186 4586 1405 2243 4329 2805 2937 4182 302 2271 3828 2543 1293 2137 604 4372 4648 151 3969 3924 2784 4663 2720 3818 1562 3666 2828 423 547 1299 1347 1773 261 4513 555 2228 422 3921 185 2266 4628 4312 1014 2125 1243 2197 4652 2455 2097 4508 3098 2134 4894 3926 2754 3648 721 2572 646 2305 2482 1100 838 3878 3675 1490 4225 1818 432 4039 3171 785 2743 1542 1261 95 4516 2984 1878 
434 78 3420 2531 1535 3565 1926 930 4472 137 3939 873 4211 738 1215 1084 3118 3128 1122 2359 3107 4236 2686 1284 2713 3124 2187 2322 477 3292 4479 4706 195 139 4655 371 2455 572 2955 4089 4272 2349 447 2709 1838 1867 727 687 3398 825 163 534 2143 2363 1453 4540 2390 3201 2441 2702 1989 220 2677 4237 825 3293 1144 1181 2265 794 4102 3339 3217 47 1828 3818 1688 582 925 1361 266 4078 585 696 1544 4882 1687 4249 3807 633 2067 1068 2394 2087 3508 
3500 3727 778 2825 4676 1268 67 898 1490 522 208 4534 2800 3980 991 2687 140 3791 4423 381 2710 4745 2912 3402 3513 915 910 1629 1784 4076 10 3678 2923 4264 342 1100 541 4896 3655 3999 2515 2310 470 1830 2899 1487 4750 192 2425 3867 2070 283 2242 1661 4864 517 4844 3261 1686 946 2073 1238 4756 2141 1743 4217 4752 3122 3674 2648 1855 3181 2230 1314 1015 4908 2216 4099 449 345 1944 440 2178 1916 4565 4588 402 1823 3914 4044 2828 3669 4904 2630 4889 
2997 628 982 1329 3603 2456 2142 720 1170 4703 1896 2991 1532 4764 910 3217 4241 1144 659 2547 2265 386 2012 4031 4169 4122 3301 3000 3489 3703 1592 4533 4906 631 2485 1710 1952 1337 698 109 4592 690 2195 3250 4101 3342 1930 2450 4545 3404 2557 2143 4077 1708 1862 1910 1178 2994 2914 2359 965 2591 1238 3575 1538 3366 4116 4428 1035 962 2243 2367 1451 1189 1997 115 945 2831 2622 3875 3699 1574 4453 1048 2985 501 2473 2790 2983 4297 2849 1591 1977 3541 1646 
3575 2842 2613 1202 2829 2262 4006 1142 2618 3527 3627 2033 373 1940 622 3564 4227 3956 2041 878 1626 353 2113 3977 1977 3293 1993 3509 2162 2707 4571 2990 218 3638 1638 2694 3999 1895 2649 1555 4796 1805 3364 4500 2987 2051 2559 1938 1455 3535 1019 4229 1128 2649 1102 1330 422 1583 4602 4420 2894 342 4049 88 1479 2442 2355 1980 4829 3285 1562 3714 4595 1524 1533 110 3641 4895 919 3839 1258 3808 1262 3949 207 2447 2385 3048 528 2002 2006 4145 2672 106 1333 
2673 2917 1906 595 2829 3600 933 2929 1237 3042 4557 4292 455 503 3439 2609 3515 337 3002 605 424 2872 4748 4422 2178 3198 3719 2062 1410 4373 3910 3534 2999 3396 691 2210 2456 2990 76 2489 4149 1699 2809 3709 3012 1219 1112 4686 3029 279 936 1325 918 2954 626 3221 2391 1186 2282 4752 2368 415 237 4096 3458 2429 1264 1203 310 4509 3196 1501 4346 3991 2244 3973 1458 1727 4748 512 3744 3065 76 1138 2021 1209 905 2467 1201 3096 2008 2052 4583 3641 4242 
1814 1337 3647 4211 3178 3192 4163 2656 340 1073 3050 4035 4724 2120 600 4057 1825 3938 2900 2918 104 2728 4037 2455 380 3809 4687 198 3532 1839 1019 1082 1469 4189 4792 3790 1015 2192 4034 3963 3114 3128 198 1644 313 2445 4809 1308 3236 2538 3770 798 3875 4042 3831 4714 2290 3870 615 1974 4370 4871 1673 3174 986 2333 3640 4295 775 4758 593 1251 3905 2895 142 3619 4784 97 2418 3057 1858 4087 3922 3119 3653 4904 4647 2938 149 4687 2296 2043 3604 4527 2835 
868 4325 1380 239 3355 4727 4284 3632 2991 3637 603 2502 3726 4584 3281 197 3279 3449 426 1176 4114 1486 4240 105 2276 2253 2431 3092 1987 3998 4754 1124 2558 1287 2080 384 953 498 4828 2528 132 3672 398 4360 1291 695 3085 3665 2041 391 2609 4350 4725 2476 4246 1508 3663 505 4881 3524 4277 3341 2900 150 2507 2459 1000 708 4769 453 2946 2323 4053 622 2761 4038 3186 2993 955 3256 892 4786 539 1823 1415 3323 185 3492 748 2591 2396 3414 2609 1667 657 
4643 3803 1864 2221 4405 2452 3892 166 2239 2458 1997 3028 1196 2525 1332 3090 907 4378 4380 2233 4811 694 1687 819 4796 2537 1684 3806 142 2870 4801 1513 1104 3339 4559 866 3867 3714 4583 1972 4806 4678 3869 952 3058 2690 1550 1365 3580 3189 3013 805 3678 580 1881 1059 860 3374 1280 33 2839 1226 4628 4541 3387 2515 1537 2145 3762 352 4411 3321 1731 14 4068 1683 2464 3385 3903 4476 3298 2621 3494 1482 3867 2685 2182 4844 2150 3132 2045 2431 3697 2639 4691 
4302 1502 4470 4669 2434 1221 991 3755 4785 175 592 1895 3274 1243 2611 2326 1712 2513 3268 1497 838 4255 1015 2970 244 4701 4136 4603 3958 4409 1398 2912 1788 4742 2737 4463 972 1562 3355 2890 515 1266 2153 3970 110 516 4767 4513 1452 1496 2543 286 1558 1235 1408 1398 4387 1093 4419 3736 367 4628 2093 34 1873 2737 517 2554 2988 932 2060 4616 1729 4334 4861 1895 2266 2020 575 4227 2289 1657 2316 2165 3927 3825 2990 1975 1813 2446 1986 3416 2825 1463 2593 
4397 2200 1232 1790 1309 4447 4477 2536 3406 2633 2570 1038 151 2187 858 2135 3833 4569 281 3083 1151 3437 998 459 3884 1652 2844 317 3659 2758 4882 2770 3631 2891 296 3641 4468 2531 1635 1875 288 1455 4413 3328 1111 1397 3977 797 3755 3572 1196 4257 1375 4329 3738 2289 4222 2924 3781 390 3309 1616 457 4630 1277 2780 3140 4515 4307 2431 1458 292 4245 3116 2255 579 1088 4122 864 4665 2962 3503 2165 784 2401 54 124 1164 2464 270 634 3727 4037 2670 1527 
3881 732 1773 1683 3897 4319 877 552 4032 539 3515 1183 3156 2297 2357 4078 3823 673 3313 3104 587 480 3959 4734 4439 1249 705 4662 1970 877 4030 4580 2319 222 4432 2521 3213 3930 287 1251 78 3568 4450 4833 1276 1552 1338 2794 484 4195 3350 817 4032 821 2801 1478 2118 3501 2391 2524 1975 3378 2687 4672 1846 3697 281 234 3066 4033 4541 1608 705 3140 353 2475 2968 4683 2151 882 1171 3675 3427 4567 4219 1693 4581 358 4661 965 4047 331 3141 4084 4681 
2262 4604 3549 4144 916 1684 3950 1279 1314 1046 176 558 1427 4660 2976 265 2308 312 1988 2118 3867 3201 4243 4310 2343 3623 3169 872 317 452 2142 2195 1478 4541 3763 4604 2828 4403 4519 4228 3945 1589 4437 3792 1889 2188 4744 4884 2655 4272 1746 2184 1194 22 3952 4896 4681 2104 3920 1298 3233 3455 3628 877 4701 4700 184 1884 2773 70 2607 3653 830 2493 4076 3289 2397 3034 4416 731 1480 2701 3325 2514 1831 4488 2905 51 2529 2336 2911 870 2177 2556 3507 
4278 3479 1431 1213 2859 3706 2372 1540 1326 243 4038 115 2929 1615 581 1860 4153 1185 4810 4132 1100 35 3158 3689 2536 1610 4288 4068 1448 2131 242 3107 4422 68 4134 729 2588 3957 4193 3174 2634 3925 3392 2947 308 1343 3509 3321 2853 2219 3376 3980 4135 724 59 4521 116 2694 602 408 2233 1542 4331 4331 3003 792 2318 1235 1374 2387 1790 1173 96 4428 2409 664 423 949 2694 3990 4643 4403 3664 1904 2029 3196 4730 493 953 2007 2145 4234 1823 4517 2846 
182 4398 831 2491 3928 3449 4768 598 24 2216 3283 1942 2106 1190 2831 3052 1196 4128 4579 4579 3987 562 772 1887 746 1814 2659 1098 147 1489 4843 3810 822 117 4536 2576 4894 2183 1983 2664 975 4760 995 2299 2742 4685 4403 2695 3927 4511 391 645 3024 4250 1256 717 2772 1611 2803 3857 2182 4776 636 2771 2049 3463 2864 1847 2331 814 3358 194 3893 2451 2962 4901 770 208 1103 2720 4369 1422 178 4803 3502 947 4532 2092 2237 1460 4619 1473 4381 3636 414 
551 4004 2133 1046 2294 93 113 2614 4637 552 1897 2119 488 4644 2472 428 3517 4575 2278 4705 3840 3710 1561 978 1314 4028 1072 15 102 1174 75 995 2618 1699 233 3368 1414 2662 1966 3845 3490 3447 1439 2008 2631 2626 2823 2894 2306 256 2761 4812 3239 3570 2605 507 1882 228 1265 1664 3691 4101 4535 915 83 1276 2722 4090 919 1543 4380 4623 1624 2324 1628 1871 4081 2166 75 3823 1697 104 3724 4787 4654 3900 3867 4031 1079 3214 2795 1759 2787 943 1196 
381 926 3185 1081 4082 1981 2083 2622 4827 142 348 2221 2570 2938 1897 3178 1249 4775 2227 4823 2870 4212 1992 2806 658 1296 1585 1527 593 3768 4296 2701 2440 3643 1287 4306 4185 1691 2522 1374 1994 956 2486 410 3934 644 4071 808 156 1614 1224 4273 2378 1843 3124 4874 402 2967 604 4418 2069 498 3352 3212 677 1517 2788 2524 4702 552 3659 3619 2601 2790 219 67 3322 1209 3703 784 3236 1108 1372 4728 4453 2026 3889 763 4426 3641 178 2626 628 1113 222 
1288 2438 2819 392 443 1210 1389 150 751 265 3316 1579 2625 322 1849 3454 2104 2875 334 1646 787 2040 1066 1261 3676 1010 3172 3456 4653 3710 2130 3367 4386 4277 3230 4483 3012 1197 4590 2426 3106 4176 2499 3610 4071 2670 4460 330 2515 3763 4140 1564 2027 4486 99 2868 4524 1941 335 2148 2105 1532 2973 2668 288 2928 3589 3028 2323 2725 4568 1045 3126 147 2284 355 2973 3991 3812 3010 2400 2628 1849 3349 3355 4566 4615 4210 1847 1727 471 2280 378 1796 2137 
4514 3258 2602 4365 1106 21 3720 2152 855 3437 1093 2598 1864 4834 1972 1470 1396 95 3495 4002 628 694 635 710 1387 3562 1742 4748 2166 1571 1922 4367 4418 3415 3912 1360 2868 1556 2683 3500 2496 2063 735 3478 538 3160 3055 1335 1094 3131 4774 1915 2645 2985 399 1162 156 533 1288 661 1004 3323 1702 4567 53 640 3815 2225 4514 1844 628 638 4717 3358 2031 3526 2381 964 3855 1522 313 1493 2267 1963 906 1319 1423 4534 1721 168 4590 2741 3804 3778 2486 
2332 620 499 1692 114 3198 1564 4248 2220 3023 764 2728 4490 695 4089 3205 2147 2294 919 3204 2296 746 2994 2247 4498 4433 2441 4510 1401 3035 2866 2685 3005 3137 1602 1737 2454 2258 178 898 1823 4249 4898 1736 2366 4885 1059 727 4550 4459 3508 2302 169 222 3094 45 388 1830 1639 1787 1205 700 4821 4302 361 4252 3774 1886 2144 2974 4871 3412 1357 3149 4259 1841 4231 1900 2952 1522 1942 3491 4265 3151 505 4529 1397 4195 4073 1490 4031 1006 1554 2232 2317 
1093 4613 3483 2765 3562 3878 2443 1521 3039 1404 4323 662 3824 2191 2190 1201 2494 671 1636 3564 1624 1182 2445 906 2083 3965 1020 2667 2887 3108 1822 1028 2245 3045 2784 872 3046 2695 2491 392 2007 2582 1259 1800 1824 2469 3598 119 4393 3522 4428 1239 4810 4041 2799 2702 4527 3737 4459 2402 2703 725 3265 1317 3386 271 2433 4095 3675 2948 198 4654 3210 3237 706 322 4406 1801 564 1647 580 4032 42 1699 2176 2624 3560 2028 4226 3480 713 2036 4617 2128 2835 
747 2913 913 3047 912 4766 4207 4152 4626 1122 3249 4169 3148 2975 4271 4371 1131 1327 1639 3573 669 1651 533 1359 295 4037 1680 2017 2192 2953 3701 2783 2721 4851 3315 3922 1085 1564 3078 2936 2642 3334 4179 429 3202 197 165 897 3918 533 3348 4534 2555 3236 1616 2229 3609 2377 3312 310 4606 3886 1800 1563 1840 3335 4271 2598 2188 1108 1153 3426 4846 4320 828 3391 1368 458 4845 2707 3987 2470 2131 3786 4735 3237 1378 4174 2934 4346 4674 3254 2858 4255 397 
4881 4793 2615 83 545 1455 138 4385 1726 4414 4519 3429 2952 277 1537 862 4363 2992 751 643 2691 2671 4628 4118 560 4466 4678 3936 2858 3707 1008 351 3663 3469 3989 3546 283 3964 3409 4083 4321 290 1253 2256 400 4215 2215 3777 2661 1139 2623 1868 3286 1156 4136 2085 4335 2441 1318 3114 4140 674 1864 4592 2263 3195 3760 3351 3717 2636 4043 3235 1455 2462 464 2068 931 656 1301 1821 3391 3989 589 989 4786 2272 146 4870 4870 2170 419 1473 1113 2729 2911 
45 3780 3194 2218 3123 1906 3564 4300 4859 543 4149 276 3869 2498 1825 2786 4573 4823 1079 4053 2987 1313 4385 1841 1412 4426 189 2973 4855 2987 519 1713 4468 1511 2777 4045 2874 347 3564 3276 1575 1994 4226 284 2599 580 4177 2621 4662 2023 4571 3583 2252 445 2358 360 1635 1951 4844 2457 1926 2810 2412 1857 1821 1021 3855 348 1289 1395 3258 523 702 769 1462 2266 746 3979 3010 1221 4402 2184 930 112 2637 3797 3693 4882 908 2590 4194 3309 457 1218 3168 
4021 1357 4247 4871 914 4130 2597 1770 901 1581 3862 4690 2321 3588 2840 3397 2496 4438 1989 1823 1056 4425 3518 1797 1538 4534 3937 3746 1430 1121 2025 2838 3158 4837 4617 870 3996 4471 1163 2459 1045 3528 4905 103 3833 952 1596 2945 4299 3433 500 3140 2955 2320 4522 4368 1744 4456 3094 1707 209 1924 4128 2382 1618 4376 3002 4378 1616 3356 4549 269 1566 298 4097 3067 2258 4106 4143 281 4811 3870 3465 4050 4744 4274 3840 4216 3562 1294 70 4666 3274 3849 4443 
519 3886 1105 388 3822 796 2279 3078 4608 872 292 4859 3371 539 574 229 4759 339 4379 4358 2769 2649 2527 593 299 3282 3109 2395 402 3565 3042 2057 1598 2751 569 1578 1559 1918 1793 2574 4652 17 3874 1916 4792 1241 3269 2079 3294 3951 3096 941 3365 1003 4679 2299 390 3337 883 1563 512 3037 3805 3620 192 995 4438 511 4148 2806 1343 4328 4470 3869 1525 4900 2188 4814 2864 3843 1925 1621 2236 3245 4180 4693 2283 2999 467 1834 4035 4604 970 4186 3426 
548 1223 4909 3450 1116 4028 4026 324 992 579 3914 2609 4383 3915 4186 4677 1061 4893 2717 4105 3588 2180 3028 4369 1804 4532 2915 3652 3168 2705 2796 2730 1355 2106 4334 984 183 1636 727 359 3085 4820 1471 1679 2828 1577 170 3082 1563 4755 3498 3422 1707 3431 3834 3585 3080 1542 3841 654 2654 4007 1519 3153 1517 621 2930 3542 862 4240 193 3914 3042 4764 2747 4791 2674 4688 3404 1255 3288 3114 844 481 1722 498 171 2370 3145 2386 2905 876 3541 3963 172 
149 3549 4012 663 2673 2890 1507 1422 4324 4171 3736 402 3162 538 3066 3215 2731 2732 3183 2311 821 520 67 1980 1145 2696 4566 3662 1582 3565 2206 1965 2308 4018 106 2023 2214 3833 1083 439 1554 1847 3271 452 1936 2245 3956 1407 4197 4616 3565 3111 1442 1871 2800 352 2439 864 2217 791 3697 1106 4800 1347 2715 1374 3158 966 2655 1568 1713 1723 4480 225 1489 1389 1185 4785 1769 3173 4203 3382 3063 3510 2722 2356 4006 1619 1529 287 2246 1484 769 4708 1945 
2488 523 108 2928 1379 1429 2877 1869 1467 98 779 2501 3926 2632 3993 2952 4333 3302 218 1817 2963 1981 3039 440 3878 2811 3616 2499 3948 3458 4623 809 4675 4150 1438 3174 4471 4237 3874 4723 1456 2355 1867 2534 2376 2898 3451 3081 4297 515 1697 3657 362 2957 2744 3233 4132 3097 1440 549 1645 1542 4374 782 3640 1416 113 2573 2290 3280 1048 4724 4578 4206 4422 1785 1743 2676 125 4381 654 817 54 93 421 2008 2373 3034 1758 632 638 3711 3453 653 4553 
4258 3905 4382 2050 1368 1864 831 3546 4816 1751 4399 4165 2799 1745 2431 612 167 4584 4254 3678 4521 1673 46 639 91 3207 445 58 1085 1147 1442 2535 4142 2968 2335 3992 4343 1565 4628 2564 576 4185 1182 4643 272 1667 4219 4325 4615 3596 1179 235 4360 403 989 828 1248 3417 1309 1715 520 1810 4459 3222 1979 1191 4186 3788 514 3003 4888 775 4772 3359 1932 2099 1479 1527 38 2597 454 3891 3016 4311 2605 700 1637 4087 3469 2761 3545 3623 3105 2668 1568 
1613 2810 3135 3696 2106 2854 4541 1550 3776 4553 831 4618 954 3824 4474 602 3514 584 452 751 3386 1819 1236 2386 3933 3092 714 3340 3643 3380 1454 2880 891 1455 507 4728 462 1040 936 3342 2964 3160 67 78 1129 3023 816 1635 4064 3120 2253 3045 3029 4035 2869 4444 1591 1397 549 2988 4561 585 3084 1217 2346 4319 435 3625 481 3623 3804 3574 3733 4064 4402 33 1278 2502 2260 398 2722 1563 4801 2069 4717 2096 2772 3399 2955 1611 555 2764 794 1317 3076 
1491 1414 3418 1069 2205 4380 3024 4513 1251 999 1230 1516 2611 3258 4427 3891 3638 3455 1088 3096 4274 4483 1609 4487 3589 2075 2231 1183 3819 611 3823 1579 2323 4550 643 2706 2396 1974 559 2000 3821 47 4899 3045 3212 3115 1959 1263 2456 1350 1766 921 3575 2585 32 4704 4309 167 1372 3611 2498 587 3119 3935 3373 3212 3834 543 2081 3014 3282 2408 1735 4309 4905 2113 1689 2899 2125 3826 2311 3770 2610 1753 4768 4603 1283 862 1943 1352 2347 4646 584 484 2225 
2864 4101 2989 4488 3149 1977 2140 2457 355 3045 4359 3811 685 952 4107 929 573 337 3736 1936 903 4066 4159 2174 4882 3113 4713 859 2633 2074 4648 133 1072 3756 33 792 3167 3934 3867 2258 627 618 2439 2270 3851 1902 2342 3776 409 3098 3528 3864 3380 264 1164 4567 4217 4765 2488 2832 4609 1366 137 597 790 2582 2837 2279 3140 664 4695 684 1889 4277 3907 313 634 4493 2807 3022 253 1456 320 1534 3773 2228 1689 4265 2530 4868 3973 4258 367 2086 4677 
2548 4330 4260 1320 1403 3361 991 937 1114 1230 670 110 4762 4819 208 2716 858 3356 571 2433 745 1672 3309 4356 713 2803 4547 1867 1673 1448 2828 3133 1535 1169 4860 848 254 748 2427 2684 571 4828 2561 1486 3567 3914 70 4338 4008 4551 2124 2713 730 3599 1080 2667 3037 1458 1633 3528 3855 2968 3727 2816 2190 364 2635 3575 4182 3647 4173 4882 3724 642 1346 3286 165 2424 175 4758 59 1226 2466 2141 648 1678 3602 3243 3003 3318 148 4660 649 555 4452 
1807 2519 482 4128 815 1956 3752 1748 3746 3806 926 4097 1521 72 2668 2346 1566 3612 618 1788 359 2397 2515 2612 1198 3099 3481 1405 3427 1620 3621 3429 2612 3914 4862 2104 928 1043 3163 2434 4588 3962 2672 3226 339 3593 1502 1719 4676 764 3838 4725 2126 4866 3418 1837 835 1744 4724 1240 1086 2421 857 3182 2535 2798 3800 3720 4542 417 3453 2761 1479 621 3176 1281 1024 4658 2980 52 360 2606 920 2572 501 4297 4130 2430 3262 4227 1833 3165 3852 1400 450 
2207 4883 3088 2058 1099 596 3788 878 1501 2232 2393 2127 2658 2017 687 2835 652 4717 1951 1387 838 444 780 195 4340 147 558 1456 3347 1481 2721 2931 2763 1994 486 3499 1953 2807 4656 2393 4096 708 1187 27 1647 169 3675 3585 4536 761 4792 2357 3915 4449 1073 2047 3993 2980 3358 3982 1314 984 1113 4640 296 3587 2292 1846 2606 4059 1998 3708 3813 4250 3362 2728 1097 3009 3504 1466 2913 4133 4176 1958 981 4298 3045 1417 3012 72 3667 1344 2085 2762 2147 
2422 3480 2636 4348 2071 1465 626 2466 2866 3316 3545 3298 2700 2907 3049 1083 3989 293 2646 4305 4179 2116 3443 942 2678 3453 2979 1478 548 4819 2468 4533 4446 1593 1280 3502 3800 3901 2913 4225 334 3168 2501 2290 724 4645 2306 3507 4618 4516 4843 1767 442 2158 1408 1685 1505 4269 1041 3194 4326 2503 3893 3247 3052 1704 3644 1496 649 3860 3323 1605 339 1358 361 4170 4303 2288 3749 845 2782 3313 1593 2290 1398 4570 3921 3183 3961 3898 461 714 2816 2447 3679 
3682 2715 3399 92 284 386 998 4148 782 3613 3855 4433 2357 2810 3993 3974 2954 603 887 2401 4414 1353 2442 4870 3281 2714 4081 892 743 764 3923 1753 2718 243 4124 1705 3473 2212 4342 2591 2385 1367 2078 4849 2425 2647 981 1805 4015 855 1820 4349 4002 2709 4812 3783 127 3472 194 2665 1424 1853 1511 3188 425 496 857 2482 4284 4677 2880 1504 30 4796 602 4449 1801 4843 3361 3215 2194 1245 1105 1462 4860 2442 515 29 3565 3648 2217 532 4497 4059 4383 
1695 3188 3928 2798 1570 4149 109 1063 1759 4568 2303 1985 888 85 3463 3671 2976 931 4618 4808 194 1195 4298 1657 2955 3653 1645 3020 3135 4185 1126 2906 3528 3556 260 1195 2213 3119 4575 1648 741 975 1247 2613 4272 799 4854 440 1833 1650 990 2945 1847 491 2814 110 4037 4106 2472 1779 4706 1803 4870 174 3621 514 2570 4084 2127 1310 868 4456 1862 4451 2320 4485 2112 4560 4012 3386 403 2601 4709 2391 908 3510 2867 3639 4160 3069 83 4114 2083 1990 110 
656 2155 1388 4215 3665 4709 1565 317 1458 806 154 4551 3708 3912 3469 1369 629 4100 3817 4626 2214 4210 225 1243 4648 2925 4505 134 3850 3161 370 3722 83 2739 467 673 3689 2058 3547 2918 2484 2398 1757 1725 4725 3673 1241 1210 635 4781 3502 3715 4533 2332 1266 3740 4054 3878 1414 4778 312 2258 1833 2414 1048 2022 2950 2817 3985 3329 3952 2799 3361 4394 3427 4537 1466 2429 249 1518 1881 2823 547 1095 2097 1001 2006 4286 2084 1366 4381 3573 2130 814 851 
4432 435 134 1125 2403 902 610 2850 4699 4272 2101 1631 270 3826 2606 4492 4635 2948 1020 3162 4689 1397 4741 1754 4487 99 2915 2740 4824 2886 4809 2202 4288 2577 2539 768 2492 3679 4626 1451 2486 4844 4018 3468 1890 1663 3603 4196 4657 4037 4608 4443 1009 2894 1732 4593 102 3643 3838 467 4442 2075 3812 3739 2614 4230 3531 4666 98 3040 3261 1095 2983 456 4605 1924 376 3530 3500 834 547 4815 2913 3256 4559 2081 3804 1824 3035 2213 2266 4305 134 2791 251 
4868 2742 383 337 2266 4349 4716 4616 3467 2032 4274 2373 1354 1567 3117 1993 3973 679 3474 1226 1849 669 1562 4346 4650 864 4161 697 3297 1917 843 705 1558 3604 1085 3562 4653 1989 487 2881 2237 982 1915 4506 88 541 838 4555 4845 4103 1931 4901 4693 2250 4760 1151 4576 884 4217 3883 3465 4654 4497 3532 2177 3663 497 4740 2348 2494 4154 4243 427 4793 432 3301 3659 1313 2123 3311 142 2634 2439 4679 3840 4877 1054 878 3637 1879 1231 3233 4897 1018 1532 
2406 450 1168 1076 3931 2731 1114 533 104 4499 1773 121 2834 64 3460 2250 3255 2341 3772 533 2437 4711 1896 1128 241 1752 1423 2455 1641 4566 580 1037 897 3543 529 4676 4225 94 1947 3477 344 73 3341 1860 2756 4841 4676 1796 679 2250 939 3694 3864 4110 753 62 2724 4902 4399 4535 344 376 1122 2919 3758 2570 323 4878 2581 812 3029 2418 4088 2365 1707 970 2911 4475 4539 3710 2031 1376 3750 2243 2556 3762 1356 435 2223 229 3347 237 1701 1329 373 
2945 4555 3132 2124 146 1489 747 2258 3239 1115 53 2285 1899 4273 3933 4623 1815 4801 1425 899 255 4543 571 152 2358 2206 970 4138 1093 3397 4617 4078 3903 3903 3171 951 3304 2256 3069 4532 1768 3882 3267 3427 4731 1323 1915 11 4839 4127 4824 2678 3605 136 2610 334 4532 1807 4403 3871 2476 3676 3345 977 3494 4444 1459 1455 3244 4417 3008 723 2601 2377 4608 1881 2728 131 1638 1457 2859 627 1764 1419 4332 703 2233 3675 1631 2736 32 4292 3797 2895 369 
2725 3044 2140 2401 1013 1349 1471 3227 1771 4843 3496 181 4382 682 3382 3240 4852 3582 4562 2575 1756 531 3165 4312 3585 2508 2724 3485 1945 529 1401 3767 1728 2743 3296 2475 3467 155 2344 1022 499 3777 3043 2067 1252 208 1517 2313 1130 1247 2016 2723 3121 2771 4724 1801 3891 629 4883 3442 4046 1956 3542 3933 3705 3006 3601 2389 4667 3026 174 1248 3264 3567 3060 3011 44 950 4296 4358 2094 647 703 2926 3057 2537 4108 1520 4543 4532 3798 2890 1474 1142 3292 
895 2677 2169 2703 862 3758 358 1124 1070 4018 1768 978 1135 1599 3019 95 1265 3762 3184 3504 1108 1761 694 4047 2167 3249 904 2239 2799 1798 35 509 3458 1281 294 406 4337 980 1110 516 432 3712 4479 4493 1384 1827 855 4626 2922 4846 3944 2823 267 2948 2885 272 2960 3227 2194 4604 1727 4725 1484 3715 172 2904 4215 3885 3615 1596 1860 4294 3963 1506 3508 3571 3485 4521 2806 3072 1440 1952 4698 671 2869 1243 1440 1137 3695 2592 2345 1782 1545 3270 2495 
4701 128 152 4398 1837 712 1449 1180 2711 4498 1919 3768 2471 941 1093 2948 1262 316 705 3628 573 1575 198 2625 4370 1132 4559 2348 1342 4592 854 3394 3354 1472 3730 2029 3551 2644 3135 543 4039 2128 3595 2900 3999 846 530 3113 4560 711 3598 979 704 585 2132 1204 4447 1314 4376 2726 146 2252 226 3535 4319 355 3965 3031 800 1735 4013 1554 905 4877 4001 1514 4787 825 1780 1853 2882 3652 3971 1036 2943 3907 4100 334 1189 3696 1982 2145 2295 3955 3411 
3116 173 1092 2136 3501 4467 1254 128 4400 1557 1201 442 4862 1591 1498 1663 4227 1042 3672 810 624 3562 4858 4877 3280 4687 1212 1186 2142 3984 3711 3084 1331 4832 3067 3838 873 3989 3071 1169 2635 3544 2308 2108 1230 3721 573 4006 3408 1318 3256 69 3334 4730 1283 3383 1458 2254 1162 275 3283 4100 1754 4563 643 4881 3541 3776 1407 1525 1443 2544 3678 2930 2416 4142 363 2593 2859 601 2720 1943 4028 2527 675 2746 2203 3218 2901 91 3223 3447 2549 1332 2927 
1 47 3
21 23 36
40 48 23
19 90 32
26 86 11
26 46 38
21 77 22
42 38 12
45 60 21
39 77 15
28 30 23
50 48 33
21 45 18
12 49 39
4 88 24
4 26 27
40 15 8
16 65 7
10 22 18
18 40 23
42 46 13
25 83 16
45 17 9
23 17 17
2 29 38
9 47 6
4 37 33
36 71 26
36 79 22
37 31 30
8 26 12
25 38 8
16 4 18
57 77 15
28 7 20
2 37 11
45 11 5
49 52 8
18 52 16
38 2 39
16 24 14
35 58 10
24 7 31
26 63 31
10 38 4
57 64 12
4 75 16
12 93 24
25 15 19
15 44 23
33 60 18
20 90 5
18 38 30
33 23 17
42 52 25
39 49 38
32 47 32
26 12 13
32 28 15
5 45 8
37 27 32
37 69 39
58 21 18
43 55 13
33 54 25
50 56 33
37 42 6
8 27 23
42 61 17
19 72 2
35 9 7
8 34 28
33 21 31
18 61 19
52 60 1
8 43 13
30 57 27
13 11 40
1 20 28
29 91 31
24 17 31
4 51 6
28 75 26
58 61 12
26 86 33
8 23 4
36 60 31
31 48 10
9 59 11
11 36 13
14 89 35
27 60 6
6 53 31
35 24 4
32 45 29
8 51 24
2 54 10
36 33 36
9 6 29
59 58 18
6 14 6
44 20 24
40 81 1
25 41 13
41 61 1
25 71 31
1 17 25
30 21 13
18 21 13
11 26 18
31 67 21
8 15 18
48 35 25
23 63 20
35 84 34
31 58 11
9 36 5
53 23 16
8 88 29
36 55 33
27 76 6
29 47 17
3 82 17
6 19 21
12 36 31
24 18 8
14 26 8
55 18 8
48 47 25
21 78 22
29 87 25
58 52 40
56 12 34
37 53 15
7 24 4
3 81 19
59 75 38
34 44 17
37 82 37
17 83 14
30 93 2
23 70 19
8 68 3
52 22 22
13 5 6
31 34 12
15 28 27
29 3 6
42 80 29
22 3 34
40 85 30
42 46 20
23 37 4
59 80 9
1 61 23
33 60 1
47 78 1
43 47 35
10 12 33
36 90 1
7 93 6
47 62 24
15 62 1
38 41 34
43 52 36
6 15 13
12 44 17
19 62 22
32 93 39
16 19 26
22 75 9
15 29 13
41 59 4
30 54 14
7 19 22
13 56 19
20 49 24
7 31 33
55 17 32
15 69 30
28 40 5
20 50 9
32 51 34
53 67 38
17 49 12
16 71 32
4 31 30
9 5 14
39 39 34
27 65 31
30 17 5
50 52 36
39 26 17
27 38 30
23 70 26
2 12 5
57 64 40
5 22 8
32 64 36
11 13 31
42 85 9
51 62 15
14 88 1
25 78 26
55 42 37
17 77 30
30 58 20
5 64 37
2 11 26
59 30 10
50 39 13
11 25 10
4 50 17
43 62 14
13 8 10
53 92 19
10 93 11
35 45 35
4 13 1
42 29 36
56 24 3
15 11 8
16 77 6
44 70 11
15 78 7
14 86 27
28 93 37
16 52 5
59 11 37
44 38 39
14 45 14
3 16 19
21 93 3
59 51 5
5 44 10
27 26 15
53 26 10
49 42 5
27 23 20
34 42 8
34 40 7
19 93 20
4 66 21
42 86 17
47 69 27
35 43 13
8 6 16
44 17 38
23 34 34
52 56 23
8 36 7
36 59 23
54 60 35
30 29 8
8 47 24
13 60 34
45 28 29
11 93 13
19 26 11
30 52 36
2 9 26
8 46 31
56 42 8
14 60 33
47 24 28
11 38 9
36 35 2
18 88 33
12 51 14
2 27 17
46 44 30
5 19 19
9 87 13
1 22 9
39 83 34
51 29 35
21 60 22
25 48 1
25 58 34
35 35 1
25 28 23
52 45 4
8 61 34
6 29 1
55 72 24
22 74 30
42 75 10
40 2 30
10 60 24
30 20 25
49 54 26
52 85 10
27 9 24
5 47 32
34 10 6
20 17 27
25 15 5
32 83 12
32 17 21
9 6 12
1 68 31
22 47 30
43 60 11
34 57 26
41 66 30
22 53 6
8 55 2
2 89 26
43 7 12
46 52 22
5 88 36
55 21 30
58 17 9
40 12 34
27 20 9
50 62 38
41 71 4
8 92 8
57 73 27
1 90 31
3 54 17
47 1 15
6 14 18
57 62 38
23 64 3
31 83 26
49 2 4
5 11 25
18 87 14
58 10 35
57 8 1
31 39 6
57 84 1
53 6 26
7 89 5
10 88 5
48 48 2
58 88 16
12 10 25
53 29 4
20 50 34
59 36 16
21 10 38
55 49 6
15 86 26
21 18 29
3 67 24
37 36 37
45 84 6
52 35 2
52 54 3
49 80 2
8 21 38
39 8 12
42 7 22
22 62 8
25 47 10
43 7 35
24 25 20
14 62 18
12 1 32
32 31 15
2 18 16
47 16 40
10 65 31
27 57 13
36 62 40
58 63 3
5 5 23
51 66 18
43 44 26
39 80 38
28 87 8
16 1 16
23 5 20
5 8 13
35 12 31
56 27 30
44 11 25
30 86 40
12 15 7
21 3 36
24 19 22
45 42 26
15 2 24
24 91 23
22 91 24
31 38 13
42 62 37
10 21 30
5 93 27
56 44 25
43 67 1
51 84 14
49 8 32
43 5 12
38 34 9
11 52 13
15 55 39
10 22 33
34 48 15
51 77 39
59 83 21
31 57 25
58 43 7
59 1 10
2 84 8
5 73 29
15 36 38
44 50 33
40 79 13
59 30 7
36 89 8
1 23 27
38 63 18
16 30 33
24 80 38
5 88 11
44 1 26
48 9 30
18 26 3
16 24 14
19 39 29
14 25 13
49 30 24
9 39 34
33 62 15
30 62 2
55 19 23
14 32 12
18 73 24
13 92 23
37 36 22
18 34 10
4 27 15
25 73 34
13 80 7
17 17 8
59 42 13
53 87 18
32 85 23
37 32 33
13 26 32
41 18 23
23 12 3
27 52 5
19 31 2
35 46 8
15 52 26
47 7 15
31 10 37
57 87 7
35 26 6
46 8 30
56 79 15
41 80 17
28 18 15
11 12 5
56 14 22
49 14 37
51 20 37
47 10 10
20 46 5
38 56 13
50 44 23
55 24 20
36 21 14
59 65 17
6 73 20
45 43 34
16 86 6
18 83 10
4 35 32
50 45 38
53 31 37
1 88 7
10 24 40
3 82 18
23 37 20
52 35 16
38 45 22
7 57 36
48 43 40
37 63 4
11 48 3
59 15 27
13 19 11
34 30 37
34 29 33
41 59 27
52 41 16
18 7 19
48 82 18
20 39 28
29 37 6
36 48 39
22 16 10
55 21 32
47 92 19
49 1 18
41 54 25
38 1 16
39 5 3
19 79 12
22 1 24
1 33 7
39 44 13
13 27 27
33 8 6
42 93 19
2 80 1
39 83 31
38 42 2
2 55 8
41 27 1
8 45 19
56 4 3
36 23 7
59 54 21
59 49 23
16 1 33
55 72 12
20 57 8
13 48 24
54 40 24
4 42 17
2 3 12
10 67 34
21 2 21
28 8 40
33 87 17
52 13 20
42 16 36
3 61 3
43 29 21
15 93 23
45 88 9
12 51 11
31 80 29
45 2 27
11 33 27
6 23 26
52 46 10
32 82 22
29 87 31
47 64 26
2 75 12
45 88 28
16 65 4
33 37 30
20 18 12
26 73 27
18 83 21
27 78 25
30 70 18
18 42 17
45 10 32
40 21 11
14 50 17
29 79 15
48 48 36
18 15 40
2 18 35
15 88 12
34 27 18
31 47 30
54 39 17
45 74 12
22 80 22
31 59 27
14 73 14
46 91 3
49 72 39
58 47 28
20 25 37
11 74 40
10 40 16
18 33 23
41 42 8
58 39 30
35 89 11
12 20 25
7 47 36
34 81 10
43 11 23
19 88 31
13 1 35
2 37 11
14 82 10
22 21 9
22 55 29
28 35 35
34 10 31
33 8 11
19 40 36
10 59 21
30 81 16
51 77 34
51 17 31
13 57 25
26 69 2
46 21 38
21 30 34
52 29 29
57 24 4
48 31 10
22 81 37
24 52 5
54 17 33
33 11 12
42 39 8
3 51 32
16 86 29
45 41 11
11 58 39
9 20 16
55 79 22
18 70 13
36 83 38
56 25 38
36 27 2
5 21 32
4 57 16
33 19 39
31 46 14
5 67 24
22 1 26
10 2 38
58 75 4
9 22 22
5 40 20
23 52 30
58 10 33
23 23 9
33 29 6
11 91 9
29 45 18
36 45 33
22 56 9
45 68 18
11 93 19
31 24 22
3 34 5
53 12 32
34 70 24
2 59 5
27 87 40
22 34 38
44 91 22
35 33 21
58 79 18
19 46 10
53 52 17
56 36 26
48 23 17
44 40 32
12 18 19
39 41 3
17 36 14
37 83 27
23 79 2
5 93 6
50 32 23
15 54 2
33 21 33
42 45 6
7 45 32
40 46 9
43 57 34
4 53 5
26 36 21
5 88 38
46 48 40
2 57 5
18 38 36
14 12 16
1 9 12
15 20 31
31 6 2
21 70 8
57 9 14
29 41 27
1 1 13
10 39 28
29 2 22
6 47 12
49 8 23
59 34 32
29 27 40
46 55 17
45 63 20
23 69 33
57 78 21
30 72 31
15 90 15
14 73 24
21 76 22
22 39 37
40 85 20
38 84 28
36 29 26
58 3 17
40 15 33
34 48 20
10 52 3
9 64 30
54 36 6
52 4 14
47 6 4
19 71 6
22 85 28
52 53 9
58 70 14
40 71 35
8 29 36
17 83 27
1 69 4
34 66 19
8 53 32
46 77 25
41 47 11
27 20 15
45 51 10
53 62 11
54 9 36
14 38 11
38 93 11
28 4 40
31 81 30
3 20 20
22 66 33
30 9 29
12 92 10
44 30 13
1 43 13
52 36 14
15 74 24
39 8 7
24 30 21
22 38 31
46 14 35
12 45 3
21 17 13
22 7 2
51 82 6
20 71 36
11 71 12
43 17 24
25 35 26
39 15 8
45 23 26
46 60 14
41 43 32
25 6 24
32 29 8
15 56 33
54 17 2
4 16 16
13 69 21
31 79 8
43 66 22
27 5 13
57 84 9
51 23 7
25 30 35
19 37 31
4 21 25
36 23 37
8 65 40
49 1 25
4 18 33
47 57 38
21 63 3
39 92 40
28 85 22
13 2 17
22 53 9
55 46 21
19 92 37
29 6 19
19 29 29
17 23 24
27 21 5
11 46 31
37 22 16
30 74 21
50 32 12
47 65 21
43 73 37
10 4 7
52 44 13
13 37 35
2 37 28
27 65 2
32 64 16
47 53 4
1 2 14
21 33 9
22 83 8
58 91 38
18 61 39
27 19 16
42 82 28
54 2 11
51 27 6
6 30 9
50 43 2
14 35 23
35 93 32
55 77 34
10 6 21
20 18 25
39 6 25
48 76 23
22 82 31
47 80 13
29 14 11
17 46 30
23 58 4
48 6 6
7 89 20
31 40 25
24 83 10
48 85 35
54 30 8
37 21 26
9 73 27
22 33 39
47 76 23
26 43 5
44 70 39
49 25 26
5 37 6
8 2 29
49 44 15
31 20 18
4 72 38
49 22 38
29 54 17
27 27 16
30 64 4
54 79 40
14 51 9
5 73 34
30 83 6
3 76 4
11 75 36
42 35 31
15 73 24
59 37 18
30 64 3
29 63 9
2 48 39
49 3 23
49 87 31
20 27 38
39 2 5
54 11 29
53 15 32
25 14 15
10 66 32
51 28 28
3 48 11
43 52 17
11 65 18
45 74 38
56 63 35
59 55 40
58 16 21
24 61 38
18 82 20
6 30 32
3 92 30
53 47 7
33 75 40
52 37 21
14 63 27
26 8 15
26 3 8
6 29 19
6 27 13
38 77 8
16 60 21
10 52 37
6 73 3
28 91 38
57 72 8
16 81 31
50 29 24
34 51 1
15 89 3
40 34 35
45 46 16
22 22 35
6 14 2
28 15 20
35 21 13
19 41 34
8 60 8
15 17 37
54 7 10
25 45 17
19 41 33
49 83 9
12 72 18
57 55 28
37 49 7
1 15 8
47 7 23
34 42 24
2 44 18
20 34 35
55 85 3
26 46 38
30 60 14
44 21 21
8 48 31
54 19 5
25 11 29
21 54 8
16 57 6
26 89 15
29 59 17
52 83 10
31 51 35
21 11 21
50 89 9
46 63 7
48 70 16
53 31 15
54 84 39
40 62 25
46 17 39
18 58 33
12 64 14
17 3 30
33 40 40
4 80 24
30 53 20
41 4 18
23 83 30
57 3 26
3 62 25
12 68 5
8 76 17
26 89 12
27 39 14
32 36 37
14 6 11
10 11 23
36 63 34
48 26 25
56 54 12
20 71 26
34 41 5
30 20 32
53 69 40
9 24 36
48 86 17
12 62 36
9 53 13
58 34 15
21 58 11
39 70 10
35 13 26
36 20 14
58 55 19
50 27 36
55 8 14
6 43 9
16 92 5
17 53 29
20 65 22
58 79 15
51 65 9
33 28 39
36 5 17
24 32 37
21 17 26
7 79 23
49 82 39
39 44 32
11 2 36
40 28 37
29 87 15
49 49 4
6 7 15
27 56 1
17 76 17
43 55 16
47 29 34
22 49 2
22 9 40
56 37 34
24 8 27
3 62 40
18 55 3
24 14 15
4 5 8
37 3 12
20 7 6
15 58 6
38 32 5
42 58 31
5 67 31
7 58 30
25 41 30
10 26 40
59 86 14
2 30 19
27 69 15
36 70 16
8 14 40
14 47 20
39 48 37
25 33 11
38 54 20
8 12 40
38 56 17
4 56 20
51 74 7
30 14 23
45 43 20
22 64 23
40 80 33
50 70 11
26 43 25
8 2 38
50 49 36
53 81 10
32 46 28
40 77 3
13 63 16
34 53 19
55 25 39
6 58 5
42 93 1
29 82 25
48 93 19
38 84 3
15 43 28
15 35 19
15 81 27
10 88 12
51 72 36
30 33 39
14 61 36
51 56 21
10 85 40
22 38 16
14 60 34
29 76 5
27 73 35
28 70 11
6 84 21
30 90 4
41 58 16
25 15 13
10 72 1
35 79 37
24 75 38
27 32 16
33 79 40
35 23 33
53 9 13
52 63 9
6 23 26
43 81 32
25 65 14
35 23 22
2 38 26
54 46 39
22 23 16
55 24 24
57 84 34
39 66 26
6 52 17
21 59 32
58 52 36
17 90 23
50 44 34
59 84 8
13 78 37
10 85 15
51 91 30
35 92 7
58 65 39
12 25 11
1 75 15
25 79 24
42 13 37
59 87 31
1 3 29
43 33 21
9 58 38
12 69 30
15 61 27
42 85 1
16 65 24
9 15 16
26 79 4
13 4 30
9 59 24
43 69 11
24 42 13
46 68 9
11 57 33
41 66 6
30 62 31
48 39 28
11 69 36
49 72 8
51 72 26
33 87 18
9 43 25
37 76 1
17 84 8
21 36 21
8 92 26
11 43 10
43 11 24
1 81 35
54 26 32
18 32 33
18 55 10
6 92 8
16 32 22
36 88 39
39 31 4
47 48 2
22 23 6
38 65 15
8 11 38
46 12 27
28 68 15
27 23 28
42 9 5
27 52 6
54 32 35
49 13 35
40 25 39
2 27 31
58 15 19
5 52 1
22 36 21
33 79 40
13 35 17
30 23 3
5 86 22
42 82 2
41 81 12
1 50 22
22 51 18
43 67 18
57 22 29
45 24 21
33 88 38
21 41 25
56 18 11
23 8 4
13 37 32
32 80 9
57 29 11
48 17 22
21 93 10
47 87 17
17 32 23
11 25 12
32 58 3
2 66 22
43 33 24
59 16 27
53 50 20
38 72 36
12 41 39
2 17 29
18 30 20
46 59 10
41 22 25
55 46 32
45 3 34
7 47 9
25 43 4
39 3 2
2 41 19
18 23 31
14 36 3
56 3 21
1 25 4
34 1 29
51 84 38
10 68 10
15 44 21
55 65 27
26 81 13
35 19 32
4 20 27
32 77 28
28 37 11
1 71 15
41 62 18
32 83 15
19 40 40
19 63 30
59 76 11
16 93 12
32 42 38
8 15 21
29 56 3
40 61 9
44 82 39
54 34 10
10 75 14
59 33 30
10 22 9
30 62 14
47 90 11
4 63 14
22 62 8
14 48 31
23 19 11
24 32 14
4 85 28
21 69 2
52 67 31
35 52 17
28 52 11
20 80 9
10 27 3
11 64 37
44 5 20
41 65 10
36 8 39
58 21 28
7 74 5
1 10 18
35 8 30
24 48 24
54 4 26
43 22 40
52 13 3
6 68 37
24 5 10
14 41 35
3 64 29
15 72 11
32 56 32
33 24 13
17 71 25
27 3 34
38 7 25
16 55 40
44 89 5
24 89 35
57 70 6
8 45 38
5 28 4
5 34 13
37 87 1
16 57 13
36 43 18
51 66 18
49 88 24
20 49 20
38 25 24
22 26 24
21 15 23
38 68 13
24 59 10
20 50 36
2 9 36
39 28 1
17 74 23
16 40 34
56 26 17
28 58 15
43 48 38
12 77 15
49 70 4
51 82 36
38 78 35
42 68 18
29 38 14
52 92 19
27 59 17
43 5 38
35 64 34
44 32 1
54 13 40
32 42 11
13 5 7
7 42 21
49 77 17
20 46 13
7 55 5
35 3 15
31 61 17
13 25 3
13 13 23
34 4 23
1 92 33
36 20 7
22 70 11
9 35 40
4 74 14
56 56 35
21 7 36
15 77 35
3 21 7
39 1 29
12 70 40
12 23 2
37 71 20
58 40 22
26 24 16
11 36 37
30 73 14
8 43 24
7 59 9
55 34 27
50 83 28
30 60 25
34 24 30
3 22 1
14 65 31
35 36 2
24 15 34
52 27 20
7 50 2
9 53 16
18 79 7
45 41 22
44 16 36
26 35 1
13 91 15
58 4 15
16 23 15
56 16 11
8 36 36
49 1 13
43 85 40
20 15 27
7 79 22
4 37 10
2 6 2
34 12 25
10 21 28
56 62 32
8 20 40
3 88 18
33 29 11
47 27 32
32 11 14
59 68 35
21 23 19
51 30 29
8 25 12
56 3 29
3 38 5
1 93 31
31 8 40
44 39 21
25 73 27
38 19 24
52 7 28
35 33 20
5 31 23
47 93 13
54 7 27
47 21 2
16 23 18
50 38 6
42 7 38
25 63 36
5 8 38
47 53 35
17 82 10
27 52 13
47 42 2
6 49 25
29 8 8
5 64 12
47 56 2
44 69 6
49 77 21
47 14 27
16 35 3
18 44 21
50 40 34
11 20 14
8 80 13
1 1 22
14 61 21
47 86 35
28 84 12
25 59 6
1 18 17
26 14 13
17 88 26
47 84 35
40 6 11
44 22 20
36 66 8
23 4 6
2 7 3
27 93 15
29 10 31
4 36 5
22 85 13
1 70 35
34 31 24
41 23 32
46 21 19
39 11 34
49 21 39
41 64 40
51 18 37
9 78 39
53 18 39
49 85 35
4 91 32
8 88 17
11 29 30
8 7 4
45 28 22
36 25 15
41 4 7
30 48 2
45 52 1
13 77 10
54 80 4
33 45 39
32 21 28
55 63 4
20 3 30
15 44 25
40 89 5
28 26 27
53 27 10
35 23 40
55 48 30
10 87 29
38 49 12
57 72 23
30 62 18
59 79 33
18 62 27
43 17 38
33 43 8
29 43 19
57 26 6
30 71 22
24 89 19
21 72 37
52 48 23
15 82 8
16 54 38
40 22 29
11 45 22
17 73 9
41 87 4
37 13 30
47 46 17
17 80 6
4 36 14
52 73 18
44 10 10
30 74 32
52 40 23
19 33 14
23 93 4
2 91 25
43 19 38
30 57 16
10 18 31
40 3 6
6 47 8
14 91 10
11 21 36
41 30 2
23 26 9
34 79 12
36 23 10
6 60 26
20 28 6
10 32 9
9 15 9
23 34 10
41 55 2
38 85 34
31 81 10
1 47 14
27 26 39
36 38 40
4 42 28
2 13 3
34 9 18
10 56 27
17 11 1
16 80 18
36 10 8
21 85 28
20 27 13
12 69 32
11 23 22
54 88 27
39 42 19
40 48 11
34 89 9
51 57 36
50 51 32
18 42 7
11 8 22
48 56 39
10 9 4
33 52 35
16 65 1
52 25 21
30 5 35
30 21 7
59 24 16
20 62 27
47 25 13
9 1 4
16 35 10
24 67 36
37 49 19
27 26 30
45 59 40
26 27 40
51 48 28
44 77 34
17 5 30
11 93 31
15 56 18
32 18 34
22 54 31
20 32 36
36 16 33
50 1 34
41 63 13
26 57 9
14 15 15
22 60 27
29 81 40
50 5 25
57 71 7
40 90 1
50 70 25
16 18 21
33 57 9
39 62 5
36 78 29
16 37 6
49 54 3
44 34 14
30 82 13
50 20 25
6 90 37
38 14 24
35 42 7
33 60 23
20 13 16
30 81 32
44 46 37
54 63 22
2 91 38
44 82 24
5 3 36
43 29 28
15 88 39
8 70 37
15 29 39
30 58 8
24 40 10
17 39 8
55 15 29
24 41 16
35 80 25
57 24 34
41 30 16
17 8 5
49 50 25
15 46 40
17 74 6
11 4 20
36 13 7
13 3 36
42 39 14
57 78 6
57 4 5
15 85 40
17 65 33
6 89 18
17 65 12
4 17 8
30 80 24
25 92 18
23 28 32
47 86 29
15 62 12
23 57 30
46 29 22
53 65 38
31 33 33
44 31 35
20 63 24
50 65 33
53 20 11
21 30 5
10 78 13
50 26 39
8 21 22
10 81 26
52 75 12
34 33 17
3 70 33
4 22 29
1 54 8
19 78 7
39 7 15
43 14 13
50 69 26
55 53 1
40 11 15
5 91 1
7 38 13
35 24 21
17 2 13
2 16 2
30 87 25
5 82 12
34 44 22
29 51 3
31 25 30
34 7 5
11 15 16
24 89 26
46 56 17
10 5 16
35 51 5
5 23 15
9 17 13
2 23 10
21 2 3
31 19 6
32 81 37
44 25 34
29 73 21
13 35 15
50 88 11
18 11 15
53 9 31
7 47 36
16 80 21
52 79 21
49 14 30
51 23 20
14 88 13
2 31 33
38 76 38
20 9 1
2 50 25
53 86 26
25 29 28
47 60 10
43 92 25
25 20 9
18 32 14
3 7 8
39 84 1
1 13 8
7 55 12
58 61 20
5 4 19
15 83 8
48 21 9
57 54 1
31 11 17
38 39 6
16 3 31
38 76 21
54 5 3
31 20 33
20 76 35
26 39 40
24 24 13
46 26 7
48 23 32
25 64 33
40 57 4
20 18 34
59 71 27
20 89 16
12 13 7
4 23 11
55 93 39
45 42 6
14 81 29
42 56 21
35 24 18
22 53 22
28 21 31
17 40 32
2 68 14
27 9 9
53 92 10
6 74 36
45 63 39
44 63 34
12 53 40
18 16 4
54 39 38
45 31 2
38 13 39
1 9 23
11 80 37
52 20 31
16 34 16
54 49 7
46 48 32
44 29 25
49 72 6
4 14 18
54 14 11
48 25 3
18 46 15
57 68 12
29 76 25
42 63 31
39 65 35
5 18 40
3 83 14
29 87 9
5 22 40
44 17 6
57 45 20
48 56 10
13 9 2
14 4 34
9 11 39
47 81 17
43 79 17
28 35 21
46 64 40
14 84 5
41 65 21
35 31 3
7 53 6
17 88 14
5 89 25
33 91 33
21 49 13
37 32 26
28 51 11
6 25 7
31 18 20
54 1 17
23 62 3
41 76 36
16 8 3
27 51 18
44 17 11
2 90 30
40 82 10
17 73 37
43 6 13
4 59 37
36 1 6
44 35 8
2 23 16
47 8 18
44 13 20
58 11 12
14 38 25
26 82 9
20 70 37
11 62 1
59 56 6
59 26 22
43 67 8
16 43 36
52 17 9
36 57 24
7 41 10
31 43 10
5 64 26
41 84 11
17 56 33
5 13 18
8 79 39
28 64 9
10 15 13
59 38 4
53 66 34
55 71 30
32 82 38
7 55 10
13 89 3
5 50 8
56 77 19
50 68 34
39 60 27
1 78 11
25 26 39
33 2 6
33 90 17
5 28 26
42 14 40
30 12 2
55 43 5
25 46 1
10 43 33
26 83 7
24 79 35
26 9 17
31 33 3
52 36 8
18 77 6
49 39 29
57 33 18
4 22 33
7 43 3
23 62 15
58 47 16
34 54 1
3 26 31
56 27 35
7 8 5
46 70 27
29 15 3
16 73 14
38 71 17
27 23 23
49 63 2
11 11 3
53 39 18
54 13 31
51 21 26
12 7 15
25 86 36
36 65 34
46 25 31
10 42 5
4 48 33
2 18 2
12 87 39
3 7 2
55 85 20
27 60 36
48 80 29
39 18 29
50 59 19
25 45 20
13 44 12
21 80 28
41 17 21
55 44 23
48 77 12
33 47 38
44 8 37
36 74 40
19 6 22
30 42 40
48 20 37
44 14 40
7 86 21
50 19 27
26 36 17
36 55 9
52 77 15
2 67 8
23 53 10
13 37 36
29 21 34
43 44 33
43 54 2
38 9 22
2 31 18
30 77 37
54 12 8
10 58 19
15 59 12
23 82 12
17 13 15
58 81 14
17 93 19
14 10 16
14 45 37
52 90 21
42 58 37
2 12 13
32 83 24
59 87 29
21 56 19
9 89 23
54 56 9
5 7 40
37 44 16
5 69 9
6 81 40
32 80 38
5 52 19
13 37 7
13 36 14
37 77 12
36 84 12
53 81 23
32 9 40
20 23 37
28 86 15
27 8 2
52 49 39
57 84 22
38 81 28
14 85 7
20 56 29
51 60 7
5 13 21
20 6 13
16 78 17
58 89 11
50 9 24
20 44 24
19 31 28
59 77 39
18 84 38
9 56 33
59 10 27
33 84 35
49 46 35
19 81 34
59 53 11
30 81 28
19 78 18
40 60 6
43 91 9
57 39 27
32 53 12
19 43 22
38 12 12
54 51 3
47 78 13
5 8 14
51 40 39
4 67 37
44 34 38
46 22 39
50 46 8
27 93 40
30 5 32
6 63 38
25 92 2
39 25 22
46 72 15
15 45 21
58 49 10
18 52 15
31 18 38
42 18 26
7 61 26
52 91 28
47 2 38
9 54 11
56 46 31
53 30 2
37 38 18
5 42 15
38 7 30
59 87 23
55 75 10
14 16 14
48 54 30
28 81 12
5 85 19
16 92 5
37 59 12
24 80 30
58 38 32
26 27 24
34 6 29
54 6 16
58 26 32
2 73 32
35 37 30
27 71 12
28 49 9
39 7 7
3 71 12
23 90 22
41 87 15
57 11 16
4 9 26
24 46 9
32 92 21
33 33 39
20 64 18
42 27 32
15 26 23
21 47 20
43 50 12
54 14 34
30 40 16
21 5 30
41 62 15
15 80 3
36 53 19
52 39 27
58 19 30
23 59 30
24 41 19
18 28 35
47 55 40
39 3 15
8 34 5
55 5 37
38 85 27
28 63 32
50 9 3
11 66 22
24 55 29
58 9 18
49 20 11
57 42 38
19 69 34
31 19 25
42 56 36
14 2 13
13 5 26
48 2 5
57 90 16
29 69 27
54 64 17
28 84 22
54 48 20
11 36 32
13 51 36
37 15 13
28 70 5
30 30 21
22 58 1
44 18 35
58 2 27
9 70 15
55 84 7
19 66 7
49 61 22
17 13 28
16 63 21
16 20 1
8 75 8
5 13 7
23 6 12
40 91 12
33 38 8
58 48 25
13 6 29
13 30 31
28 74 12
24 84 9
39 48 23
21 93 9
42 86 34
38 12 1
55 73 32
27 24 30
3 81 29
27 19 9
13 32 16
25 68 32
27 24 19
15 5 16
38 7 36
54 9 2
7 90 36
47 13 30
35 9 33
48 12 27
13 38 23
58 7 36
9 28 4
46 41 12
57 50 31
14 50 1
5 33 32
57 65 21
37 9 5
2 52 33
26 59 40
51 62 27
41 13 31
31 17 34
22 36 32
35 29 8
15 26 5
27 62 14
59 80 24
19 4 40
26 51 37
50 83 37
23 24 6
30 50 29
9 18 13
54 68 39
14 10 33
18 6 13
29 75 34
30 90 38
47 57 11
42 52 32
16 10 39
16 85 2
20 23 9
38 36 8
14 1 27
37 74 35
50 57 32
17 53 4
34 15 12
32 66 12
42 39 34
25 15 9
19 74 19
40 47 23
32 92 6
51 20 8
25 74 3
35 67 38
53 71 36
2 54 26
2 73 2
59 18 33
28 8 32
35 39 27
21 76 30
21 76 14
23 42 31
10 7 4
58 42 14
53 2 37
27 36 34
53 64 6
26 7 33
56 63 35
50 51 37
42 36 24
37 23 23
50 4 25
7 87 9
34 67 4
49 19 22
28 20 15
43 19 12
38 37 2
2 84 33
46 82 17
57 52 29
46 87 26
17 4 30
33 44 38
11 38 17
15 58 31
5 8 32
40 35 1
37 81 34
12 21 36
40 48 36
10 89 12
48 13 11
27 59 30
3 11 7
55 75 22
5 45 31
23 6 7
34 25 24
48 42 7
39 61 27
49 65 9
6 32 10
58 46 4
27 74 19
50 78 17
52 22 28
29 85 30
23 32 38
43 59 28
10 6 13
22 74 18
24 35 15
46 72 38
46 84 6
50 74 26
42 33 24
44 60 3
27 55 29
19 58 2
8 80 9
6 19 21
22 11 9
28 9 14
27 78 28
4 27 19
12 51 20
12 34 31
49 69 5
26 78 7
8 38 24
19 81 37
44 61 5
48 32 3
45 37 10
42 50 39
53 47 29
12 15 36
50 46 14
29 86 7
13 67 35
10 90 10
53 21 16
30 54 21
12 11 5
48 41 10
29 24 13
9 20 7
26 51 31
59 25 4
3 68 10
41 75 18
20 65 8
45 63 14
32 32 31
9 75 12
36 43 36
21 45 12
49 32 11
30 24 39
39 79 38
57 60 38
37 26 25
33 63 16
29 60 39
48 25 17
56 78 22
40 92 38
21 13 16
57 73 22
8 62 36
23 62 27
6 92 34
47 65 32
32 58 20
52 6 19
4 50 7
24 55 26
43 89 24
59 19 17
22 38 30
8 6 37
30 2 11
56 33 30
47 79 22
11 82 30
29 63 31
8 81 40
13 1 38
42 55 17
10 71 3
32 72 25
53 53 32
7 81 18
15 31 39
27 67 38
24 38 1
43 60 40
36 77 32
2 62 10
35 49 40
5 11 3
33 23 26
5 1 37
12 3 30
7 5 21
20 20 22
17 37 7
18 27 36
48 64 18
51 92 9
34 69 15
54 7 17
5 43 28
11 21 30
43 41 15
38 32 40
58 11 30
16 26 22
7 12 12
28 64 8
39 14 33
38 52 3
4 44 8
50 25 17
11 9 30
53 48 20
11 4 27
52 33 24
4 47 9
50 8 24
20 22 15
7 56 5
51 68 30
27 19 18
45 74 31
12 65 11
56 7 34
16 11 23
13 21 8
5 12 8
34 7 33
49 3 1
42 4 10
19 92 39
54 6 32
25 67 29
45 44 2
23 63 33
38 17 23
39 35 24
22 55 14
38 21 27
59 47 38
20 18 12
7 86 14
56 60 33
37 69 14
16 32 4
53 29 19
26 60 7
55 54 38
48 74 39
40 23 39
34 90 28
54 26 15
16 77 12
19 49 9
41 73 35
12 75 35
16 47 20
52 4 24
5 22 5
14 27 25
58 6 24
21 61 17
28 60 35
33 3 2
54 11 21
33 67 16
42 2 32
7 88 7
15 63 37
54 72 39
7 49 21
17 48 1
51 26 8
32 64 9
50 71 13
32 10 19
23 26 14
37 44 17
6 56 8
15 42 13
44 87 16
55 42 4
16 67 25
13 78 23
19 89 16
16 33 20
58 21 37
56 67 7
33 53 17
14 74 34
19 79 29
19 62 20
9 35 22
58 62 13
53 58 24
37 86 6
32 10 8
19 27 32
41 62 12
36 28 11
47 20 30
55 23 24
47 44 37
28 63 4
15 20 15
48 54 7
57 29 6
14 48 40
13 24 18
33 64 9
59 39 14
24 79 35
20 65 25
27 31 27
56 49 15
41 35 15
43 31 15
34 26 14
54 59 4
50 35 20
22 86 39
30 74 6
18 19 2
37 10 10
56 72 38
29 27 18
2 87 13
39 55 24
14 53 6
15 28 16
14 65 30
37 22 16
49 30 9
17 51 1
34 4 3
1 32 32
24 15 22
4 18 26
13 6 5
6 70 14
39 52 15
20 38 5
15 1 28
54 31 38
19 24 12
54 92 8
49 84 9
45 50 39
40 21 29
1 58 31
11 88 9
38 32 11
50 7 33
49 76 38
21 56 26
38 23 18
18 4 12
18 58 40
46 45 31
25 43 22
15 90 10
57 28 20
45 93 11
16 28 16
37 89 26
31 21 35
16 62 23
55 32 4
29 19 37
22 53 14
1 65 22
39 77 26
39 84 15
55 81 36
11 23 23
27 7 14
22 72 10
19 12 26
56 78 16
22 62 30
59 35 25
39 71 33
43 45 2
1 35 32
8 25 31
5 45 31
14 77 40
21 65 8
21 60 18
36 63 17
11 85 29
36 1 3
38 89 36
15 91 5
3 33 24
49 18 1
11 17 31
57 20 37
38 76 36
21 66 15
45 70 25
16 29 23
25 71 25
5 82 12
43 68 20
26 64 7
36 28 8
12 2 6
5 57 22
29 38 33
39 54 26
4 3 24
47 11 33
38 6 29
26 9 21
42 77 3
53 50 31
10 82 6
59 71 19
11 63 14
23 64 37
58 61 15
30 56 10
44 45 32
56 24 21
5 11 36
27 91 9
31 60 37
45 88 18
1 37 37
42 81 13
11 73 29
37 26 20
34 67 36
43 89 27
39 37 28
34 79 25
20 73 38
33 33 1
18 21 34
25 79 17
33 92 27
27 66 40
33 37 18
32 72 39
8 12 9
8 65 7
48 31 28
48 91 12
21 41 37
5 26 16
18 73 33
16 11 20
11 47 38
31 1 27
16 84 21
9 67 11
43 66 2
22 15 29
39 58 30
20 11 17
56 42 24
21 19 33
8 44 22
51 17 4
26 35 4
10 56 40
44 61 5
4 22 25
57 52 19
7 44 39
39 44 34
14 92 27
50 33 2
1 43 35
15 68 1
17 30 40
39 25 13
45 90 35
24 67 4
39 33 2
55 5 33
43 35 13
59 16 5
55 20 39
15 61 2
55 13 18
2 25 12
57 72 40
22 46 32
49 22 24
46 59 23
37 69 22
38 91 33
11 50 24
49 75 15
13 93 1
33 79 11
49 42 36
49 41 4
25 13 29
8 24 10
36 77 3
55 11 37
10 93 11
2 34 27
28 30 10
18 25 36
7 25 37
30 17 38
46 29 27
19 16 36
21 81 34
11 43 8
29 49 29
34 69 12
11 24 8
47 8 2
12 35 17
51 6 27
14 91 17
41 49 37
27 71 40
23 40 24
7 54 2
45 74 7
30 50 18
20 70 35
7 81 12
47 64 10
57 61 29
56 92 28
37 37 10
8 61 12
53 4 17
51 19 10
41 48 3
22 53 15
58 72 9
41 68 34
2 75 35
35 91 10
57 12 5
16 63 28
21 19 28
29 82 39
10 35 30
13 79 40
51 51 17
33 56 32
36 49 17
30 1 7
39 85 25
58 23 26
39 89 38
37 80 39
28 81 7
12 53 27
46 64 27
51 21 13
45 11 11
55 67 7
29 2 18
17 17 18
5 93 20
53 90 31
10 83 7
42 79 16
30 33 40
24 72 20
32 42 36
44 83 11
45 22 6
24 31 34
18 24 21
11 63 40
22 79 10
47 77 1
54 50 18
17 4 32
59 49 31
18 32 31
24 7 35
44 92 4
46 28 27
15 50 26
59 39 32
21 3 3
8 34 39
37 59 29
3 32 4
41 39 39
22 26 23
41 45 21
35 50 18
59 2 7
40 1 36
28 89 33
41 22 2
9 74 36
5 21 13
47 80 27
57 39 11
43 28 3
12 52 37
15 1 19
12 64 34
47 91 14
16 63 16
10 29 28
33 76 36
47 17 35
31 30 6
47 54 16
25 70 34
49 32 20
13 32 29
47 24 18
54 6 32
31 65 34
15 52 24
23 9 16
56 15 17
28 29 1
41 22 14
4 3 7
53 12 12
23 28 11
47 51 20
41 39 18
59 10 35
9 29 26
30 69 11
22 75 27
16 66 22
51 29 27
45 40 33
49 50 37
56 53 16
27 88 34
11 63 9
52 17 19
13 46 2
10 70 29
59 39 4
8 71 38
45 29 17
5 27 18
6 37 40
49 82 37
35 28 2
38 82 19
43 27 18
39 17 37
35 55 32
31 47 26
50 58 33
47 84 31
31 61 6
15 55 9
54 18 22
8 70 40
18 22 18
22 27 40
37 63 33
32 5 30
7 21 31
25 32 10
13 26 38
54 21 2
23 40 12
14 87 30
55 7 3
25 67 6
13 6 14
13 40 16
38 58 14
24 69 9
52 52 38
50 69 21
47 71 18
35 40 11
10 46 26
37 73 13
40 39 35
50 74 16
4 76 20
44 23 10
17 53 4
14 35 19
41 15 4
29 38 9
9 48 20
16 85 26
7 55 31
36 58 31
20 41 30
49 3 40
44 68 18
13 37 13
37 65 5
23 31 8
55 59 25
14 85 23
42 56 38
57 54 37
5 3 40
23 89 34
45 25 6
24 35 38
48 61 2
33 18 26
51 81 15
25 65 38
10 60 3
49 84 1
57 88 3
8 39 32
53 78 9
22 68 5
8 53 2
21 91 31
25 37 39
56 65 11
19 92 6
59 54 8
8 37 10
36 71 25
11 74 3
47 92 5
52 20 28
15 78 25
39 10 18
31 51 31
41 12 15
14 40 5
55 6 8
4 79 3
2 7 5
14 14 15
13 64 5
45 23 2
42 60 18
16 4 38
20 56 13
20 60 6
8 33 36
23 41 2
9 19 5
30 15 10
52 73 6
22 60 11
41 64 27
58 18 26
27 55 8
35 48 13
3 92 1
16 48 7
21 21 19
3 58 31
15 83 21
7 3 14
6 39 21
38 35 36
3 61 33
28 68 9
57 35 8
25 70 40
26 14 16
30 42 29
27 40 24
13 26 26
15 84 15
14 67 16
34 23 11
8 93 7
6 85 16
42 10 8
34 93 26
42 89 6
34 39 16
42 10 18
15 52 29
45 89 15
12 91 25
23 51 1
35 36 7
49 91 30
14 16 4
2 25 40
34 41 2
51 63 34
11 45 14
53 42 29
21 66 9
48 32 19
20 34 7
59 79 1
56 62 27
36 29 15
54 42 18
30 71 28
52 49 26
36 59 30
33 58 30
16 22 29
17 84 24
27 81 2
39 69 25
18 69 26
7 18 36
20 19 20
44 46 4
46 86 20
55 60 11
23 91 7
53 15 36
7 71 14
6 20 24
8 45 5
41 8 27
28 3 31
50 81 25
41 29 37
36 39 21
17 29 18
48 11 14
55 23 24
52 45 22
31 22 1
41 47 29
25 35 30
28 75 39
9 46 1
2 79 5
46 31 19
38 37 14
51 75 32
53 3 4
43 51 7
7 3 27
25 17 4
55 43 35
58 31 26
56 91 9
35 65 31
6 23 9
52 59 5
16 55 38
56 29 20
28 62 9
55 15 6
12 86 25
23 79 32
31 66 18
46 41 3
37 38 40
22 17 27
51 62 24
34 43 12
9 20 25
21 1 11
14 34 12
2 86 15
36 79 40
58 77 11
11 10 29
43 38 1
15 13 14
36 76 35
5 58 5
6 16 37
20 20 35
25 47 28
25 19 35
47 22 6
10 40 24
45 2 12
4 59 13
50 4 3
37 33 34
10 13 39
26 34 36
40 50 39
32 67 28
58 90 38
22 60 33
48 32 33
46 89 8
14 28 18
23 86 6
37 29 18
7 52 18
12 76 25
10 64 15
52 84 19
23 72 32
59 69 18
45 52 27
44 15 30
22 72 2
59 7 15
58 91 38
57 65 31
29 70 12
26 83 29
7 80 12
59 20 39
6 77 9
48 32 7
19 68 10
21 27 14
49 73 34
14 66 10
7 86 27
16 51 19
3 52 15
41 50 25
52 32 1
23 77 8
1 63 39
18 76 36
21 77 8
33 26 40
8 44 17
57 75 2
14 8 40
46 51 6
45 40 3
43 65 36
15 66 21
26 64 15
7 23 9
1 4 29
9 69 8
54 55 31
42 92 14
21 54 11
53 38 33
35 79 27
41 41 39
27 53 10
53 88 14
35 43 8
23 8 8
26 17 18
36 15 13
36 64 9
15 26 20
29 45 26
59 5 21
22 47 28
8 69 27
58 32 29
37 73 29
42 54 22
48 24 22
39 78 35
20 77 35
20 12 5
17 58 13
44 44 30
16 12 9
1 70 9
8 68 20
54 38 28
51 24 28
51 74 11
5 32 13
2 7 23
20 92 30
29 13 15
37 73 12
22 81 9
53 30 34
54 91 9
40 26 1
58 90 9
36 66 4
32 45 11
48 22 31
14 64 33
56 51 10
48 44 34
19 57 15
28 78 36
55 89 19
5 80 5
23 21 34
46 88 19
45 51 39
25 78 4
3 60 19
13 26 10
53 59 21
42 77 36
8 2 16
22 78 28
36 2 15
25 1 2
52 56 20
48 49 4
24 86 26
46 84 10
14 87 22
58 76 36
18 79 38
57 11 11
27 36 31
17 43 37
31 63 25
52 20 19
41 37 39
26 37 2
24 25 8
49 12 25
1 5 21
52 56 26
13 77 14
16 27 8
7 55 9
42 5 5
31 23 20
4 92 4
45 9 30
56 16 26
20 61 20
33 43 5
44 32 5
43 4 20
51 49 23
34 12 15
57 53 9
10 42 12
26 79 13
15 41 7
39 4 4
35 66 22
10 8 23
10 74 20
43 79 23
30 1 38
34 64 7
52 77 38
39 64 26
11 76 29
53 71 17
58 30 22
59 36 31
34 57 22
13 4 35
31 68 2
6 57 11
32 91 3
12 45 1
32 35 8
10 86 36
24 61 8
45 80 18
22 76 33
29 23 3
35 1 7
5 27 23
36 1 27
35 87 18
44 63 15
13 17 39
18 34 26
11 7 6
48 14 30
48 91 6
27 60 26
42 19 1
19 22 19
22 16 5
44 15 30
53 55 3
17 11 6
24 30 4
45 60 28
43 88 1
47 8 7
11 46 38
18 32 8
12 92 28
4 54 38
48 84 39
41 3 20
46 69 18
15 51 17
23 2 40
59 49 20
13 78 9
37 54 11
1 10 9
8 39 12
20 34 16
35 49 14
29 76 19
52 73 38
52 81 20
10 85 15
29 1 21
14 26 28
9 3 14
1 43 11
36 76 24
34 37 38
58 89 18
48 47 18
19 86 33
21 9 2
55 77 32
28 27 26
57 54 37
54 27 11
24 49 26
1 28 16
1 83 14
30 6 10
41 36 21
54 12 26
52 17 13
47 69 30
31 20 2
40 18 10
11 61 4
40 29 15
18 85 19
33 20 18
33 8 8
50 65 23
27 38 23
58 1 30
10 48 19
33 82 23
47 11 18
40 45 35
4 32 22
25 71 29
2 7 10
42 62 24
28 32 13
40 89 11
27 86 30
22 55 28
19 76 35
24 74 40
14 1 21
34 79 37
36 58 22
56 83 15
46 66 21
33 44 31
55 3 38
24 46 12
40 20 19
3 88 5
37 19 24
7 24 8
36 53 23
8 56 28
15 86 31
30 54 33
26 29 40
31 7 11
36 27 6
34 88 13
13 82 23
49 55 1
48 52 38
43 44 39
12 6 39
45 38 26
38 60 16
37 75 17
22 8 22
24 74 32
25 63 3
47 33 22
30 33 39
9 13 37
11 22 25
5 57 4
6 58 19
15 12 9
8 48 16
40 22 34
36 35 10
4 77 16
58 68 22
44 23 28
5 20 16
20 7 28
3 29 16
25 33 33
28 62 40
20 83 3
43 40 36
19 34 13
52 6 2
9 72 10
43 50 8
52 87 38
19 37 38
48 53 15
6 70 33
39 92 10
17 65 38
15 63 28
41 57 36
26 29 1
21 2 2
24 54 9
5 31 32
23 68 36
32 39 9
20 87 15
5 68 15
58 66 28
19 7 16
55 31 13
40 13 37
21 56 8
16 60 13
57 70 28
32 93 4
27 43 24
59 90 13
55 30 39
8 43 16
36 66 1
21 61 9
34 27 32
13 16 36
5 21 10
52 73 27
11 17 2
34 43 40
29 15 15
56 33 3
13 76 1
49 37 29
49 52 8
28 60 31
25 44 22
39 63 38
17 3 31
43 30 9
5 18 37
41 5 3
41 92 3
17 9 7
45 13 9
29 79 32
36 25 16
36 2 8
3 86 1
8 42 17
8 26 21
5 42 18
39 30 35
58 63 33
14 71 21
49 5 35
29 30 33
10 85 30
30 71 4
7 19 2
21 82 20
20 47 12
9 13 7
7 84 3
16 60 17
5 65 11
20 58 29
38 88 33
17 72 20
38 21 31
5 71 24
11 26 15
42 3 30
55 49 34
50 75 10
26 24 35
55 19 9
18 52 28
44 22 28
55 38 24
39 69 23
50 92 16
4 72 39
35 57 31
48 30 2
1 65 22
29 34 36
1 50 21
23 6 27
14 76 36
38 23 29
35 30 7
58 49 15
37 4 7
17 5 16
37 58 35
30 70 22
51 82 7
35 81 10
22 81 21
52 3 21
53 27 31
58 6 35
43 4 5
23 92 35
30 47 37
14 15 16
5 37 14
36 6 7
6 27 39
24 33 24
9 65 12
47 14 29
36 28 27
54 32 12
31 89 14
2 75 40
56 39 37
49 36 12
2 83 16
34 84 26
17 69 10
51 85 6
45 90 11
58 14 31
15 27 7
37 63 21
42 73 10
39 44 27
29 10 26
44 4 1
4 92 5
44 59 17
21 4 34
25 60 24
9 41 37
46 87 34
7 46 26
37 12 6
18 55 18
36 25 32
16 61 27
51 23 23
15 67 40
37 5 14
38 7 34
19 1 34
40 1 29
54 16 20
1 93 12
48 7 28
46 35 15
12 90 34
10 83 14
23 87 7
58 5 31
4 8 38
32 40 10
46 6 1
38 32 11
57 63 17
12 58 26
15 3 27
7 14 8
30 24 38
13 24 36
40 64 23
4 89 33
40 17 5
44 30 27
11 85 1
31 56 33
27 25 9
4 42 18
21 52 40
30 52 8
58 75 8
6 1 9
15 74 22
27 62 38
54 74 29
46 27 13
24 55 21
24 83 5
36 79 12
37 52 8
21 15 24
37 60 33
23 34 19
24 72 23
17 31 39
34 89 29
18 77 22
32 32 2
46 82 11
30 32 18
17 54 22
27 23 31
42 3 31
9 46 16
49 80 37
15 48 27
18 20 16
15 56 40
41 36 20
26 37 33
44 43 17
54 22 18
7 77 18
1 89 27
35 31 19
5 55 4
30 39 29
12 36 24
19 76 38
10 37 34
51 56 18
38 14 22
7 4 26
37 23 34
32 40 17
46 18 9
50 82 2
32 19 1
29 29 15
50 62 8
19 5 24
30 85 26
25 25 28
24 12 18
13 53 2
27 46 33
15 48 9
18 86 4
32 75 24
11 11 25
27 9 26
58 15 30
28 36 4
57 49 33
35 55 23
27 35 31
52 73 28
52 11 29
28 64 13
3 49 16
49 32 1
24 55 35
27 93 26
48 39 14
59 79 29
3 43 26
39 88 3
16 72 15
51 62 20
57 8 12
56 93 3
3 51 31
44 87 28
40 83 37
35 18 40
50 26 22
58 90 2
9 16 13
30 2 3
23 54 15
53 30 5
30 24 4
17 56 34
14 66 10
36 90 30
34 10 23
36 76 17
58 4 9
23 91 26
58 15 35
38 3 39
21 14 31
39 79 13
46 82 29
26 4 8
8 93 21
1 9 18
6 71 16
56 5 22
58 67 29
13 77 28
5 74 27
28 3 18
42 76 28
20 60 25
8 65 6
59 80 1
5 3 35
28 49 21
22 12 32
26 64 3
15 82 4
14 32 17
30 13 9
12 51 30
13 75 22
18 31 19
18 84 4
22 78 21
17 92 21
27 73 13
7 54 39
42 70 2
22 26 33
12 55 32
54 45 15
41 64 19
58 11 33
7 28 31
17 56 5
19 64 40
45 49 1
17 52 27
54 61 35
23 85 38
23 70 20
50 91 20
4 91 31
51 17 3
29 68 19
40 38 23
21 10 29
4 58 5
28 86 31
7 73 26
18 60 18
2 10 11
8 71 9
29 50 6
52 66 6
54 36 29
6 64 34
1 71 2
48 59 19
23 32 12
30 7 13
1 20 31
6 88 33
24 80 8
21 61 6
28 82 22
52 72 16
25 29 33
27 38 2
11 23 39
14 37 3
55 73 29
3 83 31
35 68 34
26 75 31
12 39 12
11 80 31
9 1 24
55 7 9
43 34 22
19 16 22
43 36 29
55 33 1
58 21 19
26 54 28
39 30 34
47 5 12
2 41 39
23 47 9
23 7 16
44 75 8
45 12 25
47 70 19
31 75 11
19 69 29
56 65 12
19 34 39
5 35 7
33 88 12
43 71 12
41 84 26
21 69 35
4 59 36
45 2 12
1 9 4
54 17 3
59 5 35
50 35 5
57 56 3
23 63 39
6 48 23
33 74 10
50 28 16
10 55 33
42 69 20
25 15 31
6 12 4
6 9 25
23 31 25
29 44 16
46 36 37
21 53 13
21 71 14
57 5 2
22 59 1
56 16 27
35 22 23
50 5 23
46 38 3
44 85 26
21 49 17
1 39 12
37 80 5
17 4 29
9 57 34
50 5 3
53 83 35
52 81 11
34 4 40
43 86 31
30 47 4
23 53 18
58 92 30
4 16 11
19 35 15
52 58 33
43 63 30
59 28 11
4 69 4
15 17 21
3 14 27
32 79 30
14 77 6
27 21 22
40 66 22
2 75 1
18 46 21
32 37 18
24 82 33
6 22 1
28 8 18
59 82 30
54 69 20
7 59 16
12 53 36
33 15 21
48 19 32
38 34 16
56 2 31
8 58 12
31 42 4
15 62 8
50 47 4
30 83 19
56 87 13
7 56 27
42 18 11
25 74 10
41 8 30
56 12 24
4 93 13
24 24 30
36 88 23
35 51 31
55 2 34
32 71 14
33 77 11
3 14 33
46 20 36
2 62 10
34 59 19
42 2 7
7 78 26
41 83 21
46 92 39
48 35 8
29 14 15
5 14 36
5 14 34
19 82 31
35 24 6
10 74 38
29 42 2
15 87 8
4 9 36
33 27 40
59 66 27
3 55 14
39 86 18
30 9 14
2 88 2
36 50 28
39 71 30
31 12 15
8 81 28
14 4 13
27 33 40
35 51 12
57 11 16
30 50 13
16 53 11
20 22 8
16 54 34
28 84 29
2 50 3
26 3 40
16 36 34
59 10 32
17 25 2
42 50 8
4 49 17
25 44 13
12 47 35
41 71 27
24 10 36
49 92 30
13 82 18
4 48 11
31 86 12
6 91 19
33 93 36
10 93 17
6 47 11
21 35 2
26 42 17
27 65 35
50 83 6
28 53 9
16 6 37
43 66 21
38 35 2
57 86 40
14 33 2
33 76 22
16 90 22
58 52 17
43 91 36
33 19 7
14 59 1
12 92 28
6 93 34
52 86 34
28 49 24
44 75 18
10 8 15
21 72 6
46 1 16
41 48 27
37 20 17
58 31 8
3 90 20
7 1 39
49 25 23
16 55 19
49 63 35
30 18 7
32 57 25
17 18 10
24 14 32
9 44 26
18 18 38
34 52 6
55 46 29
53 81 7
53 71 7
8 5 16
28 28 30
1 60 11
2 58 34
10 89 9
22 8 23
13 21 32
12 3 34
44 75 1
26 38 25
22 34 31
14 29 37
36 81 23
7 21 28
37 27 16
11 22 8
21 69 25
33 76 8
22 68 11
40 29 5
17 76 40
31 79 10
48 28 6
29 60 37
1 63 13
18 55 21
41 91 32
54 73 15
44 19 36
57 88 29
51 84 21
20 87 31
20 35 34
42 74 29
57 73 36
10 58 22
34 32 40
35 10 20
6 74 27
4 3 1
22 66 19
45 71 34
6 75 20
56 30 4
57 18 27
44 34 13
19 21 9
12 7 2
35 31 8
46 10 9
48 58 12
48 13 20
14 14 6
53 70 38
55 3 30
7 86 31
28 69 4
36 78 24
8 7 27
4 32 23
43 43 40
1 58 25
52 8 31
45 80 34
57 92 11
47 6 26
39 71 6
22 5 38
50 16 32
43 59 24
18 26 8
58 33 22
19 52 30
4 2 26
58 47 27
31 14 26
23 48 19
45 5 16
15 46 22
15 30 22
40 2 5
53 38 22
27 44 35
38 5 11
58 32 40
22 68 14
14 26 15
53 2 11
22 48 28
57 26 17
16 64 5
43 46 15
50 91 15
5 72 9
2 80 27
11 39 18
20 19 34
45 3 20
25 12 5
34 42 40
44 39 8
30 93 27
9 5 13
58 87 37
24 23 18
30 14 38
10 31 2
52 1 18
54 89 39
18 49 8
4 9 25
27 73 11
44 85 23
24 75 1
59 42 3
34 72 33
41 51 11
43 14 12
55 25 30
25 25 6
49 84 9
44 44 20
10 16 10
36 90 31
40 59 5
48 33 28
21 15 15
12 75 37
26 92 18
23 12 17
21 79 5
20 53 27
46 92 17
37 6 37
33 68 4
54 42 35
40 50 1
34 62 25
5 72 38
54 86 33
42 4 8
4 53 33
2 45 12
51 38 29
2 47 36
19 63 8
48 55 5
42 74 40
34 59 3
47 16 10
22 56 14
10 51 39
56 3 2
34 69 23
52 90 37
56 70 35
27 14 2
36 47 33
59 69 29
59 5 21
27 69 29
1 68 9
50 31 9
11 32 6
34 57 29
21 47 28
55 67 39
52 70 39
43 13 19
14 84 16
41 19 23
4 46 5
9 89 20
2 57 6
44 55 6
12 51 23
49 10 23
36 72 22
2 27 14
34 8 39
50 69 40
36 61 24
34 50 22
33 30 28
41 5 17
4 1 6
28 49 28
48 54 35
2 3 27
59 31 27
35 71 6
48 90 7
24 31 14
34 72 4
25 68 36
1 17 15
34 6 10
4 40 10
23 22 19
54 46 39
14 10 25
10 42 38
8 43 12
7 91 15
15 3 2
24 19 8
15 3 38
48 41 2
54 47 35
42 48 32
2 24 20
20 83 12
5 15 24
39 38 5
6 47 24
10 85 16
7 4 3
40 91 6
10 47 34
28 55 27
49 62 13
17 86 19
51 60 25
25 11 22
10 41 24
49 72 27
41 33 32
50 46 24
46 59 31
16 18 3
13 37 31
46 6 1
41 35 17
29 88 9
37 59 24
14 58 17
24 53 30
1 53 18
12 53 5
51 83 24
4 82 13
35 50 21
2 60 9
9 86 10
32 32 34
29 56 32
7 83 9
14 9 9
38 28 14
4 43 35
51 22 27
3 25 18
9 68 25
21 62 29
31 16 34
57 29 15
41 5 9
57 88 12
44 47 40
47 37 20
56 74 7
43 45 9
30 57 1
9 71 16
24 66 25
29 3 38
27 16 33
15 23 8
17 74 4
39 55 26
25 77 33
47 29 34
57 93 37
49 43 7
3 35 36
41 67 17
3 26 3
29 50 40
39 8 9
29 73 31
51 74 14
28 93 10
51 31 6
28 65 18
48 77 5
53 65 18
24 76 32
6 9 1
22 27 21
18 59 20
33 37 16
21 69 14
57 19 30
59 64 3
9 28 15
3 18 12
53 69 26
46 55 21
23 15 20
14 1 9
57 13 26
56 81 35
35 24 33
58 81 34
13 54 1
2 4 4
4 73 23
5 27 26
56 7 1
58 52 20
17 69 16
6 16 18
16 86 23
27 67 8
49 68 29
37 86 14
49 35 7
40 67 40
52 30 20
13 62 11
51 41 24
21 1 30
55 43 13
48 35 20
23 78 2
58 39 4
3 69 33
23 86 3
15 32 28
35 27 5
19 82 31
14 51 13
28 72 16
16 20 25
23 36 2
46 5 18
42 5 6
26 35 38
24 48 14
59 88 39
15 68 8
30 26 14
49 29 29
1 90 12
32 44 23
51 44 16
3 74 18
48 66 20
33 67 7
15 3 29
25 54 36
7 88 17
58 24 37
9 1 24
24 78 19
4 63 2
23 48 29
57 39 10
30 24 29
56 41 17
2 27 6
28 25 37
3 60 5
24 21 33
20 34 28
1 22 16
35 22 3
37 28 38
14 36 9
57 47 15
24 57 31
59 49 2
18 26 22
22 6 16
28 77 32
21 86 37
50 81 39
5 16 9
51 71 8
19 41 28
58 56 36
46 72 6
30 65 8
46 85 23
53 46 9
40 45 31
37 7 39
29 23 34
50 52 35
46 54 5
55 56 3
28 22 9
12 4 9
59 12 32
22 77 12
15 70 27
35 8 8
9 21 16
40 7 5
32 5 5
16 31 1
10 18 35
22 87 28
8 63 29
22 6 6
31 65 22
8 88 21
20 63 35
33 60 31
25 43 38
23 47 15
28 33 40
15 64 9
10 42 15
48 33 14
27 25 9
40 68 23
45 60 32
48 19 37
16 90 29
41 68 18
13 30 35
50 60 28
4 29 11
29 82 33
55 22 1
30 20 23
10 92 3
55 81 7
52 34 19
33 36 2
52 89 14
5 74 37
50 2 37
41 67 14
50 53 36
40 32 20
32 34 34
55 18 3
8 67 39
5 18 31
56 48 7
35 32 30
43 89 35
27 52 39
27 69 26
31 33 30
1 19 39
53 36 22
2 68 29
36 87 37
51 22 38
32 45 1
43 15 39
59 21 32
51 71 18
49 27 25
33 11 20
38 49 5
16 2 7
10 89 3
42 7 19
36 4 31
8 29 3
6 49 29
32 60 15
16 48 16
1 67 26
42 11 30
57 81 10
6 51 38
14 70 11
5 68 19
19 18 24
20 33 16
6 66 29
46 74 7
24 44 9
56 50 10
28 53 31
40 4 1
11 90 4
8 16 39
42 46 37
33 37 29
21 51 19
49 35 35
50 68 3
11 51 25
18 29 35
47 23 35
24 42 8
52 57 14
40 63 23
51 79 36
20 77 19
24 7 39
30 33 5
11 26 30
23 15 18
36 18 12
53 9 9
2 15 20
57 14 32
50 50 36
8 38 35
4 67 10
51 4 15
40 35 15
25 87 17
30 78 16
53 18 2
49 89 31
34 64 16
9 71 28
14 88 6
35 77 20
56 89 13
12 61 24
3 53 22
30 53 21
29 23 16
54 66 13
29 2 27
19 17 14
48 25 6
35 17 23
19 54 17
40 82 10
53 87 39
37 69 5
7 74 38
58 48 30
46 64 37
31 41 27
11 77 40
51 44 40
19 66 35
20 42 18
25 40 6
31 30 16
38 35 5
44 56 40
23 43 14
23 83 28
58 78 12
46 46 28
3 56 21
29 89 21
33 19 7
19 79 10
56 22 11
8 4 33
34 54 18
14 32 32
58 34 37
40 33 31
56 88 27
59 2 23
32 26 25
12 71 4
5 59 31
1 7 6
40 4 24
52 69 35
27 3 18
26 28 29
20 21 9
50 59 4
50 19 6
56 32 15
33 89 35
21 56 6
20 71 9
48 19 26
29 22 8
16 14 5
34 54 25
8 32 9
28 49 29
46 83 2
9 6 9
54 83 11
3 91 25
11 72 36
20 59 35
52 30 38
47 14 37
23 59 5
40 9 38
17 13 30
2 63 4
16 54 28
25 49 33
26 64 24
54 68 37
58 8 3
29 44 15
31 63 26
44 57 14
47 39 26
44 58 23
3 9 25
44 86 16
59 20 36
29 80 23
59 86 40
42 81 3
12 79 9
18 26 13
