30 66 3958 461
4075 2449 3311 2289 2130 911 4320 873 123 2590 3223 3083 3433 2835 4873 1240 1063 4406 4847 3953 1855 2423 2851 4818 3814 2308 4508 3562 2698 473 4205 1956 3941 2558 4232 4595 920 340 3192 3316 2921 3158 971 2672 1862 2656 1938 4696 2642 3079 2417 4032 1424 3190 3243 3602 463 1029 2191 3091 3333 3697 3124 4170 4317 3980 
344 4111 496 2681 1027 2222 338 3232 4412 940 534 2842 2793 2200 2729 4381 1393 1526 420 4613 2425 1393 3218 2793 50 3792 2592 495 3504 588 1262 3239 4058 2239 4396 841 155 3482 3386 2219 3143 2916 1782 448 451 2733 3790 4676 1988 1162 372 2369 4822 766 3649 1001 98 215 3757 942 280 1934 367 2958 3650 3049 
3999 3699 3107 2107 1806 3189 4579 4083 544 1518 2554 2952 4066 3482 558 3751 1469 3402 2335 1004 91 3401 3392 1563 1429 3622 239 863 4245 3818 4122 2872 468 52 2174 160 860 2702 1611 2328 1702 2481 1629 2961 368 945 1667 1295 613 278 3713 1931 762 2924 2803 153 4391 2142 2695 3055 1241 2653 670 712 3413 2181 
4481 1391 550 1452 290 1318 4359 2180 477 3716 1908 1440 1971 2715 498 666 1436 4069 3583 3644 1510 4800 889 2668 989 721 4368 1564 2391 95 1384 2444 4396 2213 560 1437 4627 397 2030 420 4482 747 1244 3703 4735 2006 306 4146 3540 222 1743 3862 3320 1933 3538 3488 4808 1251 3273 3560 3303 2332 2182 4601 1255 3498 
1523 4361 2635 409 3668 2644 446 3615 355 1983 1272 1518 2344 4739 2952 2582 270 14 4212 1225 2364 300 34 3172 717 4526 3602 1011 903 2451 3620 3994 2618 1454 2577 948 2006 1331 351 2687 3640 3121 2603 2159 287 4466 1961 2464 4445 1608 4707 4058 2352 2524 2917 2738 1295 1107 2732 2219 3101 3803 454 4772 385 3716 
1856 3730 1932 2727 3041 836 2345 751 3748 4627 2964 3625 3605 4765 4529 3281 3863 2606 3439 1838 2776 1748 1365 4733 3492 1877 176 1772 2125 197 3467 4794 1215 2493 1081 886 1235 2268 4310 4629 3137 2062 552 2101 4292 4841 915 2188 4294 4651 1317 746 3914 1880 4715 2952 2655 3516 4791 1195 4241 4422 4481 3874 575 3518 
1060 1954 4462 2575 1242 2589 3652 3328 611 1894 2341 923 1117 1904 3715 813 4169 3159 173 260 248 401 2426 2959 4215 2178 1697 711 2110 407 987 3281 294 663 4420 4513 917 2117 188 3618 1632 1080 2843 2843 3266 2865 2411 1616 1627 1311 4604 945 4595 2192 3511 3649 3082 4460 3957 4682 4821 4754 2920 1625 2793 2160 
361 699 1803 4557 2740 381 2115 3689 4161 2797 450 3826 2133 2271 3555 3098 1965 3146 3049 3433 4324 3783 3683 3211 2557 1377 1507 1058 862 1457 3653 953 1203 1641 3211 139 1919 680 1073 1410 339 1224 960 4542 1317 2587 1660 1837 443 458 4430 4464 1408 4283 2183 751 3537 1160 1956 4441 3656 4773 275 290 4365 1289 
1966 3431 4290 371 4658 628 4347 4516 780 4783 1328 3611 924 1156 1302 929 4069 2825 890 3289 760 4790 2290 3735 146 1827 2157 107 4811 3358 326 2614 109 1817 335 3705 4614 1673 3949 4351 1384 4563 4129 582 3263 1906 4057 4251 1923 1146 1753 1673 1369 3401 3746 2592 2458 1787 1812 206 3935 806 2911 303 4021 3203 
2239 61 2053 3807 2092 2350 4274 704 1379 1625 2208 99 3071 4667 2309 1565 4840 4884 733 13 4573 479 3225 2314 2569 2522 3141 3598 2401 3895 272 1641 4509 701 3062 1629 4620 1661 1829 4219 3948 3556 3321 768 77 19 168 1364 3479 1517 1255 625 1106 1596 696 3916 4508 4843 3664 3588 3168 3323 1293 2988 4606 3248 
825 2305 4324 4665 3691 118 4066 3220 1720 3660 3227 2006 2849 4541 4731 1898 3562 2259 3402 115 4430 4343 4900 2539 222 3915 3737 4298 4081 2778 312 1490 3077 4825 498 2112 667 1548 2388 254 43 4844 2864 3574 4124 293 2871 4410 270 2220 1521 4225 4715 4328 1386 1734 4494 1637 2569 1209 4017 4528 3018 1312 1984 84 
139 2675 3361 2250 1995 1069 3132 4449 2420 1434 3523 1540 3086 2230 370 3694 1623 2606 2012 4764 1286 4305 1211 972 171 245 119 68 3239 3552 4042 1590 760 36 3631 3743 3605 4465 4138 929 1537 196 2395 1359 2299 1099 946 2968 4507 720 3317 199 2732 3907 3477 3279 2435 4553 1516 91 1046 2774 2408 3893 3829 4893 
965 4533 2027 3164 1256 1248 20 3036 1198 4154 626 4011 4212 2371 57 4433 164 2957 1525 2821 1520 3158 693 612 846 2233 3439 1983 4348 1044 41 4693 691 349 3424 1274 988 2895 3003 3586 2907 4144 4243 2032 1483 4845 2123 4861 1734 4786 4114 628 860 470 2008 4634 2782 4476 3326 4045 1118 1374 4804 2988 3606 302 
4609 3573 3021 1619 2850 3544 2955 4281 95 646 2458 4837 1328 3641 602 3431 2607 3704 2902 3793 1878 2391 4780 176 3843 4348 2766 4301 1862 1223 1733 170 2966 1118 1036 394 1481 2120 4889 2089 419 3215 2039 18 2394 224 3408 1030 4901 1648 1464 794 2277 2968 3553 3717 4688 4280 658 2861 828 1337 4698 1006 2695 2186 
4346 4905 4512 1392 2963 1230 293 577 2269 4229 3895 4898 3943 3735 2340 3731 119 3329 1511 636 2771 3888 4390 1432 4731 2167 2859 4701 3639 4473 2680 732 1953 661 1936 3102 246 4697 112 1061 1198 2849 3741 4031 1573 2960 2295 3063 1366 671 4905 1660 2388 1786 3790 632 3571 4786 1841 2474 35 4504 283 4876 1329 4834 
3914 1766 3461 4324 4795 2931 2575 2487 976 44 1279 1953 3176 799 1928 2154 2415 3319 3885 946 959 1695 4116 2249 1511 1487 1462 4687 1266 2912 4726 1719 4303 3517 4343 934 4602 2349 2258 3502 3712 3605 227 4394 60 2159 3972 2656 1359 3563 2050 3595 2037 3106 3980 2080 4392 2350 3872 2572 1536 4046 1413 1924 4200 2064 
1432 1200 1290 2573 357 3148 3978 2548 59 4213 1347 3876 3056 3194 1582 2085 2475 3224 3893 2023 4212 2155 1966 3285 4504 4610 4410 1959 330 4780 2416 4886 3479 1036 1189 4770 4799 4842 2805 622 814 1144 2547 2472 1799 3349 1237 2625 1080 2899 2516 409 3664 579 363 282 1306 3106 4814 3288 274 1181 1876 1842 4685 4516 
4601 62 1819 4157 2225 3557 967 2788 483 3753 277 4717 3798 1799 4065 485 2629 2585 4404 1898 3174 3187 3399 3409 4103 3439 507 2147 2537 3615 365 4809 1327 1987 1170 540 3401 1464 3602 3418 3825 4137 2348 888 1795 3647 79 4501 4023 4208 3636 25 399 4005 3550 3321 1602 2828 2791 4908 441 2971 3831 652 1718 1800 
4170 461 1085 1451 4199 3197 747 2598 3593 2938 973 1109 2226 2196 3827 2080 1554 1599 2708 335 885 3128 2078 4733 4846 4321 2683 951 807 4234 348 3383 2362 2175 3790 2673 4159 4124 1309 4044 90 2461 1578 2831 3082 2354 4889 277 622 1568 3437 429 313 2162 4835 4587 4832 604 4412 4887 3062 1315 4621 591 1903 1322 
1300 1998 1041 2311 2663 4311 3309 4417 468 2388 4453 922 897 2799 1173 4090 600 71 3386 1485 3832 88 2160 3401 1354 3136 376 767 891 4817 185 2640 1996 905 4533 1073 4486 889 2336 2405 4247 2637 4240 1763 1910 2555 3139 572 533 4788 378 2898 3730 2531 4425 2769 3555 4749 1927 2039 216 286 2869 3513 2813 3804 
4646 756 1139 4871 815 4167 4425 2095 4145 4334 2326 967 4103 2818 3161 4285 2789 4278 2858 375 1264 189 1362 1958 496 3047 2031 3474 2952 3239 4513 2881 4829 4481 4445 227 1221 4410 2806 2136 3894 2390 3972 4298 3474 3916 3189 1998 3580 1033 1911 2423 3141 1606 1212 2488 1613 4392 3153 1246 259 3724 3696 3367 2416 615 
4000 2298 159 2957 3793 725 1584 3511 1210 1607 2994 4045 2317 1778 2322 3491 4069 3838 2955 1891 3860 4303 12 97 3105 2925 2553 1599 725 1039 4589 372 2204 4827 4479 4522 3030 2062 158 856 1584 2730 3560 3200 3084 704 2184 1605 1640 2377 2571 4826 3427 961 1423 3875 865 485 3380 1166 3979 132 1476 3132 1516 1700 
4530 111 1756 2963 407 42 3578 3985 3282 55 3932 2708 3233 4391 3131 1151 1385 221 2369 2912 1477 3123 2643 3470 332 4065 1038 3092 4167 2186 2739 124 2523 3545 2795 63 92 3145 104 4099 1656 1843 399 4039 1865 2187 2742 2813 802 1049 3177 1206 151 2330 1486 1631 4735 170 4578 1541 656 1513 4526 725 2933 1014 
2863 3137 4093 3731 2821 1767 69 1157 2237 4443 1265 3636 87 67 147 3408 1303 1033 2723 4024 2195 2300 3568 3807 1508 2776 1210 4373 4111 3372 4120 4748 806 659 1485 2706 3965 4228 3524 2991 2749 4872 3482 397 1537 1707 3598 1609 3801 2591 2363 737 3386 376 999 2996 1321 3589 1664 3132 4170 4421 970 117 2157 71 
2635 898 3121 2773 3996 3985 3259 1518 2738 1677 3189 1074 3845 4490 205 2771 3144 2492 358 3446 2353 3023 2370 4509 1835 4605 1297 97 3473 1762 423 692 4029 2656 905 3370 4208 2317 4505 667 4459 1394 4464 4545 1275 3954 3223 2972 176 1823 3898 4227 4198 2631 3478 776 669 2733 217 883 2614 3136 3697 2137 3320 1084 
3681 4625 3429 3903 4151 486 1428 459 3322 2445 4778 3528 2466 3444 172 3713 1506 3232 366 841 2063 3935 2406 1474 4713 3050 1198 788 3690 4178 900 3686 97 1459 4110 428 431 3430 165 886 2511 4880 4382 4054 2686 3745 4031 2861 3143 3263 3888 94 3291 959 4377 4632 4890 606 1792 258 4795 2910 2706 453 2550 4709 
129 2507 1915 472 4438 1128 2335 397 3915 400 4460 4436 455 1373 14 230 1559 823 1060 2788 716 1998 4848 3363 799 3601 466 2863 4635 1761 1673 3164 572 562 4202 666 4887 2432 4445 4077 980 3899 777 194 4879 3177 2961 4588 2831 2142 4298 1007 2009 823 2597 2343 3357 3041 4736 921 2703 3997 450 317 836 432 
2134 3125 4184 1729 2167 3938 2474 2310 4269 3550 1637 4762 3694 311 1726 3769 797 4137 2259 4619 587 97 252 346 1647 876 4410 522 554 3344 3952 1398 3239 4531 4212 442 1437 1676 2115 4307 2154 1253 50 1848 938 3080 3676 4268 664 1654 979 2977 2760 3055 4873 2923 3712 4708 2147 3636 4610 3510 3943 4849 3199 2970 
4270 4716 3778 723 3302 1890 611 60 3533 2172 3314 2100 4587 517 2601 2741 2013 1815 3042 399 3177 1550 3800 180 1717 4094 81 1898 4700 4553 1737 2985 504 2384 290 436 4001 2623 1777 250 4439 309 4035 1147 534 3106 608 2750 3775 950 4440 2962 2889 3220 1746 3571 3083 423 3187 2064 880 2673 139 2264 1264 4847 
1174 1306 2450 4299 1571 4664 4611 2708 934 2028 3567 3950 1715 4805 518 2294 180 53 620 1519 2789 724 1946 85 1138 3920 4139 2490 4890 4045 4483 1986 2772 1594 4096 224 3437 4467 2879 58 3015 3981 4859 3937 832 3416 4431 4579 165 802 4117 2128 2525 2025 2339 2247 3401 3730 1983 2365 3146 1349 781 1594 4839 94 
2 6 32
3 44 38
23 56 23
15 13 30
2 55 39
19 24 5
15 8 9
8 15 2
7 10 26
10 30 12
26 2 21
2 52 9
3 5 7
1 36 31
1 29 38
13 56 31
14 3 21
2 36 16
6 28 30
13 29 31
24 23 12
28 42 32
11 24 38
15 57 12
21 32 38
25 34 22
25 40 11
15 52 9
10 62 21
12 44 7
3 4 9
24 51 37
19 4 17
6 61 7
9 10 3
20 44 18
2 32 23
19 55 26
27 60 37
25 52 10
24 37 3
8 1 20
11 37 39
25 9 6
7 9 18
21 20 1
17 54 28
12 50 12
28 43 36
12 61 24
13 16 32
17 45 4
4 38 5
14 15 1
11 7 12
24 59 7
5 10 3
6 36 21
9 54 10
25 31 17
13 60 13
6 6 39
16 61 40
20 9 36
14 60 7
8 1 37
27 5 13
1 3 22
1 52 7
23 15 17
4 20 5
14 3 7
15 49 7
21 2 13
27 6 21
23 32 6
9 46 30
19 9 24
27 21 5
4 64 7
5 36 28
5 64 1
16 32 34
7 10 23
5 1 40
27 42 33
11 64 30
25 3 30
5 40 32
12 31 3
19 13 23
2 45 14
5 14 28
1 31 29
9 40 35
20 18 35
15 50 11
13 30 7
2 5 10
26 38 12
4 44 9
9 33 2
22 8 34
20 13 23
21 3 7
20 9 5
17 39 12
1 23 9
12 38 16
1 49 24
25 25 38
28 60 14
20 47 12
20 53 8
27 52 5
26 49 23
27 49 26
24 7 14
19 19 31
21 34 20
28 56 27
21 62 35
24 57 3
24 23 20
25 7 18
3 60 28
18 49 39
23 43 24
21 27 38
8 41 18
11 59 39
25 32 39
9 26 11
2 42 38
27 26 27
5 26 36
4 36 38
20 19 21
4 2 18
11 63 38
1 42 2
23 22 33
25 20 7
3 55 15
16 11 13
22 55 20
25 7 18
16 11 38
19 40 31
17 14 25
6 9 2
13 1 10
21 19 34
6 59 29
17 1 10
6 49 9
9 50 13
26 44 13
19 38 34
10 61 11
4 57 21
23 15 19
12 50 3
2 57 30
24 8 10
6 7 18
14 56 30
22 13 34
11 43 31
9 15 10
2 12 5
17 13 16
13 36 24
18 29 33
28 49 30
13 4 37
6 30 32
25 38 3
16 56 26
21 62 4
22 42 16
12 42 19
12 25 28
15 6 39
1 28 2
26 61 23
17 52 15
22 34 3
27 1 2
1 15 9
14 51 4
4 7 1
6 15 24
7 20 13
16 39 11
8 31 2
20 46 39
12 31 27
21 64 3
1 14 5
27 52 37
14 53 13
15 24 18
24 27 15
14 27 7
24 27 36
4 58 19
13 5 24
27 36 25
2 45 39
22 45 7
3 21 13
9 63 25
20 1 29
19 37 34
11 14 23
7 57 11
1 59 33
13 15 25
10 45 4
5 5 22
12 53 21
11 34 19
9 57 40
11 26 29
17 34 28
26 48 2
1 9 38
22 46 1
2 40 2
8 62 7
20 14 14
10 34 39
20 59 15
9 59 2
8 60 1
10 62 23
25 51 27
12 31 5
20 21 4
25 63 3
19 26 29
19 60 5
9 54 15
9 6 21
7 58 30
18 13 4
6 50 2
20 28 8
15 58 30
25 49 22
21 12 17
25 61 17
25 6 16
17 47 5
4 36 16
1 33 39
25 32 21
3 53 34
2 61 34
21 36 33
24 46 32
7 14 35
26 22 16
16 46 2
21 20 13
13 13 16
6 28 20
26 52 37
27 17 22
3 21 33
26 54 12
18 4 35
15 60 34
16 46 12
26 38 11
19 2 15
1 17 4
7 18 29
3 32 28
4 32 21
10 18 14
10 29 36
1 24 11
9 50 30
26 62 33
28 53 2
6 47 1
12 21 7
4 37 29
8 53 8
25 22 17
19 7 32
13 57 32
17 64 14
8 36 31
18 13 16
5 4 7
27 51 38
4 48 5
8 2 20
22 37 33
8 5 26
8 26 1
23 40 9
12 30 38
10 12 27
23 35 18
1 10 40
2 2 21
11 2 27
6 4 38
19 48 30
3 7 11
28 14 20
18 5 2
6 35 1
15 54 26
8 26 37
18 40 35
8 58 2
5 47 15
17 27 18
25 42 36
10 26 7
24 55 30
26 19 18
6 31 20
19 31 11
28 61 12
13 53 1
13 61 20
6 64 32
21 56 28
7 6 25
26 49 28
8 51 11
16 7 34
25 2 2
17 4 1
4 60 24
19 62 8
22 63 4
13 62 5
20 3 6
16 54 4
12 26 24
5 43 30
25 64 16
19 2 34
7 26 3
26 29 4
6 45 31
6 52 36
26 45 15
2 50 19
19 43 20
8 59 16
4 64 14
22 17 37
1 53 39
7 17 25
19 50 12
26 36 4
6 26 2
11 18 32
28 46 30
17 18 19
3 5 28
19 17 40
24 10 1
15 49 16
10 11 19
23 48 7
19 13 4
8 41 18
8 36 37
19 7 33
8 35 8
4 30 21
6 56 11
14 24 1
11 26 32
20 9 5
17 41 33
26 61 29
14 58 13
4 6 38
4 37 39
2 15 13
23 13 10
16 61 4
14 29 9
9 50 16
22 20 15
22 6 2
24 39 28
22 38 28
23 43 16
22 43 19
9 48 28
28 15 10
20 44 2
11 42 5
10 17 18
24 21 7
15 52 24
21 52 25
16 17 29
23 59 26
18 30 36
3 26 28
26 20 36
8 13 11
24 13 30
23 15 7
21 47 36
21 19 1
5 40 22
11 50 35
24 45 23
8 15 21
15 63 24
26 58 7
11 12 31
5 6 2
1 30 24
26 55 6
27 14 14
16 29 40
9 51 40
25 7 16
9 27 3
21 63 26
24 15 38
26 28 36
6 59 3
9 37 15
5 47 21
22 12 10
21 33 13
4 2 39
26 35 33
25 57 35
7 35 20
10 30 7
9 43 34
23 7 35
6 42 9
10 57 35
23 7 24
9 15 19
17 20 26
24 25 31
13 12 9
9 36 9
27 9 8
27 1 9
19 6 7
13 62 4
17 54 34
