9 91 913 138
4262 2431 873 1679 4801 4055 4847 1608 3395 3028 4673 2518 715 816 3051 4294 942 3381 4067 1691 3314 1485 1624 2492 4539 407 2782 3945 3352 4500 4705 2357 4305 658 433 1335 3043 1004 1715 4825 2693 1064 1014 4340 904 669 4539 484 1305 1649 3935 4873 727 1470 1031 4462 900 4336 2275 1967 3499 209 2038 3020 3412 2124 4342 1652 1122 4604 2642 3271 1172 3378 2783 1761 1825 4095 2951 1393 3403 4884 2860 3035 751 4726 4722 4389 4317 62 2296 
899 1569 4402 4171 1615 4146 2125 2463 1736 146 1644 2598 3982 4581 4432 4552 892 4277 4776 3760 503 4209 2385 4362 2976 2949 4827 2447 1542 1153 1553 583 4534 801 4025 4248 1276 1573 1625 3274 2530 4305 1922 114 1792 4483 930 1049 152 4262 4074 1863 2370 3172 3780 3532 2311 414 1862 971 830 661 4312 2438 4230 2495 637 3348 1131 3519 143 4589 2228 2079 3112 4898 3074 3714 2162 2285 3132 3909 3151 4206 123 3485 3127 2467 195 799 2210 
2908 2854 2260 1229 2165 2189 2839 3136 4326 3812 3047 4557 4701 2707 2574 946 2587 1702 3877 2367 900 3293 4007 1209 4644 3178 4784 3035 2424 4369 4454 4835 1484 86 3235 4563 36 1656 766 2123 1980 4585 1162 4843 52 2491 4482 628 4017 344 3845 3321 4443 4176 2673 4764 4115 2490 1955 812 2104 235 3404 3517 1021 3667 2761 542 878 3257 2127 4274 3840 1311 1347 34 3727 736 560 76 2622 3572 4404 3862 273 1651 142 3834 2646 722 4786 
336 2057 4457 1143 99 4347 2833 2249 3193 4087 2548 592 4257 3187 724 413 902 1476 2440 2943 3777 1658 2401 4314 420 82 1682 4780 3263 2381 4435 34 652 516 2179 4254 4264 1431 3972 2027 1594 4665 3497 3884 1953 2292 1448 182 4469 2055 383 1075 3583 3448 4157 2493 3489 2349 117 1128 1363 2038 2817 2913 493 254 3077 558 232 3343 2295 4133 1453 385 3787 2427 1321 2587 2717 793 4044 598 2382 4168 4817 4756 4765 1430 1418 113 2908 
2462 4082 2383 1521 2018 4030 1967 633 2181 2888 3942 3742 1642 4211 179 949 2923 672 951 4547 131 477 2013 983 1589 4612 3186 1459 2024 3822 4675 3453 1685 1198 3138 3839 3464 3341 3777 1234 1654 2433 1581 4004 3517 2070 4349 4614 4355 3780 1931 4207 4283 4848 1498 3166 2863 877 4803 1827 4545 2928 1927 361 1844 2540 1110 2898 2756 1309 1970 591 2732 3353 2450 3080 1879 3647 711 995 4617 2815 1781 3735 20 3173 588 2489 512 2481 3582 
4671 1016 4738 2996 1747 3767 1929 4242 4479 1981 1445 2747 592 3443 927 627 1449 4211 2052 1152 1888 3464 1692 3128 3965 2001 744 4824 1440 2711 1467 1280 1699 3133 2619 3027 1349 4729 1149 2794 2060 3728 3833 913 2876 4854 3047 3471 2375 3078 2989 1022 1806 1788 1460 1467 4690 3205 3981 3048 729 3471 388 4032 37 2796 1122 4879 4868 3242 837 547 2093 1328 2303 3877 3627 1474 4270 4327 731 980 188 3447 32 2124 1603 2273 1142 84 3524 
1822 4497 3050 1673 579 1869 2472 1818 4855 3639 171 2410 3133 1492 4626 2428 2989 4302 2268 293 566 2453 2124 1055 766 4299 576 2577 146 1300 4245 2634 2272 2255 186 3112 511 4901 2683 168 4146 3418 1070 1398 2685 660 3270 1547 4897 3978 3910 3651 3040 1115 525 4554 1297 1393 4469 4659 3275 323 1459 2738 2662 1039 254 4368 240 4051 516 3211 1917 506 154 1623 2922 3028 4731 4309 425 2725 4448 1845 2672 4732 3627 4804 3423 2488 2225 
3134 332 311 84 4878 2181 4901 151 17 4100 4163 4062 4384 4298 3185 4680 1185 1348 1132 48 249 3285 1304 3505 4891 1963 86 3256 814 305 1493 3069 4300 2086 1881 2328 2603 1070 518 3804 3209 2569 4543 3977 3654 317 489 1772 4186 2083 3102 4291 1380 1807 2092 3698 996 3630 1575 1695 2533 523 3238 4454 3499 946 1884 1226 575 1962 2831 4608 1956 716 4328 167 4394 2746 796 4850 4273 517 1587 259 2621 95 1432 3485 1655 461 3297 
4679 3827 936 3878 4814 3572 328 2128 3344 103 2653 3900 3376 4845 3775 4174 303 1666 1980 3042 3305 3702 3487 2699 997 2239 1610 2801 1034 4679 709 942 921 784 4876 1919 2842 243 1144 4646 3715 605 4798 1396 3031 4673 3940 4266 4855 1142 4436 3468 1583 4240 1687 2284 836 3923 3780 1815 4222 2546 794 227 1664 1443 2353 678 2889 3023 4223 3270 1188 2291 4227 3809 4509 2114 2692 3562 3155 40 3582 3586 701 4177 2089 2614 1166 480 3628 
3 49 15
5 37 25
4 9 18
3 63 34
2 6 3
3 47 32
2 1 3
1 66 10
7 11 12
4 17 26
5 84 13
7 79 18
6 66 10
2 39 22
5 72 31
7 80 21
7 11 10
7 60 39
6 7 29
6 55 29
6 28 15
1 51 15
7 48 4
5 81 3
2 41 1
3 28 12
3 33 3
3 75 7
2 18 16
7 70 40
2 38 21
7 76 26
2 63 35
7 4 37
6 19 21
5 53 15
5 31 19
5 25 30
7 11 33
3 35 39
1 49 29
5 30 3
3 19 10
7 73 38
4 44 4
2 6 9
2 22 11
4 14 24
7 58 32
5 46 28
7 44 15
2 84 15
1 81 14
6 65 8
5 44 6
6 83 1
7 86 6
3 59 1
7 73 23
3 62 7
3 37 16
2 52 39
4 1 23
6 87 15
7 21 28
7 43 11
4 35 33
6 57 22
6 76 12
6 80 29
2 62 37
7 21 28
1 28 2
4 81 12
1 85 29
7 24 34
7 52 25
2 16 23
5 51 11
6 27 5
5 66 8
6 44 2
1 54 14
1 56 7
6 51 31
5 37 30
7 23 36
7 24 24
3 36 34
7 57 1
3 44 29
5 72 38
6 9 2
1 67 30
3 29 34
6 88 7
5 27 37
1 35 14
6 10 14
3 73 29
4 29 10
4 19 23
6 8 27
1 32 36
6 84 20
5 23 30
1 18 10
2 67 35
2 2 1
7 22 14
5 86 8
3 41 23
7 63 14
4 28 4
3 9 17
6 4 20
2 25 9
5 27 33
6 52 2
7 79 12
4 8 28
1 47 33
5 20 40
2 35 22
3 15 8
3 62 29
6 24 31
1 52 20
2 4 40
1 6 19
1 18 2
5 58 27
7 36 29
2 37 35
2 43 5
1 74 25
5 38 21
5 13 19
