14 54 2752 10077
1229 271 74 1624 4222 1700 1548 3570 1093 3816 4542 2268 2469 528 3216 277 4877 1607 3864 3165 2519 255 2087 3812 3066 2821 856 1395 2887 4298 2847 2416 1668 1421 2878 438 2018 2357 4017 4596 2034 3282 3370 143 2931 3593 645 2536 196 4676 1664 2486 1155 3376 
4495 4103 941 795 3900 3047 3216 4536 3124 3535 3824 1263 2993 3058 1649 4542 962 2221 2891 1444 532 4601 355 3374 2533 1123 3847 1680 2417 1773 4028 4778 83 306 4904 1182 4550 1430 4209 4400 4603 3066 1395 2379 844 578 657 3660 3661 3780 2023 3895 2914 590 
4845 1207 188 3511 1710 807 3269 2444 3000 3245 3372 644 4229 2199 1211 1928 4368 2152 862 3040 2862 3820 1216 49 2672 1415 1480 1631 10 1819 2551 1049 3367 4452 3705 3394 934 2494 146 1003 1046 3700 1166 2373 1332 3802 3245 662 3228 2685 451 3837 4345 4000 
1174 3864 2038 2113 3242 2308 973 917 2826 3326 2265 4733 4017 1579 947 486 3244 889 4846 1868 1879 4401 1456 478 1445 2772 2825 3723 1803 3641 2861 4816 3721 178 3977 403 1418 3006 434 2563 1813 731 2400 1508 4767 3593 4884 3718 4741 1056 3912 4485 2794 1534 
3589 4655 3427 2729 611 2853 3670 4011 1028 2291 3271 3545 1875 4534 1247 3580 3780 874 1330 200 17 2357 1506 3825 2845 620 1636 475 4830 1713 2641 4438 2398 2741 1656 162 3175 878 2085 1981 3176 2947 1752 3686 4788 2043 2076 183 1873 617 2521 2000 3537 4901 
1319 288 480 3055 219 3864 3037 4490 703 2040 1194 591 1486 2226 1998 1498 3249 2987 2898 2200 1434 3676 2481 165 4430 4619 1771 2032 2669 243 2573 4443 4475 801 4690 3270 2154 4137 4814 4706 2043 3542 1619 1592 1435 2679 4334 2413 3340 712 1213 3178 3881 565 
285 3769 3604 1224 4779 1581 3026 4236 1871 2838 1998 1009 764 684 1599 384 1513 299 4367 3264 4361 679 4078 1397 1613 2352 3851 2268 1467 2464 328 1510 1284 4317 4079 2972 425 3731 3172 2254 2574 3880 3867 2812 4231 492 3139 2376 3801 1978 795 616 1287 4075 
3672 601 2765 4429 3655 689 545 1574 2480 1950 4421 4351 869 1005 860 4551 1499 33 4317 121 4739 4634 1246 3700 1759 1989 3634 1971 3472 1687 3114 1249 4395 2323 182 1122 2082 2558 922 44 1046 4188 3838 4005 1282 3591 2984 1036 1818 1696 3641 115 4802 2708 
2895 3280 3227 4659 1154 2799 4697 2470 4588 1812 625 2186 588 4576 3242 2959 4328 4453 3882 2910 4134 3437 3820 2804 796 1663 1593 1694 3431 2982 2443 3385 2725 1155 1610 3257 3411 3175 2976 2696 4804 127 2527 4016 3251 4633 1953 848 1744 4368 1876 1326 2545 1593 
2791 1229 3869 3865 1000 2484 3989 3601 2850 2375 4104 1905 2115 2198 4709 4724 905 1312 4241 4847 4083 1372 3902 1589 304 954 3818 3415 4647 4036 1764 1092 3953 694 3154 2132 3409 4018 221 3927 3339 4410 4701 2798 1053 3561 2483 334 4274 2968 3024 1080 1329 4408 
4797 969 946 2206 3915 2572 3969 1314 4365 4534 2186 2028 1699 2240 2394 4273 4550 1032 4396 27 1791 4653 1328 4250 4591 2929 2797 1237 414 1980 2033 4257 1492 4634 1597 2080 1182 4291 2128 3633 3571 2240 4479 1136 2505 2396 4263 992 2465 874 2356 2383 3692 4316 
4651 4164 3539 1966 1068 2262 422 3556 2286 2341 248 3111 584 2173 342 3141 2298 3897 4635 408 248 1013 2501 122 2822 4456 2380 3887 2902 1993 3214 3071 83 904 929 4456 1740 619 3943 4415 3526 1700 2356 3446 3599 306 2918 2179 140 4613 3349 1503 1484 466 
2442 351 4351 2482 3429 1598 1484 1089 1349 1574 2793 402 3730 3720 4630 514 2122 2223 1381 4458 4395 4382 2290 3447 4570 1146 1132 2173 82 565 815 3678 3334 255 4818 145 3681 3869 4175 211 2773 905 955 4270 2175 3251 2152 3900 342 1196 242 702 4609 2166 
3072 2659 3471 585 4820 1780 338 2344 4302 1584 4088 4696 2612 1923 4679 3665 739 716 2775 4856 1857 3282 2785 2622 467 4722 4236 1212 4557 2695 711 2480 3259 3178 96 2289 95 4180 1842 464 1754 3480 394 3703 2697 4870 2512 1845 2634 3618 4823 3837 844 1474 
10 45 22
10 22 24
4 21 30
11 29 15
8 13 8
9 26 16
5 14 36
1 26 23
12 41 32
12 2 34
2 24 11
4 32 13
5 41 33
2 36 33
6 51 20
7 51 5
11 40 6
9 22 37
8 17 30
7 18 8
6 46 13
2 15 26
5 41 21
5 11 13
1 21 18
7 17 27
4 42 1
1 35 16
11 11 20
3 17 19
11 25 3
7 2 13
10 40 20
9 29 20
9 16 14
10 49 2
9 42 23
3 36 17
1 36 22
10 4 28
3 43 38
5 52 7
2 43 29
2 39 31
11 10 13
9 35 6
10 46 6
9 49 4
9 5 24
10 25 12
7 20 19
6 7 38
10 28 8
7 38 22
12 15 37
6 41 31
6 11 39
4 39 9
11 17 32
11 2 17
1 52 29
5 14 22
3 51 18
5 25 33
2 32 32
8 19 34
4 10 40
10 33 23
9 1 33
12 27 17
6 21 16
12 45 14
12 6 22
7 33 28
7 9 22
3 26 14
12 15 1
12 38 6
1 40 15
10 26 16
10 11 11
10 5 18
3 27 13
5 8 30
5 21 25
2 34 38
1 37 4
1 9 31
5 26 1
6 23 18
11 6 24
5 6 27
4 31 15
2 30 40
5 38 39
6 50 24
9 14 13
8 25 3
2 18 25
3 31 9
5 1 2
5 29 39
7 12 33
3 21 32
7 26 19
12 40 36
6 45 37
11 40 30
11 24 7
3 42 30
11 26 9
1 31 7
4 28 34
10 1 9
8 41 18
3 33 27
10 28 27
9 7 29
2 35 18
4 41 31
3 17 8
10 20 8
1 38 28
10 27 11
3 30 11
7 42 11
4 39 15
6 42 8
11 52 31
9 50 23
2 20 34
5 21 6
1 1 33
11 31 24
11 1 32
5 46 35
3 1 31
8 31 3
3 32 31
4 30 18
7 34 32
12 37 27
7 24 19
1 4 34
6 18 19
9 31 26
4 25 31
5 33 26
10 19 7
3 31 7
12 5 27
8 36 27
11 19 39
9 39 12
3 25 35
4 24 15
5 12 24
11 14 36
3 22 22
4 29 27
6 16 9
7 52 4
4 46 12
7 48 4
10 34 7
5 20 19
11 8 19
7 31 26
2 31 14
10 34 25
4 7 20
11 10 8
1 20 10
6 10 32
6 3 23
11 23 15
7 23 30
10 1 3
4 26 33
5 20 30
8 34 19
3 18 17
11 29 35
8 43 6
7 15 34
4 22 21
10 33 23
10 21 21
1 11 35
4 41 27
5 30 32
9 12 28
5 8 26
8 34 13
3 24 8
10 23 18
11 27 40
4 32 22
4 27 40
7 35 12
2 2 34
8 48 17
6 45 31
9 28 31
2 11 20
6 18 10
10 21 27
5 47 6
11 44 39
3 40 11
10 51 39
5 3 33
6 29 11
8 3 1
10 41 36
3 13 7
6 18 7
6 42 22
8 43 20
1 5 32
5 31 6
10 31 9
6 45 24
11 1 31
10 20 30
4 2 31
3 49 10
7 52 10
2 1 14
11 12 32
1 32 14
12 1 8
6 13 35
5 12 21
5 4 29
12 40 5
1 15 12
4 4 12
11 14 35
1 33 29
8 45 25
12 23 1
7 6 37
2 35 15
4 11 33
4 41 40
8 23 38
1 40 26
5 11 28
4 47 14
11 42 14
7 42 28
1 5 20
7 26 25
12 13 22
3 12 34
11 19 10
7 37 39
10 50 23
2 48 34
8 23 20
5 47 29
2 50 27
10 28 13
3 37 16
8 1 6
10 9 14
12 8 17
11 17 1
11 1 32
4 18 29
3 18 5
6 19 5
2 33 37
6 16 17
5 17 19
6 19 13
12 3 33
11 3 19
11 41 19
5 5 33
7 27 26
7 13 30
9 44 35
2 36 30
9 24 17
6 51 18
3 20 4
8 47 3
6 9 31
1 28 8
7 32 19
3 11 31
10 45 8
12 42 27
1 33 33
3 10 23
1 8 35
3 10 4
9 11 33
8 35 7
6 30 35
7 33 6
11 52 9
5 20 36
1 14 11
11 28 4
4 26 12
12 18 22
1 13 1
4 25 8
11 18 32
5 4 32
11 47 37
8 1 30
3 15 13
7 10 18
10 10 37
6 27 32
7 35 1
2 19 3
11 41 1
10 12 20
7 33 14
4 31 34
12 42 20
9 46 20
11 45 38
10 38 17
1 10 40
1 34 33
6 5 4
1 35 34
3 14 22
9 12 17
5 47 17
8 41 19
4 51 18
3 50 33
12 49 22
1 10 31
7 13 27
7 13 23
6 29 19
6 38 13
7 25 12
4 30 1
2 2 33
11 21 1
9 6 21
3 1 18
12 31 28
8 9 38
6 50 18
4 14 7
4 4 28
8 18 15
8 13 23
3 37 23
10 1 2
2 46 10
1 37 12
1 33 35
4 11 27
3 20 29
5 14 4
9 9 17
7 51 24
3 22 7
1 48 11
4 40 3
8 21 18
9 11 38
5 17 18
12 21 14
10 7 30
11 50 17
11 51 38
8 34 37
3 49 22
8 18 13
8 33 24
2 42 21
2 43 12
9 23 10
10 17 30
11 6 5
7 51 16
12 47 29
9 52 21
1 47 34
4 10 4
11 9 1
8 5 1
2 2 21
3 3 37
2 20 39
2 14 7
6 42 12
10 11 11
7 19 26
12 37 37
9 17 24
12 51 27
8 30 3
3 14 27
8 27 14
3 12 17
12 3 15
4 31 27
2 10 12
7 23 40
9 37 11
9 25 14
10 14 21
8 22 2
6 42 33
8 28 2
6 8 38
9 15 23
5 35 39
5 51 23
5 44 17
3 20 8
2 44 39
3 18 40
10 6 21
1 20 28
6 49 31
9 27 25
8 5 4
12 29 1
11 24 5
11 37 35
1 30 18
3 24 31
5 15 35
9 43 35
1 2 31
6 30 35
11 10 5
9 35 29
12 27 34
2 11 1
10 33 37
3 27 4
3 48 35
3 12 4
7 39 19
3 1 18
4 36 19
12 43 24
3 30 7
7 8 35
12 29 3
5 6 19
5 40 24
11 14 4
1 18 5
3 30 3
8 19 33
6 11 4
1 22 38
1 48 8
2 3 15
12 21 5
10 28 7
4 2 30
11 21 28
2 16 9
3 33 15
8 39 30
7 43 33
8 21 31
3 39 24
2 11 18
8 41 23
1 35 29
2 40 21
12 25 37
6 43 28
6 4 39
4 13 23
8 34 10
12 48 39
4 44 39
7 48 18
2 24 8
12 40 37
5 51 38
1 23 4
12 13 17
5 34 7
3 52 17
3 28 14
4 18 33
8 9 20
3 16 28
11 15 8
6 14 33
12 25 25
4 21 29
1 8 5
6 45 22
1 37 24
4 49 15
3 27 29
12 50 19
11 27 12
2 2 19
10 44 34
4 39 36
6 26 39
6 16 27
1 51 7
8 32 12
8 21 14
4 13 11
1 50 5
6 14 6
11 1 29
9 25 34
3 34 10
10 7 23
3 21 14
8 45 27
6 38 24
4 38 30
10 34 17
11 39 20
12 2 25
11 12 27
5 10 40
5 25 6
4 28 4
12 18 29
4 47 28
4 34 18
8 43 19
2 48 30
7 20 26
8 25 31
11 3 32
10 6 40
12 49 2
4 9 39
9 24 29
5 6 3
6 25 23
7 9 32
8 31 6
6 28 9
5 43 19
6 33 3
11 18 37
1 11 20
4 46 28
5 10 1
6 18 30
1 22 7
4 40 3
11 13 8
12 23 4
7 50 22
1 21 38
6 44 23
11 7 22
9 1 34
9 8 28
9 34 4
2 18 21
6 21 18
8 51 26
6 12 25
9 16 20
5 27 40
5 10 22
11 45 15
7 34 27
2 13 21
6 47 24
11 4 12
6 26 35
5 15 13
11 28 4
8 16 5
9 40 37
11 2 38
7 25 37
1 2 16
11 21 21
1 19 8
11 52 21
4 50 24
7 18 3
9 7 4
2 13 13
11 22 38
6 12 13
5 26 7
6 26 7
3 35 30
3 37 18
12 23 28
6 47 37
5 44 40
8 43 25
8 24 25
11 36 37
8 21 13
7 9 13
10 3 13
5 29 23
10 19 21
3 12 30
10 20 18
4 43 8
12 43 24
1 9 31
5 23 21
11 14 40
3 42 28
11 36 27
2 18 34
9 4 24
3 20 40
8 28 9
5 4 40
3 33 38
1 35 7
7 38 16
5 39 13
8 6 16
11 1 14
12 15 19
4 6 6
2 49 13
11 25 22
8 36 24
10 47 8
4 41 19
7 52 10
1 39 37
3 5 20
7 29 20
6 42 28
2 32 28
4 42 3
5 8 21
12 29 1
2 52 39
11 20 38
3 50 11
4 51 5
1 44 20
4 27 10
3 14 20
1 18 6
9 46 7
8 41 7
11 47 36
10 34 2
2 18 31
10 48 10
11 23 20
10 49 4
7 4 21
9 51 39
1 36 20
10 15 26
7 38 25
7 19 20
2 41 33
4 37 4
11 2 37
5 15 37
9 26 17
5 19 14
6 25 25
2 10 32
4 25 26
9 51 5
10 30 26
1 1 25
11 50 27
10 15 29
1 46 28
6 10 38
8 47 35
12 16 1
8 38 16
1 31 3
11 42 7
3 27 34
12 38 22
10 26 24
4 22 30
1 6 4
12 45 19
12 48 38
6 14 35
11 5 21
12 31 4
2 22 25
3 51 19
2 11 34
12 25 27
2 48 19
6 4 26
6 14 17
7 24 38
4 22 4
1 13 36
9 37 8
10 43 21
4 7 14
11 42 19
1 49 13
6 47 13
3 43 31
3 8 2
4 38 13
6 26 22
9 33 9
8 38 29
7 3 38
1 1 14
12 28 3
5 16 3
3 26 21
3 38 25
1 2 37
2 15 39
3 21 33
10 2 13
9 17 18
12 11 28
1 50 17
8 35 6
11 2 6
9 46 9
5 8 17
2 10 35
6 34 24
2 31 21
10 2 37
12 17 40
2 38 14
5 40 3
3 13 23
12 1 6
11 21 23
8 6 22
9 47 32
12 29 28
10 47 6
1 1 19
12 35 28
7 34 36
8 20 10
7 14 36
12 17 38
12 31 22
8 50 14
11 8 33
2 30 11
11 32 17
8 44 8
12 20 28
6 30 34
7 41 2
8 47 19
7 28 31
5 33 2
10 35 13
3 31 13
5 44 7
7 25 5
2 33 21
7 48 24
2 39 1
9 27 12
5 31 8
11 44 22
10 2 32
2 46 1
7 18 12
3 24 17
3 42 30
6 22 22
12 22 33
8 20 20
4 37 11
4 23 35
5 15 2
9 17 11
10 29 25
10 17 30
1 19 22
6 28 5
8 26 38
1 19 23
10 18 8
11 46 14
3 47 22
9 6 39
9 50 28
10 43 15
3 13 21
11 42 6
10 45 11
1 5 9
7 22 18
3 52 4
7 37 23
6 46 23
11 50 8
4 38 21
10 37 35
8 40 38
8 45 40
4 26 26
5 32 35
2 7 14
10 24 1
4 42 22
11 34 16
11 29 19
8 12 33
6 16 13
3 4 8
2 1 27
4 40 30
6 15 9
5 11 40
6 27 35
7 37 25
2 38 34
8 2 17
3 37 29
3 49 13
1 8 7
7 24 4
9 10 19
6 32 25
2 15 12
10 45 15
11 52 39
8 17 12
3 2 38
5 28 18
7 23 25
8 44 25
5 42 10
7 35 7
8 34 34
12 25 19
3 17 2
11 51 39
4 42 33
6 50 9
10 10 39
9 22 38
6 41 28
1 50 11
12 49 13
5 40 15
11 40 27
2 20 23
2 34 26
1 49 39
6 8 19
10 7 16
5 25 1
12 11 20
5 20 22
11 45 32
10 47 34
4 46 6
7 44 12
9 12 13
5 31 22
6 34 33
2 12 4
4 39 8
5 47 35
12 46 36
7 7 15
10 34 9
6 48 24
9 35 33
1 14 38
11 43 22
7 42 4
5 37 18
9 49 4
11 13 21
8 3 22
6 27 30
3 33 10
10 8 2
4 30 5
1 13 7
10 52 1
2 34 12
11 10 40
3 34 6
3 52 40
3 23 12
7 6 36
3 11 14
4 30 28
8 28 37
7 20 39
1 46 17
5 4 38
8 27 33
6 5 10
9 22 3
8 33 23
2 48 4
2 38 6
4 13 36
3 33 7
12 40 2
3 33 25
11 34 18
12 25 22
7 46 32
4 52 2
3 37 18
8 49 32
1 12 39
2 26 26
8 31 23
2 20 34
2 33 32
9 6 5
9 28 21
11 29 5
9 17 34
2 52 8
5 19 8
6 44 9
10 27 8
6 45 12
7 23 5
10 35 38
12 6 32
9 45 36
6 34 31
1 17 28
12 31 26
1 41 8
11 22 6
6 44 22
1 12 25
5 21 7
7 23 13
6 34 27
5 29 12
9 34 4
3 24 10
10 21 3
5 27 31
2 41 10
12 33 12
3 27 13
3 24 1
2 31 24
7 34 29
3 8 37
8 39 10
11 39 4
12 28 26
10 35 20
7 32 37
4 23 10
4 30 21
11 6 26
1 30 21
10 23 29
4 33 16
5 35 1
5 51 20
2 35 33
10 30 6
3 5 17
2 14 35
2 10 23
3 5 28
1 31 5
1 36 39
6 30 1
1 44 8
11 48 25
4 21 35
8 18 38
5 13 38
7 32 32
1 5 16
6 2 20
7 49 28
8 9 37
9 34 5
3 17 23
7 36 28
3 41 30
11 22 40
7 7 28
11 19 15
5 40 11
10 32 28
8 41 36
4 43 12
2 10 23
11 14 14
2 36 2
9 25 31
8 6 37
2 42 27
5 28 21
6 1 14
2 13 16
1 11 26
11 16 9
7 26 28
8 10 14
8 40 23
3 9 6
5 44 34
6 7 40
1 24 13
6 23 27
6 36 23
2 2 24
10 39 39
12 10 24
9 37 40
4 9 34
1 4 12
3 33 19
6 49 14
2 30 29
5 8 25
5 36 3
1 13 26
3 8 6
11 27 36
9 4 15
5 8 11
10 33 38
1 2 36
1 46 27
12 48 20
12 30 19
5 16 19
4 52 27
6 17 33
8 25 2
12 19 36
10 8 24
9 1 22
2 10 26
1 7 29
11 21 40
4 10 11
5 22 34
5 26 29
4 24 29
2 44 24
12 41 36
11 37 23
6 26 12
1 38 34
1 21 39
2 19 39
12 7 32
9 32 22
11 40 24
8 8 10
7 30 25
10 4 22
7 5 13
5 16 11
10 17 30
4 42 2
9 45 36
1 40 17
10 12 17
6 26 38
11 34 20
6 17 5
2 3 11
1 29 23
6 21 11
8 25 39
4 15 31
12 25 20
5 33 28
5 30 4
10 11 40
11 23 1
11 37 31
9 16 33
10 35 5
8 8 14
3 38 26
3 45 26
6 49 6
9 50 17
12 24 9
5 24 18
8 13 40
4 31 25
8 39 3
12 2 30
11 28 2
12 18 17
2 23 4
5 12 11
10 11 26
12 34 20
11 31 23
12 6 2
6 41 32
6 21 14
7 38 16
9 37 7
5 31 17
4 21 32
9 7 18
7 25 21
2 2 37
1 46 20
2 14 3
1 34 25
4 9 23
1 26 31
6 34 33
2 8 37
1 37 25
9 19 22
1 28 24
6 24 9
6 26 17
7 34 16
10 43 12
9 3 35
6 51 8
1 24 13
9 30 39
5 52 28
11 2 25
8 23 2
6 32 34
5 20 39
3 45 38
11 12 19
9 37 37
7 23 22
12 37 19
10 50 38
12 28 34
1 23 14
8 45 40
5 45 23
11 35 16
2 37 2
8 6 27
3 50 10
4 52 5
9 12 33
9 47 15
11 49 39
4 49 22
2 4 7
7 20 2
8 34 28
7 3 32
4 52 19
6 19 5
6 9 4
5 33 25
11 44 24
9 19 8
11 13 29
6 22 6
10 28 27
5 16 13
10 52 9
10 1 25
11 22 3
10 38 29
11 41 26
4 33 26
8 27 39
3 4 6
8 39 37
8 41 27
6 7 21
7 46 39
10 4 38
5 41 4
3 33 36
1 14 24
7 11 24
3 24 14
2 19 37
9 6 8
9 37 22
11 22 18
2 9 31
9 18 12
12 35 39
12 23 19
9 10 32
10 13 16
9 9 26
9 4 24
12 3 24
4 26 22
3 44 9
11 4 6
9 25 20
4 38 28
7 1 15
6 44 15
2 51 25
3 44 27
7 19 11
6 7 34
7 52 7
4 37 30
4 18 18
3 50 31
12 33 38
6 24 5
12 27 22
11 48 9
1 11 35
9 48 11
10 51 28
1 8 20
5 25 17
6 22 5
5 33 33
4 2 21
10 29 33
10 13 12
1 15 37
9 17 32
9 28 20
5 30 19
3 15 20
7 4 1
5 38 19
9 6 13
1 17 22
12 41 16
6 50 4
12 32 13
10 47 36
5 8 35
8 48 12
11 18 16
3 2 3
4 13 19
9 32 15
1 49 19
1 43 30
4 48 5
5 7 33
11 5 7
11 24 11
3 52 7
1 40 6
11 13 30
10 45 4
5 23 37
3 12 7
2 41 7
9 5 21
1 9 12
8 32 9
3 45 30
11 30 25
7 10 5
4 8 1
4 15 35
5 10 33
5 10 4
8 17 35
4 2 26
4 11 38
7 41 34
3 16 4
11 1 15
6 18 26
3 20 36
10 41 16
10 5 34
4 44 36
10 30 30
5 21 7
12 10 36
11 42 39
12 34 27
11 11 12
11 1 40
11 2 38
7 49 32
9 7 21
10 38 35
5 19 31
2 37 15
5 17 25
8 36 23
9 17 14
4 2 8
5 9 10
2 35 8
8 28 37
3 50 19
4 43 21
11 1 23
10 7 16
1 13 16
10 47 29
3 39 6
3 40 15
2 29 21
1 9 36
7 34 27
11 8 16
6 35 26
7 22 7
6 35 9
8 31 5
10 34 10
3 10 39
3 7 27
10 47 27
9 22 12
1 52 20
2 17 19
12 49 37
7 7 33
9 37 39
1 18 29
12 25 6
2 21 32
1 39 8
10 38 6
5 22 12
5 34 37
2 22 6
5 52 12
10 18 3
4 1 19
1 27 16
2 39 13
9 36 6
7 4 5
9 40 5
1 18 9
2 41 33
7 52 35
1 13 19
12 36 39
3 35 18
5 9 27
4 11 3
2 12 35
10 28 16
9 2 33
6 41 16
8 12 4
3 11 34
3 6 13
3 30 15
7 21 38
6 21 15
7 9 16
10 28 3
6 26 9
11 10 19
12 52 7
10 1 15
10 30 14
6 11 35
7 8 7
4 12 4
12 12 13
8 13 37
4 17 25
7 51 40
4 37 22
7 2 22
6 46 25
11 27 39
3 5 6
6 47 23
11 23 30
9 12 39
6 18 37
8 47 37
1 6 28
11 21 19
8 48 5
10 21 9
2 16 33
2 32 26
2 11 15
9 17 14
5 33 27
12 21 28
4 13 24
2 37 10
4 42 26
12 11 17
4 18 40
11 3 14
12 41 37
9 23 7
9 16 3
5 27 18
8 49 7
12 18 21
9 17 23
2 23 22
3 7 10
3 26 35
6 38 24
10 6 8
3 10 15
3 6 1
1 18 5
2 41 2
10 17 35
5 26 9
12 13 21
11 24 35
1 8 12
3 35 13
8 34 14
11 46 38
1 44 8
1 7 10
1 16 11
3 51 22
6 6 40
12 29 14
3 48 32
11 32 22
3 50 40
9 32 16
5 16 40
3 41 9
11 11 22
5 23 12
9 7 23
5 3 21
1 1 22
11 25 38
4 1 33
12 8 13
6 19 24
8 20 26
6 38 9
5 42 33
11 3 3
12 38 40
6 19 19
11 48 11
9 1 26
1 20 35
6 8 20
8 10 12
2 22 14
3 21 1
10 19 21
1 47 4
7 30 29
1 45 29
4 17 16
7 38 40
5 32 4
8 51 7
1 10 12
6 10 27
1 46 26
6 7 22
12 6 34
2 1 9
12 37 7
8 17 7
7 38 1
10 23 31
1 9 39
2 14 23
9 21 28
5 40 14
6 6 1
12 8 35
2 40 11
12 15 17
3 22 40
10 49 12
12 51 40
8 42 30
2 24 11
2 52 34
1 42 23
3 17 29
9 52 17
3 44 21
3 26 32
7 15 3
1 45 15
2 28 4
6 19 17
8 34 25
11 48 13
9 50 11
3 10 23
5 11 8
10 43 17
3 20 20
7 3 19
5 33 38
10 16 14
7 50 9
4 3 20
6 12 24
7 31 1
12 43 36
3 36 22
11 20 35
6 35 40
10 9 37
9 37 4
9 14 5
2 42 17
5 18 12
2 21 24
2 19 26
6 17 34
10 51 2
3 10 21
2 27 17
4 30 20
12 23 27
3 30 36
2 47 39
1 45 22
8 45 23
6 17 1
6 23 17
1 14 10
3 28 36
8 45 40
12 24 33
10 22 24
6 4 18
10 28 8
4 19 26
2 1 30
4 44 11
6 38 17
11 10 7
2 30 31
10 44 14
3 3 37
9 35 9
8 24 1
5 7 23
11 14 33
5 51 8
5 35 23
3 38 19
3 52 14
3 17 36
10 3 8
12 22 11
4 9 9
6 46 30
7 7 29
8 7 16
3 48 38
3 30 26
8 17 18
8 31 27
8 13 36
11 52 9
11 50 37
11 23 22
7 28 39
5 3 4
1 43 14
6 17 5
5 34 16
7 42 11
11 31 25
1 16 32
11 41 21
9 30 19
7 19 4
3 20 12
2 50 3
10 37 24
3 39 29
2 43 12
11 38 2
6 5 21
2 12 33
6 36 19
7 34 11
11 22 5
7 41 9
8 29 16
1 26 10
1 7 22
1 4 8
6 43 5
1 19 38
2 5 16
2 4 4
7 5 18
11 29 10
1 10 29
1 47 27
6 1 12
5 28 2
9 36 21
5 8 17
11 12 25
2 5 5
2 7 1
6 15 16
11 34 31
4 52 16
7 43 9
8 25 40
11 48 8
6 47 26
1 34 32
5 38 16
4 46 18
9 15 27
12 51 2
5 23 10
9 50 3
5 26 35
3 4 21
11 44 31
1 46 7
4 23 27
6 50 28
6 48 12
6 30 7
2 9 16
5 16 17
9 31 37
4 42 23
6 8 10
11 8 25
3 7 40
8 35 4
10 2 29
12 30 37
12 7 38
8 24 16
1 20 2
2 29 37
1 44 35
9 28 8
1 36 23
6 22 10
10 33 27
7 21 33
5 10 24
7 45 34
7 25 37
1 42 9
8 29 2
7 39 15
3 8 21
11 47 24
12 5 4
8 11 24
11 7 32
9 19 23
5 19 26
12 16 12
1 42 15
12 38 36
10 27 20
12 4 1
8 37 35
8 25 18
1 19 32
2 39 23
8 17 21
9 4 15
9 37 26
5 33 27
4 4 12
5 4 40
1 46 17
5 46 11
12 2 29
4 49 25
8 27 34
3 29 10
5 23 26
11 7 22
3 39 23
5 12 22
9 42 6
4 41 9
7 46 13
12 49 1
9 29 10
2 36 11
5 17 16
6 37 8
2 23 16
10 5 5
1 41 26
10 48 18
9 24 8
6 41 3
2 23 18
9 3 21
12 32 24
9 24 23
5 10 26
12 8 19
12 49 10
5 18 19
12 16 28
5 17 2
4 14 16
2 14 19
7 50 40
5 19 18
12 39 25
3 46 23
8 19 24
5 42 17
7 10 8
8 43 24
8 2 34
2 14 34
1 16 3
11 28 37
1 21 23
8 45 14
2 52 36
6 45 35
2 19 27
7 1 32
5 34 38
6 44 9
5 31 23
12 32 17
6 48 19
11 26 34
5 7 3
8 33 19
5 22 38
1 3 25
5 17 2
11 44 1
4 2 19
7 13 10
2 24 38
3 10 30
8 31 30
4 9 34
8 34 19
5 41 38
1 47 30
4 34 28
12 30 25
12 47 24
8 51 2
11 46 24
2 12 21
3 28 9
5 30 31
10 22 24
6 12 34
1 50 5
6 38 18
10 6 23
12 34 21
3 36 8
8 37 21
8 27 15
6 31 13
4 12 14
5 31 39
9 42 23
3 38 18
8 21 12
7 3 27
11 10 24
7 11 28
9 41 5
7 10 26
9 4 13
10 5 36
5 26 21
1 28 18
9 8 1
11 33 35
3 6 22
12 6 11
2 9 24
2 11 33
11 45 31
1 47 29
10 19 39
11 31 5
2 23 3
5 14 1
12 29 17
5 29 30
1 12 28
12 16 40
5 47 12
8 17 22
2 20 1
2 36 37
8 8 1
1 39 36
4 23 21
9 38 8
12 16 7
3 47 14
7 1 8
12 10 4
4 33 38
9 38 16
3 29 2
12 47 31
12 52 37
11 45 30
9 49 36
4 3 9
6 9 16
1 15 24
4 14 33
7 44 14
7 37 26
6 38 34
9 9 13
3 47 38
9 12 37
6 30 39
12 46 10
9 37 27
12 9 32
7 49 37
10 31 16
6 31 4
4 52 31
4 24 11
12 29 34
12 14 13
10 29 28
10 8 14
1 26 21
4 17 20
10 45 26
2 42 39
12 20 11
12 10 18
10 8 7
12 20 17
1 32 17
9 41 10
12 46 33
5 41 40
8 47 30
7 1 13
10 19 35
4 5 17
9 9 24
10 37 30
2 5 23
6 21 16
11 4 30
9 29 8
8 10 9
12 15 21
8 23 29
3 15 22
8 15 22
6 16 16
7 19 14
7 49 15
10 35 25
1 17 1
6 27 36
8 21 31
6 22 19
7 32 37
10 52 22
12 38 11
1 37 30
7 39 21
1 7 2
2 18 7
1 44 22
12 37 35
6 13 16
5 37 8
7 36 35
2 33 29
7 10 22
11 39 22
8 4 3
9 41 13
6 22 34
1 15 10
10 33 18
12 10 3
6 48 28
8 48 12
7 41 5
5 48 16
1 45 17
5 30 37
7 21 29
9 22 10
4 3 7
4 23 19
12 6 39
4 40 6
2 2 18
11 37 2
4 3 37
1 14 20
9 20 2
3 10 7
11 31 33
8 6 32
3 45 9
3 1 37
11 28 2
3 26 10
7 30 7
8 47 34
1 20 9
12 12 31
11 20 17
8 33 11
4 33 26
7 17 12
8 1 17
12 40 40
12 14 28
8 13 15
10 38 29
5 18 8
4 8 8
4 20 23
1 12 9
3 9 1
6 49 35
11 23 18
2 2 5
1 19 33
6 9 21
4 27 26
10 8 7
12 4 1
6 28 15
9 47 11
9 29 31
1 12 4
12 13 27
4 41 35
3 7 19
7 46 18
10 7 15
6 52 30
1 9 17
5 20 15
10 48 10
5 21 10
10 23 40
6 38 23
11 49 17
3 43 3
10 9 5
8 46 28
3 35 35
3 28 18
4 45 1
7 34 17
5 15 39
7 4 10
4 47 19
5 13 18
2 13 22
3 10 1
8 32 11
8 49 12
11 41 30
9 34 7
8 34 14
5 29 8
12 12 31
9 37 27
8 23 3
4 30 29
6 4 34
5 25 15
7 46 26
6 15 11
7 47 1
12 30 6
8 40 35
9 45 10
7 50 12
10 20 9
3 43 1
1 23 9
2 7 30
5 17 25
11 22 9
12 12 40
6 17 12
10 16 20
1 40 35
12 44 8
10 30 39
2 5 36
2 2 39
4 9 10
10 30 26
10 49 22
1 31 33
4 50 5
12 27 10
3 52 4
5 16 21
11 33 40
9 37 29
9 29 17
3 47 9
11 16 35
4 11 26
2 8 5
7 35 7
4 17 39
4 24 7
8 35 26
3 50 36
2 25 1
5 21 28
7 18 2
2 1 32
6 41 20
4 39 21
3 2 32
5 47 38
8 24 38
2 29 30
12 25 8
2 34 30
2 10 21
12 34 30
10 38 21
5 44 40
6 18 2
7 37 8
9 19 14
12 29 20
11 11 11
1 34 36
6 25 8
3 26 34
10 2 29
7 21 10
3 23 25
2 27 11
8 22 27
4 29 10
4 28 5
2 48 4
1 24 7
2 33 20
6 26 34
1 45 40
2 3 19
2 35 23
9 44 36
9 6 31
8 13 7
7 6 10
4 30 16
12 47 6
7 5 17
8 6 24
3 4 24
8 45 33
3 52 16
4 9 25
11 29 39
7 49 15
1 5 11
6 5 14
5 44 20
5 44 29
3 28 38
11 48 18
3 2 28
11 8 31
10 4 14
10 40 21
3 13 38
6 46 39
12 44 14
9 51 40
11 29 19
11 47 22
11 22 33
7 45 26
11 34 10
10 9 5
1 29 28
5 17 26
2 19 22
11 41 14
10 38 11
6 19 35
8 5 2
10 28 9
12 7 10
9 19 7
12 15 31
3 26 3
3 51 22
11 40 29
1 44 40
4 2 17
8 8 16
10 20 22
11 6 31
4 49 23
8 19 31
3 37 28
2 3 11
11 42 38
9 21 24
3 35 32
12 42 15
7 30 6
2 41 26
10 11 8
5 30 2
7 33 6
12 31 8
12 10 36
3 35 28
8 33 35
6 47 39
12 20 34
3 8 26
7 35 38
12 49 33
7 33 19
1 37 38
12 47 10
6 2 39
8 43 39
4 42 25
10 30 6
12 45 37
9 1 35
10 9 22
5 6 15
12 23 2
12 47 11
5 4 13
7 33 15
4 37 30
11 16 32
3 8 23
11 1 4
5 42 11
2 17 21
7 4 9
3 44 10
4 10 14
10 41 27
4 22 13
4 49 27
1 47 4
6 13 3
9 17 30
4 49 29
3 31 10
11 50 11
9 50 18
12 18 15
3 39 20
12 19 23
3 51 20
11 51 10
11 33 4
11 17 21
5 50 11
1 14 6
10 34 36
5 47 35
8 14 4
9 38 1
4 51 23
6 20 13
8 11 34
8 21 14
6 15 28
6 32 11
8 21 2
6 10 5
5 47 3
5 33 30
1 10 8
2 34 11
11 12 33
1 47 15
9 5 17
1 44 31
10 41 30
1 15 10
3 3 25
9 20 23
4 48 1
1 44 25
8 25 36
7 34 35
6 11 38
3 9 15
2 31 3
9 12 7
10 48 25
5 38 35
7 45 4
7 32 15
3 52 30
3 5 14
10 47 35
2 31 22
5 47 4
5 17 17
8 7 27
9 34 8
8 22 35
7 12 24
12 2 21
2 25 17
8 32 20
8 5 4
7 17 36
3 9 13
11 17 33
4 42 32
12 51 5
6 19 10
2 2 27
10 51 22
9 30 23
2 5 3
8 6 10
9 50 4
5 3 29
3 4 4
4 18 39
7 25 6
8 46 20
1 48 30
7 29 20
12 16 37
8 8 31
1 48 28
5 3 26
5 6 20
2 8 3
12 33 7
3 4 31
7 49 2
7 25 7
1 32 33
5 12 6
7 37 21
5 22 16
2 24 28
2 2 32
12 36 4
8 3 40
7 36 13
6 43 10
2 41 28
11 14 11
9 15 38
6 38 28
6 4 31
2 41 25
12 20 14
6 3 23
12 10 13
6 52 21
7 32 38
4 42 1
11 51 1
5 42 34
1 21 26
10 12 28
12 37 31
11 38 7
11 42 35
2 40 6
9 6 20
8 45 11
10 39 2
4 11 22
5 12 24
10 41 2
12 50 15
11 46 31
1 52 27
12 30 2
11 40 18
5 1 39
8 47 21
1 52 20
12 15 5
4 48 28
1 34 19
9 34 36
3 47 32
2 21 10
9 52 37
6 30 40
2 23 40
7 9 29
10 30 22
1 52 27
4 1 10
11 11 1
8 42 5
9 50 15
6 31 17
3 50 4
4 23 7
7 47 4
3 6 38
3 25 6
7 29 37
2 31 3
12 29 19
1 25 19
10 42 31
4 30 24
12 45 24
1 23 12
7 8 33
3 34 26
1 9 21
3 34 5
8 28 7
11 5 35
3 14 25
2 15 1
6 27 6
5 1 8
7 31 9
10 17 3
1 45 17
3 28 6
9 20 15
6 49 17
8 17 36
8 19 3
4 28 24
10 5 32
6 26 29
5 20 1
1 52 2
3 30 27
3 46 38
7 35 15
10 16 13
11 34 30
4 35 20
4 1 7
10 21 38
4 20 13
4 21 9
10 44 6
1 10 15
10 52 18
1 27 3
10 31 34
5 5 16
7 41 39
6 22 25
4 19 1
2 41 23
11 24 14
4 4 12
11 33 11
1 34 19
11 21 23
4 42 40
11 41 28
11 9 13
8 11 15
9 33 36
12 18 36
1 22 16
12 4 26
1 8 20
11 35 4
6 44 23
4 19 38
2 11 27
8 9 32
5 25 37
4 3 4
4 30 40
9 23 6
3 7 15
4 18 7
5 41 36
1 14 36
12 12 24
8 3 22
4 23 19
1 4 9
5 19 3
7 46 40
4 3 7
5 49 28
4 26 12
2 40 5
5 8 11
10 28 31
2 50 28
11 34 32
7 3 32
7 14 25
4 51 21
3 51 14
8 17 14
7 33 32
11 17 6
5 46 35
1 8 18
11 7 12
12 27 22
2 24 17
1 51 4
8 17 9
10 51 8
10 45 13
8 35 25
8 44 8
5 20 7
1 22 4
8 17 28
7 7 5
3 40 28
5 35 36
8 43 17
3 40 34
6 31 30
7 47 40
6 26 14
6 44 16
6 34 39
10 18 8
12 12 4
5 34 1
5 7 29
12 27 37
9 19 16
6 31 21
6 23 32
10 10 29
8 17 30
5 40 38
6 18 38
2 23 31
8 49 17
7 20 17
5 44 12
7 13 19
7 34 19
9 44 16
10 45 17
8 39 28
6 21 32
7 19 16
11 16 15
7 44 7
4 24 2
4 28 2
9 13 7
4 51 40
5 28 12
10 17 36
8 38 37
1 51 13
1 22 21
9 44 31
11 33 24
12 6 33
2 5 27
6 29 13
4 43 29
12 32 19
1 13 11
8 39 16
1 21 11
2 2 19
10 29 13
10 43 21
7 2 30
11 32 28
12 26 39
7 49 15
12 37 6
3 4 2
6 4 22
9 2 7
2 4 14
11 30 1
12 1 7
12 28 10
2 8 31
7 24 25
1 40 40
7 5 27
6 11 24
9 36 9
9 29 35
10 4 33
5 3 32
5 35 16
12 25 40
12 39 2
10 30 23
4 40 16
1 32 22
9 51 28
10 11 28
1 50 11
2 39 19
1 32 26
10 30 26
6 43 4
4 43 23
11 35 2
5 46 2
4 28 36
6 42 7
9 34 18
7 7 26
1 35 39
12 47 32
4 48 21
11 32 13
6 16 9
11 22 14
9 38 21
4 37 38
6 45 14
8 17 33
11 36 40
1 48 39
3 3 33
2 10 21
11 51 7
11 7 20
6 36 34
11 20 12
2 8 31
2 9 33
12 25 35
11 35 31
4 16 40
2 37 18
1 44 10
1 40 7
8 21 31
12 48 16
12 21 18
5 7 23
12 3 23
10 2 37
6 24 11
3 18 33
3 47 12
2 43 3
1 18 9
8 10 4
1 39 34
8 33 5
12 16 30
3 32 19
3 41 28
9 39 7
12 42 12
9 18 34
9 23 9
11 17 25
4 12 15
3 43 4
10 33 2
7 25 7
9 22 4
7 11 30
4 2 38
2 48 31
5 29 9
12 52 4
8 21 24
7 37 34
4 28 5
6 10 1
1 38 10
11 27 20
9 40 22
5 12 10
6 15 18
7 31 3
5 52 32
4 30 26
6 12 18
9 41 30
6 22 19
2 48 31
9 49 3
11 26 11
11 11 12
12 21 6
10 30 2
3 40 31
5 36 38
11 48 12
6 31 12
1 23 4
10 28 37
2 41 40
8 42 9
2 51 16
7 35 25
12 49 14
9 17 2
4 25 27
10 48 30
5 11 40
12 21 19
9 22 23
12 8 31
7 9 29
3 7 37
6 5 19
2 13 26
2 13 11
4 35 17
7 5 21
5 52 20
3 21 13
7 17 11
1 17 29
4 26 17
11 33 26
1 18 27
1 18 11
8 44 23
12 9 40
11 14 32
4 49 31
9 2 3
11 26 39
12 48 21
10 23 19
8 48 38
2 10 39
1 46 4
12 11 2
10 34 23
12 25 8
4 45 2
12 49 39
11 28 17
11 34 8
6 43 16
4 3 14
4 39 5
1 40 17
7 10 13
9 31 7
2 49 22
9 45 21
2 47 4
5 20 25
8 17 5
11 21 17
10 32 10
11 7 9
8 48 4
4 16 22
11 37 26
2 6 25
9 22 24
10 20 5
11 46 14
9 11 39
3 33 9
8 18 32
12 38 11
2 6 31
2 48 2
2 25 39
9 1 2
3 3 29
10 47 39
8 40 4
2 14 15
11 5 22
12 16 22
8 29 20
2 46 21
3 40 16
9 17 16
3 6 34
3 3 30
8 8 38
12 32 37
8 5 10
10 49 11
5 25 37
3 9 7
2 32 8
4 28 21
5 25 31
2 27 39
5 2 1
10 14 37
10 25 20
7 18 35
5 46 11
2 34 7
9 25 5
12 29 15
2 11 35
6 13 29
11 14 8
10 18 16
7 44 15
1 16 15
4 19 40
1 31 32
9 3 27
6 22 37
5 4 15
1 46 16
9 33 15
9 20 34
1 38 3
7 22 32
10 52 36
12 22 2
1 16 19
6 19 28
11 14 33
5 4 18
3 1 1
8 41 8
6 17 38
2 5 22
11 46 8
11 40 34
12 22 33
8 3 5
3 36 1
2 26 30
3 45 20
11 51 25
5 29 18
6 20 13
3 29 7
8 31 19
2 19 3
2 3 6
7 8 4
3 1 37
7 35 12
3 24 7
12 17 24
12 35 36
11 31 21
3 15 35
12 36 23
4 1 17
8 35 27
12 46 11
5 2 7
1 37 40
4 43 32
9 48 13
2 31 31
8 16 7
10 44 40
7 6 39
11 12 4
3 25 8
7 28 16
3 38 17
4 37 24
2 28 37
3 30 29
10 23 2
12 11 18
12 23 3
9 7 15
8 3 13
7 48 10
6 27 17
7 22 11
3 49 26
1 38 22
1 15 32
4 27 1
11 37 9
8 22 25
7 47 32
7 36 15
1 35 1
3 7 8
10 27 25
6 35 22
9 32 5
4 47 33
3 27 4
11 15 8
5 24 20
7 48 32
10 36 10
10 41 32
7 22 13
10 10 15
1 6 40
10 7 6
11 35 1
8 14 3
8 8 33
3 28 24
7 20 36
8 29 27
12 43 15
7 13 15
10 13 8
2 14 4
7 33 23
6 38 29
7 47 4
2 48 22
10 10 12
4 27 25
11 42 27
6 24 30
10 7 12
6 10 11
11 35 3
8 32 10
9 1 3
12 25 40
12 25 6
4 20 22
9 38 21
4 52 15
2 17 36
7 18 7
6 13 13
3 44 40
8 51 24
5 8 39
8 22 1
3 50 30
12 47 33
4 28 33
7 24 18
4 31 1
7 44 12
7 46 17
8 52 23
4 17 31
11 38 13
1 23 7
11 48 9
11 40 25
1 5 33
5 49 11
12 41 17
1 51 17
8 13 23
6 12 24
6 5 24
9 12 30
10 24 1
2 6 4
1 21 12
6 26 36
5 15 40
7 22 8
11 15 22
2 9 32
2 12 32
5 13 31
1 6 1
5 5 29
1 27 11
8 8 7
3 30 33
5 11 26
3 8 5
4 49 37
3 32 28
1 52 40
3 2 36
4 48 8
4 12 36
7 3 18
10 48 21
11 14 5
11 38 40
5 7 36
3 25 15
3 21 19
12 26 16
1 13 35
9 26 4
10 30 30
12 46 30
11 43 12
12 12 10
1 39 28
11 15 34
1 32 39
7 48 25
5 11 16
8 15 38
4 6 32
4 16 29
1 2 31
1 52 19
11 10 20
8 26 23
5 14 10
4 47 40
11 50 39
4 5 36
4 33 30
10 44 21
5 43 9
8 25 5
5 38 35
1 44 36
9 51 17
9 16 11
11 17 26
6 13 12
11 42 27
10 48 33
11 2 2
3 39 11
6 6 6
5 13 19
12 46 12
3 1 22
3 6 22
2 44 18
1 29 5
7 19 33
12 2 31
3 52 15
8 16 30
3 32 21
3 11 28
3 9 24
10 26 24
11 3 21
10 2 11
9 22 28
8 41 21
7 36 20
2 25 29
12 10 7
1 23 34
3 23 22
1 5 6
8 22 7
7 14 16
2 29 5
4 33 31
3 3 39
5 23 30
1 2 34
10 3 26
10 51 25
7 52 21
6 18 36
3 42 14
7 7 28
2 18 37
9 30 31
1 16 2
7 35 23
4 31 12
2 6 38
4 4 29
6 43 23
9 37 12
9 43 15
5 13 1
6 36 10
8 34 36
6 51 30
11 34 34
11 15 36
5 37 8
8 23 34
5 27 15
12 37 7
3 21 35
10 12 7
4 4 14
9 12 29
2 37 39
2 36 29
3 44 29
1 11 26
1 25 29
10 43 12
10 1 5
7 30 30
9 15 31
2 43 20
8 34 5
12 33 31
10 33 31
9 39 17
12 26 37
12 49 3
4 15 23
7 28 39
9 16 23
7 52 33
4 39 18
2 14 27
5 43 26
9 38 28
3 40 32
8 35 12
11 14 28
4 40 3
1 46 40
12 4 23
4 24 7
11 45 2
3 10 23
3 15 17
8 27 18
7 40 34
12 46 6
5 24 22
11 20 9
8 9 7
2 3 25
7 31 3
3 15 14
6 34 25
2 41 8
10 29 21
7 6 17
5 41 37
1 49 27
10 25 29
11 37 25
5 22 34
8 18 27
4 3 35
8 12 17
12 22 36
6 29 31
1 28 11
9 2 17
10 35 6
11 5 21
8 36 10
6 40 8
11 4 18
8 18 40
4 46 35
7 28 28
6 33 14
5 49 10
9 43 19
3 20 14
3 43 4
5 40 7
2 6 38
12 10 31
7 22 8
5 9 32
4 39 7
9 39 6
1 27 15
11 10 7
12 16 29
2 43 16
8 38 7
4 17 37
12 18 25
4 40 10
7 30 33
6 3 2
11 43 32
9 13 37
4 4 39
3 19 7
7 26 31
3 29 11
12 17 23
3 42 4
10 14 38
11 28 38
8 18 38
8 5 13
10 20 32
11 1 21
12 22 36
7 41 12
2 52 6
1 40 16
8 9 27
8 38 40
8 14 11
9 49 14
3 20 25
10 42 19
10 51 38
12 18 9
3 19 9
11 3 23
3 35 6
10 28 20
3 19 6
12 28 12
10 43 16
5 11 29
9 28 31
1 33 14
9 1 32
3 3 4
11 21 22
1 28 11
6 15 1
9 22 21
4 31 2
12 52 12
5 5 8
1 43 22
5 7 8
3 39 18
7 44 35
8 34 28
12 33 6
10 36 22
10 43 24
6 37 2
8 26 23
10 42 27
7 38 19
3 49 10
8 37 39
7 37 27
5 18 16
4 13 39
3 42 18
6 18 40
3 36 4
7 38 14
7 3 33
5 32 28
5 19 22
8 31 19
3 33 11
6 18 2
11 32 1
9 35 37
9 4 39
12 24 35
2 8 29
6 50 16
5 49 36
7 47 19
8 15 9
6 47 6
12 15 28
7 17 36
3 45 38
8 31 38
10 28 31
8 24 24
2 17 4
11 14 18
5 32 22
5 40 18
12 41 6
8 10 33
6 52 37
2 40 32
1 5 1
9 39 33
9 46 3
6 4 17
7 51 22
8 12 33
6 20 2
6 28 27
10 29 23
2 43 19
6 36 21
6 31 36
2 10 14
9 42 4
9 19 33
9 33 22
1 9 6
5 20 16
10 37 30
6 41 36
1 5 27
12 48 24
2 49 26
9 35 4
1 38 7
4 52 40
1 4 21
11 42 16
1 19 2
5 13 8
3 23 22
11 9 8
4 52 34
10 17 5
12 31 11
1 22 10
10 37 31
6 35 35
9 36 14
11 2 2
2 20 19
1 20 10
1 43 28
9 8 32
7 25 32
5 31 31
12 28 6
12 8 18
6 7 32
10 12 12
10 15 25
7 23 26
1 4 6
1 17 25
12 8 4
12 31 29
6 42 24
5 23 25
10 17 13
11 22 19
5 10 8
4 11 29
3 38 11
1 24 17
10 43 29
8 52 4
9 23 3
10 27 8
9 1 35
6 22 27
2 17 4
2 23 38
1 30 14
8 42 4
3 4 29
10 9 26
11 31 29
12 19 35
7 25 21
4 36 3
7 12 37
1 48 16
10 10 17
10 10 29
10 3 36
12 27 22
11 16 6
6 24 14
2 19 9
10 3 20
4 51 33
11 29 23
12 26 35
1 24 23
10 21 29
10 36 18
7 41 20
12 8 19
2 40 20
4 39 10
1 29 27
12 7 31
4 51 38
4 32 18
3 31 27
9 44 10
1 1 13
11 45 5
9 12 40
12 13 31
1 33 7
10 35 5
4 1 30
11 12 29
2 27 1
12 12 23
4 13 23
7 14 15
8 52 37
8 35 17
2 26 15
7 25 8
11 32 10
4 1 9
3 48 18
2 36 24
1 13 34
11 4 20
5 28 40
3 43 10
7 2 28
12 19 18
5 44 1
7 17 31
3 38 34
3 21 25
8 43 33
1 1 30
2 21 12
6 41 33
1 12 13
12 43 24
7 32 14
5 16 9
2 35 35
5 35 24
2 40 23
3 50 3
12 2 19
11 40 37
8 24 39
4 11 4
4 6 28
1 34 39
5 27 15
1 8 22
9 20 27
2 5 26
2 28 3
2 2 24
2 51 28
12 34 9
11 37 33
5 52 2
6 20 35
8 12 1
10 37 1
2 26 18
12 34 28
2 29 15
12 27 8
6 8 38
9 50 4
12 47 9
10 15 39
5 18 2
7 31 23
3 5 40
11 25 34
12 11 23
5 41 8
7 6 5
6 40 27
12 8 38
6 39 8
2 14 11
2 33 34
9 49 20
12 43 4
12 30 17
8 39 23
9 34 20
1 21 24
10 9 32
1 33 16
10 26 9
10 44 17
2 49 24
12 10 39
2 44 40
2 50 12
8 16 37
8 40 18
4 25 4
1 44 21
6 24 21
2 1 23
6 9 37
5 2 16
12 30 35
4 11 13
1 35 38
12 34 20
1 2 20
11 32 3
6 30 28
6 29 24
3 24 19
6 43 35
5 11 14
7 34 36
12 26 8
11 25 32
6 20 29
11 41 13
10 14 7
2 32 21
12 4 27
8 32 32
5 44 23
2 34 39
2 50 36
7 41 26
5 9 17
7 33 22
8 26 15
5 14 36
4 46 3
10 11 21
3 52 17
7 9 28
7 25 36
1 37 5
3 31 2
12 36 21
4 49 11
9 51 30
7 35 13
8 33 34
3 37 39
1 21 6
2 6 15
5 49 28
2 18 7
9 34 14
4 46 40
12 28 24
10 47 21
8 10 36
5 27 33
4 30 30
9 14 19
1 21 22
5 38 2
4 12 4
10 26 36
12 37 24
7 16 29
3 30 12
6 18 29
5 2 16
3 26 24
8 15 35
7 47 17
5 17 13
9 38 15
12 17 8
6 14 9
8 18 7
8 1 12
8 33 1
6 3 14
10 45 38
1 52 34
10 20 37
2 48 30
11 41 39
11 14 36
5 10 31
8 8 28
7 39 19
1 41 38
2 3 31
5 15 40
8 9 18
5 21 18
8 31 28
5 5 7
1 6 7
12 35 21
5 21 15
6 31 36
1 31 27
2 29 40
6 12 21
11 10 29
10 40 26
4 25 36
4 48 34
7 44 8
7 50 6
9 15 11
4 23 12
3 25 40
9 46 20
5 13 8
8 1 11
2 36 12
1 40 34
6 24 27
10 32 30
12 21 38
6 40 37
7 48 32
11 10 12
11 1 1
6 7 29
3 39 20
7 47 36
11 5 3
7 6 7
8 37 18
5 17 19
3 48 26
12 3 26
10 14 12
1 13 36
6 48 14
9 50 11
3 22 14
10 37 7
12 44 27
4 25 21
3 52 29
11 15 15
11 32 31
6 30 31
4 36 22
1 31 13
10 15 2
12 38 9
1 43 13
5 20 7
10 47 4
3 21 35
10 49 14
11 19 12
10 47 34
3 7 1
1 30 15
2 24 19
5 17 32
4 3 10
6 42 19
7 32 39
4 14 15
5 14 28
2 17 2
12 44 32
12 47 37
1 14 33
1 52 19
1 48 15
12 36 24
3 43 10
10 36 6
5 4 38
1 35 4
6 49 9
6 1 18
5 50 25
1 19 10
11 9 6
9 10 6
4 15 27
10 23 31
2 18 34
8 19 34
11 51 2
10 20 25
2 8 14
4 25 28
7 43 32
8 49 21
4 18 8
7 35 15
7 17 35
8 43 21
6 26 22
11 22 24
1 5 17
3 34 1
7 49 33
10 18 32
8 10 24
12 17 23
4 9 22
2 13 15
9 44 25
5 33 7
7 36 39
10 30 29
4 38 36
4 40 23
7 21 22
5 47 7
1 16 26
8 17 4
8 43 1
7 32 4
2 28 9
4 43 6
6 50 34
8 39 23
6 1 8
8 5 14
4 49 35
12 40 7
2 35 29
12 32 29
8 25 6
5 9 16
1 7 30
8 46 19
5 40 9
5 33 20
5 6 21
12 41 4
7 23 18
11 24 1
11 33 37
12 33 20
9 11 12
1 19 33
1 16 19
12 40 34
8 9 20
5 15 6
4 33 1
5 38 15
9 49 23
3 47 37
1 41 3
4 34 35
7 11 35
11 36 25
4 44 28
8 3 17
7 51 4
5 49 3
11 27 25
7 29 38
5 38 17
7 4 21
6 43 1
12 28 27
6 3 9
3 23 23
8 15 15
8 52 12
7 40 23
2 50 15
1 25 24
8 35 26
8 42 8
2 13 8
1 2 4
3 35 36
5 30 35
5 19 25
11 4 19
9 3 14
10 12 40
2 17 1
3 19 2
5 38 39
3 28 19
9 1 24
9 35 37
6 29 10
4 30 40
7 14 20
12 17 25
10 31 8
10 1 21
1 42 15
8 43 16
1 38 16
5 39 17
4 22 7
1 16 2
5 37 26
9 22 1
12 11 19
4 40 8
4 29 13
7 10 10
11 30 5
2 37 32
7 36 33
11 15 2
7 32 13
3 33 29
5 40 12
4 25 1
7 7 40
8 25 22
10 2 3
8 4 37
5 30 35
9 13 14
8 15 18
7 51 18
6 13 19
2 6 13
4 12 9
8 8 14
1 40 26
6 37 5
7 11 29
10 51 2
3 17 15
12 13 20
9 44 9
8 43 26
4 52 15
12 38 39
2 2 22
2 16 34
1 44 20
1 8 6
5 1 12
7 41 38
6 15 33
6 22 12
5 18 35
11 38 14
2 17 23
1 49 40
1 28 31
6 10 23
5 20 23
1 52 29
2 34 25
10 1 39
10 6 9
8 43 28
6 7 23
1 4 1
8 47 28
6 31 25
9 1 8
9 33 26
9 6 39
10 12 17
10 48 38
11 1 25
9 45 29
9 13 33
11 14 9
7 10 25
6 36 11
4 19 34
5 6 12
7 12 19
1 40 13
10 36 10
10 27 27
8 38 2
3 24 8
9 23 5
7 19 29
8 21 1
12 43 24
1 16 29
5 51 17
5 30 25
3 27 36
5 49 10
5 13 35
7 2 40
3 34 38
4 39 8
9 12 14
8 19 36
3 24 29
1 20 6
7 52 11
4 5 5
3 7 24
1 49 29
3 25 34
12 18 37
7 13 28
7 26 11
1 19 2
8 10 37
3 10 35
12 12 16
3 40 21
12 18 35
9 39 32
2 3 17
12 7 36
7 35 20
4 7 7
11 14 38
3 34 40
12 32 14
1 21 35
11 14 12
9 43 20
6 14 6
5 20 24
6 33 22
4 7 13
7 38 23
9 21 29
4 48 34
5 26 1
12 10 11
7 45 21
4 19 8
9 49 26
8 10 35
2 29 10
10 28 23
8 44 7
7 47 34
2 22 26
12 52 29
5 5 28
1 23 3
1 18 30
7 1 2
1 38 38
3 40 17
9 3 20
3 33 5
7 42 25
9 11 20
9 7 37
12 2 24
7 3 7
4 31 10
11 39 30
12 8 40
1 35 36
12 34 4
5 19 1
8 31 37
2 35 18
1 24 19
1 15 32
7 36 10
11 2 27
3 43 21
4 19 18
10 40 36
6 24 4
12 32 6
11 11 28
2 49 36
10 50 21
6 49 12
8 48 11
1 38 34
4 3 3
8 6 10
11 49 24
12 47 18
9 52 23
11 49 24
7 43 34
6 11 11
9 33 6
10 31 23
12 34 24
10 5 25
10 47 27
9 8 38
4 13 23
10 15 27
11 48 25
6 27 34
8 20 5
11 21 11
1 41 18
4 51 4
10 6 5
5 51 30
4 14 28
4 14 10
2 28 29
5 6 11
2 28 6
12 7 33
5 24 34
6 1 20
9 16 38
11 32 27
8 45 29
9 41 18
10 20 13
5 28 12
7 4 16
1 3 30
7 44 19
11 44 37
8 6 35
1 45 32
8 1 18
2 9 22
8 47 16
6 47 7
11 40 5
11 48 38
6 36 10
12 19 22
9 29 28
4 17 32
5 13 36
1 21 36
1 52 13
12 24 33
9 20 8
10 3 38
5 14 31
5 11 40
4 22 5
2 34 12
11 13 37
9 52 38
1 7 22
8 47 31
3 50 32
8 39 31
5 40 11
10 1 11
7 35 22
11 22 31
9 39 26
8 27 38
4 18 2
11 45 14
4 48 37
1 26 19
7 37 29
1 7 35
12 26 10
1 7 28
4 44 14
2 49 25
7 33 36
10 22 8
9 2 35
8 24 20
8 28 33
5 20 6
7 25 32
9 7 1
9 49 31
5 6 28
1 52 22
3 10 20
6 3 40
3 34 18
9 4 8
12 23 7
11 13 20
4 38 16
7 16 35
6 36 25
9 5 15
3 49 22
3 41 6
11 51 10
7 22 30
11 40 40
10 32 26
7 29 14
4 7 26
7 26 22
1 32 30
1 5 20
8 20 29
8 3 34
6 16 8
2 38 34
11 42 2
10 32 38
4 28 21
7 34 31
7 25 38
7 33 20
9 41 12
1 7 31
1 46 5
3 20 14
7 18 31
8 51 14
8 33 2
10 22 35
8 45 5
12 20 31
3 32 1
6 19 16
1 20 23
9 32 39
8 20 16
3 27 12
1 10 37
3 42 13
12 28 5
9 15 6
11 31 12
8 11 32
10 45 25
12 3 38
3 43 35
6 30 35
1 26 40
4 18 1
6 48 36
2 31 5
12 31 28
11 22 5
6 10 23
1 33 15
7 1 15
8 46 34
10 33 38
1 46 39
10 29 23
10 19 32
6 15 18
9 43 9
1 28 27
2 4 5
4 12 30
8 52 6
3 52 26
7 37 30
6 38 34
4 24 28
2 9 7
4 19 8
12 4 4
12 4 32
11 48 2
7 2 6
4 5 3
9 51 15
3 48 27
6 31 34
11 43 27
8 25 17
10 3 32
6 8 3
10 28 36
11 33 18
1 26 37
12 51 31
2 17 31
11 35 30
1 50 28
8 47 34
4 34 3
6 25 34
9 16 10
2 22 37
6 29 12
2 46 9
11 21 33
1 26 38
8 11 40
4 41 10
10 7 13
9 52 20
7 39 3
7 24 30
11 20 11
12 51 25
5 3 28
7 44 35
3 24 7
8 19 4
4 45 27
10 18 3
2 7 32
7 44 32
7 25 16
8 39 13
5 39 17
12 24 26
6 50 21
3 52 39
5 14 7
7 16 1
8 28 39
10 38 32
6 1 19
2 2 24
12 5 4
10 43 34
8 34 18
5 35 40
8 24 13
7 43 39
8 22 14
8 18 32
12 48 4
8 40 36
11 43 17
3 44 13
6 8 33
3 15 25
6 33 16
6 26 10
2 4 15
7 38 26
1 9 8
6 38 30
1 51 25
6 45 9
5 27 37
7 18 1
6 52 27
12 1 10
3 39 22
1 13 15
12 41 1
11 47 10
7 12 6
8 17 30
1 38 18
9 48 21
9 43 8
12 16 6
11 43 16
9 43 20
2 31 34
6 15 39
12 49 26
6 2 1
7 33 28
7 34 19
9 31 16
1 21 36
8 29 38
7 47 18
7 7 30
12 52 39
8 21 5
12 33 21
6 18 15
9 10 24
9 8 1
5 7 13
9 45 35
5 52 24
9 8 40
3 18 7
2 24 8
9 31 10
1 2 28
9 10 15
10 18 22
10 41 12
12 31 3
12 31 34
8 40 5
11 39 35
12 33 4
11 24 7
4 47 20
7 13 37
4 8 33
5 29 9
9 3 7
3 8 24
2 33 9
8 38 28
10 46 14
10 2 27
6 2 1
6 23 25
3 41 4
6 22 14
11 2 17
12 34 26
7 12 19
5 12 25
7 31 18
8 51 10
3 52 9
4 6 38
11 16 33
6 1 21
3 47 6
8 33 40
5 41 27
2 52 31
10 3 23
5 10 19
5 52 3
1 28 20
1 26 30
4 41 16
6 16 28
3 22 28
9 23 31
6 23 40
2 18 29
7 7 6
1 1 26
9 43 32
10 29 27
2 43 1
8 48 11
3 13 20
4 17 17
7 43 1
8 34 5
2 7 6
3 36 35
2 17 23
5 40 14
7 17 1
11 13 22
10 47 18
1 45 21
6 45 20
6 22 3
7 38 10
4 48 2
5 18 17
5 2 29
5 42 33
6 15 2
9 10 17
8 13 22
7 20 8
10 50 10
5 31 32
4 29 33
4 4 35
8 9 22
3 39 37
11 16 21
3 19 14
1 37 6
10 4 39
10 48 4
3 51 37
7 15 28
1 31 34
1 49 37
2 41 4
7 37 12
4 37 13
11 11 20
9 8 26
8 41 28
1 31 10
2 46 20
3 13 1
10 32 21
6 28 34
4 26 26
7 50 32
7 4 9
5 7 20
8 25 37
4 48 26
1 26 26
3 52 21
1 45 21
3 19 22
12 2 10
9 39 6
6 16 9
8 37 6
12 34 32
11 49 36
5 35 8
4 9 32
11 1 13
10 36 18
9 19 30
6 25 38
7 16 28
6 28 34
4 36 14
11 2 25
4 8 34
12 37 10
4 18 26
5 15 2
8 11 9
8 32 33
8 26 32
10 4 11
10 30 36
9 38 12
4 51 12
8 1 16
6 10 1
9 1 37
1 12 24
7 9 32
1 50 16
9 47 33
5 17 12
4 7 14
12 7 11
5 41 30
12 47 36
1 46 8
1 34 37
12 21 33
6 17 3
6 4 25
4 41 21
6 26 35
2 33 25
9 36 17
10 31 4
4 52 39
10 25 40
11 44 29
8 29 15
2 50 9
4 26 23
1 1 29
3 22 24
10 50 23
10 43 31
8 31 3
1 14 20
3 6 36
3 51 3
2 26 18
9 32 12
12 15 39
2 8 15
11 15 7
7 5 3
1 48 6
12 7 8
9 51 34
12 32 28
7 48 26
6 40 24
7 48 30
9 32 37
5 24 18
6 52 25
12 22 30
10 6 14
7 30 35
7 20 21
1 39 12
1 35 19
4 24 4
7 40 6
1 47 8
12 12 1
11 27 14
3 47 2
4 12 37
7 6 31
9 13 22
10 46 26
6 3 6
2 2 20
2 2 19
7 14 10
7 13 3
4 47 1
9 35 25
4 52 2
5 41 4
7 32 8
12 47 4
5 28 21
2 19 32
12 10 14
4 23 39
6 25 31
5 11 10
3 41 23
2 34 31
12 42 21
9 7 21
5 5 24
6 48 39
1 47 2
1 51 14
11 6 21
6 35 9
1 46 22
2 7 9
3 31 31
2 32 16
11 31 30
3 24 13
12 44 30
1 32 8
10 29 23
3 39 2
1 29 3
5 24 29
5 27 20
9 33 27
12 44 10
12 5 36
4 50 18
3 11 12
1 41 26
9 50 10
12 32 1
5 18 37
2 34 10
4 17 35
7 31 37
7 23 21
2 43 38
12 33 32
4 36 36
3 27 28
1 18 34
7 34 4
7 29 1
10 15 2
7 37 22
7 22 39
11 18 23
4 26 12
9 38 37
11 19 18
1 23 21
2 36 7
3 1 25
11 48 19
1 29 3
7 24 24
2 7 22
7 16 24
8 45 18
2 40 4
10 41 35
10 27 23
2 2 26
6 27 37
5 40 40
9 48 31
1 17 20
9 26 2
3 11 30
11 13 32
12 14 22
8 16 12
3 12 8
7 3 3
4 13 8
9 50 8
12 18 20
5 11 28
7 41 19
12 41 25
5 9 17
7 20 25
5 10 38
4 49 17
12 47 2
5 22 36
10 29 19
6 36 14
10 31 7
12 20 4
12 30 14
8 37 40
6 7 34
11 24 7
10 2 10
6 51 26
4 29 25
6 17 31
4 17 26
5 50 33
10 18 16
8 40 32
1 20 15
9 2 18
6 21 20
5 35 21
8 34 30
5 20 19
1 21 28
6 3 33
12 14 26
9 31 29
3 28 30
7 29 14
2 26 22
8 17 28
8 17 13
11 41 38
12 27 24
8 26 16
9 22 18
4 38 16
2 18 19
9 27 27
11 1 15
3 45 36
4 14 39
1 3 33
8 28 11
3 38 20
11 42 11
3 46 8
9 25 29
11 3 24
7 6 31
8 10 36
10 7 36
4 19 22
6 40 19
9 36 5
5 7 27
7 22 31
3 7 34
8 51 33
11 7 12
3 44 18
9 11 17
1 46 5
7 8 4
8 12 23
9 12 25
8 10 31
11 48 11
2 43 25
3 3 13
11 3 25
12 46 15
5 51 8
6 49 4
1 46 7
9 4 37
10 26 29
10 20 36
2 35 6
5 45 30
11 13 36
4 29 2
9 2 40
4 3 20
5 24 26
12 13 36
8 8 23
6 36 10
11 47 31
8 22 27
11 6 3
10 48 21
8 45 27
12 29 37
11 20 18
1 13 35
9 31 4
11 38 20
2 44 4
5 41 11
2 9 12
11 50 29
12 19 27
4 31 25
12 32 8
9 50 25
2 18 3
2 29 1
10 24 18
3 35 6
8 8 13
9 37 15
1 40 4
11 4 20
11 50 17
3 5 16
11 8 21
5 43 33
1 32 15
6 3 30
5 28 21
12 43 35
4 51 35
7 4 4
1 37 5
9 19 23
5 7 5
8 16 22
9 43 35
4 52 25
6 14 31
4 38 23
11 19 37
6 48 11
1 39 18
12 49 16
1 1 9
12 29 16
6 22 25
3 37 18
9 13 10
9 16 14
6 5 22
1 29 25
12 13 27
5 30 24
4 51 36
9 36 1
4 16 15
7 3 17
7 8 19
10 51 17
7 3 14
7 40 39
10 6 21
1 3 29
6 52 19
5 30 18
3 48 1
9 29 2
10 35 3
11 1 31
3 9 15
7 11 28
5 27 27
10 41 29
9 5 14
11 15 22
12 46 17
11 1 15
6 26 33
1 16 32
11 1 34
1 6 16
11 34 18
2 37 35
6 2 23
4 8 29
5 31 12
7 7 19
11 21 6
10 23 14
6 7 29
1 23 4
3 32 19
7 49 7
5 40 7
6 45 29
8 9 40
4 13 26
10 18 39
12 2 19
10 34 37
11 48 12
4 28 17
9 30 26
9 41 17
10 50 2
6 24 22
2 31 35
4 31 29
6 40 40
4 16 9
10 48 30
5 22 39
12 28 2
3 25 14
6 1 26
1 34 3
1 45 33
4 39 1
3 16 21
9 42 10
12 30 12
10 15 19
3 9 4
11 39 23
6 44 16
7 14 35
5 23 11
10 5 4
12 23 3
7 16 6
9 50 5
12 16 38
5 27 22
8 19 10
5 12 14
1 22 5
1 18 16
10 49 14
3 30 22
8 42 1
10 33 2
5 36 20
2 6 31
4 38 17
3 19 6
8 34 20
1 51 11
6 39 26
7 48 21
9 9 16
1 31 15
4 17 17
4 35 29
7 14 27
10 25 18
1 22 23
6 38 31
6 33 39
10 30 27
5 44 2
3 32 21
1 38 36
9 19 7
7 32 25
8 51 23
5 29 10
4 18 8
6 35 6
5 23 17
10 34 37
7 10 40
5 9 21
12 19 27
9 1 23
11 42 6
2 16 15
10 34 18
10 12 16
3 45 4
8 5 10
11 51 22
4 51 28
10 6 6
5 45 39
5 18 30
8 15 2
4 23 12
2 26 28
1 43 8
8 22 32
6 37 37
5 39 36
10 11 35
3 33 34
5 52 11
11 40 12
8 44 1
2 4 12
3 28 3
1 18 9
6 38 40
7 7 37
7 19 39
6 23 23
4 24 18
5 30 36
2 43 2
7 17 2
1 47 15
4 41 21
8 22 34
8 51 34
6 39 3
12 18 4
7 2 9
12 26 2
6 33 14
5 5 24
1 3 19
1 21 33
10 35 8
3 43 19
8 16 23
8 38 27
4 24 28
2 22 2
10 24 23
8 3 9
9 13 16
6 20 18
10 50 16
7 19 16
9 18 38
6 47 33
4 49 30
7 34 17
2 12 6
7 15 33
2 46 7
7 31 18
8 29 13
7 18 10
12 25 10
6 44 7
7 46 29
12 35 40
7 18 7
5 34 14
10 10 40
12 10 11
6 51 25
9 50 38
10 44 4
9 2 5
9 15 31
12 47 37
10 22 39
2 16 26
1 31 1
2 11 2
6 18 17
10 5 34
6 36 22
6 29 10
1 45 7
8 15 4
1 42 29
1 40 22
6 51 10
9 41 21
4 29 9
4 48 20
4 35 37
6 28 37
3 5 31
2 51 22
5 52 21
3 42 25
8 39 24
5 36 2
6 44 5
5 13 1
9 18 5
5 34 4
8 43 15
7 46 6
4 41 26
11 14 12
1 17 7
10 7 26
8 12 31
8 37 9
12 5 32
9 48 40
5 8 20
1 49 22
2 29 1
10 26 36
11 28 10
3 18 40
8 34 4
12 30 35
6 40 3
10 18 17
3 42 31
6 49 16
9 40 35
2 43 16
7 8 12
1 31 35
9 46 21
3 29 36
5 20 14
6 43 36
11 37 29
3 48 9
5 10 9
5 34 40
10 8 31
11 46 26
4 8 23
3 20 36
5 48 36
7 35 5
5 12 2
12 44 7
6 50 27
10 51 35
9 34 33
8 49 37
4 47 23
4 33 2
2 29 1
7 25 31
11 19 32
12 51 9
2 17 15
3 39 25
3 49 13
11 6 20
8 16 5
7 39 12
8 35 36
6 47 24
6 24 19
7 18 29
8 32 5
6 47 29
5 2 22
1 10 36
9 8 6
4 8 6
11 25 24
2 23 17
2 10 18
6 36 38
5 23 32
2 26 4
9 3 6
1 12 30
9 6 33
3 44 18
8 50 12
4 46 9
10 23 40
12 25 26
10 48 10
10 47 24
5 37 7
1 35 22
3 44 30
10 30 34
9 13 9
1 40 20
12 4 10
5 10 21
3 48 6
9 14 26
5 50 34
8 14 33
3 28 1
2 18 4
12 28 5
7 17 30
6 23 35
5 6 35
8 50 26
3 5 8
5 47 6
9 46 34
4 48 2
12 14 35
3 18 6
12 51 30
11 12 29
8 40 18
8 40 10
2 33 6
7 52 28
7 15 39
5 19 4
10 2 13
11 23 23
7 42 25
11 36 1
5 18 26
7 51 34
5 17 23
3 18 16
11 27 6
1 50 20
8 25 16
4 3 18
12 23 10
2 35 34
5 23 39
11 9 2
8 20 21
10 5 15
9 23 12
5 51 16
11 13 6
10 6 3
9 37 25
12 23 11
5 47 24
7 7 34
4 14 15
8 11 10
6 16 10
6 18 30
5 49 34
4 29 6
12 12 29
5 39 2
12 13 16
4 33 17
10 46 14
11 21 36
2 17 13
5 37 29
10 13 14
5 10 7
10 1 4
7 6 15
7 13 37
10 34 31
9 10 31
10 15 5
1 21 2
7 21 36
12 10 15
1 8 37
11 17 30
3 10 20
10 38 35
12 29 21
3 5 12
8 39 10
4 35 9
8 28 6
12 35 17
10 32 27
8 48 20
1 26 10
8 15 30
8 19 30
3 32 28
11 47 16
9 13 26
1 44 2
1 18 18
3 24 12
6 41 15
1 49 1
10 13 26
1 47 40
8 3 25
4 23 21
11 24 32
4 41 3
9 42 40
9 34 35
7 37 20
7 17 20
12 34 5
4 32 12
9 28 40
1 26 1
7 38 24
4 37 19
10 42 22
1 29 1
8 23 10
11 14 29
7 24 23
2 48 21
10 41 24
2 10 38
3 25 28
11 5 30
4 45 19
5 7 5
1 47 13
12 40 15
11 40 9
11 39 15
8 10 13
6 49 14
6 51 35
4 22 36
6 35 33
4 3 19
2 12 11
4 9 21
7 25 38
4 14 22
7 18 18
3 11 19
1 17 4
7 34 25
8 16 4
4 24 21
5 34 22
4 23 33
2 45 40
8 28 35
6 10 16
9 36 24
11 4 33
10 27 28
3 5 7
7 29 11
4 51 2
4 9 10
12 21 38
8 52 4
8 33 24
2 18 27
2 34 33
1 51 20
8 34 23
2 5 14
3 40 21
9 10 28
6 52 36
4 15 10
1 29 34
10 17 39
3 50 31
10 28 31
5 23 23
11 4 16
8 47 37
10 37 30
2 4 18
5 15 10
11 48 34
6 49 34
8 31 8
5 42 14
8 27 27
2 12 35
9 25 33
7 45 39
6 12 32
5 11 1
2 47 3
12 27 14
4 20 7
6 31 3
11 41 11
11 6 14
8 4 26
11 7 15
10 10 15
6 30 2
2 11 2
7 18 7
6 13 3
12 22 2
11 34 17
2 46 21
10 32 38
12 48 8
7 20 20
12 6 30
6 43 6
6 45 4
7 42 38
10 44 8
5 34 30
1 28 27
1 12 35
9 22 18
7 41 30
9 19 25
10 24 17
4 13 2
10 4 27
6 32 3
6 22 5
6 50 2
11 31 24
1 16 17
10 32 37
3 29 19
6 9 32
9 39 14
4 51 18
5 42 13
6 11 13
1 13 22
9 34 30
7 10 33
9 40 31
6 52 18
10 1 25
11 15 34
4 46 7
11 36 26
5 40 4
10 16 36
9 41 5
4 46 31
11 51 17
2 3 9
5 47 4
8 50 28
8 36 7
11 41 29
12 25 19
2 46 29
11 44 33
3 50 12
11 46 40
5 49 1
2 27 12
2 14 8
6 19 34
6 22 32
11 50 30
6 36 27
10 27 21
9 40 12
9 48 5
9 21 34
6 37 38
4 38 10
9 17 38
4 49 18
5 49 35
10 13 22
12 47 16
5 13 35
11 2 33
4 18 22
11 12 35
5 3 22
2 13 8
9 19 10
2 25 21
5 31 8
5 2 39
1 33 38
8 43 30
7 8 38
10 23 32
6 41 23
10 22 2
12 39 17
1 32 25
3 40 34
10 5 17
3 9 34
8 10 17
11 49 32
10 52 39
12 52 24
11 21 12
10 14 30
1 7 18
9 23 38
8 12 34
3 34 27
12 30 9
5 39 4
7 30 8
6 39 5
1 34 26
10 32 25
1 47 27
10 15 16
8 25 32
11 3 29
2 40 19
5 34 22
10 22 34
10 6 37
6 22 21
7 8 10
7 12 21
12 6 1
5 1 20
7 5 25
3 34 30
4 27 24
1 50 18
3 36 3
6 14 15
4 43 26
3 14 11
2 43 31
7 45 13
7 22 32
6 27 23
11 16 18
6 41 24
2 38 31
12 13 34
11 26 39
1 35 30
12 31 25
9 49 2
4 7 31
6 8 18
5 27 5
4 47 23
7 15 30
10 20 35
8 40 30
6 52 4
1 19 35
2 12 2
8 15 23
2 13 5
2 28 14
5 23 7
5 10 40
10 9 34
5 7 4
8 19 28
10 8 19
4 42 39
10 20 22
1 10 4
11 40 28
4 18 15
8 51 16
11 49 26
12 40 28
3 36 26
3 2 33
4 21 24
7 22 22
7 2 14
9 46 14
3 48 10
6 50 21
1 50 30
1 31 26
6 25 8
5 2 10
5 16 23
4 13 1
2 24 38
8 28 23
11 5 1
7 14 8
6 22 30
1 16 24
4 52 40
2 3 37
8 40 20
3 48 28
1 25 20
12 26 37
11 44 40
4 46 10
3 36 25
3 10 30
5 44 12
4 13 4
4 17 27
7 28 10
10 41 15
4 2 33
6 13 11
11 3 24
11 19 35
11 51 16
5 19 12
8 48 34
10 47 31
3 35 37
3 27 31
2 15 17
5 14 2
2 11 26
12 15 9
11 35 13
11 18 40
11 12 34
1 51 4
3 34 25
12 44 33
12 20 28
12 45 16
5 27 26
12 33 19
8 6 27
6 30 6
1 30 25
2 48 15
12 37 16
10 50 27
3 41 11
6 49 9
7 12 27
6 12 11
11 10 25
11 43 32
9 46 36
7 9 18
8 35 25
1 48 13
5 13 12
4 17 15
6 30 22
3 13 9
7 37 7
9 31 12
7 52 2
6 46 37
8 26 39
9 33 2
8 22 4
9 45 21
3 43 28
2 51 18
8 45 37
12 42 5
8 20 36
2 13 35
11 42 2
10 35 32
7 25 25
5 20 21
12 24 10
9 45 3
1 3 12
1 23 5
3 22 37
1 13 10
8 10 10
8 3 33
5 13 37
1 49 33
5 31 21
10 29 12
3 17 19
5 17 13
1 38 5
11 5 18
6 11 21
6 42 12
12 50 34
6 28 18
1 27 13
7 32 4
7 34 27
5 49 27
4 39 14
1 36 31
6 16 36
5 19 32
11 32 29
8 25 6
1 28 30
11 16 8
9 26 40
4 13 16
1 39 19
7 42 25
4 14 1
7 4 25
6 17 23
2 29 39
2 18 38
3 31 12
10 19 16
3 6 8
5 29 4
3 2 12
5 41 5
9 36 5
2 49 17
3 29 8
6 8 8
7 24 2
1 9 28
11 46 19
1 39 36
10 44 29
11 51 37
1 21 34
2 14 3
10 30 6
11 51 22
8 28 13
1 30 15
9 32 29
6 47 13
5 37 22
7 32 24
9 31 26
7 41 26
9 36 1
11 24 36
3 30 16
6 25 35
6 15 28
5 43 21
11 4 10
6 50 16
8 14 22
9 48 32
8 2 23
5 49 40
6 51 32
2 1 8
8 46 16
6 19 34
6 26 13
11 47 20
3 45 8
3 11 19
2 52 37
4 49 10
10 15 34
10 43 29
10 2 26
8 25 30
12 37 25
4 28 20
9 6 4
9 20 22
9 22 14
8 48 2
5 48 1
9 39 20
11 7 23
7 38 31
10 44 7
12 50 27
7 9 9
2 2 5
11 50 26
9 35 11
6 27 36
11 30 14
7 20 16
4 37 6
5 36 24
5 46 18
7 23 19
12 38 16
2 33 23
12 9 6
9 41 23
8 51 25
7 34 6
9 34 40
11 42 5
3 42 36
5 14 17
1 21 13
4 11 16
2 37 11
11 35 25
7 4 17
2 41 35
7 41 9
6 20 19
1 36 35
1 24 22
2 44 20
2 17 34
1 32 24
3 21 3
2 21 6
7 29 12
9 32 39
7 36 31
2 42 19
4 6 22
2 25 21
5 17 24
6 35 19
1 44 8
8 22 14
12 50 23
5 1 40
1 48 22
6 36 6
2 44 33
12 40 8
3 7 20
12 7 9
1 29 27
3 49 8
8 1 36
7 1 36
5 32 26
2 9 18
9 43 5
3 42 39
10 48 2
8 10 18
5 38 9
2 19 40
10 23 20
8 37 17
11 13 16
12 20 22
9 6 22
10 35 36
7 2 9
5 21 32
3 52 5
9 18 32
10 10 22
9 10 29
5 14 5
4 42 21
6 48 1
12 7 30
9 25 31
1 16 36
9 29 9
4 31 23
3 34 2
9 7 10
10 18 5
2 47 20
10 15 38
6 33 1
6 43 22
9 44 10
5 4 12
8 10 36
10 43 31
10 46 21
4 5 2
11 9 36
12 4 5
12 3 37
1 42 9
10 8 39
3 18 12
11 4 16
5 26 20
10 1 20
1 22 28
10 23 27
3 15 20
5 38 9
5 47 17
4 36 5
12 26 36
5 22 11
3 29 9
1 43 21
3 17 2
9 18 33
6 41 38
9 35 18
2 41 26
5 50 20
1 21 36
7 35 5
9 26 19
9 30 28
10 44 10
8 35 8
1 28 1
12 20 31
4 2 19
7 9 17
6 47 1
2 20 35
12 39 3
6 8 33
4 12 23
11 23 20
7 41 8
5 22 30
4 31 37
8 25 12
5 23 6
7 17 26
12 35 13
8 44 24
1 37 1
7 19 31
5 18 7
9 7 11
3 5 12
10 35 32
2 2 40
2 35 27
12 8 34
5 11 21
11 23 34
5 2 26
3 19 37
7 38 26
2 5 28
1 8 17
2 50 36
5 26 17
6 41 9
5 2 10
9 36 21
3 32 4
9 21 14
7 51 26
11 28 2
10 5 25
10 23 26
2 5 10
2 44 6
7 22 8
5 23 33
9 46 35
8 49 34
3 27 30
11 18 37
1 19 17
8 10 2
12 24 7
8 47 39
11 26 15
5 27 9
2 39 17
8 5 20
7 36 24
11 14 14
3 4 9
1 31 22
11 4 21
9 1 27
2 8 2
4 33 31
6 35 23
8 30 28
11 18 8
8 32 33
7 42 9
4 51 35
1 8 6
8 27 12
6 2 21
7 33 37
1 47 40
1 51 23
9 25 10
6 45 29
6 10 2
8 49 34
6 9 20
8 5 4
1 48 35
3 28 30
4 24 17
8 17 38
6 22 15
2 49 10
11 52 20
11 48 40
7 39 17
6 3 22
4 6 11
8 28 26
2 40 9
12 8 39
2 18 22
7 11 13
10 44 33
6 47 14
6 28 20
12 21 27
4 8 29
1 4 21
11 40 9
10 16 7
10 49 19
10 18 12
12 38 8
11 6 30
7 40 2
9 9 1
12 17 5
6 46 20
5 33 6
11 44 24
10 49 40
1 28 6
9 52 28
7 29 38
8 44 37
2 25 15
1 48 19
3 26 33
5 40 5
2 9 7
2 14 2
8 28 24
2 32 35
1 33 28
6 8 9
3 41 36
2 49 23
4 32 14
9 41 32
2 13 29
9 21 9
7 23 13
9 30 24
6 2 12
11 16 24
6 4 32
6 15 35
10 3 29
11 33 33
1 10 40
1 23 32
10 18 37
11 10 1
8 10 25
7 43 21
10 27 37
3 44 26
10 35 13
1 18 9
8 3 24
12 11 21
6 3 11
5 25 6
6 45 5
4 29 10
9 49 30
1 8 17
4 42 36
1 7 27
10 26 36
12 34 33
12 30 12
12 36 19
6 43 21
10 48 16
8 35 6
6 25 8
3 44 12
3 50 18
12 28 12
5 44 21
12 36 34
7 18 39
9 11 25
3 49 40
12 35 14
2 7 15
6 31 29
10 47 24
9 31 23
7 51 12
11 17 9
8 41 40
6 23 10
7 19 27
4 26 12
6 14 23
10 29 18
8 51 28
2 4 4
11 39 16
8 44 24
7 1 12
10 47 36
10 12 18
5 10 32
6 15 27
10 51 15
4 7 14
10 17 10
2 43 1
11 32 13
3 28 18
8 50 27
10 30 9
4 28 25
1 21 2
3 14 20
9 30 32
12 10 39
5 7 2
7 50 22
10 49 15
11 52 25
9 42 17
5 30 9
1 12 5
2 48 38
7 23 18
9 39 19
4 39 8
4 16 31
3 29 15
2 29 22
11 1 5
7 23 3
1 45 2
12 41 18
9 46 37
12 3 19
9 12 38
10 39 26
8 32 30
11 37 5
3 27 10
6 31 33
7 47 33
3 48 28
10 18 5
4 44 24
1 46 17
12 6 34
11 46 1
3 22 17
11 33 37
6 37 36
8 24 31
2 31 8
1 21 31
2 35 38
1 17 34
5 15 37
6 32 39
1 48 8
2 13 9
12 51 19
5 2 6
8 2 4
2 27 25
2 31 32
6 23 31
12 44 5
4 16 26
10 19 2
1 7 24
11 19 10
8 13 12
10 27 30
11 18 13
6 12 20
5 33 20
8 44 32
3 50 4
6 23 11
9 4 39
10 14 15
6 12 2
4 6 10
9 7 29
3 2 10
12 49 4
12 37 24
2 42 10
12 23 23
9 46 1
6 26 13
5 27 28
2 27 28
11 17 4
9 42 3
11 2 8
12 24 4
1 20 12
7 45 32
8 23 10
1 15 17
9 26 23
10 2 22
7 35 16
7 34 35
2 48 14
1 35 39
11 45 26
6 33 28
6 6 16
10 42 35
2 41 29
9 16 8
3 11 21
10 16 3
6 46 37
11 12 38
7 39 25
12 45 3
4 47 28
1 9 8
9 28 35
12 22 28
12 16 37
4 29 20
1 45 23
3 51 13
3 22 4
11 37 28
9 3 36
7 9 17
3 16 20
10 42 7
8 52 40
10 18 11
6 11 21
5 33 20
10 41 29
3 1 36
4 15 7
9 45 2
7 28 12
1 40 31
8 6 21
3 6 7
11 20 12
8 21 14
6 6 7
9 10 5
10 48 40
11 31 13
9 14 17
10 32 9
5 1 8
7 43 29
3 24 10
8 27 19
5 28 19
10 48 36
4 20 29
5 49 17
3 15 7
3 31 18
10 30 40
11 37 19
2 47 11
8 21 21
3 2 1
5 3 2
2 30 27
6 15 24
7 49 2
4 18 3
1 7 10
9 29 38
9 11 26
1 13 37
5 2 1
8 18 11
1 33 5
7 37 31
1 14 4
2 1 37
10 12 19
6 43 18
5 4 30
1 38 1
10 21 38
9 15 19
4 23 21
11 25 21
10 48 23
12 49 13
5 7 12
11 15 1
9 27 14
2 3 40
5 41 31
1 21 32
11 34 37
12 33 24
5 1 21
12 22 8
9 9 7
7 50 31
6 23 10
5 3 27
8 37 37
8 6 36
1 15 39
8 7 5
1 47 2
2 30 14
11 10 30
5 12 25
10 45 30
11 37 15
11 6 20
11 27 7
2 15 21
6 43 24
7 33 7
8 31 27
5 17 23
8 7 26
4 50 18
11 19 25
7 46 28
11 3 22
12 46 37
9 33 3
6 29 23
10 52 24
1 42 14
7 18 29
6 15 7
5 48 22
9 48 18
3 50 7
12 9 31
10 38 33
5 43 7
3 1 18
1 25 34
7 11 5
8 35 17
5 37 24
12 20 9
3 12 16
5 32 10
5 28 27
4 12 38
11 1 14
7 47 26
9 2 35
8 25 24
1 49 35
5 38 23
7 50 27
6 52 16
6 14 11
5 39 29
4 29 34
4 19 19
12 19 33
6 34 9
2 19 37
5 21 15
7 18 9
10 26 30
11 10 28
6 4 9
9 49 25
12 38 30
3 15 15
10 42 21
4 23 37
6 34 10
9 10 21
10 43 20
4 48 22
11 45 4
9 5 4
6 51 16
6 44 12
9 50 14
12 32 16
3 9 12
6 37 9
2 25 15
11 21 27
10 6 37
6 3 40
5 20 11
7 6 23
1 52 16
12 38 29
7 32 13
8 29 34
1 37 1
2 47 2
1 14 36
5 37 28
5 39 19
2 41 11
7 38 21
2 51 12
2 6 26
11 31 6
12 32 13
6 31 15
4 50 14
10 30 9
8 46 21
5 30 23
7 29 7
4 36 31
1 42 13
11 21 38
9 48 3
10 34 16
9 11 23
1 38 16
4 4 8
11 15 29
11 9 32
2 28 15
8 16 30
10 9 32
2 42 29
10 37 3
4 49 35
8 46 7
10 27 22
12 20 11
9 44 22
9 11 14
6 31 40
11 4 30
5 43 10
10 40 38
4 18 10
5 18 34
1 18 38
8 10 19
6 41 21
6 45 18
4 22 26
12 2 36
2 19 12
3 17 40
11 44 18
8 6 16
1 45 17
3 24 15
1 9 33
5 11 23
6 29 30
4 5 36
12 39 7
10 24 14
10 7 38
3 13 38
12 45 38
3 21 11
9 2 36
3 9 39
4 43 4
12 48 14
5 38 14
1 42 19
10 44 34
9 23 26
2 2 36
9 44 33
1 43 36
3 14 8
12 6 1
12 3 8
1 41 38
3 16 36
11 17 22
3 4 37
10 51 23
7 10 31
1 29 16
9 25 27
2 11 2
3 37 31
9 32 6
11 15 21
2 23 16
6 47 24
4 25 11
5 32 9
6 23 21
5 49 20
7 27 10
4 36 28
3 44 28
11 29 28
11 9 36
8 16 35
8 26 30
6 13 19
12 32 18
5 16 11
11 9 33
7 10 36
8 32 27
2 16 31
7 4 14
8 49 24
5 20 17
4 3 28
7 32 3
10 24 39
3 13 10
7 18 40
4 49 21
5 34 3
7 51 15
9 12 29
9 24 16
1 20 30
2 51 35
8 42 31
10 44 14
7 4 21
1 21 5
9 40 40
3 42 11
6 5 26
12 37 26
5 25 27
5 18 31
12 2 23
11 15 26
3 37 6
6 46 4
9 50 17
3 13 24
9 6 34
5 44 10
3 47 6
11 25 35
9 41 32
10 7 1
12 50 7
2 23 12
2 41 31
10 31 22
4 38 11
8 7 38
3 17 31
6 18 26
4 42 25
2 36 18
8 6 32
11 49 11
6 25 1
6 45 13
2 26 19
6 39 25
9 26 27
1 15 11
7 52 27
12 29 36
12 10 6
7 20 14
1 1 29
6 24 32
9 13 9
9 19 31
11 33 25
12 37 13
1 7 6
6 29 10
5 25 6
4 43 11
2 28 1
1 12 31
10 20 29
12 46 24
12 11 3
12 40 31
11 4 27
2 45 35
12 30 14
4 21 2
7 11 2
4 52 38
10 8 12
6 2 22
6 23 23
8 19 21
12 35 39
12 39 4
1 43 2
8 18 18
4 12 37
12 21 13
1 45 9
7 36 36
7 24 22
12 11 14
4 20 31
7 40 38
3 28 34
5 19 20
5 46 26
8 14 40
1 22 39
5 31 30
4 28 29
3 50 37
2 12 9
1 28 20
11 16 10
8 1 30
6 29 11
8 39 5
3 24 14
8 29 32
8 48 7
9 30 2
3 1 19
4 46 32
2 27 12
11 31 24
7 37 22
10 35 16
10 28 37
2 18 11
8 5 20
8 21 35
4 18 10
2 34 14
1 9 24
11 5 29
9 7 26
10 32 15
4 15 26
4 32 20
11 44 26
12 48 1
2 42 28
3 46 24
5 12 29
11 48 6
11 26 23
5 21 5
8 3 14
12 29 31
1 24 25
12 34 16
3 13 4
11 19 21
5 12 16
10 6 29
6 22 1
11 17 39
1 3 11
6 18 37
7 27 14
10 14 3
2 51 3
3 14 12
7 35 19
10 6 26
6 15 20
8 27 19
7 15 38
7 18 7
1 48 34
1 22 10
3 12 17
2 45 15
12 15 34
4 10 26
11 33 20
2 27 5
8 24 31
12 31 16
2 12 23
12 22 17
2 39 27
9 10 34
2 8 27
10 27 20
8 34 3
2 43 31
8 47 17
2 37 2
12 4 22
11 8 10
1 43 33
10 7 14
3 18 19
3 1 37
8 6 36
4 46 5
10 47 27
6 38 15
6 25 5
6 32 17
8 25 16
6 30 8
6 21 24
5 15 6
12 19 12
5 44 21
11 39 12
6 22 10
3 10 28
12 1 39
5 34 25
5 32 22
1 1 31
7 38 27
4 27 5
3 37 25
4 32 17
2 17 20
9 25 8
11 28 11
7 6 36
2 22 30
11 52 35
11 46 10
3 8 32
1 40 36
2 33 4
1 24 5
3 37 1
12 30 11
9 5 33
1 16 5
11 51 10
9 26 9
11 7 12
3 31 35
6 38 29
9 11 32
7 52 24
10 50 8
8 3 11
2 50 12
9 11 40
12 9 30
11 13 2
12 16 30
10 28 14
1 31 21
1 32 22
7 14 25
8 45 14
9 25 13
8 15 25
11 36 9
7 9 25
9 36 18
7 13 16
9 40 9
4 39 40
11 23 4
9 47 15
6 32 15
7 31 17
5 15 39
5 46 29
8 30 5
10 46 5
10 15 16
9 32 17
4 27 7
12 16 4
11 31 10
2 7 35
7 42 34
9 4 7
9 8 3
3 19 16
4 33 24
7 26 39
11 32 28
12 3 39
8 38 27
3 16 8
6 16 20
1 15 15
11 42 20
10 13 29
3 31 20
2 20 40
6 11 17
7 24 40
10 18 24
5 15 38
2 43 5
1 45 36
4 43 3
6 16 17
3 50 18
6 49 28
7 38 1
6 13 22
3 25 24
12 44 10
6 7 1
3 45 36
10 31 22
11 11 6
8 20 25
12 49 21
2 30 36
4 42 32
11 51 28
12 11 5
11 32 16
8 18 26
12 13 29
5 28 38
1 2 12
7 8 25
3 15 9
4 22 1
5 21 29
5 1 35
5 50 17
7 41 1
5 45 16
7 44 31
6 9 26
4 37 10
9 21 39
2 27 25
7 10 4
7 30 24
5 7 31
5 50 2
3 9 34
11 52 34
1 41 15
9 42 4
6 11 10
8 19 10
11 41 9
2 7 16
4 50 30
5 22 1
5 7 35
11 33 33
1 34 28
9 28 19
2 36 10
9 22 37
11 12 25
1 51 39
7 9 3
3 16 9
10 37 4
7 1 34
8 7 32
1 20 18
2 24 10
1 34 35
12 30 3
6 25 28
4 6 28
8 15 11
5 48 34
11 14 10
6 44 37
12 35 11
1 14 6
3 12 20
9 32 31
9 51 3
1 34 7
6 4 2
6 19 12
1 27 12
4 39 24
4 6 32
4 50 6
6 24 36
4 40 9
4 49 10
5 47 36
3 3 17
2 29 29
7 10 5
3 26 19
1 13 36
3 27 13
6 22 25
4 44 40
3 47 7
2 24 28
12 1 13
10 35 25
1 2 12
1 8 14
8 12 21
4 33 7
6 40 17
8 32 32
3 4 7
1 30 6
6 41 2
2 25 17
8 38 37
4 15 3
1 27 16
3 10 35
12 25 28
4 43 21
6 3 17
6 50 39
12 5 3
5 22 27
10 7 34
2 31 1
10 17 37
12 29 30
4 32 13
3 6 14
11 15 9
2 46 10
7 39 9
2 7 10
1 34 6
10 32 28
7 48 35
7 28 16
3 40 6
4 39 2
11 34 28
2 34 21
12 28 2
10 37 5
9 7 33
2 47 19
3 42 16
2 7 10
4 34 1
9 41 25
12 37 39
10 26 36
12 36 22
11 50 34
10 4 38
6 18 20
8 21 3
9 29 10
8 3 16
3 40 27
8 23 23
7 14 25
11 20 11
2 8 16
2 33 15
3 32 2
7 31 2
12 8 11
8 9 2
4 2 7
2 9 36
11 20 30
6 52 28
7 12 20
1 48 24
1 1 38
7 42 36
6 29 10
10 46 30
7 47 40
2 25 38
9 6 5
5 4 39
9 29 1
5 40 4
6 45 2
11 19 1
3 39 31
7 17 32
8 19 39
6 35 5
4 6 34
6 2 15
9 47 31
5 2 10
2 9 2
4 46 22
9 9 29
11 13 12
6 22 37
2 11 22
12 5 24
7 18 38
6 28 22
9 49 13
5 9 33
7 31 5
3 7 24
1 15 12
8 2 7
2 42 2
9 32 5
2 20 36
11 38 14
8 16 28
5 41 33
11 13 27
2 50 28
11 31 30
8 28 24
3 16 11
4 7 19
3 44 1
6 20 23
2 27 38
7 4 33
12 31 26
5 24 10
6 44 33
2 38 3
9 50 38
1 48 17
11 44 31
6 45 13
5 11 18
6 48 20
12 25 10
4 35 17
3 52 29
1 27 37
7 20 13
5 4 17
5 29 12
1 9 2
6 15 35
4 20 8
9 47 39
10 18 33
8 33 11
8 38 29
6 35 28
3 52 8
11 42 17
3 9 21
3 21 16
11 9 29
6 52 19
11 40 11
3 45 23
8 51 3
8 13 17
7 34 6
8 3 24
11 15 5
5 40 40
7 49 34
2 20 34
8 7 13
1 3 19
4 36 23
6 3 1
5 8 11
5 48 25
9 48 21
6 7 34
5 15 3
9 29 19
4 12 16
5 45 24
8 7 8
1 52 4
2 3 16
4 49 1
10 35 15
9 28 5
11 4 12
9 13 32
8 3 34
3 3 28
1 50 40
4 34 39
8 41 26
7 34 25
10 30 21
5 10 9
11 20 13
9 14 38
10 7 4
1 8 38
4 8 26
10 30 16
4 41 19
1 37 31
10 20 15
3 44 23
10 6 37
4 47 40
9 39 33
2 12 33
12 25 10
10 29 2
1 29 34
1 18 32
11 38 26
1 47 27
2 20 12
3 3 30
7 7 28
1 29 25
4 9 31
3 17 37
6 47 35
2 40 33
5 43 40
9 24 12
12 38 30
1 40 16
8 31 2
7 10 21
2 34 39
1 33 35
5 49 8
6 20 33
6 8 3
2 40 33
12 1 10
3 27 30
3 14 8
5 4 40
8 51 36
3 27 14
3 13 33
2 48 5
10 18 29
1 12 33
4 12 7
12 46 11
12 27 24
10 21 37
10 51 29
8 17 25
9 42 5
9 28 11
12 38 10
4 50 23
7 6 24
2 42 13
8 19 13
10 43 31
2 17 5
7 14 32
3 23 19
6 11 19
5 27 30
8 40 17
4 45 7
8 2 21
10 32 27
4 12 33
9 22 9
4 20 1
9 38 38
8 20 8
8 31 20
10 42 7
1 39 21
2 31 38
7 31 8
12 13 40
2 36 20
10 14 24
9 28 14
11 1 30
10 25 17
9 27 40
4 9 36
6 25 3
11 10 34
1 2 24
2 24 24
4 50 25
5 41 12
2 26 13
1 41 29
7 12 31
4 2 30
2 30 20
7 21 33
4 35 40
12 11 25
5 3 25
8 17 29
3 9 32
2 7 33
11 34 20
5 46 18
7 35 10
10 51 20
9 50 12
10 43 9
4 30 31
9 27 23
6 6 14
1 2 16
9 28 13
11 8 4
9 42 11
1 36 6
3 30 20
3 30 36
7 10 3
12 33 5
5 37 38
6 4 35
6 49 22
7 10 24
7 48 1
7 15 26
8 5 31
10 23 37
11 34 4
9 2 7
4 45 16
5 11 40
9 31 40
11 49 4
10 3 13
8 18 28
1 26 30
10 44 24
1 35 18
6 14 4
8 15 34
3 34 10
11 42 32
9 30 30
5 27 15
12 34 3
1 9 4
1 39 11
11 22 23
7 44 34
6 46 2
10 25 7
11 2 21
11 22 13
4 34 28
6 29 10
2 31 23
9 21 11
7 8 22
2 44 3
12 42 9
6 36 19
9 30 19
3 34 39
9 8 13
12 52 28
6 42 18
5 51 12
9 48 8
2 33 36
11 31 27
9 19 14
4 23 14
9 6 4
1 16 24
4 34 39
3 35 11
10 23 16
8 32 23
5 18 8
8 14 10
6 32 40
2 16 37
7 45 25
7 4 14
11 39 18
7 51 27
11 20 10
5 5 14
1 38 18
12 32 9
7 51 26
10 38 25
1 26 7
2 40 40
3 40 18
11 20 26
7 4 39
3 12 29
1 27 26
12 31 11
8 17 6
6 46 33
9 36 32
6 43 13
6 50 38
3 36 12
8 5 37
8 33 24
5 29 5
9 25 6
5 45 9
12 37 14
7 2 21
9 34 33
6 41 36
5 12 16
6 23 18
1 52 13
3 31 24
1 24 14
4 7 35
3 45 36
10 9 8
3 15 40
7 4 35
10 25 2
9 38 25
2 47 10
3 43 32
2 41 19
5 46 9
8 51 7
12 1 29
3 10 38
2 8 12
12 11 39
2 49 19
10 25 29
6 10 30
2 43 9
5 48 24
11 50 24
3 5 14
5 24 24
7 16 8
11 35 38
12 11 10
5 22 18
5 23 22
2 13 1
5 13 12
1 45 23
1 18 17
9 44 10
2 30 4
6 3 40
3 9 39
11 9 36
9 15 33
5 34 26
6 1 7
8 8 10
7 38 22
9 5 4
6 26 25
3 51 25
12 26 38
8 51 3
12 35 39
1 3 19
4 10 7
6 38 28
7 36 34
7 35 27
8 28 21
4 3 40
2 36 24
3 21 30
2 21 16
2 31 13
1 23 30
3 38 14
7 37 3
3 41 40
2 37 13
4 8 29
4 6 12
5 14 19
12 44 31
10 6 27
9 43 23
9 21 15
5 6 34
3 41 33
12 12 10
4 39 4
1 15 39
7 5 9
10 3 11
4 45 27
2 50 17
7 26 30
12 40 38
7 18 36
9 4 9
6 34 21
6 52 17
12 8 8
7 26 16
6 19 23
2 14 14
1 28 12
6 27 28
10 8 5
5 52 10
2 27 39
2 5 2
10 18 1
2 39 19
8 46 21
5 36 28
5 46 6
8 26 34
4 25 9
8 51 12
10 32 15
5 12 23
8 51 4
2 37 25
10 38 23
2 38 37
10 4 3
11 17 27
4 30 14
11 4 23
2 47 33
1 16 17
7 26 40
4 17 6
7 41 16
12 33 38
9 45 23
3 7 11
9 46 33
11 42 4
4 20 28
7 24 37
6 40 34
6 7 3
6 37 26
1 5 20
8 46 4
10 31 40
1 11 30
4 33 21
6 40 22
10 45 39
10 48 40
6 28 2
11 31 9
5 15 39
5 19 35
8 12 16
8 31 4
6 44 3
9 2 39
11 43 12
6 45 32
2 42 25
12 39 19
3 27 24
10 52 13
9 4 7
10 25 29
9 37 37
3 23 14
7 37 3
12 10 16
4 29 21
9 34 27
7 31 1
1 3 35
1 4 33
11 51 28
9 23 15
2 49 36
8 24 10
1 51 39
10 38 31
1 32 17
5 27 13
6 12 16
1 26 5
4 15 32
6 30 9
10 35 15
2 10 9
2 2 32
1 37 16
9 2 30
6 37 37
5 35 26
5 51 25
1 41 18
12 44 25
12 2 7
12 13 9
3 33 25
5 52 3
11 13 12
9 2 20
3 43 19
2 10 8
7 47 36
8 1 23
10 15 15
11 14 10
12 19 26
12 50 14
10 7 11
6 37 29
5 32 37
9 52 18
4 19 2
12 32 10
10 8 35
1 43 8
10 38 11
5 1 38
8 3 6
3 2 21
6 10 35
2 31 1
10 3 32
11 7 35
4 8 25
3 7 31
6 28 40
9 5 38
11 19 3
3 24 27
8 20 12
7 14 7
10 50 15
1 19 4
9 43 12
4 48 19
6 30 39
12 36 36
11 44 18
6 10 7
4 18 20
9 45 38
1 35 27
9 10 9
7 42 8
8 47 9
2 39 4
6 3 40
5 22 29
11 24 28
9 38 27
7 30 25
1 34 21
12 23 9
2 22 12
10 9 22
8 26 30
2 33 30
10 33 31
12 14 34
4 1 17
9 36 40
6 50 11
2 47 2
10 24 15
1 34 16
5 9 25
2 50 13
10 26 23
8 18 3
4 26 8
11 27 24
9 38 16
11 11 39
9 8 4
11 11 37
10 17 32
9 1 20
6 14 36
4 35 2
4 44 16
4 52 38
8 13 25
11 43 29
8 18 11
4 43 20
6 26 8
1 9 23
2 16 33
3 12 40
1 2 40
10 28 36
11 38 29
2 4 5
12 39 26
8 33 6
6 17 3
12 1 4
7 45 14
12 12 22
12 16 13
11 47 36
7 14 24
10 25 29
7 40 5
10 51 1
7 21 29
4 28 5
12 30 12
8 34 10
9 28 6
12 42 19
9 10 13
10 27 1
10 45 10
11 16 14
9 51 12
12 25 1
4 43 10
4 15 1
2 46 12
10 45 22
3 27 6
3 30 34
7 49 20
12 6 34
5 42 6
4 24 36
9 20 30
6 30 37
3 33 1
11 44 3
12 27 15
10 2 32
7 15 30
9 31 39
9 38 39
12 3 37
9 4 40
9 46 39
11 9 15
6 26 26
8 35 25
5 4 25
11 29 18
8 30 9
5 31 29
8 13 36
12 26 2
7 48 33
1 38 1
9 23 29
5 34 19
8 32 9
5 45 20
11 22 5
2 6 3
2 50 28
5 40 31
10 51 36
1 38 30
1 27 39
11 14 28
3 8 17
5 11 6
10 46 35
7 17 34
7 29 12
9 24 27
5 45 38
5 48 26
2 16 24
12 13 40
11 18 26
12 48 26
11 34 18
7 48 26
9 5 37
6 12 6
8 26 14
1 45 40
7 26 31
1 22 19
3 2 7
6 19 13
5 10 12
9 12 33
2 12 27
7 45 19
11 8 9
1 16 3
5 48 7
11 19 3
9 19 25
10 22 24
9 14 5
11 10 30
8 30 19
2 36 18
7 40 31
3 16 32
7 12 4
8 36 3
6 27 28
1 50 33
12 29 28
5 42 37
2 23 18
2 31 39
11 2 11
12 35 34
11 33 15
4 49 35
8 30 25
7 26 20
12 2 25
1 44 23
8 22 13
4 40 25
7 9 19
8 8 4
10 41 15
12 45 28
8 11 29
3 12 6
8 18 27
2 20 40
11 44 10
3 36 34
10 4 1
12 10 23
4 43 10
1 26 9
4 41 20
7 18 6
11 24 23
11 25 28
6 37 39
5 24 27
7 28 29
6 33 1
1 29 35
2 22 34
9 21 18
9 39 39
10 2 27
4 29 38
8 14 23
9 42 35
7 15 11
8 20 14
9 34 36
4 47 3
2 34 14
3 34 3
8 46 3
10 14 39
8 6 32
10 14 16
6 5 12
12 10 21
12 18 38
2 22 18
11 35 17
11 29 11
6 18 9
5 28 6
7 9 7
2 5 15
11 24 30
9 11 1
12 4 12
4 40 30
9 18 33
5 15 30
2 16 15
1 52 31
6 1 8
6 7 34
12 50 11
11 50 16
10 47 31
8 44 6
7 45 26
9 34 27
1 43 24
3 45 19
3 30 14
7 49 17
3 39 6
10 20 39
6 5 13
9 26 24
8 35 9
12 22 10
8 30 5
10 52 27
8 36 7
6 14 37
7 43 27
8 34 27
5 41 37
8 26 29
3 4 26
12 21 15
2 4 3
12 26 27
3 31 2
7 36 33
4 42 25
4 48 31
4 31 30
8 25 24
12 1 32
12 8 21
2 18 28
4 37 34
9 28 2
6 9 10
2 4 16
10 49 34
11 43 12
10 45 8
6 14 10
8 3 5
11 12 29
7 18 6
8 35 33
8 25 2
6 36 13
11 45 21
11 8 40
8 13 32
8 20 1
1 48 35
10 44 25
2 47 23
9 21 35
5 45 27
1 17 15
10 8 33
1 10 21
8 5 24
4 48 32
12 26 7
1 32 17
8 2 25
1 3 28
7 21 14
4 4 21
9 24 12
11 14 14
7 1 37
12 51 13
11 33 31
5 7 23
5 33 4
10 49 6
7 30 28
12 34 15
12 46 23
7 21 8
7 9 30
7 46 32
9 2 32
12 12 9
3 33 5
5 17 20
10 14 1
12 45 21
8 20 6
7 41 22
3 12 2
8 42 8
5 2 18
6 12 23
10 4 18
3 38 2
3 43 19
2 29 15
9 27 32
12 8 26
10 41 38
11 9 5
2 15 26
6 28 14
9 22 30
11 23 5
4 3 17
10 33 40
3 52 14
1 32 39
12 50 32
6 34 23
10 3 10
10 39 27
9 24 18
7 35 30
2 49 6
4 49 8
3 42 39
7 15 21
1 48 28
9 9 23
1 42 36
4 50 11
5 15 32
4 52 1
6 15 31
8 35 25
10 28 27
7 25 20
12 13 3
6 24 29
2 35 32
7 16 24
8 30 34
3 24 2
10 13 2
8 17 6
9 21 8
1 19 40
5 30 12
10 15 24
10 51 35
5 42 19
11 51 29
5 22 20
9 32 9
4 22 23
1 7 5
8 27 40
5 16 14
6 19 31
2 15 6
3 23 36
1 24 33
12 30 26
9 34 3
2 31 36
7 31 16
5 19 10
1 8 4
6 8 30
9 2 6
3 21 1
6 27 4
8 19 27
7 9 23
5 32 27
10 3 39
9 44 33
10 13 11
9 49 23
2 5 22
9 26 13
2 39 35
12 40 13
7 7 14
10 50 7
9 50 30
9 4 7
6 36 28
10 29 13
2 14 33
9 22 5
9 26 33
3 26 19
1 23 14
1 20 29
4 35 8
9 21 34
4 26 18
12 51 3
8 14 7
12 37 8
12 52 35
11 8 13
9 20 7
2 3 32
11 37 2
10 5 4
11 29 10
11 43 29
11 18 31
3 46 27
6 13 9
1 39 8
12 47 21
11 9 21
10 24 23
2 16 20
2 6 6
10 38 30
8 26 4
8 39 32
6 28 19
1 28 5
6 14 6
1 30 39
5 48 25
4 24 32
11 14 25
10 5 32
9 21 8
12 42 16
8 46 4
6 8 28
8 22 7
12 51 22
11 48 12
2 11 24
12 20 30
8 52 13
3 19 6
5 42 28
6 21 14
9 27 35
2 47 5
9 12 11
6 20 2
7 1 2
8 12 1
9 9 14
12 9 1
10 48 20
5 29 23
1 35 23
1 1 9
11 42 4
6 39 13
11 45 10
4 24 31
3 46 31
11 35 19
2 10 28
5 35 25
10 22 36
6 23 21
3 48 31
11 25 21
1 36 36
11 36 21
3 7 35
8 22 27
9 18 3
6 24 36
6 20 2
9 10 10
3 10 25
11 37 23
11 1 30
8 6 13
5 15 22
1 36 31
11 8 5
11 50 18
7 40 16
3 42 36
1 40 36
11 45 3
12 51 18
3 32 19
11 23 5
10 34 1
2 40 4
10 31 2
7 43 9
4 5 3
11 1 17
2 11 12
5 28 23
3 17 27
10 30 1
11 30 5
8 14 34
5 34 40
6 16 29
8 40 11
12 34 33
9 50 35
4 3 36
2 41 21
1 20 26
6 8 10
7 2 15
8 3 34
8 49 16
7 41 10
6 19 37
6 13 16
5 34 1
3 35 3
5 13 2
12 14 33
2 21 10
9 11 27
5 24 36
12 34 18
3 47 5
4 27 18
1 4 24
10 45 29
9 32 13
5 19 17
12 15 20
3 26 38
3 52 20
6 32 36
4 31 19
4 3 26
4 1 18
10 46 19
11 41 37
6 47 29
10 31 18
11 42 20
11 34 12
12 33 34
1 5 33
7 14 22
10 28 8
11 16 38
6 30 7
6 6 40
10 15 8
9 20 16
7 12 21
5 4 18
10 2 19
3 52 24
10 15 16
1 32 15
11 12 3
8 14 32
1 1 28
10 41 37
5 9 26
11 26 12
5 45 15
2 29 23
12 9 27
3 4 3
3 15 24
7 3 8
2 39 9
7 35 21
3 42 7
12 10 12
3 18 38
9 18 40
9 34 15
1 29 25
9 33 19
5 20 18
7 6 37
11 38 36
6 31 22
3 34 26
4 28 18
7 48 8
3 51 1
11 18 15
8 23 6
1 4 29
11 23 35
6 30 32
12 17 29
12 16 5
11 48 21
3 46 35
4 40 20
6 3 26
12 13 23
4 51 28
10 41 10
1 24 14
2 18 3
6 4 19
4 10 26
11 48 24
11 44 3
8 22 18
4 24 25
4 39 38
7 39 26
2 42 18
8 13 30
7 50 4
3 4 16
1 43 22
2 44 33
12 50 30
11 10 19
7 1 2
7 7 11
6 1 17
6 14 36
5 29 10
4 33 33
7 12 12
7 9 3
5 37 39
2 40 23
5 29 31
1 21 8
3 48 16
5 1 4
7 22 29
3 30 36
3 22 19
11 23 39
9 12 22
6 27 20
9 18 22
7 14 24
12 23 19
9 8 7
10 44 40
10 28 39
2 26 18
4 47 10
4 49 37
1 41 36
1 39 37
1 14 28
1 23 1
11 32 30
2 29 18
6 35 34
1 10 35
7 18 40
3 40 8
4 36 31
7 32 6
3 43 17
5 19 15
9 3 19
4 50 32
2 20 7
7 6 24
9 47 7
4 10 8
7 20 12
1 5 2
5 28 30
3 2 31
4 27 22
7 40 6
11 48 7
10 9 31
2 32 25
11 46 32
1 22 24
5 45 37
8 28 18
2 26 2
1 45 2
10 40 31
4 43 40
3 35 4
3 36 9
5 25 2
12 28 23
10 23 40
10 32 11
9 34 34
8 51 28
1 46 33
1 10 25
7 11 14
4 10 27
8 22 19
6 20 18
11 24 18
11 52 37
2 42 27
12 24 29
3 15 22
7 2 9
10 23 32
8 45 32
8 18 18
10 52 39
2 9 23
11 36 34
10 3 36
11 21 13
6 31 20
4 25 36
6 46 40
8 51 17
9 19 23
3 40 32
9 24 15
4 20 32
7 3 36
1 51 18
6 33 17
7 34 36
2 49 28
3 14 38
12 12 29
9 52 40
2 4 19
6 52 28
8 22 8
2 23 17
2 34 37
12 47 26
12 29 24
2 10 6
8 13 6
7 35 38
5 41 17
6 52 38
12 9 38
10 47 32
8 30 12
2 37 7
10 10 19
1 25 26
10 25 6
12 21 18
4 2 27
7 52 3
11 36 21
4 41 1
1 27 28
1 26 23
11 31 18
10 19 18
12 31 18
8 21 21
11 33 21
3 52 12
5 49 32
4 12 34
6 6 20
1 35 12
9 1 17
2 32 13
1 43 14
7 12 21
8 34 4
9 20 1
4 43 24
8 51 6
8 33 33
10 11 39
1 18 4
5 4 16
2 14 14
9 11 39
8 26 40
2 27 21
9 3 34
8 44 10
11 35 15
2 22 36
1 15 34
1 34 38
9 25 8
5 25 8
7 50 6
10 44 22
2 2 8
8 49 34
2 34 18
12 51 25
4 32 35
8 50 24
9 29 29
6 36 23
1 44 27
7 40 37
8 35 14
4 50 3
2 2 20
12 45 27
3 46 20
6 46 21
8 34 12
7 31 20
11 41 30
5 31 7
5 46 27
7 11 25
1 37 19
6 49 9
6 38 10
5 47 40
3 43 17
9 46 22
1 11 16
9 22 10
7 25 25
10 35 26
11 6 8
11 4 5
4 23 10
1 30 22
10 7 35
8 47 2
5 35 7
2 7 38
6 29 32
3 42 24
11 7 4
6 15 9
1 49 32
9 48 28
9 30 9
7 29 9
4 49 24
11 38 15
12 14 18
4 39 33
4 19 35
9 18 32
4 15 14
2 14 38
2 7 28
12 14 23
4 20 33
6 14 2
1 43 8
6 51 27
2 17 35
4 37 21
11 4 15
4 22 30
4 9 40
11 10 13
10 41 35
12 31 13
5 18 1
4 28 30
10 44 29
10 32 34
12 52 8
6 12 13
6 40 30
11 34 36
7 41 8
9 40 28
8 43 26
12 51 9
3 19 1
11 2 33
10 40 8
10 31 6
8 22 22
1 31 4
6 18 7
8 36 26
2 1 6
6 10 4
6 1 21
6 52 36
6 4 17
1 39 36
4 13 26
6 18 37
12 43 4
3 23 13
7 9 9
9 2 17
7 5 34
8 8 6
11 23 18
7 12 26
9 2 15
2 11 26
9 30 10
11 6 11
6 19 36
4 48 2
10 18 7
11 10 17
6 47 3
3 15 23
1 17 39
7 23 35
1 42 14
3 51 31
8 35 9
1 22 10
8 49 16
8 20 31
6 45 18
1 6 5
8 35 16
4 51 28
1 51 37
8 13 2
3 49 9
3 10 20
8 30 17
9 43 26
9 10 9
4 7 32
9 8 36
12 48 29
3 38 35
5 36 10
2 37 35
4 20 14
11 21 14
3 9 24
5 24 20
2 46 33
3 7 21
1 10 12
9 22 6
5 30 30
3 50 22
12 39 31
10 2 33
3 51 38
5 50 21
8 18 13
1 41 6
4 52 39
3 31 21
1 35 15
6 42 10
6 34 21
4 29 10
3 37 14
10 10 34
6 4 15
6 12 22
2 52 17
12 15 31
3 5 22
5 22 8
4 11 6
11 14 9
2 16 14
11 5 38
11 46 35
5 44 21
8 48 9
2 8 15
11 8 33
3 23 16
4 19 28
12 23 38
7 31 30
11 4 40
2 36 30
8 17 32
10 35 11
1 43 26
1 35 19
2 15 14
12 7 24
1 42 9
11 25 38
2 12 25
5 50 10
3 36 18
1 32 22
9 41 11
7 24 31
5 21 34
1 19 34
10 39 5
11 25 5
3 2 26
12 25 37
2 43 18
7 8 37
1 45 21
9 19 1
4 32 15
7 8 21
8 2 29
8 36 28
2 8 9
9 50 37
11 26 25
6 15 3
9 37 25
7 3 22
3 4 12
6 6 11
3 47 2
11 48 9
4 12 29
12 27 14
10 24 32
11 15 2
10 1 36
3 21 40
2 27 9
6 19 1
1 13 15
3 46 11
5 15 5
1 45 16
10 34 6
9 24 34
4 24 3
10 30 36
3 48 24
5 37 13
5 38 10
10 2 17
2 23 2
10 51 39
10 1 33
6 37 37
11 30 24
6 49 39
10 28 16
8 10 1
8 24 8
10 8 2
4 7 4
8 14 13
7 22 28
8 14 36
10 11 36
2 8 36
3 22 34
6 10 16
11 17 14
5 1 40
11 45 37
3 48 11
9 23 32
9 50 36
10 42 13
6 19 5
10 46 2
5 21 28
4 46 6
6 9 5
3 22 6
7 51 30
11 14 7
11 30 13
11 42 14
4 49 33
10 5 3
8 26 36
5 26 27
3 3 10
5 35 37
3 28 11
1 26 15
9 40 29
9 52 18
2 45 31
9 42 33
6 18 10
7 39 22
2 25 3
11 48 19
5 32 3
9 12 10
3 36 14
7 30 32
12 30 24
12 52 40
5 25 17
6 44 11
3 43 7
6 45 28
12 22 29
2 48 1
8 10 21
8 13 40
6 9 29
5 18 39
6 7 21
3 16 7
12 45 9
6 14 26
7 30 21
8 23 24
3 20 6
4 39 21
7 16 21
12 7 37
11 24 7
1 51 18
2 14 7
10 3 27
2 35 18
9 27 24
9 3 4
5 40 22
5 25 16
4 25 30
2 45 7
8 17 26
2 17 19
8 50 12
10 28 10
5 14 34
8 24 24
11 17 30
7 47 21
12 33 39
9 39 15
10 40 12
8 31 13
8 18 34
11 39 21
1 34 30
8 13 3
2 2 4
9 36 29
9 27 23
1 17 6
4 13 22
8 37 30
4 12 5
10 29 38
11 14 14
7 29 18
6 45 8
9 47 22
12 22 38
1 48 16
3 2 26
1 38 29
2 32 17
9 47 3
10 8 23
9 29 22
3 4 28
4 38 9
10 36 3
1 32 21
1 21 28
3 29 26
10 13 14
10 52 30
3 41 34
6 32 28
5 40 27
3 16 20
8 48 23
5 14 19
9 15 30
1 11 16
10 49 37
10 23 7
8 24 15
8 48 37
11 20 18
8 48 12
6 26 36
5 38 1
6 43 10
8 33 16
8 52 17
1 28 6
11 41 8
12 6 2
9 2 34
3 14 6
4 13 11
5 29 19
3 10 3
5 28 26
11 2 1
12 20 26
12 41 34
1 19 28
12 20 9
5 48 27
3 34 20
3 49 29
6 43 9
1 46 36
10 31 19
7 50 34
6 5 7
3 45 4
1 39 37
2 14 18
9 33 10
5 25 23
3 12 15
2 25 3
8 39 34
4 1 22
12 17 25
7 50 11
7 21 39
10 32 23
8 46 34
8 43 24
10 34 15
10 41 39
6 31 27
11 18 4
3 26 4
11 10 28
5 21 29
8 6 31
5 18 33
10 30 1
6 49 4
12 45 29
3 49 12
3 27 24
12 23 34
4 11 23
9 11 12
11 37 4
8 24 37
9 2 12
3 8 9
10 6 16
11 45 21
9 19 38
3 40 40
8 20 28
11 21 26
1 10 25
12 32 21
7 37 36
5 31 15
6 32 10
5 49 22
9 34 36
9 51 27
2 8 3
2 12 37
7 46 14
6 27 35
9 24 33
4 21 6
12 29 7
8 52 35
6 5 1
8 19 14
4 6 13
7 50 5
2 18 3
9 10 30
2 40 6
8 33 20
1 40 7
1 34 1
10 13 39
5 14 31
8 43 3
2 15 13
6 11 37
12 45 36
2 18 11
5 10 13
8 33 38
6 3 15
10 7 27
11 44 20
11 51 38
4 37 26
1 35 40
3 39 39
11 18 17
4 25 9
12 3 32
7 34 23
7 3 25
6 9 26
7 52 1
10 47 27
9 18 20
2 22 22
6 1 11
6 2 22
11 36 8
10 27 17
12 1 23
12 30 37
1 30 17
11 29 34
3 38 11
3 37 17
2 43 19
3 21 15
4 4 39
11 51 20
3 3 23
11 36 20
4 5 23
1 40 18
2 27 21
2 34 22
3 41 38
12 11 7
7 39 22
10 27 40
1 49 38
5 8 21
7 25 20
11 15 33
3 29 35
1 1 9
4 41 39
7 17 23
7 40 3
7 8 7
6 1 3
9 25 4
8 23 31
10 15 13
7 47 27
3 33 23
9 50 26
2 44 40
11 8 1
2 48 21
8 30 17
5 19 19
6 40 34
1 11 28
5 35 30
12 24 4
6 33 12
8 35 4
2 13 11
3 19 3
2 8 24
6 47 9
8 27 39
12 8 8
3 3 13
9 23 35
4 49 12
11 4 18
4 12 37
10 48 39
5 3 1
10 35 9
7 23 19
5 1 34
9 4 9
2 37 22
12 22 33
5 47 5
5 7 21
4 35 39
7 47 2
7 50 11
5 36 2
7 13 16
10 38 23
7 42 13
2 4 15
6 3 24
2 11 37
7 13 34
3 32 24
12 40 13
2 12 29
8 12 19
5 5 31
3 20 14
8 25 5
5 3 40
6 12 4
11 41 26
11 18 40
5 44 27
1 18 2
4 4 38
12 15 17
9 7 17
2 3 1
2 5 39
6 6 26
2 17 11
3 31 24
6 15 39
8 40 16
7 22 12
7 16 32
1 9 3
7 16 7
10 17 9
2 22 21
5 19 30
2 39 40
3 30 5
1 25 40
10 5 14
5 20 20
1 3 37
2 21 11
7 29 20
1 48 26
1 8 1
6 29 17
5 52 20
9 28 36
7 6 14
11 34 34
12 6 8
3 19 36
12 52 26
8 19 33
10 2 13
9 19 12
11 30 7
11 37 18
3 3 5
3 6 16
12 16 24
7 3 10
11 27 5
10 37 30
7 48 12
3 41 40
3 20 29
7 43 11
4 37 22
12 52 17
8 49 12
7 52 9
8 44 28
1 29 17
6 18 3
9 8 2
12 45 23
3 16 25
9 35 28
6 4 40
3 10 28
8 9 2
8 50 22
2 47 25
11 35 21
4 51 33
7 41 9
1 51 16
4 33 8
5 19 12
9 7 39
8 42 36
4 3 13
2 12 1
9 17 17
4 43 17
10 43 3
5 27 11
7 1 27
4 36 7
5 2 22
5 30 16
12 33 9
7 5 23
3 2 8
11 7 25
6 15 11
1 6 19
2 12 22
4 36 10
10 2 3
2 20 11
11 30 28
6 14 4
6 27 32
10 47 6
1 14 16
4 11 2
8 44 40
6 17 10
2 25 4
10 36 35
3 5 28
1 14 27
10 44 33
5 48 16
2 50 23
1 4 35
9 21 33
3 39 37
3 8 36
2 10 22
11 51 9
4 43 37
3 24 23
2 52 24
3 21 4
6 30 13
7 12 28
12 27 12
8 10 32
8 27 10
5 11 33
6 40 23
11 19 7
7 34 40
5 8 22
9 31 12
2 16 19
12 17 3
5 33 34
8 38 13
6 8 15
10 5 31
11 49 27
6 39 10
3 12 35
4 22 6
9 21 38
12 43 9
3 26 26
6 18 38
2 44 1
10 48 26
6 2 24
11 45 30
12 5 31
6 24 30
12 39 7
10 43 32
7 47 22
1 47 13
6 50 1
10 14 21
5 41 38
10 11 1
9 15 25
7 40 20
11 31 6
10 14 32
7 15 21
5 19 25
4 37 1
9 11 6
4 46 40
11 26 30
12 16 1
11 5 24
2 7 14
2 48 30
11 22 28
2 39 2
5 52 2
9 44 29
3 48 27
12 31 10
5 47 31
6 37 27
5 12 14
12 52 12
1 35 30
12 11 11
11 35 40
1 40 14
2 24 36
12 16 27
8 48 6
11 26 32
1 42 16
11 31 24
2 49 34
7 14 39
9 25 40
6 13 33
8 49 21
2 21 8
3 37 8
5 48 25
3 44 33
7 19 21
5 50 38
9 21 27
1 17 9
11 29 30
6 31 20
7 45 40
8 37 5
3 38 14
8 1 29
10 1 15
9 28 37
2 19 40
11 43 4
8 28 14
7 36 30
5 4 38
12 5 27
9 28 39
7 28 28
4 32 38
6 31 38
3 28 2
5 10 9
7 12 2
2 7 4
5 9 13
10 3 31
5 35 8
12 10 28
3 5 2
3 1 5
1 4 38
7 49 11
2 44 40
7 41 31
1 6 7
9 45 22
9 32 2
10 2 17
10 27 27
4 11 2
7 7 9
1 41 33
6 23 38
12 9 8
8 28 16
4 9 34
8 50 24
12 48 26
6 5 24
8 41 30
7 15 28
9 14 16
9 30 17
3 44 35
8 34 14
7 38 15
2 6 1
8 26 35
6 32 26
6 20 5
4 32 38
10 50 21
11 26 25
3 46 6
7 29 16
11 45 12
5 30 12
3 32 37
9 38 17
11 25 25
6 49 34
7 39 7
8 12 23
8 19 28
2 11 30
8 34 35
9 22 25
5 1 36
3 35 32
11 37 10
10 20 7
8 41 35
4 51 35
3 10 20
2 41 3
9 38 10
6 36 40
3 30 17
1 43 34
6 24 31
4 36 25
6 5 20
9 4 32
7 39 38
9 8 2
12 3 5
6 47 6
4 26 26
1 47 18
11 21 3
10 20 21
9 50 16
1 15 19
5 24 27
10 41 5
11 43 17
8 7 36
7 5 1
10 46 40
10 32 12
12 42 34
10 37 5
6 23 19
4 34 29
11 44 26
1 43 21
2 52 30
3 13 36
11 5 31
8 35 38
7 40 29
10 6 35
11 12 29
7 21 15
11 37 16
7 45 18
1 42 26
11 14 13
11 9 22
7 2 34
9 32 24
11 21 31
9 30 31
12 22 30
2 33 30
4 18 34
4 21 26
5 46 17
6 32 17
10 13 1
2 3 29
1 46 38
4 39 17
3 12 27
3 21 21
11 36 8
9 14 15
3 3 31
11 38 4
10 33 32
12 29 9
4 45 35
9 32 39
5 14 35
8 26 12
4 21 32
5 1 39
11 41 25
7 20 8
3 20 19
4 43 23
9 4 36
12 40 34
5 20 9
2 34 32
11 44 4
5 47 5
3 5 29
7 36 37
5 29 39
8 46 28
2 15 28
2 4 28
6 35 38
9 18 31
4 42 22
2 17 26
3 44 22
12 16 37
10 46 4
2 21 26
9 38 5
2 11 36
1 2 40
7 37 34
3 2 35
7 9 5
2 10 32
11 44 5
7 6 39
5 23 19
4 48 11
2 40 27
12 33 19
12 11 15
12 5 5
3 10 1
3 32 22
4 45 11
9 13 38
10 26 34
10 33 40
7 3 31
8 17 7
3 29 20
6 16 34
12 51 39
9 20 30
1 11 9
11 26 38
9 36 2
8 22 29
6 42 36
4 42 2
6 19 8
4 44 22
12 2 13
8 52 24
9 4 2
11 6 38
1 31 22
6 30 28
12 36 8
11 48 32
4 9 38
6 24 6
12 3 20
3 41 9
6 5 18
12 48 18
3 35 15
12 15 17
2 23 1
1 15 37
5 19 22
12 15 10
8 31 12
10 19 39
5 33 17
2 48 31
9 17 9
12 24 9
7 46 5
7 1 13
6 38 33
12 36 40
4 31 38
6 28 15
12 15 9
9 21 1
2 1 39
11 13 15
1 42 26
2 34 22
10 42 8
5 9 19
4 14 23
9 34 32
1 25 35
8 3 39
7 43 25
3 31 4
6 19 23
8 9 27
8 31 13
2 52 40
2 39 21
12 8 35
2 44 17
11 45 37
3 26 27
5 8 38
12 35 13
3 5 36
5 23 4
2 41 17
8 49 17
7 8 40
3 52 31
5 48 40
11 8 19
2 42 8
10 2 10
4 14 33
8 43 19
7 9 10
10 30 31
9 30 2
3 29 10
1 30 8
8 30 10
11 45 23
10 52 1
5 2 37
1 49 29
12 52 37
9 25 33
9 42 25
8 35 29
9 9 38
8 46 31
10 24 22
11 27 22
1 30 8
2 45 4
8 50 19
1 35 27
12 7 34
12 21 29
10 32 15
2 34 10
11 47 10
9 1 26
1 40 13
11 41 1
6 12 4
5 47 39
2 17 30
8 10 21
4 44 35
1 11 12
5 43 34
11 41 7
10 46 2
10 13 17
2 31 26
6 16 13
12 3 1
3 12 3
2 31 3
4 10 30
5 33 14
7 46 29
11 6 38
6 28 13
6 40 40
6 3 23
7 21 34
12 23 31
1 44 30
8 36 32
3 51 26
8 24 27
8 48 38
7 37 33
5 51 39
5 14 8
2 2 27
11 18 20
11 42 8
5 46 3
12 18 20
5 41 25
6 40 10
10 12 5
2 2 34
12 15 37
6 2 36
3 44 35
11 48 38
9 10 19
10 47 18
1 10 7
3 33 6
8 24 10
7 47 36
9 17 12
4 50 18
8 19 36
7 32 3
3 17 9
10 11 22
1 36 14
2 40 30
6 8 30
5 45 36
12 37 27
1 27 35
8 36 12
11 41 25
12 6 18
4 17 26
10 34 16
10 15 19
5 2 7
8 1 5
12 27 32
7 17 18
9 9 27
4 13 39
8 51 7
1 4 16
5 28 40
8 39 37
4 1 11
7 12 7
8 43 8
1 5 17
10 10 27
10 37 32
4 16 17
1 45 21
8 52 32
6 25 10
5 28 9
12 27 14
10 30 36
1 8 3
11 20 27
3 20 19
11 36 30
12 33 31
5 28 13
9 14 21
10 24 5
5 6 16
12 8 20
12 17 7
6 39 30
7 47 14
9 46 17
9 17 33
2 2 9
10 24 24
2 14 2
3 44 4
12 12 33
2 45 33
6 10 37
11 23 26
11 30 20
10 1 1
10 30 38
10 49 38
6 41 10
3 26 7
12 42 15
10 24 22
11 6 18
11 3 10
8 36 30
5 19 8
10 39 18
5 35 1
12 17 33
5 34 37
9 27 11
3 10 8
11 10 28
7 37 35
9 39 5
11 17 14
9 13 37
10 44 19
9 25 6
11 29 18
1 26 30
6 52 30
11 34 11
4 48 40
9 18 8
6 41 35
7 6 40
10 31 37
3 11 3
1 48 4
10 30 36
8 36 26
3 52 2
3 18 34
9 34 13
9 18 24
7 52 4
6 50 27
10 47 21
4 14 5
6 43 18
4 20 17
5 46 9
7 36 28
10 33 19
10 43 27
1 26 34
3 10 34
9 45 28
4 16 16
7 15 14
7 32 38
1 44 14
3 41 31
7 37 7
2 31 17
1 29 6
4 48 38
10 38 7
3 17 3
6 37 9
5 8 18
9 49 13
3 15 8
10 11 3
4 35 9
8 20 34
9 2 31
12 7 5
10 43 14
2 33 12
3 30 18
9 27 5
12 32 4
4 15 31
12 38 18
8 23 21
9 27 14
3 50 34
11 48 31
9 26 5
3 50 18
8 29 6
1 2 28
4 11 34
10 27 14
11 52 28
3 7 9
2 37 29
9 30 36
10 12 20
2 9 19
2 36 14
2 26 8
8 26 10
11 33 30
10 2 25
12 48 25
3 15 38
2 32 5
10 40 37
10 8 11
7 1 24
12 9 10
5 43 8
9 27 24
12 12 25
1 42 30
5 5 10
1 39 25
3 3 28
10 40 13
6 34 26
10 42 32
8 21 16
11 7 35
3 37 1
10 16 17
8 52 28
9 2 23
8 39 11
5 45 29
5 46 3
7 5 3
11 34 15
6 39 22
5 25 32
7 2 17
4 42 6
6 21 22
1 24 17
7 14 6
11 5 30
3 34 7
12 14 11
2 10 37
6 3 28
8 13 33
11 14 1
5 22 39
10 5 18
8 32 40
5 44 18
6 13 14
5 19 17
6 44 13
8 9 20
7 5 12
1 51 21
3 32 15
5 13 28
5 43 32
11 9 12
6 37 22
10 25 32
5 19 32
9 50 27
7 23 8
4 34 37
3 28 4
9 2 17
3 51 2
10 1 24
5 25 11
10 26 31
2 21 33
7 14 37
7 26 32
2 34 28
8 3 18
9 37 29
10 1 4
9 28 27
1 42 2
9 4 25
10 29 26
3 16 39
10 31 40
12 41 26
9 14 31
7 29 16
9 43 38
8 27 15
12 43 28
4 1 26
9 45 37
12 25 3
10 6 25
4 12 28
6 42 3
2 23 5
2 11 30
12 6 39
12 14 32
3 6 6
1 52 36
5 45 13
6 18 21
1 33 36
5 9 39
6 41 5
1 44 1
1 17 6
6 6 21
4 6 16
11 9 26
7 48 28
4 26 35
11 3 11
6 47 33
5 18 12
4 25 30
8 36 29
3 10 21
7 27 5
11 18 38
2 52 35
2 42 18
3 27 17
9 6 5
2 41 4
11 1 18
1 13 15
3 32 25
6 12 32
1 1 25
1 5 11
5 39 20
4 41 40
10 33 1
2 41 27
12 17 17
5 2 30
11 42 9
6 25 30
1 38 5
9 13 29
5 29 25
5 47 19
6 25 12
3 37 4
10 44 33
12 8 37
4 47 8
5 11 21
11 4 17
11 27 2
4 52 37
7 43 27
8 8 27
2 4 28
9 41 3
8 23 38
6 32 40
4 5 15
1 20 36
10 30 11
8 42 2
8 10 37
6 17 9
4 11 12
12 31 19
6 24 10
6 2 18
11 21 11
3 21 7
1 27 32
5 52 22
2 25 12
2 49 30
12 14 3
7 46 8
1 35 16
9 7 11
8 40 39
12 48 25
1 46 3
1 13 30
10 31 40
12 23 31
8 45 38
10 13 3
4 23 9
11 25 16
12 33 9
1 18 19
11 26 37
7 11 19
3 41 7
1 43 10
11 8 23
2 27 27
8 14 22
10 35 35
6 17 37
5 32 13
7 32 37
6 27 14
1 15 6
10 7 31
8 8 14
4 40 28
6 17 39
8 29 6
3 38 8
12 29 12
10 21 4
6 22 24
1 42 6
7 33 10
2 41 1
12 2 24
10 3 27
9 49 22
12 51 20
8 1 13
6 32 23
4 1 18
5 28 28
3 3 3
7 35 11
5 6 10
12 17 40
6 8 28
6 22 30
2 40 22
9 49 15
3 9 6
1 29 5
10 1 18
1 51 22
6 28 37
10 15 7
7 30 24
4 16 12
3 35 35
9 23 24
3 37 28
4 32 27
9 12 10
9 6 36
5 13 22
8 37 40
2 12 3
12 50 17
9 38 37
5 26 35
7 25 35
1 52 9
10 46 9
7 17 8
10 30 26
6 6 34
3 46 13
3 49 14
9 11 37
10 42 4
10 39 39
7 48 36
1 12 3
9 7 18
10 18 25
11 12 40
2 10 13
4 45 24
11 46 23
12 16 16
5 38 3
11 30 3
7 5 34
5 9 21
12 40 6
4 2 26
8 16 22
10 19 19
3 38 5
7 13 35
10 1 32
9 3 26
12 12 19
12 33 16
11 51 8
4 25 34
12 40 32
9 14 26
8 9 25
3 31 22
10 6 37
5 40 16
7 18 37
9 22 35
7 45 24
12 8 36
1 26 39
12 24 18
11 21 30
10 3 2
2 11 25
12 26 29
3 52 33
11 1 38
1 17 6
8 11 33
8 9 19
6 2 6
2 37 5
7 8 35
8 11 2
8 13 26
2 37 30
1 43 14
4 10 37
11 28 28
6 49 10
9 7 25
2 49 30
12 1 2
7 43 5
5 3 37
12 21 11
5 40 38
12 52 27
4 37 24
7 43 13
6 35 10
10 15 14
5 23 25
11 31 3
12 2 20
4 29 31
3 35 34
6 47 32
6 43 9
11 33 17
1 33 19
5 18 12
2 18 40
6 34 6
10 12 34
6 9 27
2 45 17
6 5 21
12 20 12
3 18 22
2 12 35
3 50 26
3 49 22
10 49 18
11 35 18
7 23 30
4 15 1
1 28 13
8 25 23
5 21 27
6 10 10
4 9 31
8 24 36
7 37 5
8 8 15
2 27 38
3 44 37
7 47 18
10 51 34
1 52 7
5 30 24
4 36 34
12 40 20
2 27 14
9 36 14
11 32 24
4 3 38
6 6 39
9 35 12
11 44 32
6 7 16
3 31 28
2 16 32
10 3 37
1 26 35
2 25 30
11 49 36
12 51 34
8 35 31
1 51 19
7 8 38
5 45 12
4 28 8
3 45 21
5 42 31
7 37 26
7 44 36
7 37 40
9 28 39
11 6 5
6 46 33
7 47 20
1 45 30
2 30 35
1 11 31
10 51 26
8 12 32
9 23 2
9 6 20
7 42 33
2 21 13
1 20 37
7 1 5
5 36 13
4 7 31
10 25 9
8 50 2
5 50 7
10 1 1
12 12 32
6 32 30
6 26 31
3 9 7
5 8 38
5 7 20
4 49 29
9 24 23
11 5 23
3 20 23
11 1 2
1 31 29
11 2 9
2 22 32
6 37 36
10 8 33
5 3 20
9 3 40
10 49 34
1 40 24
12 46 11
4 5 26
8 52 39
4 21 17
6 25 1
9 24 38
8 32 38
12 51 1
5 28 28
8 46 14
3 13 25
7 9 11
10 42 39
6 12 34
5 47 21
11 48 21
9 30 16
1 39 23
1 30 25
2 49 7
1 40 26
5 44 33
12 33 25
9 33 38
8 48 7
12 36 29
7 23 24
2 47 12
8 5 39
1 13 1
6 48 20
10 16 6
12 6 15
6 6 38
12 13 16
11 36 16
10 52 19
7 33 30
12 1 35
9 15 16
9 26 18
4 18 21
10 3 20
2 18 6
3 11 33
9 22 9
5 36 17
3 48 25
3 14 10
2 25 16
3 40 19
1 51 18
3 8 27
4 18 8
12 8 36
10 14 13
2 48 34
11 32 32
12 52 21
12 40 37
4 33 16
4 12 9
11 2 27
8 36 23
12 42 32
4 14 34
4 7 30
7 52 16
4 6 12
3 46 28
11 5 23
9 6 15
12 47 13
6 17 27
12 9 3
7 6 40
7 15 16
4 8 8
4 17 25
5 6 26
7 36 37
7 46 27
3 48 30
3 20 4
9 47 28
2 5 38
1 3 24
8 14 9
12 1 9
11 46 6
5 5 17
12 16 4
1 30 35
5 43 12
8 44 31
4 35 29
8 12 34
6 25 23
2 23 5
9 7 13
4 24 9
4 20 10
4 25 17
9 5 14
3 50 11
2 18 24
8 16 1
6 48 33
7 45 36
9 48 31
4 24 15
2 28 37
7 25 24
8 26 9
12 51 20
10 48 1
