56 61 1965 6444
1575 3029 2274 3696 3138 4441 1156 404 3207 4468 4513 697 2381 1534 1491 4037 1630 929 1750 257 3140 3046 1105 3601 4375 4807 535 111 3624 4286 3134 4056 1526 2750 3854 4054 2660 3274 807 852 1266 1041 4111 3587 2867 1207 1889 4696 4804 4594 38 2263 3880 2577 4747 4320 3946 1934 2277 4723 3322 
2183 1647 3028 2453 346 3364 1473 4855 1378 2776 1398 4793 4728 1795 1220 4461 4058 2231 667 404 1481 4480 2182 843 2877 4437 4525 2202 216 1702 737 3539 1740 381 3187 3314 1069 3023 4772 3793 4225 4771 3247 1419 1647 3330 653 1818 1707 1858 1397 1214 2045 4202 420 4057 1118 1682 2283 4757 1914 
1428 2991 3221 1147 3026 646 647 4372 2627 3305 4155 3356 3594 1033 3431 3569 2943 3262 2977 3797 3145 2607 4768 2570 4807 4036 4566 120 447 285 2874 1615 2407 4655 3014 1426 839 773 3638 946 4590 3582 2772 4814 3401 4280 679 4840 4592 1251 2628 1801 1688 1939 1678 4874 2182 2727 3125 633 3772 
961 2920 113 3755 1295 1199 2709 185 2598 1416 389 603 3414 777 4889 677 1288 2897 4227 363 4773 699 2659 2217 1120 4794 2929 1622 4834 921 4661 1813 2835 3158 4812 3809 1463 633 1735 2316 4045 171 1286 3627 1584 2298 1407 4742 2647 4853 3484 3991 1684 2576 4837 1430 4457 1181 112 3879 1079 
1320 400 311 2994 1156 1966 2409 4214 2239 369 3965 3483 2693 1727 2702 3841 4558 1326 680 2670 1724 2249 2301 1819 940 113 1451 3855 3325 3186 2244 3022 3040 2303 1282 792 2425 3627 4408 2341 4600 653 4071 2511 3850 1245 2290 724 3917 167 1693 855 797 3962 981 4097 2935 1085 21 4256 3568 
2793 442 4343 4345 4173 4536 2771 884 2733 4804 1543 4790 1076 1928 158 1970 3976 4039 507 3125 1868 4684 74 93 3408 2976 4044 4655 1308 1504 1310 3260 4186 2362 2150 3567 2078 615 4309 4641 2909 4495 1613 428 3872 1456 3019 1670 3450 4468 4568 209 663 954 1082 2515 4889 2808 2549 1162 351 
4626 4368 3941 376 3008 4815 856 3793 4165 1897 4214 506 2764 3353 2754 3945 2000 2304 3192 2902 3682 3586 3082 3385 2839 3153 1824 2416 1723 1138 2625 687 1233 1897 4649 405 273 1831 1147 265 324 1734 759 2151 784 2015 1933 3510 154 1124 2775 2510 615 4362 1277 3993 2959 1046 4140 328 4458 
3378 2686 896 779 1626 447 55 3045 3493 3660 2005 141 157 1239 4333 1457 1561 2181 3473 2608 3791 4046 2561 4188 3965 2606 3428 3301 2784 1664 840 2538 2801 1949 4805 2133 3309 1783 2763 1326 3410 2420 3205 4116 4481 108 3608 660 760 4221 923 1022 1452 1242 2935 1600 4301 2442 1293 1421 4571 
1531 2607 2894 1462 3299 2446 920 2124 1167 2579 1291 1037 2702 976 1268 1182 1422 3129 4241 94 3657 2555 2024 3042 2852 3819 1343 3412 3233 3451 2376 1228 1981 522 3811 309 3538 1242 2977 3084 4782 2640 2759 930 4406 1118 3729 3691 2982 808 2114 104 381 120 4532 3766 2582 2748 3939 2693 929 
1458 2474 2751 4062 1432 1497 591 951 4513 4740 2386 1609 568 2395 3436 1353 608 4157 3417 1289 3191 2402 952 4296 996 2803 3802 554 2664 3304 641 2049 2218 3659 3102 53 1888 2775 1581 4100 1018 4256 4273 2388 4497 3040 1495 1402 717 2979 400 2636 1372 3086 3210 3074 1183 509 3733 1220 1605 
4040 2524 2760 56 4610 4116 2313 1407 4707 4430 2635 4708 3618 4831 1397 1324 4658 3177 3705 1753 2561 883 1119 2018 4095 78 4629 3631 1527 1201 2710 3221 744 1878 3486 3926 2875 1441 4758 2271 4838 2542 3037 2614 2824 1503 3156 4584 1413 1538 1669 3925 2595 1407 1973 829 1007 218 2425 3480 1973 
3488 2095 4008 2646 2427 245 2140 3122 1097 4358 744 2865 2581 1881 1956 4665 3836 1363 650 4472 4505 1860 4532 1620 3543 2035 1321 4486 2822 797 3940 3042 2120 1884 1373 682 2027 1705 1819 2119 2965 4265 4019 3532 2592 4430 79 1235 1344 3143 3960 2331 2285 21 1287 4661 435 832 530 2137 3304 
2312 3980 582 2600 3043 2921 4370 2342 3370 971 4342 195 3459 4284 1150 756 346 4613 863 1205 636 765 763 4595 2420 1748 2699 3773 3093 444 4889 207 1240 1960 398 1459 4136 2669 1534 134 2190 999 4498 4345 2326 3017 4546 467 4334 955 2381 3476 2598 1908 301 724 4320 4591 2359 3397 2885 
1062 1505 3350 2760 469 469 3739 1694 2585 2538 4287 2593 825 685 3141 4555 2208 4424 1935 4904 4282 4903 2034 3535 3721 4331 4112 3978 1700 2931 1619 3276 4474 2512 3991 4188 2605 3796 2498 1610 1047 2450 153 4142 2048 3870 2766 665 1699 772 4811 2564 85 4139 1450 3057 4052 3924 164 3165 1081 
4007 4668 2922 568 2056 111 1928 4566 3082 3640 2356 2135 3232 3321 227 616 4489 2767 1753 2657 2070 2238 235 3528 4631 775 1959 4815 3087 3079 4010 2005 4554 669 3480 2963 4691 3337 4551 4179 922 2968 3928 1643 2853 1915 2464 4239 3985 1596 970 2464 1244 634 4691 2434 3809 3060 4427 1068 1137 
1209 2179 772 3201 2541 3545 2861 4382 2976 2999 840 1830 3668 3312 3715 327 3011 2637 2008 3453 3368 4819 643 1832 1487 4721 4393 1784 1601 1873 709 801 1643 863 2605 4657 3917 3611 2537 3939 4780 811 1593 589 711 980 4411 1979 1888 4453 3854 3328 1350 1982 1094 1278 3985 4427 1800 2552 1704 
2083 1306 2849 2516 1506 465 2855 4900 2458 1039 1371 2337 1476 3923 1219 785 3707 994 4433 1496 2628 2829 4281 1870 1967 869 4857 3971 3832 1811 1734 4477 806 2442 1936 841 648 4091 4516 4729 4567 719 1977 3585 1911 4280 2880 4251 4115 2439 3323 3749 2395 2301 4455 456 1487 4665 1614 3913 322 
3633 34 1650 3555 4599 3286 1566 2697 1667 42 584 4255 298 2243 4653 1866 2926 1693 3019 640 1979 3237 2051 1037 291 2818 3294 1052 1342 337 4514 1116 1527 3225 1017 4538 4349 1390 3362 4528 1113 4234 2306 438 3838 4383 4122 4747 210 3587 4157 4028 4761 4375 4441 50 4424 3740 919 3205 468 
3054 2434 2649 3750 3763 4104 1117 585 4032 327 902 4001 233 4250 2815 1554 2691 3818 76 3859 4076 820 953 2837 242 4060 3821 4004 3198 1922 2159 1489 4247 3941 593 3709 2818 4660 4588 1971 3640 4519 912 296 2287 2454 88 846 528 1024 1059 3207 3553 3207 2156 375 1060 4749 4844 2124 707 
4190 4082 3322 1105 595 1096 1350 4137 3075 3185 1317 3764 1119 1559 3524 2142 3241 2890 4653 4025 1522 100 3438 4214 2136 3622 901 4507 3772 4449 4890 2676 1664 4493 473 86 41 3845 1266 4228 2424 4711 178 2678 2809 1744 3860 4860 3644 4653 838 2318 4456 3920 2263 3309 2457 2865 659 1982 258 
464 2074 2480 2128 1183 4887 219 4143 1059 2230 3374 837 1997 383 2701 2483 2790 845 2161 2452 2494 1790 2906 3122 1313 2111 2311 3774 1751 2797 791 4874 595 2898 975 2120 3472 410 2119 3033 2203 2660 3166 4683 3282 1681 1155 680 392 3030 890 2685 4627 1961 4534 1682 725 3956 2618 2005 741 
3385 3463 1721 2742 4432 3717 2268 3476 1387 3535 4689 1130 2400 363 3799 114 619 2137 4842 2284 4337 3705 593 4698 321 696 3704 456 2364 2473 1963 4158 3149 2989 4553 1025 425 4725 4251 2515 4681 1017 2035 3243 829 1579 1824 190 444 122 398 3041 855 803 381 1453 4437 3973 1928 4188 1363 
16 1757 2182 836 3783 1524 2850 1158 853 4087 4429 1717 2616 71 4890 1099 4896 3671 2604 2626 3987 1472 4194 3953 2050 758 18 1483 2988 3551 3435 2144 2451 2925 3068 2502 4676 4061 3089 625 2501 1340 336 1550 2597 125 3373 893 2293 4217 3730 4508 3465 4813 1283 723 1759 2306 4616 3972 3890 
2848 426 1778 2150 2190 2888 2622 2722 3855 3590 3731 1440 4665 3598 1263 1492 25 3296 4010 2914 2724 4333 3084 522 3761 1524 3845 3475 1387 2703 3607 4457 4007 2804 2969 2973 4038 603 733 3146 4585 4511 828 3568 4260 2730 1682 2864 409 4524 3777 3650 3779 3191 4898 2754 3423 3507 4678 1893 4860 
4231 4773 3735 1092 4854 524 3719 224 4552 4593 1099 964 1782 2263 4089 4359 3717 4720 1503 2446 1176 1980 148 4762 1760 2869 3317 2783 2620 1076 302 1935 3733 434 3091 3340 4258 3350 2396 4401 973 271 3854 3108 484 657 3118 3038 68 2152 2249 1889 1441 4525 3951 4141 247 3344 1277 2538 2591 
1931 4749 943 2437 3170 3598 2868 471 3774 1720 4679 2148 1858 315 3334 60 3013 2909 2659 2890 4803 834 3955 4516 3627 2054 1185 4723 470 3586 4355 3763 3536 4736 3637 2202 3931 4640 2416 4125 1998 1138 700 2667 4408 356 2977 352 340 1412 1923 3585 4369 253 223 3275 413 996 1812 1148 796 
3783 1551 2390 1480 4130 315 682 621 3746 211 3556 2363 4778 2749 626 1798 1889 1241 3956 2208 1749 3862 1481 163 3860 665 2854 4263 3561 1153 4132 101 1123 407 957 3761 4308 470 2412 3404 2550 556 1157 1049 1221 2676 443 918 3248 4867 208 3927 3322 549 3272 2583 4786 3194 1271 3966 1425 
1646 4012 638 1323 3498 128 1026 3229 964 1720 2036 4167 1145 1956 4402 3297 4861 2200 2783 2106 4727 4295 3953 3938 3133 4104 3506 1086 3647 666 3808 3306 2954 3359 218 3845 4050 1720 1743 614 4425 1165 3021 2008 1204 3419 4373 914 4486 2017 4471 510 2648 4484 2909 3167 4503 4165 1808 2307 2078 
163 2077 658 2908 812 2103 191 1127 3092 4886 4377 4572 1797 4291 4108 1052 1176 4198 3297 1346 3438 2287 1349 257 3686 3849 2023 1971 2016 708 2986 495 4662 203 3176 4570 629 1637 2833 1336 2576 3252 3955 2165 4450 518 4782 2896 878 1191 4070 174 657 1050 1142 3751 3437 3928 3861 1587 3837 
1434 1466 1805 557 3316 2036 35 3872 3493 1863 2163 1217 2707 3682 2578 2445 4339 1614 3038 1870 167 1450 2400 2154 105 3648 492 3810 2009 1816 4075 4505 3025 345 192 1272 2429 2952 4440 810 948 1269 1028 846 3446 3478 4798 36 221 3859 22 1697 3592 70 4031 1671 164 410 532 4544 2595 
1747 1790 4190 3343 3243 2125 931 1951 1662 3010 3752 488 2538 673 3379 2088 366 1449 2669 2433 2876 3994 1832 2951 4228 4553 4299 1566 1514 952 2511 1375 2328 1411 1681 1319 2998 4475 2741 4320 4743 2227 2703 3529 4180 1064 1535 4791 1016 4539 3565 1560 2587 3193 4826 749 2561 2365 4801 3767 3882 
439 191 1408 840 3747 3640 423 489 3277 4517 763 2641 3819 643 4068 2480 2330 186 2391 1210 3838 940 434 2161 265 2888 4332 2941 1232 1451 1152 4883 379 688 1127 213 4376 769 3561 174 3701 115 2481 2734 4484 1034 2263 3276 4020 4627 672 833 4873 1736 2286 4418 806 1987 1334 4898 3266 
1307 4572 2473 2277 3962 3164 2569 408 4015 4289 1969 1855 1699 4458 4820 1724 1454 4526 658 684 270 2855 493 4456 2086 132 963 3119 3083 48 2673 3130 2203 409 1457 1505 4287 4808 4009 3365 3595 3759 4134 2113 4434 4400 2322 921 3147 355 994 3183 2172 3114 4259 1727 3301 1681 2645 3910 4173 
2430 4185 3069 466 3964 1380 1873 3634 4378 415 4302 2742 4392 2499 1367 1398 3288 4330 4022 2207 4081 4084 2422 2874 917 4031 635 4582 1562 2637 303 3576 2811 2231 4667 4760 1368 341 2021 1786 3933 4278 3834 3683 4765 709 3904 4624 2268 56 4366 1586 4745 235 2908 4780 1894 4332 3831 1855 3782 
4445 2874 4431 2553 813 1823 2155 522 28 2644 2364 3395 3954 4205 4636 638 2090 3207 3665 761 2926 2316 4723 498 2860 3635 4746 324 4221 2895 2539 1313 2141 919 827 1417 3479 4360 3822 4858 2187 236 493 806 2544 2568 2938 1893 2748 4185 3785 693 2782 2536 598 4826 3907 4690 4409 2056 40 
4084 2325 991 1019 2446 4356 4863 2904 4054 3748 3028 1408 1659 1080 3607 4096 203 4293 1705 586 2521 1673 2160 2628 2678 3916 102 4010 387 2128 4548 4078 1406 2397 652 279 1884 3290 3169 1081 687 2382 3919 3637 745 4030 1938 1037 3148 3845 836 652 4450 1583 313 2680 2900 3411 158 4665 3026 
857 2631 762 4820 3362 1790 1432 2926 1384 782 1349 4831 2102 4287 1817 209 473 1971 2026 4461 2781 3755 2106 3666 3304 3061 361 1913 4481 1392 1630 4175 2545 404 2078 1059 415 3835 3236 3394 4003 2788 1641 2651 3909 1723 1755 499 4528 1660 2234 2011 1652 1281 1118 3540 1141 1015 1304 4043 4436 
3685 4051 882 3752 4748 1308 3878 4228 4562 2753 928 576 2609 3652 334 449 3940 202 4568 2985 2022 3846 2785 4728 3454 4784 1383 3742 2342 2195 3029 3287 3159 919 3501 2301 465 1500 2628 4261 1722 2528 4797 2176 328 3645 1148 4547 85 3377 4265 4216 39 3496 3923 1066 125 2176 3311 1228 250 
4227 1336 1047 848 2237 658 243 150 1058 258 1895 800 4299 4846 1917 2633 4067 3317 588 1881 2596 2261 105 2389 514 4387 716 1182 309 1158 2165 503 3290 1301 1166 2800 3028 3831 3163 2177 161 3535 702 4396 3932 451 287 4394 1901 4031 4898 2683 146 892 2712 1195 1512 3139 3540 4488 2536 
4496 3151 1148 977 2397 482 1804 2460 56 1091 3815 3503 4696 2825 2829 2273 1319 2298 854 2738 4674 4874 1473 2063 2031 3753 10 1684 3457 3568 4254 2869 391 3733 2882 2128 4633 4906 4436 4596 3866 4556 874 4662 3519 1696 275 2535 93 1168 1058 1777 2578 2217 3569 2354 3282 3913 1815 1638 3770 
4367 632 1123 2576 2946 1033 3781 3361 2226 539 770 2642 3457 3265 1090 1225 469 2917 4003 98 2415 3294 346 3606 3510 2963 2733 303 4175 3151 949 4421 1344 733 4587 3858 1979 3270 63 28 4738 2523 2191 1204 654 2795 529 499 2284 3431 1869 204 197 1172 4048 1655 2202 187 4184 149 3286 
4171 2739 950 4468 1274 1518 3241 3166 4439 3001 4339 4903 2587 266 3914 2696 983 4156 1842 1754 991 2986 512 3853 715 2541 3486 1035 1797 4651 1547 1333 317 4780 3111 3423 1846 4464 4880 401 1823 856 3353 828 4672 1653 2909 1966 3800 747 1141 2177 2902 3655 4375 1990 4385 4429 881 1383 1489 
2850 889 4559 4631 1627 1201 2582 4706 1703 3557 176 1827 982 394 3370 3739 836 1865 4148 2933 1273 3173 4574 2956 2928 2031 1279 1232 4790 2822 3620 1635 3309 4351 1993 2672 2667 2230 3303 1099 3020 784 4651 3385 416 1302 370 564 2931 1773 3031 2383 1210 2022 2849 212 2443 4473 2789 2361 2920 
298 3814 1750 3034 2043 2111 1780 2404 3599 2160 2903 3397 2532 839 2199 1785 1896 505 3068 3603 2654 625 2172 2888 1937 4679 4306 2582 135 4034 4133 1712 929 1450 2871 3892 2177 2119 3149 959 2317 186 1995 1834 3476 26 1097 1043 1166 4873 4364 4526 1585 4009 2890 4753 197 4625 2781 4752 1007 
2256 1588 3348 1131 3465 3383 1732 2764 2563 4533 1303 536 3554 4346 1797 1882 10 2015 933 994 4297 1236 657 1765 3803 1663 1662 616 2570 3145 193 1776 3822 3091 1324 3587 124 943 1218 3735 3563 4173 2807 2513 970 1645 3085 1000 2462 4114 1168 2194 2355 4036 3034 3193 2867 4036 1098 3764 3778 
2648 4110 3890 560 2102 3102 1659 909 556 2494 685 2270 1050 926 2993 1105 2935 4724 1897 2124 3107 4548 1779 438 3714 4005 4379 2116 2797 1412 3318 585 3396 2833 1646 1201 4080 77 4212 3040 4252 3775 4345 1353 1269 2800 1325 2639 3789 4191 2405 1718 1624 4691 1260 3630 3762 2480 374 2273 2115 
692 3231 4311 4178 196 3809 369 697 2479 2876 416 2007 260 2478 4007 1154 4886 2097 4739 802 2755 2203 3590 1195 4395 1453 3314 4397 1004 1633 1940 3705 1952 1840 4894 3324 1447 2545 2674 4092 1997 4220 3585 3076 3867 1401 387 985 1211 2295 4055 2410 2251 4214 2573 361 924 3431 203 2655 4064 
195 1789 4022 4851 1679 355 2786 3280 2390 3944 3941 4224 4361 2140 4859 504 127 4266 344 2650 4194 2752 1732 3071 2534 4579 3805 1919 888 4096 3520 2907 792 190 2474 3533 938 2984 3646 4691 1439 3078 4154 3531 3992 1831 2186 1651 40 2721 4500 3533 64 3049 4545 3387 985 2313 3318 3333 3131 
557 2875 800 4182 4755 1065 396 830 2654 2846 4363 3160 424 1996 3267 139 4115 2736 4076 1088 141 2611 3375 2210 3004 4573 4495 3490 1214 4080 2890 499 2125 1073 300 1510 1009 360 1482 4393 4856 947 4171 33 2278 2737 2880 3639 1620 4465 4677 4105 4662 1048 425 735 3308 4108 2683 779 2521 
3170 74 4505 2744 3044 1558 4186 686 1580 3296 1812 1361 1310 4119 2517 2118 1226 966 3949 4241 3679 1840 4558 1123 4056 1152 920 610 1555 1930 2411 2263 3601 2238 1005 2013 15 1845 1498 3054 111 446 1071 910 700 3390 636 2253 3881 4444 3772 2758 4317 2933 2214 3655 526 1546 3042 1670 4700 
3323 1428 1272 181 2538 2588 1277 1465 1202 2744 1559 4751 4310 1023 2324 723 2635 294 2401 2921 4650 1013 2277 3963 3616 2239 1687 1003 3946 3008 4429 1105 604 3934 1728 898 3198 4196 924 4594 4418 2189 1495 4274 4129 4893 3140 878 2579 2020 4192 803 3664 1361 3002 687 2681 2820 279 2413 800 
4016 4812 3228 1438 1095 19 527 791 3667 3821 4232 4631 4049 4604 3821 2824 699 4577 2640 3852 524 2196 1606 2655 2693 1828 1107 3417 3606 2885 3016 3737 41 4753 1664 910 1166 436 4468 2152 3899 369 3958 2453 4602 4697 3716 136 1702 3021 68 3147 194 679 3617 1258 305 56 277 1499 683 
234 3886 376 4648 1842 2918 341 3944 686 4806 2312 1549 3782 3952 1823 17 4097 4008 1496 4780 2336 1037 404 2406 2173 2961 3068 3166 2541 1999 3498 2368 4537 1814 556 2626 4702 4698 2841 944 3131 1692 2863 1444 3296 4772 2181 313 1916 438 3613 3925 2904 693 2316 3865 2188 3346 2765 2399 3357 
1161 2524 2131 1629 3036 488 855 589 1834 270 1304 2758 1457 2136 2827 1899 2554 1672 445 3147 1226 893 71 1683 234 2560 1070 4733 2535 3865 4684 2093 1602 4088 1739 2319 3888 2035 1983 2613 3220 640 106 862 1246 1321 1527 1383 136 1569 1612 4489 991 2883 2339 3300 2421 2461 904 4772 4542 
3386 3193 1768 897 4189 1328 1880 2082 3817 3847 192 989 2829 1836 371 4276 1994 3145 3332 4711 2129 4387 991 4892 3933 1113 2959 3403 3466 3046 1302 3660 2254 3640 3080 875 2933 498 4456 4314 3339 105 3827 4600 1932 952 2376 2022 4884 3178 1523 2199 4563 3078 3724 92 3094 1138 4879 482 856 
3212 1853 3999 2221 2565 4769 4650 4667 637 4595 787 348 1695 2896 2664 726 2895 3905 1727 53 2660 58 1451 4444 910 4779 1950 727 1946 2757 1089 3181 2522 3721 1069 4015 1137 312 189 4642 3562 4311 4670 1410 726 3084 4384 2769 2211 1807 1238 2413 527 3320 1272 1028 1936 2288 3437 1253 4001 
8 44 32
38 11 31
20 7 3
43 17 13
22 55 10
47 16 32
20 14 23
47 3 16
25 34 24
46 27 35
27 17 7
43 40 14
24 45 29
42 29 21
7 38 17
18 52 3
14 51 16
52 4 21
34 39 9
37 7 31
17 19 4
2 30 24
25 59 9
51 34 26
12 50 4
9 16 27
44 53 1
47 50 24
19 42 17
29 14 14
44 3 21
27 19 31
22 15 14
21 16 30
28 57 36
23 35 33
15 54 11
38 27 3
2 28 24
51 16 22
6 48 23
39 40 19
51 53 32
49 53 27
49 50 28
36 25 31
16 4 19
40 22 33
35 58 4
10 38 37
1 41 2
21 17 16
51 49 7
1 43 37
19 47 24
43 6 35
47 24 37
52 29 40
21 49 5
17 4 20
16 51 12
28 13 8
16 14 21
53 38 30
15 38 19
15 52 3
44 15 20
18 20 31
49 39 23
46 11 7
21 45 36
4 34 7
29 16 1
2 41 17
37 38 18
5 23 37
32 21 29
5 4 25
40 38 25
40 5 8
32 34 12
21 5 36
20 56 24
35 48 21
39 32 40
28 24 6
53 8 8
49 18 5
27 15 8
28 41 29
3 16 15
3 47 25
48 47 29
51 45 4
11 55 16
27 19 35
6 48 6
16 33 17
47 1 23
20 31 18
13 57 6
36 3 30
37 36 38
35 57 39
42 43 10
54 30 15
36 44 40
44 39 15
43 56 32
46 9 26
11 3 28
35 13 24
52 26 38
36 9 20
39 50 17
6 12 36
41 38 18
34 58 19
6 54 19
9 17 38
18 49 28
10 19 29
11 27 39
10 18 33
18 15 7
37 20 20
20 39 35
46 8 33
42 41 3
8 57 34
4 56 9
42 58 39
47 15 12
39 15 38
2 34 16
54 31 30
23 21 13
43 54 20
5 49 15
24 34 15
14 37 30
8 32 23
19 1 26
53 28 6
29 30 7
54 32 6
38 15 5
9 19 4
51 13 22
9 46 8
49 42 29
50 55 3
49 46 15
43 41 5
7 3 16
41 40 39
47 14 21
36 14 15
47 44 35
15 57 15
5 49 19
51 19 12
3 12 1
18 14 22
14 20 37
53 56 5
12 42 6
36 42 4
43 43 28
38 28 7
33 17 29
39 2 28
7 47 5
10 17 8
15 4 22
11 7 26
42 12 34
32 48 35
32 58 12
43 53 9
48 35 12
24 51 1
14 48 34
44 54 40
37 39 28
5 44 23
50 57 39
48 10 7
20 41 29
3 8 26
18 47 5
32 32 40
19 20 13
7 50 2
16 39 30
36 38 25
9 32 8
26 35 16
38 26 33
51 55 21
20 2 11
10 56 40
43 35 26
24 55 9
14 41 34
52 56 20
27 45 32
21 22 40
13 52 17
23 33 14
30 31 22
26 16 33
54 7 40
34 1 17
30 42 17
52 48 21
16 38 14
35 59 36
34 27 1
54 37 36
17 33 39
43 2 38
23 19 4
37 27 35
8 5 34
32 35 34
5 11 3
51 47 27
28 58 16
3 40 39
2 29 21
33 16 25
21 30 26
25 55 37
48 3 35
19 23 37
43 3 30
28 2 39
1 54 26
21 56 26
46 44 2
50 51 20
17 2 3
25 24 6
46 7 25
2 11 12
35 42 40
17 30 26
33 46 40
53 48 33
23 21 37
25 30 23
53 2 39
16 24 20
33 50 40
11 21 38
26 4 7
7 33 32
39 18 23
34 5 35
12 10 38
25 43 7
19 13 25
52 35 21
43 18 28
8 39 29
41 43 3
19 8 36
52 55 19
13 47 10
40 14 35
9 2 20
42 47 33
8 54 13
43 36 6
14 10 26
47 59 27
48 2 34
51 51 23
16 52 26
21 15 24
45 49 3
22 43 25
16 46 15
44 7 17
30 34 22
6 59 10
29 23 22
4 10 11
5 55 38
44 4 39
36 41 13
31 50 33
34 29 8
14 10 2
3 47 30
19 19 8
15 10 30
8 35 37
47 14 34
8 52 29
25 17 38
5 9 36
17 14 37
12 12 15
51 59 33
13 46 6
18 45 26
3 49 2
15 44 35
51 8 22
40 42 20
54 2 22
44 47 33
19 35 13
15 20 8
9 17 33
15 23 25
15 3 40
52 59 38
1 56 5
13 36 34
2 8 32
44 36 13
36 2 7
17 23 30
46 46 24
14 18 8
3 33 38
27 37 31
7 1 16
31 3 31
7 23 23
22 38 30
48 57 36
50 3 3
42 47 28
29 39 10
25 14 24
7 36 11
13 56 12
14 9 4
51 43 26
54 49 21
26 43 22
11 29 4
42 4 20
10 31 1
12 36 22
24 5 18
52 37 3
9 51 13
27 55 9
51 6 16
53 13 38
14 6 39
7 24 5
43 13 8
1 29 31
52 57 13
40 30 37
28 1 14
45 24 20
14 23 30
41 24 10
13 30 35
27 6 14
35 22 18
46 51 8
16 7 29
24 50 25
14 12 33
20 57 5
21 1 33
47 50 14
15 34 9
40 41 12
5 1 29
23 36 2
21 58 15
5 57 4
3 28 33
20 37 3
47 5 38
54 58 12
30 32 2
23 42 38
24 17 40
8 48 34
54 8 35
5 57 24
36 59 25
4 58 36
46 53 2
22 11 38
3 58 6
32 21 38
29 55 21
11 46 31
4 25 30
15 15 4
41 56 36
1 54 24
4 30 2
11 56 3
17 42 39
32 31 10
22 22 14
9 22 32
36 15 13
38 37 32
33 43 5
20 33 25
4 18 35
2 32 28
45 44 27
29 57 5
8 55 9
32 26 40
12 4 37
38 8 2
46 52 19
32 39 33
10 19 22
32 58 4
43 37 17
16 57 11
44 10 6
7 9 1
43 18 36
46 48 30
10 47 33
23 36 34
50 59 3
1 40 1
14 23 39
2 53 24
44 54 3
16 49 4
30 44 17
17 57 22
47 34 28
35 17 8
54 25 23
39 40 33
43 57 24
3 46 18
3 35 20
18 41 34
14 46 34
50 55 26
11 11 12
54 22 16
41 11 2
16 34 14
9 3 11
8 3 12
34 39 28
36 55 13
44 50 8
51 42 15
20 39 7
37 42 5
17 50 5
16 54 4
42 38 14
26 1 28
51 21 35
52 21 4
49 49 36
14 14 26
31 24 8
1 10 14
10 54 18
54 30 9
24 57 26
46 43 32
11 16 21
33 32 14
11 57 27
30 4 15
14 50 15
54 43 21
17 42 15
18 56 20
24 29 36
34 20 37
49 21 6
31 38 40
3 12 7
7 36 23
34 40 2
21 30 9
33 12 39
29 1 18
10 16 7
2 21 28
3 4 8
14 31 2
47 38 18
9 30 24
16 27 38
35 16 4
10 41 27
32 25 2
40 57 26
29 23 26
1 22 17
35 29 20
45 43 27
43 37 9
17 5 28
27 31 3
29 15 30
34 58 14
39 34 37
53 17 37
1 58 1
8 23 2
17 26 2
31 57 39
54 2 23
41 45 9
19 28 36
15 30 34
11 4 35
9 55 35
8 56 16
35 18 1
16 6 11
41 38 35
49 22 13
31 16 15
5 9 18
46 28 23
41 14 4
20 10 32
38 39 2
36 39 23
51 43 1
35 37 6
36 52 37
26 48 40
44 33 38
46 42 27
18 44 39
15 23 8
50 29 13
22 40 25
17 42 18
23 36 7
8 50 10
46 52 2
26 40 32
17 35 4
1 56 30
2 16 38
45 23 13
52 7 39
50 3 8
49 37 20
7 3 12
51 19 8
41 9 29
37 46 37
39 32 22
49 29 39
10 54 19
29 30 13
42 55 17
16 33 38
24 36 21
38 26 8
27 57 14
38 11 10
33 58 8
16 21 22
30 14 28
43 16 2
5 7 38
50 17 19
23 6 10
5 2 7
36 1 13
27 10 1
48 43 32
34 9 4
11 40 4
50 21 35
52 27 29
38 47 3
16 25 11
33 15 21
41 54 19
40 37 17
52 44 19
36 6 9
7 30 28
7 30 38
50 52 40
2 1 24
9 40 1
51 53 28
12 35 12
49 56 5
20 47 1
4 56 7
33 3 27
20 29 6
50 37 40
14 56 22
36 24 26
14 33 6
27 36 18
7 55 34
12 59 16
36 2 1
23 27 34
25 2 29
2 14 33
36 59 14
5 23 35
43 7 31
11 9 6
3 54 19
44 46 36
25 48 26
6 11 10
45 9 6
11 36 12
3 54 14
28 10 6
51 56 31
28 3 21
5 18 34
46 7 23
42 4 36
14 55 1
33 21 26
23 41 6
29 52 23
23 53 27
10 24 40
15 11 28
33 43 9
45 45 14
26 1 5
20 38 30
26 46 39
47 45 2
21 19 35
17 40 14
9 56 20
3 47 16
33 44 23
7 22 39
38 17 40
16 32 15
35 31 19
18 53 38
7 58 12
24 37 30
40 13 24
7 11 27
50 26 9
23 53 1
38 52 2
39 32 3
36 8 20
13 2 25
39 53 25
17 35 18
27 38 28
52 20 22
50 7 29
41 10 36
49 40 20
7 20 4
48 5 40
8 41 19
7 51 14
26 9 34
2 48 3
51 11 4
36 36 34
33 50 32
7 39 39
36 29 27
8 12 27
52 47 16
5 20 32
3 20 22
4 5 36
52 25 17
5 7 27
26 43 38
5 16 40
48 32 17
11 54 8
49 24 10
26 43 26
30 35 30
24 50 28
18 53 6
43 12 7
11 10 5
15 12 18
32 57 31
16 2 27
8 45 21
47 40 3
28 30 17
17 4 6
13 13 9
34 21 26
32 6 1
50 28 32
22 30 17
44 19 29
15 24 6
18 12 27
39 5 18
7 31 37
52 38 35
46 15 1
32 57 11
34 3 39
1 5 30
48 38 17
15 44 39
27 2 18
35 5 16
29 40 35
12 43 32
50 54 2
49 12 16
35 27 4
44 18 19
26 46 9
27 30 16
46 27 5
25 53 3
9 12 8
11 42 26
48 1 10
19 14 26
31 37 17
35 3 27
49 43 13
3 7 37
40 54 6
24 11 37
2 24 2
31 13 20
11 58 3
14 42 3
37 27 3
20 43 14
22 41 31
13 29 37
29 18 39
14 58 4
17 27 20
42 34 10
45 15 32
42 25 22
15 14 19
23 45 11
4 12 18
43 24 15
19 36 14
13 42 40
32 13 39
26 59 7
10 10 19
36 18 28
40 54 31
49 57 31
33 3 19
17 24 8
27 9 34
26 9 32
54 5 5
52 54 36
31 26 34
25 2 29
32 31 39
3 26 33
24 58 24
11 16 34
9 59 31
20 47 28
21 51 17
19 51 19
48 34 35
28 33 31
23 44 28
12 50 18
25 33 33
11 58 2
7 47 10
12 13 28
37 55 25
42 18 8
38 5 23
46 51 31
48 41 13
20 54 20
50 30 40
47 50 38
48 55 11
8 56 34
30 14 16
31 10 11
17 36 36
27 44 19
37 51 32
40 18 25
27 23 28
14 10 10
28 3 5
45 2 8
48 16 31
13 20 36
44 30 10
17 57 17
38 45 31
33 41 6
4 14 8
18 5 40
36 47 22
41 8 40
32 4 27
1 6 5
49 40 1
36 59 14
4 19 40
51 20 7
49 23 40
17 24 9
7 19 9
19 19 11
29 58 40
34 54 24
15 38 2
5 10 15
49 38 15
27 18 31
45 36 4
29 55 8
17 57 38
24 34 32
52 20 17
54 26 21
20 35 33
25 7 28
9 45 8
9 45 15
36 26 1
28 16 6
14 34 20
5 55 26
38 39 28
10 20 11
40 30 19
15 48 35
1 43 11
29 51 1
52 4 36
38 1 39
40 14 8
42 32 30
11 10 5
53 27 30
17 54 5
5 3 2
38 42 24
40 6 16
34 56 26
9 16 11
36 48 21
35 18 21
10 49 12
4 31 18
42 3 4
47 14 11
12 29 24
40 14 17
6 37 9
6 53 31
24 22 9
2 54 20
16 38 18
28 8 26
46 37 33
48 46 7
24 42 28
26 35 39
39 35 40
6 56 39
4 52 27
39 13 20
22 1 4
18 9 36
11 49 8
38 49 31
35 27 10
53 10 25
27 31 17
30 36 14
22 34 27
45 12 24
35 54 25
29 6 16
40 54 40
4 27 9
33 5 5
40 7 10
5 48 30
32 32 29
3 56 24
2 37 6
1 15 9
3 45 35
42 55 9
32 45 11
42 14 23
29 11 16
29 57 25
19 28 25
48 19 38
10 8 8
39 36 28
26 11 8
14 42 15
8 20 17
22 7 25
36 35 33
46 26 7
9 47 35
6 53 26
30 3 40
43 38 15
29 40 24
4 50 17
31 5 22
12 7 29
28 46 35
33 29 2
52 28 23
3 56 35
11 31 35
1 1 13
53 37 15
33 29 35
34 43 28
12 12 2
29 47 19
49 28 4
15 34 40
19 17 39
32 48 33
8 32 24
4 21 8
19 24 5
1 29 24
2 24 32
25 2 34
43 1 4
30 54 15
31 22 12
36 6 12
50 50 26
29 47 31
49 26 29
48 38 26
15 39 9
34 23 29
37 57 32
30 44 35
26 9 38
9 31 13
19 7 22
30 32 18
34 24 26
3 56 15
40 19 39
12 3 26
5 37 13
18 7 14
45 33 4
8 11 1
32 28 13
7 6 10
47 56 31
7 53 27
17 7 18
34 51 10
10 13 33
20 48 30
36 14 9
50 32 7
28 2 4
32 8 2
51 11 24
17 45 12
27 48 14
4 57 5
6 20 24
42 53 13
31 37 26
42 20 24
51 43 6
34 41 4
14 10 22
45 7 8
17 10 7
28 15 32
31 1 18
18 9 40
47 54 31
23 36 16
4 48 35
43 45 39
21 38 35
28 59 16
16 47 31
39 2 15
45 48 37
54 1 39
23 37 18
42 54 14
28 56 40
3 41 25
26 22 2
12 14 11
28 27 18
1 8 38
21 41 9
10 19 16
31 43 31
23 53 2
28 13 12
30 36 35
13 56 32
1 6 38
22 22 21
4 45 8
50 2 29
4 20 9
29 34 32
13 44 22
30 56 4
43 30 21
10 1 23
26 56 3
35 45 12
30 41 39
51 51 27
13 58 2
10 40 27
28 57 22
32 59 23
44 30 5
14 40 21
42 9 21
25 49 26
31 43 14
25 2 3
39 24 24
7 59 30
48 20 30
47 58 8
27 4 1
19 13 17
47 12 22
7 54 38
17 29 22
6 37 27
1 42 6
28 11 37
31 47 18
8 26 36
54 2 20
16 28 29
5 10 29
48 44 2
10 8 38
35 44 38
10 24 24
15 32 31
25 55 38
17 58 15
43 26 18
37 21 12
9 16 35
28 39 4
44 37 1
15 38 35
50 54 28
16 33 28
19 42 37
42 41 33
8 49 28
31 59 12
3 37 2
22 16 16
14 59 26
48 55 26
52 14 25
5 49 35
16 15 40
13 59 31
37 8 1
8 34 35
48 24 35
21 9 32
14 50 25
35 10 20
8 17 28
47 27 15
39 11 23
36 15 14
12 30 14
25 31 6
28 35 33
10 25 25
52 7 2
20 15 13
9 25 32
11 36 22
45 11 23
44 30 22
42 15 24
8 8 19
21 31 26
3 15 25
53 44 1
4 12 30
3 14 17
39 25 22
21 45 24
27 35 40
42 59 39
41 14 17
10 54 3
44 49 13
42 10 40
20 47 23
11 53 25
22 58 28
27 17 39
3 15 40
10 1 6
24 59 31
14 23 17
12 7 24
24 56 35
34 53 16
41 20 2
9 38 31
48 13 21
49 58 16
13 33 12
50 11 30
10 8 40
4 39 25
39 48 24
16 50 6
5 16 33
30 11 29
48 43 36
22 4 23
32 2 23
53 6 17
14 40 18
39 19 21
8 15 19
33 26 32
4 40 11
27 53 36
44 11 1
33 39 14
16 21 15
30 32 39
53 4 32
22 18 30
15 8 10
41 29 7
46 38 15
23 58 20
42 46 7
41 56 28
1 18 22
45 41 40
53 16 23
34 43 20
39 22 1
8 27 36
34 55 11
37 48 33
20 35 10
49 21 11
21 21 26
6 23 36
7 28 18
12 16 34
15 55 24
26 1 16
32 37 5
54 51 21
35 34 8
21 25 37
11 41 23
24 51 27
34 48 12
51 50 18
44 16 37
27 16 32
16 22 11
15 18 34
49 53 18
51 10 8
24 27 21
45 16 38
42 49 37
27 44 7
19 48 11
25 37 21
20 10 8
30 38 3
39 15 15
22 37 16
27 54 11
21 26 9
8 50 24
31 16 6
18 58 14
33 9 16
19 32 31
11 15 31
20 47 17
27 49 12
11 28 25
2 45 12
14 28 7
21 13 12
8 58 28
46 49 3
44 9 31
34 4 1
18 11 33
46 29 32
34 39 25
43 14 39
9 17 9
29 23 14
6 27 18
18 55 23
4 5 8
46 18 26
3 25 1
10 34 17
46 53 8
42 3 20
37 32 25
47 50 22
4 45 17
20 7 38
38 19 12
7 36 31
15 50 21
4 14 28
9 4 12
10 41 32
45 41 15
47 3 14
16 42 34
47 15 17
38 31 16
52 49 21
54 48 20
48 24 10
13 41 39
14 53 28
50 37 7
26 36 11
17 9 2
27 18 5
18 16 14
32 46 18
28 49 13
6 56 32
1 29 25
4 30 23
21 38 18
54 7 36
35 43 21
42 53 5
38 45 35
35 52 21
29 40 6
36 11 2
43 24 28
46 49 21
49 47 5
6 55 38
40 19 38
15 39 24
7 12 2
19 36 1
21 47 20
25 27 24
45 18 24
54 31 3
40 57 25
22 59 37
45 25 25
4 46 35
28 14 39
44 20 29
8 50 30
35 41 34
1 21 7
21 47 6
26 16 24
52 21 16
48 53 10
6 30 8
47 28 27
1 14 21
3 8 25
46 37 33
2 29 32
20 20 9
29 49 31
35 6 21
19 7 2
14 59 28
19 36 24
12 58 27
18 59 1
34 32 27
35 40 38
32 31 15
13 8 22
47 15 27
47 10 35
37 4 11
8 6 19
23 11 5
7 28 16
31 18 31
43 37 32
22 26 33
36 28 21
51 24 19
25 23 3
12 50 11
43 13 19
13 59 21
12 44 21
16 45 14
32 29 5
1 9 28
17 33 19
17 44 19
5 5 21
50 15 10
50 58 29
35 24 36
32 26 22
13 22 10
36 13 26
12 36 10
40 28 28
24 16 23
39 7 27
36 27 14
31 55 25
41 28 27
12 46 17
22 11 31
5 22 8
25 5 14
33 34 30
1 48 6
5 38 10
45 17 35
50 48 6
1 52 26
36 45 13
53 21 28
36 55 34
36 25 16
23 51 33
52 59 10
51 20 21
31 59 13
23 47 34
41 42 27
41 16 38
34 55 25
22 16 23
30 32 12
49 17 14
11 38 5
28 11 28
2 42 16
37 22 14
43 34 25
27 55 14
30 14 18
53 39 20
29 21 33
44 6 15
34 13 20
37 56 21
52 33 1
42 29 18
31 54 27
9 31 17
32 3 28
20 12 6
9 18 20
15 29 17
19 36 20
44 51 32
1 39 29
31 36 14
16 32 11
28 55 40
24 26 3
6 26 34
29 20 21
33 4 32
26 56 31
41 19 16
10 57 23
16 57 17
42 23 14
12 40 12
27 32 21
10 52 9
27 52 20
17 16 26
38 2 27
29 42 27
46 59 37
46 30 13
8 34 10
20 28 39
15 43 23
23 36 37
53 32 14
39 51 18
43 52 8
32 52 4
38 35 11
48 16 9
46 57 18
51 12 18
10 46 24
13 44 32
7 36 27
51 10 8
27 3 26
47 43 26
13 38 10
11 43 13
34 53 10
6 51 20
46 13 19
51 58 12
18 52 5
20 33 21
3 30 3
31 47 25
20 3 28
46 40 28
53 41 6
46 53 23
25 21 23
22 47 38
49 35 3
40 33 5
49 10 22
17 59 12
17 54 18
6 46 3
29 17 16
35 45 21
33 51 40
54 8 1
10 30 12
30 56 16
53 24 2
40 22 39
31 17 12
4 36 8
39 13 2
49 7 28
12 23 9
7 43 31
12 40 33
8 14 2
14 9 11
35 15 5
19 8 20
22 54 36
40 49 29
21 44 4
28 57 24
50 7 10
23 40 6
11 39 31
48 27 6
7 41 17
43 48 28
31 25 31
51 55 16
1 25 12
37 15 37
12 51 22
12 19 28
18 57 17
27 34 25
43 3 3
19 13 4
31 28 6
4 20 10
43 20 28
43 9 19
2 29 4
44 6 37
20 34 12
34 15 3
12 28 13
36 29 24
13 22 18
17 13 10
45 43 2
25 37 6
49 55 3
30 40 10
21 34 7
16 28 22
4 39 11
46 10 4
48 59 26
18 55 17
5 23 33
28 3 32
16 24 17
39 54 37
14 19 1
4 31 15
52 22 11
35 45 14
23 6 15
18 50 11
29 48 36
9 9 12
8 53 14
35 16 18
11 37 13
14 30 26
35 54 39
53 5 25
16 1 12
47 30 36
12 18 17
41 34 19
28 55 10
21 2 40
25 46 6
50 50 9
37 4 33
9 10 28
38 29 39
38 40 32
15 10 39
50 25 23
13 37 16
21 24 35
53 28 27
5 8 18
43 28 9
48 22 12
6 56 22
3 57 33
44 34 21
30 18 30
14 29 30
40 8 36
45 56 12
28 28 5
43 38 38
41 27 6
44 33 2
45 55 24
8 7 12
39 26 21
42 34 39
3 20 17
20 17 4
33 48 14
4 56 4
30 49 40
33 11 11
26 54 13
45 54 38
1 25 2
21 48 40
36 43 18
51 46 25
33 38 34
34 50 5
18 50 25
5 9 1
42 9 18
30 19 40
33 34 35
25 31 40
12 29 10
40 18 10
28 12 6
19 22 37
32 50 4
19 3 37
21 48 16
8 35 10
22 17 16
21 46 25
31 29 8
46 16 19
37 25 16
18 21 27
47 54 5
19 59 13
8 54 20
38 58 12
42 28 16
11 55 24
21 54 11
11 3 5
28 10 12
41 55 20
25 42 9
13 31 13
33 11 3
53 32 5
35 28 37
50 28 33
40 8 7
21 59 17
15 27 33
29 57 36
19 7 38
38 9 18
10 51 26
22 44 30
41 30 34
5 33 30
24 47 18
45 41 28
21 28 3
1 33 29
20 57 30
24 28 32
2 43 36
31 23 10
6 57 27
3 45 39
37 59 6
38 13 33
26 42 17
3 11 5
30 33 3
14 27 24
5 54 2
6 2 37
30 38 22
18 34 15
45 30 29
28 22 25
27 16 30
38 41 28
3 37 40
54 38 39
49 2 22
1 22 23
13 54 6
28 31 21
6 40 28
12 58 32
40 59 40
7 41 15
11 42 40
31 41 37
15 15 14
10 54 23
53 39 5
50 48 3
35 25 10
11 14 10
3 20 2
40 50 20
47 29 5
11 52 4
40 58 16
30 12 9
30 13 14
15 19 30
14 35 33
37 19 26
50 25 30
6 42 19
5 49 34
30 54 15
53 32 7
51 41 4
22 18 8
39 32 28
46 5 3
19 37 20
31 11 22
21 4 12
34 11 18
42 10 32
40 4 39
49 3 4
24 46 6
52 21 11
34 50 22
2 40 33
8 33 28
22 51 1
31 22 4
3 12 40
26 27 5
39 15 18
38 58 32
7 43 25
50 46 8
48 58 3
31 2 34
22 48 32
49 5 37
12 5 21
26 17 38
13 39 10
34 35 12
22 38 28
46 33 5
42 14 39
20 5 35
22 43 36
31 17 9
14 40 32
45 35 27
7 58 2
20 26 40
4 33 25
33 30 39
2 36 9
14 14 39
41 58 23
49 57 24
4 31 8
19 46 21
27 12 9
4 59 36
33 32 14
49 48 9
52 59 26
45 45 22
9 37 7
36 37 7
41 4 30
28 58 31
31 17 18
23 24 3
34 8 11
52 12 24
45 23 33
15 58 30
12 50 3
25 41 12
30 4 29
40 39 1
49 33 25
31 46 35
50 26 17
13 18 4
37 21 7
11 31 28
25 35 11
7 52 2
6 15 38
52 15 39
26 19 10
54 54 22
13 44 28
6 32 25
11 46 11
4 7 33
42 11 20
9 22 29
14 35 38
43 52 24
25 15 3
45 30 4
36 53 23
33 7 12
41 18 28
46 10 37
21 46 12
20 54 4
1 39 30
32 4 39
11 45 6
40 35 34
48 49 15
47 24 14
46 38 32
38 35 21
3 34 27
25 51 22
25 30 9
13 25 20
34 53 35
13 3 9
43 44 37
43 4 20
14 21 1
39 43 12
39 53 37
39 41 32
38 45 33
53 6 35
34 53 4
16 43 39
25 18 29
13 19 38
45 7 37
7 43 27
41 54 16
50 16 38
27 16 39
22 38 24
1 12 2
36 38 6
22 33 37
38 26 5
19 41 21
8 1 31
28 2 9
53 51 12
24 34 30
6 30 29
54 19 25
23 53 26
44 44 22
53 14 1
12 57 3
10 47 4
49 12 19
5 47 9
13 55 12
9 38 34
2 54 38
42 24 34
32 21 12
53 11 18
44 35 36
22 6 36
20 49 25
7 15 5
53 31 18
25 8 35
40 56 14
10 28 38
19 47 18
1 7 30
27 42 4
34 21 14
28 24 19
3 21 29
32 11 36
3 38 3
42 17 12
50 48 11
30 28 38
36 44 39
52 47 30
22 26 24
28 34 2
28 42 5
50 12 36
51 12 22
39 34 2
28 38 17
20 3 24
48 21 10
53 3 32
32 25 36
54 1 14
42 29 18
51 58 28
45 9 37
20 6 7
42 19 14
53 48 15
30 2 18
48 22 20
28 42 29
39 2 4
7 15 17
21 32 26
31 37 8
9 51 8
47 4 1
26 50 12
46 59 4
12 46 28
37 7 2
6 15 11
30 45 11
35 19 39
53 21 6
30 33 37
23 30 12
27 56 4
10 38 28
45 43 22
15 46 32
18 59 40
33 58 16
20 8 33
4 17 33
21 11 36
36 10 4
8 28 3
38 41 21
32 11 22
49 49 11
5 32 21
2 37 17
18 26 34
28 1 1
38 25 39
18 19 27
26 20 9
38 41 8
29 27 37
9 4 18
52 46 5
39 25 33
18 54 29
25 44 6
45 18 20
47 23 29
54 23 14
4 35 18
41 36 19
23 37 17
43 42 31
22 30 31
4 7 29
16 18 14
50 50 30
15 53 36
28 25 33
38 30 11
34 24 13
19 2 21
9 30 10
2 5 15
2 56 27
7 54 23
39 29 10
1 1 2
5 50 22
12 1 13
42 55 9
48 44 2
49 32 35
3 45 16
15 3 35
35 3 37
15 32 21
31 37 7
41 19 34
3 6 27
54 43 32
10 53 17
29 51 20
15 43 8
33 22 28
26 55 1
1 20 10
52 24 18
12 57 12
35 3 17
19 18 19
22 17 32
25 42 14
8 54 39
17 21 11
16 44 14
39 44 11
52 24 8
4 20 3
12 45 24
35 5 23
10 37 14
24 46 27
34 21 6
4 8 1
12 2 30
46 59 6
13 25 18
49 46 2
19 48 18
52 29 36
37 58 25
51 37 24
17 12 28
42 14 2
35 35 37
37 11 36
53 50 34
14 3 1
32 58 6
36 22 19
9 44 20
32 17 33
30 5 38
50 37 30
4 45 37
39 34 29
48 51 24
32 32 9
25 3 38
52 49 30
53 53 7
26 7 23
17 47 30
26 58 15
15 17 12
52 29 7
54 28 6
42 46 39
42 20 31
26 11 14
13 36 23
35 4 28
9 43 38
44 41 39
9 28 28
41 17 7
41 54 26
46 43 27
14 24 18
6 50 9
25 33 14
52 10 25
3 27 17
14 17 32
21 57 23
33 32 12
15 16 3
30 54 39
26 7 38
19 23 35
43 21 24
25 57 29
13 25 33
41 5 30
12 33 13
6 49 30
36 44 26
2 56 9
30 17 16
42 32 28
47 21 34
48 26 25
39 14 22
31 38 4
22 26 31
42 45 16
28 58 2
34 34 3
36 21 19
50 37 14
29 29 19
22 20 39
19 5 8
49 16 11
41 34 16
38 33 17
6 32 31
17 50 20
39 57 39
2 38 6
6 35 6
1 7 2
1 10 37
18 29 34
26 9 39
47 59 33
32 15 29
37 21 23
44 33 17
34 9 18
20 14 2
44 53 32
28 45 23
7 56 19
42 58 30
18 28 34
15 1 12
42 47 14
34 40 36
20 1 2
16 34 33
28 3 18
8 14 29
5 28 18
41 34 15
15 4 37
54 6 3
35 41 7
33 26 6
9 8 2
17 3 34
12 36 24
9 54 1
11 52 11
53 43 25
30 49 11
1 26 7
52 45 31
1 44 1
47 11 34
42 28 22
31 19 6
53 4 14
44 32 2
23 27 17
3 35 39
29 48 5
43 4 25
20 51 18
25 8 3
43 53 25
49 20 38
23 37 35
7 13 11
53 47 16
47 48 19
21 12 11
9 32 13
7 38 31
44 2 32
17 54 35
1 38 32
7 36 12
10 28 31
47 31 23
35 2 15
30 56 29
3 13 8
53 10 10
27 23 8
6 46 13
53 34 38
50 52 27
1 56 18
51 1 9
47 19 24
30 17 21
24 48 10
9 56 32
44 5 25
49 49 27
22 54 34
4 11 28
23 51 29
10 30 17
27 14 31
10 27 13
20 21 11
2 30 37
19 26 1
41 32 14
22 13 5
22 47 17
5 48 34
49 50 23
17 10 10
44 13 19
3 10 8
2 48 2
37 5 13
7 53 25
17 24 26
42 42 31
41 40 37
12 34 21
34 38 18
10 42 25
22 24 28
52 33 25
9 51 10
51 58 28
11 26 6
1 23 2
23 43 16
22 29 39
1 34 17
32 59 31
7 17 21
7 49 19
20 19 20
32 52 26
9 47 39
35 26 4
14 4 9
20 36 13
47 18 38
49 45 35
51 42 3
43 1 30
5 25 27
44 16 38
30 44 9
13 26 3
44 41 13
47 23 27
7 8 12
53 1 17
45 21 19
17 8 12
45 43 17
49 51 29
46 22 26
43 4 30
52 41 28
12 5 23
21 40 18
48 30 38
35 19 3
28 47 1
8 54 6
32 32 35
17 29 18
15 20 15
19 42 23
44 49 3
45 32 37
28 58 6
12 10 2
45 1 2
5 5 16
52 10 31
40 5 4
18 11 20
23 14 4
29 26 16
21 22 2
1 18 2
27 53 32
42 32 37
29 35 30
30 6 17
19 41 29
5 4 26
25 4 7
45 21 35
41 37 39
6 13 32
53 24 29
17 19 20
6 23 9
40 48 21
21 37 28
15 53 27
5 27 24
12 31 37
20 22 34
47 10 16
42 15 16
6 20 38
43 8 12
10 57 16
38 35 9
5 27 19
42 20 26
13 37 26
30 32 28
27 30 27
7 3 19
35 6 8
2 14 25
30 7 2
49 12 10
33 42 34
51 11 30
15 34 40
27 54 6
16 49 32
32 9 23
19 44 24
2 41 2
2 21 32
30 15 21
22 49 26
38 46 28
24 57 14
6 28 16
17 56 28
48 13 36
36 55 8
30 52 5
21 42 27
38 24 1
39 9 34
48 16 22
16 51 30
33 26 7
45 21 33
32 53 29
43 15 23
41 20 16
20 10 30
23 2 30
3 11 15
25 12 28
50 13 16
43 43 13
7 55 11
7 19 3
37 9 22
44 22 19
51 31 16
45 5 32
53 25 19
2 36 21
33 15 31
28 38 1
53 54 17
29 16 11
6 28 25
24 35 29
7 10 17
22 10 2
9 3 2
17 30 10
15 45 14
29 38 27
43 13 11
18 56 9
38 37 28
50 30 5
35 55 39
50 31 25
32 33 31
38 24 22
28 43 25
30 53 40
12 9 17
42 56 34
11 30 18
40 43 32
8 2 23
18 1 5
32 42 12
43 48 20
49 10 40
20 39 30
14 16 22
39 45 11
25 31 9
45 16 36
13 5 8
27 22 1
24 11 5
29 49 38
20 27 25
26 28 9
42 34 18
8 46 28
2 25 14
53 20 11
38 9 10
8 26 38
13 2 36
27 35 29
14 12 14
25 27 34
31 42 20
45 15 32
10 32 32
13 20 9
21 35 20
39 20 28
10 37 3
2 59 23
30 28 34
27 2 31
4 44 16
17 36 10
15 12 11
37 35 14
41 58 36
30 59 25
46 51 1
35 2 23
18 27 35
27 5 8
8 59 2
48 15 11
25 5 11
54 25 19
2 37 6
6 48 16
9 25 39
42 43 10
29 18 19
24 22 14
2 19 3
13 20 33
20 41 23
10 33 12
27 36 33
9 9 11
17 41 14
28 15 6
26 18 13
34 18 39
29 52 30
37 15 21
49 35 5
49 24 38
49 2 34
33 17 10
36 55 32
19 49 15
26 17 12
6 55 24
40 50 27
53 3 28
51 27 26
40 21 1
26 47 21
20 35 25
1 53 9
32 22 36
10 11 21
15 47 16
14 56 19
33 7 26
31 3 8
6 33 24
3 38 28
45 18 18
4 31 32
21 37 7
18 59 8
41 39 14
3 37 25
24 8 10
52 10 2
46 2 10
10 41 7
7 52 29
22 19 22
7 50 7
46 46 2
16 47 23
3 40 34
24 41 21
35 6 26
36 41 37
52 36 10
31 46 28
35 50 1
14 14 35
11 57 7
35 5 17
26 13 20
16 8 21
8 7 33
4 11 35
9 27 26
40 33 30
21 11 18
36 19 6
28 28 16
13 30 14
26 12 30
50 24 9
38 32 5
41 12 1
22 4 15
41 54 31
14 53 26
38 53 16
49 13 16
5 26 28
8 14 14
20 53 19
7 57 7
28 10 37
12 28 22
23 54 17
49 36 6
24 11 33
21 54 6
6 16 24
52 17 23
8 45 7
10 20 13
11 8 8
26 36 20
27 57 16
26 34 25
21 26 10
36 48 35
47 7 38
49 3 27
14 37 18
45 30 40
1 47 30
35 57 9
14 26 37
21 37 25
28 36 5
32 33 12
15 54 5
27 54 25
36 1 22
48 4 40
12 25 24
28 40 37
43 13 30
11 45 40
42 49 22
48 32 22
18 17 37
6 17 37
53 49 28
9 24 12
9 41 22
5 42 30
44 16 22
44 50 26
47 11 37
41 58 9
21 6 26
49 38 23
44 32 34
40 47 4
19 2 26
6 57 7
33 39 18
19 24 3
39 47 36
12 59 27
33 30 28
34 28 16
44 47 38
37 7 15
35 11 8
40 15 14
15 41 21
1 13 20
44 8 34
24 26 17
30 23 8
35 30 39
39 33 37
38 12 40
48 41 26
39 27 32
39 43 32
3 16 10
19 32 13
53 5 38
25 20 32
3 18 12
44 32 14
11 15 1
4 40 16
13 59 39
2 3 10
21 54 35
7 31 3
41 59 7
1 21 1
23 44 24
22 17 26
46 57 4
9 47 31
54 57 30
3 15 3
33 9 7
52 57 39
27 20 38
44 6 23
46 8 34
48 10 9
51 35 7
30 5 8
14 31 3
19 8 33
28 59 2
50 35 5
38 34 34
40 2 23
22 51 9
54 24 32
48 18 34
17 19 15
25 46 37
47 57 2
43 47 36
3 48 16
18 50 20
17 20 28
35 43 23
15 45 16
1 13 35
43 52 23
54 19 23
51 48 16
45 8 1
52 39 33
43 7 28
13 37 38
7 54 7
48 52 34
26 22 9
16 32 27
17 23 5
19 44 21
8 30 23
13 47 6
25 6 11
11 31 1
16 47 8
6 50 7
29 46 12
9 51 3
3 53 13
19 28 7
15 17 5
37 33 29
36 33 31
7 58 8
18 22 37
2 4 35
17 57 2
23 45 15
20 16 4
7 43 16
37 23 39
39 57 34
35 6 6
30 27 34
32 18 20
22 35 15
51 54 9
5 55 12
47 26 35
13 56 20
53 37 15
30 39 26
15 58 19
51 59 31
45 37 12
47 59 24
1 55 31
28 17 38
34 23 7
12 53 12
37 42 11
31 30 32
5 27 25
1 59 27
6 20 33
3 39 40
12 33 18
14 52 8
21 5 22
47 7 1
4 9 28
19 8 20
12 29 3
16 19 3
15 49 18
25 17 8
46 41 38
7 2 32
35 38 3
51 36 33
39 40 11
39 28 21
3 5 22
15 48 28
31 40 18
34 13 11
49 46 39
47 51 25
16 24 21
51 13 37
43 28 12
4 50 3
33 37 19
24 42 11
33 23 30
33 4 23
25 48 37
3 38 36
54 24 1
20 19 1
4 34 4
22 43 30
15 45 4
26 2 6
31 34 24
21 56 27
33 31 27
19 25 20
2 21 28
35 14 14
33 17 14
12 39 10
36 51 36
13 42 24
53 41 7
2 1 11
47 51 11
45 50 39
42 58 35
49 35 14
28 47 23
33 42 26
10 29 11
19 58 28
53 49 38
11 42 9
26 46 33
41 54 36
39 19 11
13 51 22
54 39 22
36 56 21
28 10 25
31 55 15
5 59 1
11 52 9
43 34 25
30 10 8
26 47 9
39 6 16
20 3 22
23 51 5
13 37 27
47 58 11
28 56 23
54 51 38
13 1 30
3 59 14
41 9 17
21 9 17
27 50 11
38 55 36
54 47 12
19 57 5
31 16 25
51 25 1
54 51 21
50 17 32
10 13 33
47 28 16
17 11 9
27 5 10
4 50 26
3 3 32
21 24 15
54 13 9
18 33 4
49 54 39
27 3 6
9 5 12
41 58 23
2 10 1
20 1 19
45 20 26
22 2 37
15 39 30
28 59 37
20 1 40
15 51 1
28 52 36
54 39 40
23 30 15
22 33 15
30 40 30
5 34 25
26 26 26
1 3 2
37 27 28
6 7 17
4 22 32
13 56 17
23 4 5
52 16 12
30 52 7
16 30 25
11 43 23
50 19 12
9 1 26
26 44 27
38 29 12
37 6 5
51 20 18
41 43 7
53 52 37
25 57 39
15 28 25
17 45 37
41 15 5
53 26 2
25 47 4
38 9 24
16 46 8
2 19 33
43 54 30
39 23 27
3 44 22
37 13 20
39 14 4
52 34 25
16 51 23
14 30 13
53 27 3
28 34 13
1 16 13
4 52 26
12 52 39
37 48 21
36 9 29
48 24 38
21 50 29
53 45 37
54 54 4
40 31 20
25 11 34
45 48 9
4 4 37
1 25 27
18 31 36
27 22 13
14 10 3
13 25 21
12 8 36
39 11 26
44 49 5
34 32 33
29 46 37
21 33 33
13 30 5
45 32 30
28 46 17
26 42 23
31 47 17
29 19 19
51 4 6
4 19 27
38 5 37
7 43 25
1 7 23
17 15 27
27 8 20
8 55 13
54 41 6
31 6 5
3 16 38
46 9 29
5 41 15
18 17 4
29 25 27
31 18 2
23 15 35
9 32 31
20 33 27
35 36 26
26 24 23
47 57 1
8 12 30
5 2 27
49 47 20
11 15 18
48 20 30
36 2 6
25 42 14
37 2 2
48 39 33
54 28 5
9 34 5
46 21 39
35 18 4
25 21 24
54 52 7
35 41 13
52 51 24
10 19 8
45 34 21
9 12 14
51 40 39
25 29 17
6 20 5
37 48 31
16 7 2
10 38 24
29 23 36
35 3 13
30 16 16
1 3 37
24 46 27
50 48 23
28 37 13
20 54 27
15 17 37
8 56 19
51 26 28
36 13 24
4 58 18
34 52 8
44 24 16
38 53 13
21 16 30
2 21 39
53 9 3
14 41 3
41 34 22
5 43 22
29 59 30
5 58 29
53 27 28
41 29 8
42 41 1
7 39 8
3 41 35
40 10 20
18 41 39
14 38 3
11 21 2
14 2 2
34 6 28
10 28 28
22 41 36
6 23 27
44 59 9
36 6 36
35 40 28
1 57 18
25 55 2
52 7 29
44 20 8
10 31 29
8 53 8
5 12 29
18 39 37
18 29 2
48 7 8
43 49 2
39 57 26
42 6 17
15 56 19
35 13 39
36 23 25
32 24 36
54 4 5
30 31 36
20 32 40
27 15 37
16 7 22
24 1 7
48 9 6
17 27 37
25 19 31
53 39 11
37 49 14
27 45 1
28 21 22
12 49 22
5 9 25
11 19 16
28 10 25
8 59 27
19 53 26
21 39 9
4 47 18
31 34 36
42 1 13
40 29 25
52 9 17
48 11 26
45 36 14
38 33 23
10 20 39
41 30 6
31 45 5
42 1 29
10 37 1
47 1 40
15 5 24
49 59 9
16 9 15
46 33 7
24 31 6
22 51 3
2 24 14
9 10 40
38 8 37
44 51 29
49 55 22
14 39 24
38 47 16
47 44 28
34 14 15
6 24 7
52 5 3
49 8 13
36 22 18
20 1 28
33 11 6
18 1 1
44 2 27
36 43 36
11 37 20
53 49 27
5 55 22
3 55 30
12 5 11
47 32 20
50 30 9
15 52 10
47 28 35
1 50 26
54 56 1
30 47 7
48 25 16
52 26 2
33 2 4
1 20 36
31 6 40
13 4 23
19 41 25
18 27 27
35 40 22
15 58 13
11 54 34
11 28 30
23 45 36
43 51 25
27 50 31
29 43 2
15 37 18
30 17 18
53 56 38
34 38 35
17 37 10
25 57 19
34 31 40
49 58 3
41 40 29
50 25 17
49 33 1
38 28 24
29 38 24
22 18 11
50 52 35
13 13 13
27 40 26
53 11 20
11 25 2
40 23 7
38 27 15
39 12 23
2 54 15
45 48 8
28 27 13
18 24 11
22 35 40
41 19 12
49 36 3
28 7 5
38 48 27
20 44 29
22 45 17
30 55 12
51 28 7
40 6 1
14 52 22
29 49 39
25 20 12
21 29 40
46 55 19
41 25 9
27 5 40
54 55 14
29 14 7
40 45 36
3 41 10
10 27 18
1 53 37
11 25 6
22 45 7
26 57 19
40 54 15
20 36 33
43 6 40
39 35 31
48 6 7
30 47 12
9 42 7
39 57 37
13 49 16
11 55 32
4 58 32
52 54 28
40 28 39
46 12 24
32 34 27
2 23 33
15 50 38
10 52 35
47 30 31
46 53 40
53 36 31
16 5 18
14 46 26
10 35 25
51 55 24
39 34 18
35 49 26
26 50 31
11 40 36
10 35 34
14 55 22
19 48 32
41 21 13
7 37 20
13 13 38
31 52 30
13 47 9
2 24 36
24 14 18
30 12 35
24 59 17
7 50 23
32 10 6
3 2 23
16 55 34
17 14 36
40 8 33
19 11 24
33 48 29
17 13 6
25 53 9
25 40 13
46 28 15
23 26 2
53 51 11
52 35 38
36 58 35
8 27 12
18 59 14
29 16 4
37 3 10
4 13 2
31 39 20
47 41 10
39 1 8
42 11 7
12 2 30
48 3 9
51 18 7
50 16 18
47 32 6
22 59 37
25 12 12
27 54 11
5 26 10
3 18 7
40 38 18
13 44 8
1 27 29
13 10 24
33 56 2
19 49 6
10 5 19
8 8 25
8 6 37
50 55 9
42 38 5
33 46 8
50 56 24
22 5 6
22 3 7
36 7 4
46 5 23
12 10 17
18 35 38
28 38 23
5 13 23
2 43 18
22 47 7
30 6 3
39 23 14
50 46 28
23 28 24
36 51 35
9 28 40
25 49 5
12 44 20
27 56 24
4 45 21
43 51 12
54 14 15
18 48 14
50 24 26
54 10 23
34 44 1
39 23 25
26 7 30
35 34 20
30 3 33
50 49 31
42 43 33
52 49 36
22 7 24
9 42 32
14 54 14
15 9 27
30 57 14
34 23 11
49 6 30
8 24 23
9 10 23
37 15 15
8 34 40
10 27 23
31 38 5
24 44 12
31 25 38
19 28 15
36 26 2
27 11 13
28 40 25
38 17 7
30 37 4
39 30 12
9 51 22
21 53 4
30 4 10
16 32 6
32 26 28
4 27 3
36 44 3
34 40 40
6 51 9
19 58 40
54 53 4
26 41 21
6 49 7
28 26 35
5 16 20
26 4 29
44 48 9
23 25 29
43 23 22
29 52 40
27 6 39
23 4 39
30 58 19
35 58 29
23 8 25
9 35 40
30 28 21
36 22 30
37 42 1
8 38 39
22 41 40
40 52 25
38 12 4
16 56 36
30 39 18
50 13 17
46 57 20
52 20 17
45 12 18
48 8 32
35 1 14
15 1 35
54 17 22
35 57 35
54 45 14
16 53 27
2 13 31
39 7 27
33 41 11
16 42 5
41 39 29
49 33 24
50 13 16
12 54 4
46 37 7
8 32 27
43 18 24
21 48 1
11 26 13
9 24 32
52 18 37
50 7 34
5 56 36
52 19 15
35 28 13
44 45 27
10 31 17
26 16 19
54 26 2
23 41 3
16 12 26
4 44 23
22 46 14
53 13 27
36 15 11
3 38 4
3 56 21
52 16 2
5 10 28
51 37 40
48 2 1
25 51 28
26 50 2
32 26 25
37 40 35
38 23 33
5 55 16
8 36 20
15 39 30
51 46 31
3 9 5
3 26 36
10 13 30
46 19 12
51 21 14
24 51 31
16 4 16
6 51 32
10 19 10
46 48 1
54 30 7
1 45 28
15 30 35
48 57 18
14 40 27
47 29 11
23 51 35
18 23 26
3 49 34
39 33 7
21 25 20
28 36 28
52 45 19
17 18 35
8 19 40
7 51 29
46 25 30
16 44 21
1 47 40
46 16 37
3 35 29
25 41 19
45 19 15
47 47 8
30 9 36
23 25 28
31 20 3
11 14 34
30 15 21
28 36 29
53 57 11
16 22 14
23 10 26
18 7 23
33 47 18
33 34 22
47 25 16
24 29 21
27 44 29
33 56 38
5 17 5
6 54 23
19 8 9
44 50 3
5 37 40
38 34 24
47 13 12
48 11 18
2 35 29
49 15 36
42 16 32
28 36 8
26 2 30
43 58 7
7 34 18
25 7 40
41 29 21
43 30 4
21 15 19
52 12 11
47 50 37
47 14 28
24 24 11
4 26 29
41 18 12
35 18 38
38 54 31
36 14 34
43 28 14
20 56 28
7 33 17
54 57 23
19 2 17
22 31 21
5 16 36
22 43 7
48 28 40
44 8 25
3 48 29
16 56 3
31 49 26
11 27 13
30 19 3
25 53 15
48 39 22
43 19 34
49 38 25
4 45 17
22 25 29
45 12 6
27 58 22
10 9 19
11 9 6
53 7 26
52 38 4
22 9 28
14 37 21
53 43 4
36 15 18
23 29 35
43 48 38
48 15 12
47 58 24
12 58 18
54 16 31
24 56 28
41 49 38
47 32 26
53 51 32
21 13 4
4 7 12
21 11 29
45 39 25
16 42 8
14 54 13
35 11 33
25 15 22
15 48 32
36 50 27
38 34 15
34 13 39
33 34 19
42 47 35
11 52 40
21 10 24
33 19 17
33 58 12
31 22 2
43 43 39
12 54 10
41 27 27
18 46 1
30 55 33
25 18 1
7 39 3
35 46 20
35 40 7
37 33 1
17 25 40
28 54 22
3 53 34
7 54 16
9 54 26
29 2 31
43 20 12
29 2 26
35 24 16
13 56 3
31 19 18
15 25 6
24 49 22
35 38 29
4 43 26
2 14 7
16 32 3
45 42 1
35 6 16
23 24 7
42 38 8
19 45 28
10 29 18
35 52 40
3 25 39
4 56 37
29 6 5
35 38 38
54 42 4
25 54 18
42 33 36
27 16 36
30 57 32
31 26 28
48 19 7
28 41 6
26 49 24
30 39 21
50 47 21
32 10 25
33 58 27
34 16 32
13 4 36
35 46 33
24 31 7
18 40 33
1 15 2
44 44 22
46 57 13
2 47 14
27 3 13
18 22 40
43 32 4
32 25 40
29 40 10
39 54 34
19 23 40
12 48 4
54 56 30
9 42 6
23 14 35
9 29 35
28 13 1
35 38 23
15 42 17
28 42 5
49 46 38
30 59 19
33 45 2
47 15 39
13 51 2
46 51 39
37 36 26
30 55 2
49 27 21
36 6 27
33 24 30
25 13 2
39 37 17
28 8 5
48 23 10
53 42 17
39 56 9
6 3 1
7 16 31
11 31 8
6 49 17
50 23 4
20 30 30
1 3 36
31 10 3
23 30 11
20 9 20
12 15 22
39 45 5
9 1 30
44 29 33
37 30 30
45 32 20
10 6 26
8 34 5
5 27 3
35 45 30
2 27 36
45 59 27
28 4 39
23 40 3
9 22 29
35 54 9
17 29 38
10 25 19
5 56 1
31 34 40
10 16 25
35 45 19
7 31 15
24 23 12
13 22 10
9 20 26
6 3 36
8 25 39
24 23 23
35 34 27
1 24 28
30 22 35
4 48 39
11 55 15
17 4 20
41 16 16
11 12 16
33 11 19
30 23 34
29 58 21
46 1 1
32 54 32
52 40 33
31 58 2
28 49 16
17 44 40
40 52 38
11 14 35
16 11 10
52 32 35
24 13 14
7 50 22
5 37 1
48 59 32
27 59 29
17 4 38
17 32 30
12 49 4
49 22 23
39 18 32
28 56 34
25 23 21
34 17 26
10 6 5
19 15 9
18 16 29
49 33 18
50 50 5
2 30 40
31 47 8
44 38 7
16 43 8
37 31 37
44 50 16
41 43 6
12 6 7
52 27 40
14 26 5
15 54 39
17 13 11
45 42 15
20 5 10
24 53 3
28 27 14
44 32 4
49 24 14
21 47 1
43 44 20
15 28 12
30 47 26
25 21 8
3 58 26
43 54 18
4 43 12
13 48 30
2 24 4
14 55 3
38 38 19
46 18 5
32 52 26
20 26 5
52 15 17
53 44 3
21 58 6
22 36 28
28 27 20
5 34 23
22 20 12
43 33 23
43 26 28
34 41 14
5 40 20
21 35 7
46 19 11
53 30 40
14 19 7
1 2 35
18 51 37
29 36 10
33 14 28
2 5 36
48 28 14
23 20 20
9 24 15
13 24 2
44 23 2
23 5 31
45 10 11
22 28 7
17 48 40
50 28 28
54 10 33
13 28 26
27 48 10
12 36 28
45 2 23
33 18 6
36 34 36
49 29 24
50 18 3
1 31 21
23 39 20
42 36 32
41 47 25
48 9 34
38 1 3
25 56 40
26 43 5
16 10 11
2 42 26
6 3 31
16 59 4
44 52 32
17 52 4
10 15 34
34 22 31
14 35 21
47 53 1
3 26 22
42 6 25
35 4 30
37 28 34
43 2 27
4 6 16
22 1 28
23 55 6
15 18 38
31 9 11
24 35 18
33 33 25
7 55 5
41 26 29
15 26 28
42 1 20
51 44 35
39 52 10
12 22 4
48 2 34
23 42 26
20 38 4
33 8 31
47 6 23
42 30 28
44 41 36
22 4 17
33 19 26
16 4 27
9 24 2
54 9 7
11 42 31
7 33 13
22 6 8
20 5 16
29 18 35
21 32 13
22 30 2
23 6 39
33 23 24
3 26 13
38 48 10
33 19 26
47 27 16
48 32 18
21 40 10
46 58 14
8 12 18
8 29 34
7 22 24
7 10 24
14 3 31
28 10 36
41 56 10
53 34 7
20 44 37
2 59 21
10 55 14
54 7 28
34 49 30
14 24 1
34 2 36
50 51 24
35 49 21
47 49 7
35 52 18
50 49 2
25 31 36
16 6 33
27 32 18
3 23 8
4 38 24
40 51 11
41 3 25
35 16 25
17 7 25
43 27 22
15 13 1
43 43 22
14 55 36
54 35 32
28 57 26
14 44 30
50 41 8
29 13 6
50 10 40
30 10 28
48 55 11
38 39 6
35 23 7
49 30 21
3 11 25
25 34 14
6 8 22
29 28 18
14 31 29
14 54 30
7 50 6
20 32 19
54 28 13
37 38 3
11 3 35
49 17 29
31 17 27
44 32 36
25 11 25
26 33 9
24 43 11
33 55 17
43 35 21
21 39 27
9 17 18
36 21 39
44 13 20
28 14 19
51 47 37
54 13 19
42 21 37
44 27 18
48 37 5
48 7 37
45 57 12
44 37 21
19 56 26
24 43 26
22 43 10
30 52 27
52 21 40
25 36 14
44 6 18
19 46 28
51 36 10
16 25 21
31 1 37
10 29 29
32 4 1
37 44 21
27 40 6
9 11 25
54 34 16
52 4 37
5 1 15
44 56 3
34 22 12
6 4 18
24 13 6
35 42 24
11 56 36
36 59 9
9 7 11
3 54 35
23 2 27
47 20 9
16 28 38
8 4 3
54 51 15
18 12 33
37 51 34
8 33 37
25 26 9
48 53 40
44 52 8
21 53 34
44 39 29
36 46 11
36 20 14
51 36 8
29 47 36
11 23 38
39 19 12
48 56 38
43 1 23
35 55 23
31 54 27
6 57 13
31 12 33
36 47 37
50 29 17
4 16 7
31 20 5
28 22 28
26 7 18
8 17 28
4 13 38
33 37 3
16 18 32
38 7 22
51 27 26
29 22 8
22 48 30
24 4 7
16 58 34
12 21 4
21 9 19
17 51 12
36 1 11
42 5 25
50 50 18
21 8 23
9 49 13
39 46 24
29 39 7
17 32 7
45 40 32
42 52 39
15 46 16
14 29 13
41 53 27
39 14 36
22 20 4
51 32 6
16 47 32
52 37 10
32 39 38
28 9 40
52 10 38
9 58 39
43 32 18
32 26 32
16 52 5
45 25 15
26 33 1
24 5 28
15 4 21
44 41 5
20 25 14
54 18 37
7 27 23
41 3 23
33 30 15
26 41 19
14 31 1
14 25 7
31 37 5
1 52 12
33 3 21
29 3 1
45 14 14
40 21 39
50 58 1
42 5 1
42 15 16
29 15 19
38 2 26
7 29 20
45 33 13
21 45 24
1 52 14
32 30 11
41 14 14
20 6 39
20 4 36
28 40 12
37 25 36
53 26 8
3 40 1
20 39 22
38 49 5
13 50 27
36 7 22
53 11 30
30 59 39
45 26 21
29 12 21
50 15 18
25 28 4
18 45 24
42 8 1
49 13 34
20 18 2
5 2 36
48 11 37
37 22 27
40 40 26
42 13 2
3 19 26
37 13 37
25 15 28
16 6 23
31 57 10
54 18 18
32 52 23
19 49 20
44 7 23
45 55 28
19 3 12
5 35 8
1 53 8
40 1 5
15 34 17
3 34 15
8 31 27
15 35 25
4 25 29
43 47 29
51 7 28
35 2 12
5 56 9
17 38 16
47 27 38
49 54 24
47 4 4
51 47 17
7 10 9
6 15 37
18 54 9
7 32 18
38 9 32
31 58 23
12 16 7
41 17 8
12 12 5
46 24 32
54 17 9
23 24 11
8 49 12
43 10 22
15 38 34
27 12 28
25 34 21
9 1 19
51 25 37
6 51 36
31 11 15
32 52 34
15 21 35
48 23 36
51 51 12
4 55 39
53 39 27
3 50 35
30 21 6
43 35 30
41 25 26
7 56 40
31 47 14
22 55 21
36 26 32
35 54 14
31 24 16
17 26 4
13 46 32
21 59 40
42 36 10
30 9 18
50 34 36
42 28 12
24 39 15
8 31 37
49 18 39
27 2 8
48 56 22
30 55 25
52 37 2
24 29 13
6 12 33
35 32 36
31 2 2
16 14 15
17 56 38
44 31 30
46 48 33
11 50 9
44 25 32
42 20 24
33 8 10
6 17 26
25 28 30
27 56 14
40 17 24
17 27 27
39 36 14
22 42 1
3 29 25
1 26 5
38 38 7
14 38 20
46 29 15
9 30 12
17 46 37
28 27 6
41 49 14
51 7 28
35 43 35
9 52 8
26 58 5
20 48 27
23 8 3
1 19 40
15 55 33
48 14 39
2 35 14
47 54 25
30 4 27
38 54 1
36 14 24
44 34 32
14 14 34
39 55 31
41 50 7
11 32 2
43 50 13
34 28 28
13 29 33
49 25 13
4 47 3
13 23 35
30 35 22
52 33 14
19 52 27
14 2 34
4 26 28
51 10 4
2 34 19
30 9 10
46 25 8
27 56 21
22 12 25
42 24 24
10 17 7
28 2 10
39 28 31
11 49 12
27 50 24
14 6 16
14 40 14
45 57 34
49 23 22
39 12 21
4 31 1
1 15 7
27 36 22
38 28 32
36 49 36
24 42 20
29 44 6
21 5 5
5 11 18
7 27 29
49 21 6
43 11 23
39 34 13
15 8 22
16 37 21
34 17 29
34 44 26
30 4 22
26 46 25
21 31 8
25 32 30
28 50 20
43 5 30
30 35 4
24 4 29
46 59 3
51 57 38
7 42 2
41 1 5
27 39 9
14 44 23
29 50 23
27 22 24
27 15 17
35 43 37
19 55 21
30 27 31
2 48 26
33 10 38
7 45 30
13 47 35
17 44 7
16 22 7
32 39 28
10 19 32
50 10 22
27 55 23
46 50 1
14 42 6
18 2 33
39 34 17
23 54 33
28 34 12
7 41 35
27 45 29
6 11 33
34 20 5
11 24 2
5 51 29
40 49 8
10 6 14
40 46 25
41 51 29
6 29 33
46 52 13
29 1 11
4 50 26
33 45 8
49 57 12
26 53 8
39 55 20
27 54 40
54 21 14
3 38 15
36 49 32
39 33 15
53 11 11
27 42 13
3 34 3
12 26 39
48 48 22
35 27 4
35 39 29
31 7 38
9 22 24
46 51 34
34 16 17
34 46 26
52 38 33
9 53 33
8 6 17
3 12 39
44 35 2
27 48 2
13 46 21
51 11 39
21 7 2
2 26 22
41 52 40
22 55 22
38 19 17
10 31 32
20 5 17
34 30 27
35 18 4
51 52 19
43 8 1
10 38 38
54 57 29
19 52 29
26 55 15
9 39 38
19 16 17
44 31 20
2 15 31
1 59 12
33 46 39
40 8 40
6 28 31
21 57 26
23 52 1
17 13 5
53 53 8
23 36 2
17 56 16
34 50 18
12 1 16
18 12 20
31 43 34
21 20 4
17 53 27
29 16 30
43 12 25
41 53 8
22 25 23
18 25 15
42 12 4
23 54 27
11 38 23
46 52 39
26 7 40
25 44 4
47 58 3
36 46 14
21 21 12
17 42 40
30 24 4
20 36 17
32 6 6
12 56 17
16 37 32
54 50 14
39 21 22
17 53 14
29 25 21
24 32 35
1 48 26
11 36 29
3 46 26
35 20 35
35 43 26
34 36 9
42 23 3
24 24 30
39 12 7
6 12 38
23 30 5
13 5 18
15 16 2
54 25 7
9 31 14
7 46 10
3 38 20
18 4 37
34 16 17
9 41 12
37 50 28
32 43 9
4 47 15
53 42 9
48 52 7
41 28 4
51 54 17
12 19 12
34 14 7
26 30 6
27 29 4
12 6 14
35 41 8
2 55 36
11 29 21
54 23 38
21 35 39
48 49 1
30 31 10
17 2 20
34 21 18
39 24 13
23 57 40
12 16 13
15 22 14
14 13 25
4 8 36
38 50 38
1 30 31
13 21 22
23 1 6
48 7 36
21 43 25
6 41 30
18 46 2
32 44 3
43 3 19
41 51 15
29 33 20
53 36 39
43 51 22
35 5 22
15 17 1
45 9 23
11 51 3
21 14 14
45 31 16
3 5 33
12 34 39
54 57 14
36 51 24
11 17 24
22 47 27
15 1 21
40 5 21
4 17 40
36 6 21
32 16 29
49 19 9
36 23 4
43 7 27
28 58 5
23 28 11
14 1 16
40 11 9
35 27 18
43 36 23
13 47 1
52 13 6
48 49 35
42 50 2
37 58 33
38 39 37
18 51 2
11 31 7
50 44 35
2 32 18
5 31 23
39 7 21
9 3 25
24 16 31
31 25 30
15 16 19
35 33 8
12 48 37
28 23 2
9 33 12
23 23 34
32 10 30
38 2 38
7 14 34
42 34 7
43 6 18
13 46 36
40 30 19
32 16 35
53 39 27
46 17 6
43 2 29
20 1 13
27 21 17
27 28 21
22 39 29
38 45 36
50 3 25
3 12 10
49 44 1
44 44 5
15 18 22
39 21 1
15 46 32
38 10 33
43 25 34
54 17 31
26 1 10
19 26 2
11 59 7
16 5 22
19 36 11
49 17 27
21 3 29
44 4 32
40 12 2
5 43 4
18 23 13
9 40 33
9 31 14
10 40 4
32 28 11
54 42 21
47 57 10
12 13 5
12 34 27
14 14 33
11 6 28
12 34 11
29 44 11
50 46 16
1 55 15
26 45 14
28 42 32
11 18 9
49 34 31
32 9 29
15 2 38
1 51 22
10 13 19
12 53 37
18 44 34
48 33 24
30 13 11
26 6 33
33 47 31
39 48 5
29 2 20
40 44 16
50 25 12
45 46 5
8 33 11
22 1 20
33 22 38
10 43 14
22 36 26
25 40 18
21 15 13
12 17 22
15 26 22
15 48 2
51 13 29
34 4 20
9 18 26
10 14 18
33 17 8
29 31 7
34 4 3
18 16 2
10 36 4
16 24 22
26 28 16
35 45 9
41 1 19
35 4 2
21 42 20
14 29 37
26 17 7
24 40 26
38 24 38
1 2 25
45 48 40
50 29 18
52 37 10
17 37 26
20 33 35
25 8 30
29 39 14
4 12 22
20 24 9
52 2 17
32 16 25
51 27 20
44 33 34
23 2 19
4 26 10
6 58 12
49 36 37
45 36 39
47 9 39
48 33 40
22 48 34
26 10 24
4 42 30
53 29 33
7 17 24
42 49 13
5 34 22
16 58 20
23 31 32
46 26 34
36 37 15
36 25 2
44 1 4
1 6 3
13 20 8
11 59 28
24 50 15
27 11 3
12 52 4
23 36 9
43 16 7
5 52 11
43 59 21
1 1 16
17 21 36
29 5 27
4 34 10
13 42 1
30 48 8
29 41 28
34 23 4
12 57 19
50 15 32
11 38 7
1 26 24
15 3 10
20 44 1
22 29 9
50 31 18
40 37 3
52 16 33
38 40 5
3 31 10
29 29 25
6 25 27
22 28 18
35 48 14
42 43 12
39 8 1
18 29 25
36 49 17
42 7 29
47 7 31
48 21 13
7 25 32
38 47 33
32 1 34
45 16 24
40 13 16
35 59 26
11 7 17
5 50 23
40 28 26
42 2 16
36 30 16
37 4 1
44 2 29
18 12 36
34 47 5
1 45 32
41 45 3
21 52 14
44 56 1
48 45 2
7 44 1
14 7 1
40 38 1
15 1 34
46 43 38
12 45 29
50 2 5
25 10 38
49 52 27
43 23 25
53 25 18
21 20 31
45 47 3
38 24 34
29 16 10
32 42 34
46 59 5
49 26 29
47 53 22
29 37 10
28 54 29
20 40 26
31 31 40
15 16 32
29 27 1
51 57 33
24 48 29
51 21 23
3 31 33
9 40 36
13 47 36
50 46 2
13 9 1
25 10 10
53 3 28
5 55 22
43 44 9
41 43 4
13 55 16
8 10 7
38 32 38
27 27 6
24 10 32
23 37 26
34 50 10
25 29 34
38 55 3
39 21 13
31 42 3
39 59 21
4 43 30
34 2 24
33 9 29
16 13 33
45 7 3
25 32 9
21 8 10
20 19 23
13 3 34
12 6 2
54 56 19
9 51 30
39 12 18
35 58 8
38 33 16
54 40 9
11 33 27
12 43 35
4 5 24
18 42 2
13 4 30
49 58 26
37 56 27
20 12 23
36 28 6
14 45 30
26 20 40
41 44 33
34 53 39
2 52 33
48 38 31
53 45 14
13 50 8
6 28 17
2 41 16
37 43 20
21 49 32
4 2 14
25 5 39
9 7 6
53 55 2
36 28 10
47 5 14
42 46 21
38 21 36
15 17 14
47 39 20
30 59 27
43 37 35
47 51 38
38 25 4
35 9 22
2 2 23
21 32 39
35 37 38
40 51 4
24 25 13
9 2 5
37 41 25
23 9 3
13 22 31
52 55 25
16 14 20
49 46 40
18 47 10
12 14 28
30 37 33
4 33 31
49 59 33
31 11 3
41 22 37
5 26 22
9 28 29
14 10 34
38 12 26
5 11 27
41 9 34
33 11 20
19 17 14
26 22 16
28 38 39
13 50 9
6 58 4
16 3 37
40 28 40
21 17 3
16 32 25
22 52 27
30 9 31
23 46 23
2 55 37
26 27 3
34 26 9
15 32 22
40 49 20
23 11 23
40 23 35
23 5 37
15 24 26
14 11 36
33 2 12
50 34 37
18 39 13
25 54 15
2 3 37
38 4 8
15 21 7
31 19 40
53 17 24
28 40 13
38 51 21
42 43 27
49 20 12
48 23 25
17 53 12
17 22 13
5 59 31
10 35 24
53 19 12
30 2 16
27 15 33
31 56 16
27 48 26
16 59 27
2 47 32
21 49 6
41 48 17
1 42 25
22 47 5
28 4 30
27 46 33
23 16 9
40 4 7
18 48 6
50 12 29
33 30 21
51 20 6
11 23 36
9 10 6
51 18 18
31 39 29
39 45 6
8 3 5
29 43 35
10 41 7
20 53 30
22 50 33
48 46 6
23 25 36
2 25 27
52 52 29
45 44 36
39 20 12
45 54 25
48 20 32
14 38 17
3 41 5
29 2 7
1 53 36
27 13 17
13 1 7
45 38 35
42 4 14
27 56 18
1 40 25
31 54 36
34 57 39
32 32 22
9 35 28
36 7 16
10 53 15
22 46 4
36 1 38
38 54 35
34 46 3
23 56 20
6 52 14
10 15 16
12 56 32
17 31 1
44 8 40
2 14 27
36 3 15
42 43 6
44 51 9
45 26 7
51 22 23
25 59 9
7 18 14
31 35 16
49 46 22
18 42 17
40 29 14
44 5 7
15 39 15
39 23 6
24 1 2
18 47 36
47 57 16
19 46 33
44 3 38
49 42 40
3 43 27
52 46 19
24 46 10
3 56 21
11 26 30
28 34 9
22 36 33
48 44 15
23 47 38
12 38 33
25 53 26
10 3 22
22 43 14
24 43 14
8 17 2
27 6 20
32 34 11
44 59 14
17 8 33
36 40 16
27 54 7
53 25 8
50 4 21
39 1 40
22 44 19
26 37 12
21 10 33
51 56 5
40 59 14
41 59 10
53 41 6
18 55 2
15 23 17
12 47 1
30 14 7
48 3 26
30 20 26
22 1 19
7 39 31
26 20 14
32 52 25
4 27 38
24 42 38
32 52 5
8 5 16
15 42 13
38 23 32
23 43 18
25 36 26
13 37 16
11 50 6
29 51 40
41 36 3
39 14 16
22 8 28
38 20 40
32 16 11
26 37 16
45 35 33
14 35 37
24 29 36
18 42 6
14 14 13
41 7 13
19 49 23
8 15 37
35 55 15
31 10 15
42 23 24
25 1 39
29 38 32
5 6 10
43 13 39
46 8 1
31 59 25
7 26 31
39 5 17
11 11 36
7 51 31
7 13 8
40 33 13
19 52 34
13 13 12
41 7 24
51 24 31
25 21 4
43 4 40
5 16 33
21 16 12
1 34 26
52 5 32
47 49 9
3 39 35
44 3 11
25 21 17
22 32 33
6 23 26
19 4 4
14 13 23
44 34 13
26 5 34
24 58 31
4 2 19
45 1 32
11 11 15
6 45 26
32 8 38
12 53 17
11 16 37
5 45 26
4 13 10
51 37 29
5 35 26
6 1 26
7 27 10
23 55 36
19 33 40
54 12 14
22 47 27
46 47 12
48 15 40
35 26 14
50 43 10
27 14 6
27 53 39
18 3 13
26 7 35
22 6 26
21 4 10
24 29 19
52 13 23
43 38 5
5 44 33
18 23 15
32 32 4
54 55 3
9 37 6
7 25 22
31 3 13
47 6 23
25 49 40
18 59 39
42 47 24
46 25 12
2 53 24
49 7 3
31 36 20
52 52 1
10 1 30
26 33 37
4 51 21
21 9 35
13 59 3
54 47 26
50 17 17
39 32 30
44 28 15
28 6 16
31 44 2
10 13 6
54 3 26
37 20 21
34 55 25
39 59 33
22 54 30
18 39 7
51 31 26
22 44 30
18 15 23
19 41 34
34 14 37
51 58 34
5 48 15
40 34 10
47 11 24
42 3 12
22 50 7
47 47 39
17 26 6
16 11 23
41 23 32
2 58 20
16 26 20
34 48 8
26 33 4
45 54 23
23 46 20
49 45 3
36 19 18
7 41 1
44 36 19
26 3 20
42 32 28
50 16 40
9 34 1
30 46 39
21 7 32
14 10 4
35 52 2
4 59 7
12 16 39
14 18 26
42 53 17
41 9 22
27 37 28
36 29 13
26 47 38
53 44 12
8 30 34
22 9 4
19 20 5
9 47 7
54 21 12
42 28 33
37 52 26
10 29 39
39 27 14
28 58 4
45 14 14
15 19 18
6 19 27
40 19 4
38 23 33
17 53 11
4 47 37
44 26 2
12 17 36
54 15 21
16 47 16
4 31 25
1 1 27
8 28 40
44 10 12
11 8 38
11 25 17
49 46 24
19 52 15
21 47 12
31 44 7
44 30 15
23 11 14
51 7 27
18 37 25
41 32 9
1 9 30
54 21 14
28 14 3
52 36 8
21 13 31
27 47 28
8 49 2
28 41 1
28 35 37
39 44 17
13 36 16
18 49 18
19 28 37
6 22 13
25 56 16
40 38 10
48 31 27
38 4 37
19 10 3
52 17 33
35 54 27
38 16 26
29 5 24
15 47 32
5 24 6
42 22 22
23 53 22
37 29 29
43 27 25
54 52 21
22 4 32
35 31 33
8 32 6
30 28 1
40 19 22
48 46 17
47 7 21
10 25 3
7 9 3
16 6 19
48 10 37
33 28 9
2 20 35
26 40 24
8 6 4
22 6 28
41 23 40
49 10 16
4 27 13
8 40 8
25 57 1
28 5 13
51 18 21
48 35 38
38 56 23
19 13 4
48 27 16
5 58 35
33 15 23
11 29 15
40 19 5
26 39 40
11 34 31
42 55 3
4 48 18
33 32 12
52 45 38
50 45 18
20 6 12
7 25 40
28 47 25
16 31 8
19 55 40
28 25 1
46 10 5
38 10 12
10 58 17
3 33 37
52 39 1
50 26 20
38 6 27
41 51 20
22 9 29
7 29 17
6 33 26
12 21 34
36 7 25
41 50 15
40 18 17
11 43 2
52 33 16
40 43 16
31 36 17
13 41 17
50 18 35
51 54 16
16 6 6
32 48 22
1 26 7
23 32 7
50 6 13
14 1 27
33 12 37
18 2 21
47 43 5
49 57 31
9 26 21
8 19 35
42 10 25
16 6 24
34 44 23
18 58 16
32 9 37
43 53 24
33 40 14
13 54 32
24 11 28
30 11 3
39 7 40
7 5 8
47 56 3
52 31 23
49 7 27
2 58 4
18 39 33
41 29 33
1 47 40
17 48 19
45 2 11
19 3 17
23 12 11
29 38 32
45 30 16
30 44 5
2 41 12
44 10 7
17 45 40
32 4 10
15 44 13
24 10 12
28 46 26
36 31 25
11 26 26
9 2 31
48 51 29
15 28 4
54 57 29
37 28 29
8 7 37
13 12 2
48 38 10
3 8 8
15 13 24
41 59 24
7 57 27
13 44 27
6 18 18
16 23 32
42 35 19
22 36 3
3 32 23
32 33 36
23 40 36
4 48 5
13 53 7
48 12 34
46 48 37
22 53 7
31 15 26
3 47 24
23 34 15
17 38 16
9 37 6
40 6 21
18 27 13
23 42 22
32 20 1
4 27 39
33 28 16
54 13 37
26 4 3
35 32 17
29 29 34
28 23 13
39 57 31
25 37 11
15 7 21
4 55 39
32 58 21
9 10 22
20 56 37
5 35 11
2 54 35
33 44 4
1 33 33
24 51 8
49 1 34
6 12 36
41 52 14
52 25 34
13 20 7
48 3 11
13 24 40
18 45 14
42 53 21
50 55 14
27 48 22
39 17 36
20 24 37
9 52 7
16 25 33
4 42 2
14 9 27
50 57 16
20 41 8
16 1 22
41 38 8
32 57 5
8 14 33
16 32 24
45 11 35
11 12 19
4 47 20
2 23 2
46 10 31
14 37 32
23 54 33
2 42 10
21 4 33
22 57 39
38 48 34
39 37 2
12 12 26
30 30 4
25 49 9
6 3 10
8 18 38
37 39 28
50 27 34
23 44 8
35 25 11
14 15 25
42 55 38
6 36 37
32 45 13
52 49 33
30 5 28
50 55 33
7 1 40
32 20 34
51 29 17
25 45 9
16 11 27
34 35 25
40 5 15
16 6 36
17 36 24
3 48 33
37 55 35
35 48 31
17 9 37
46 46 38
38 13 11
38 27 33
42 30 16
23 49 27
49 4 9
34 10 10
25 22 34
54 16 36
30 11 19
40 39 22
49 37 36
30 6 12
48 11 34
40 48 21
43 38 25
30 17 3
8 52 8
34 49 5
23 16 24
30 38 14
47 35 18
43 16 7
6 50 19
2 44 31
32 13 18
9 44 32
50 42 20
36 40 38
30 43 20
16 44 37
2 59 26
21 45 25
43 42 5
23 45 1
41 58 21
2 10 37
35 42 39
38 56 22
10 56 19
50 15 24
29 44 30
17 13 9
10 27 26
49 41 30
7 5 34
19 32 35
37 17 36
52 42 19
43 40 25
35 41 2
51 13 36
4 26 35
53 15 29
26 44 7
33 57 17
39 3 16
5 51 14
16 3 23
4 9 39
35 40 36
37 39 12
12 5 6
21 3 32
43 56 22
22 23 31
43 17 22
8 24 21
30 50 5
25 40 10
51 24 38
11 2 32
31 54 20
43 11 24
51 37 24
2 24 13
2 8 29
18 57 26
47 57 12
51 35 24
33 20 38
32 37 35
46 21 12
40 49 23
19 19 25
12 39 10
3 42 22
6 33 37
9 55 9
16 54 24
7 17 9
22 10 17
19 8 27
50 33 40
12 26 3
48 35 10
4 32 14
49 49 38
16 53 19
42 39 17
31 22 32
31 25 29
43 17 22
16 51 28
17 6 19
45 33 19
30 33 10
22 52 38
10 38 4
43 39 37
31 47 40
52 39 23
1 17 28
19 53 2
26 23 28
9 2 28
33 29 15
42 23 1
11 32 16
51 35 7
49 7 30
12 46 3
22 32 28
30 8 8
4 59 5
1 34 16
3 54 24
54 18 2
5 35 6
20 58 25
25 10 25
17 13 34
7 33 10
30 27 19
48 40 27
38 10 15
3 2 28
50 45 17
25 7 12
6 25 17
48 1 5
26 47 1
11 23 29
37 53 36
3 40 17
49 23 30
12 16 14
17 43 27
40 32 23
36 33 3
34 46 11
42 57 16
25 4 10
39 51 32
5 12 36
5 24 26
33 8 27
29 56 36
19 39 15
40 58 32
21 41 11
31 36 1
25 8 17
29 41 27
48 7 3
28 2 25
30 56 1
5 44 32
2 20 11
24 39 16
44 50 39
15 13 8
2 27 31
30 18 39
25 53 34
50 29 32
27 6 23
47 34 32
29 48 39
53 1 9
7 41 20
29 5 35
17 39 38
4 35 39
40 43 34
18 20 33
28 31 35
38 23 25
44 38 21
51 15 39
29 43 12
31 32 5
17 4 10
24 47 33
7 13 36
45 50 24
41 19 6
36 7 13
42 55 7
36 15 36
37 35 39
23 29 36
22 3 19
13 45 16
14 38 17
6 14 30
31 48 24
43 55 34
31 18 1
29 51 6
8 41 26
44 47 33
45 59 33
41 17 32
51 54 20
49 53 40
27 38 38
31 10 20
36 45 13
33 55 5
36 32 32
53 45 8
7 12 22
22 15 25
18 57 38
24 47 29
6 36 37
49 37 11
29 54 25
48 41 36
10 17 13
35 17 16
43 47 10
26 29 29
34 24 7
28 49 6
22 55 35
13 47 29
14 38 22
21 51 15
7 6 31
1 51 1
50 26 30
35 28 13
50 59 11
39 51 40
37 52 25
53 27 3
8 3 35
22 20 38
47 14 10
13 47 7
22 38 6
20 10 9
15 33 22
2 14 34
35 5 4
24 4 13
12 43 32
46 38 18
54 25 13
41 6 12
22 16 3
44 39 19
50 20 20
48 44 10
38 45 31
11 40 39
24 54 15
15 34 20
42 56 15
43 18 9
40 35 8
40 13 12
48 32 39
5 1 28
10 32 29
27 49 17
4 39 7
51 56 9
43 28 31
2 21 30
34 48 3
11 35 3
51 47 25
36 25 13
28 13 20
36 12 26
3 31 39
41 38 40
13 56 3
18 47 17
7 35 16
39 52 32
38 32 30
28 57 6
4 4 26
52 24 20
11 12 4
27 33 30
25 13 9
14 12 34
26 33 38
17 54 28
9 34 9
53 28 8
27 48 36
26 12 13
50 55 12
30 56 4
13 47 4
48 21 13
30 28 30
42 2 37
42 39 27
28 51 32
36 10 26
22 56 32
45 29 38
42 25 33
3 42 13
25 39 11
41 41 19
6 10 36
33 5 8
31 42 38
38 27 33
43 24 17
30 42 34
34 56 40
41 26 34
28 21 28
3 31 13
43 2 36
14 59 18
49 39 30
12 15 2
50 19 8
15 5 22
52 11 7
8 11 2
48 21 34
22 59 13
7 20 17
3 34 11
20 28 6
41 9 3
48 21 25
13 1 14
26 4 3
47 37 25
14 59 33
10 50 28
49 10 12
20 39 14
43 9 34
33 25 12
8 37 26
34 21 25
41 47 9
12 28 22
17 55 20
5 18 27
18 34 26
45 50 6
54 13 33
34 19 40
50 38 16
31 9 33
44 58 4
28 2 17
46 13 23
49 40 20
22 21 36
30 14 10
12 56 28
11 36 34
25 22 8
18 4 39
32 37 2
50 30 4
44 35 26
26 12 26
36 21 38
33 21 31
26 14 29
7 19 2
45 51 33
40 17 39
12 28 31
28 20 9
15 51 35
48 53 29
2 46 1
11 39 25
16 33 25
15 5 38
43 1 16
42 1 11
3 15 20
6 19 38
15 55 23
24 22 20
17 42 36
54 59 32
20 32 3
23 56 7
16 31 11
16 9 32
18 26 30
23 4 33
14 55 3
51 54 14
9 50 24
28 40 36
48 56 24
53 44 4
41 17 24
12 43 34
42 48 16
22 56 30
44 41 27
43 10 26
44 53 28
48 1 18
44 56 11
50 24 25
37 56 24
43 43 6
21 17 3
51 18 29
31 33 27
15 45 7
5 53 28
24 13 31
9 29 34
40 59 33
19 10 2
37 42 11
30 55 29
14 15 25
44 14 10
8 24 2
7 13 18
13 1 27
22 41 5
45 21 25
50 17 35
31 40 4
39 36 31
46 27 34
42 45 36
10 56 12
30 14 9
13 23 16
39 27 40
4 41 26
9 20 12
32 49 18
18 23 25
2 58 40
4 19 10
8 30 25
42 48 18
53 7 14
3 55 37
32 44 34
2 18 26
11 9 31
14 42 38
21 56 20
54 56 12
11 31 8
33 9 7
18 50 21
29 32 21
17 44 2
43 6 17
29 22 11
4 9 17
31 17 12
16 11 14
26 57 17
17 54 17
37 5 22
23 49 1
50 46 40
28 25 3
1 18 5
5 53 6
5 14 30
48 29 39
27 1 24
14 51 29
2 56 28
41 27 34
21 37 10
11 59 9
30 1 36
40 37 32
29 10 36
34 44 6
41 57 40
32 56 38
9 18 21
42 38 19
1 50 11
24 37 40
31 6 17
35 38 33
32 8 30
10 9 19
41 39 25
10 48 19
11 2 23
10 16 2
28 39 1
38 26 30
35 4 5
31 23 28
15 33 31
5 29 5
5 39 16
53 59 35
15 26 39
36 22 21
1 47 34
15 8 37
15 14 21
10 33 19
31 13 34
51 39 34
33 48 18
14 4 12
3 20 27
21 48 8
11 12 23
21 46 15
18 6 19
29 40 9
33 18 21
13 34 10
27 54 28
15 19 9
12 47 15
50 22 17
27 34 38
44 17 14
30 57 19
10 57 35
25 45 25
4 6 30
12 37 7
32 3 2
28 4 7
45 21 7
11 9 23
50 36 31
38 21 4
5 7 34
23 10 9
52 32 4
42 59 27
50 36 21
50 1 37
2 57 29
45 21 40
8 10 19
38 49 21
30 57 10
37 9 24
17 28 24
3 11 35
52 51 27
20 40 8
22 18 12
33 29 38
6 25 33
2 35 24
38 48 1
23 52 32
30 18 24
29 23 4
3 22 1
45 32 16
25 56 36
15 35 18
7 18 18
7 22 34
13 23 3
27 32 40
18 52 1
21 28 8
37 34 1
41 5 8
43 13 3
38 12 23
51 55 34
21 52 2
8 42 21
44 45 40
37 56 34
2 23 2
33 43 6
20 51 9
36 39 6
8 13 21
40 24 31
22 48 6
2 59 7
54 31 22
9 10 1
16 59 4
12 27 5
13 54 18
53 3 20
51 48 37
53 39 25
18 10 21
52 54 8
27 50 15
29 38 37
32 37 39
14 1 23
25 3 3
52 24 34
18 12 38
48 31 37
15 51 7
26 23 6
27 22 36
7 2 12
19 53 36
51 6 33
30 14 30
9 38 24
10 39 36
18 58 33
13 31 19
48 13 2
30 32 27
23 42 27
22 41 4
21 36 28
46 44 40
9 6 38
24 22 40
12 21 23
32 17 39
47 35 8
44 20 28
13 42 24
9 28 31
32 39 19
52 12 6
14 18 4
50 48 11
8 34 6
36 13 10
15 52 18
41 26 38
9 55 5
18 10 5
32 24 37
42 50 8
52 56 16
29 36 7
36 46 16
34 12 31
53 35 15
7 21 23
28 20 13
13 4 31
26 3 10
46 6 32
33 54 11
31 49 16
8 15 26
10 47 22
4 26 35
38 16 1
38 15 4
34 18 5
11 17 2
27 59 17
34 42 24
50 25 17
53 4 21
26 6 15
7 23 8
27 32 33
41 14 8
47 26 35
23 32 26
36 5 24
23 4 37
25 42 2
46 49 13
23 36 22
47 4 9
4 53 11
40 9 24
30 8 32
10 16 3
6 22 9
11 55 31
20 27 13
37 21 27
12 4 9
12 19 31
22 26 35
48 12 40
1 56 22
24 37 30
7 17 21
13 49 16
33 6 35
6 44 1
37 30 23
48 52 14
54 24 27
9 7 36
41 42 9
49 40 7
6 39 5
32 16 21
23 7 27
28 32 32
16 6 12
24 59 7
12 28 13
4 16 26
6 30 26
16 39 14
38 2 18
24 46 37
28 25 21
52 33 28
38 21 37
42 45 15
35 14 24
22 12 3
6 8 18
24 17 30
13 55 6
22 47 15
8 7 13
53 14 6
4 40 37
33 28 36
15 24 37
52 18 4
26 17 40
7 23 35
15 19 37
26 10 17
8 56 35
17 4 11
14 36 16
52 26 30
22 24 1
42 50 29
7 47 40
42 25 2
35 9 23
30 9 22
38 20 9
7 19 31
9 39 17
11 27 28
34 56 33
21 57 29
38 21 8
33 54 36
35 58 11
35 26 20
25 11 27
13 49 10
11 2 39
30 11 3
30 18 33
14 39 25
35 52 38
33 7 2
16 32 35
47 57 39
1 11 16
3 35 38
21 52 7
4 53 9
34 26 4
11 19 27
14 13 22
41 24 28
20 57 36
34 46 29
24 22 36
23 29 28
26 3 28
4 48 40
54 52 21
31 49 35
40 32 3
33 27 17
32 10 33
47 11 34
19 18 10
22 5 31
45 11 34
23 54 34
1 43 23
11 44 37
3 7 23
7 38 26
9 40 18
51 37 6
38 41 31
49 36 31
9 39 22
46 59 33
51 57 12
5 1 32
50 37 12
35 49 21
49 10 18
13 8 32
20 52 25
36 49 17
43 36 29
6 40 15
39 45 35
42 35 7
11 13 13
12 5 34
17 43 25
32 15 9
19 46 14
41 31 34
17 45 18
42 1 9
23 11 40
39 44 23
14 45 30
1 56 23
8 44 29
3 9 37
9 1 24
12 16 9
25 36 32
18 21 25
45 23 15
48 9 19
38 56 11
15 42 6
54 6 24
22 15 28
27 50 2
11 51 31
54 51 14
34 41 38
24 46 31
18 10 8
7 45 4
36 41 30
36 32 17
15 41 17
26 36 20
19 5 37
31 42 32
10 22 6
28 49 37
25 34 31
24 55 5
11 9 19
27 4 28
7 50 9
28 39 10
34 17 9
48 18 27
31 30 19
51 29 14
3 50 29
44 2 35
21 19 16
38 26 17
36 1 32
43 46 8
18 4 35
9 7 2
16 7 3
19 54 26
41 37 1
40 17 34
6 33 35
3 23 7
19 17 10
25 55 36
37 11 14
37 16 19
37 42 26
23 3 26
12 39 38
9 24 25
16 54 36
35 31 4
12 56 20
25 47 25
47 40 40
46 39 29
27 52 3
36 12 27
53 56 2
11 3 16
5 9 23
34 35 11
20 14 37
45 38 23
53 51 38
20 48 14
17 55 2
51 33 17
24 34 17
25 9 17
38 54 26
12 3 26
32 31 27
6 35 32
11 30 24
46 32 5
15 36 10
18 38 30
28 42 8
51 1 23
20 26 36
12 47 21
17 29 14
53 29 10
45 9 28
32 26 9
25 17 29
48 43 32
43 58 25
12 44 13
24 42 9
34 53 29
20 37 25
46 38 12
25 27 15
34 37 8
20 28 23
7 10 6
42 51 30
8 16 21
53 51 35
29 26 8
36 58 11
7 1 35
8 55 38
18 54 4
13 19 23
12 40 28
1 57 4
42 25 3
16 12 40
28 31 9
2 57 7
18 51 7
43 57 1
27 13 5
23 13 36
37 4 24
39 56 1
37 54 32
3 38 36
23 54 16
27 1 13
29 20 19
31 7 4
32 5 39
9 46 15
28 29 36
34 52 2
9 26 28
27 38 21
46 49 22
41 31 38
14 29 17
47 39 27
27 47 21
46 19 2
19 27 25
12 55 30
30 4 23
32 3 20
25 24 38
46 8 35
32 18 13
9 48 26
43 24 13
42 11 7
28 32 18
27 51 19
50 57 15
12 12 20
14 47 28
2 2 16
5 19 9
53 3 17
10 10 4
17 26 11
24 56 19
6 8 22
2 7 5
22 51 1
6 50 18
33 31 33
40 34 7
41 20 8
20 53 19
16 46 31
16 28 15
4 30 20
54 20 14
52 5 24
53 25 26
10 37 28
16 55 11
15 37 15
43 1 5
15 25 10
1 53 36
31 32 26
2 39 20
46 46 20
9 29 2
29 11 18
20 51 14
7 36 29
12 13 14
45 8 36
54 58 14
31 4 33
