49 84 3363 9050
1072 478 248 4348 3455 3474 1120 1454 3318 519 4750 1260 3540 2067 1072 1054 1194 2636 475 3270 2638 512 969 4062 1438 2834 2726 3208 2699 111 583 3444 961 3240 2818 1089 1658 4697 1133 3679 2529 1453 971 2271 2595 775 2634 2388 4128 476 861 1990 4476 3285 1590 1070 2603 4624 4293 418 978 673 3593 1502 4407 2353 1576 463 441 1738 2921 4340 3190 1869 3394 593 2792 831 43 3213 2814 416 4409 1076 
2850 2602 1787 3114 3885 4536 355 4055 2392 3719 4020 18 527 4263 284 3802 4840 1716 2042 1988 1041 1394 1386 3915 1917 4338 1611 1747 4027 2131 2798 1466 2054 4190 4731 3019 4858 3214 3765 1803 4571 2306 4373 3283 843 1877 1326 1561 1248 3804 3930 3382 3809 2382 3930 1143 4863 3084 4902 2979 1481 2937 210 1376 2573 1783 672 863 1369 1895 4673 3949 2747 1005 725 735 2960 4578 4374 2189 2091 3684 3110 4732 
85 3494 4288 3829 23 446 753 2674 3822 3921 2807 1282 2275 1774 671 535 4034 1486 4409 2120 1046 4105 2045 573 4464 868 1382 3418 3533 4109 2845 3576 2937 4292 4708 619 591 216 3032 2000 135 2593 4536 330 3726 103 2959 2619 4055 2884 1590 2750 518 163 1762 899 3352 637 2195 3986 3205 2205 1700 2073 1639 1263 3136 1127 3804 1551 1201 3784 189 1469 3554 3761 3137 4459 4612 3406 3966 3607 3954 2960 
3077 1660 4452 1283 4580 252 2596 1879 4459 2485 940 1730 2829 4671 768 2639 400 54 2327 186 2397 3173 281 2172 121 3820 4659 26 606 556 2222 1977 1978 2592 4748 852 3340 2777 2563 3601 2247 1701 3341 4240 4291 2726 1019 2132 4902 4772 796 807 2204 1869 1579 996 3793 2903 3512 1709 3606 3800 3976 3971 2916 987 1780 2510 3859 215 1265 364 4525 4311 3441 3765 4262 485 4817 4630 3830 2522 3169 3212 
1702 415 1652 2208 884 3954 3624 3069 1216 2591 173 2513 2246 3043 134 3674 227 1073 3076 4314 982 4874 3502 24 2165 1177 2230 3377 3136 1846 354 3887 867 4241 3376 1956 3479 4451 1566 2713 846 1194 1476 567 731 3989 2238 2944 2549 358 310 2667 1593 1070 1305 2819 565 3447 4506 435 3362 4685 4705 618 4725 1759 1649 4120 4889 940 935 3475 2235 2055 2313 2302 3815 4479 1978 3090 618 4690 1294 1284 
2901 3050 3671 3484 3449 4734 3848 4012 530 3783 147 989 2337 4785 2271 790 439 3891 1984 4078 1249 4880 61 1228 3522 3703 4032 570 2315 4748 851 862 4518 4800 1999 1451 1040 967 3009 2512 2947 911 1325 2715 912 2002 2844 2972 4584 4781 2277 1817 4697 2051 754 3858 779 3525 331 770 4640 2837 1019 3752 2355 840 2938 2652 4821 2190 2014 3507 244 1821 1280 4595 2351 1832 4300 3924 654 3203 3470 1365 
2279 4661 1518 701 4461 4053 1648 169 257 2475 3588 2404 2675 4145 1477 4440 499 408 804 440 2235 2619 3644 3989 604 3048 4055 2509 4518 900 4615 315 3452 1173 3628 2167 2265 421 1807 4032 4876 4119 3868 3339 3074 1589 4265 1335 182 2364 3110 4250 601 1873 2168 418 4762 899 186 3274 2074 1919 1595 433 2027 608 2293 2209 1411 408 1924 1223 2548 2100 378 3335 4084 3713 256 1795 2687 4736 1946 2721 
403 4133 673 400 4569 4265 1730 3062 670 4198 2474 545 787 3457 2166 1985 1958 4075 1565 3948 4892 2394 859 1156 2403 2627 1172 2115 4078 4860 635 4358 3813 186 4817 3895 860 140 1018 3339 3341 2169 4882 445 3036 3213 4674 446 758 4231 935 519 3752 2411 115 685 46 4623 4800 750 4512 2879 750 184 4881 2434 403 1789 2926 2633 1120 4153 3879 399 4018 1132 463 3836 1479 849 1527 2819 4288 2446 
3464 1419 3180 602 28 328 3609 4058 1634 216 1087 272 212 3092 1498 3995 2601 302 429 4212 2720 3939 1882 1370 1437 4138 3462 3790 1641 4033 66 4551 462 2377 705 4874 3263 4665 4392 3875 4772 4174 2764 2886 884 2218 1784 181 3476 2703 2959 2195 4467 112 3028 366 1734 2994 2330 1474 4660 3756 1059 210 3304 311 4375 172 1800 58 137 412 1378 4357 837 4066 1476 2662 630 123 2339 4876 475 4179 
1926 320 1747 1687 570 875 2053 2596 4675 4726 2493 2720 21 1299 246 3119 2670 3346 1916 1874 3082 4221 1652 3519 4236 1343 996 1784 1232 2045 4843 2897 574 4677 4775 3692 3182 2615 2518 4559 1284 3522 140 4188 194 3494 1316 954 3970 1632 3407 812 4772 4849 2211 1949 359 1355 3652 4718 1150 651 3212 2321 152 2166 1317 990 114 1793 4017 1206 1085 3279 4759 4245 4755 3863 3307 1232 1563 2050 534 690 
3705 4642 170 4507 1502 786 2634 197 1843 1204 2608 4265 1980 1423 2908 1825 1643 643 3153 1590 801 3129 3852 791 1510 1256 486 4337 1912 4364 2537 4484 237 253 163 964 3917 2377 1509 1764 2863 1966 2273 1121 2798 3943 1190 2586 4818 1793 4674 951 1028 3565 3054 1558 1095 697 2702 1730 1827 4186 163 4506 4680 3426 1744 1015 2813 4794 1484 3511 923 3852 1506 4110 4537 3017 422 2742 934 1226 233 1941 
1609 3227 147 2600 648 4201 4653 4813 3752 2322 3688 2847 1285 277 3260 2199 3038 32 522 3285 3186 1864 3850 4167 801 3484 2206 1401 3824 2063 2271 2752 3128 1821 4393 2311 2612 2818 474 1529 2863 642 3755 3653 1648 4888 2048 3152 1594 1440 3499 2612 2580 2243 2886 2645 3795 3520 1243 4895 982 178 726 1182 4735 4252 3196 1965 459 4199 4453 2378 4799 4079 2045 1717 1343 1430 755 3382 769 4373 4172 2954 
3336 1647 3567 4050 3858 2142 1920 1287 3902 430 4265 4823 3196 1496 3491 2581 4842 2589 4370 4357 517 4242 3972 1707 1480 217 183 4268 2897 1971 2682 3184 3647 1862 668 192 3733 3041 1804 4708 1652 4728 4345 3275 2961 1681 856 3012 2370 3945 4263 237 1169 3469 2796 4309 2084 1874 3165 1488 1446 2158 4676 3193 4064 1225 2563 4572 158 42 884 2917 3870 1312 4196 378 2965 3607 3746 4166 3812 3275 4718 3750 
708 893 4170 3398 1607 1937 54 3165 2723 1768 2059 3814 2403 1984 2328 4684 982 2986 2221 4082 1677 4271 28 3583 4252 882 158 4643 418 2408 3982 2509 3416 4239 2907 4040 2555 1578 4452 243 4717 1100 3964 3077 4588 4173 3968 3749 4309 1136 4027 1494 3328 1171 2668 4731 4118 1990 3914 2499 4773 4487 307 356 3657 3644 171 2508 3648 4851 1949 1792 1652 93 358 3491 2409 721 869 4868 3359 1314 2774 3199 
2481 4825 1615 1271 1286 2574 4178 3140 4672 4785 409 2126 1159 602 2300 1834 3002 2469 3000 2926 4478 625 360 939 1516 3180 4478 1309 2366 3556 2424 4055 1586 3370 3826 3997 2308 3056 4387 3939 1523 2346 4664 4542 2814 3835 1244 4077 2536 900 3917 2957 3775 245 3192 4213 1630 79 703 2309 4291 2493 384 3122 2213 4684 224 1909 4681 2973 3619 4570 968 3054 3320 3038 1211 1888 336 3823 3804 3691 2993 270 
2494 1819 4656 1867 2479 4706 641 1304 4661 4663 4086 2667 1489 3620 2034 1801 798 1442 3673 3883 4739 4326 3335 4695 3386 650 2083 2506 150 3815 3146 3123 915 4813 4830 3791 1166 1212 4329 4191 1343 2944 4692 3502 4472 4367 4836 475 2721 3749 2688 2887 3731 629 2546 3217 2005 3301 2087 4353 4394 1749 1092 2470 2431 2687 2294 717 554 4636 25 4904 628 1208 1029 1540 3445 4838 2855 2277 4479 4663 4673 4068 
1704 17 4257 4121 1665 1276 3785 3759 4237 269 2240 4813 961 1129 4280 3348 4180 4570 3908 1423 51 1005 236 280 2536 1877 4465 3560 4388 2376 874 2132 1007 2709 3654 2159 2325 769 118 3282 2193 472 2515 2580 3884 3201 3744 4307 2596 3128 3005 3206 1833 4176 55 20 4359 2599 4826 2872 4103 3868 1358 469 4233 470 4844 4057 3559 1448 527 3467 2847 3930 801 4517 2296 621 1767 123 128 258 2246 641 
3045 1978 1728 2987 2788 2648 3840 2567 3987 2092 4126 4342 2390 1735 4821 3489 233 901 365 3689 1335 1358 2814 3622 1302 558 1779 4625 3666 4768 4137 4334 1701 4647 4533 101 1452 4887 839 1847 4611 3392 4650 607 3504 4052 3158 1366 3915 308 546 4231 2456 1717 1701 189 2521 4665 107 4777 2880 2485 4368 2309 4077 3581 1536 3053 4049 104 286 820 4576 2242 1732 2349 3648 2044 3116 2860 1796 1534 3909 4674 
1797 3732 3954 1586 2521 4028 2254 1029 656 4028 3336 1745 3847 3344 1074 4122 998 2851 4017 887 4461 1309 4597 1650 3286 1505 4192 943 151 554 3015 3524 2397 2948 2665 3654 2285 4741 1191 4795 658 720 4200 3326 1654 1005 458 904 1401 306 4695 1460 2194 3340 1997 1983 356 416 775 361 415 1692 3461 3960 3225 4897 990 2732 3188 812 988 2855 1020 112 2355 1330 1399 989 108 2674 2546 357 94 2795 
4354 4283 1153 2819 4165 589 1645 3620 985 3697 4326 1198 3589 300 2548 4010 4215 2183 2458 1387 3957 3942 641 4526 2861 1766 4203 3669 4718 2513 3711 255 4388 2318 4217 177 1519 933 1680 3116 253 1736 4335 499 3864 288 3044 1698 391 291 4736 2615 2102 2013 1263 4416 432 3354 2965 1699 2751 4340 2693 4301 1264 3226 657 3086 2473 1745 3803 3867 857 412 4359 2081 2558 4254 2712 4532 2042 3434 3176 2293 
374 1597 3849 3483 2692 1356 266 3282 3292 4225 303 2900 4640 2477 67 2272 4004 431 2940 3390 463 3517 1326 1974 4385 3224 388 3696 1385 4782 3173 3103 4763 4166 4724 574 4193 1816 3254 599 4101 458 800 3565 2066 2846 2508 3780 3917 3142 614 2193 3366 92 2969 3885 177 4056 3506 774 4031 598 918 4786 2541 2947 2313 2011 2578 3000 3411 3585 3965 1346 447 3118 901 3848 4367 113 1266 3350 1162 792 
3918 731 4592 2901 1913 964 118 2622 2926 4791 4568 396 2507 1300 3771 4516 2226 2908 2936 4633 4046 2247 4248 2777 2864 2205 545 1393 2907 832 4269 2856 589 1599 1361 4707 582 2165 741 2772 2507 994 2745 3175 2946 2927 3433 3873 4414 3104 3145 3331 652 3031 4703 4868 4310 3335 2569 4060 1875 2292 3639 4876 1437 3572 1828 1934 3657 3855 3030 3255 4891 3664 2864 1160 16 3294 1692 4803 3609 3976 3907 3023 
3726 2270 993 962 2621 4666 4027 4878 1083 3602 1579 1759 1417 3219 3467 732 309 4606 1772 3350 2183 2809 2077 1208 2266 1894 600 2677 4586 1214 4296 3690 2673 2442 4691 443 3832 4676 1132 1486 3948 2670 319 3445 111 4583 3747 4467 1335 1391 106 4261 4311 3041 3554 751 2271 1023 699 744 1571 3126 4474 959 1998 1674 2591 1485 2080 3353 4708 3955 1343 3730 4351 3756 1078 2815 2623 3540 1918 1528 2373 317 
4390 152 4577 4875 3396 885 3970 4086 2703 163 3895 1044 4280 1398 4071 2477 4377 3892 4400 3484 3873 3262 4390 4356 2637 3310 1356 737 4406 1561 3283 796 4101 3012 564 520 3684 821 3313 103 1830 4284 735 2598 4164 541 1475 4850 2703 900 2715 1112 1874 1634 1769 755 4567 2882 2553 3501 3121 1652 2816 3977 1106 2803 124 511 571 1766 2647 3917 522 1330 2349 4302 3184 732 322 2447 1235 4142 1279 3365 
141 1268 4652 3821 1341 1557 1637 2727 4693 1607 2739 1812 2182 2264 2126 611 1723 127 3940 2101 1915 2643 2653 3871 1303 2942 1738 1506 690 4702 3029 4413 4877 1130 973 3724 1075 895 4040 1786 613 3026 4352 529 3281 2072 3398 1500 2801 2487 358 542 876 4789 4824 3192 4386 442 818 2676 3500 1175 920 3767 2070 2255 1202 3709 1609 3536 4421 2670 4717 2873 2564 3255 214 3141 2757 2573 745 2338 47 16 
4796 4421 1138 4882 3493 2390 906 3850 611 2576 2162 694 795 4681 3933 1187 2114 4167 1409 3167 3696 2978 784 3668 565 350 1351 1877 3394 2134 2131 2398 1705 4562 3020 271 4401 4744 4607 4234 3602 3084 4689 4554 4237 721 1904 4354 1214 1322 3770 153 1922 1159 2544 471 2522 1992 4240 2155 1120 2269 3343 3391 3113 2511 3725 2715 4445 1593 1119 4728 4535 2105 4234 2272 1544 3752 3931 1035 1249 599 3503 3920 
3811 3171 4348 3293 4341 1457 3590 3432 3390 1085 975 1184 4780 3477 1049 3727 4890 2625 3790 4645 729 1060 2653 521 103 4736 4175 2253 3944 4407 4053 4717 2301 1577 4437 611 326 4027 2300 1712 3059 998 1957 1433 2603 1136 1651 3837 25 2807 708 4542 1155 1398 2751 545 240 3461 1635 3723 2423 2936 761 4227 2863 4852 2992 2404 2547 1005 4551 3612 681 1158 3757 3867 4835 3515 2115 578 1785 2298 4499 489 
4662 3840 4354 3596 544 1806 1259 2471 3830 652 1725 4162 4629 4000 3550 728 67 3868 2681 3010 647 1123 1012 4820 1428 1300 630 2196 1890 3087 473 4049 3920 3938 1586 2898 4423 3137 1584 4877 4188 4818 897 983 2352 4108 952 113 2708 1242 4482 3027 3647 869 3179 985 3194 1067 93 3382 3820 1953 3773 4701 398 3568 988 1343 3375 3120 3205 1645 3674 539 1403 1451 4287 3217 4817 189 2735 405 2928 27 
363 2016 4411 4200 3803 943 2639 1432 2107 4247 163 2067 959 4040 1652 1002 693 1367 3758 2796 3529 532 880 195 2299 1821 532 4039 1465 1411 1018 3148 678 484 3660 3549 1796 1786 502 3833 2056 4611 737 181 982 442 1083 3667 2084 4503 3945 387 4180 3025 2549 2612 1993 3788 4580 3271 2801 1845 3560 1155 417 4874 1506 2198 4226 4894 2388 2772 1489 3205 4752 2975 3012 1700 2287 2820 2630 1055 62 1054 
4598 4770 3006 4887 174 3815 3481 3517 3097 2798 360 4015 3207 2170 3108 1546 2127 1139 2288 4770 3113 3577 2884 1191 2331 2870 2478 1317 4355 1273 2275 984 2877 597 842 4642 2728 594 1765 2164 1838 1370 4553 2406 4371 3073 2782 1314 1104 523 3403 2741 3619 1941 1317 4621 3157 2751 2624 910 729 4670 202 1305 2937 3777 1583 3004 4527 1416 2570 1598 3756 3993 3950 1939 535 350 4104 845 4149 4163 4102 3177 
3595 2193 2946 2064 1766 3123 3500 2785 1597 3090 3231 207 2852 3922 4261 3006 4865 3492 4160 4081 2558 1786 1814 4715 472 1921 2036 1635 582 1995 4702 658 3978 2747 4517 920 239 4313 2978 4427 524 4602 3661 985 4007 4505 3905 4310 4512 1001 2573 2953 193 1033 57 1902 2860 1456 578 1294 322 1114 774 2586 3719 4192 4779 4299 1838 1985 4341 2614 2176 4713 4765 1708 1874 2803 161 4049 3998 3166 392 4454 
2833 979 3263 1840 4676 4111 2249 3426 771 1424 2175 1244 3576 3483 4073 4061 2698 4750 1317 2528 1917 2914 1082 814 2519 470 2233 3802 3119 4551 2043 1777 3385 2263 4345 565 1006 4480 3686 4232 3939 1925 4297 982 1342 4050 237 4474 4356 4011 3540 3600 937 848 4029 3927 1126 630 751 3089 1668 685 510 4240 4425 1866 808 2568 782 76 2271 4845 477 3322 4659 2523 2978 2631 442 3008 2995 3821 4442 1272 
3005 1697 143 2503 958 1300 4568 3899 1398 4908 4490 3989 3162 3987 2459 3567 4549 1132 3988 384 3950 2055 1100 3204 692 1839 4850 1741 4418 2977 4258 4692 2638 1007 3645 2695 4130 4733 373 1728 4294 2749 3058 2723 2117 2748 1125 3916 3051 2437 3095 4537 3026 259 1019 3326 1230 4343 1298 403 1043 2832 4867 1727 3911 3221 2434 1551 3616 3491 1737 2357 2291 621 163 442 1439 419 402 3630 1547 487 2229 1868 
3093 2244 2428 3950 1495 3381 406 433 4033 1634 955 3601 1274 257 3293 3633 976 2037 1379 649 2498 2248 1353 121 2236 2367 2533 3538 1244 2064 4334 4244 497 2409 727 994 4593 3898 3310 470 3134 4791 1797 2568 811 289 4838 4556 815 360 3062 4667 4659 1009 1720 3816 1340 3438 1407 2762 1568 4644 914 698 2117 3767 1620 179 2801 802 24 2866 1256 2061 373 4297 3508 3874 1078 261 1553 3315 810 2225 
4334 2914 4469 183 1987 54 1278 2323 3645 2522 706 1603 2046 3409 936 3779 964 2555 3319 1820 1266 4762 2503 2688 4460 889 908 2410 2138 1798 3448 2157 2208 1803 1516 2232 1231 3542 2422 162 318 3973 787 785 3617 3683 4889 3514 1914 2082 537 2144 3813 917 3309 15 3095 2999 4719 1099 171 4138 1574 3317 4820 4771 4308 2998 3077 784 2706 2101 1686 626 3002 2551 3436 107 2560 4052 2912 2806 4617 49 
1473 4714 4103 3791 4824 3850 1844 2308 1059 122 4352 3998 2021 10 2372 1045 3442 4298 388 4617 3067 1773 2212 945 1157 4795 3298 3647 3120 1811 3465 4358 3527 4297 1097 359 4316 4185 3519 2867 3896 4633 4025 2781 4459 4291 1483 2692 843 633 3042 3346 3185 1297 275 4331 665 2520 1855 499 2497 3626 3625 145 3152 3879 4740 3205 4303 3891 3573 949 3266 4529 466 606 3882 3857 4261 957 3401 2899 3410 2813 
3982 4626 1646 2396 2700 1096 3538 338 1916 941 1698 1795 4651 3382 1482 4503 1301 157 4046 2891 2073 4731 2438 4068 3274 4347 1793 4737 2782 1622 571 2880 1862 3013 408 2988 3593 4584 1592 733 4508 633 1069 4392 2892 3802 59 1378 1964 1578 2826 1837 1093 2049 694 543 4107 3549 779 609 3256 115 2744 1132 4649 2943 2820 1564 137 2427 4806 1124 3536 2039 471 35 3191 3995 603 3797 1460 4261 2114 1708 
4456 4324 1091 3130 4631 4567 2904 4052 2980 2082 1912 1373 777 2860 2099 880 573 3907 2641 4288 883 933 3363 270 3201 3595 4184 4485 2268 3475 3416 3191 1847 1799 133 3725 4271 823 130 4097 1011 445 3570 3759 3206 525 3418 2488 2512 329 186 4316 2280 4541 4044 958 539 2250 3967 3965 4810 1616 3756 764 938 3416 941 819 4370 1482 624 2304 637 1696 3799 1049 1454 1591 1137 4376 1475 1925 442 329 
3941 3678 4383 2259 1634 90 2101 2528 4195 2698 2916 537 2237 835 1045 4020 337 4197 1999 3962 4145 2472 1870 584 3068 12 1353 4719 655 2493 2523 1607 43 4905 2379 446 2397 4311 3330 3216 2902 3172 2104 122 4573 2279 1002 597 4433 3385 85 713 3898 1659 4259 3389 2807 3772 1580 1963 2317 4050 1090 4553 1210 220 1546 544 4423 2693 30 1344 176 3567 3839 4024 1999 3905 4440 1654 1181 4626 3830 3404 
4050 3916 508 4103 2058 3037 1048 1027 405 3518 1704 273 342 1663 1918 788 3008 2039 2572 4638 2254 1759 3270 1063 1514 1600 4625 1331 1992 1083 2417 2657 4278 4829 3989 1932 73 3239 2433 1143 3793 229 3110 2989 3353 3659 2087 2816 903 4137 2307 702 4419 2160 314 1816 2828 4002 1653 916 3026 154 2210 4178 4349 1786 808 3024 1134 579 109 4502 1942 4662 336 1274 2345 474 2461 3478 3682 2550 4378 4108 
3672 1641 3220 3788 3832 2643 1272 4802 3074 2347 1229 1572 94 1181 2832 4479 3337 2854 3925 1644 399 4295 3733 3607 3899 4902 4842 2576 1642 232 2960 1812 2837 1167 3963 1902 2406 2120 221 2954 3064 971 4040 4301 231 2336 3932 4069 3313 2516 508 2157 3611 4193 422 1863 4699 4478 3445 2024 1925 3865 1817 2693 1183 3971 3855 223 4347 2493 2200 3606 1894 2668 3585 3155 291 2257 1163 1398 2159 4851 3991 2916 
3865 215 280 4617 2670 2212 1621 1339 3067 4724 1791 123 978 241 1185 397 3125 2502 763 3486 3288 157 3418 654 1880 1612 2457 277 2807 3480 161 1633 857 2446 4741 3082 4456 4651 423 4148 168 4865 4215 4352 563 2042 4587 1123 59 4016 2635 3358 4280 109 1985 3470 3767 2126 1256 2527 3707 1194 4545 1840 2880 1054 1333 1971 4708 1364 3086 1434 1094 441 849 2630 3352 1053 3527 3744 1223 2998 3257 298 
4519 3246 2614 1383 3995 313 1353 3007 3545 2606 4103 4399 4744 1974 3526 2572 906 4454 1139 90 4695 542 4239 3841 3562 1040 3719 4370 873 1308 2751 792 2103 361 240 1349 3210 2027 3772 572 2279 3131 3063 227 1218 117 3619 1770 4505 1095 934 3712 4756 3154 910 1075 2558 2543 65 1918 405 115 3517 752 434 3871 3650 4006 4327 3937 4664 442 3404 3690 1367 3458 1693 2800 341 2071 4300 390 2409 4409 
69 1755 3772 4014 1935 3498 4721 2483 4028 4350 4147 1070 1602 2189 153 996 3615 732 4232 3116 2736 2142 3756 2522 1974 508 3185 3266 4528 3061 3570 343 830 2923 2858 3951 2714 1077 2884 431 974 3872 4373 4784 993 3521 4778 2915 2604 3341 2182 4291 2934 638 665 650 1400 2573 3660 218 481 1754 1299 4690 1962 1080 589 3728 870 4552 2910 4817 2824 4863 1429 779 2718 2493 2893 4789 1622 4492 4196 922 
4729 4399 4254 3708 1583 583 1677 1464 4352 2185 3188 1927 1764 3454 4157 4805 3684 394 4354 3332 3662 3651 2349 2608 1971 1894 1856 1775 4356 4286 229 3393 4292 2122 2362 4352 1473 1618 3746 58 3709 1389 1400 3346 2183 2368 4441 446 3215 1886 1530 967 253 954 3182 337 2913 1357 580 1184 4036 2697 2839 4830 1623 1512 1880 1710 3454 3902 2818 4425 4485 1515 1648 889 509 2653 238 4440 4905 1966 3008 1112 
3652 2652 3739 1822 3479 1949 4431 1433 247 3099 3432 620 362 2332 4757 2686 1055 3092 3428 1845 1696 335 4410 617 1905 1290 4129 2638 3505 795 3323 2571 3025 2179 3956 1698 1009 2202 2154 1619 2262 2320 3236 4268 3931 88 4827 4896 2196 4682 3986 1569 394 2577 2056 3488 3745 2574 566 3721 4320 247 21 2707 4211 3347 1490 610 4002 259 2812 2519 4204 1518 1403 778 3093 729 561 418 4652 3336 4777 744 
3526 3088 1710 2078 796 199 3182 2987 1593 4531 2116 1813 895 288 337 1152 1006 2143 462 3915 629 3580 3932 4151 3941 2280 4142 380 2147 2649 2493 581 1038 622 337 3015 1408 4678 629 1274 2200 2427 587 3801 917 2729 1074 144 4218 1864 3749 3146 3339 1951 4417 3415 3216 2197 2772 1961 1466 1827 688 4133 4288 3048 244 1642 843 3378 1638 591 1577 4659 3791 3426 4795 3683 2128 1727 1219 1935 3030 4681 
618 87 325 2982 4039 1044 4497 727 1602 3196 1862 610 3294 4387 1320 2003 4818 184 2909 993 74 4084 601 4127 185 2271 2269 2287 1031 826 2415 1519 986 2727 690 519 3481 2500 1958 4183 3517 1333 758 4810 3602 2274 4293 3759 383 2493 2319 3564 927 809 3171 2796 1657 3268 4327 1098 2998 1233 4044 1916 4692 3500 742 359 945 4787 1073 2457 1539 2829 3405 4676 683 1944 512 123 1512 4521 3562 4840 
4561 4038 2730 274 3499 3173 538 2398 1196 4881 3379 3433 919 3148 1855 3624 2883 3129 1932 3905 475 3165 3261 3190 4549 1839 2157 1524 2831 1249 2410 2244 4114 833 92 3266 2346 2004 3207 3983 4763 3643 427 2512 524 4478 3320 4480 4233 3226 533 3344 4552 4025 2703 2670 1902 52 175 1692 3164 3581 3597 752 1792 4508 3098 2988 1436 1619 3106 1733 654 1292 2387 378 1391 3643 244 2313 486 1663 1530 506 
26 41 12
2 47 17
18 64 8
8 78 10
19 23 7
39 24 3
25 5 8
21 51 3
39 38 19
5 17 15
27 2 33
7 13 28
4 79 8
35 7 24
5 75 4
14 42 5
20 61 8
3 51 9
24 26 32
10 77 10
40 29 8
33 15 24
43 73 2
22 50 28
1 2 33
21 80 22
44 47 4
14 9 15
5 65 30
33 73 39
39 31 30
24 42 8
23 47 5
26 41 15
29 45 9
31 69 26
13 73 22
7 3 6
43 69 33
1 8 18
20 56 17
25 2 27
28 8 36
23 74 8
38 28 27
43 46 5
35 33 19
36 4 26
20 17 4
12 20 6
10 37 18
40 66 36
1 54 39
31 14 19
34 18 18
9 51 29
41 12 33
25 15 17
31 61 10
42 11 31
44 57 28
6 12 5
39 79 6
28 74 37
8 48 21
25 6 32
43 4 19
17 30 38
14 48 16
24 73 24
28 57 30
35 36 11
32 31 22
31 21 33
26 27 21
24 14 10
39 35 40
10 79 16
2 77 5
19 42 39
2 32 31
12 11 11
3 24 36
41 53 33
44 62 27
21 62 5
2 62 31
21 73 3
16 20 24
42 19 19
13 80 33
40 28 34
46 70 32
30 59 28
21 4 12
13 41 40
20 61 38
5 56 39
13 51 10
40 70 3
4 21 34
20 7 10
23 39 11
33 41 22
19 48 33
26 77 5
37 11 25
12 15 18
7 1 21
39 41 38
40 58 8
34 55 24
6 79 3
20 38 28
43 81 14
39 47 18
10 56 8
43 63 28
2 69 30
36 12 28
1 10 13
21 42 9
37 66 20
8 9 5
32 79 11
39 77 18
3 24 21
2 68 5
28 2 12
19 53 7
23 46 31
12 31 35
45 47 26
14 10 27
32 30 22
24 80 13
37 61 35
33 16 6
11 22 12
11 18 21
17 60 24
37 6 1
22 34 10
23 3 16
32 8 31
34 77 5
36 67 5
47 7 17
19 26 13
40 16 19
31 28 28
29 33 18
12 60 21
23 81 7
20 73 9
17 51 10
12 51 37
32 41 16
21 49 14
6 70 33
14 60 15
35 13 37
10 40 13
26 42 31
4 14 11
30 82 8
12 26 28
13 69 22
34 24 39
7 57 8
1 37 17
27 63 8
19 16 9
4 11 26
2 72 9
28 71 22
34 15 6
42 1 17
39 60 39
32 68 22
18 51 8
14 32 4
33 20 40
19 44 6
30 81 11
9 62 15
14 52 28
40 26 35
18 48 4
44 28 36
16 71 19
18 17 17
25 27 26
41 36 33
17 13 18
2 22 39
38 78 26
21 53 4
26 68 20
21 8 9
21 48 13
45 37 5
25 2 16
33 8 17
25 37 13
15 54 37
15 64 24
9 38 27
24 64 37
43 6 17
4 19 15
44 57 37
31 10 39
4 64 34
6 47 31
26 13 32
40 61 24
46 79 15
26 11 21
37 40 38
18 27 33
28 65 5
11 71 38
28 42 18
47 45 13
36 17 18
33 31 20
10 22 27
15 61 34
38 52 1
22 81 9
14 59 27
26 5 28
44 63 7
21 9 11
10 82 21
21 51 40
11 33 17
26 65 27
1 61 11
5 72 11
42 4 38
2 40 8
18 12 18
12 50 25
30 50 8
19 41 36
47 56 1
29 6 8
23 74 11
25 27 15
43 16 10
20 73 19
44 80 23
22 40 31
42 13 3
33 57 21
17 28 20
33 19 15
31 18 26
24 10 5
45 16 31
4 52 21
16 76 10
47 47 10
25 44 14
12 65 7
38 67 5
33 71 8
37 43 6
36 71 10
2 81 14
46 20 15
44 20 5
29 54 28
19 66 22
34 19 11
45 9 28
23 59 1
38 60 31
47 67 17
25 34 3
23 31 17
38 29 4
7 68 10
21 38 5
26 10 21
25 9 34
39 19 32
38 64 6
28 49 25
19 47 4
2 43 10
12 30 6
30 77 39
10 53 1
29 9 21
2 55 33
39 62 30
35 56 31
20 44 22
17 20 12
6 65 20
16 75 14
46 19 39
24 27 39
24 39 21
26 20 38
11 50 19
44 64 1
31 4 5
8 59 13
45 25 17
22 37 12
10 30 40
13 16 14
21 51 17
11 14 1
35 33 17
42 11 37
35 50 40
33 63 37
38 66 27
19 45 27
37 55 1
36 41 12
26 12 18
32 20 2
31 52 36
2 74 29
20 79 4
19 3 8
14 48 16
12 78 32
30 1 2
7 80 14
29 56 7
41 58 6
24 10 10
6 6 3
12 33 38
43 81 12
40 30 8
25 58 23
4 34 25
37 82 37
8 15 30
9 67 27
24 12 15
33 43 16
39 11 25
31 20 5
20 31 7
42 22 16
24 54 13
15 21 34
22 8 3
36 78 40
43 44 38
44 38 24
39 18 2
3 62 4
38 62 34
3 33 27
31 23 10
16 38 27
8 58 15
12 70 15
22 13 31
38 4 40
18 27 36
8 22 14
8 2 22
18 67 30
8 58 5
46 39 13
33 66 17
41 15 16
36 57 26
15 13 5
9 44 4
10 68 35
13 36 24
19 23 24
1 38 33
8 50 21
24 51 25
25 14 18
19 5 38
37 7 20
1 59 32
9 61 32
15 41 32
29 63 7
31 10 20
3 30 25
44 8 16
4 43 32
28 9 16
30 26 6
44 31 18
33 8 36
36 56 38
22 62 36
14 49 11
6 15 16
29 51 35
47 77 9
1 38 5
3 50 2
43 11 22
28 4 30
23 13 2
17 81 15
22 24 38
11 73 24
30 66 21
25 37 40
16 26 31
20 70 18
35 53 11
30 33 19
15 10 29
20 52 19
14 22 10
13 4 31
13 19 38
3 72 20
19 75 25
36 50 40
12 4 17
13 16 37
6 75 22
35 60 32
17 21 19
5 17 23
11 22 32
20 10 10
6 69 39
18 59 22
36 37 6
1 3 28
36 65 37
26 53 27
17 80 40
12 26 17
18 7 16
38 59 19
23 10 24
24 80 38
26 20 21
41 70 3
38 12 18
46 11 5
28 60 27
22 41 10
24 31 1
8 78 5
21 17 17
29 59 39
2 34 20
44 77 12
31 64 6
16 61 30
10 16 34
23 21 39
26 37 20
45 10 2
8 49 7
30 33 26
41 11 4
16 79 24
44 79 21
13 16 19
37 75 29
2 5 15
41 8 13
3 61 15
15 57 2
28 60 1
11 6 4
39 22 34
21 59 24
2 79 2
33 51 14
38 66 29
11 10 17
15 49 33
7 72 36
30 10 35
32 15 20
5 25 6
35 65 23
6 62 14
19 3 6
22 9 31
34 55 32
23 82 5
46 7 26
33 13 13
39 32 26
44 29 29
31 36 6
45 44 39
35 44 18
2 77 40
5 68 30
8 22 5
19 42 18
45 18 8
45 46 32
15 80 37
25 42 7
9 6 27
39 13 21
17 51 12
9 67 16
23 28 13
44 57 28
29 17 30
4 37 23
12 60 8
26 46 19
33 54 17
37 52 4
42 71 15
20 31 16
19 16 37
19 23 34
22 8 27
30 62 3
42 57 15
13 50 35
20 82 15
37 19 13
44 23 19
3 50 16
12 50 30
45 33 40
25 14 32
12 17 25
6 27 12
39 19 8
34 37 24
42 11 20
25 55 16
7 38 25
42 50 26
36 21 34
41 13 26
27 14 19
24 13 3
12 82 33
44 78 18
20 48 39
35 57 7
21 11 32
43 32 39
19 59 9
43 53 35
3 11 4
18 42 10
1 33 27
19 57 5
15 53 13
14 26 10
1 14 21
19 57 40
36 23 10
41 55 22
24 56 14
30 4 33
19 37 35
7 21 26
34 78 15
28 23 9
37 20 3
15 7 23
38 69 16
32 3 35
6 48 14
34 59 13
19 30 24
34 45 21
12 47 30
18 59 31
15 7 28
17 60 38
46 42 1
28 66 24
22 13 16
39 14 6
42 43 6
4 35 24
30 15 13
1 59 23
44 68 39
24 74 5
41 80 7
9 60 29
31 27 29
27 42 24
47 64 26
31 16 21
32 27 7
29 70 8
28 57 12
43 11 2
45 74 7
10 41 13
43 57 34
34 42 4
34 16 26
14 17 17
14 14 21
36 62 36
12 40 14
40 58 4
7 42 27
12 19 36
37 56 4
31 19 37
8 4 18
20 5 21
41 8 13
47 58 22
38 47 29
17 22 15
46 9 9
21 63 18
4 44 1
8 79 27
17 41 5
19 56 19
39 7 35
16 63 21
43 44 4
46 9 23
30 23 9
21 73 34
2 16 27
42 79 22
42 73 19
39 50 14
29 11 30
20 40 40
26 67 15
27 49 23
10 62 16
47 50 19
4 21 15
36 68 13
39 11 37
13 77 27
31 26 14
3 2 30
22 24 38
8 66 12
22 58 4
47 32 14
13 7 39
1 37 8
19 25 17
1 71 13
34 78 7
42 12 21
14 51 21
11 77 19
30 37 13
28 63 36
26 70 24
16 47 31
16 70 23
13 24 7
40 17 7
46 43 13
29 9 8
21 28 9
30 33 10
11 71 17
11 58 21
5 50 19
8 13 23
11 49 23
17 18 31
4 10 26
6 1 16
3 14 17
29 7 4
19 60 3
27 78 21
44 39 23
36 19 9
46 26 38
28 75 26
3 39 27
12 12 17
23 80 18
13 60 18
5 23 10
38 35 33
4 20 36
10 47 33
13 40 15
47 6 28
36 23 4
32 6 20
36 8 18
34 80 21
38 73 18
19 46 34
7 5 35
9 70 17
26 12 39
18 23 36
28 43 9
38 35 22
41 78 38
25 10 12
33 29 5
47 75 14
44 34 32
25 63 11
5 24 18
3 32 21
17 17 11
32 6 28
24 19 18
44 60 18
43 15 11
16 79 28
35 35 38
40 28 36
47 63 19
18 45 29
28 54 34
14 49 30
3 11 34
44 45 11
11 75 10
28 19 4
30 31 31
23 49 7
9 27 11
32 9 22
22 69 3
33 79 7
9 26 16
47 17 37
7 66 23
24 54 20
34 57 34
17 75 2
4 18 9
40 69 17
19 34 10
9 40 4
15 18 7
24 56 7
39 4 20
13 76 31
8 73 12
44 23 35
38 74 24
4 33 33
27 64 6
41 2 33
38 39 28
11 5 20
39 10 38
19 40 14
42 71 37
28 82 8
30 4 25
39 49 28
16 59 19
6 9 37
31 71 16
23 11 24
39 32 16
25 65 5
8 70 4
29 79 35
42 29 25
20 28 25
9 68 9
11 31 30
35 56 30
26 45 33
8 68 2
22 17 18
21 61 26
24 79 25
23 52 23
4 35 18
5 25 32
6 14 20
43 50 1
40 67 12
17 54 12
16 44 17
47 43 10
20 7 21
45 60 2
35 1 9
15 35 35
34 5 24
21 55 27
12 72 5
43 25 23
12 63 15
7 11 26
25 33 30
8 65 29
34 22 24
39 50 23
29 25 9
4 16 13
34 58 40
23 7 8
8 76 31
32 18 28
21 24 5
33 45 20
8 74 12
32 1 20
1 47 23
1 57 31
38 72 17
11 26 1
16 2 35
28 28 4
41 31 15
3 70 25
8 46 40
39 18 32
10 8 13
14 63 35
39 45 11
17 59 21
30 62 28
11 82 40
26 60 23
9 33 28
25 56 30
37 73 25
37 42 10
6 10 33
24 58 26
15 76 18
10 15 5
4 69 17
11 62 34
26 73 30
11 58 27
45 3 33
43 51 21
34 48 26
15 24 1
10 15 22
7 1 38
27 77 6
7 78 40
46 49 37
1 29 23
32 17 36
9 11 29
45 10 5
42 56 6
4 62 3
29 62 12
6 40 20
33 38 28
33 40 29
2 65 8
11 25 29
33 31 39
42 20 12
32 34 5
36 39 6
7 38 16
8 69 4
9 16 3
45 55 18
39 63 29
13 36 4
42 32 18
4 17 38
21 6 4
26 79 37
8 52 15
27 71 24
38 4 30
25 65 6
41 24 21
30 1 15
28 72 38
29 2 40
18 20 13
37 63 17
12 60 35
42 38 24
45 60 14
26 76 17
37 49 21
19 24 32
4 77 23
41 17 5
10 19 25
19 27 20
27 62 38
32 82 19
37 76 7
20 60 22
34 49 25
32 35 40
40 15 37
5 60 33
28 70 32
5 66 18
40 71 1
5 13 35
44 50 20
21 78 18
20 44 21
22 15 21
11 49 11
1 52 27
39 58 24
41 82 18
1 2 1
3 60 12
24 67 21
39 48 11
3 32 22
4 62 17
30 16 38
24 29 27
11 69 33
14 81 14
46 15 7
30 62 9
8 1 27
30 64 35
40 53 17
39 36 17
28 19 21
13 74 21
19 2 12
18 15 12
28 70 21
5 81 9
8 79 19
33 22 13
43 65 13
5 8 30
31 34 3
36 24 19
32 76 4
45 14 31
20 54 22
47 17 39
5 2 38
16 62 24
44 43 20
17 75 32
28 21 2
37 21 37
45 53 21
38 70 1
13 59 33
46 44 3
26 64 20
33 27 33
26 9 26
14 80 29
11 24 10
20 15 21
45 70 37
47 70 15
5 46 31
2 28 18
27 18 24
20 12 23
2 59 17
26 23 11
19 23 28
18 11 22
2 44 15
22 28 22
8 70 7
41 28 21
47 63 31
35 53 16
47 16 28
34 81 32
26 1 15
40 82 9
1 40 32
32 15 1
19 72 2
19 10 28
16 26 10
21 45 22
17 73 4
15 21 32
5 42 38
33 26 40
28 70 22
20 10 34
41 14 2
5 34 12
2 6 4
18 64 15
46 81 39
7 79 32
43 17 11
27 19 38
44 65 27
34 72 29
21 39 8
6 79 1
14 47 17
11 51 12
25 49 18
47 66 39
14 6 3
45 33 21
42 74 37
26 14 27
16 10 27
10 3 6
32 56 18
27 81 37
14 17 35
15 41 10
4 46 37
30 62 12
32 44 2
35 77 5
13 8 18
7 8 35
20 14 2
3 47 2
26 66 6
9 10 7
47 65 38
29 72 36
5 51 33
24 44 8
44 12 37
15 23 33
25 46 32
42 72 39
24 32 12
18 6 28
16 68 21
39 56 23
42 24 4
27 40 17
11 33 17
39 59 9
39 45 26
10 45 32
45 34 38
3 14 32
24 28 9
33 77 31
16 20 1
28 65 12
2 74 26
6 37 28
4 24 34
14 63 7
42 66 5
44 6 14
32 21 11
44 37 1
18 41 17
25 47 19
24 15 15
9 57 5
18 71 21
27 69 1
29 18 33
39 64 15
40 34 31
19 50 27
5 5 13
45 75 25
14 25 14
26 20 5
44 51 10
17 31 9
16 26 21
35 30 31
24 69 6
21 7 5
32 67 17
36 78 37
30 16 29
17 8 35
28 48 30
21 11 31
28 13 14
20 73 5
13 61 3
47 36 5
22 49 39
13 67 19
40 5 28
2 76 40
13 2 15
5 3 36
46 10 34
41 18 12
34 39 26
27 42 17
27 41 22
20 27 30
8 75 32
12 20 33
17 25 15
46 26 26
47 22 22
3 82 27
25 7 25
28 7 14
31 28 34
39 67 11
46 73 6
27 82 3
27 15 2
46 36 23
17 68 8
23 46 9
29 5 17
36 70 3
44 44 30
33 27 35
39 38 34
46 13 5
22 55 15
5 3 11
43 47 35
11 79 36
16 69 34
20 10 6
41 65 32
6 35 12
20 31 25
8 19 20
9 30 21
35 14 15
47 40 26
7 41 38
47 34 15
35 49 35
30 74 33
32 35 2
40 19 30
40 32 18
28 25 7
3 70 36
12 31 9
20 17 14
2 44 3
46 31 15
41 39 31
8 42 20
30 76 5
34 6 17
27 77 30
38 25 16
25 10 21
16 52 9
22 81 28
6 20 3
26 18 16
28 38 3
29 8 27
1 8 39
39 17 39
24 7 21
1 27 17
32 76 18
20 46 16
35 32 27
9 55 38
23 37 24
11 58 39
45 62 16
6 38 20
37 18 10
14 66 31
28 71 4
43 43 22
38 8 21
32 60 29
16 26 40
1 58 37
17 20 27
38 37 14
19 45 33
25 62 7
43 33 21
24 36 6
36 55 30
6 79 19
8 52 24
1 19 8
13 59 32
44 7 23
26 12 16
23 12 24
31 54 11
29 39 17
44 51 36
18 29 1
21 31 14
42 45 9
42 55 1
23 8 15
17 67 40
35 41 5
2 74 13
17 74 27
13 45 27
45 32 24
39 17 40
6 39 33
38 42 14
38 67 6
22 20 17
46 23 7
19 16 22
4 67 37
15 36 3
15 62 31
5 12 1
43 63 8
11 66 23
21 57 21
28 46 17
9 62 34
22 38 34
11 32 29
14 9 18
28 25 19
26 54 2
39 75 23
29 67 22
4 1 27
38 71 15
21 23 26
9 55 38
5 37 19
40 15 15
35 77 5
1 21 8
3 36 17
25 26 34
9 71 32
41 3 29
24 70 27
36 8 7
22 29 24
28 31 40
1 75 5
32 9 16
39 38 23
6 20 37
41 37 34
17 33 16
10 26 26
43 64 38
22 21 18
39 47 26
3 23 11
3 51 21
31 43 32
37 41 38
34 53 20
18 38 24
11 35 10
11 8 24
35 33 27
30 78 15
39 38 8
7 17 19
26 31 8
21 17 21
31 62 12
8 30 3
33 32 13
37 57 38
36 24 37
33 47 10
20 55 32
8 79 3
18 61 9
18 75 18
29 45 12
17 57 33
6 36 17
46 36 35
36 12 4
2 32 39
9 72 26
46 22 37
26 67 29
16 29 21
26 46 19
3 40 34
10 67 28
41 18 10
26 50 33
24 9 11
20 79 1
28 30 13
13 33 25
41 2 15
30 23 16
17 66 23
27 15 19
29 19 23
1 38 13
23 5 17
19 60 10
3 55 17
3 77 11
3 7 9
37 7 23
37 38 39
1 20 38
1 26 18
29 18 2
4 76 40
28 20 23
28 1 34
41 33 39
4 47 38
14 26 38
7 52 39
4 37 6
22 11 30
45 21 33
36 3 35
11 18 23
31 65 33
7 54 19
29 30 33
4 56 11
15 26 20
26 13 21
9 6 23
47 65 14
30 68 20
34 21 2
35 62 11
36 75 32
29 80 29
6 32 7
29 25 22
42 29 39
36 10 30
17 77 12
10 80 10
33 37 17
44 60 29
6 47 29
39 44 29
6 52 20
25 66 14
38 26 26
23 23 15
20 74 39
15 38 19
31 30 31
47 10 30
4 29 38
3 75 39
25 26 32
19 15 12
7 38 12
37 34 26
33 79 29
45 39 13
30 46 31
36 25 26
25 64 15
19 2 25
5 69 26
34 14 20
27 71 2
20 71 13
10 26 27
22 62 6
20 18 35
12 48 28
14 11 27
35 56 5
4 12 22
24 81 9
5 13 11
44 7 35
27 69 25
39 32 20
38 49 1
3 62 28
3 25 19
41 33 21
24 33 22
22 2 22
36 14 34
7 3 1
34 2 17
33 42 18
37 32 33
11 72 36
7 20 26
8 49 15
27 12 24
6 42 19
14 24 7
21 70 26
28 17 30
23 24 24
1 4 19
20 77 3
15 29 6
22 42 7
6 20 2
37 81 29
1 39 26
7 54 5
45 38 4
6 72 6
20 64 29
33 15 17
15 68 26
20 38 20
43 38 36
10 18 7
23 18 18
46 61 11
27 32 34
22 50 6
41 33 34
29 16 32
19 34 40
28 69 22
41 50 36
45 18 20
34 17 2
8 24 14
41 41 28
35 49 11
42 66 18
31 19 10
28 17 7
36 17 39
18 68 40
1 16 32
11 30 15
37 66 7
7 16 5
23 42 14
31 16 17
26 81 1
2 50 29
41 12 14
43 22 16
34 30 37
19 17 15
1 22 39
1 32 35
27 16 4
11 64 38
20 64 27
1 25 30
34 14 20
4 6 19
5 11 27
32 67 16
28 22 26
20 24 20
26 14 30
6 11 17
45 23 17
2 41 10
10 39 2
39 42 11
35 54 6
22 24 12
7 79 32
35 68 12
19 10 39
12 81 19
6 64 9
2 59 28
41 53 32
37 28 23
21 45 39
43 9 34
26 5 39
36 70 4
4 65 34
36 77 32
38 55 25
4 69 1
36 50 33
1 20 31
27 21 14
14 39 32
8 38 18
12 12 18
27 59 29
24 30 11
18 19 11
32 37 19
32 50 5
17 49 24
36 28 9
40 38 33
28 68 14
25 52 39
28 13 34
43 75 5
1 74 31
8 59 30
26 75 2
9 76 29
36 76 36
39 53 40
20 81 4
18 29 1
32 46 33
3 68 34
7 5 38
40 8 6
27 57 29
5 80 31
28 46 28
8 73 33
47 52 14
1 9 39
30 42 7
21 70 15
27 77 27
25 19 3
23 52 21
6 70 12
28 77 29
35 26 16
23 16 1
3 29 26
24 60 27
15 34 3
9 39 34
20 33 28
43 36 23
9 74 6
15 54 30
43 22 20
3 35 33
21 33 3
19 33 11
9 32 33
4 27 6
18 20 5
4 1 17
1 43 40
18 12 27
37 1 1
3 81 39
29 65 10
12 30 9
15 33 8
7 17 17
44 33 11
22 38 22
6 16 28
10 49 32
3 38 17
40 27 16
1 25 3
16 27 31
20 42 28
42 21 22
16 34 11
43 50 36
42 25 24
23 78 17
40 24 22
24 39 37
27 4 5
5 12 11
24 24 14
28 16 37
44 73 30
20 32 33
6 43 13
22 23 21
2 47 5
36 64 8
14 79 8
20 70 9
4 18 40
25 6 2
14 37 27
29 16 38
14 70 12
42 1 31
32 69 10
31 67 18
10 17 8
24 72 40
16 42 36
42 80 40
42 59 32
47 57 5
11 51 21
44 4 21
28 75 25
42 42 11
5 70 28
20 11 6
7 1 1
14 50 18
22 65 4
2 54 24
18 64 2
30 62 36
30 35 14
13 26 37
12 78 33
40 75 40
40 1 9
20 59 2
34 25 14
28 1 16
12 6 24
11 51 7
2 47 33
1 67 23
19 6 20
46 70 6
45 76 39
15 19 3
46 25 31
5 55 35
8 6 20
30 51 35
10 20 39
8 18 4
27 7 20
36 8 2
21 69 8
25 56 16
27 9 19
47 28 34
14 27 29
3 53 21
45 57 33
36 13 30
5 20 12
46 71 9
24 46 40
17 32 19
16 64 24
36 80 32
14 38 27
36 22 18
3 10 28
16 14 33
6 9 8
19 5 35
18 39 17
42 5 25
3 71 22
35 35 6
11 65 2
24 68 37
34 69 11
9 79 12
40 15 9
38 70 25
42 57 28
17 2 3
27 26 6
35 39 32
12 47 14
28 36 2
42 64 23
6 38 15
33 37 26
9 79 20
26 24 24
37 56 35
10 52 12
34 66 24
11 68 23
43 24 15
24 2 18
4 21 21
43 81 23
45 20 30
27 35 20
14 62 10
8 70 9
36 43 19
28 34 29
5 76 13
34 35 30
28 43 39
3 64 39
47 28 7
2 48 27
18 42 29
7 39 34
40 42 25
7 58 31
36 53 30
40 14 40
39 44 37
26 8 35
33 6 14
12 78 13
43 29 25
14 52 6
7 39 4
36 7 33
24 80 9
34 33 34
10 33 15
37 9 29
35 41 34
9 32 31
11 49 4
24 23 29
7 56 6
17 5 12
23 34 20
5 81 8
11 80 2
41 70 35
22 51 14
7 51 14
36 57 32
16 65 9
40 47 31
9 82 1
42 49 33
38 63 14
42 57 39
20 67 23
20 73 37
43 22 3
24 40 13
12 18 31
10 59 2
23 2 39
24 7 15
9 10 34
1 51 18
3 35 13
5 4 14
47 65 23
37 47 18
30 34 29
15 80 28
10 75 2
9 58 20
29 2 28
2 42 37
10 26 32
6 7 7
26 81 4
34 4 9
10 63 7
21 3 21
20 33 11
1 16 17
15 79 18
20 19 30
24 62 21
44 32 10
30 27 19
44 71 36
46 44 10
4 38 23
45 63 18
27 33 6
1 12 37
19 76 34
43 8 35
17 30 18
14 64 6
35 16 20
37 42 36
3 32 21
36 65 4
21 16 24
31 80 20
24 25 18
39 11 29
45 1 7
9 69 27
46 74 9
8 34 29
28 33 17
33 26 10
9 53 30
39 58 33
15 64 14
15 54 23
36 54 32
46 63 30
18 76 40
21 41 4
39 41 31
18 65 36
22 30 17
44 13 30
34 49 9
28 8 30
30 59 10
46 53 35
17 77 10
47 66 2
34 45 17
41 56 26
21 55 33
26 38 20
13 33 4
8 60 33
15 28 15
26 60 32
11 43 31
2 35 8
21 17 39
38 76 29
16 63 14
27 21 36
35 25 32
1 21 37
27 43 5
10 68 6
41 2 10
31 41 35
44 21 13
36 31 30
40 38 36
3 26 35
10 33 12
15 67 35
4 46 11
3 7 11
39 35 36
16 2 36
11 51 4
26 1 33
9 21 13
34 46 40
7 59 17
14 24 5
20 44 30
14 34 20
13 6 4
37 82 23
24 34 16
28 30 23
4 25 12
36 33 10
44 63 4
36 82 24
41 81 15
30 64 16
15 21 25
43 51 26
47 22 8
26 3 13
6 63 13
27 67 39
26 16 12
1 56 28
26 79 3
5 13 27
16 82 30
5 36 4
12 36 2
28 59 35
2 81 34
22 11 10
8 74 9
20 41 40
28 30 30
41 15 2
18 12 31
4 79 8
17 38 22
39 79 12
14 25 18
3 43 8
11 41 5
13 73 9
41 75 39
41 9 37
9 49 6
46 28 30
7 51 11
13 70 5
18 18 28
34 11 4
17 14 22
14 27 38
13 24 15
18 76 3
46 30 23
30 73 4
20 64 35
46 64 9
33 1 19
33 29 23
33 70 25
2 30 5
47 58 29
42 17 15
9 24 29
5 26 18
24 31 27
19 76 13
33 55 14
23 67 21
35 75 24
35 67 36
41 78 31
21 79 9
19 14 6
15 23 28
10 13 21
35 51 12
19 27 37
17 47 1
21 79 39
31 44 16
5 49 28
12 3 10
4 15 33
39 7 21
45 60 12
28 48 22
23 70 1
34 41 4
44 2 9
10 61 39
6 40 37
8 69 19
10 7 27
12 39 23
31 36 13
19 56 6
21 18 8
36 51 35
45 69 39
29 44 31
17 5 29
44 78 26
46 59 23
25 25 29
40 64 24
18 44 18
28 5 31
7 54 28
5 70 33
47 66 16
1 42 8
8 56 10
12 2 30
26 6 35
12 82 29
46 63 19
40 11 21
46 44 31
20 38 14
20 46 1
4 70 31
29 23 30
29 6 25
29 35 9
30 21 17
23 6 6
16 65 13
34 72 24
27 4 13
5 49 24
29 12 39
31 52 37
10 78 4
8 26 16
46 5 21
20 47 14
17 27 12
42 66 39
33 60 13
2 53 25
5 18 28
25 45 17
44 50 8
19 49 19
45 76 4
4 4 14
37 62 37
20 13 20
13 6 24
24 66 30
18 44 30
44 29 19
20 51 8
44 46 5
26 37 24
13 55 38
25 27 3
15 67 12
47 34 10
33 13 35
1 29 30
6 23 11
42 3 19
38 23 15
12 63 30
34 20 11
24 1 19
14 41 29
29 4 27
39 46 15
18 32 16
25 6 22
26 13 16
39 8 1
41 74 30
6 5 39
23 6 6
41 76 14
11 60 32
30 17 30
20 7 17
7 48 3
35 33 3
26 81 2
20 49 36
31 19 34
12 3 14
41 12 36
16 39 4
16 5 27
35 49 24
6 56 1
26 65 21
27 72 13
27 65 39
44 47 29
44 32 6
12 37 37
20 14 14
34 16 6
10 38 11
19 73 7
1 18 31
33 13 5
26 35 20
30 40 35
16 20 30
13 1 4
25 63 40
29 1 14
44 12 38
19 6 30
47 57 11
47 65 13
8 58 20
16 62 17
2 78 15
35 9 22
11 7 39
40 68 18
14 37 8
25 23 19
5 38 16
25 5 25
3 30 31
47 51 30
11 23 14
15 9 28
7 43 5
39 59 5
4 63 29
35 64 39
38 10 30
10 56 28
36 52 37
29 33 20
3 33 14
1 29 20
5 34 40
35 17 17
26 14 19
23 22 24
8 1 23
14 63 17
1 47 33
18 69 40
1 48 8
14 68 24
8 56 8
5 44 9
21 9 15
21 80 19
30 20 15
36 79 31
30 52 36
8 14 29
3 5 3
34 11 6
40 80 3
7 67 7
7 73 1
5 72 29
36 80 25
24 21 32
46 61 38
40 11 33
7 77 12
27 41 2
4 81 10
8 70 37
31 74 37
20 9 27
26 78 14
9 73 15
42 29 26
29 12 11
9 76 16
9 64 14
47 10 13
4 24 21
23 66 17
8 80 1
6 51 29
8 2 12
37 14 14
38 66 4
25 21 21
8 12 32
26 39 25
45 9 5
15 23 35
24 4 26
7 73 2
37 2 32
25 36 24
40 44 11
47 42 21
28 40 32
37 8 39
30 41 10
8 55 37
21 2 5
3 5 31
23 8 40
2 16 38
15 6 19
27 45 30
17 8 35
13 17 23
19 47 31
47 1 4
35 20 30
17 64 4
38 77 16
27 7 7
16 76 25
44 82 2
20 1 8
26 19 6
43 56 10
1 75 37
11 21 33
29 81 14
31 68 31
35 22 3
19 76 37
5 12 39
20 71 36
45 50 18
18 80 20
21 72 16
20 9 38
42 74 9
30 18 6
4 39 39
47 68 13
7 40 29
37 8 37
8 3 31
29 77 27
45 3 37
1 62 10
10 43 12
1 35 22
13 21 6
16 1 11
17 11 32
4 50 40
44 41 21
38 6 8
8 61 26
36 47 33
44 52 30
8 40 35
41 8 2
19 37 11
41 20 16
9 65 36
14 35 15
36 27 12
12 10 2
3 13 32
18 11 21
1 32 28
47 56 8
22 78 10
17 49 28
27 77 9
11 29 19
39 47 37
31 11 10
3 14 40
35 26 1
3 16 5
26 50 38
23 67 7
9 82 15
1 22 24
35 2 30
16 58 9
8 10 2
9 42 34
9 78 20
44 40 21
9 27 6
13 23 17
47 70 31
37 25 3
44 65 38
14 14 26
13 21 26
44 67 19
9 4 6
44 25 9
35 39 7
18 49 22
22 36 8
21 70 15
8 48 31
27 72 29
22 72 16
41 5 8
23 24 26
41 29 6
10 55 32
46 14 6
13 36 7
13 53 13
20 7 31
30 72 9
15 32 33
16 52 10
1 2 18
37 11 6
10 4 34
31 1 32
45 77 35
13 37 21
10 80 2
5 79 24
4 10 30
18 16 12
27 70 32
6 81 21
39 53 25
22 14 38
24 2 20
32 27 34
43 8 15
37 80 31
1 35 30
12 15 26
38 47 29
45 67 12
21 34 39
36 27 6
24 12 1
12 63 28
39 81 19
43 54 1
29 29 6
15 79 35
41 11 5
11 62 8
15 23 27
45 31 7
35 36 32
32 75 26
38 47 3
19 78 30
8 18 36
2 34 20
41 47 22
7 2 24
41 40 14
34 60 25
9 2 36
11 2 33
19 44 39
10 72 22
16 39 18
35 27 2
41 28 13
20 63 39
12 42 17
11 69 20
41 45 31
12 55 9
5 7 4
6 34 12
46 4 40
20 41 21
47 9 35
33 58 19
31 58 37
44 80 27
9 27 28
24 79 3
14 24 31
37 60 19
2 73 1
8 15 2
8 13 36
8 58 18
8 45 25
22 46 21
18 41 33
21 56 1
29 74 3
14 68 38
12 64 13
16 73 23
1 71 27
10 46 13
21 32 35
6 56 25
12 63 8
39 19 27
39 65 8
16 30 40
35 26 3
39 58 15
13 29 15
30 43 30
44 4 2
14 59 26
33 46 40
14 33 14
3 63 23
23 66 22
41 21 13
40 37 30
9 42 17
16 26 30
23 15 15
27 62 11
9 73 6
21 30 8
15 51 27
43 11 22
22 63 40
26 60 8
24 3 38
34 19 22
29 71 40
15 8 27
32 25 17
40 76 16
22 80 30
40 55 21
38 33 18
12 61 25
34 46 39
37 42 11
26 3 22
42 58 25
33 40 27
7 55 22
25 67 3
21 33 29
2 22 32
46 10 8
28 38 7
43 56 5
46 67 26
44 1 4
15 65 2
42 30 14
42 31 17
2 77 2
30 46 6
17 5 10
41 11 30
26 69 9
44 2 21
43 9 25
35 46 25
30 27 31
32 54 25
28 59 7
31 21 12
34 23 6
29 20 14
26 55 13
15 9 14
15 23 21
40 26 1
38 74 39
22 66 12
27 7 35
1 23 16
25 72 10
17 69 36
13 68 23
36 62 13
33 66 33
13 79 16
42 27 29
24 10 25
20 46 7
29 45 25
30 8 4
4 63 31
27 44 10
5 13 14
25 16 27
39 79 29
2 36 32
26 63 24
15 10 39
31 18 9
28 66 17
44 31 12
33 52 28
15 35 13
19 82 5
29 60 38
20 53 15
30 34 7
17 24 23
25 10 34
22 44 10
29 52 35
20 58 21
12 27 11
16 19 3
43 18 26
5 50 9
24 12 27
27 76 20
47 58 39
32 17 13
41 56 25
4 60 28
15 45 30
6 25 39
34 34 27
27 80 18
5 70 17
40 42 11
28 61 39
35 56 16
17 45 26
2 14 35
7 6 20
36 3 14
34 15 19
13 21 34
19 69 36
42 19 21
1 61 1
17 9 12
47 22 29
25 80 23
31 75 7
3 42 40
47 7 14
18 72 17
16 73 23
17 1 25
12 6 29
36 37 29
6 45 12
44 59 17
27 14 13
44 61 16
29 24 36
43 47 20
20 1 23
7 3 19
1 13 36
46 67 5
7 80 33
9 35 17
27 75 34
6 77 18
36 60 4
29 13 23
45 5 40
29 48 16
22 76 34
27 64 4
25 29 5
46 50 32
15 78 38
43 27 1
8 17 6
32 59 27
8 1 33
37 58 3
35 63 4
46 11 18
46 65 25
43 20 17
22 26 29
17 21 29
11 1 33
38 20 1
22 10 24
38 18 6
38 76 21
39 50 25
37 49 23
21 20 11
26 25 36
45 34 14
43 30 16
16 44 23
27 23 15
45 61 23
11 23 36
47 76 7
2 15 25
5 33 38
42 50 31
26 28 7
24 22 38
7 30 39
30 49 25
23 61 7
12 60 13
13 37 8
12 5 40
14 46 19
9 52 31
20 19 38
33 79 40
3 75 21
36 51 13
11 4 3
29 49 4
34 3 21
25 42 3
18 24 35
33 18 27
20 30 28
39 24 9
25 59 18
45 11 38
1 6 23
6 25 13
7 58 3
2 34 28
22 37 36
27 40 39
27 21 9
8 7 15
39 42 40
14 27 9
11 70 13
10 37 14
29 43 4
19 11 11
14 21 25
22 56 15
4 70 19
36 41 31
23 12 35
44 34 24
29 30 6
8 69 35
22 27 19
16 73 6
34 31 24
37 30 36
41 26 27
19 63 18
11 13 31
36 65 4
11 23 40
26 21 27
6 5 16
2 33 29
42 35 11
21 25 31
3 23 21
35 42 21
38 24 40
11 68 6
6 67 27
33 21 18
45 70 1
9 64 5
7 20 23
23 2 39
32 51 11
2 81 12
23 34 3
25 32 26
42 75 1
3 55 35
34 54 3
37 24 21
40 49 12
43 82 28
31 82 2
41 36 3
11 1 27
22 21 18
29 68 39
43 69 15
41 77 34
14 34 13
13 22 23
36 73 16
18 25 1
32 14 27
30 34 24
28 13 7
23 32 17
13 57 2
8 30 37
36 28 34
29 29 36
26 6 15
30 34 40
18 14 35
24 40 25
14 64 35
11 34 31
3 13 6
14 26 37
31 4 26
9 24 10
27 69 36
10 76 39
22 28 39
35 13 1
4 22 12
2 42 26
3 66 3
13 77 37
8 61 33
42 51 6
22 6 7
5 71 19
26 54 27
28 43 14
1 1 30
46 73 25
6 21 23
44 54 33
35 9 39
35 72 20
28 46 26
37 16 26
45 11 28
28 2 6
29 43 13
17 57 26
8 43 18
44 15 15
38 39 13
29 81 13
34 56 2
5 40 28
33 37 26
24 31 28
37 47 35
30 77 39
43 51 33
21 67 22
4 63 18
26 67 17
14 35 40
26 76 7
47 70 21
32 76 29
29 22 6
38 13 10
40 27 1
6 24 37
47 34 37
40 3 17
21 79 5
42 18 13
29 15 1
23 6 8
41 32 40
22 9 19
1 53 9
29 45 30
22 75 5
40 53 21
17 14 24
34 42 5
4 28 15
16 66 19
25 18 20
45 58 2
37 49 15
29 72 31
18 25 8
21 80 3
21 1 19
25 11 39
47 6 1
24 73 24
40 14 7
21 80 35
28 32 28
21 35 21
3 76 18
42 30 22
22 20 1
21 10 34
44 65 30
14 3 26
7 64 1
28 81 5
46 26 23
36 40 29
42 41 13
6 65 10
9 43 18
39 15 20
5 55 27
17 71 17
39 38 19
7 76 29
29 51 14
3 29 34
41 79 17
6 63 10
32 18 24
19 47 11
25 44 10
11 70 18
46 74 1
26 79 37
26 3 16
6 79 20
15 35 31
7 21 5
25 13 6
35 1 23
35 62 20
32 18 16
8 20 39
36 69 28
1 36 40
18 67 25
41 13 24
22 63 25
12 33 16
8 55 32
16 72 17
17 51 17
2 66 1
16 12 36
44 31 8
8 63 4
4 9 30
10 51 14
35 25 38
20 68 28
8 58 9
34 41 17
3 26 18
9 23 40
21 31 16
33 26 10
47 22 1
6 35 13
32 30 34
47 8 24
7 19 8
40 35 23
14 3 16
1 60 5
18 57 5
12 9 14
38 13 5
20 16 16
43 74 34
26 48 1
17 22 40
23 34 13
36 54 30
4 43 18
38 64 23
45 33 14
18 71 11
32 59 11
14 73 17
16 11 22
18 22 6
27 81 34
17 8 36
45 74 8
5 31 16
7 42 9
35 39 28
18 30 3
28 66 31
47 71 27
44 81 5
8 77 33
36 79 15
17 51 15
38 12 37
6 57 16
5 22 38
39 69 8
43 44 9
34 51 1
18 37 25
47 10 8
29 3 5
41 64 1
21 17 13
21 61 20
2 40 16
33 74 28
12 80 7
43 21 37
32 75 14
42 44 35
16 39 6
35 39 39
22 45 7
43 38 9
14 14 40
5 2 27
12 26 21
2 41 25
22 27 34
12 33 8
2 13 28
34 54 38
28 49 19
4 2 40
46 24 22
1 51 28
33 78 22
4 22 35
8 67 32
5 66 18
46 11 1
42 70 14
23 40 20
29 5 30
38 23 38
26 16 1
1 81 2
10 41 38
13 78 20
43 64 33
38 20 31
3 39 3
7 73 25
29 59 16
43 10 16
14 69 21
23 7 4
24 43 20
30 4 29
40 9 10
4 14 37
21 62 35
23 43 24
29 43 26
37 81 22
11 39 2
41 22 8
21 47 22
44 4 1
34 64 19
30 79 17
36 24 34
17 36 12
36 46 21
42 12 31
26 9 20
26 2 13
20 72 2
18 19 32
16 27 23
25 50 19
16 52 7
39 46 27
11 65 15
9 27 40
7 35 40
15 8 7
14 36 26
21 31 2
44 13 12
11 75 37
39 75 5
4 30 3
19 25 9
6 34 21
2 82 27
15 1 25
24 33 2
16 7 34
17 43 36
37 71 35
22 16 17
25 18 8
9 27 25
7 72 26
15 44 20
36 46 8
6 67 16
25 21 14
18 16 26
15 14 13
35 61 8
19 65 27
36 35 11
1 79 20
33 79 29
31 25 26
26 73 9
28 46 6
34 31 26
43 15 24
30 67 19
33 50 10
46 32 8
13 8 12
38 47 27
24 75 15
46 70 18
2 16 25
21 21 9
39 75 13
39 74 21
32 53 13
2 17 18
26 58 27
15 82 28
2 25 4
8 15 13
34 62 20
41 61 21
43 74 19
31 35 16
37 74 23
22 36 15
38 16 3
3 52 15
32 81 37
28 67 26
36 8 22
23 51 8
19 17 31
9 62 28
42 76 38
33 64 20
46 75 9
46 51 16
3 23 1
47 68 18
12 24 17
47 30 5
5 53 17
45 19 23
13 21 10
8 35 31
36 60 39
32 9 37
20 38 35
38 42 1
11 28 33
8 55 24
15 78 34
46 79 19
29 68 23
19 49 11
11 22 36
40 77 26
33 29 14
7 30 29
11 76 6
8 42 38
14 1 38
29 17 3
33 34 26
29 7 22
8 69 1
13 51 27
20 43 3
37 21 2
42 33 1
44 5 13
34 53 17
15 77 34
20 14 13
7 12 2
20 28 18
8 19 30
29 4 31
30 66 11
29 45 22
34 74 18
3 5 19
30 81 23
6 49 14
13 22 32
6 59 35
38 34 29
13 47 18
39 21 3
35 79 13
42 40 3
28 30 7
11 58 39
16 79 21
11 30 33
33 49 36
43 9 25
5 70 6
2 26 3
15 13 6
40 65 27
7 59 21
28 6 40
6 61 12
7 74 7
31 57 25
23 56 3
13 64 13
39 11 14
6 60 9
2 77 36
17 49 35
20 68 29
44 1 37
3 14 39
22 43 22
14 44 35
11 36 7
22 53 3
43 51 30
12 63 27
16 28 31
16 70 9
38 79 24
40 4 34
15 23 26
17 29 40
46 60 37
6 59 2
35 54 32
46 50 29
21 75 27
9 11 31
8 45 22
22 77 21
26 18 27
9 44 30
10 75 24
46 68 10
39 45 34
1 21 37
24 5 28
2 38 3
45 34 6
29 59 31
24 31 13
46 70 16
4 41 14
35 29 37
21 36 14
8 47 40
36 77 24
30 38 12
36 23 19
8 80 34
39 41 18
14 69 13
8 64 38
40 40 38
44 18 7
24 16 8
42 5 29
22 56 38
4 71 27
5 25 6
30 77 20
16 52 38
27 73 3
23 30 19
30 16 24
40 43 17
4 5 16
35 70 39
40 58 9
5 25 12
12 1 36
36 10 12
1 39 5
4 79 36
15 74 39
7 77 18
9 47 4
34 70 19
32 26 9
3 26 32
34 2 17
16 61 30
34 14 14
16 4 17
44 5 3
45 3 7
17 78 24
7 62 10
43 45 11
21 79 9
5 79 12
38 41 13
1 43 6
14 78 17
37 37 2
21 59 21
11 60 15
16 54 35
12 56 8
16 31 8
29 6 13
34 31 33
23 61 9
34 26 18
1 37 27
32 60 30
13 59 21
33 24 28
34 3 39
7 39 31
29 46 27
17 81 16
2 45 15
6 47 2
47 12 36
27 38 33
23 3 29
2 28 3
17 52 34
29 18 7
14 15 40
43 26 36
23 5 6
25 29 10
25 51 23
6 56 9
46 27 29
9 46 39
40 75 34
35 17 32
12 27 27
7 68 30
25 4 12
5 62 14
8 63 12
29 16 40
14 19 37
11 1 22
21 65 15
24 45 21
45 52 20
4 8 35
29 41 14
27 59 7
30 8 25
11 51 39
9 26 17
13 14 39
24 65 3
26 8 31
24 26 3
4 4 34
40 49 17
37 35 24
46 27 4
37 37 9
4 54 27
36 82 15
5 69 22
4 41 18
1 3 39
38 58 5
23 33 19
17 26 26
38 75 21
23 13 8
24 65 11
40 28 24
43 66 11
16 56 19
23 21 6
41 55 18
29 23 31
22 48 1
14 22 1
26 45 2
34 79 39
13 39 25
37 33 31
14 22 1
35 49 7
12 81 11
9 24 36
18 47 20
40 35 6
40 28 18
45 69 12
41 5 3
30 59 26
6 10 12
46 43 14
24 8 5
12 12 32
10 78 16
36 78 11
2 74 30
18 44 7
13 58 16
38 77 9
32 34 9
38 48 36
36 39 34
15 27 29
1 24 40
38 61 6
20 60 21
11 64 32
2 59 32
15 41 5
22 72 6
11 12 25
13 66 18
26 21 34
32 46 33
17 10 21
33 35 17
32 70 11
1 38 38
29 34 9
33 20 27
36 40 39
7 17 31
35 71 17
1 34 39
34 19 37
21 74 8
27 10 9
24 56 21
31 64 9
39 72 16
13 2 25
29 62 5
11 17 4
44 79 39
16 20 27
1 74 13
28 51 8
25 31 38
44 42 27
33 28 17
45 34 40
29 64 2
20 81 27
5 82 13
28 50 28
42 21 28
13 78 9
10 30 31
26 35 32
39 48 29
23 61 15
36 3 25
25 25 20
2 46 7
2 9 12
27 69 10
3 49 5
42 73 17
28 64 15
43 9 19
16 15 20
8 56 30
5 77 30
21 22 30
40 36 5
22 64 7
2 39 31
40 20 38
46 49 3
3 51 14
43 42 40
31 25 34
28 23 29
12 63 36
11 59 21
31 56 28
41 35 17
22 66 40
37 10 1
3 17 34
28 16 25
13 27 34
47 60 33
19 81 5
21 49 27
42 1 37
2 34 9
4 9 8
21 43 13
6 6 8
17 37 21
4 49 24
27 78 8
11 16 3
30 34 24
14 39 4
39 35 2
9 13 6
38 21 36
43 72 32
4 80 33
39 35 37
45 55 20
5 41 24
45 26 20
6 41 4
20 52 19
37 3 8
47 29 13
33 66 30
31 78 26
32 6 19
3 2 22
33 60 10
22 10 12
19 79 10
41 36 14
21 45 8
1 20 12
14 50 39
44 15 23
24 8 33
16 41 10
31 24 6
13 5 19
2 23 20
44 73 35
46 80 7
9 14 38
5 56 15
43 23 6
27 17 29
28 29 10
47 26 33
33 15 11
14 19 5
42 36 35
42 48 5
31 62 27
20 42 37
30 26 9
5 48 19
10 70 28
10 73 25
45 15 24
8 12 12
10 24 12
36 10 16
24 37 22
3 23 35
47 3 32
36 77 1
6 63 24
44 6 38
4 41 6
15 20 26
38 61 20
24 40 2
26 66 18
33 79 38
26 14 18
45 21 7
41 55 5
6 42 34
23 54 33
12 40 11
26 33 11
33 69 38
7 39 15
2 55 30
2 34 22
8 3 25
17 2 14
7 23 27
11 50 3
16 7 17
34 17 26
45 30 35
3 35 26
29 19 38
13 77 22
7 45 34
36 82 20
8 58 17
45 75 16
2 59 7
37 80 17
22 54 3
42 12 18
6 30 18
27 78 29
39 10 9
46 39 16
32 33 20
45 21 21
45 30 20
44 33 1
14 6 34
33 60 35
19 58 14
18 62 8
5 58 31
25 1 20
44 41 1
24 66 31
8 14 34
6 80 28
8 54 8
17 76 10
11 1 17
46 71 8
29 11 9
18 20 13
28 31 13
47 28 23
47 46 28
36 28 2
20 70 31
46 19 25
2 43 22
31 24 5
9 71 8
37 21 24
2 63 40
10 68 30
22 61 17
3 1 4
40 27 13
20 12 28
21 51 4
22 82 31
40 28 13
14 72 6
8 42 36
45 8 31
44 36 18
27 52 35
32 28 21
12 42 20
27 26 1
31 72 24
8 10 20
45 53 33
22 44 28
27 28 3
26 8 26
37 50 22
7 44 28
35 61 2
12 4 23
24 50 28
27 34 37
3 17 19
4 9 33
15 55 20
37 15 1
47 16 36
37 60 26
29 63 24
38 64 21
18 21 36
23 81 18
40 74 4
37 74 20
6 55 5
20 54 31
2 49 24
43 82 32
31 40 8
41 35 34
32 52 18
30 5 12
36 71 4
6 8 16
14 34 22
28 3 18
36 62 6
29 23 12
13 27 22
7 44 40
21 79 18
2 49 16
40 66 13
27 49 35
23 33 25
41 26 16
18 32 27
34 18 24
38 33 1
37 57 12
3 22 10
37 9 17
32 77 31
3 20 7
20 63 34
15 64 25
21 48 16
13 36 17
38 36 28
25 12 25
9 68 18
9 66 40
45 76 7
20 67 28
44 62 27
12 61 3
43 42 6
14 33 33
39 52 5
45 73 39
33 74 31
19 17 7
30 31 29
40 54 16
23 52 14
6 28 6
32 47 39
11 7 10
9 26 30
38 14 23
32 15 35
46 5 37
12 25 10
43 6 16
32 33 37
38 7 32
17 48 18
24 49 5
3 7 21
20 22 33
9 24 31
9 8 20
45 42 35
24 73 12
17 62 22
46 44 14
27 54 33
5 59 12
3 30 30
44 4 18
29 14 8
45 56 7
25 60 13
36 76 27
21 44 22
21 63 34
34 73 26
30 42 3
38 36 27
23 65 7
17 60 24
10 74 27
23 25 25
3 71 37
16 23 28
44 37 34
17 36 32
12 21 29
38 23 25
45 26 38
11 45 15
20 15 33
40 51 23
43 5 27
19 62 26
11 60 10
10 6 28
24 27 7
27 14 21
39 13 10
13 82 36
22 70 14
18 13 31
44 72 35
45 51 6
14 10 31
32 9 40
47 37 7
30 42 5
3 31 13
42 3 11
47 32 20
17 21 14
40 16 1
11 9 9
6 43 3
37 72 26
36 79 24
39 9 18
27 34 39
19 14 24
35 62 29
8 18 11
12 59 9
17 78 40
29 14 39
1 39 37
37 73 37
26 39 4
46 3 28
34 2 30
13 40 37
26 81 29
14 12 19
13 77 14
13 4 18
28 31 13
20 69 30
18 81 34
39 18 7
17 4 39
5 62 36
20 7 25
35 25 30
14 4 29
42 29 38
36 15 28
44 66 10
32 5 16
23 30 13
46 63 24
43 10 15
10 65 17
31 11 1
35 40 28
16 75 6
24 40 21
23 58 37
10 71 27
20 41 29
1 45 3
35 75 32
31 75 35
28 52 15
34 43 18
10 80 12
5 36 22
31 26 39
19 60 20
7 44 17
36 59 14
25 61 19
23 22 13
44 20 18
9 56 7
8 59 14
42 21 25
31 7 40
32 29 1
34 7 23
14 26 10
21 73 24
17 24 28
29 12 32
32 71 25
28 9 4
24 37 33
36 55 29
43 67 30
38 44 6
12 14 40
6 52 6
3 33 22
33 53 3
36 48 23
45 27 26
8 62 2
33 53 37
26 51 26
28 59 23
44 38 31
30 9 35
11 11 1
13 24 13
44 8 34
43 73 28
23 22 8
17 1 29
40 57 35
39 49 11
23 69 37
41 74 27
40 10 8
31 71 32
25 49 25
3 79 34
4 48 40
9 76 24
40 55 32
33 24 34
44 82 20
40 68 38
25 65 34
40 73 3
10 46 34
15 44 40
24 11 37
29 66 14
34 33 14
23 40 4
15 2 40
13 76 11
38 66 23
2 18 14
35 23 33
18 35 26
35 65 40
36 81 11
22 60 26
15 38 20
11 68 16
32 79 38
2 67 6
11 53 12
28 55 3
23 49 18
16 30 10
23 51 27
47 7 37
42 65 29
21 16 33
2 27 17
35 70 34
5 82 12
3 43 26
1 23 40
39 81 40
15 8 35
46 55 31
3 50 10
41 51 3
14 70 31
40 58 1
24 4 33
15 2 37
28 66 26
21 43 24
6 76 5
25 30 4
41 11 30
32 78 39
26 24 3
19 77 18
37 61 2
4 1 37
21 46 1
5 70 37
24 46 34
32 3 22
8 55 39
13 21 23
46 51 25
4 69 28
23 49 24
32 39 23
35 77 35
12 15 18
13 19 36
43 33 6
18 54 20
31 9 8
33 66 12
9 10 18
41 33 33
47 28 11
8 77 1
25 29 2
37 79 17
23 82 24
40 81 32
39 20 39
41 51 31
5 31 13
1 65 14
40 50 8
40 69 22
16 63 28
24 6 16
39 40 23
34 60 35
21 6 31
42 42 18
43 60 22
6 73 39
26 58 27
29 45 22
43 7 31
17 38 18
40 31 4
19 5 38
18 72 8
3 37 20
22 20 17
20 21 30
43 38 35
11 49 36
10 43 33
27 37 4
17 11 1
5 73 1
4 20 22
13 57 35
40 12 31
23 78 28
6 2 1
9 72 33
31 31 23
40 51 22
24 16 40
36 18 10
42 68 20
39 22 3
32 35 36
24 77 15
30 11 36
1 71 32
41 80 16
18 65 7
11 82 33
39 81 26
15 46 40
28 37 29
14 55 32
4 67 28
2 10 36
36 29 24
3 59 37
14 43 28
38 42 32
20 17 20
6 13 31
31 22 19
45 6 23
2 54 23
25 27 37
33 58 13
4 52 6
18 63 32
40 57 10
21 19 39
36 57 31
47 33 9
5 19 37
4 34 35
4 27 20
47 72 13
12 49 3
12 2 25
39 76 7
40 77 14
12 81 23
34 43 27
8 30 29
45 31 26
28 22 23
40 53 30
11 53 23
4 67 11
17 26 21
23 70 15
23 81 14
33 39 33
7 29 18
18 62 24
40 65 34
27 81 18
33 78 19
42 52 33
33 8 22
17 77 40
12 13 3
23 24 9
19 48 27
37 36 20
16 16 5
45 50 13
31 18 23
24 37 16
31 45 17
30 57 31
28 17 24
4 53 8
31 61 24
25 71 22
40 11 5
7 13 26
47 59 19
10 19 3
47 28 24
6 70 25
43 9 18
46 12 11
11 20 30
4 26 39
39 52 30
12 70 26
18 44 39
5 39 38
29 60 22
33 78 5
5 14 39
11 34 9
23 77 23
46 58 12
35 13 38
9 66 2
47 46 1
22 73 33
27 5 37
39 22 22
37 56 31
23 1 2
36 30 5
16 77 34
44 63 3
28 5 18
34 61 27
22 70 40
6 18 20
18 9 3
14 42 40
35 44 39
33 66 3
35 28 33
15 43 25
19 81 30
37 4 33
43 72 37
10 78 5
5 1 40
31 74 9
28 76 14
43 30 18
24 13 20
13 38 29
9 63 2
11 67 11
29 8 29
42 81 5
27 45 7
25 65 20
3 75 40
47 20 14
21 6 20
30 50 12
28 64 6
6 26 20
43 7 14
12 54 39
2 64 17
41 76 27
10 33 19
23 47 36
43 37 26
26 37 10
11 45 35
31 52 31
23 52 17
14 14 9
19 26 33
14 8 38
33 29 5
16 29 22
7 62 22
30 13 3
24 70 9
41 30 5
46 43 31
46 49 40
44 66 40
11 57 22
31 3 39
3 7 12
25 66 15
34 44 33
12 32 26
23 72 34
8 74 34
3 63 39
21 69 38
28 19 22
11 38 29
5 1 8
36 25 2
36 50 30
1 43 26
18 36 25
7 6 35
16 71 32
10 14 33
3 58 5
14 29 39
25 47 7
28 79 29
28 5 30
16 48 34
10 37 34
42 68 33
45 60 8
23 37 38
13 71 23
44 29 26
44 37 13
30 6 6
12 26 9
43 12 19
7 55 30
4 43 27
25 5 13
32 68 1
27 9 22
24 27 31
13 22 36
24 53 5
23 4 37
44 59 19
2 18 37
16 17 24
26 38 5
17 55 36
22 3 18
33 37 19
5 36 35
44 56 34
28 78 4
8 22 18
8 61 33
2 72 21
1 13 34
30 28 17
23 38 35
42 19 10
29 19 12
38 23 36
10 63 5
47 4 31
35 73 14
35 24 35
20 49 7
43 5 8
34 48 32
14 19 25
13 62 35
27 8 22
11 71 34
14 53 17
33 41 40
25 32 23
44 52 26
39 64 34
26 80 23
14 3 14
10 76 34
1 55 1
47 25 28
3 45 14
4 35 25
34 5 38
18 65 15
47 82 25
43 22 30
45 79 40
8 5 12
32 72 39
38 71 11
12 67 26
16 35 39
9 57 7
39 50 19
47 17 14
43 29 23
7 59 40
3 9 38
5 40 13
13 50 7
7 2 34
5 31 1
12 2 40
36 50 34
23 1 28
47 2 38
4 7 40
44 62 30
19 53 9
5 71 2
36 3 5
15 66 32
26 2 38
35 57 9
5 19 2
10 33 21
40 82 30
28 73 15
39 33 20
37 44 37
41 15 19
16 70 23
19 49 2
33 13 17
18 78 7
45 44 30
1 25 32
41 47 34
32 69 7
1 54 11
42 37 32
17 26 15
2 12 39
29 69 28
39 28 13
34 35 13
16 65 14
18 9 3
32 24 22
23 63 22
45 58 26
33 51 4
17 55 8
19 52 18
26 52 29
10 10 19
22 55 31
18 5 13
19 62 39
16 68 28
25 31 18
5 47 35
34 17 36
7 81 29
16 54 17
5 56 35
10 10 31
19 76 30
34 37 11
8 19 35
45 2 21
15 65 22
2 50 34
17 67 19
39 81 5
22 36 33
38 25 18
25 16 8
3 14 7
23 79 40
29 11 32
33 20 21
3 37 19
12 41 38
4 63 31
10 49 27
33 4 1
35 10 28
21 40 37
45 11 6
19 23 6
35 11 39
23 75 31
38 5 20
29 20 15
19 56 18
33 58 6
15 71 8
3 22 37
10 40 29
1 22 16
19 59 37
22 7 2
37 16 32
34 23 10
37 13 11
23 77 30
13 29 14
24 9 5
9 68 32
45 64 5
4 15 14
6 15 2
15 7 21
45 55 9
40 60 37
39 81 36
28 56 34
36 18 4
18 69 31
19 34 37
3 68 26
7 24 20
45 10 8
17 64 30
38 57 5
4 70 11
37 19 20
25 51 3
41 21 20
19 68 24
18 71 39
20 54 33
14 82 32
21 15 40
36 37 4
17 25 19
27 41 7
24 82 8
37 67 30
40 2 30
8 68 1
42 60 30
26 8 18
28 45 4
20 34 32
23 36 14
37 7 14
35 15 36
34 42 33
18 54 4
14 4 13
2 44 25
38 31 25
36 2 9
1 43 32
21 17 11
36 2 7
14 25 24
37 19 1
20 18 2
8 64 15
21 45 4
15 35 30
1 48 9
8 20 27
34 23 29
18 4 37
18 62 36
17 38 19
46 57 23
21 36 33
42 21 35
46 24 16
44 5 2
22 41 22
46 60 34
24 39 1
47 17 28
47 61 11
18 15 11
38 76 3
8 78 11
16 23 5
9 17 28
30 31 17
21 32 25
22 76 20
12 72 20
38 46 21
27 7 39
21 27 36
47 17 30
30 64 3
5 49 27
24 15 2
28 10 13
41 38 29
46 68 11
19 54 31
2 5 5
33 49 29
4 29 36
7 57 31
26 1 35
6 24 28
44 40 11
14 31 23
6 61 8
43 58 39
10 81 4
1 32 32
43 9 39
5 75 13
47 50 20
43 18 28
41 21 5
31 46 16
4 17 13
11 37 21
19 11 19
30 24 37
16 73 24
11 12 20
18 41 28
21 11 10
1 82 10
23 10 2
5 58 5
38 51 24
9 52 33
10 56 29
36 25 24
38 20 12
38 40 20
8 67 19
29 72 31
14 31 20
30 33 4
25 5 34
35 43 15
25 9 4
28 75 17
43 53 10
34 52 33
47 59 6
26 7 40
4 34 11
33 35 32
27 52 31
1 71 30
38 56 1
30 38 10
33 26 39
8 50 21
9 44 26
11 57 24
10 69 26
4 17 26
46 51 17
15 57 28
12 69 14
12 8 24
41 81 26
23 64 20
14 45 19
47 44 28
23 66 2
44 34 19
30 40 5
39 6 4
42 43 9
9 41 9
33 70 23
41 3 29
33 53 34
6 61 11
27 19 5
8 5 13
44 7 35
19 2 28
24 38 24
15 9 39
26 71 32
13 15 5
36 72 4
11 65 8
17 1 30
37 66 35
2 59 17
4 7 33
20 22 8
31 16 35
47 78 24
43 52 39
40 81 14
17 70 36
17 58 17
20 67 21
13 61 26
42 81 3
22 76 37
44 15 14
44 1 14
43 43 39
20 9 20
37 23 27
40 72 27
26 51 13
12 51 38
42 5 22
5 32 31
28 77 1
15 43 3
42 11 27
17 26 4
34 40 9
33 40 37
40 14 12
23 41 15
14 24 22
43 29 9
23 78 15
25 65 28
24 80 15
6 15 32
2 23 36
22 72 7
38 77 1
6 50 29
17 60 3
31 31 20
10 71 24
9 63 27
33 44 16
36 70 13
42 81 5
36 18 12
7 62 14
6 31 25
31 63 31
38 19 2
32 14 32
33 58 2
45 62 30
3 44 2
11 74 15
27 11 38
20 48 7
21 32 30
21 49 31
40 20 35
30 26 8
6 29 2
34 6 20
17 29 32
26 72 7
4 22 1
44 57 13
4 15 28
26 75 39
14 45 39
10 19 29
32 71 8
38 48 34
17 31 7
7 4 13
6 44 21
17 14 27
21 77 26
4 21 4
32 4 33
47 37 27
23 58 12
7 13 36
17 30 23
23 20 13
35 29 35
11 63 40
47 8 18
43 18 9
15 24 19
26 9 2
19 8 15
9 16 11
7 69 34
24 20 39
22 81 12
20 24 3
5 53 28
5 25 10
12 41 33
12 50 22
44 22 31
26 40 34
26 75 12
6 44 23
7 23 15
45 80 14
29 9 24
43 76 19
45 12 8
27 5 28
13 24 14
38 31 39
28 33 39
10 58 19
28 44 3
3 2 27
15 18 14
8 19 23
21 72 21
8 31 21
25 24 21
12 27 29
16 75 37
1 20 29
32 12 33
25 58 22
14 36 36
30 76 19
32 78 32
9 61 29
5 47 40
2 56 16
30 25 31
14 73 27
12 2 3
28 64 36
47 15 16
39 35 14
15 57 35
31 40 1
26 53 37
11 74 38
46 72 36
46 44 26
1 80 5
9 2 3
20 28 22
16 42 20
40 8 5
11 10 13
8 37 33
10 21 21
42 4 14
38 3 6
27 24 1
9 57 32
44 67 26
17 21 18
43 3 38
38 72 25
20 70 9
4 38 7
10 45 29
25 51 14
42 40 5
10 21 18
7 5 24
14 18 36
21 27 2
13 6 30
24 30 38
37 52 12
36 24 25
17 22 9
39 6 3
19 37 28
19 25 37
9 50 29
9 26 39
35 12 27
6 31 4
42 68 34
43 67 36
46 41 37
46 23 33
25 5 29
35 47 12
22 80 2
10 70 5
26 58 9
44 5 33
46 74 31
9 81 18
19 63 4
21 39 14
4 11 3
32 61 8
26 18 33
4 10 40
3 71 23
14 7 21
30 15 35
34 19 20
16 9 40
4 27 24
6 75 22
4 82 25
22 40 33
7 52 23
26 26 24
30 82 5
41 63 4
14 63 10
44 77 29
45 71 25
20 54 23
9 35 7
39 29 38
16 80 20
9 20 26
29 12 40
6 38 33
33 12 14
17 78 36
18 22 13
10 73 36
13 12 5
7 51 36
14 12 18
3 1 16
28 39 3
27 39 39
2 58 11
13 63 5
2 65 12
10 13 37
38 82 22
12 53 26
16 21 5
43 50 40
47 75 5
35 53 2
13 73 29
45 26 23
42 42 31
20 5 7
23 51 36
41 75 32
24 51 38
31 35 4
7 11 22
16 8 40
10 20 3
4 36 37
38 6 22
11 76 19
24 30 11
41 38 36
10 3 16
46 8 40
27 14 21
11 33 31
22 80 40
45 33 25
23 40 14
7 15 35
29 38 28
20 39 30
16 33 39
30 24 21
12 65 35
40 17 18
34 40 38
16 23 32
1 46 36
39 70 9
2 62 9
4 75 4
13 53 19
30 5 39
2 71 16
7 71 3
41 63 11
3 50 18
15 28 23
23 20 22
31 62 28
4 63 23
2 41 27
12 17 32
23 54 7
33 14 28
5 25 31
32 72 21
18 49 20
17 55 3
28 1 25
22 64 8
19 43 1
25 26 34
21 49 18
21 3 5
13 4 34
47 25 37
2 77 4
19 76 16
46 6 29
40 53 31
1 20 3
43 50 15
23 61 12
39 57 6
8 42 3
17 24 9
3 56 33
6 45 18
43 36 29
23 40 32
24 37 18
2 57 9
24 35 17
12 66 11
5 4 34
14 31 5
45 63 33
45 7 28
3 14 2
8 28 39
36 66 27
36 76 6
15 8 22
27 70 21
7 79 20
19 71 10
34 21 11
15 80 6
39 20 2
1 26 1
27 51 8
16 55 18
42 16 25
44 24 14
41 71 31
23 59 11
39 75 21
26 32 35
12 77 33
46 75 34
30 76 20
34 42 38
27 28 16
26 63 40
37 57 34
16 11 30
47 44 12
14 67 3
24 50 21
20 51 15
18 46 16
46 8 4
2 4 24
3 19 6
19 45 22
42 69 19
19 64 20
13 35 31
6 15 2
34 77 19
29 14 31
3 45 18
42 36 14
5 23 37
29 44 33
21 79 23
6 24 22
47 6 11
45 34 19
22 27 30
19 28 20
37 55 14
33 19 39
3 18 33
26 14 31
15 53 33
33 15 36
28 52 24
26 66 3
12 69 8
26 78 5
25 73 24
46 71 22
11 8 30
44 65 13
22 5 27
20 6 23
27 38 19
23 10 35
34 78 5
36 69 30
9 45 37
13 73 39
15 51 9
13 81 27
14 13 23
7 21 32
8 42 36
22 8 14
27 55 31
12 42 4
45 28 29
25 14 6
38 61 16
11 68 14
20 22 15
14 27 20
16 51 3
42 67 16
37 4 16
13 12 39
41 20 9
29 48 26
11 30 21
44 3 22
45 5 18
9 11 36
40 20 3
31 41 3
35 39 7
14 76 25
11 47 36
23 63 28
46 75 15
45 72 23
35 17 5
6 22 28
18 40 39
1 10 6
45 7 25
29 67 10
9 51 30
14 30 22
41 49 1
30 8 33
4 26 12
39 38 34
44 34 15
34 3 14
26 80 38
39 53 32
45 22 25
38 80 31
3 40 27
32 59 23
36 3 29
39 54 2
29 51 35
45 73 13
37 6 37
41 34 8
28 46 20
4 31 2
20 71 36
39 23 9
12 24 38
13 2 19
2 60 2
6 45 38
30 35 23
5 45 37
30 57 1
39 30 1
32 61 20
35 34 35
9 25 13
41 38 13
16 21 16
16 52 12
18 17 27
45 72 19
14 31 1
10 3 38
45 48 20
5 53 11
24 27 31
45 3 29
23 9 39
45 2 26
22 79 36
13 34 16
45 43 9
30 41 39
5 82 37
15 39 27
30 46 12
10 12 19
37 64 34
40 5 22
22 57 31
20 21 2
26 63 33
22 67 21
47 81 8
15 18 33
4 21 5
40 31 37
16 10 18
42 55 16
2 78 28
46 28 19
38 69 17
43 43 4
14 66 4
21 18 13
20 5 1
45 35 21
13 47 18
46 81 17
14 79 36
40 35 33
46 48 5
26 50 37
23 65 10
44 8 20
26 42 6
45 76 19
30 50 3
31 37 3
3 17 12
45 14 37
42 14 15
17 8 5
35 72 13
36 35 4
13 30 2
41 73 8
12 60 34
10 37 34
40 56 3
28 79 8
37 20 26
23 82 9
22 26 24
41 60 25
42 40 12
29 5 11
2 20 16
32 67 17
38 17 34
4 27 39
40 28 16
1 60 36
29 36 16
29 24 9
37 79 15
37 5 24
42 33 7
36 19 16
30 35 30
21 57 15
29 23 26
21 72 16
5 52 23
11 40 20
3 76 13
29 68 38
29 26 18
34 45 4
31 30 38
40 61 22
12 44 32
47 27 38
4 60 11
40 64 10
43 70 37
22 51 27
17 20 16
22 2 33
41 5 24
6 4 14
7 55 32
43 76 8
23 69 33
46 14 15
33 27 34
36 64 29
25 5 10
21 69 26
25 76 15
4 3 2
32 33 11
14 16 31
19 4 39
1 15 14
17 1 22
20 15 19
38 21 20
18 27 18
45 78 35
35 82 19
30 35 25
23 80 18
7 18 17
16 64 38
1 22 16
46 80 32
20 39 37
38 10 31
30 79 18
35 39 17
3 81 8
39 72 15
12 36 33
13 64 18
4 51 26
23 35 21
36 34 37
10 56 38
40 20 9
27 69 27
17 77 35
31 60 26
46 58 11
32 57 13
37 39 29
31 78 25
10 78 35
38 15 23
17 14 39
8 16 39
8 75 3
31 70 34
25 77 17
45 33 30
29 52 21
28 61 30
27 53 8
36 65 34
34 80 7
2 59 40
11 38 19
39 16 2
38 43 24
25 51 13
43 67 6
17 26 30
13 24 18
2 72 5
47 8 34
30 81 30
42 24 1
39 82 25
46 61 16
43 28 12
42 23 18
13 17 23
22 37 27
15 44 29
26 36 31
9 76 36
2 64 18
47 13 8
14 33 6
43 79 10
23 61 29
3 7 20
37 54 9
4 70 25
42 58 4
24 26 20
36 2 40
45 41 36
17 37 33
24 9 30
25 66 9
43 33 19
24 3 7
46 79 4
45 16 36
28 21 20
44 14 13
11 34 26
25 31 26
29 48 1
14 19 3
15 48 16
38 9 16
45 15 29
38 69 6
42 56 22
42 43 24
15 50 31
6 19 35
21 2 30
11 42 33
15 5 17
11 50 17
28 22 16
37 81 8
14 68 11
2 43 31
13 63 17
44 44 7
43 30 37
19 68 9
5 26 3
12 47 9
26 55 8
12 45 40
13 74 13
44 69 12
30 28 37
22 4 11
33 74 23
18 3 22
8 30 30
8 23 26
2 21 16
24 60 16
31 68 38
17 81 22
20 55 35
47 35 19
42 74 27
9 14 40
7 49 32
24 66 32
15 65 10
6 67 4
27 7 17
37 24 1
12 65 32
34 74 16
39 75 34
24 31 2
4 41 26
25 23 24
34 28 4
18 27 12
4 5 2
34 49 13
23 9 33
47 49 5
21 9 3
4 41 6
34 44 36
1 32 4
37 71 6
25 29 37
45 67 34
29 3 28
42 63 3
32 26 38
26 55 21
28 65 17
44 70 11
32 34 22
47 73 10
18 16 31
16 64 16
30 63 8
37 46 40
18 43 29
32 51 33
27 16 12
32 70 23
10 17 36
41 15 32
33 80 30
45 55 18
26 63 32
38 23 40
23 3 26
9 57 31
47 52 36
24 81 32
15 31 13
30 46 17
23 52 6
18 4 13
24 32 18
35 22 16
21 20 39
6 75 13
16 22 7
12 33 24
26 21 21
19 82 38
36 70 13
15 38 39
11 78 9
19 11 9
38 6 23
23 61 11
12 48 19
41 61 5
22 18 30
14 1 15
8 52 18
29 58 39
33 54 20
30 39 33
39 37 4
14 44 38
2 31 20
25 32 24
20 15 17
14 37 11
24 64 24
9 57 1
4 67 39
13 3 30
6 76 17
16 18 22
46 16 38
36 44 23
12 38 38
34 82 38
1 23 13
45 63 15
16 59 31
13 13 12
4 8 30
46 11 2
12 54 11
25 16 27
2 10 32
21 4 4
8 47 38
34 25 23
4 51 28
23 57 2
31 73 4
43 53 16
10 57 9
18 78 21
1 11 7
43 31 20
3 78 1
17 63 12
35 32 11
40 63 8
13 63 23
10 25 5
41 41 39
29 23 7
9 73 18
5 56 24
9 5 14
31 15 36
9 12 29
8 14 15
20 78 30
32 1 34
20 78 26
8 10 17
6 28 24
27 54 33
18 60 26
28 14 38
9 10 19
18 56 34
24 10 3
35 43 26
34 52 27
29 5 37
9 69 24
19 31 5
34 32 21
39 24 23
46 67 13
22 13 28
7 4 8
5 38 3
47 31 37
32 79 16
40 20 17
13 55 21
24 18 22
32 65 29
27 41 23
32 48 14
43 23 32
37 57 7
33 76 17
1 31 24
21 79 23
4 56 1
28 39 13
28 6 17
17 18 8
23 71 31
47 60 26
6 66 15
34 79 26
5 12 32
41 1 9
39 5 29
38 46 11
33 36 4
32 45 7
1 47 27
32 68 2
8 80 12
13 51 8
5 36 24
7 6 26
19 31 6
44 62 4
4 82 22
30 81 40
40 45 29
26 28 36
47 38 37
41 68 5
19 33 28
16 34 24
28 31 3
8 67 24
20 11 13
16 79 10
31 54 30
6 25 16
40 63 39
16 25 20
21 6 7
19 3 31
23 1 40
10 26 23
32 21 6
34 51 9
13 64 13
33 41 30
35 78 6
32 31 6
25 32 37
45 9 30
28 54 39
14 44 5
8 79 4
20 24 10
12 41 10
27 18 36
26 1 34
13 36 32
23 44 20
42 32 9
9 33 9
3 58 10
4 45 37
10 59 18
17 13 38
23 36 39
45 38 3
33 32 6
46 32 4
41 1 31
8 67 28
43 49 34
44 31 17
13 28 31
24 40 3
35 64 38
38 50 40
1 70 27
24 23 10
5 54 12
8 7 23
6 77 33
2 76 13
34 59 16
37 28 2
28 6 7
6 19 19
43 52 32
23 80 13
17 33 23
35 9 3
20 12 12
6 37 13
22 11 6
11 66 32
23 3 3
33 61 3
33 67 38
2 3 24
8 64 24
40 22 27
5 64 9
7 66 28
31 2 21
38 61 17
37 72 29
6 13 39
21 76 15
42 39 24
36 44 34
40 42 6
36 32 16
19 33 7
10 50 6
46 61 25
31 5 31
22 50 35
43 78 28
4 68 34
13 36 27
13 49 32
38 14 35
32 41 23
19 9 9
12 72 38
32 57 36
42 43 9
22 7 12
12 32 40
23 76 26
21 28 17
47 78 26
24 39 20
23 8 6
17 77 9
35 50 33
10 54 8
24 43 36
18 53 36
7 48 33
19 23 7
31 51 38
20 9 3
12 62 21
43 49 10
23 46 18
37 30 39
35 1 17
14 79 34
9 21 35
36 20 2
11 26 23
9 24 14
47 80 35
4 53 10
14 56 29
15 61 37
47 1 11
8 5 38
13 18 40
22 42 8
39 42 12
12 81 39
33 17 28
36 24 3
37 79 13
9 22 5
42 62 36
34 52 37
23 57 24
3 13 36
3 42 25
19 46 36
46 30 26
22 38 29
24 52 1
18 34 39
42 15 9
19 9 38
37 57 13
2 44 14
4 80 35
20 76 7
9 62 9
39 65 19
44 42 10
35 81 4
20 38 38
27 17 17
8 47 22
1 27 23
26 15 7
12 11 18
5 41 18
17 57 16
31 44 31
6 19 9
38 13 35
45 18 21
26 33 31
11 41 34
17 77 6
45 56 26
34 52 16
43 4 32
33 43 13
16 61 39
22 82 39
25 74 22
45 21 26
29 81 12
37 81 15
8 41 20
44 6 6
32 10 24
35 42 37
12 48 23
39 25 35
23 52 29
23 24 5
44 19 2
27 6 18
44 63 7
2 53 23
8 68 8
3 33 3
26 78 23
14 60 33
40 16 8
7 61 28
37 3 30
18 46 16
15 65 33
6 35 23
6 23 14
33 24 8
14 30 30
1 78 38
18 77 27
3 59 31
15 36 25
1 40 25
18 38 39
9 55 34
7 31 16
32 13 37
19 42 34
11 32 34
15 39 17
43 31 15
37 60 7
18 46 23
12 33 34
40 16 37
43 41 17
42 8 17
37 72 13
14 7 36
4 78 1
19 59 6
22 78 32
21 71 1
27 45 13
36 27 2
22 46 5
45 65 13
25 47 33
25 46 16
28 12 33
46 32 5
3 14 37
18 32 1
27 7 11
38 31 11
24 46 9
13 1 5
46 51 16
11 30 35
40 6 34
19 22 20
6 40 8
21 18 5
17 6 16
15 61 35
2 14 30
34 41 23
34 60 38
40 72 20
15 61 1
35 58 35
24 70 14
35 19 12
18 73 33
32 53 7
16 11 18
41 79 31
45 29 11
24 9 21
43 42 36
40 1 9
18 21 29
23 44 19
15 13 16
12 55 26
30 10 36
47 26 23
22 12 3
2 31 18
45 41 28
41 35 1
10 13 16
25 31 10
3 1 17
47 68 22
7 2 22
1 18 18
6 17 8
4 54 1
17 37 26
41 42 12
23 59 40
31 81 37
28 16 26
1 48 5
38 75 32
42 46 27
36 78 19
32 24 16
31 37 19
10 18 9
35 34 2
42 48 8
30 26 25
22 29 15
7 8 1
38 52 13
18 68 22
17 78 8
31 49 39
6 29 10
34 13 5
3 11 36
5 69 37
33 67 21
27 7 20
1 21 17
26 53 34
16 24 9
44 4 3
11 69 30
40 25 30
2 27 21
30 71 33
28 51 4
31 48 20
42 73 38
43 60 36
47 69 19
47 35 34
21 28 15
14 29 36
46 21 38
33 15 10
6 66 5
47 41 5
15 53 25
27 55 39
24 45 3
23 49 21
42 59 32
35 41 33
3 73 19
26 77 12
23 73 4
32 47 16
13 23 31
36 10 7
31 13 31
41 5 24
6 43 24
33 1 32
27 36 40
6 66 24
27 20 40
8 16 29
41 4 27
5 53 37
18 27 11
11 20 11
47 24 25
33 80 6
17 21 13
42 45 23
6 32 25
7 68 8
11 12 3
12 47 24
29 73 30
28 25 28
22 63 9
45 16 7
16 64 9
11 67 4
37 67 11
44 1 37
12 53 32
32 79 22
33 11 4
35 57 18
32 62 27
47 11 16
8 21 29
8 30 31
17 81 6
20 58 4
10 73 23
5 12 17
5 32 31
4 20 28
22 68 16
14 27 11
12 23 40
14 79 16
18 37 18
19 42 12
26 76 24
47 22 20
9 63 35
1 10 23
2 21 13
31 63 17
32 1 17
38 28 37
42 4 13
24 15 13
15 49 38
10 16 13
20 81 31
44 80 16
25 55 33
26 59 29
45 81 24
20 25 25
27 37 38
18 54 37
37 33 2
27 59 8
37 75 13
47 14 12
3 57 8
31 74 39
3 71 24
29 62 17
11 79 14
30 80 32
22 78 19
34 76 37
6 45 1
39 21 19
41 34 25
36 10 28
30 79 18
13 75 29
45 61 5
8 41 21
10 46 32
39 36 28
43 23 3
38 82 13
39 42 26
44 16 40
32 49 20
11 62 7
38 76 32
17 61 9
14 56 23
35 40 30
15 28 36
43 31 26
47 44 8
3 62 38
38 33 13
46 44 2
47 52 16
37 34 8
16 67 26
32 23 17
43 7 23
39 14 32
20 72 17
6 61 40
26 49 21
46 59 23
9 67 35
39 63 22
38 77 7
20 80 27
27 7 14
39 43 5
5 64 38
15 6 15
47 42 6
41 39 10
2 67 4
4 58 10
44 34 40
13 64 29
44 38 31
23 22 14
11 80 7
9 21 4
31 38 29
25 47 26
1 4 20
36 29 18
20 32 1
41 64 11
2 31 27
28 44 16
4 30 36
12 8 20
23 16 22
47 25 22
44 81 2
34 16 4
45 6 36
34 66 12
27 82 31
38 13 34
23 78 3
5 41 14
17 27 9
10 54 31
21 64 40
36 65 13
6 40 20
12 53 26
19 80 19
25 37 19
42 68 36
5 42 35
23 71 36
37 28 12
42 71 38
14 76 18
30 23 20
11 8 10
24 2 11
5 53 39
14 20 30
5 67 9
10 51 39
36 2 35
9 48 17
40 78 27
17 11 12
10 27 2
29 34 35
33 36 11
2 82 18
6 13 8
13 12 4
7 73 17
35 20 34
24 45 14
10 64 26
42 27 39
9 18 4
28 75 18
44 1 5
19 39 4
25 7 38
17 11 2
38 17 4
13 60 30
35 66 34
38 31 13
31 1 13
43 39 26
12 81 23
40 4 3
9 29 33
45 63 16
29 35 21
12 77 10
26 8 29
28 9 23
8 31 23
45 70 30
22 30 29
26 75 10
3 8 26
34 44 2
8 55 21
20 21 14
43 71 10
41 9 7
29 3 26
20 72 16
23 55 34
31 44 13
22 14 2
12 26 12
38 72 8
12 10 13
44 18 25
2 44 12
4 60 27
8 63 21
15 81 7
4 69 29
27 31 8
29 41 23
36 35 32
35 14 10
5 54 30
2 5 35
16 31 16
42 76 39
18 1 8
40 22 4
40 66 37
41 21 22
24 22 8
38 33 11
20 10 22
40 1 4
21 69 29
39 51 33
11 57 36
19 30 1
36 19 14
3 68 12
44 1 9
46 53 37
4 41 13
23 40 28
11 71 2
20 2 17
31 31 34
25 28 11
16 33 35
8 15 23
34 21 35
29 38 2
8 66 3
46 51 40
27 43 15
9 41 30
6 34 17
40 57 12
34 58 28
34 70 37
41 63 21
9 51 1
26 22 12
41 60 9
44 48 37
17 40 29
10 51 5
19 74 20
8 41 19
41 66 39
3 10 18
2 21 24
14 77 17
36 72 2
11 35 22
44 31 14
26 66 1
39 10 12
18 67 34
33 14 30
31 77 8
30 23 24
44 30 21
15 5 4
4 31 16
18 43 5
45 46 17
14 29 22
19 45 37
31 60 40
34 17 5
1 79 18
18 45 23
20 66 23
3 67 24
24 75 28
40 53 19
41 25 35
9 13 29
37 9 32
28 67 20
19 24 12
36 52 31
13 45 26
40 28 20
44 14 27
36 11 6
27 37 10
11 44 27
12 79 17
2 64 25
2 72 9
8 79 33
42 16 3
10 71 15
20 3 39
18 72 31
22 25 40
19 12 38
17 69 34
43 66 24
42 22 8
7 18 25
36 42 39
5 81 29
18 5 31
18 4 26
19 44 10
30 67 7
18 70 15
22 72 19
20 71 17
22 9 12
28 37 35
39 49 32
43 7 22
38 82 31
14 38 11
30 11 5
27 49 35
25 73 16
2 73 18
47 22 38
28 46 20
44 3 10
27 76 38
25 44 7
47 77 23
43 30 40
11 76 29
28 7 5
1 74 26
22 33 5
32 67 25
33 53 14
39 66 2
6 6 5
32 8 32
10 21 18
26 39 33
11 8 5
16 19 12
24 82 14
18 45 11
29 40 38
7 2 10
16 19 1
44 43 25
46 62 34
25 74 40
41 24 11
29 64 25
3 58 33
40 50 4
19 27 11
23 77 20
19 46 4
6 31 38
7 11 30
42 53 27
33 82 1
17 48 6
20 39 23
47 72 5
34 43 8
17 49 24
2 76 21
18 42 28
28 59 19
39 37 23
43 68 17
38 13 17
28 69 4
17 19 3
24 76 40
32 77 34
42 52 32
47 53 38
14 11 14
31 53 16
45 33 19
39 42 33
32 28 15
24 18 38
33 60 4
42 47 22
19 18 30
22 68 14
8 67 27
27 47 31
12 76 36
17 3 15
17 82 35
17 56 13
47 78 39
34 43 22
20 31 18
15 30 23
36 65 33
27 82 33
31 68 20
29 77 6
43 35 18
28 17 9
16 66 6
4 56 38
17 6 31
14 82 29
35 74 20
33 5 38
28 41 35
32 40 19
12 72 33
45 1 40
35 58 24
1 62 9
32 71 16
22 55 37
40 55 17
41 66 16
34 15 27
20 6 36
39 55 10
47 78 29
30 78 25
12 9 1
28 78 33
17 21 23
39 39 39
47 30 26
2 13 39
27 65 5
31 52 18
34 41 15
21 40 15
46 12 37
40 45 16
12 5 27
22 63 32
2 2 21
1 61 8
7 33 13
16 59 31
36 59 8
1 53 37
21 81 39
39 48 17
1 48 19
39 47 23
28 13 3
5 38 32
36 11 31
27 45 12
3 55 5
36 51 30
46 35 34
20 25 33
16 55 26
13 39 20
45 53 31
17 11 28
15 51 21
10 23 22
35 33 1
28 23 3
26 19 35
22 75 22
37 43 9
18 2 15
13 21 19
1 46 14
45 75 34
42 20 36
24 68 10
17 7 20
14 20 40
31 29 17
47 24 9
27 13 16
34 3 23
11 49 9
4 66 27
4 28 22
11 79 39
30 8 19
11 34 33
13 78 1
14 14 40
35 5 36
6 67 11
17 72 27
39 12 11
22 27 15
10 38 22
31 17 7
6 27 40
38 46 26
20 55 6
45 81 31
13 16 25
30 32 12
30 58 7
29 53 27
35 67 28
7 9 9
15 30 12
1 69 13
37 9 16
46 63 18
9 54 24
23 21 20
20 69 28
46 70 39
38 25 15
30 81 23
3 62 31
38 21 14
35 56 8
20 29 13
28 19 2
15 70 5
40 55 1
21 9 34
18 12 29
40 54 25
20 20 6
6 37 33
8 28 1
44 8 19
37 29 39
14 54 13
36 72 20
21 11 31
1 53 28
39 54 30
29 78 2
35 59 13
1 1 33
9 38 35
34 46 6
22 75 38
24 48 31
16 4 24
10 37 36
14 56 36
2 80 18
6 36 10
28 77 19
38 75 7
29 60 32
5 74 18
43 81 10
1 14 22
38 17 26
25 3 4
44 12 30
44 54 12
32 32 20
1 72 18
32 2 17
6 43 13
47 48 2
1 76 22
33 81 17
33 34 24
14 63 30
16 53 22
15 55 26
24 43 39
27 7 27
25 10 11
27 38 18
38 39 2
21 39 2
29 14 6
9 62 39
40 19 10
16 51 23
14 49 38
45 74 12
16 73 9
9 30 18
2 11 6
47 31 5
40 70 14
13 62 15
15 9 10
47 23 5
18 27 1
43 53 13
9 79 30
3 43 34
21 15 20
4 42 39
38 48 12
41 54 28
34 54 5
45 78 28
4 22 18
21 69 4
9 56 6
15 71 11
2 42 4
8 76 28
33 39 32
4 3 15
23 81 9
33 76 27
15 15 23
24 63 32
12 11 30
11 10 2
17 56 5
38 72 7
15 40 21
30 28 28
5 68 17
27 60 3
3 20 6
27 5 32
8 77 3
45 47 40
38 10 17
39 47 19
28 70 31
41 30 15
29 14 36
42 6 4
27 34 17
39 37 36
40 27 32
40 34 10
31 77 25
15 33 27
41 69 5
11 11 13
41 13 10
31 74 19
33 14 27
1 48 4
8 55 32
35 3 35
46 41 20
14 52 2
38 34 14
20 18 26
39 67 39
15 44 1
33 15 6
14 49 17
13 2 11
3 32 27
30 4 17
12 28 2
25 35 16
9 65 27
43 68 37
16 4 10
13 12 12
4 1 1
43 33 3
40 6 38
43 40 39
29 21 28
25 61 36
29 52 8
12 10 29
11 42 34
20 17 17
30 41 21
45 37 27
7 18 12
39 43 35
11 65 32
35 25 4
28 55 12
15 2 3
37 43 28
12 27 6
6 26 29
39 28 19
41 10 31
1 81 20
47 64 40
44 62 6
3 59 28
2 47 21
10 18 27
21 22 9
13 74 30
2 33 16
15 55 28
45 78 1
14 73 22
5 22 20
44 20 26
38 51 17
47 62 3
40 53 2
17 2 10
14 6 1
41 19 31
24 59 16
44 70 6
44 50 16
40 11 22
4 72 36
12 52 37
19 68 3
27 60 2
6 55 9
45 75 5
38 49 7
20 68 29
9 32 10
16 72 28
37 24 38
33 25 29
28 78 13
41 4 24
26 60 15
6 65 40
32 77 30
15 58 33
29 42 30
7 81 13
2 23 15
22 48 1
46 68 39
44 67 16
13 64 3
45 74 26
4 56 1
1 69 24
43 23 2
20 73 24
44 50 29
3 80 6
37 10 24
24 21 33
38 12 5
44 47 23
12 22 21
41 77 13
16 71 20
36 61 17
13 81 29
43 12 10
12 63 1
6 9 27
1 16 8
30 58 30
23 1 24
3 26 9
30 66 17
12 45 11
4 44 27
34 44 5
30 58 35
40 39 31
9 17 17
30 47 14
40 82 7
1 34 5
8 29 25
15 1 30
3 38 4
19 25 38
41 78 2
17 43 40
16 45 7
16 5 27
5 29 18
17 62 16
15 1 10
36 7 29
34 56 36
34 31 30
9 21 22
5 79 24
46 20 7
38 22 6
43 61 30
7 5 4
19 13 3
18 36 13
24 27 5
16 78 8
25 49 32
29 13 12
36 3 15
23 70 19
40 26 24
30 47 31
29 11 28
46 3 33
40 76 21
25 26 34
27 29 25
15 3 22
25 76 5
25 75 12
17 53 6
14 1 38
26 1 21
27 36 24
33 1 19
16 5 30
29 40 3
30 76 4
21 64 24
33 62 18
31 77 5
39 4 19
1 71 14
8 2 4
23 72 18
5 17 14
34 46 23
46 68 14
3 55 23
35 36 24
17 6 24
29 42 2
17 66 18
18 46 29
31 74 40
40 67 12
3 15 13
5 24 7
14 73 10
16 53 28
32 19 32
26 12 38
28 38 4
29 38 19
7 37 4
39 73 40
31 65 25
7 71 30
41 7 16
12 66 1
28 69 39
11 47 26
27 71 2
7 11 24
47 60 1
40 23 26
24 82 33
40 70 19
28 80 7
44 22 22
46 67 5
43 68 38
29 14 38
24 40 2
4 6 23
6 2 24
28 53 24
24 80 8
46 42 13
30 73 24
6 12 40
34 16 30
35 49 4
21 19 20
44 34 19
34 26 5
4 33 20
25 37 9
32 53 32
5 16 7
33 32 13
32 25 20
35 31 19
14 66 1
30 44 21
9 8 6
12 77 24
8 27 18
21 31 30
46 3 9
19 38 36
39 72 25
9 77 22
11 51 29
22 55 8
5 47 34
30 8 32
9 8 10
17 33 25
11 66 2
12 68 16
29 3 37
3 71 20
17 35 21
23 58 22
33 53 19
35 32 22
32 42 24
12 81 3
39 62 40
6 16 27
5 14 7
2 41 12
36 54 7
32 5 2
16 13 15
24 1 23
36 19 38
10 10 37
32 62 16
20 72 30
40 35 30
1 40 14
47 25 10
4 79 29
9 31 5
17 59 18
33 19 7
19 50 7
14 51 21
12 11 24
27 64 16
7 56 9
19 48 11
25 24 23
31 13 40
10 40 19
25 76 35
23 5 26
12 53 29
9 81 4
38 12 28
1 25 22
43 28 7
7 70 32
28 15 40
36 63 27
24 78 24
45 19 38
1 39 18
32 73 27
21 61 18
1 63 31
26 38 26
21 47 12
16 8 20
15 9 2
36 35 38
11 14 11
6 50 5
13 35 6
16 44 38
9 21 9
16 74 7
7 61 33
17 35 40
44 19 34
33 74 6
2 34 39
39 56 2
25 38 32
40 76 33
3 21 27
30 33 9
12 15 24
16 67 35
27 68 23
14 68 2
26 13 16
42 46 12
30 40 33
42 62 32
27 2 40
15 74 25
24 19 7
33 35 28
44 81 5
31 57 7
10 46 26
35 59 19
36 75 4
38 78 4
35 10 39
11 38 28
9 32 29
47 29 13
36 33 8
14 70 21
20 22 34
21 68 2
22 26 29
45 56 25
11 69 13
2 33 19
8 39 4
8 53 2
44 60 19
33 68 17
11 33 12
5 71 28
15 49 30
45 15 20
43 20 20
27 34 33
39 70 31
16 18 10
38 16 34
27 58 8
3 61 34
9 66 29
7 20 34
18 71 26
42 24 38
25 10 5
47 73 17
4 47 35
13 36 10
9 29 26
26 58 12
14 19 28
47 35 6
22 71 16
9 22 14
9 26 32
16 61 37
7 25 11
20 10 13
28 50 19
46 13 1
19 31 38
39 20 13
32 72 34
47 24 6
10 68 21
5 14 25
22 3 20
29 1 36
25 33 19
10 33 20
22 29 9
17 59 11
13 75 12
15 80 28
20 44 23
23 69 11
4 41 23
30 52 29
34 56 35
16 64 22
26 24 36
18 41 11
27 71 11
38 73 33
33 8 2
11 63 34
1 20 39
24 27 1
5 67 7
13 55 30
30 82 12
1 70 15
41 17 8
20 73 31
29 82 25
17 57 35
9 49 16
38 33 20
8 36 23
32 22 36
37 30 2
34 61 14
13 70 15
40 19 8
23 7 38
33 63 39
4 77 6
21 26 7
14 1 33
11 34 26
11 50 8
28 68 38
38 5 7
3 71 36
32 11 26
34 7 13
28 38 36
9 17 15
45 26 17
8 75 5
26 77 31
37 7 13
31 21 22
23 42 7
34 4 20
21 24 31
11 31 6
17 11 4
29 8 8
31 9 23
37 76 14
8 62 31
10 1 16
22 64 38
20 19 24
5 51 12
32 6 13
12 39 13
23 60 2
40 76 33
21 43 18
23 3 4
45 62 17
43 66 20
2 58 20
47 60 13
47 74 36
5 80 11
22 51 6
40 44 7
28 63 15
29 74 26
14 59 6
46 45 29
11 39 21
47 36 11
8 2 1
32 47 5
34 75 27
37 58 7
40 24 36
9 20 16
31 66 36
21 34 6
21 24 32
17 49 16
43 20 21
23 25 34
34 49 13
23 48 23
19 1 34
24 64 3
30 32 23
20 75 28
33 2 14
37 60 20
14 26 30
19 69 2
20 9 40
40 49 32
3 7 23
47 18 37
35 45 14
16 62 40
43 55 25
23 33 36
45 52 11
1 18 13
33 38 7
35 82 39
14 20 40
13 37 11
27 32 11
1 49 28
2 10 20
15 49 22
26 36 37
4 68 22
35 1 27
26 77 33
5 70 10
5 30 21
47 57 23
35 53 19
32 28 12
44 19 28
2 69 22
9 59 8
17 8 28
19 71 2
18 56 11
38 73 2
17 57 9
25 35 8
43 10 23
31 35 29
26 36 1
15 32 35
20 82 37
31 49 38
45 60 12
35 20 40
42 79 35
12 56 5
34 16 6
12 7 25
10 61 4
23 5 3
37 40 27
13 3 32
21 63 7
36 70 19
46 36 3
47 13 28
3 8 11
11 78 13
3 42 30
24 25 10
7 49 2
45 41 24
42 62 15
35 68 14
43 56 13
9 58 33
40 15 12
32 39 6
8 22 35
21 68 2
8 61 4
5 12 31
24 70 28
39 40 2
41 45 29
2 76 26
39 10 3
28 57 5
33 42 39
9 22 19
42 42 12
9 10 11
3 11 4
46 17 34
2 73 32
24 67 30
20 22 40
26 3 24
21 59 3
22 1 6
15 66 37
11 16 31
28 13 13
14 13 33
31 12 30
23 65 26
11 56 34
22 14 23
29 11 13
34 41 21
1 24 27
16 65 27
40 49 7
14 72 3
40 34 36
28 38 9
8 37 33
25 24 29
47 75 13
3 53 30
37 76 17
8 13 15
35 72 20
7 4 6
8 52 30
17 50 34
3 20 38
12 76 15
43 81 7
47 49 5
27 25 11
1 43 16
23 41 11
6 52 24
28 66 18
27 13 21
7 10 20
4 59 14
19 32 38
20 12 30
8 8 18
33 34 40
29 38 10
4 2 32
21 56 3
41 29 8
33 7 7
40 22 28
44 33 24
45 25 6
3 57 30
13 53 38
42 68 20
39 18 20
10 44 7
36 64 23
34 15 7
28 71 33
46 54 5
3 73 32
5 42 37
11 8 4
21 21 32
25 22 12
43 6 1
26 7 1
17 24 29
11 53 21
17 52 9
32 53 30
14 44 29
21 9 4
7 4 11
24 8 23
17 53 11
45 43 14
19 3 13
7 11 8
39 71 7
5 61 11
26 74 15
25 66 4
47 18 16
45 19 5
19 50 27
20 56 16
28 44 26
25 69 37
45 34 24
9 19 8
37 63 27
12 31 29
41 63 34
37 64 12
35 7 38
22 13 2
16 23 10
2 16 16
43 17 9
11 76 31
42 12 29
28 11 20
35 3 35
3 14 20
22 78 22
14 68 13
28 21 26
38 13 16
1 2 23
43 3 33
43 2 14
33 74 25
40 6 25
40 8 9
46 4 6
6 77 6
21 15 19
27 4 21
22 40 34
35 41 34
2 13 5
13 13 30
41 2 23
20 70 27
22 70 21
3 38 21
10 27 13
26 34 10
3 43 30
14 27 25
39 47 34
24 21 24
13 18 25
9 69 11
6 27 33
37 30 38
33 60 16
43 81 20
24 30 20
2 34 7
33 43 10
37 71 31
45 9 37
3 26 38
28 16 15
1 54 11
17 32 31
47 19 27
15 59 7
7 77 2
5 8 19
19 15 18
27 38 33
19 16 27
5 2 25
30 35 38
4 20 9
34 33 3
17 49 37
8 7 22
30 32 22
21 47 29
27 60 23
31 72 5
22 31 12
42 45 34
44 5 37
9 17 32
28 35 31
40 80 24
24 16 17
44 47 30
28 25 18
34 30 13
6 10 15
21 57 23
47 35 20
3 12 34
47 81 12
33 55 28
6 55 29
19 2 4
22 75 15
20 17 26
8 74 13
22 75 38
12 82 36
39 9 25
29 37 39
26 33 13
11 72 30
4 65 23
24 46 13
25 59 36
37 32 35
5 18 40
35 24 37
20 17 9
38 78 38
6 41 4
45 43 40
11 36 2
29 60 6
16 2 25
27 62 10
1 38 38
34 77 33
33 67 8
35 58 20
24 53 21
39 31 23
22 19 17
37 80 4
23 33 37
8 28 8
1 53 29
29 7 26
45 28 3
26 54 16
29 23 3
30 59 35
18 10 26
34 9 12
25 58 3
6 67 15
16 64 26
3 5 19
16 40 9
33 5 35
22 33 4
32 74 35
18 33 22
37 55 28
8 54 31
10 52 7
17 63 38
11 66 37
15 58 20
24 2 40
22 45 1
7 3 18
17 15 5
29 33 6
5 3 14
11 45 28
47 7 23
42 75 10
23 42 6
45 35 5
12 41 30
25 16 36
10 27 22
31 15 26
12 58 25
39 3 29
19 62 14
10 39 24
14 42 9
42 46 11
16 35 23
31 72 10
15 3 23
17 37 33
19 55 12
27 48 38
17 25 13
4 38 33
29 30 20
18 7 33
47 3 13
7 33 6
23 22 16
22 73 7
4 41 8
46 71 16
26 15 20
34 8 5
45 66 30
43 65 24
1 19 33
1 16 26
26 13 6
11 49 7
31 57 3
30 11 18
1 50 14
15 20 34
34 14 40
13 71 36
39 27 12
32 79 26
24 23 31
6 75 35
47 15 8
3 27 18
21 21 10
42 10 28
41 27 4
27 2 28
21 75 24
26 33 6
37 59 38
2 68 21
14 38 21
32 79 30
9 82 1
38 49 31
42 74 4
35 3 7
47 3 35
44 42 20
44 20 13
5 61 13
27 80 9
22 16 16
13 1 21
33 44 35
45 59 6
34 44 26
21 15 26
22 23 28
41 40 37
16 52 34
29 10 19
31 33 13
28 22 3
24 32 12
38 9 21
13 65 15
10 13 31
6 9 37
25 38 14
1 33 10
26 48 29
14 21 33
47 51 25
15 10 9
32 5 19
33 51 20
18 80 13
34 62 1
35 22 14
11 4 40
6 80 19
47 7 6
44 65 13
24 34 31
16 49 6
11 75 12
40 55 19
15 36 40
18 1 14
23 80 33
25 29 26
42 52 30
1 29 37
44 3 12
32 41 16
2 61 24
19 15 8
16 27 29
33 13 3
1 26 10
37 43 8
37 39 35
23 39 39
1 42 4
21 21 2
30 51 18
3 41 16
39 55 14
43 29 18
18 12 32
23 47 13
40 81 33
37 3 13
9 55 40
26 14 4
43 73 18
6 12 2
1 31 16
7 39 40
32 5 23
26 10 30
1 47 23
10 9 40
19 24 33
15 38 18
3 47 9
11 40 5
7 13 12
27 66 11
1 49 5
46 25 34
17 28 32
19 77 28
2 81 4
20 1 6
41 22 26
31 32 2
2 47 18
21 27 9
44 72 32
33 7 3
7 26 9
4 28 14
17 12 18
9 46 8
14 30 38
14 20 23
28 56 27
4 56 8
39 73 39
21 27 5
10 14 2
27 56 1
6 48 40
40 52 9
8 5 14
1 3 26
8 58 8
28 15 39
7 51 14
9 11 38
15 65 30
43 12 7
14 22 22
8 80 18
39 55 40
22 43 18
36 18 24
14 5 14
35 53 32
43 65 26
32 66 14
4 31 32
35 48 28
8 31 23
25 18 23
3 79 39
40 62 33
45 62 24
13 69 11
13 63 18
5 71 40
14 62 22
4 43 20
21 27 22
5 27 24
15 47 4
3 53 36
31 6 9
7 18 37
36 4 24
3 27 3
42 5 40
1 66 19
26 79 39
23 28 32
6 51 19
38 29 39
37 25 21
43 44 10
33 20 13
32 3 11
8 47 35
9 51 2
38 9 38
14 60 18
26 10 2
25 73 28
40 69 32
9 56 36
23 32 13
2 21 8
7 80 1
2 82 36
3 75 7
19 33 8
26 14 9
26 78 1
17 64 8
18 27 4
46 36 39
37 23 11
47 34 4
45 61 3
30 14 25
41 72 19
28 20 29
41 66 38
16 15 25
21 68 6
37 2 23
7 49 39
42 77 10
31 58 39
20 26 28
38 52 21
14 30 30
16 44 4
41 21 13
7 2 40
26 10 35
36 2 36
20 27 10
10 49 21
19 46 6
37 22 6
11 18 10
26 38 15
43 79 33
28 66 9
21 73 11
27 49 20
26 57 34
4 11 32
27 17 29
16 2 6
29 8 13
42 40 27
38 27 16
33 10 20
1 10 14
21 6 40
19 44 24
14 73 10
46 46 34
33 64 12
24 33 10
7 80 35
19 33 22
20 34 12
24 31 12
24 17 17
23 43 24
27 56 17
25 8 8
21 57 23
16 37 32
44 22 40
43 13 35
40 69 25
31 53 30
19 1 32
7 21 39
25 81 34
21 6 21
36 78 22
37 64 30
40 52 22
10 4 10
44 46 34
46 32 32
31 28 16
40 11 33
12 59 12
39 65 34
7 18 2
37 41 2
41 29 24
16 74 28
25 51 5
11 63 19
33 45 34
37 15 12
36 42 7
32 17 37
41 74 10
41 46 31
7 3 12
10 35 2
15 65 22
22 37 21
22 33 6
36 5 31
3 29 20
27 2 33
1 16 26
17 62 40
6 77 13
14 13 34
9 19 20
14 51 20
31 65 21
44 51 39
22 69 23
28 38 2
4 54 15
7 5 30
15 14 13
35 5 5
47 31 33
21 73 16
14 46 34
18 55 8
42 1 33
16 49 15
12 39 10
3 58 37
7 64 9
40 27 37
47 46 40
46 50 12
46 49 5
29 26 39
26 29 25
5 78 14
23 21 5
8 43 10
12 34 28
40 35 26
7 57 35
31 30 16
19 68 40
41 68 3
21 29 28
40 54 40
25 14 28
43 41 19
42 1 15
32 35 32
27 66 34
44 41 34
45 73 17
42 73 2
38 27 37
11 54 3
23 29 4
40 36 38
40 34 11
17 9 26
16 2 13
38 20 35
43 60 8
13 10 38
21 38 28
26 10 22
30 8 38
31 16 2
40 22 25
33 75 7
46 78 9
40 79 14
33 72 25
5 13 15
15 12 28
39 37 27
45 63 1
40 21 39
1 19 5
22 50 28
41 27 5
9 41 35
16 50 13
27 34 5
3 43 25
22 54 18
20 62 27
34 42 14
10 24 4
40 8 28
21 73 32
42 39 11
17 2 31
29 19 7
3 63 32
30 7 13
10 46 34
23 16 14
12 22 26
44 23 5
46 42 14
26 6 27
23 8 1
21 46 37
11 2 22
30 72 3
8 22 10
47 42 40
23 7 12
40 24 12
47 60 16
12 18 21
2 1 34
24 31 34
24 56 25
25 31 33
30 15 32
2 15 5
36 70 11
5 30 35
29 59 33
3 54 19
43 38 21
38 42 17
35 6 30
32 31 5
15 23 19
42 67 31
24 76 24
19 81 5
40 2 6
41 6 18
12 51 28
8 56 31
7 17 40
44 74 37
21 58 5
9 52 22
32 44 34
22 10 10
3 21 37
25 72 3
47 68 24
9 11 8
4 79 21
21 74 9
18 16 16
10 63 28
2 80 12
6 78 19
15 11 9
13 7 32
8 80 37
29 11 32
4 63 37
26 42 31
32 78 40
7 18 15
38 78 17
47 21 1
16 27 36
43 28 38
44 59 20
34 61 30
24 66 36
44 51 33
47 4 31
5 60 17
26 73 37
14 59 38
8 52 32
6 43 33
15 65 39
37 72 37
34 4 6
45 10 36
27 46 10
39 7 9
1 5 36
35 75 29
36 41 13
42 33 4
11 6 12
47 81 32
14 25 18
42 81 18
6 57 12
20 42 38
7 53 35
14 27 32
36 54 5
43 58 37
29 26 7
30 9 22
22 50 15
14 8 39
23 12 7
3 49 32
36 38 31
31 51 16
17 44 1
41 20 12
1 5 32
24 34 11
1 57 11
12 41 2
47 36 38
4 63 22
12 69 34
42 70 6
33 78 40
15 34 30
41 22 5
10 62 12
16 64 24
32 54 8
43 50 12
14 78 7
6 78 27
32 58 21
25 33 30
12 7 24
35 61 26
39 64 8
39 40 37
29 3 24
24 1 11
24 80 38
11 19 38
43 5 1
47 10 14
6 78 2
2 40 40
8 6 17
21 56 36
40 36 25
24 45 30
4 29 10
6 82 22
13 41 31
32 73 36
41 2 31
33 33 23
35 64 3
28 34 20
2 77 36
22 5 36
11 8 30
5 39 18
26 7 35
42 66 14
28 13 21
8 4 12
47 68 27
39 45 39
29 50 29
29 9 1
47 66 16
4 48 32
4 1 13
43 82 21
23 22 5
20 60 14
40 19 21
40 50 40
8 81 7
20 54 9
15 2 29
32 81 5
4 45 28
10 30 30
2 82 8
8 45 33
42 42 6
16 28 1
20 26 29
15 55 19
7 73 13
46 48 11
8 15 10
3 30 2
47 79 38
3 7 16
43 57 35
23 34 21
24 7 14
19 18 25
29 22 30
45 70 35
5 37 34
16 78 23
28 55 29
43 65 36
11 58 6
36 26 32
8 47 37
7 11 2
3 3 34
39 47 26
31 37 4
47 24 33
47 14 19
1 57 14
24 58 37
40 32 15
46 67 28
11 61 4
17 14 23
33 48 9
41 3 37
27 34 37
6 19 34
10 13 39
17 25 35
20 40 29
27 8 17
4 18 22
9 14 1
40 59 29
23 43 27
11 76 39
27 71 19
47 34 1
31 34 7
1 59 32
45 56 3
24 72 32
5 41 16
40 22 31
2 23 40
46 68 29
46 8 35
41 27 3
5 81 27
45 70 10
24 56 15
3 68 12
26 60 19
38 48 38
32 63 38
4 79 16
17 7 18
20 55 9
19 78 6
35 73 19
28 60 39
23 2 38
28 42 34
15 1 1
31 1 19
40 12 38
26 65 34
44 28 31
44 60 36
41 15 24
22 21 32
3 18 4
11 21 18
10 16 35
47 76 28
40 7 5
18 53 13
15 21 4
36 5 39
11 57 12
3 29 25
10 66 24
41 59 6
2 47 8
42 27 24
3 6 19
4 30 17
9 50 18
43 77 40
14 47 6
43 45 37
13 59 12
5 62 25
17 67 40
14 11 9
44 41 24
26 16 8
25 24 5
7 23 32
11 37 25
11 47 19
43 45 11
23 36 25
28 78 10
36 27 13
39 80 16
29 38 32
44 54 26
34 8 37
16 2 34
13 72 27
19 6 32
41 35 13
16 28 19
7 50 17
33 28 33
3 14 7
29 2 35
39 78 35
46 23 15
29 6 35
12 54 35
16 11 35
36 16 34
6 12 19
35 10 26
33 12 17
6 6 28
43 26 39
14 32 30
18 45 20
2 65 8
5 7 11
11 45 6
24 37 36
1 67 12
10 82 19
22 14 9
18 73 37
37 33 29
25 4 27
40 63 14
47 52 9
11 79 25
17 49 12
46 75 24
12 65 17
39 65 15
3 64 7
44 52 17
37 28 29
37 74 30
10 76 4
20 17 21
23 32 29
34 62 26
19 32 6
17 44 13
12 70 6
30 43 22
22 40 30
25 15 40
5 8 3
18 13 39
43 66 3
25 64 20
42 23 16
37 30 35
11 21 31
12 50 33
45 80 26
18 57 8
3 2 4
15 79 9
24 20 39
14 43 30
30 14 21
39 72 15
37 10 8
19 52 10
4 29 32
42 33 24
42 43 20
40 82 31
15 59 35
45 4 14
1 34 21
31 37 5
4 41 40
21 49 17
32 12 36
17 14 16
18 17 33
35 18 34
7 34 27
31 71 39
17 72 34
36 36 33
47 69 6
46 28 18
31 66 36
25 70 14
44 38 16
19 63 14
10 44 8
35 50 26
26 81 20
31 62 15
45 29 25
40 71 6
7 1 21
16 13 39
6 63 2
23 25 15
31 27 28
40 41 37
31 35 15
24 41 5
13 74 12
35 78 23
45 6 8
32 36 19
14 15 16
47 3 5
13 32 4
2 31 18
34 13 25
31 25 40
2 16 20
1 53 17
46 67 11
7 41 2
6 18 11
13 22 8
46 29 7
12 66 32
44 27 28
22 2 30
13 28 4
32 70 27
36 30 20
39 37 32
13 58 14
10 71 13
46 64 14
44 24 31
5 19 28
41 46 19
42 5 32
27 48 22
24 44 30
36 68 16
37 45 7
6 74 37
14 20 9
1 36 36
15 59 33
25 55 32
7 47 32
18 65 28
28 59 23
32 7 1
38 43 12
10 64 2
33 25 11
36 36 29
45 32 18
45 28 5
35 56 21
21 5 19
43 82 19
47 78 27
5 78 38
1 8 21
20 74 5
24 33 32
6 40 29
41 77 27
45 40 7
26 76 23
15 12 30
20 45 13
8 49 16
17 79 26
1 61 2
35 57 39
25 82 22
43 61 13
34 13 17
19 24 30
42 21 9
16 51 12
37 8 24
37 60 28
20 18 16
41 46 6
47 60 24
26 56 8
29 75 16
26 70 9
25 11 22
33 41 21
20 14 35
3 74 11
4 3 30
13 24 30
13 46 28
44 61 11
13 4 40
42 34 38
38 40 23
22 23 18
7 38 30
8 45 4
31 77 38
19 32 26
32 53 26
38 1 26
19 72 16
30 31 23
23 68 21
43 73 40
32 6 2
4 26 12
5 44 14
32 80 5
17 50 9
2 24 36
18 76 1
28 81 1
13 62 14
30 53 15
24 32 19
47 48 25
32 14 6
26 43 34
35 55 33
4 81 24
12 1 10
4 52 37
41 56 14
15 55 26
45 33 35
42 4 31
38 8 40
46 56 36
10 82 31
31 18 3
29 37 17
40 17 10
5 62 34
18 13 1
12 82 20
35 11 26
1 29 22
46 22 25
20 68 24
43 80 37
16 43 27
34 26 3
24 14 9
30 9 8
38 52 18
11 78 10
32 37 5
41 3 2
35 14 11
17 81 28
7 19 33
12 21 12
6 19 23
13 24 16
46 72 3
12 76 27
7 81 30
25 21 18
28 53 21
30 13 26
47 27 31
39 74 8
37 67 35
29 69 38
44 70 30
22 60 38
26 42 38
32 40 31
45 34 27
5 40 30
1 62 36
19 13 20
18 78 8
46 78 28
4 2 4
1 70 2
2 46 25
35 26 10
9 3 36
34 7 13
20 23 7
28 35 2
33 69 31
24 17 40
41 41 24
35 23 11
17 69 25
37 25 24
34 61 29
41 71 21
27 62 18
20 66 3
27 13 20
32 63 11
1 38 8
28 77 25
5 81 21
30 37 23
14 18 24
21 20 14
41 15 21
30 54 19
36 53 36
40 8 33
2 19 2
11 72 36
38 72 5
20 63 9
10 57 33
17 21 10
12 21 16
17 75 11
1 68 24
45 70 9
33 7 6
27 13 34
32 14 6
43 61 26
41 22 34
26 69 27
1 22 32
21 13 18
35 68 20
4 69 32
25 24 14
23 56 15
42 71 39
17 41 5
29 75 12
24 25 13
19 73 19
37 68 19
42 17 14
11 39 22
29 22 23
12 47 29
40 49 7
39 53 21
36 76 1
12 76 35
33 25 17
30 4 11
7 43 21
33 24 11
22 75 13
19 27 35
8 76 4
16 4 6
21 63 36
8 69 9
1 22 22
22 51 4
46 69 8
26 36 19
16 8 35
8 63 25
17 25 13
33 11 16
45 31 17
29 21 19
18 3 8
12 22 14
35 20 9
40 31 26
13 68 27
42 18 32
18 74 40
46 72 10
3 72 35
37 50 18
37 20 30
40 9 8
7 6 35
9 75 31
24 54 23
33 35 29
29 20 32
40 32 34
44 75 38
19 9 3
9 27 31
27 32 11
41 48 11
39 26 30
44 27 20
8 7 15
25 66 12
26 54 10
30 71 27
45 34 6
2 36 23
5 58 25
38 26 4
30 66 12
20 23 29
40 38 22
2 56 23
41 42 16
29 53 8
36 34 19
34 40 9
38 76 22
18 10 25
14 5 2
33 50 32
44 29 37
38 32 32
25 11 34
38 8 27
21 49 34
45 52 35
34 65 13
47 82 12
8 67 11
5 11 13
22 64 34
43 22 31
6 54 17
16 62 12
14 52 40
19 37 4
10 13 40
2 15 1
4 26 12
16 41 10
9 51 13
7 67 2
40 14 38
4 29 20
47 31 17
47 8 12
9 43 13
39 55 11
29 78 33
26 64 30
17 16 39
21 16 1
11 66 9
15 76 1
6 17 24
28 61 37
35 47 33
41 28 1
35 73 7
4 66 17
8 31 15
20 51 40
16 4 3
38 20 11
20 35 24
30 4 33
28 48 38
40 13 39
9 5 23
37 13 25
38 9 3
22 37 25
32 60 17
45 27 17
41 32 29
15 30 38
5 50 27
30 11 37
14 42 34
40 82 35
25 66 23
10 18 33
27 30 19
17 67 5
28 39 13
44 75 28
37 4 2
43 72 2
19 2 5
39 81 25
23 2 32
5 65 22
36 41 21
3 50 8
14 46 37
5 38 5
2 8 40
34 5 37
8 11 15
8 76 39
4 71 27
6 32 28
19 28 33
41 77 2
43 57 32
9 82 29
17 29 19
3 29 31
42 21 29
42 2 37
24 1 23
26 6 19
4 19 6
30 24 36
34 2 16
10 36 5
18 39 11
31 49 4
9 47 32
16 41 18
2 21 12
30 27 25
8 20 32
39 28 33
41 48 19
37 56 6
5 47 9
36 56 17
32 58 24
38 62 40
37 73 6
36 73 38
23 52 23
26 55 12
43 50 13
42 36 1
26 13 31
28 4 4
34 35 39
43 48 21
38 41 8
18 66 6
33 47 12
40 45 15
11 54 25
10 14 26
22 47 29
39 44 17
45 15 30
47 16 27
30 26 30
28 75 12
14 60 39
44 37 11
39 81 39
41 61 21
14 68 14
40 79 15
30 69 36
13 23 21
3 75 7
44 12 36
2 76 31
28 2 35
27 20 20
28 8 33
31 2 5
8 34 16
23 55 32
43 24 30
6 14 11
27 48 39
17 53 12
6 68 26
31 35 37
7 29 4
26 46 1
21 72 33
16 75 18
35 68 38
46 73 27
42 49 38
18 70 5
23 5 19
7 2 37
44 29 10
17 20 13
40 1 40
7 39 7
20 63 3
24 50 7
4 49 23
14 33 21
9 3 27
20 39 17
41 5 12
29 8 15
47 66 33
40 63 26
28 55 23
13 52 24
23 79 4
35 49 29
7 12 7
32 38 27
6 54 7
35 52 31
38 15 4
38 1 22
14 22 36
42 31 38
37 24 27
42 51 7
27 21 14
22 34 26
38 5 30
26 81 21
4 82 36
37 77 15
32 2 21
21 18 38
10 53 26
35 66 31
9 51 10
21 52 37
45 5 7
29 79 9
42 49 32
25 13 31
33 7 5
16 68 25
23 8 33
35 53 34
9 63 9
3 60 16
25 43 19
6 61 17
47 9 26
33 27 36
45 20 25
33 50 8
27 6 40
5 64 13
15 42 13
43 28 26
4 27 19
30 64 9
37 1 12
15 6 16
12 35 25
32 54 29
11 64 23
46 75 28
14 45 15
40 37 21
1 62 37
29 65 32
33 74 14
4 15 36
15 41 35
45 14 9
17 50 9
37 5 28
5 41 36
5 81 33
34 17 14
21 34 33
12 72 37
21 9 16
1 54 10
40 29 35
16 17 36
42 36 25
38 26 5
1 65 7
17 7 8
42 17 2
29 9 20
24 33 19
26 1 17
6 6 9
3 18 28
44 41 32
5 3 20
22 37 39
9 29 21
6 32 8
24 1 33
44 2 31
34 69 15
35 69 26
20 47 3
18 13 22
46 78 30
42 30 12
8 71 38
8 33 19
45 10 33
4 26 34
13 82 40
43 6 29
15 82 16
25 5 25
33 39 24
19 44 5
6 77 20
37 45 21
6 40 23
36 23 25
20 58 39
4 65 35
45 43 23
44 80 2
16 17 12
35 22 36
34 6 1
40 2 20
12 44 23
2 20 22
26 27 27
3 69 29
19 37 9
8 17 10
41 37 7
27 15 34
37 36 15
3 23 31
43 60 19
33 12 28
32 45 8
47 20 31
15 20 14
41 26 29
18 73 11
30 29 32
11 57 17
46 30 4
33 54 15
35 38 6
43 82 39
4 31 28
39 74 31
17 15 39
32 69 19
27 10 20
3 33 29
42 77 19
33 73 22
5 39 5
13 15 33
8 48 24
26 16 17
41 74 16
22 52 23
39 13 10
25 56 35
14 26 10
23 11 36
12 57 29
12 73 34
12 22 32
27 61 23
24 58 33
13 61 40
24 23 31
36 23 19
28 7 40
12 35 4
47 62 21
3 12 33
38 35 37
47 6 37
39 13 32
22 28 9
20 32 36
22 79 29
25 50 21
19 12 32
7 19 25
21 33 5
41 3 36
16 14 2
3 32 10
15 43 13
11 79 1
36 72 32
29 31 32
33 16 22
12 76 9
30 10 24
44 72 30
9 23 32
5 7 14
16 46 11
38 54 30
47 74 32
40 80 31
4 51 31
22 47 25
18 16 19
22 76 35
1 26 4
13 3 25
47 63 39
21 43 1
46 78 26
27 77 4
34 48 18
6 78 11
46 51 31
2 50 39
43 10 7
39 21 26
43 55 27
32 63 4
10 61 8
16 4 11
1 62 11
29 69 13
19 74 17
12 9 7
14 5 32
27 60 6
25 18 13
20 1 5
11 74 27
38 48 31
6 4 36
46 1 25
12 39 18
18 34 28
25 55 39
14 68 4
26 5 34
31 26 36
16 48 30
10 20 28
27 46 4
35 39 15
17 39 12
40 78 11
26 41 8
41 32 26
38 76 8
42 11 23
8 71 35
33 70 20
23 15 1
46 78 20
4 53 38
15 43 28
9 51 28
32 41 40
44 79 28
2 24 10
36 62 33
40 45 18
31 56 13
11 64 28
22 32 32
27 76 1
43 30 23
7 50 9
30 19 12
40 65 2
8 4 39
41 41 17
4 35 22
38 66 4
14 72 9
15 33 3
38 75 29
42 74 30
36 73 9
45 17 21
39 17 28
43 51 4
33 75 12
24 5 33
40 52 27
11 79 7
10 65 5
32 37 22
42 15 15
7 18 9
32 19 21
31 42 24
14 33 14
6 49 25
12 61 14
3 70 16
15 22 18
29 61 20
12 75 28
6 69 16
13 49 10
32 24 40
16 73 20
30 11 18
43 74 37
1 43 30
8 47 23
45 58 28
12 50 13
2 76 10
8 41 4
1 53 34
16 9 23
27 21 10
13 14 26
1 42 4
22 24 38
22 65 24
36 43 22
41 68 36
41 70 35
22 11 7
29 75 30
3 23 30
39 2 13
6 79 30
43 25 2
3 50 16
12 48 20
24 61 31
41 6 31
20 5 20
32 76 1
32 6 21
14 40 30
11 41 18
21 69 29
46 78 26
38 58 1
44 17 19
18 53 30
37 57 29
33 11 35
5 15 37
5 15 20
21 10 33
43 54 34
5 58 33
47 67 39
17 65 33
6 60 30
47 50 39
17 78 9
40 32 19
26 24 32
32 52 1
6 4 13
2 10 31
20 36 31
32 79 35
4 41 6
7 48 12
6 71 11
12 28 29
45 81 19
10 40 19
2 57 32
16 10 7
35 4 10
16 38 38
8 37 20
23 69 25
47 71 23
30 23 16
6 30 19
17 26 11
25 18 33
21 2 10
17 65 12
1 41 37
43 58 23
19 38 39
35 57 21
6 13 13
8 64 13
15 6 29
41 50 34
13 25 27
41 70 9
40 21 28
47 74 40
7 31 27
1 34 34
29 48 37
24 10 24
29 73 15
34 52 37
37 7 20
28 15 4
13 60 34
2 29 25
42 13 33
29 76 37
26 25 13
9 30 21
35 24 17
43 35 33
21 2 31
37 22 18
22 72 20
29 31 13
9 27 10
14 73 10
23 9 20
27 1 30
29 22 7
25 61 22
18 23 24
36 12 36
35 40 13
42 37 19
4 47 4
17 20 32
42 22 35
10 11 21
36 18 8
24 50 28
6 35 17
29 50 40
34 36 19
25 45 21
16 20 22
42 67 27
17 77 19
12 30 19
37 3 18
29 27 39
34 29 13
12 39 19
42 35 11
31 2 8
7 40 6
37 63 1
11 48 38
22 51 3
44 69 5
35 72 21
34 33 39
15 60 22
2 28 3
28 39 4
11 69 18
25 37 34
34 61 39
40 5 14
1 73 14
20 31 40
17 4 17
18 36 4
11 60 40
24 39 33
14 19 12
33 60 17
28 20 3
14 27 28
26 76 25
16 48 38
30 18 7
2 3 31
36 57 39
24 81 10
45 54 17
6 32 9
5 31 36
11 33 12
11 31 19
15 49 3
24 65 25
16 51 15
12 10 12
17 65 15
42 26 30
25 3 17
21 58 17
19 14 7
23 62 27
41 51 35
18 29 27
46 37 21
10 54 13
29 45 36
25 37 19
30 71 16
43 53 6
13 50 7
34 40 33
17 26 30
25 3 5
12 46 25
46 23 1
7 19 40
47 3 32
29 36 12
23 9 23
31 25 34
15 4 9
39 41 3
13 36 17
27 21 27
43 43 2
31 32 35
35 70 37
8 1 29
31 58 33
26 72 16
11 58 22
15 9 18
15 73 9
32 52 29
21 74 15
1 16 29
39 3 35
12 53 8
24 20 26
6 79 15
35 71 28
46 72 31
8 67 1
46 65 5
14 73 26
