11 52 3289 6537
4807 4616 3504 2474 1350 1146 4398 3118 3649 1136 4022 735 1739 2559 1081 371 4725 2759 4855 2311 1665 386 4152 4125 3784 1639 3998 1103 4002 4552 4642 2910 2236 2789 2877 3845 1434 4290 2284 200 1016 3185 4206 1905 1471 939 317 2435 4004 905 2518 1764 
1001 1973 4162 742 1919 4786 2314 4106 4418 1232 694 3484 1949 1585 1967 3967 4192 963 3907 1595 2980 558 379 2304 764 198 4039 4688 3733 2195 1289 995 2680 2619 1492 2946 34 3690 1165 3478 3006 300 4286 133 2164 3022 1736 397 2781 3606 1322 4575 
1560 3971 1254 4097 1597 2612 3334 3412 3583 1108 3078 1099 4031 1360 4568 514 4161 3430 3021 1549 3640 2958 3615 3706 64 4616 1422 3309 611 1113 2580 63 1298 242 3806 3145 2539 627 2975 3347 590 1579 4659 2525 3142 2414 3249 4114 3224 1745 3940 836 
3564 2513 4122 2109 1149 3102 4282 4378 21 1900 4556 2924 1957 418 1777 2299 4873 631 1895 4187 4009 1730 4039 3975 2847 68 1063 2707 1358 3474 2680 3248 142 3860 4687 1303 403 4276 64 784 1972 4700 1296 172 2051 919 305 1406 357 3859 4300 2994 
2399 4323 3133 2515 1242 3983 4569 569 2445 1915 1245 707 3718 105 4450 3834 3887 4666 2604 844 2075 4886 3396 3303 3596 4717 2374 3253 4299 3218 2599 2737 534 3945 1880 4730 3015 2032 4147 1636 777 613 1745 1303 2716 4298 1049 3290 2567 3818 451 1475 
2535 2019 4697 3862 3384 4534 1395 1126 1663 944 755 2467 3629 4811 3372 4784 2609 2753 109 4878 2348 2073 4494 2769 3450 4002 4797 4478 1251 3122 1809 1166 831 3715 4115 3721 189 1566 4410 1902 2203 2976 4575 3398 2804 595 621 2923 2911 641 636 900 
3268 2592 2417 1479 2573 381 168 727 4665 950 2314 4394 4109 1344 4190 2495 3190 929 2616 1362 3709 4758 3408 1531 964 4484 3734 687 857 1446 1345 4059 3699 3027 1198 2677 4837 4419 1622 1419 4746 3726 3026 2753 707 850 1059 874 2424 3442 1923 4827 
597 2768 2084 1093 709 2062 4631 2261 3674 4617 368 2517 3422 1180 1443 2528 2893 51 2844 1941 3463 3918 255 1410 1505 896 157 282 4164 3516 830 21 3504 2371 162 4702 3263 3413 1774 2341 2238 1652 4874 2610 3525 107 1668 791 2402 1640 716 3867 
2562 3359 1107 2688 4096 1641 3742 3768 3818 2985 3828 4664 1327 2395 1820 4762 3736 3351 1629 4629 4461 190 4500 948 4420 2956 2520 22 4281 4855 911 2059 4337 3486 1054 675 2289 28 4547 3409 4157 1656 1728 2582 2870 534 2454 576 2306 1678 1750 2355 
1302 313 4818 1837 176 4131 2414 1100 2868 2495 209 2397 3825 1709 1933 1551 1726 1011 254 3252 468 3776 2216 3544 1328 4874 1015 1989 1925 164 4488 4118 2601 1481 3217 1628 3489 1279 4201 4878 16 1525 4344 1534 1828 3708 1769 1053 2436 599 4291 4268 
1228 1240 2828 1428 3692 2548 3762 4856 2354 750 2526 2158 642 895 323 3686 3270 3596 3456 357 811 2140 2969 2173 4455 2644 516 2348 2206 4428 3962 343 1008 2110 4358 2211 2577 3114 4743 2031 319 81 4837 650 3541 2875 2831 292 1855 2172 2495 3089 
2 27 38
1 44 31
4 9 10
7 32 40
7 16 8
8 33 39
4 5 6
9 2 10
3 1 25
9 46 3
3 18 27
1 46 19
4 10 27
9 29 39
5 3 19
6 11 32
5 10 33
1 45 36
1 39 12
9 40 13
9 13 27
7 2 29
4 10 39
8 24 14
3 50 37
3 5 14
9 33 31
6 12 3
5 29 3
1 28 31
2 2 17
3 5 31
2 19 4
9 8 25
2 31 35
7 32 13
8 24 28
6 38 37
6 26 6
8 14 20
7 10 31
6 28 37
1 33 40
8 30 34
1 29 4
5 39 25
9 14 9
3 29 33
7 29 9
4 15 29
3 19 26
8 35 17
3 45 26
9 11 1
8 22 17
8 10 13
2 16 29
9 48 19
3 4 38
8 16 21
2 25 7
5 19 25
8 40 37
1 28 37
1 39 27
2 25 22
1 29 34
8 42 4
2 36 7
8 16 27
6 6 34
7 18 17
9 6 21
8 44 12
1 5 8
3 43 34
8 50 5
4 16 15
4 18 5
7 9 34
9 9 29
5 34 33
9 19 9
8 41 37
9 10 20
2 34 2
1 29 25
3 45 27
3 33 20
8 19 36
8 35 16
2 43 39
2 22 20
2 37 5
6 4 9
5 41 36
1 21 23
7 35 10
8 40 25
9 8 30
4 8 14
5 35 12
8 12 15
7 17 31
2 38 15
9 19 23
5 39 14
7 18 37
6 45 7
5 38 25
6 20 8
2 11 1
1 28 26
7 13 33
1 14 38
5 48 29
7 40 19
3 20 4
5 29 22
4 7 15
4 1 34
3 21 6
9 38 20
3 22 19
3 7 25
2 46 1
7 26 3
8 39 32
1 34 9
8 47 40
3 28 29
5 44 17
5 10 3
5 41 14
8 4 20
1 46 14
5 7 23
9 17 29
8 49 28
5 49 40
5 8 15
2 49 24
2 21 35
4 8 33
8 10 26
9 44 22
6 46 3
2 2 32
8 12 31
6 26 10
5 14 30
3 48 19
5 41 28
9 14 13
6 17 5
7 4 30
3 39 9
3 14 21
6 14 21
6 42 30
2 38 14
1 24 10
8 39 13
2 13 9
1 13 10
6 20 7
4 8 28
9 10 20
2 44 5
2 29 31
6 47 17
2 19 8
5 31 23
2 29 13
4 14 39
7 13 2
9 41 33
8 47 21
7 32 36
1 47 19
4 45 31
7 37 1
8 37 26
7 32 21
4 45 7
7 8 15
5 49 14
8 4 34
7 21 16
8 26 21
7 7 13
5 36 4
2 45 8
6 32 19
9 16 1
9 23 25
3 47 3
3 26 24
3 41 15
8 18 31
1 8 38
2 27 40
9 28 11
9 47 34
9 28 25
9 17 34
4 40 10
5 36 6
1 30 36
2 23 7
4 35 26
1 17 40
2 8 13
4 45 5
7 2 34
1 33 22
1 12 5
1 24 27
3 38 17
6 48 15
5 41 36
3 22 33
8 42 15
1 25 30
4 50 37
7 48 13
5 28 40
4 29 3
3 14 17
8 11 37
6 6 22
9 50 34
9 35 19
7 21 32
9 33 35
7 47 25
8 33 33
7 3 28
8 9 39
6 34 28
6 2 36
9 20 40
3 1 27
6 2 11
9 45 11
9 42 17
4 12 39
1 1 38
4 22 28
6 10 35
7 28 6
5 42 29
3 21 30
4 42 34
4 24 22
6 2 33
1 16 10
6 36 1
3 6 6
9 49 37
8 20 23
9 32 1
5 43 27
9 18 30
5 11 9
7 41 26
9 13 38
8 48 3
9 9 29
3 29 26
9 33 32
8 37 3
4 36 31
4 12 6
9 50 34
6 22 36
3 5 13
1 24 15
3 25 23
5 32 39
7 48 3
4 24 39
8 24 7
8 46 29
2 30 10
9 37 20
3 19 23
6 20 19
3 28 17
1 27 2
3 2 28
8 48 22
9 10 5
5 7 30
6 50 28
2 2 10
5 49 34
4 24 5
5 13 3
6 26 11
9 13 4
4 8 27
6 21 38
9 35 20
6 27 21
5 41 4
9 41 11
8 8 15
4 47 2
5 13 19
6 34 12
9 12 4
1 3 28
3 30 25
5 32 35
9 14 20
3 9 40
7 35 6
9 4 20
4 39 3
8 10 11
7 25 36
6 50 5
8 26 32
8 31 9
8 42 27
6 9 14
6 42 22
2 31 16
4 13 22
6 12 15
7 50 35
5 31 10
2 46 9
6 34 25
8 19 10
7 9 20
8 21 28
9 43 7
8 6 31
8 43 10
5 35 2
8 48 16
4 11 38
3 30 22
6 4 27
8 7 8
9 45 20
7 10 12
6 32 6
5 33 2
7 25 19
2 49 30
8 9 14
8 46 40
1 26 24
1 38 40
3 19 36
8 29 33
5 44 10
1 19 28
4 21 24
5 32 32
2 42 8
1 18 15
5 36 25
9 8 22
1 46 11
7 32 33
8 4 18
1 13 6
2 34 17
5 4 20
5 13 13
7 40 17
4 2 15
1 22 29
3 5 3
5 18 5
7 50 35
1 47 32
9 31 12
2 8 21
5 18 32
3 36 18
6 11 31
7 37 18
5 49 37
5 29 7
3 43 15
4 4 21
4 49 18
3 14 5
9 9 10
1 7 14
9 43 35
1 13 20
1 9 36
9 38 1
2 11 30
8 15 14
1 10 40
5 50 18
3 9 36
8 14 39
8 23 29
4 12 7
7 29 27
9 39 15
1 4 36
3 20 37
8 24 40
4 9 13
5 6 30
7 23 26
7 10 5
4 17 26
6 49 31
4 24 25
6 35 34
3 37 5
1 3 5
5 23 6
7 18 11
3 44 22
3 23 38
7 11 32
8 2 13
5 47 15
7 48 27
9 18 35
1 24 10
7 48 23
5 17 37
5 1 32
3 32 16
4 27 21
3 15 15
7 14 35
7 50 7
1 47 29
7 33 27
5 42 1
4 40 18
4 33 5
2 22 7
3 15 2
9 34 30
9 9 15
5 26 6
3 29 20
9 7 40
4 29 39
2 50 3
1 5 4
4 19 20
8 3 25
7 43 7
3 2 18
8 14 37
5 35 30
3 19 17
6 3 2
7 18 33
6 19 35
8 18 29
2 32 10
6 34 9
7 28 38
3 36 38
2 31 28
2 37 4
9 18 16
3 38 36
5 38 37
3 45 38
7 45 4
3 15 1
7 23 23
2 21 18
3 26 34
7 39 35
3 23 40
3 23 11
6 24 5
3 33 36
2 39 40
8 39 22
6 6 7
3 50 1
4 32 14
3 34 6
3 16 34
8 7 39
8 26 3
5 50 28
6 42 9
4 33 1
4 13 15
3 40 19
1 5 25
7 34 26
6 32 16
8 35 22
6 41 4
8 4 40
9 47 20
3 31 32
3 8 19
8 44 7
5 21 10
9 12 9
2 19 6
3 3 26
1 12 8
3 42 25
2 23 34
5 44 7
7 38 20
5 2 23
8 8 39
3 1 7
4 11 24
1 47 40
4 7 8
5 19 9
9 34 5
7 27 33
5 5 32
2 43 8
8 15 27
4 44 10
2 31 9
9 3 23
3 28 14
3 39 35
8 44 16
1 29 11
7 21 20
4 7 17
3 39 31
5 46 32
2 1 4
3 38 1
5 30 4
5 37 19
5 45 38
3 11 9
1 2 12
9 36 34
8 7 18
3 48 38
2 33 26
6 13 6
5 40 38
8 47 32
2 27 21
6 3 5
7 29 1
5 40 38
1 30 4
2 29 3
4 19 11
2 38 31
2 19 37
9 7 7
5 1 27
9 34 6
4 35 34
1 29 12
2 8 8
7 41 8
5 31 34
3 10 16
7 29 23
8 11 40
4 2 18
6 9 19
8 27 24
9 48 40
9 7 27
9 43 35
3 22 4
8 30 38
1 20 40
8 22 28
5 3 28
3 35 1
5 29 5
9 21 35
6 29 28
3 9 37
8 41 10
3 24 37
1 36 33
8 21 39
9 23 22
4 11 4
3 31 28
8 41 5
6 44 13
9 36 17
5 6 16
8 8 24
2 41 9
6 5 10
5 5 1
1 25 30
7 10 11
8 49 4
6 49 7
7 4 5
9 33 27
1 20 4
6 21 33
3 17 29
8 22 16
4 39 21
7 25 32
4 29 27
8 38 10
6 39 20
1 36 32
5 47 3
9 48 18
1 35 29
1 44 27
2 1 10
5 15 12
3 21 9
8 3 31
7 34 4
5 42 26
4 22 27
1 22 31
1 7 19
9 43 35
3 35 40
8 41 18
5 28 3
9 50 25
1 20 23
6 23 20
5 29 39
6 40 5
8 39 20
7 11 35
1 16 16
7 31 23
2 31 9
6 40 8
9 29 25
9 16 40
7 35 17
5 21 27
1 26 3
7 45 33
8 16 30
1 32 15
1 22 23
9 21 19
1 42 39
4 12 1
4 11 14
7 9 15
5 32 32
7 48 9
2 39 27
6 38 39
5 41 18
3 50 19
2 40 30
2 40 19
3 5 14
1 43 38
9 46 14
8 3 2
5 3 23
4 33 18
6 3 21
5 1 17
9 6 20
6 22 18
6 7 16
2 24 6
7 7 23
3 14 15
8 16 34
6 15 18
5 15 8
5 11 9
1 3 24
4 15 22
1 45 31
1 39 33
6 34 28
9 25 38
2 26 23
4 50 28
4 42 35
9 33 40
4 22 28
7 47 29
1 4 26
2 35 33
4 4 6
4 42 1
8 3 30
5 12 29
9 22 37
8 40 1
6 13 33
8 48 20
6 16 24
3 27 26
3 46 5
3 10 21
5 3 24
7 19 7
7 32 33
6 6 25
6 24 13
9 34 11
3 30 14
3 32 19
7 47 39
7 35 39
4 29 9
5 16 40
1 38 14
8 15 7
3 48 26
5 27 11
8 25 20
2 15 10
4 33 6
3 5 7
8 43 2
6 27 24
8 19 5
7 40 9
5 45 13
5 42 1
2 2 4
8 50 10
2 19 40
5 50 18
2 50 27
9 49 22
7 15 12
4 26 5
2 40 20
5 6 17
7 47 26
4 31 21
7 24 38
8 38 14
3 6 32
1 18 26
9 47 17
5 16 1
6 45 39
1 13 32
6 41 36
6 10 17
8 34 36
3 26 15
7 29 32
9 23 3
9 49 36
7 14 5
7 7 30
7 18 1
3 13 31
7 9 22
5 13 12
2 15 34
9 6 14
2 45 17
9 19 11
9 2 33
4 24 14
7 1 2
2 33 5
7 48 17
6 30 19
4 7 11
6 11 23
7 17 1
2 25 24
3 40 6
4 43 18
4 42 4
1 50 31
2 26 22
6 40 11
1 29 14
5 35 40
6 34 25
1 8 1
9 18 8
6 34 35
6 34 9
3 2 14
3 30 39
4 23 38
7 38 18
9 7 7
8 14 4
2 40 30
1 3 31
4 24 3
4 32 11
5 22 15
8 26 21
5 13 28
6 13 35
4 1 23
8 49 35
8 6 34
4 17 17
7 22 22
2 1 10
9 8 27
2 29 6
1 25 35
6 29 31
1 34 7
1 13 12
7 31 7
9 26 4
3 44 17
3 40 13
9 44 17
6 47 16
7 3 21
2 15 22
9 46 36
5 33 32
7 9 30
6 24 31
7 5 3
3 49 5
8 9 7
6 41 15
4 36 2
7 7 18
4 38 8
9 1 31
3 24 15
3 47 21
6 17 12
1 9 26
6 8 12
1 42 26
1 26 23
3 30 3
8 19 34
6 47 16
5 33 30
5 9 13
5 31 14
8 36 34
3 21 4
2 36 37
9 16 17
6 23 7
2 26 16
6 35 8
5 17 36
2 46 10
4 10 14
6 27 38
1 20 30
6 44 25
2 46 34
9 12 25
9 17 27
5 49 24
9 34 8
2 16 25
7 17 1
5 31 27
1 2 4
4 12 27
8 32 3
3 41 21
4 29 27
8 30 23
7 29 21
3 9 37
6 38 10
2 35 33
4 43 24
9 18 32
7 49 7
5 42 26
9 6 21
6 25 16
4 27 21
8 50 3
3 39 28
1 32 4
8 42 33
5 37 33
9 18 29
3 8 14
5 4 1
1 12 11
1 46 36
1 30 20
3 15 16
8 11 40
4 32 3
6 15 7
5 44 8
2 28 4
9 36 37
1 21 29
6 29 37
6 13 35
4 30 38
8 31 4
8 12 26
6 41 18
1 36 3
1 40 27
3 42 30
1 32 13
1 20 31
1 21 30
4 26 40
7 11 39
3 35 33
3 15 9
2 5 36
6 22 26
1 28 22
3 48 35
7 37 37
5 18 18
4 44 24
8 4 26
9 16 33
5 48 32
5 43 4
5 10 8
8 36 20
3 34 8
1 22 14
1 28 30
3 50 11
7 5 31
1 21 34
1 46 23
3 20 18
2 36 11
3 6 2
6 31 13
3 7 2
6 32 7
1 14 23
7 42 20
4 2 37
4 17 23
1 33 14
1 19 18
1 13 35
7 2 39
9 32 39
6 50 7
1 25 3
1 44 10
5 7 9
1 5 34
1 44 40
9 16 15
7 1 31
3 40 38
9 32 18
1 1 14
9 37 39
6 13 15
7 34 15
6 21 6
3 33 6
9 11 37
9 33 31
2 25 5
2 17 10
2 46 6
8 1 29
8 3 3
8 2 28
8 15 28
3 48 1
3 24 30
6 44 33
6 10 3
1 48 23
4 2 3
9 26 22
9 41 29
7 33 22
3 37 14
4 37 11
1 18 33
3 35 14
1 16 3
2 3 6
7 29 2
8 5 31
9 7 17
4 10 30
5 32 9
2 48 31
1 25 17
4 45 31
6 12 34
1 42 30
1 12 7
5 38 22
8 44 39
9 44 20
3 24 15
3 34 32
7 50 12
9 36 23
9 31 15
9 17 14
2 49 35
7 32 24
2 19 27
3 46 25
7 50 34
8 32 16
9 32 29
8 2 37
7 10 9
8 26 4
9 7 6
1 19 5
6 50 32
5 24 21
8 28 31
9 11 2
3 4 35
1 12 6
1 7 16
7 22 29
4 43 28
1 31 40
7 7 38
6 12 29
4 25 39
7 49 2
6 48 26
2 24 40
5 45 34
9 2 19
7 16 10
4 49 40
9 9 38
1 6 23
3 6 2
1 7 18
2 45 12
4 31 13
4 26 27
8 47 4
4 27 26
7 39 8
6 14 26
5 36 10
7 29 36
5 36 14
8 36 7
5 19 16
9 39 36
6 38 34
7 15 19
2 4 20
7 43 6
9 21 23
4 11 13
9 19 26
2 33 3
5 12 5
5 14 40
2 3 30
3 50 9
5 31 29
4 43 10
9 10 25
4 6 11
5 25 2
2 8 40
5 2 33
5 23 9
8 26 29
3 3 39
6 21 27
2 50 5
9 31 19
4 47 31
7 6 27
2 22 16
2 18 2
4 2 9
7 3 4
8 20 17
8 26 31
4 9 36
5 16 19
2 46 11
1 20 2
9 44 38
6 13 23
6 17 12
6 13 35
4 26 15
8 29 40
9 45 30
7 18 5
9 25 32
4 26 25
1 39 3
9 15 10
1 26 24
4 18 22
1 19 8
6 2 35
3 35 24
7 20 38
7 16 27
6 50 13
4 40 16
4 20 18
3 45 35
9 37 13
2 26 33
5 13 17
3 2 35
9 30 14
9 20 15
9 38 38
9 40 30
8 36 29
1 2 36
7 20 31
8 10 26
5 36 21
5 44 11
6 6 22
9 32 13
4 33 40
5 7 21
7 36 5
5 47 33
3 40 15
9 27 28
2 11 22
7 21 22
6 8 14
2 34 8
8 39 15
7 1 11
8 9 13
3 39 33
8 34 3
9 23 34
4 22 30
5 19 3
7 39 33
7 22 30
9 34 35
7 22 38
2 37 40
8 45 12
2 3 16
5 20 22
9 43 15
6 17 6
1 45 10
2 30 24
4 25 29
3 35 7
2 1 22
3 2 10
3 46 19
9 22 11
1 36 40
2 28 40
2 43 40
1 3 5
3 38 33
7 22 14
6 33 22
9 14 40
6 20 9
9 18 37
7 7 6
6 47 15
1 5 6
7 49 12
4 24 17
5 24 3
4 35 4
6 22 2
5 8 2
4 2 19
7 24 3
1 41 25
6 36 20
5 15 40
7 24 8
9 21 37
6 6 9
2 19 22
9 43 4
8 48 4
8 10 36
2 44 30
5 50 29
7 37 12
2 35 33
4 19 38
2 29 38
2 15 24
1 50 17
8 5 15
1 41 9
4 42 10
8 12 22
5 48 7
7 11 3
9 2 15
9 1 39
9 45 27
1 48 39
3 7 36
8 38 6
3 17 25
8 21 5
7 15 29
6 37 23
9 19 6
2 33 2
5 50 29
4 13 13
4 16 32
9 33 35
9 25 4
1 11 14
9 17 28
6 3 7
7 12 35
6 30 12
6 7 19
5 14 24
7 18 6
1 17 33
3 35 1
4 36 20
5 9 28
4 47 19
7 30 22
8 29 23
3 8 10
8 31 28
8 9 35
2 15 32
9 8 2
2 20 3
7 27 7
8 45 24
4 37 31
3 13 39
4 8 7
5 19 15
8 36 11
5 24 5
7 12 26
4 15 30
9 29 26
1 14 29
6 28 28
5 6 3
9 22 10
4 17 6
4 10 38
8 48 15
8 25 19
7 44 5
1 10 23
3 46 36
5 39 12
6 16 7
9 16 40
9 28 10
8 18 35
8 10 30
9 43 26
7 34 17
7 19 11
6 38 10
7 26 2
7 11 30
7 22 2
7 20 34
8 12 3
6 1 31
7 40 13
4 17 15
9 7 30
7 31 23
8 18 27
6 28 10
9 11 12
9 38 32
8 34 8
2 23 23
6 6 38
4 37 10
8 47 16
1 39 11
8 22 33
2 25 38
1 35 6
6 21 21
8 10 33
7 47 20
3 9 6
7 40 26
4 48 23
3 42 35
3 38 25
3 11 2
6 47 17
8 29 1
3 22 10
7 26 9
9 14 29
2 4 33
1 26 16
3 18 7
3 24 22
3 16 18
4 15 25
7 27 8
5 28 21
2 46 1
8 3 38
9 11 33
6 49 11
8 35 23
2 38 13
3 36 40
8 12 4
4 34 5
4 4 31
9 15 9
3 13 3
7 42 3
1 39 10
5 5 5
2 31 19
9 20 7
4 14 33
8 48 21
8 19 32
5 12 1
5 16 35
2 41 16
8 15 15
3 18 18
9 40 8
7 13 11
6 43 8
8 1 17
6 21 4
6 42 30
1 10 17
7 46 22
5 25 23
7 43 34
1 29 4
7 2 12
2 43 30
1 33 12
1 35 38
4 4 11
2 39 28
7 20 35
5 13 27
2 47 31
6 24 12
4 16 4
9 11 2
8 1 12
4 9 32
4 22 1
5 24 3
2 35 35
8 14 34
5 14 20
3 11 11
1 8 27
7 47 8
9 16 13
9 33 1
7 29 17
1 47 16
5 5 9
2 14 34
7 45 28
2 8 34
2 10 11
5 39 10
8 26 16
3 1 39
1 47 5
7 47 37
6 9 20
6 17 4
8 4 23
1 29 37
4 50 25
4 17 1
8 19 5
7 24 33
4 50 25
2 22 25
8 49 17
2 23 8
5 16 34
2 17 14
9 46 14
5 28 35
4 48 14
4 37 24
5 10 23
9 13 39
9 40 13
1 3 21
5 15 17
4 36 21
7 24 20
5 2 6
3 14 22
9 6 38
2 1 24
4 17 8
6 28 19
2 48 35
1 44 40
3 7 37
1 24 28
6 21 4
6 25 40
7 10 40
2 9 28
4 46 15
4 45 15
6 26 20
6 35 16
8 42 33
8 3 5
1 41 4
1 5 24
1 26 39
4 8 15
1 36 17
9 40 31
3 14 15
9 6 17
8 3 15
8 11 14
2 42 20
8 25 24
8 39 25
4 26 16
8 32 20
7 29 16
9 42 25
1 35 20
9 37 9
7 29 15
3 37 10
1 31 37
9 8 16
9 33 12
5 44 31
1 14 10
6 33 33
1 35 21
7 16 9
7 28 40
6 26 11
8 25 1
8 9 21
5 14 2
4 15 12
9 8 40
2 37 4
3 28 11
5 5 4
7 43 2
9 30 4
1 7 3
5 12 25
6 17 40
2 41 31
1 43 25
9 5 24
5 21 8
2 21 6
8 29 2
2 37 26
1 14 8
9 34 26
3 34 16
3 8 7
2 36 21
8 28 25
3 36 5
4 13 17
1 48 29
5 18 27
4 45 16
1 46 34
1 10 8
6 50 23
5 46 12
8 26 11
9 36 18
9 33 35
2 42 17
1 38 33
5 24 21
3 17 39
3 44 40
6 42 14
2 5 16
4 36 6
1 21 37
3 14 20
7 26 32
3 44 38
9 21 14
5 25 2
5 5 25
4 13 3
8 31 12
4 31 12
8 13 21
8 27 8
1 8 33
2 5 27
2 16 31
3 20 28
2 49 5
9 30 11
8 6 10
8 9 18
6 34 19
6 4 38
9 22 33
6 28 36
3 31 9
5 45 21
5 9 9
2 34 5
4 2 7
8 12 38
8 19 20
7 41 8
6 5 6
4 29 31
1 4 5
8 20 23
1 44 4
3 26 21
2 45 20
5 41 38
2 50 25
6 39 32
6 4 4
9 7 28
1 11 25
7 32 16
5 14 40
4 3 11
9 46 10
1 41 16
2 26 27
4 30 34
9 37 22
8 7 16
4 34 11
3 44 15
8 26 7
8 11 13
7 39 1
2 47 35
3 21 40
6 14 29
2 6 32
5 49 26
4 36 30
9 50 6
7 30 7
4 8 7
4 23 21
1 24 38
4 12 21
5 4 11
1 1 8
1 17 36
7 2 26
5 47 8
6 6 12
5 16 10
7 9 9
5 39 30
4 41 40
4 36 11
5 45 32
7 33 12
7 33 20
5 23 6
2 26 10
3 1 34
3 50 18
6 44 22
4 42 40
8 30 5
1 42 7
6 47 24
5 33 18
8 41 38
9 14 19
5 4 22
3 47 11
7 8 1
1 20 40
8 28 19
2 28 32
7 43 14
5 48 36
8 8 5
3 21 35
8 11 3
9 23 8
3 20 18
2 26 31
3 7 19
6 7 26
6 25 13
6 16 10
3 27 29
2 5 39
3 42 39
3 7 6
9 10 39
5 38 10
7 19 40
9 44 11
9 44 1
5 2 31
8 17 2
4 10 18
9 50 35
1 21 11
8 25 19
7 39 18
7 22 9
5 33 30
1 6 20
1 35 23
4 46 18
9 32 7
7 9 28
6 13 32
1 32 40
8 25 22
1 12 27
2 17 27
5 14 30
9 22 17
1 42 34
9 49 18
8 12 16
1 9 10
1 48 38
7 19 10
2 17 18
9 22 19
5 32 21
7 8 5
6 30 39
1 2 31
3 10 1
1 19 3
5 42 25
8 11 25
9 24 29
8 12 10
1 22 32
6 13 31
4 34 33
3 22 7
4 13 35
6 15 33
3 31 10
6 7 5
6 10 34
4 18 40
5 38 13
2 6 15
2 32 30
4 5 1
2 39 31
7 46 20
3 12 5
7 38 5
6 18 27
8 28 34
9 25 1
3 34 22
6 16 32
9 19 20
5 13 30
4 25 28
5 14 18
7 9 25
6 6 40
2 13 31
7 39 3
5 41 25
8 30 33
5 44 5
4 45 39
8 31 15
6 19 12
1 37 39
5 19 33
3 9 28
8 22 8
5 33 15
6 6 37
8 31 19
8 48 38
6 32 3
9 30 24
1 6 13
4 10 17
2 9 20
5 39 31
3 25 19
4 19 3
2 10 26
5 12 17
4 41 22
2 16 39
9 26 18
3 18 27
5 4 10
3 15 34
2 39 26
9 41 24
8 27 8
4 13 40
8 28 15
1 8 35
3 9 29
7 3 7
6 26 16
8 39 33
4 10 10
9 44 26
8 24 28
7 33 34
9 15 32
6 23 33
9 50 39
5 7 27
3 38 33
8 49 15
4 11 33
9 31 29
8 44 28
5 4 8
5 19 1
3 19 5
9 37 27
6 38 32
5 31 22
4 12 14
7 16 10
9 40 36
5 18 27
7 47 33
8 17 28
9 42 19
4 39 13
3 7 32
6 33 18
3 13 26
7 34 40
9 20 30
4 12 20
5 36 36
4 19 26
4 10 14
5 35 26
2 18 19
1 11 39
4 11 29
8 38 28
6 43 15
3 9 1
1 39 33
7 41 35
9 7 2
1 42 25
6 40 16
4 45 19
3 49 36
5 50 23
9 5 23
7 33 14
5 29 21
3 24 1
9 9 20
4 40 26
5 10 26
1 40 1
9 33 17
2 46 14
2 11 21
2 23 19
6 19 22
3 14 16
1 40 25
9 39 33
2 24 27
9 13 17
4 31 39
3 17 20
8 23 19
9 25 6
5 7 10
4 19 22
1 29 21
4 30 13
3 44 25
9 23 1
3 1 12
7 22 14
1 42 23
5 48 30
3 5 5
2 12 24
5 2 7
6 39 1
5 50 15
6 49 18
8 12 27
8 9 39
5 46 12
1 50 4
9 49 23
4 23 22
8 36 34
2 7 26
1 40 34
6 28 32
9 40 19
6 12 19
5 45 19
9 28 29
1 15 29
9 50 37
3 41 29
4 42 33
5 9 35
8 44 26
2 47 25
8 31 20
1 26 17
5 50 1
7 46 9
3 36 37
3 10 1
6 29 4
6 8 28
4 5 35
3 26 15
1 29 16
4 41 29
8 29 25
2 43 18
4 21 27
1 46 2
1 46 39
3 6 34
9 41 20
3 33 21
5 50 1
3 3 27
2 7 40
4 38 39
8 29 17
3 4 23
5 4 34
8 34 40
9 6 30
7 49 13
2 43 18
2 1 3
1 30 22
4 31 13
2 50 21
9 10 3
3 17 29
3 16 20
1 7 12
4 38 8
1 7 27
4 40 36
4 21 13
6 45 38
2 41 2
4 43 10
8 26 8
4 40 19
9 16 11
7 39 40
5 43 31
1 14 14
1 40 6
7 48 13
4 49 20
9 10 5
6 14 38
8 36 35
5 45 7
8 24 24
9 30 24
5 26 29
5 47 4
4 47 10
8 14 13
1 23 36
7 15 10
5 39 2
1 50 38
4 26 39
1 40 16
6 7 36
9 11 17
9 26 18
8 50 10
3 47 13
7 8 1
1 26 24
8 11 34
8 45 28
2 11 14
1 30 19
4 8 2
5 26 34
2 24 22
4 21 30
9 12 13
5 17 10
1 31 28
6 20 40
9 41 25
2 23 20
3 43 7
3 17 26
5 26 36
7 49 35
4 9 28
4 17 15
9 2 17
1 2 1
1 24 11
8 40 16
4 43 40
4 50 14
6 11 29
4 40 20
9 25 12
3 22 40
2 45 7
9 50 15
8 44 6
1 16 7
2 16 21
6 34 7
7 43 16
8 19 25
4 48 6
5 18 8
8 39 15
5 21 34
7 38 23
8 25 35
1 18 13
6 9 26
9 15 1
8 22 35
4 1 17
4 16 19
8 27 13
1 16 7
3 36 32
1 45 11
1 43 6
1 36 33
6 1 5
7 23 1
6 46 11
6 20 26
8 45 39
4 49 30
2 4 19
9 11 37
9 30 16
2 42 18
6 42 33
9 49 39
6 31 37
7 17 38
1 27 18
3 31 12
8 3 10
9 2 40
4 23 32
2 45 2
5 28 12
2 23 15
4 8 10
5 34 4
1 15 9
1 49 5
1 43 1
4 48 16
9 26 17
8 23 3
3 29 39
3 35 13
8 47 12
7 22 36
3 24 37
5 48 37
9 19 26
8 11 29
9 32 39
9 32 4
4 28 22
3 34 1
1 50 21
4 9 2
1 5 37
3 13 25
8 41 33
1 10 8
9 37 23
4 31 14
7 38 5
4 25 16
5 20 34
2 34 16
4 33 6
2 29 3
6 4 23
1 36 10
6 31 15
8 20 8
5 48 37
9 37 29
4 29 17
4 9 38
2 34 3
5 15 23
4 13 32
9 39 16
5 49 5
2 19 21
3 34 32
9 7 12
3 40 4
9 36 12
2 49 33
8 49 20
5 30 8
8 6 2
2 11 2
9 33 31
7 18 18
5 6 7
1 40 40
5 46 30
3 35 25
8 14 38
1 19 18
8 20 31
8 44 29
7 21 33
1 10 29
5 37 30
4 34 33
1 39 30
5 45 13
8 16 5
2 37 24
8 31 13
8 38 33
7 27 5
9 25 33
6 39 15
5 48 16
9 8 40
2 3 11
8 48 38
8 45 37
8 22 20
8 8 18
4 21 16
4 28 4
9 48 36
5 18 15
7 4 27
1 2 9
8 24 32
6 5 22
6 25 6
6 50 25
3 16 38
8 50 5
3 29 32
2 2 8
2 21 4
6 31 9
6 3 9
4 16 14
2 39 9
2 5 29
3 20 28
9 48 16
7 27 5
9 37 33
7 41 24
6 39 38
9 4 7
3 2 29
6 6 16
3 10 10
2 34 8
4 32 5
2 21 15
4 43 9
7 14 16
3 16 9
1 38 27
1 29 30
2 24 22
1 18 10
4 20 23
2 10 21
2 6 37
9 46 8
5 5 32
1 9 7
7 12 28
4 12 29
9 45 25
7 20 13
3 44 17
4 29 39
5 17 9
4 40 12
9 49 34
8 40 15
5 5 22
9 49 5
6 45 19
7 43 3
3 28 26
1 9 1
4 44 15
6 16 20
9 50 37
9 26 6
7 17 32
2 25 26
3 35 15
3 44 31
2 36 24
5 41 22
6 8 8
5 38 8
2 38 22
8 38 3
9 20 37
7 49 34
8 13 31
2 13 21
7 21 25
6 34 23
2 41 29
3 26 6
9 22 12
9 47 39
6 32 31
1 40 26
2 37 15
2 12 5
8 7 3
4 33 2
8 27 9
1 46 36
6 18 37
7 27 33
9 27 13
6 31 29
6 40 27
1 29 19
4 19 19
6 31 1
6 10 38
3 17 16
5 27 20
6 9 1
4 29 23
6 10 34
7 31 40
7 47 6
2 10 8
2 21 36
8 28 16
3 12 27
3 21 14
8 35 37
7 47 21
3 42 34
2 36 10
3 38 26
3 2 18
2 33 32
5 48 13
3 31 24
8 24 23
9 11 5
7 3 38
3 35 40
8 6 18
9 30 26
1 1 40
6 31 27
7 13 21
7 41 16
1 4 3
4 9 39
8 33 34
2 6 40
3 22 2
1 24 31
1 10 38
1 2 37
6 46 20
9 28 30
8 22 40
8 17 9
6 42 10
1 15 32
4 17 3
6 48 7
6 50 24
4 39 19
4 23 32
2 27 11
8 31 9
8 6 21
1 41 21
7 5 28
9 14 31
9 23 9
8 50 17
9 5 23
2 49 40
2 19 14
7 48 22
7 11 27
8 1 39
7 20 36
2 50 4
8 24 17
3 19 5
6 38 2
7 35 19
3 9 9
7 16 9
6 3 23
6 43 1
4 25 6
3 33 2
2 25 11
6 38 20
7 14 35
8 5 19
8 22 30
7 30 34
6 20 22
3 3 14
3 11 5
6 36 3
7 12 37
7 25 21
5 13 3
9 14 14
4 2 12
6 27 35
3 38 2
5 41 35
9 2 29
2 31 36
7 13 37
4 35 21
9 28 30
4 13 6
1 30 25
1 40 35
4 39 1
3 16 19
6 17 26
2 9 26
8 32 3
1 18 39
9 45 13
7 30 26
7 7 32
8 13 20
1 25 13
2 36 19
9 18 19
1 45 4
3 13 10
4 22 20
1 42 6
8 33 28
7 50 33
9 42 20
1 50 15
7 43 10
2 30 12
1 24 8
3 36 30
8 9 35
6 9 33
6 1 36
6 19 27
3 46 34
4 44 12
1 30 17
2 45 3
7 10 25
9 38 13
9 19 29
2 33 39
8 38 12
4 28 1
2 18 37
2 9 4
4 5 7
4 36 13
2 15 8
4 31 4
2 22 38
5 44 20
7 29 20
1 39 33
2 26 5
3 1 36
4 30 18
6 43 37
5 7 20
3 34 19
5 2 38
6 9 32
5 34 32
1 31 12
6 6 36
7 25 16
6 16 35
2 42 3
7 9 19
4 15 2
2 7 20
3 34 32
9 22 11
1 6 3
6 47 37
4 1 20
6 37 29
2 32 2
8 38 35
3 5 9
5 46 31
5 13 2
2 11 6
9 11 30
5 43 36
6 44 26
4 19 5
9 16 27
2 46 32
1 32 27
2 30 17
2 45 31
4 8 37
3 5 32
9 50 25
1 21 20
9 5 28
4 42 15
3 9 23
2 15 36
3 17 17
5 49 35
7 4 21
1 44 36
8 38 7
4 13 5
3 12 6
7 37 7
8 48 7
4 45 34
9 14 12
8 11 17
1 25 32
7 17 12
3 30 27
9 13 36
4 50 12
3 23 11
5 3 39
8 2 20
7 14 36
2 28 5
9 32 14
2 47 24
2 29 3
1 37 15
4 25 38
5 20 22
7 10 38
7 45 6
1 36 2
6 20 16
1 39 14
8 42 19
5 34 19
1 2 14
3 8 1
7 11 25
9 38 31
2 35 3
5 24 3
2 10 39
6 12 2
6 1 39
5 26 35
1 7 6
8 30 9
1 32 34
3 45 6
9 14 33
2 48 21
5 9 1
4 16 40
7 27 11
6 17 6
2 41 4
3 43 26
5 31 14
4 35 25
6 50 12
8 18 29
7 8 12
1 31 12
3 11 40
4 8 17
9 35 23
7 37 2
3 35 2
3 41 18
6 25 28
6 40 17
1 14 25
4 35 9
3 36 19
2 29 19
7 27 16
5 40 31
2 40 18
5 11 33
1 25 29
8 50 2
8 24 5
1 30 6
6 28 26
9 44 19
5 33 11
7 10 36
1 2 38
6 17 21
8 41 10
1 13 32
9 23 24
2 49 2
3 39 40
3 21 36
6 1 19
9 45 3
5 19 33
5 34 3
2 16 35
2 36 21
5 38 34
7 36 8
5 21 20
9 11 28
9 38 31
9 38 35
4 12 3
5 16 38
8 49 1
6 31 11
3 37 17
9 1 12
4 50 32
1 13 39
8 3 14
8 32 16
3 6 25
7 1 15
3 40 16
8 20 31
5 15 6
6 13 8
2 50 18
4 45 22
1 26 21
6 47 26
1 21 12
5 39 35
6 18 11
9 18 32
5 28 17
2 4 15
5 37 10
5 6 16
1 46 35
8 3 33
6 18 25
9 8 29
5 13 24
1 16 11
3 3 20
9 49 6
6 19 15
6 42 25
5 8 38
3 46 7
9 5 28
3 33 19
2 15 8
3 12 6
9 23 25
1 44 24
9 31 27
9 37 20
8 21 29
4 33 6
7 45 3
5 6 28
5 4 30
6 4 11
3 12 37
3 8 13
5 48 10
1 15 7
3 30 2
8 4 27
2 8 34
7 18 37
6 1 7
9 29 16
8 12 22
1 41 5
2 15 10
3 13 36
9 18 18
6 35 11
6 23 29
3 22 32
3 16 5
9 21 37
5 8 5
6 12 33
7 17 12
6 46 13
6 35 18
8 16 9
5 43 37
8 4 15
1 31 38
5 1 27
5 20 35
3 40 34
1 46 26
5 15 22
2 39 12
1 49 13
4 13 6
4 41 14
3 47 2
9 8 25
7 34 23
5 13 40
8 3 16
8 4 21
4 27 24
6 21 12
6 18 10
7 29 11
9 34 18
8 50 24
9 29 17
9 47 39
1 43 11
5 12 13
3 37 12
4 39 31
9 4 23
6 16 24
7 41 12
3 46 27
2 14 35
1 4 13
9 35 40
3 14 27
3 33 12
1 17 5
5 4 19
4 13 39
3 12 40
7 22 39
6 27 28
2 29 16
8 3 26
5 44 18
8 8 30
5 32 28
8 43 11
6 39 39
2 5 25
7 42 37
2 9 36
2 39 8
2 9 23
7 17 12
7 26 20
4 5 31
9 7 36
1 11 36
3 15 20
1 46 32
6 23 8
6 48 2
9 12 24
5 34 10
7 20 8
8 49 1
8 30 5
8 1 32
1 49 24
7 16 23
3 33 35
8 8 6
5 13 25
8 5 7
2 8 29
2 2 34
8 42 35
9 17 35
5 35 10
1 37 19
8 36 15
5 12 27
8 27 29
1 43 24
4 16 32
3 22 34
2 25 34
9 31 14
8 34 38
5 45 26
5 23 2
1 37 21
5 7 28
1 12 35
4 43 28
2 46 34
5 38 9
8 22 10
8 20 17
4 17 38
2 23 21
2 19 35
7 19 10
3 25 29
7 44 36
5 12 14
9 48 38
6 37 6
1 47 11
4 39 8
6 8 23
6 29 9
9 23 13
4 49 3
4 16 11
3 23 29
8 43 29
6 38 1
8 31 4
6 50 20
4 1 21
4 5 39
4 12 32
2 23 27
5 8 11
2 27 5
4 44 34
1 30 30
9 27 30
3 33 37
5 17 15
5 43 14
8 50 24
3 27 6
4 30 18
4 50 36
6 31 12
5 17 2
3 28 28
5 21 37
9 39 32
1 45 40
4 27 31
5 36 2
1 31 18
6 12 3
4 11 25
1 17 21
4 12 40
1 32 34
3 42 25
1 27 19
5 13 29
6 39 9
8 47 25
4 48 13
2 45 5
5 12 28
7 3 39
2 28 6
7 7 19
1 31 13
1 17 8
9 10 13
9 39 8
7 16 25
5 26 23
8 47 3
7 13 18
9 35 22
6 16 12
9 45 23
9 14 29
2 48 16
6 6 6
8 50 32
4 40 18
1 38 25
1 16 31
3 23 39
2 36 2
4 42 26
2 5 13
8 30 38
5 11 27
6 36 32
7 45 20
9 22 39
6 49 13
3 11 1
6 12 39
1 6 28
1 45 1
7 3 38
4 29 22
4 46 37
6 2 30
5 3 6
6 18 27
7 28 19
3 27 34
6 49 40
1 25 36
2 46 25
4 21 14
9 26 36
9 13 25
4 23 7
4 11 21
7 38 15
4 37 7
1 50 25
6 44 3
5 5 30
9 23 40
3 40 40
6 47 34
8 1 35
7 10 23
6 50 5
3 43 20
7 6 40
8 18 22
4 47 20
8 34 25
1 27 23
7 3 7
8 28 23
2 31 35
7 45 5
5 29 8
6 13 12
8 37 15
9 35 18
8 46 32
3 32 14
7 44 24
6 1 21
2 31 29
2 7 37
4 27 10
4 9 29
8 23 22
6 22 7
3 14 16
7 6 27
9 21 35
3 27 12
4 19 29
9 44 25
3 22 24
3 18 32
8 30 26
3 50 3
4 49 12
3 2 12
1 31 14
9 33 15
8 35 30
8 46 30
8 42 28
3 35 28
4 19 23
6 16 5
5 27 39
1 10 39
6 4 30
6 27 27
5 43 2
3 11 1
5 40 30
8 15 10
7 37 39
8 50 6
1 16 33
8 50 19
7 27 36
9 40 15
5 28 14
8 32 25
9 27 17
7 26 19
3 50 14
1 41 32
5 47 8
8 44 25
4 46 5
8 1 5
8 15 14
5 36 11
3 23 40
7 31 9
4 28 22
7 23 11
9 22 9
4 32 13
6 14 20
9 32 11
4 15 32
5 29 9
4 20 5
7 12 13
8 5 9
8 40 16
5 13 6
5 50 30
2 24 17
9 22 27
1 20 34
9 32 32
8 20 5
8 17 21
8 30 36
4 23 29
6 19 21
2 28 28
9 26 18
6 47 25
1 10 28
3 30 39
4 49 26
9 22 26
1 38 8
9 48 7
1 30 37
1 45 3
8 45 26
3 43 3
4 8 3
2 25 10
2 20 3
5 26 30
1 34 23
1 31 14
4 27 33
2 35 26
1 29 10
2 30 37
8 45 32
6 43 27
5 17 38
6 25 30
3 25 16
3 28 11
4 26 8
4 47 18
8 42 33
9 5 22
6 23 2
4 35 19
5 9 21
3 22 34
7 10 34
8 50 10
8 14 27
8 45 32
8 14 20
8 11 9
6 30 37
2 36 14
1 50 14
1 50 5
4 16 6
8 30 27
8 35 6
3 35 2
2 10 2
1 11 14
7 37 24
6 3 20
1 9 7
7 47 29
3 13 22
5 24 37
9 44 20
8 12 4
7 33 2
4 36 21
9 16 10
7 3 16
3 7 33
6 25 6
5 1 33
3 8 3
4 27 16
1 18 12
3 45 31
1 22 7
9 14 28
4 11 33
3 28 13
3 32 8
8 2 10
7 6 21
3 11 15
1 15 40
7 10 24
2 14 22
7 38 30
9 47 13
8 21 31
4 46 1
1 36 22
5 18 17
4 18 9
3 6 8
5 24 23
2 11 23
2 47 23
9 48 40
8 25 29
1 7 20
3 10 39
2 17 23
8 19 2
4 27 28
3 39 31
4 39 40
5 42 38
1 8 10
6 35 8
2 29 18
3 37 6
4 28 18
1 7 38
2 30 2
4 39 26
5 30 18
7 40 35
9 27 30
6 13 16
4 1 24
4 2 39
9 31 9
1 49 37
8 25 35
8 27 21
4 46 10
2 12 31
4 3 18
7 50 19
5 29 27
1 17 32
7 19 13
8 43 14
9 40 12
8 14 19
8 7 17
6 7 14
7 32 4
4 8 8
4 47 4
9 25 37
3 25 33
2 49 6
8 48 18
1 4 39
6 18 39
1 29 12
5 11 30
3 22 24
9 4 39
6 14 38
8 5 10
3 14 32
5 23 35
2 2 37
9 17 4
9 34 40
6 50 14
9 1 16
5 15 18
2 34 12
5 32 40
5 31 36
3 32 11
9 21 2
6 20 12
9 15 36
1 3 17
8 44 2
2 21 35
5 23 26
9 9 24
2 1 6
5 25 31
1 15 24
8 17 7
8 12 28
1 1 7
7 1 14
4 19 11
3 1 32
6 21 6
2 2 27
4 48 20
1 34 12
1 37 29
3 26 17
3 35 29
4 26 21
9 48 17
2 4 20
4 49 25
1 42 36
7 5 6
9 40 20
1 20 8
1 5 9
4 2 4
4 1 39
4 45 35
2 4 21
4 4 9
9 43 18
2 48 5
2 40 38
3 20 15
1 16 11
5 33 23
4 23 40
1 44 17
2 14 35
6 27 38
8 16 32
3 27 33
7 5 24
1 42 7
7 33 6
5 8 39
4 28 27
7 30 35
7 25 30
7 14 15
7 32 28
4 13 30
3 18 15
7 40 13
9 16 30
1 33 23
4 2 9
3 38 10
8 34 16
3 4 7
3 39 25
5 27 4
2 8 40
1 33 25
4 40 31
7 41 20
9 5 7
6 16 5
5 10 9
1 45 31
9 27 33
8 28 12
1 7 22
4 40 36
6 8 32
6 40 13
4 33 9
2 27 21
6 14 19
6 49 16
6 4 38
6 27 25
8 38 9
8 23 38
4 17 4
4 35 15
8 39 14
2 12 26
4 28 35
3 39 35
5 7 22
7 22 39
8 11 36
9 23 8
6 18 6
3 39 37
4 31 16
9 29 15
3 48 31
7 5 27
3 42 11
3 7 14
4 29 34
7 5 36
7 36 37
4 6 8
2 49 7
1 15 5
7 29 9
5 35 2
5 9 29
1 34 11
9 10 39
1 14 38
4 21 4
6 12 33
8 32 38
1 16 28
6 40 20
6 16 35
3 35 5
7 40 23
9 48 16
2 42 40
7 20 20
4 18 34
6 14 40
8 50 11
5 7 5
6 32 23
5 46 16
7 32 22
6 19 8
9 15 12
3 24 25
7 12 34
1 19 26
4 14 24
8 42 20
5 10 40
8 27 32
4 32 32
3 7 7
8 25 10
4 47 24
9 45 23
2 48 36
4 3 19
8 30 39
6 28 10
9 37 14
3 3 31
9 5 36
2 19 21
1 49 23
5 20 20
8 48 13
6 41 5
6 28 30
5 20 9
9 20 4
7 6 10
8 50 37
7 45 34
1 16 28
6 32 1
2 37 7
9 15 31
2 24 3
9 33 10
2 48 24
1 42 2
9 37 28
9 48 4
5 22 19
6 39 32
2 26 39
9 41 17
6 30 12
5 45 4
9 5 2
5 27 39
7 47 21
6 37 35
2 43 3
2 43 37
1 40 27
1 28 22
2 12 16
3 5 15
5 47 32
7 10 19
7 33 37
6 31 21
2 5 26
6 7 39
5 35 8
3 2 25
6 19 25
6 2 35
3 28 19
6 50 38
1 20 32
5 26 26
7 32 13
2 23 27
2 3 15
4 47 13
2 29 20
9 49 29
5 18 11
3 12 26
4 40 7
1 47 12
4 5 37
2 45 34
1 50 37
2 13 20
2 45 38
3 40 2
7 25 17
1 43 29
8 27 5
1 16 16
7 38 31
6 43 9
2 45 23
5 43 26
6 30 38
1 17 25
6 32 6
8 45 11
8 35 21
6 32 7
3 3 28
7 50 15
1 26 18
7 11 23
9 13 10
7 26 21
8 29 31
8 27 34
1 8 14
9 13 30
5 28 21
4 24 5
4 43 33
4 43 6
8 44 28
7 28 22
1 33 5
1 14 23
2 30 29
8 14 5
2 38 38
4 33 20
9 36 10
9 19 30
7 7 25
3 13 30
7 35 21
8 50 40
2 31 9
8 40 27
7 10 40
1 45 31
5 47 8
5 31 5
6 1 8
8 28 7
1 25 37
4 17 4
5 26 36
9 38 12
8 8 5
5 14 39
3 15 6
9 29 32
7 41 6
4 26 28
4 50 17
9 12 36
9 44 20
6 47 29
4 38 13
6 14 17
6 5 26
2 16 7
6 26 1
4 37 13
5 4 21
1 37 33
8 7 18
2 47 12
2 19 38
9 42 6
6 29 28
6 30 17
1 39 22
5 13 24
4 9 13
8 31 15
5 20 22
5 43 26
3 48 38
5 13 6
4 22 5
6 27 8
2 48 32
9 20 18
1 27 7
4 14 33
9 6 40
1 2 18
7 22 11
5 38 24
6 32 13
1 4 33
2 22 32
6 5 31
3 18 16
4 39 17
2 13 22
1 42 25
3 34 4
6 30 8
9 6 34
7 26 14
2 30 29
6 5 4
5 39 4
3 42 30
9 30 29
2 48 12
1 10 2
7 50 37
4 11 36
8 24 19
2 37 29
5 3 18
4 37 35
6 49 28
4 2 7
6 16 21
9 20 23
3 48 26
4 7 10
9 11 24
3 32 23
9 2 18
6 22 29
4 21 39
7 40 7
3 8 18
8 24 33
5 9 34
5 5 1
6 15 9
4 40 32
7 5 32
4 38 34
1 18 30
8 37 30
9 47 37
7 44 5
5 23 38
7 9 18
6 45 6
8 43 19
8 17 9
7 36 23
2 49 30
1 30 32
5 44 19
1 19 26
7 4 1
2 2 2
3 24 18
6 2 21
4 12 18
2 23 17
3 33 18
3 14 36
7 15 11
9 27 34
2 14 28
7 2 25
9 47 16
1 39 9
5 47 27
5 43 8
3 8 21
9 45 16
5 15 15
8 13 6
5 34 31
8 16 3
4 27 11
9 33 29
4 13 31
3 18 20
3 9 12
9 9 3
3 46 13
3 3 26
2 38 40
9 31 21
2 3 15
5 4 1
2 6 19
9 35 31
3 49 16
2 49 38
1 43 38
3 32 2
4 34 32
3 7 40
3 13 22
5 11 7
1 21 21
9 29 38
1 37 33
1 11 19
6 27 37
5 10 1
1 25 10
6 16 32
9 48 33
4 41 10
8 27 19
1 47 35
1 35 13
1 7 19
3 50 35
7 40 7
8 38 6
5 9 32
6 20 10
6 43 33
8 37 23
7 16 34
5 12 12
8 50 21
4 18 34
1 10 13
8 27 23
3 42 7
2 49 13
1 9 37
2 16 33
7 49 15
8 40 21
1 2 21
7 18 20
8 28 27
9 23 35
8 12 1
1 2 17
2 7 24
8 38 1
1 6 38
7 19 21
5 38 40
9 21 28
7 39 11
2 44 38
9 45 14
2 27 23
2 37 4
7 49 22
4 38 19
8 42 30
6 36 37
9 48 5
1 49 26
3 18 2
2 36 15
2 19 2
6 17 40
7 49 25
8 28 25
4 17 24
5 4 7
3 15 22
6 32 25
1 16 28
8 43 22
2 40 3
5 23 32
7 32 20
9 8 20
1 42 26
1 13 30
3 25 36
4 39 2
3 9 18
3 23 10
8 35 6
5 32 3
4 37 11
4 43 6
3 26 13
5 4 11
9 44 24
2 43 11
8 22 28
3 2 19
1 49 5
1 7 18
1 44 8
7 24 20
1 36 39
6 9 33
6 32 4
1 6 35
2 26 26
8 28 28
2 29 24
6 8 25
9 42 29
3 40 23
1 4 26
4 17 23
7 30 19
9 9 24
4 2 29
7 21 13
2 24 21
7 34 15
8 1 32
6 14 6
9 36 22
5 35 34
7 30 13
5 30 15
2 41 8
7 40 21
8 22 15
2 20 25
4 6 13
2 50 25
9 33 39
5 18 36
2 48 2
8 35 18
5 7 34
8 11 32
9 49 6
7 20 23
4 17 33
2 29 30
2 2 12
8 31 12
4 39 29
5 39 8
5 17 7
3 36 40
7 10 39
5 50 30
3 48 10
1 15 38
8 20 10
5 44 25
2 20 25
2 22 10
6 17 36
1 17 29
8 8 39
6 1 32
7 2 21
7 34 23
6 49 24
7 38 40
5 48 40
3 3 32
3 33 32
9 33 11
1 31 6
6 31 10
4 1 9
7 25 18
9 10 32
3 27 30
9 11 28
4 44 36
8 37 40
7 22 21
3 25 36
8 42 22
2 48 1
5 2 36
9 5 15
9 34 8
9 37 17
3 7 34
3 14 22
9 29 21
4 32 21
1 40 40
3 6 37
5 38 8
1 35 5
3 48 4
3 26 15
1 10 13
7 22 5
6 7 20
3 41 37
6 43 34
4 13 31
9 36 25
4 43 26
4 7 3
6 27 25
3 18 14
6 43 25
8 26 31
5 32 30
6 12 8
8 24 10
8 50 27
4 50 19
2 41 28
1 8 26
1 8 20
6 1 27
9 25 28
2 30 39
5 20 14
6 36 33
7 39 23
4 8 5
3 29 15
4 22 30
5 41 10
6 10 17
9 45 36
3 16 16
6 18 25
1 25 13
4 46 23
1 30 35
4 16 36
8 44 3
5 14 9
6 50 37
7 49 17
9 42 8
8 6 20
1 13 10
6 16 18
4 20 15
6 44 21
4 40 3
5 13 1
4 17 13
1 43 17
5 13 31
2 24 3
4 44 18
3 36 18
7 35 21
9 7 37
5 35 17
3 2 10
2 21 22
3 43 15
2 5 13
4 5 26
3 26 7
9 28 6
5 9 37
8 8 6
2 22 9
8 5 9
5 18 4
4 20 11
8 25 4
5 49 17
9 7 30
6 39 30
9 2 6
3 32 4
8 15 16
1 14 18
1 8 7
5 47 35
7 12 10
8 27 17
1 35 13
3 19 36
5 25 37
5 47 15
6 37 33
5 50 6
9 7 19
3 43 12
1 32 29
7 17 22
3 8 37
4 40 24
7 16 25
2 44 13
7 12 29
8 31 10
9 15 25
3 20 35
2 6 3
3 31 8
2 10 34
5 43 3
3 6 3
5 19 21
1 5 36
4 37 13
5 31 40
5 21 9
3 38 4
9 23 19
1 28 38
3 47 25
4 12 10
5 50 36
7 42 11
2 14 23
7 9 4
2 5 32
7 5 38
3 8 29
7 1 5
9 5 3
9 32 39
4 48 14
3 3 8
7 15 10
9 43 4
1 26 16
3 46 23
7 4 19
6 40 32
9 4 31
2 49 33
8 29 13
1 40 26
5 45 25
1 12 18
5 40 5
9 35 14
3 12 40
1 7 1
7 3 35
1 47 1
8 6 30
1 9 26
3 45 3
6 17 20
2 11 30
7 50 22
9 25 39
3 47 2
8 47 5
7 32 5
4 36 19
4 50 15
6 9 40
7 14 32
6 12 18
4 1 15
3 40 2
5 5 10
8 46 11
9 4 26
2 29 39
1 47 26
8 12 20
1 26 12
7 3 15
9 18 14
1 47 18
5 42 12
4 9 7
2 45 1
6 19 30
6 13 36
4 16 16
9 4 32
2 33 8
2 3 30
8 18 14
3 33 19
3 23 28
4 21 10
9 45 10
1 9 31
1 1 19
3 43 10
6 26 14
9 48 28
8 30 26
5 40 23
7 46 7
9 38 28
9 1 39
9 15 38
6 25 27
2 15 5
2 12 34
4 39 3
7 17 25
6 10 40
2 38 17
8 16 28
7 6 29
6 1 9
8 30 12
1 50 30
1 41 27
4 5 24
8 28 22
5 17 33
6 16 14
7 47 23
1 25 14
1 41 8
5 26 11
1 40 5
3 30 15
5 14 23
5 22 6
8 1 5
6 46 4
1 1 19
7 3 28
8 18 9
2 24 20
2 14 18
4 40 22
7 26 27
6 20 6
6 19 14
7 1 33
6 2 3
7 10 30
8 44 2
9 26 25
9 30 22
5 36 22
4 47 23
3 11 37
2 15 40
5 18 3
9 38 37
3 3 18
5 15 18
3 46 24
4 2 2
5 15 37
6 3 37
7 46 31
3 18 35
8 12 32
7 10 31
5 40 32
5 46 39
1 18 22
4 14 6
9 28 13
5 23 11
9 26 11
1 31 5
6 30 30
2 40 8
2 33 26
1 2 13
4 25 21
7 17 17
6 43 27
5 38 11
5 9 39
3 4 30
4 44 27
9 21 35
7 26 22
9 23 24
5 18 8
7 11 24
8 18 17
2 14 39
8 14 7
5 11 19
6 19 9
2 43 13
5 29 8
4 2 33
8 37 11
1 16 23
8 29 30
3 42 28
7 36 28
1 11 35
9 20 40
2 39 26
3 23 25
3 38 40
5 37 25
1 22 22
4 26 5
3 26 26
9 22 15
2 38 10
7 34 1
5 43 26
4 34 40
3 42 4
2 23 7
5 21 34
9 29 29
4 4 17
3 34 21
6 28 31
9 42 4
6 35 27
8 36 21
6 22 38
8 15 35
8 9 4
4 47 12
2 43 8
6 48 33
1 12 10
6 13 20
2 20 21
8 34 40
4 14 37
8 21 39
2 9 11
2 29 3
4 16 39
1 18 22
6 19 25
7 8 13
5 27 4
2 13 17
2 29 20
5 48 3
7 35 36
5 11 17
1 18 30
1 32 17
1 1 23
5 10 30
6 46 38
4 37 36
3 48 22
1 40 39
7 35 7
3 23 11
3 47 16
5 28 8
5 32 10
5 14 19
4 50 27
3 48 40
5 13 28
6 14 22
3 24 29
2 49 34
2 12 33
1 23 18
8 22 21
8 5 32
8 20 37
3 41 23
3 11 29
7 32 6
4 1 28
9 39 34
1 23 12
2 19 40
3 28 1
3 16 1
6 12 22
3 49 1
5 27 39
9 21 12
8 18 30
3 21 38
2 47 22
7 36 21
8 3 8
3 14 5
8 46 37
4 8 17
1 19 6
9 7 7
9 23 4
6 8 9
5 12 22
5 11 4
3 38 4
7 4 26
7 19 31
2 41 27
4 14 35
5 28 18
5 9 6
6 39 6
7 23 3
8 15 5
2 24 1
5 1 5
1 8 3
1 36 40
8 22 24
2 29 18
2 15 26
4 25 3
6 26 20
5 29 36
5 36 34
7 41 7
5 40 24
8 41 29
2 14 27
3 40 27
2 17 1
8 42 38
7 24 26
7 1 8
1 28 26
2 29 22
2 42 32
6 9 33
1 47 37
9 50 27
8 40 21
2 23 23
9 5 22
2 36 1
7 42 30
1 31 34
6 2 23
3 13 9
2 30 4
2 1 1
9 29 32
9 40 20
6 23 1
3 29 39
7 41 29
4 42 12
5 4 11
7 22 16
2 6 15
2 2 40
3 42 7
6 35 30
2 28 39
2 16 2
6 6 31
8 2 4
7 16 8
6 43 21
1 34 29
8 25 11
6 37 37
9 49 15
4 50 4
7 29 1
5 23 21
6 33 1
7 8 35
4 34 27
7 28 21
2 36 20
8 15 28
7 24 30
9 40 12
5 50 28
6 37 9
6 14 29
7 6 14
8 50 2
1 33 40
4 16 14
8 20 21
3 4 21
8 45 7
1 38 20
3 39 22
8 41 32
8 23 2
5 6 29
3 27 32
8 24 20
3 40 36
3 43 31
7 7 6
5 39 29
9 28 26
5 5 35
3 7 22
9 15 13
6 8 37
6 25 23
2 48 1
5 24 6
6 35 17
2 36 1
6 39 2
9 17 19
6 24 30
4 26 17
8 40 2
2 3 5
1 16 38
4 23 29
7 4 34
9 43 29
8 35 38
5 37 37
1 15 32
1 27 11
6 41 1
9 12 16
7 30 8
5 3 40
4 13 39
7 32 36
3 19 39
3 8 35
5 22 38
2 39 37
3 20 38
5 22 21
9 17 5
4 32 4
6 22 29
6 9 22
4 19 32
1 12 40
6 1 25
1 28 2
8 10 40
2 2 5
2 1 2
9 21 15
4 44 30
9 39 28
5 37 34
6 37 24
1 23 33
1 36 14
6 47 8
1 43 34
3 9 13
2 2 15
3 45 11
6 6 37
6 23 29
9 19 34
4 45 39
4 48 7
4 41 24
6 31 31
2 50 30
2 38 20
4 1 2
9 48 18
9 19 30
3 15 37
2 32 24
9 2 35
4 39 10
2 36 1
1 15 38
5 9 25
4 11 8
7 9 28
7 9 3
1 43 1
8 21 37
9 24 23
9 36 36
2 1 32
2 49 36
3 42 29
2 38 36
3 37 18
6 37 9
8 6 33
1 42 2
4 40 14
2 3 1
2 27 15
1 13 19
8 42 38
5 33 2
1 47 9
2 42 25
5 26 6
3 30 4
8 46 39
5 3 7
2 42 23
5 46 8
5 24 28
8 6 5
8 50 25
4 46 22
4 49 11
4 14 7
6 5 16
5 9 30
8 26 24
7 46 5
4 16 27
1 27 4
4 48 35
8 42 27
4 13 36
3 17 2
4 38 32
2 6 1
1 39 35
6 1 33
9 36 3
9 50 14
1 4 17
6 35 21
5 47 10
4 22 7
9 44 29
8 34 6
8 21 40
4 31 9
4 6 33
9 8 16
9 23 4
7 3 39
8 22 1
7 32 29
7 40 13
6 4 23
1 47 3
3 42 39
4 15 23
9 7 29
5 44 27
9 11 31
8 5 12
4 43 16
3 29 31
2 15 12
3 21 11
2 29 8
1 48 6
7 40 30
1 36 19
1 38 31
6 37 19
7 46 11
3 35 1
4 19 4
3 27 30
2 42 17
2 36 11
4 40 31
1 38 21
5 30 10
1 41 35
6 12 5
1 44 21
4 13 39
5 8 33
6 3 5
9 25 31
4 50 3
9 5 1
4 11 20
4 17 35
9 37 24
6 39 13
8 36 27
9 21 8
1 8 1
7 3 12
7 40 14
5 12 32
9 37 29
2 25 16
9 25 9
2 40 21
5 42 29
6 40 32
1 18 9
7 31 9
7 37 32
6 29 16
4 6 12
3 38 10
3 19 30
8 10 33
8 4 15
5 1 18
3 24 11
3 30 29
4 13 10
3 16 30
2 21 24
8 47 35
8 2 37
9 19 7
8 13 7
5 33 16
4 22 11
4 2 6
7 9 38
4 3 36
2 20 8
8 40 15
9 4 23
9 16 19
2 35 19
2 35 20
1 5 3
6 36 21
7 29 40
5 46 36
9 35 29
4 12 11
5 40 13
4 11 3
4 38 31
6 44 9
1 23 20
4 41 34
7 29 27
8 15 8
1 31 22
7 26 6
8 26 19
6 38 30
5 2 38
7 45 1
1 22 17
6 11 33
7 49 31
3 21 13
6 30 2
6 34 38
9 10 26
6 11 22
8 45 18
7 26 25
8 33 13
7 26 9
5 4 28
5 1 10
4 23 22
3 3 10
6 12 31
6 10 1
9 37 38
4 28 25
7 11 31
3 9 36
9 41 21
2 40 36
8 23 36
2 1 13
2 25 18
9 50 30
6 7 30
9 45 5
3 7 16
4 19 5
6 14 12
7 43 6
2 13 15
8 32 14
5 43 9
5 21 36
9 34 1
1 43 22
9 12 26
3 29 31
9 10 16
5 22 12
4 43 40
8 49 17
6 30 2
2 49 17
6 34 21
3 25 15
4 38 39
1 8 16
2 2 23
6 50 3
9 36 11
3 30 12
1 45 11
5 15 36
4 20 13
5 8 26
2 32 17
4 42 10
1 33 22
8 21 33
4 34 31
4 1 16
1 29 39
6 23 8
8 12 8
9 45 7
3 23 32
6 28 37
2 22 24
9 21 36
7 27 13
8 21 38
2 19 17
7 25 36
3 48 22
8 35 18
4 6 23
6 45 6
9 3 38
8 48 12
1 2 17
9 45 36
1 30 4
9 37 16
3 49 36
9 41 24
9 2 27
1 26 22
2 7 28
8 5 30
8 37 36
1 33 14
2 36 35
5 36 33
4 8 19
9 14 38
1 38 35
5 40 18
7 14 15
8 28 17
4 42 4
5 46 7
1 24 6
5 8 16
1 41 30
4 4 31
8 10 31
4 10 37
6 34 34
7 31 40
4 43 32
7 27 20
8 22 17
8 1 33
9 38 30
7 33 40
9 48 35
3 8 9
9 33 28
1 47 2
2 4 13
4 25 40
2 42 9
7 40 19
5 46 14
8 17 33
8 2 16
4 10 23
8 11 28
7 8 20
5 1 11
7 29 13
8 31 31
9 41 19
6 39 38
3 12 11
8 17 25
7 7 28
4 25 13
2 38 24
3 42 10
5 8 23
2 22 16
8 17 15
5 11 3
7 35 26
7 29 31
4 3 36
1 14 4
6 33 18
9 22 3
3 46 10
6 2 12
1 27 13
2 27 33
9 50 21
9 36 7
4 24 5
2 3 29
4 20 11
6 32 16
8 46 1
5 10 16
7 18 32
5 48 38
1 32 7
7 40 29
8 33 15
2 47 13
5 36 16
7 20 6
4 17 22
8 15 14
6 17 31
9 20 21
8 11 39
3 26 5
9 46 13
2 2 35
2 14 15
6 36 1
5 30 23
8 21 38
6 4 27
3 37 28
8 9 32
8 31 6
6 23 16
9 22 23
1 19 4
9 17 36
4 39 32
8 37 2
8 33 38
3 24 28
4 7 29
3 22 22
3 1 40
7 21 22
4 20 29
1 32 33
7 11 17
8 1 6
6 16 17
9 38 22
9 42 7
5 47 6
4 7 19
8 22 28
5 18 22
3 24 30
1 15 1
1 50 35
8 33 24
1 19 8
6 1 14
2 17 37
5 39 39
8 19 23
5 13 2
5 15 8
1 10 23
7 36 12
3 45 8
8 45 6
1 33 32
9 30 4
9 39 20
2 31 15
4 17 16
7 12 1
6 24 28
8 45 2
7 25 7
2 22 7
1 26 36
9 12 14
4 30 40
5 41 36
2 10 40
8 45 24
9 20 5
6 27 1
6 28 39
1 26 37
9 29 28
9 11 40
7 22 7
7 1 4
4 13 6
4 8 18
7 24 5
7 34 22
4 47 25
9 38 25
5 1 27
4 12 9
9 3 17
7 22 18
3 38 17
1 49 25
4 21 37
3 42 32
6 3 26
5 14 18
2 9 6
2 24 5
3 18 21
2 23 38
4 43 1
7 5 26
1 46 29
8 1 37
4 32 37
7 24 19
7 22 1
7 19 8
1 4 31
2 25 19
8 18 24
5 36 27
3 33 25
6 11 16
6 25 34
3 41 27
3 17 33
1 32 38
1 23 36
6 47 18
8 26 39
5 24 3
2 31 2
8 1 26
5 34 39
7 29 22
6 47 23
7 20 30
3 14 18
7 28 18
9 17 31
9 27 1
2 8 38
9 24 23
2 34 3
5 23 39
3 24 36
9 32 20
9 31 16
1 30 16
2 50 9
4 3 36
7 38 17
5 12 16
8 34 20
2 34 33
3 33 8
7 28 7
2 4 25
8 34 25
6 18 13
5 44 26
1 44 40
2 16 11
7 34 38
7 34 37
5 14 32
1 22 5
7 11 4
8 1 39
7 2 21
1 44 31
4 41 9
3 3 33
4 38 37
4 38 12
1 25 17
8 14 8
7 49 15
1 6 40
7 49 20
3 34 34
5 41 8
1 14 32
6 18 38
3 23 17
3 40 16
5 46 31
9 3 11
1 18 11
8 19 2
5 41 27
5 21 35
2 25 23
8 14 1
4 33 5
1 44 26
3 47 14
2 43 29
1 7 37
7 13 31
9 26 31
1 47 11
8 44 34
9 46 6
8 2 18
4 10 11
3 25 17
2 5 34
8 40 29
4 5 29
7 45 6
3 30 2
6 17 4
3 12 34
1 6 22
2 34 13
4 46 30
6 21 28
8 6 40
5 34 40
6 40 14
4 31 21
2 25 17
4 6 39
6 41 13
6 15 9
6 14 31
4 50 34
1 38 27
3 10 24
8 31 20
5 42 22
4 30 36
3 7 8
6 46 27
2 40 12
4 32 19
2 12 25
9 1 7
1 1 4
9 46 31
9 50 5
9 1 32
4 1 14
6 24 16
5 6 37
8 43 7
8 19 10
3 32 35
5 14 37
8 4 7
7 33 37
5 47 24
4 21 8
2 35 9
9 2 25
1 48 2
7 29 9
2 26 27
3 1 36
4 6 16
3 16 25
9 31 22
4 31 20
5 5 4
6 47 37
6 11 40
5 3 36
5 32 27
7 45 8
9 29 15
8 14 1
9 27 28
1 36 22
7 1 37
5 41 40
6 29 23
5 36 28
2 35 10
1 41 27
6 6 29
2 11 12
4 10 19
2 2 19
5 16 39
9 40 9
2 19 27
2 24 36
8 28 38
5 29 22
9 46 9
4 38 22
8 27 22
4 39 6
9 30 36
1 43 35
6 11 40
6 34 2
1 50 39
2 28 37
2 27 9
1 42 11
5 46 25
9 50 5
7 15 35
5 6 12
5 40 12
3 18 23
6 2 13
8 3 1
5 45 12
1 44 6
8 33 30
3 6 30
4 44 19
3 24 16
2 46 13
9 37 19
6 48 32
1 22 24
8 39 21
6 26 34
9 48 23
5 46 32
9 28 7
2 10 4
6 46 4
4 16 10
6 49 19
8 41 2
2 49 40
1 15 27
9 33 34
1 50 2
8 45 32
6 26 9
9 31 10
5 45 15
5 26 22
3 43 34
9 3 14
6 29 30
4 1 10
1 49 40
1 42 17
2 5 36
5 3 2
4 18 8
3 28 40
4 43 18
8 10 28
7 31 8
9 15 39
4 39 27
5 14 35
4 2 10
5 37 27
1 7 15
2 11 37
8 21 6
7 39 10
5 14 25
6 48 1
5 34 20
8 34 22
3 23 26
6 24 30
5 27 28
3 41 30
6 7 16
7 46 15
6 32 2
1 31 7
5 7 7
7 21 8
1 22 1
4 21 32
8 49 24
7 49 30
2 12 11
4 21 12
2 21 20
6 16 19
6 43 40
2 37 1
1 13 20
3 4 22
1 4 17
1 40 25
2 3 19
4 2 11
8 39 25
8 23 19
7 48 5
8 46 35
2 50 33
7 11 12
1 25 18
7 47 9
7 34 28
6 36 13
2 43 27
1 38 1
6 33 22
4 36 38
2 9 4
2 4 17
3 3 15
2 14 21
3 50 19
2 13 15
8 16 39
1 42 25
5 30 7
1 16 5
2 40 24
4 13 30
1 14 32
7 30 33
3 50 27
4 46 31
4 32 27
3 39 16
4 42 18
4 15 2
2 31 16
5 49 39
1 5 19
7 47 6
9 1 24
7 18 6
7 14 28
4 12 33
1 46 20
9 27 3
6 17 22
6 45 24
4 1 32
3 31 28
5 44 27
2 39 38
4 36 33
5 13 28
3 18 37
5 25 23
1 46 35
4 25 40
4 32 24
7 19 39
1 28 24
2 9 33
9 33 37
8 22 11
4 18 5
6 41 8
3 38 6
4 29 24
5 49 31
1 3 11
2 22 6
2 28 24
3 6 31
5 14 38
8 14 13
8 27 22
5 8 30
5 31 14
3 28 12
2 1 6
7 38 16
1 26 30
2 16 14
3 13 18
9 16 30
3 28 25
3 39 34
4 32 15
4 2 35
5 21 15
8 22 18
6 5 23
9 21 3
3 9 17
7 1 1
9 36 10
2 16 13
3 48 39
6 36 29
9 9 10
3 1 9
3 20 15
3 12 8
2 25 2
1 50 12
6 39 17
1 30 18
7 4 29
1 41 29
6 15 7
8 48 16
5 11 17
9 48 20
6 36 5
2 19 11
8 43 12
7 48 24
5 40 15
9 49 12
1 34 25
7 35 14
6 46 10
2 17 27
2 13 13
8 22 24
6 26 32
4 28 8
9 14 18
9 10 39
3 48 8
2 15 8
4 25 13
3 26 4
2 27 2
3 49 28
5 20 30
8 50 16
6 27 22
4 28 16
5 10 15
7 10 4
5 24 37
9 23 14
8 14 37
5 50 2
7 19 2
1 19 27
5 28 15
8 28 20
3 37 3
5 47 37
2 2 5
1 48 36
3 22 17
2 14 14
1 8 31
1 3 35
3 9 37
8 42 29
6 12 13
1 32 31
3 28 29
6 8 29
7 31 13
1 50 24
6 27 31
9 4 30
4 8 28
7 2 28
2 20 31
8 33 24
5 43 18
4 23 19
8 12 28
4 4 16
7 50 33
6 22 16
6 44 34
7 28 7
6 20 16
1 35 15
2 29 25
5 5 32
7 8 11
4 37 8
5 32 35
2 41 30
8 18 23
6 37 15
2 9 21
9 27 36
1 41 10
5 37 32
3 32 9
6 48 31
2 39 12
8 35 3
4 18 32
7 50 33
3 10 6
4 11 3
4 5 19
8 31 16
8 27 4
1 45 28
1 49 14
5 45 30
9 4 24
4 32 28
6 4 17
4 17 10
2 8 15
9 44 38
8 25 26
3 19 5
6 48 10
6 25 34
2 14 11
3 18 9
2 42 34
1 9 5
3 29 5
1 27 12
3 20 1
1 47 37
3 24 30
8 33 27
6 47 13
7 48 1
8 30 10
1 15 32
7 37 1
9 30 29
1 6 25
6 27 1
3 28 14
8 10 35
3 29 26
4 22 29
2 2 14
2 41 19
1 47 39
1 25 30
9 3 6
4 46 9
8 22 34
5 31 5
5 11 37
8 12 25
3 11 34
4 19 19
8 19 40
3 38 23
1 47 16
3 16 8
7 26 28
2 47 22
3 27 25
5 41 13
3 39 14
7 39 32
9 19 21
8 9 31
6 32 33
7 22 14
3 3 30
7 25 38
9 25 37
2 10 13
7 45 34
7 6 18
8 28 38
5 4 20
8 8 1
4 43 35
6 38 19
5 36 3
9 11 23
9 7 6
9 30 28
9 38 35
7 40 21
1 11 38
4 1 22
7 23 31
6 44 34
4 36 11
6 16 17
8 7 24
1 19 28
2 20 10
7 44 5
5 34 13
3 25 3
7 13 19
8 15 24
7 23 32
2 46 7
5 13 21
4 46 14
9 37 1
9 29 17
5 4 27
5 45 1
7 46 35
3 16 30
1 49 10
6 39 40
7 9 6
1 41 20
3 27 5
6 27 26
8 7 4
5 23 6
9 42 20
3 6 23
8 38 36
1 2 26
9 34 25
7 8 35
2 3 29
3 33 23
7 30 28
3 2 24
6 37 39
8 49 7
7 24 28
1 43 15
9 24 32
6 1 18
8 13 25
8 20 10
1 38 1
7 49 40
4 10 34
6 38 14
4 44 18
4 7 18
9 15 9
2 47 33
8 20 39
4 47 35
6 43 9
7 36 4
4 22 1
2 26 5
1 48 15
7 14 38
8 48 38
9 3 28
5 28 38
3 28 24
1 14 32
7 34 18
5 9 14
3 2 16
7 47 1
3 32 11
8 14 6
7 33 25
9 17 2
2 37 2
4 45 34
5 36 39
5 38 16
8 22 24
9 19 21
5 11 19
5 26 13
6 46 13
3 22 25
8 10 2
9 9 15
2 37 26
2 46 26
2 27 7
5 36 25
9 16 10
6 27 12
6 41 9
5 33 23
7 5 2
3 24 38
9 11 36
2 16 26
1 1 32
8 38 35
6 26 23
8 41 3
4 4 11
6 10 18
1 44 8
1 46 17
8 46 15
5 4 30
3 18 20
1 22 12
2 39 9
5 5 33
3 50 28
6 25 31
2 20 20
3 37 21
5 33 29
6 33 6
4 3 5
5 43 39
4 1 34
1 16 25
8 28 32
2 15 2
2 16 21
6 28 18
2 18 20
5 49 8
8 27 31
5 5 3
5 19 27
2 32 2
5 6 31
2 9 31
7 42 11
1 27 14
8 29 8
7 29 26
2 12 35
7 40 16
4 10 17
7 27 9
6 2 16
9 8 18
3 2 1
1 5 15
2 39 12
2 7 17
5 44 2
2 19 34
8 26 27
7 3 15
3 39 2
5 13 6
3 41 32
7 31 1
8 24 33
1 26 23
2 49 17
3 44 39
6 8 7
6 21 38
2 36 1
2 30 35
7 49 12
6 12 34
9 43 20
6 12 15
4 43 20
2 34 40
1 47 23
7 18 10
3 30 16
7 1 24
9 26 17
8 40 22
4 10 27
7 40 12
1 49 29
2 8 21
9 23 29
9 17 39
9 13 36
3 9 13
1 23 7
9 1 24
1 23 27
3 36 6
6 14 13
6 36 2
6 8 39
9 29 19
8 44 19
7 36 35
9 39 16
9 12 10
8 16 37
3 49 19
2 7 17
7 14 21
9 12 8
9 28 12
4 39 31
1 23 5
4 22 29
5 23 28
7 46 13
1 42 12
7 12 28
4 15 36
6 8 11
5 12 21
2 38 26
1 30 16
9 32 32
2 28 24
3 11 30
6 26 36
1 35 5
8 47 10
7 12 12
4 13 40
8 26 12
4 15 16
1 41 13
7 11 30
8 31 31
8 16 23
7 20 15
3 34 23
5 34 11
9 49 11
7 24 19
6 30 15
1 13 40
3 41 23
8 40 3
4 34 23
7 46 24
2 19 11
1 9 31
2 31 26
9 24 37
2 20 13
8 48 30
8 44 37
1 17 17
7 39 11
2 30 14
5 19 32
1 49 1
9 25 10
9 5 39
2 47 32
7 38 12
2 45 21
3 37 21
4 6 35
8 26 28
7 24 30
4 35 25
8 38 33
1 33 24
6 44 38
8 22 22
7 25 17
7 6 7
1 40 16
8 27 30
1 32 19
8 48 30
7 22 18
4 37 18
5 30 9
8 10 19
4 46 6
9 20 11
2 30 8
9 32 25
8 24 9
8 31 31
7 20 28
4 23 37
3 12 40
1 33 31
6 9 19
9 23 17
4 31 29
5 36 16
7 13 4
2 12 30
2 9 22
4 12 2
8 44 18
9 43 13
9 28 6
1 17 9
6 3 36
6 49 4
9 28 19
3 21 39
4 31 16
4 4 16
8 4 9
1 5 17
7 23 32
2 42 37
4 23 4
4 3 5
7 49 37
4 2 7
5 27 30
9 50 22
1 14 16
6 50 24
9 44 7
1 43 33
5 21 17
3 15 30
9 21 9
1 5 8
4 40 14
6 13 5
8 43 37
4 22 37
9 14 24
8 20 33
5 48 23
4 5 9
1 45 22
4 19 7
9 9 32
1 9 18
7 28 36
5 18 19
4 35 29
1 48 8
8 43 28
1 42 14
2 20 22
9 19 19
2 32 4
4 49 36
3 16 18
6 43 26
5 30 15
1 6 33
7 14 18
3 7 25
7 27 15
7 15 17
1 11 39
3 24 37
9 19 13
6 30 23
9 24 37
5 40 14
1 16 35
2 29 16
7 41 1
7 10 4
6 31 27
7 46 14
8 10 33
2 5 8
4 36 8
9 12 29
8 25 17
5 37 40
8 49 10
2 11 38
3 19 5
2 17 31
6 9 32
7 46 18
1 18 18
9 23 10
8 3 5
4 19 19
5 6 37
5 5 2
6 33 24
7 29 9
4 34 20
6 11 12
2 17 19
1 29 19
3 4 23
7 14 6
7 17 39
8 8 35
7 21 31
8 24 14
9 8 28
9 41 11
2 23 39
6 38 29
2 31 18
6 21 17
8 14 2
3 6 34
3 49 34
9 34 8
1 5 35
4 34 33
2 9 37
8 37 37
8 9 28
3 15 6
5 2 39
8 50 37
6 41 33
1 12 23
5 9 13
7 5 17
5 3 27
7 2 40
4 17 12
5 4 12
7 39 9
2 29 9
3 36 34
2 35 28
5 26 37
8 21 24
4 24 39
3 25 35
2 48 21
6 46 14
1 4 15
4 36 15
1 27 22
9 41 1
4 33 17
7 42 19
4 23 21
8 23 9
3 21 18
9 8 40
4 17 29
7 23 2
5 11 31
1 34 20
8 29 17
5 9 28
1 1 17
2 44 36
8 20 5
8 44 9
5 4 29
8 43 9
9 2 37
9 42 2
4 13 34
6 16 34
2 31 14
1 28 13
7 13 29
9 34 37
2 11 21
2 44 30
6 37 40
2 21 5
6 34 21
6 29 21
9 21 35
3 39 28
6 37 6
1 46 3
5 16 33
1 32 9
1 44 18
6 7 13
1 32 11
4 35 17
5 42 9
9 49 30
3 7 16
9 16 22
3 43 23
6 6 15
1 20 35
2 13 2
6 48 10
8 30 20
9 34 13
2 29 23
8 19 23
9 11 21
5 10 20
5 25 4
9 36 12
1 42 34
7 30 34
5 35 21
1 30 30
3 22 7
3 19 3
3 41 21
4 16 3
6 22 31
2 34 17
3 21 23
2 39 17
5 23 36
7 46 16
1 10 36
1 42 17
2 34 32
4 16 24
8 41 32
5 25 25
1 40 5
4 28 5
3 3 11
2 3 11
5 45 34
6 28 11
1 35 31
8 20 8
1 21 35
5 12 24
6 3 5
9 35 32
6 33 37
4 49 7
6 20 15
6 22 4
9 11 22
9 42 35
7 26 20
4 19 38
3 41 11
3 27 26
9 40 8
6 49 4
2 33 22
4 39 40
3 42 12
1 28 20
9 11 36
1 10 23
5 35 23
1 3 24
8 24 24
2 42 7
6 36 23
7 11 33
8 39 3
1 14 20
5 49 4
9 7 13
7 6 3
8 13 34
7 2 10
8 7 24
5 46 36
4 30 22
8 3 19
1 33 22
5 16 19
4 47 21
6 50 23
9 50 5
7 47 19
2 27 39
9 35 22
2 15 25
5 13 9
9 35 29
9 31 36
4 39 11
9 29 20
9 24 36
3 11 14
5 12 38
3 46 38
4 14 28
4 32 17
1 41 38
1 42 16
8 25 29
3 22 5
3 10 13
5 29 10
4 43 31
1 37 1
8 50 31
5 2 40
2 3 29
7 3 32
8 12 21
5 35 24
5 32 10
1 22 36
3 27 13
5 22 34
7 11 13
1 27 25
1 47 27
3 37 31
6 49 8
6 47 28
9 27 1
1 2 13
8 26 39
2 4 22
5 2 23
8 18 3
6 35 38
1 47 37
6 14 28
7 13 1
3 32 8
1 41 27
2 36 38
4 9 38
6 30 30
1 14 3
2 38 15
9 41 22
1 21 27
1 14 3
5 16 24
8 9 11
4 40 4
4 43 34
2 3 16
4 40 15
2 41 28
8 9 21
5 48 26
8 16 37
2 47 18
5 49 16
4 33 36
9 41 5
1 2 17
8 46 3
7 19 23
4 40 23
5 7 31
4 14 2
7 31 5
1 45 9
2 37 17
7 38 23
4 9 22
9 13 6
2 11 24
1 1 20
4 6 33
6 7 7
2 4 35
2 31 17
2 47 5
7 46 30
4 34 1
5 7 13
7 15 25
4 30 26
5 11 3
8 16 11
9 10 38
9 2 16
7 22 25
1 13 31
6 38 25
1 50 3
1 10 13
1 13 11
1 6 9
6 35 4
2 13 35
3 5 37
8 23 19
1 38 25
4 27 8
1 7 23
4 13 23
4 20 19
9 16 17
7 19 10
6 4 37
9 49 39
3 50 1
1 12 18
2 50 23
5 7 17
9 27 14
8 14 7
1 32 35
1 8 18
4 6 25
2 1 34
1 16 31
2 6 19
5 28 29
9 24 14
4 13 19
7 24 9
2 40 1
4 30 2
6 7 5
7 44 33
7 9 11
3 45 25
7 14 28
2 29 27
6 42 33
4 45 18
5 12 16
5 41 38
8 11 23
9 31 32
4 6 28
5 32 10
7 49 26
8 29 15
7 35 27
7 12 24
3 34 9
3 49 2
3 21 16
1 10 6
7 26 37
8 27 21
4 12 38
3 23 22
5 32 1
2 32 4
4 40 15
9 27 3
9 45 6
3 41 3
4 37 33
8 30 4
3 31 1
5 49 35
3 37 11
9 44 21
9 50 25
3 42 23
1 13 15
1 4 25
2 6 40
8 13 7
2 35 34
9 6 12
5 22 16
5 3 23
6 46 4
1 48 12
9 26 23
3 19 15
7 29 24
2 49 34
9 21 29
8 15 14
8 29 5
8 25 6
7 25 11
6 17 24
6 45 16
9 10 30
5 21 25
5 36 25
9 18 13
9 48 25
2 3 7
5 17 14
5 22 3
7 48 38
7 46 30
9 46 16
3 10 40
1 4 30
3 18 29
6 20 3
2 4 10
2 3 23
7 11 7
6 33 13
9 4 10
8 47 17
1 1 7
3 5 26
9 19 6
2 26 17
2 38 34
6 17 39
1 34 4
3 18 4
7 48 21
6 19 13
8 41 17
3 16 4
6 19 12
5 49 9
9 23 9
5 28 23
6 21 3
6 38 2
3 43 28
6 25 29
7 45 6
2 29 22
7 30 23
8 7 5
1 4 30
9 25 16
7 15 30
4 23 38
7 35 36
8 50 31
6 11 16
5 23 1
9 22 40
7 24 39
8 27 19
6 13 37
5 35 9
2 37 30
3 29 22
7 2 38
5 24 37
3 30 12
9 32 4
9 25 6
4 49 21
4 12 38
7 32 32
3 20 6
7 36 30
4 14 32
2 26 40
9 2 7
8 12 36
7 25 37
3 44 34
8 30 20
1 7 39
7 17 38
3 19 11
6 8 13
5 16 5
2 29 8
4 8 40
3 24 4
9 9 35
6 8 31
9 25 10
1 33 12
6 46 14
3 26 39
9 22 35
1 4 28
9 13 39
8 50 31
1 36 38
3 28 37
9 10 6
2 22 25
3 6 24
8 47 12
2 14 28
5 41 15
1 21 28
1 4 34
4 27 23
9 28 3
6 38 8
8 21 24
4 5 21
5 9 14
6 44 5
8 7 23
4 3 12
5 11 18
5 7 12
1 43 16
3 49 9
3 40 32
1 1 11
7 22 10
6 26 36
6 33 18
5 2 16
2 16 31
1 20 35
5 50 22
9 13 35
1 5 14
4 29 29
5 27 24
9 18 40
6 28 30
8 46 36
7 4 17
8 40 20
5 4 25
1 39 5
8 45 1
8 5 28
6 8 40
2 37 16
9 15 9
5 31 19
7 15 19
5 25 38
9 45 29
3 27 5
2 45 17
5 19 13
3 9 20
3 50 28
5 39 18
8 41 25
8 18 12
3 36 29
9 4 3
2 23 10
5 8 2
2 10 33
3 18 20
3 11 39
8 12 17
6 47 12
8 9 13
2 27 38
7 35 40
4 49 12
7 2 1
4 12 36
6 24 40
5 38 36
8 7 25
9 28 4
9 33 32
2 37 10
9 24 8
1 41 14
7 34 23
4 49 2
8 4 3
9 18 21
4 20 19
7 26 11
3 40 35
4 32 18
2 35 39
9 24 16
9 17 21
9 5 1
3 43 4
4 20 28
7 16 40
9 50 16
9 12 4
7 40 35
5 6 10
9 45 24
6 32 7
9 31 27
3 50 27
3 45 32
2 33 31
1 45 16
8 47 5
1 33 29
3 44 16
5 42 6
1 33 34
8 14 12
6 47 1
8 27 24
1 5 1
1 11 36
6 22 7
4 9 3
3 25 20
6 38 37
9 20 26
4 12 34
5 22 33
4 9 25
4 25 24
5 46 24
8 4 35
4 9 14
1 28 19
8 28 28
4 12 6
6 35 21
7 43 34
5 7 23
7 4 7
7 48 35
3 13 1
5 19 37
7 4 33
3 45 15
4 25 24
1 31 40
8 22 13
4 41 7
8 47 11
5 16 2
2 6 29
4 45 7
4 48 4
5 31 11
5 33 9
8 28 32
2 42 25
4 24 20
3 42 8
1 43 14
5 40 30
4 35 5
6 21 17
2 8 5
1 5 26
8 12 37
9 18 35
2 45 8
8 9 3
3 20 18
7 30 40
9 40 4
7 29 39
8 27 27
6 48 32
5 11 21
5 16 11
6 26 8
5 38 16
1 49 14
8 26 9
8 12 3
8 12 20
9 11 27
1 14 34
4 21 14
9 12 2
5 5 39
6 20 12
5 8 7
8 9 31
4 12 5
5 21 12
2 24 11
2 34 18
2 21 18
4 30 4
4 8 2
5 44 33
4 8 8
2 26 11
3 33 16
1 26 38
9 44 11
6 48 14
8 9 31
5 5 1
8 12 37
2 13 6
1 39 27
5 45 2
1 3 24
5 5 23
5 1 37
5 19 38
9 35 33
3 34 34
3 3 14
4 43 16
4 9 23
4 1 4
4 34 30
4 31 37
5 50 11
7 36 5
8 41 5
3 43 33
1 43 8
5 36 24
6 3 37
5 32 17
6 40 27
7 8 38
2 37 25
1 3 23
7 11 18
6 21 23
9 34 4
9 23 7
2 10 24
9 11 19
1 36 33
1 33 4
9 23 5
6 45 40
4 28 28
1 5 22
1 21 28
6 47 38
6 16 25
2 29 35
3 44 13
7 2 30
4 16 2
3 24 39
5 19 34
4 50 3
1 31 8
9 50 1
5 16 14
9 22 25
5 28 14
6 3 37
9 36 3
8 28 24
7 26 12
5 34 39
6 47 10
1 29 8
1 31 10
9 17 10
1 47 8
8 19 2
3 8 34
8 48 2
5 17 18
4 25 31
3 18 3
8 1 23
7 9 34
3 4 21
5 41 26
7 1 4
6 15 11
4 10 40
8 42 2
9 47 6
2 25 37
5 31 5
9 30 34
2 38 12
8 14 5
1 29 1
8 40 30
1 29 15
7 38 5
2 4 33
5 27 20
8 9 34
7 2 32
8 45 20
1 19 33
7 7 28
8 21 17
5 27 10
3 11 16
8 19 7
7 28 34
9 27 12
9 20 39
7 15 5
7 49 19
6 22 30
4 41 6
4 27 38
7 20 23
4 48 8
6 13 8
9 11 30
2 38 13
9 39 22
5 14 36
4 11 32
4 49 20
8 41 35
1 17 5
8 12 32
5 11 1
6 15 29
6 2 16
8 8 31
9 27 24
6 49 19
6 9 3
4 33 33
3 10 37
1 48 27
1 16 10
2 18 34
6 39 37
7 35 9
4 6 31
2 17 24
1 33 28
1 44 5
9 14 17
2 46 34
6 16 28
4 3 21
8 2 4
6 40 25
9 30 21
5 16 26
2 3 24
7 6 2
2 30 34
7 35 20
7 15 11
9 28 36
4 34 40
8 16 24
6 3 35
5 35 31
8 39 38
9 21 2
4 13 20
8 28 8
9 19 12
1 15 32
3 24 17
3 11 6
4 42 14
6 50 29
2 36 24
9 42 12
1 40 9
1 20 7
4 10 1
5 50 22
4 38 32
8 18 8
9 18 18
5 7 33
4 28 34
7 35 20
5 33 35
7 5 25
