8 69 1054 4945
3997 112 2118 1049 2447 3229 138 3904 3776 1028 2205 891 744 628 3884 2854 4495 936 2273 1219 819 3142 4047 2298 363 510 3755 1687 3513 3284 3854 1483 443 4036 768 4905 4205 1042 4471 2323 804 3011 4867 652 1724 4089 3016 2396 3675 3361 271 1416 3834 3176 1829 375 2624 1382 1259 354 2788 4805 400 3211 994 890 2399 3276 3539 
3617 1352 1088 4674 3623 668 3299 2164 3527 4312 4788 82 4147 176 3233 4415 1869 1949 1264 2985 2149 4597 878 4020 3967 3435 2900 399 2130 3577 657 3290 4424 4068 4597 1023 1112 4771 3519 3013 95 2268 2128 4217 538 2621 1767 2536 2903 4721 1044 2515 1326 1679 1810 3155 2293 847 522 1645 1106 2754 1047 4288 4744 1710 1492 3986 4044 
3514 3119 2689 4583 4495 1384 691 1037 2681 196 1311 1274 4618 2775 4156 1741 3102 4082 1358 3167 2356 733 1910 248 387 3358 1265 3032 1096 3088 3256 2447 3837 4296 3088 130 456 1879 3393 4205 407 899 3521 2670 3413 1648 4500 1887 3988 4878 1846 4567 3952 783 4243 278 285 2953 4484 208 1315 4647 573 3874 632 4128 2130 4169 11 
3422 4086 3181 2782 2712 4456 4869 33 762 1486 3203 945 2550 3032 2826 2566 4146 1074 438 2376 4203 3805 1265 3804 1757 3335 2100 4123 92 2220 4199 4606 944 621 1229 2403 4292 686 4865 1247 3629 3330 3875 460 2737 2709 2505 2155 1082 3036 4858 1602 4878 2560 3410 4044 3057 4733 929 4760 1707 340 2573 4169 4874 1881 4010 1490 3823 
60 2319 4178 2995 4366 3664 4007 1227 3451 3007 1426 4314 429 731 2743 1358 3667 127 4081 66 4318 43 3053 4199 3861 3724 4641 3934 4552 3282 2815 4836 3525 4232 4534 296 1329 160 4189 2334 4539 1104 2370 2640 4298 1431 2154 4863 1865 1161 1777 1954 380 1660 1416 2596 3487 2604 2834 2658 512 1016 1860 3660 2874 1447 1173 1832 1047 
960 1701 4204 13 4493 435 3965 535 2642 140 120 1667 4734 881 2928 3167 3731 2145 2143 1316 3752 1703 1336 152 450 4703 2591 4212 275 1885 1471 4869 2773 3918 41 2454 2482 414 1161 3215 3421 4751 3248 2249 379 2728 4748 318 4154 1720 546 934 2391 2356 1689 3018 3254 3018 4697 3662 1439 1004 3774 4116 1145 207 169 4280 1590 
4162 2845 1347 3979 2497 3267 3156 2408 4058 1264 1926 1313 1032 838 3626 1049 2182 3961 3978 3034 4215 34 3476 4759 2341 4247 1250 1413 2167 1405 3979 3583 4437 1690 4858 4692 3799 2834 1436 1295 970 3382 3525 743 2129 971 917 2894 4002 337 619 4548 3990 2103 4888 342 4148 218 2879 1487 1792 1766 4156 4330 4470 2760 3595 1439 1451 
1408 4700 4490 3889 1552 4201 3426 1298 4237 2641 1412 1950 3896 1859 54 4213 2215 2181 215 4898 2938 4176 346 4359 1701 1017 3680 4449 4063 1061 1755 3822 4132 1304 57 4765 2984 1428 201 2961 1504 2524 697 2877 374 3496 787 2630 3496 2486 2571 502 1909 3932 2875 3743 1642 4466 1875 3945 2837 365 3018 672 2543 359 4836 4300 1485 
3 24 5
5 52 22
6 56 34
2 47 18
4 19 20
5 17 12
4 11 6
3 9 25
2 18 31
1 60 10
2 34 31
2 33 16
3 6 13
3 41 20
6 63 16
3 36 40
4 36 18
3 53 36
1 63 25
2 2 23
4 28 18
6 11 7
2 36 25
3 30 30
4 60 2
2 7 31
6 19 35
3 19 27
3 10 20
4 58 25
1 47 4
1 56 35
2 48 4
6 52 22
6 4 19
3 20 34
1 51 5
6 24 16
2 1 8
2 56 18
4 2 38
2 66 16
2 27 24
2 48 15
4 60 6
4 48 39
2 29 2
2 51 14
3 16 18
5 32 16
3 62 39
4 42 17
3 28 32
1 54 25
4 51 21
2 5 20
4 53 12
5 15 25
6 45 23
5 2 24
2 45 40
3 52 27
5 6 13
2 4 35
3 35 17
6 50 30
3 67 37
1 16 26
3 37 12
6 60 1
3 35 32
2 9 17
6 51 13
6 43 19
2 9 23
3 52 19
5 29 33
2 37 22
2 51 28
3 15 12
4 7 9
4 24 9
4 67 7
3 51 6
1 36 29
1 28 40
2 43 6
3 41 19
2 28 6
6 63 12
5 28 17
3 60 34
6 52 23
2 50 10
1 19 17
2 66 5
2 54 25
1 23 30
3 41 32
1 25 22
1 28 30
2 35 9
5 49 7
3 56 22
5 17 31
2 55 14
4 4 36
4 38 7
6 9 7
2 1 26
1 11 27
2 19 39
6 19 2
6 7 40
6 47 20
5 57 25
2 7 22
5 49 28
2 7 25
3 63 31
4 4 4
4 41 23
6 13 36
6 35 21
2 32 32
2 58 36
4 8 2
1 48 9
5 29 4
6 63 1
2 54 15
1 25 36
6 2 38
2 62 7
6 63 6
6 16 7
3 1 27
4 9 13
5 3 14
2 7 39
2 11 12
5 64 26
2 4 36
5 29 28
4 26 25
5 44 17
2 10 34
6 15 39
6 31 8
3 34 24
4 18 16
1 50 4
3 57 17
3 11 16
3 62 14
6 46 13
1 18 34
2 34 39
2 41 22
4 39 19
1 24 28
4 21 20
4 56 2
3 30 40
4 18 4
5 25 36
4 41 3
1 11 26
6 48 1
6 11 30
2 66 12
3 65 30
5 66 35
4 18 21
3 6 22
6 3 36
1 62 29
4 11 5
4 44 12
4 5 3
1 28 37
5 15 33
2 36 16
4 45 32
3 23 17
2 36 30
4 29 38
1 45 4
2 44 5
1 33 14
1 7 29
3 61 28
4 18 27
6 50 21
1 2 1
4 35 29
6 55 10
1 37 6
1 46 16
2 27 22
4 50 35
1 10 1
3 38 33
2 60 8
1 57 39
5 26 37
2 30 4
2 11 8
3 62 13
4 8 29
3 39 33
5 40 9
4 67 34
5 2 33
6 64 29
2 51 39
2 17 3
2 29 31
5 18 5
1 5 21
4 64 3
2 46 32
5 51 37
3 4 26
5 23 30
4 21 1
2 53 2
1 32 8
2 3 25
5 41 25
2 67 12
2 16 38
6 9 39
1 50 33
1 20 12
5 40 38
5 58 39
3 51 19
6 27 17
1 50 34
2 65 30
3 55 2
1 25 13
6 31 37
6 27 14
5 62 27
2 57 15
1 16 1
6 31 27
6 18 2
6 65 2
5 55 3
1 20 13
6 46 3
3 12 22
2 44 21
5 21 19
4 28 35
1 49 29
6 46 38
1 2 18
1 34 18
6 3 23
6 20 38
3 45 31
3 12 23
4 51 38
6 64 19
3 4 33
5 59 4
3 9 20
3 2 15
4 23 7
2 65 28
5 64 37
4 33 11
5 16 34
4 15 28
3 45 10
6 26 11
6 17 3
3 29 10
6 21 21
6 21 15
1 65 38
2 57 32
4 22 18
2 13 28
1 57 35
1 38 24
3 11 32
5 59 7
6 67 27
5 38 32
4 66 33
2 41 24
6 17 23
6 42 5
3 11 35
4 24 22
5 55 17
5 23 38
6 47 35
3 10 20
5 28 18
5 43 33
2 16 14
3 39 10
4 65 36
4 15 6
5 4 20
2 58 40
4 55 35
3 49 39
1 5 39
1 5 21
1 59 6
2 42 6
6 50 38
6 49 26
5 4 14
4 30 10
2 56 32
3 11 11
2 58 9
5 23 34
2 57 35
2 2 39
2 38 38
1 51 33
1 4 9
4 20 34
2 35 15
6 17 15
3 30 33
2 8 7
6 32 1
2 31 9
1 67 36
6 58 15
4 44 17
1 15 17
6 22 2
1 6 24
6 2 3
6 13 31
4 59 35
5 22 38
6 25 40
1 63 6
2 63 33
1 66 19
1 19 29
5 14 26
1 56 36
1 24 27
5 6 14
1 44 40
1 4 19
1 49 15
6 62 17
4 42 24
2 28 27
3 21 33
6 34 2
1 57 3
3 32 22
1 62 3
2 35 7
4 65 21
6 63 11
6 15 28
4 63 8
4 43 13
5 62 16
5 65 1
2 29 29
5 63 26
3 23 12
6 8 16
3 19 23
4 4 35
1 5 32
1 37 4
3 16 26
3 64 26
6 55 7
5 34 36
3 50 14
2 59 13
4 10 5
3 8 4
5 27 18
4 52 24
5 55 3
1 67 31
5 11 24
6 28 29
6 33 24
3 60 9
4 35 25
1 21 30
1 3 37
2 57 1
4 14 29
4 34 23
2 30 26
1 59 23
4 33 7
2 35 20
5 29 24
1 36 2
1 12 13
6 38 9
2 60 39
2 31 13
6 21 9
4 42 36
6 32 34
1 49 31
2 64 16
3 41 8
5 48 12
4 56 6
5 16 21
3 39 29
2 5 18
4 34 8
4 26 24
4 27 26
2 56 27
2 31 34
2 58 4
4 14 7
2 9 20
5 19 7
2 11 5
6 10 29
4 41 31
2 60 29
6 7 9
5 19 3
1 13 30
3 8 8
5 63 24
3 42 29
6 60 33
2 64 27
1 3 36
1 64 29
4 13 39
5 18 5
5 26 29
5 29 13
1 49 36
1 15 14
3 29 28
1 58 31
5 62 6
3 3 20
6 14 27
2 53 34
3 50 21
4 65 25
1 3 18
2 67 9
5 45 28
3 37 33
6 28 23
3 10 5
4 49 8
2 13 18
5 23 33
5 15 38
6 38 16
3 50 31
5 33 21
5 31 29
4 50 11
5 35 29
3 5 21
5 55 13
6 7 15
5 53 16
2 11 1
2 64 33
3 65 35
6 52 26
3 41 9
1 50 23
4 3 14
4 55 30
5 50 20
3 52 13
5 66 11
3 55 37
5 36 38
6 15 36
5 64 9
1 40 12
4 40 29
3 35 13
2 16 25
5 57 24
6 31 29
4 59 1
5 39 25
1 33 20
4 61 5
3 11 25
6 65 38
2 9 23
5 6 31
1 51 5
5 11 28
3 62 36
2 60 3
4 16 30
3 53 5
5 5 29
1 16 16
3 50 16
3 26 28
4 9 34
6 20 38
5 39 16
4 40 34
2 63 21
1 8 23
3 8 10
6 19 2
3 64 36
6 31 19
5 15 22
2 42 40
6 47 27
2 11 26
2 38 1
3 46 26
4 65 3
5 41 22
2 46 28
5 59 38
1 54 29
5 15 30
5 51 17
5 49 33
1 8 38
3 9 28
6 16 31
6 4 28
3 56 34
5 59 37
5 8 35
1 42 11
6 52 35
3 56 27
6 46 27
6 62 26
6 28 22
4 10 40
6 45 4
3 47 37
2 49 5
5 29 3
6 49 25
5 33 32
1 46 28
3 5 23
4 62 14
6 33 40
1 53 25
6 65 32
6 6 34
2 47 24
4 26 37
5 39 34
3 21 16
6 13 22
5 45 20
4 58 34
6 50 4
3 31 8
6 19 36
4 60 9
5 35 29
1 64 35
1 40 29
5 38 28
1 9 36
1 66 25
6 22 24
5 28 17
6 47 8
5 47 4
1 49 22
1 19 12
5 8 37
2 64 27
2 12 20
3 34 11
5 37 7
6 37 29
4 19 19
4 4 19
4 6 30
6 7 20
2 36 25
1 3 38
3 46 7
2 64 18
1 1 35
2 26 2
4 27 26
4 64 19
3 44 30
3 23 4
3 53 8
2 8 11
6 29 36
3 63 19
1 14 11
4 63 20
3 67 1
5 64 35
4 22 17
2 26 19
2 61 24
2 9 4
2 12 32
5 15 6
3 54 5
2 34 5
4 3 34
4 39 6
1 35 5
4 48 35
6 50 11
1 49 2
1 4 15
3 25 24
5 34 9
6 42 38
5 20 39
6 30 3
1 2 20
1 31 19
1 11 33
5 2 31
3 6 15
5 44 6
5 11 28
4 50 40
6 22 38
1 65 6
6 22 31
1 21 28
6 40 13
2 50 27
3 6 34
2 45 9
6 61 1
2 33 26
5 22 22
4 3 8
1 16 17
5 57 18
5 41 20
6 52 15
2 38 1
6 18 35
6 23 26
3 34 34
1 32 6
1 34 33
4 13 14
5 35 29
1 13 27
3 64 20
2 65 35
3 63 38
3 17 39
2 30 33
3 12 23
2 34 16
5 8 33
3 18 19
6 30 3
2 63 12
1 30 37
6 20 27
3 55 12
5 40 17
4 11 30
2 3 37
4 61 27
2 35 20
4 44 22
5 53 37
5 4 18
6 44 39
4 47 14
5 34 33
1 18 31
1 8 1
5 36 17
1 17 28
1 66 37
1 32 6
6 4 36
2 42 22
4 41 9
6 59 16
3 28 14
6 31 24
3 59 27
4 14 22
1 58 16
2 25 11
1 44 29
6 63 8
5 55 30
1 58 24
5 42 9
4 26 22
1 43 17
2 39 18
6 41 19
1 38 24
1 13 22
1 60 9
2 45 18
1 8 7
4 33 14
1 57 38
6 8 15
2 29 31
4 1 28
2 59 4
5 53 29
2 25 6
1 28 39
6 25 1
6 35 36
2 20 17
6 54 24
4 52 6
4 43 31
2 11 3
1 9 8
4 45 20
4 38 18
6 63 5
6 7 6
4 46 23
2 28 37
4 13 8
6 7 10
4 59 9
1 66 19
5 67 17
4 16 29
4 59 40
3 27 24
2 20 2
4 12 12
4 63 40
5 59 27
5 20 26
5 19 4
3 62 17
4 14 38
5 38 32
3 4 4
6 38 25
4 63 14
3 31 1
2 62 8
2 55 10
2 59 15
4 11 22
6 43 8
1 18 29
4 32 22
2 22 28
6 56 28
2 47 7
1 10 2
5 12 19
6 52 24
3 44 38
4 10 20
2 10 10
1 48 3
4 6 24
2 48 34
2 1 22
2 65 12
2 38 34
1 56 18
5 33 18
2 32 38
1 61 17
2 5 10
5 6 17
3 21 22
3 67 22
4 61 8
5 55 37
6 57 23
6 67 27
1 30 1
1 60 40
3 26 24
1 67 37
1 3 29
6 46 39
3 36 8
2 15 29
4 55 37
1 59 40
1 1 38
3 43 7
3 65 21
3 15 4
3 50 39
4 5 12
3 2 21
2 17 5
6 18 6
6 60 21
6 16 37
4 21 13
1 40 27
6 7 34
4 37 13
2 12 30
1 60 32
2 13 34
4 48 16
4 41 2
3 58 6
5 20 18
2 17 1
3 43 21
3 5 31
5 48 17
5 11 12
3 32 27
3 65 21
4 45 13
4 38 10
4 65 5
1 27 37
3 64 36
6 34 40
5 15 10
3 16 18
1 40 20
5 31 3
6 2 25
1 15 16
1 59 8
2 29 6
2 25 31
5 49 37
6 27 11
5 26 25
3 14 9
1 63 17
6 53 7
6 26 20
5 52 8
6 18 21
2 29 10
4 9 6
1 8 16
2 47 23
5 57 5
3 10 24
5 64 9
2 32 37
6 48 23
4 12 3
1 18 23
6 50 24
4 50 15
5 50 9
4 56 2
5 64 14
3 43 14
2 56 39
6 22 10
4 29 33
1 61 24
2 5 14
4 44 3
1 45 2
3 37 10
2 35 22
2 49 30
1 25 32
1 26 25
1 39 10
6 5 2
4 37 1
3 7 8
4 64 37
6 46 6
5 31 35
1 16 39
4 10 24
5 29 14
4 48 29
6 40 4
1 46 36
4 60 6
5 46 39
3 1 6
6 38 5
6 47 39
4 46 3
6 62 23
5 59 1
6 31 39
5 66 1
6 49 24
1 45 38
3 57 33
5 43 27
2 44 30
4 60 23
3 54 22
5 31 26
4 29 39
3 48 17
1 30 9
4 47 14
2 28 25
2 65 33
1 49 5
5 62 9
6 7 27
2 48 30
5 41 32
2 35 35
1 45 34
5 27 5
6 53 31
6 23 39
3 49 10
5 63 5
4 64 38
6 50 15
1 31 21
1 56 34
1 39 8
3 47 10
4 45 2
4 23 12
5 62 37
3 27 26
6 55 28
1 32 38
5 44 12
1 41 2
5 36 2
3 12 37
4 44 33
1 56 22
1 52 19
3 35 40
5 23 5
2 23 35
2 31 32
2 55 10
5 27 13
3 7 7
1 19 39
3 3 31
5 28 30
2 14 14
3 18 38
5 25 17
6 65 36
1 50 19
2 34 21
6 4 24
2 30 16
5 48 26
3 1 37
4 59 6
5 60 23
5 31 10
6 9 38
4 37 17
3 34 23
1 34 22
6 62 15
1 3 5
2 10 1
4 1 12
4 54 25
5 53 6
3 16 17
2 22 5
2 37 31
3 61 11
4 49 39
4 30 19
5 56 32
5 11 14
6 49 14
1 30 5
1 59 13
4 47 16
1 22 20
1 34 12
3 44 18
6 8 38
3 33 16
2 8 20
6 47 24
3 1 6
6 63 30
3 47 22
6 59 15
2 23 13
6 40 20
5 25 28
4 11 5
3 58 14
2 16 3
4 25 12
2 46 25
1 2 20
2 58 40
5 51 28
1 48 25
6 22 31
2 57 21
2 66 7
6 7 5
5 56 1
5 27 21
2 16 1
4 47 18
2 65 15
1 8 14
4 22 11
3 20 21
5 2 15
6 4 27
6 5 38
3 16 23
1 62 19
1 48 30
3 7 40
1 67 13
3 54 31
6 43 24
6 36 27
6 12 13
2 50 34
3 26 18
3 32 2
2 44 25
5 58 12
6 58 37
5 59 24
4 29 21
1 3 12
4 47 12
5 37 4
2 56 27
1 40 4
1 20 35
1 38 16
3 52 24
2 44 20
1 26 7
5 31 1
6 12 16
5 45 22
3 66 34
6 1 32
5 59 9
4 1 2
6 59 5
5 56 21
6 51 4
4 41 17
4 24 39
1 24 10
1 32 8
1 46 31
3 62 13
1 64 34
6 49 26
4 60 16
6 47 3
5 48 2
5 41 33
4 29 4
2 41 4
5 32 19
2 39 35
4 44 27
5 14 5
5 8 11
5 28 36
2 14 1
6 63 19
1 54 18
3 25 20
6 42 6
5 24 25
1 13 29
6 4 39
6 65 26
3 62 30
3 36 20
4 50 1
1 37 1
1 22 29
6 12 39
5 43 35
1 14 22
3 60 6
2 19 35
6 54 36
5 46 4
5 41 9
6 45 29
6 9 13
4 34 25
3 19 18
1 3 9
2 53 37
5 16 20
6 54 18
4 32 23
6 60 38
5 44 28
4 22 9
2 65 10
2 25 23
5 10 36
5 37 32
3 28 26
5 5 22
4 66 18
4 19 9
3 55 10
1 4 18
6 2 27
6 8 24
5 46 25
2 2 12
5 9 19
4 10 29
6 62 34
2 55 23
6 48 9
3 46 5
2 30 15
2 44 28
5 22 3
1 62 6
4 13 19
6 4 40
3 26 11
3 56 13
4 42 32
5 14 2
3 44 21
1 4 40
6 27 12
3 34 20
2 24 25
2 36 29
3 4 9
6 66 31
4 22 37
3 39 17
5 9 27
4 52 8
6 61 39
4 38 35
1 35 35
1 55 15
1 50 20
1 51 11
6 49 25
5 28 33
2 59 23
4 24 1
4 11 16
6 45 8
4 39 13
5 48 38
1 24 17
3 56 28
2 55 39
1 45 25
6 37 33
3 17 14
2 44 28
3 14 14
2 64 25
1 40 16
1 54 38
1 25 29
1 23 38
4 51 8
3 9 27
4 17 20
5 49 9
3 43 9
5 38 28
3 30 19
4 5 11
2 16 17
5 2 14
3 46 38
2 32 7
4 37 34
1 5 19
5 3 14
2 51 2
6 54 32
2 36 3
6 37 24
2 46 9
1 11 40
2 6 21
1 64 30
3 19 36
2 11 20
1 28 33
2 2 6
3 36 21
6 55 39
3 12 34
4 1 3
4 55 2
6 55 13
2 25 33
4 21 36
4 66 38
2 67 17
5 9 18
4 19 19
1 37 15
5 66 33
3 26 32
3 36 17
4 48 35
4 42 17
1 2 26
4 67 29
3 41 20
2 24 7
3 14 10
2 58 4
3 30 20
1 54 2
1 8 32
3 40 12
3 4 1
6 63 15
6 41 12
2 5 27
3 11 32
6 56 1
2 20 33
3 23 3
1 11 3
3 37 40
6 10 20
6 31 29
2 67 40
6 6 33
4 11 36
6 30 26
1 20 9
4 2 38
5 24 16
3 56 39
6 64 36
6 49 23
2 33 13
4 37 7
6 28 20
6 8 16
4 47 25
5 62 6
4 48 24
4 36 23
4 51 30
2 1 29
2 50 19
1 19 3
1 63 6
3 26 17
4 9 18
5 18 11
2 27 39
1 31 11
3 10 14
2 25 36
2 18 24
1 25 19
5 18 11
5 28 38
6 25 35
1 34 18
3 27 2
3 42 12
3 52 4
5 20 19
5 62 1
4 9 21
3 34 24
1 31 20
2 25 38
5 25 21
1 63 29
3 15 35
1 16 24
3 50 13
6 56 33
1 39 18
4 39 26
4 50 14
2 15 35
5 2 22
2 37 19
1 16 20
2 38 22
4 15 8
1 62 39
6 56 20
1 65 33
3 19 29
2 57 11
3 31 19
1 46 3
1 56 3
1 33 9
1 30 37
3 6 19
3 33 40
3 18 22
3 4 37
4 10 4
2 41 5
1 32 6
5 19 28
3 32 39
2 11 38
4 44 11
3 20 35
5 15 26
1 24 5
1 7 5
5 2 2
6 62 27
3 55 17
5 2 40
3 24 32
6 35 28
4 67 5
3 38 35
4 2 5
5 63 37
3 52 18
1 38 12
4 48 3
3 39 33
3 28 37
4 53 15
5 11 6
1 63 2
6 50 15
3 22 18
4 50 9
5 20 31
2 58 37
2 18 32
3 23 9
5 49 3
4 4 27
4 59 14
4 38 23
4 26 38
5 5 3
6 21 40
5 48 36
2 56 1
5 22 14
1 45 23
2 51 8
3 40 18
6 49 6
1 51 9
4 23 10
1 43 9
4 59 9
1 40 34
2 52 25
6 42 3
3 1 12
2 32 34
1 11 18
2 4 31
4 14 9
1 17 1
2 44 19
1 55 1
4 21 23
1 40 27
2 17 10
1 22 28
6 15 24
5 52 1
6 51 35
4 66 30
1 21 9
1 14 14
4 65 24
4 6 5
6 11 31
1 18 33
2 43 19
4 1 39
4 13 24
1 57 4
2 20 11
3 53 16
1 25 38
6 15 14
1 59 22
4 21 29
3 29 8
2 17 21
5 33 22
2 17 1
4 20 1
6 27 18
3 2 8
6 61 4
5 39 38
4 59 13
4 63 11
6 53 11
3 35 7
6 7 32
3 39 31
5 54 30
6 3 39
3 26 8
3 54 5
1 21 7
6 30 16
6 60 11
3 50 7
3 24 40
4 39 22
3 9 9
4 53 5
1 12 20
3 22 28
4 64 37
1 41 16
3 6 10
2 13 21
1 10 21
4 10 39
2 54 19
3 20 27
4 61 34
4 44 23
3 45 27
2 39 31
4 27 2
5 57 11
4 27 11
1 63 34
5 43 22
6 63 27
3 2 3
1 19 23
1 5 19
3 22 7
4 8 12
2 40 37
1 31 17
4 25 2
4 18 23
1 14 27
1 20 12
2 31 25
5 44 9
3 63 33
1 48 26
1 52 33
3 43 15
1 22 19
2 40 27
3 38 25
3 7 26
6 14 4
2 36 18
1 58 40
2 8 28
3 23 28
1 66 6
3 34 38
4 26 19
6 46 9
3 42 28
4 11 12
6 36 5
4 6 24
6 19 15
5 29 2
3 54 8
6 17 29
1 58 6
2 33 20
1 38 5
2 43 15
6 17 7
4 28 26
4 29 15
5 43 12
6 30 40
3 50 29
4 35 8
4 32 9
1 52 28
6 18 29
1 27 12
2 64 7
6 56 6
4 56 26
3 8 24
3 16 18
3 57 21
2 22 2
5 23 27
3 12 23
4 28 32
2 13 38
1 48 31
3 53 31
4 15 36
4 40 28
1 24 29
6 44 40
5 7 10
1 6 19
5 24 26
3 60 4
4 6 25
6 8 33
5 39 28
1 20 16
2 62 14
6 50 21
5 59 19
5 19 31
6 12 3
4 67 38
5 63 15
4 43 38
2 26 4
1 5 19
3 61 22
6 22 14
6 53 12
5 42 10
6 53 25
4 46 26
3 28 17
4 19 5
6 20 33
1 32 38
3 6 28
2 5 37
2 43 37
5 1 39
4 54 10
1 59 22
3 41 4
3 67 36
3 27 8
5 40 16
5 57 37
3 61 21
1 48 4
2 48 35
4 42 9
2 62 5
6 26 35
6 56 37
1 19 4
3 22 1
1 36 33
3 13 20
6 43 3
2 5 37
3 36 36
5 65 5
5 12 2
6 59 22
4 15 39
6 52 7
1 39 25
2 45 16
5 63 5
4 10 1
5 56 8
6 25 25
5 65 27
2 11 8
3 60 13
3 56 12
6 47 11
2 55 10
1 45 38
4 24 15
3 38 24
1 11 24
3 39 16
6 2 30
4 16 1
5 47 33
6 62 7
6 51 14
1 11 13
2 65 4
1 19 38
1 17 38
1 25 12
2 46 10
6 67 5
5 56 4
5 6 9
5 11 14
5 61 2
2 22 14
6 62 20
1 58 22
3 12 32
2 36 10
6 59 7
3 65 17
3 23 35
1 5 16
6 18 20
3 30 13
6 29 15
4 29 11
2 58 32
5 29 28
5 12 3
2 48 3
4 4 28
2 12 12
3 8 21
6 42 39
4 54 24
4 37 32
6 47 16
2 2 27
3 4 20
2 46 33
3 10 5
3 13 11
6 34 24
3 31 2
5 16 26
6 5 30
4 48 31
5 54 13
2 64 18
3 25 31
2 27 11
4 31 21
6 60 14
4 35 9
1 9 17
5 44 9
5 67 15
3 17 29
4 32 28
2 8 34
4 15 25
4 64 23
3 21 3
6 28 25
5 63 40
2 56 17
3 1 16
1 67 9
3 5 10
5 31 9
5 63 13
2 35 13
1 44 12
3 42 38
2 15 8
5 53 14
3 12 3
4 42 13
2 16 12
4 14 28
5 42 18
1 17 36
6 31 6
2 38 9
2 59 34
1 43 7
5 21 15
1 28 2
6 32 22
6 49 19
2 53 15
2 52 39
1 60 15
3 12 31
6 22 7
4 24 9
1 44 21
4 13 40
1 66 5
2 6 11
6 32 31
5 10 16
1 24 14
5 44 21
2 35 1
1 34 35
4 22 25
5 10 30
6 9 31
6 40 31
1 38 35
5 27 10
1 28 28
4 60 28
2 49 31
6 59 39
2 43 27
5 24 5
1 24 22
6 55 21
1 21 15
2 29 17
6 66 5
4 60 8
6 11 15
5 8 29
4 34 5
3 20 7
6 20 17
1 20 19
3 26 4
3 19 22
1 54 14
5 5 21
4 16 9
2 1 25
4 60 5
5 60 1
5 48 18
1 39 10
5 49 34
6 26 17
5 10 2
5 23 14
4 60 12
5 20 17
4 40 8
3 54 19
6 38 15
5 4 9
6 5 16
2 57 13
6 32 21
5 44 5
5 38 34
5 9 34
3 16 15
4 61 26
3 33 23
5 40 11
2 36 40
6 42 5
5 29 2
6 3 5
4 56 30
6 55 31
6 4 6
2 55 37
4 31 27
2 44 37
4 50 23
4 28 18
4 32 13
6 28 36
1 20 30
6 32 17
3 3 8
3 67 24
3 33 9
3 66 23
2 29 39
6 57 20
5 40 13
3 16 26
1 3 33
1 49 14
6 15 29
6 47 40
3 30 10
3 28 33
6 58 17
1 42 2
2 47 13
5 61 31
4 21 31
5 19 16
4 40 13
1 65 22
3 59 26
5 41 14
4 9 29
2 63 21
1 10 6
4 62 9
4 52 21
2 44 6
5 55 1
3 62 5
4 28 7
6 42 10
6 17 7
2 56 15
2 49 16
5 13 8
4 37 17
2 43 9
1 64 6
1 39 40
3 51 4
5 6 1
2 18 17
1 57 31
1 62 27
4 2 15
1 12 15
5 56 15
6 49 7
1 14 16
6 3 32
4 51 11
2 55 20
4 38 21
3 60 22
1 59 9
5 12 22
4 9 16
6 2 30
5 19 32
5 67 9
4 51 33
4 42 38
1 39 24
5 62 2
4 38 14
4 37 12
4 40 34
4 46 31
5 9 7
2 2 30
2 34 6
6 34 27
3 7 20
3 44 32
2 42 24
5 49 30
3 15 38
5 66 14
3 54 20
3 54 18
6 20 3
2 60 40
5 66 11
3 44 4
5 1 2
1 65 40
1 35 38
2 5 27
4 57 34
5 6 6
1 46 26
4 52 5
1 46 22
5 3 32
6 6 28
5 47 34
1 17 8
1 35 40
4 46 8
5 36 28
4 52 24
4 19 31
3 22 22
5 52 36
5 63 11
1 36 26
4 28 26
3 34 32
1 10 13
2 40 9
1 11 19
3 9 21
3 40 9
5 49 2
6 12 2
5 47 36
5 18 36
1 19 6
2 1 31
1 45 17
2 5 23
5 65 2
5 47 15
2 15 28
4 57 38
5 52 6
2 31 24
5 13 6
6 18 19
3 3 28
5 32 24
4 31 18
1 43 2
1 28 37
2 44 3
6 46 27
6 50 39
4 49 3
5 37 21
4 6 20
2 14 1
4 2 23
5 37 18
1 12 35
4 12 8
3 28 25
4 65 30
5 62 5
5 46 6
6 67 8
2 4 28
4 27 25
1 35 17
2 50 7
2 2 27
4 16 32
2 65 21
5 58 23
1 38 26
4 57 1
6 58 27
3 54 2
1 61 25
5 62 1
1 62 16
2 39 28
5 29 30
4 14 7
2 20 23
4 58 19
6 38 3
2 59 36
2 37 40
2 15 30
2 33 34
5 57 16
2 65 12
3 44 28
3 55 32
2 28 36
6 62 40
4 36 26
6 38 21
1 23 35
3 32 30
4 50 20
6 1 18
3 32 11
2 48 12
6 50 37
1 38 1
3 52 1
5 10 28
5 36 31
3 44 34
5 67 15
1 27 1
4 31 16
5 54 31
2 29 2
6 62 12
2 55 12
2 5 36
5 57 28
5 34 9
1 38 4
1 22 2
6 26 27
1 52 3
2 62 12
6 58 39
4 62 13
6 36 2
4 44 23
2 43 8
4 51 1
6 59 15
3 66 3
1 38 17
5 35 10
5 21 21
4 1 38
5 66 22
5 41 26
1 11 10
3 66 30
5 9 1
3 8 30
6 5 40
6 33 35
6 8 37
1 10 35
6 50 29
3 14 10
2 59 37
6 58 26
1 26 29
2 54 24
3 21 12
1 30 19
6 34 4
1 37 29
2 7 21
4 53 6
4 48 24
2 57 18
4 51 9
6 43 20
6 45 39
1 59 9
5 29 31
5 29 30
3 26 28
5 20 33
2 60 30
4 55 34
3 21 30
2 10 9
5 52 12
2 5 12
1 9 37
1 28 5
1 22 7
1 41 30
1 8 7
3 12 17
2 19 18
3 18 9
1 29 27
5 4 26
4 66 40
3 28 17
5 46 38
4 7 32
6 54 29
4 8 17
6 28 25
6 4 36
3 12 21
3 52 11
1 19 20
5 7 39
6 44 12
5 22 18
6 7 40
1 37 8
1 32 6
4 13 36
2 65 17
6 56 11
5 39 36
4 21 39
3 7 22
1 4 18
3 29 23
4 41 10
6 24 17
2 35 36
6 47 4
5 49 24
5 4 29
6 14 8
2 54 40
5 7 39
1 20 13
5 2 21
5 12 19
4 4 22
4 40 22
5 34 36
4 45 12
5 50 33
1 42 38
1 58 30
6 15 26
6 26 32
3 34 25
5 34 17
4 49 36
1 33 22
3 30 24
1 19 23
5 63 40
4 29 26
4 18 1
4 24 24
3 31 14
2 46 22
1 44 18
6 63 26
5 35 16
2 18 32
4 22 37
3 33 3
2 4 14
2 36 28
6 48 22
4 30 38
6 16 16
4 37 19
2 54 24
6 59 5
5 30 16
2 32 16
5 2 17
2 18 8
6 13 34
2 5 13
2 9 30
2 23 38
3 32 18
4 34 9
3 3 10
3 22 13
6 39 28
1 61 21
6 24 11
6 41 14
5 24 12
6 52 35
6 21 30
2 40 17
4 12 12
4 41 7
4 50 13
3 20 21
4 65 9
6 4 27
6 3 8
1 24 12
5 2 37
5 11 12
3 62 7
1 50 28
5 23 27
3 57 23
1 41 12
6 66 23
4 49 2
1 36 4
2 60 21
1 45 1
5 43 29
2 18 35
6 33 33
6 33 24
5 62 15
1 10 29
5 32 17
1 3 14
3 28 14
5 64 3
6 15 22
1 65 7
6 35 6
4 51 3
6 11 17
6 18 4
2 2 4
1 49 10
3 39 7
3 66 13
2 65 34
6 15 35
5 21 28
3 10 37
2 16 36
5 42 2
6 63 33
6 20 36
4 50 23
5 21 28
4 12 11
3 53 29
1 49 16
4 32 21
4 41 17
5 38 29
2 40 16
5 51 7
4 18 36
1 35 37
1 57 20
2 29 27
4 35 22
6 58 22
6 26 33
6 54 33
2 5 14
5 47 26
4 47 10
6 59 1
4 40 32
2 24 36
4 39 1
3 12 38
2 2 22
2 40 24
1 55 25
2 40 25
3 50 35
6 10 35
4 32 8
5 21 10
5 13 8
1 6 3
6 42 18
4 21 23
4 11 40
2 21 4
2 12 34
6 67 29
4 23 13
4 46 25
2 33 39
1 64 37
1 39 30
4 51 27
6 32 7
6 67 34
6 5 30
4 2 31
2 16 11
5 67 1
3 26 10
3 16 36
3 21 11
2 22 16
3 26 10
6 9 12
6 28 19
2 1 23
6 4 37
3 43 24
3 40 29
3 67 25
1 42 1
3 54 24
2 35 36
2 25 5
3 2 37
5 33 3
1 21 25
4 40 23
3 63 40
1 8 20
3 66 17
4 16 7
5 12 26
4 21 11
1 29 24
5 7 6
1 42 21
3 51 13
3 58 8
2 55 11
4 36 16
1 14 11
1 53 27
6 40 26
5 53 39
4 52 1
1 20 25
2 21 4
6 37 11
5 49 39
5 21 25
3 54 4
5 29 6
5 65 37
1 15 40
6 59 19
5 39 36
4 7 12
4 64 33
4 50 35
6 59 16
3 62 39
2 5 29
4 56 28
1 2 21
6 15 36
3 11 38
2 64 1
3 1 2
4 33 8
2 7 23
4 47 13
4 25 22
5 1 19
3 10 40
6 50 20
3 51 11
3 10 8
4 1 23
6 60 8
2 8 27
6 7 35
5 61 8
4 59 8
3 3 34
4 39 32
5 44 20
3 12 2
4 23 2
3 57 9
6 56 12
5 24 22
4 49 8
1 33 37
6 5 30
4 7 18
2 27 10
2 18 21
2 33 30
4 14 37
5 39 28
6 21 22
5 30 36
5 13 19
1 54 34
6 18 1
4 49 15
1 47 2
1 17 5
3 28 25
5 11 6
1 30 23
4 44 39
4 29 1
3 30 33
4 67 27
2 42 36
6 12 12
3 37 3
5 34 19
5 58 3
6 61 26
4 26 19
1 38 22
4 13 7
6 36 32
5 55 23
6 41 11
3 7 39
5 38 12
3 65 24
5 39 30
6 18 13
6 21 40
6 12 14
3 62 33
2 22 24
3 17 17
5 67 13
2 17 5
5 13 2
1 29 3
6 21 28
1 16 2
5 15 8
2 50 33
3 49 16
2 54 35
2 53 11
2 30 10
3 38 14
4 62 36
6 60 1
6 64 40
5 44 22
1 34 2
2 58 28
4 24 12
6 44 29
5 37 12
5 50 14
5 16 28
1 66 29
2 67 8
3 20 12
5 35 10
2 39 27
3 46 30
2 19 38
1 2 7
5 46 39
2 59 22
3 17 25
1 4 33
1 10 24
6 58 1
3 19 32
3 9 22
4 37 10
1 14 12
4 25 13
5 14 39
6 29 31
2 37 28
2 49 39
3 22 10
6 42 26
6 20 11
3 3 12
4 25 39
2 51 35
2 41 25
5 7 40
6 7 26
5 5 39
6 18 21
6 12 29
5 61 39
6 15 15
5 54 29
4 23 38
5 58 9
3 13 18
1 63 2
1 64 12
5 64 22
3 66 3
3 8 11
6 26 5
6 47 31
2 9 2
1 8 17
1 41 36
1 46 9
6 34 1
2 3 7
6 60 7
6 39 28
5 54 23
4 25 9
6 1 21
4 60 18
1 47 30
2 67 11
3 60 40
5 55 12
3 40 37
1 60 19
5 63 26
4 52 31
6 45 7
1 48 8
6 25 26
6 55 23
5 17 27
3 1 10
4 63 8
3 24 20
2 26 3
5 13 1
3 62 10
6 48 3
6 60 5
5 24 31
1 30 1
3 61 14
1 33 21
5 23 28
1 2 15
4 17 20
5 60 24
4 58 36
5 28 39
6 10 18
6 20 5
6 49 7
2 47 35
4 9 24
1 33 12
6 7 14
1 41 40
4 21 27
4 22 28
6 58 34
4 21 25
5 41 4
5 59 9
2 37 34
1 34 23
3 21 36
2 9 24
3 5 6
1 13 36
4 3 34
1 23 40
1 63 6
3 13 27
1 31 34
5 34 12
4 45 5
3 3 14
3 53 31
3 64 20
6 35 26
2 61 33
6 39 22
1 42 14
4 11 34
1 12 26
1 31 20
3 30 25
4 15 27
1 66 11
5 32 22
3 35 14
4 52 2
5 40 23
3 50 25
2 30 28
6 52 8
1 28 4
4 1 22
2 32 9
5 13 33
4 56 33
4 59 27
3 26 7
4 25 14
5 25 28
2 27 40
4 16 39
3 46 13
4 30 31
5 56 30
6 39 39
3 39 29
2 10 9
4 22 32
2 26 34
3 56 30
2 37 14
3 50 9
2 12 5
5 15 27
3 40 33
2 2 2
6 65 22
2 27 26
6 37 16
1 60 19
1 11 1
3 53 1
4 67 27
6 34 29
2 30 28
2 27 7
6 21 7
2 42 21
5 51 6
1 36 34
4 55 11
6 37 34
2 37 3
2 4 2
1 7 10
3 50 13
5 34 6
2 8 12
6 61 13
6 4 31
6 30 2
6 28 19
3 16 21
5 27 30
4 6 35
2 37 14
6 62 10
3 61 25
2 23 5
1 51 34
5 15 10
6 33 32
4 49 11
3 67 16
5 23 18
3 38 16
1 44 6
4 4 16
4 51 15
2 5 25
2 49 26
4 33 38
4 4 15
2 60 14
5 11 29
2 7 1
4 67 27
4 18 31
2 24 20
4 34 19
2 35 11
3 63 35
6 42 18
3 5 27
5 59 8
3 48 28
5 5 7
4 13 24
3 63 2
6 56 38
6 10 3
4 52 18
1 26 5
5 43 30
4 14 24
5 48 2
4 63 36
6 57 22
5 14 4
5 36 3
6 8 3
3 60 9
5 7 9
1 49 40
4 62 21
1 20 37
5 45 9
6 58 12
4 34 31
6 40 30
1 45 37
5 14 28
6 40 24
5 64 33
6 54 4
6 2 27
1 36 40
4 25 13
5 45 10
4 1 28
6 53 23
5 7 14
2 62 15
6 23 16
6 55 18
1 13 11
4 13 17
2 2 34
3 31 22
6 20 31
3 57 6
2 54 24
2 27 18
2 17 37
3 30 40
4 41 4
1 25 37
4 35 5
6 55 12
5 15 34
1 45 38
3 41 21
5 16 1
1 51 18
6 57 35
5 28 16
6 18 3
4 18 37
2 5 18
2 20 35
4 21 5
1 22 38
3 54 5
2 47 32
4 33 11
3 52 17
4 52 4
3 9 31
3 19 38
1 1 23
3 53 17
5 52 13
5 31 27
4 27 2
6 22 26
3 53 38
3 34 27
1 7 32
5 45 24
1 24 22
3 67 12
3 34 15
1 64 13
2 23 15
5 37 28
1 5 40
2 26 19
5 50 20
3 11 18
4 43 5
4 67 33
4 41 1
6 2 30
6 47 28
4 50 20
3 43 35
6 48 27
4 19 40
1 56 23
2 16 20
4 42 32
3 2 33
2 21 11
4 67 5
3 49 28
1 39 7
5 8 25
4 52 39
5 67 33
2 44 8
1 47 7
5 13 6
4 65 35
3 7 20
1 1 5
5 48 21
3 47 4
4 62 27
5 4 29
4 32 18
3 29 15
5 11 7
4 18 30
3 6 34
2 13 18
2 3 16
3 19 20
1 38 6
6 19 33
5 65 27
2 58 18
5 58 21
1 62 3
5 29 16
2 33 26
3 45 7
6 6 14
4 49 29
2 38 4
1 36 35
5 36 19
3 31 11
1 40 18
4 42 20
2 60 24
2 35 40
2 65 8
2 39 38
1 19 23
1 45 4
2 9 11
6 38 16
1 53 20
6 34 31
4 42 23
6 39 27
4 50 24
2 62 7
1 50 37
4 35 31
5 59 10
4 54 17
4 18 2
6 10 32
2 36 21
3 26 28
2 45 16
4 59 11
5 60 6
3 2 38
1 27 34
2 12 4
4 60 29
3 59 19
1 40 22
4 32 30
4 39 8
6 40 21
2 47 33
3 64 28
1 52 4
3 22 37
1 19 27
6 61 9
6 6 18
4 58 37
2 64 27
5 60 22
3 25 15
1 12 19
5 3 31
2 11 12
6 40 36
3 4 18
2 40 17
4 22 23
6 64 38
4 3 24
4 8 21
4 51 33
5 58 37
3 27 15
1 60 9
2 34 37
1 29 39
3 10 18
3 12 6
3 1 15
3 1 31
3 62 12
1 37 36
6 32 14
3 4 32
4 54 27
4 46 10
4 7 17
6 60 37
4 61 37
2 3 1
2 57 29
2 18 5
3 44 38
5 2 24
6 67 28
4 30 27
1 59 4
2 12 22
2 27 39
1 25 2
4 65 13
6 20 37
2 25 2
3 57 26
6 42 34
2 41 34
5 10 8
4 54 1
4 19 7
5 24 4
6 25 19
2 3 16
1 44 14
4 12 3
5 12 30
1 11 34
4 29 34
4 33 8
5 33 19
6 16 25
3 10 22
2 37 8
4 36 16
5 58 24
1 25 30
4 57 10
6 65 33
4 25 40
1 12 5
5 20 30
3 65 33
2 43 10
5 44 29
6 32 36
2 61 14
6 42 35
1 55 35
5 37 29
3 5 12
6 2 30
3 23 12
6 26 8
3 22 11
4 30 36
4 31 31
5 49 21
6 33 2
2 21 22
1 44 14
5 33 36
1 27 15
6 51 28
1 30 14
1 9 15
3 63 35
4 67 26
1 53 33
6 54 26
6 27 35
6 22 34
5 45 5
5 21 17
6 22 36
6 32 40
5 37 35
6 29 17
3 1 35
3 15 40
6 2 2
2 29 15
5 14 10
6 40 31
1 57 25
6 39 5
4 14 26
3 9 35
2 50 14
4 14 25
6 32 35
4 17 25
2 10 1
6 3 25
1 50 10
4 64 13
3 54 18
2 1 34
4 47 32
2 14 7
1 26 33
2 15 6
6 64 12
5 39 34
2 20 13
4 20 39
5 60 2
4 51 10
5 6 29
4 42 37
5 33 24
5 19 9
4 15 38
3 25 20
2 29 9
2 66 21
4 31 39
1 26 36
2 9 13
5 49 5
2 7 19
5 10 3
3 20 34
6 49 34
2 66 28
5 16 12
2 47 23
4 53 26
5 28 14
3 40 25
6 13 28
5 25 9
6 36 32
4 53 31
1 4 31
2 32 31
2 52 18
1 48 40
6 56 3
3 21 2
6 9 6
5 27 15
3 14 12
4 52 18
2 28 1
2 39 23
6 47 2
4 29 20
1 66 10
1 55 12
5 30 37
1 16 2
3 7 2
1 33 11
2 3 13
4 21 35
1 14 5
6 21 25
2 57 13
5 33 35
4 64 4
1 30 10
1 55 33
4 36 16
1 32 23
3 66 40
3 30 29
5 14 8
3 34 1
6 34 31
3 57 17
4 46 26
2 38 7
2 38 13
3 16 40
6 63 19
5 5 4
6 36 2
3 33 15
3 55 33
2 33 31
1 2 28
5 35 17
4 4 25
2 16 4
4 48 32
4 42 15
2 26 13
6 36 19
6 25 18
2 22 21
6 41 24
4 9 32
2 37 1
1 39 6
4 67 21
5 50 4
3 55 26
3 2 27
3 67 17
4 43 35
6 20 37
4 25 13
5 30 26
5 16 20
4 15 22
4 14 25
4 34 23
6 54 27
2 20 16
6 35 27
1 64 40
2 55 32
2 9 6
1 39 37
6 21 12
2 10 4
1 18 12
3 5 1
2 33 5
4 31 38
5 17 16
5 32 39
3 24 18
3 30 6
4 45 13
1 58 30
2 46 22
6 45 5
6 59 40
6 65 10
1 29 28
3 29 28
1 66 16
6 63 8
5 32 19
6 4 10
5 52 28
6 3 37
6 4 9
1 21 34
3 5 33
5 43 26
1 1 39
5 18 14
4 30 22
6 3 23
1 17 17
5 9 1
4 9 21
2 3 28
6 55 4
1 27 24
5 49 26
5 34 13
4 11 39
5 19 17
3 10 11
3 37 10
4 47 28
2 16 9
5 32 12
2 2 9
1 9 23
2 58 8
5 30 24
4 50 10
4 49 2
2 24 1
3 16 13
3 54 21
6 54 4
4 31 14
1 2 35
5 2 3
5 18 15
1 37 14
2 47 13
2 61 32
2 6 30
1 54 16
6 57 28
4 35 3
4 67 32
6 19 20
5 66 6
1 40 15
1 32 30
6 11 22
5 54 26
2 16 27
3 15 35
6 12 38
3 13 13
2 10 30
4 43 28
6 32 10
1 39 37
4 39 12
2 2 33
1 39 40
1 55 1
6 57 18
4 30 11
3 54 30
1 31 22
3 44 23
5 4 39
1 63 31
4 49 7
2 34 30
4 63 10
4 12 20
4 35 2
1 58 37
4 10 26
5 19 8
4 11 32
4 11 18
2 57 31
5 20 26
4 10 39
5 59 22
1 40 10
6 14 8
2 40 16
4 18 3
1 33 26
2 36 14
3 40 16
4 61 36
1 22 38
6 10 25
3 44 2
1 18 26
3 29 31
5 12 2
2 66 19
5 60 32
6 4 25
6 53 17
6 25 2
5 29 37
4 8 6
3 54 9
5 21 25
1 67 20
4 9 6
4 57 8
6 30 12
5 24 14
6 14 1
6 25 24
4 60 36
1 37 5
1 43 12
6 48 1
4 18 19
5 31 13
6 42 6
2 19 14
2 32 26
3 18 32
4 4 32
3 40 9
1 62 35
1 33 36
4 26 12
4 43 19
1 17 21
1 35 40
3 45 7
2 13 22
3 31 20
4 55 12
2 42 12
3 22 25
1 2 17
4 65 34
1 9 25
1 63 36
5 5 30
6 58 10
2 34 16
5 41 37
2 37 35
3 34 37
3 19 32
2 33 19
5 64 24
1 15 22
1 3 21
6 43 16
5 56 3
5 57 16
3 56 21
4 63 4
5 8 13
3 14 4
2 51 8
4 43 19
3 47 18
4 59 19
1 52 30
4 62 3
4 23 11
6 47 14
5 59 28
4 8 12
1 1 27
5 42 28
1 27 38
3 37 32
2 61 39
5 62 38
2 30 31
6 5 3
1 33 2
6 36 24
1 25 14
2 56 35
3 11 24
2 9 2
4 40 15
5 66 11
5 57 15
1 29 29
5 22 10
5 23 29
1 41 29
4 34 17
5 53 30
3 30 40
6 44 2
3 20 28
2 49 11
1 45 33
3 21 39
1 56 25
3 51 10
3 25 21
5 24 15
1 43 16
5 21 27
2 31 29
2 2 28
2 40 21
4 42 19
4 9 26
5 7 13
6 29 39
6 55 39
6 62 7
1 54 37
3 40 1
1 16 19
5 21 28
6 37 4
4 30 19
2 27 5
6 64 11
4 27 17
6 21 8
4 48 25
4 53 2
1 46 9
4 51 16
6 39 13
1 29 2
1 45 9
2 40 17
5 56 36
1 15 38
5 14 8
4 54 5
1 42 17
1 18 25
3 45 10
2 20 37
1 53 28
3 23 11
5 16 34
3 59 10
5 62 1
3 21 27
3 17 36
2 67 15
4 20 40
5 39 7
2 26 31
6 23 17
1 42 31
2 8 14
3 16 18
2 67 24
4 13 27
4 53 22
2 9 28
2 61 39
5 35 3
5 19 15
1 43 35
5 15 31
6 58 36
6 21 16
1 30 21
1 29 16
5 2 15
4 42 13
5 26 17
1 40 7
5 27 27
3 31 14
3 65 23
5 31 28
5 63 11
5 52 2
2 34 4
4 2 30
1 11 37
3 18 38
4 62 40
4 18 2
2 53 7
4 47 1
3 60 24
5 20 38
5 66 36
2 9 7
3 66 26
4 8 9
6 39 23
4 17 30
4 61 24
2 18 21
2 38 15
4 31 2
4 42 30
5 12 34
6 66 6
2 51 26
1 35 21
4 13 19
1 35 19
6 46 9
3 32 5
1 1 15
1 64 19
2 27 16
6 51 40
5 19 37
5 8 29
4 20 6
5 61 33
5 58 13
6 62 16
6 49 3
4 45 23
4 32 40
5 62 25
4 33 33
4 64 29
3 2 7
4 47 14
6 38 32
2 7 27
6 19 39
2 42 5
1 46 26
4 3 35
2 65 4
6 42 37
1 17 37
6 56 31
4 17 32
3 53 25
5 20 29
1 22 1
5 9 6
6 67 34
6 63 31
3 5 35
1 5 13
2 35 13
1 6 14
6 38 27
6 31 36
6 29 2
3 21 18
4 18 19
2 46 27
1 5 7
2 9 4
5 53 16
1 13 17
6 55 4
1 6 17
5 48 1
5 58 19
6 60 29
6 28 11
4 9 14
4 23 5
6 13 30
5 1 19
6 30 35
6 57 28
2 54 24
1 24 25
6 56 1
5 1 3
3 25 3
5 19 32
3 27 4
2 35 37
2 10 8
5 62 10
3 2 1
5 25 17
3 32 21
2 50 4
2 53 22
5 47 35
4 12 17
6 62 2
6 58 15
1 64 14
6 32 31
2 1 21
1 14 18
1 52 14
4 64 31
2 63 39
4 14 4
1 57 28
2 29 5
6 38 23
2 2 36
3 59 9
2 43 28
4 54 31
5 60 29
5 35 36
3 15 17
1 27 31
1 55 15
6 62 11
4 55 39
3 39 25
6 12 33
4 38 7
3 43 35
5 61 37
4 3 10
2 47 27
1 24 36
3 32 9
2 1 14
2 49 40
1 29 30
4 55 9
6 26 11
5 32 8
1 58 18
3 14 3
5 16 34
1 55 2
5 34 35
6 36 22
2 13 14
5 61 12
6 47 11
4 49 2
5 55 20
5 29 34
3 29 5
2 22 25
4 66 22
3 22 36
6 21 36
2 8 25
3 43 32
3 35 38
3 58 29
2 59 39
3 8 11
1 37 26
5 5 40
2 33 1
3 40 7
5 24 33
4 45 23
2 29 40
2 65 3
3 55 13
1 9 15
4 50 16
4 4 32
5 28 1
2 63 7
1 32 7
5 12 24
6 42 6
5 52 36
6 61 37
3 40 25
2 6 29
4 45 3
2 36 22
4 61 19
1 24 31
4 29 37
3 7 7
4 3 9
6 24 4
6 38 16
6 59 5
1 11 9
1 5 26
3 18 21
2 34 4
5 59 35
3 56 1
6 46 19
3 51 15
2 33 30
1 65 15
2 66 25
5 61 35
1 49 11
4 54 5
1 60 39
5 51 9
3 53 15
3 16 6
4 23 8
5 41 40
2 26 25
3 8 6
4 54 27
5 33 25
1 63 4
3 21 9
3 30 34
5 55 27
6 37 33
6 12 37
4 8 23
1 23 26
6 30 10
3 54 23
2 55 14
1 53 12
1 37 15
2 15 32
5 56 22
3 19 27
4 28 30
1 45 17
1 57 2
1 24 18
2 15 39
6 45 6
4 55 20
6 66 21
4 40 30
1 20 30
6 8 25
1 42 2
3 8 38
6 37 7
6 29 3
1 32 27
4 66 2
5 33 1
4 45 30
1 66 3
4 44 2
5 49 15
3 27 32
5 22 12
5 42 1
2 58 21
5 19 19
4 33 21
5 38 6
5 55 9
6 10 3
1 6 4
2 33 29
4 49 40
2 11 36
1 54 4
4 18 7
1 2 33
6 5 7
4 24 34
6 19 3
1 50 33
4 62 20
5 40 1
5 39 34
5 6 1
3 50 19
2 43 26
4 1 7
2 56 28
4 26 26
4 35 1
4 9 16
1 15 31
5 55 23
1 10 23
3 25 2
6 4 10
5 49 9
4 7 7
3 19 10
2 42 38
1 19 35
6 2 5
5 21 7
2 43 28
1 23 18
5 64 9
6 35 13
6 7 35
3 6 25
4 35 20
5 25 22
6 11 8
4 48 23
2 34 23
4 35 21
1 46 6
5 42 33
6 26 35
3 51 19
2 47 4
1 62 18
5 50 13
5 24 10
5 33 1
3 27 22
3 19 8
5 5 40
2 25 32
6 5 34
5 3 25
5 50 24
3 1 24
3 48 10
2 9 37
3 18 27
1 43 35
3 65 10
4 52 10
4 64 38
3 44 8
1 41 3
5 37 32
4 11 26
3 21 13
1 61 20
4 31 28
1 9 18
4 23 25
1 4 29
6 58 34
1 50 12
5 66 8
4 4 6
1 45 29
5 54 30
1 24 36
2 14 37
4 33 34
2 64 24
6 36 13
4 26 6
2 45 37
2 15 17
3 42 1
4 17 36
4 29 11
2 40 40
2 58 19
6 30 15
5 65 18
4 35 23
1 31 16
6 13 39
2 16 3
4 60 40
1 58 15
3 61 27
3 56 26
3 53 4
5 13 21
6 40 23
5 60 5
4 37 32
6 28 12
5 46 9
1 39 32
4 58 39
2 15 30
1 1 11
3 13 9
6 23 21
6 64 13
2 43 18
5 26 38
6 12 6
5 43 1
5 48 9
1 50 24
5 51 30
5 57 16
5 39 37
5 45 3
4 67 8
2 4 20
2 4 28
1 36 28
6 8 23
4 35 20
6 1 21
5 28 39
2 65 32
2 51 37
3 22 39
6 60 24
4 13 20
6 16 9
3 41 15
5 64 11
3 51 17
4 67 11
4 15 15
1 7 10
2 17 25
6 60 1
5 45 1
6 4 28
2 11 10
6 6 15
1 65 38
6 66 11
4 6 6
6 13 32
5 49 34
3 31 25
4 11 31
1 48 38
3 4 31
5 28 20
2 32 40
2 13 13
2 25 28
1 7 5
3 33 31
4 36 30
2 61 14
5 25 33
6 65 10
6 65 39
6 50 16
6 37 17
5 61 29
4 10 28
4 65 23
5 10 22
3 8 16
1 56 35
3 21 17
4 49 27
2 23 26
3 43 33
3 4 30
3 39 11
5 39 40
5 40 38
1 65 5
2 40 23
5 14 4
4 47 31
4 67 7
3 51 16
6 35 7
3 40 31
4 26 34
3 36 38
5 62 29
4 57 9
4 63 38
2 25 31
2 26 19
2 33 20
3 31 15
4 49 31
1 29 23
4 8 3
5 41 4
5 37 13
3 62 31
4 9 28
1 61 11
6 32 33
3 61 5
1 33 26
4 50 14
1 12 32
1 4 5
1 1 4
5 40 34
3 30 3
5 21 32
6 53 10
5 12 34
1 51 11
5 64 1
3 67 39
3 16 15
1 18 30
5 22 11
1 54 14
6 35 32
4 23 30
4 29 17
4 31 36
1 13 8
3 6 8
2 56 35
6 62 38
4 23 35
3 18 7
6 31 4
2 65 25
2 61 11
5 43 20
3 1 5
3 37 12
6 15 33
3 38 22
5 36 30
2 9 28
6 63 39
2 18 7
5 43 28
1 66 17
1 10 28
2 20 4
3 3 31
6 14 27
5 45 21
2 1 10
2 15 37
6 47 30
1 10 15
4 15 26
3 2 3
2 53 24
2 26 3
3 19 39
2 11 14
4 4 8
2 6 18
1 40 21
1 59 10
2 29 23
3 62 17
3 11 31
2 56 33
3 57 13
6 5 3
4 60 38
2 53 16
1 7 33
5 21 4
5 14 4
1 25 19
5 34 10
3 53 20
2 52 14
5 19 6
5 64 26
5 10 39
2 11 8
2 50 10
5 36 27
6 54 39
4 50 11
5 54 31
3 39 1
5 37 26
2 13 15
6 10 39
3 37 6
1 48 10
5 5 1
5 33 9
2 63 35
2 54 22
1 23 37
1 58 9
3 19 21
3 32 26
2 8 27
1 19 36
2 33 38
5 18 16
4 29 32
4 14 12
2 5 31
5 34 15
2 10 21
4 20 5
3 21 20
2 6 6
3 41 36
1 11 7
5 52 12
4 17 34
5 1 7
4 4 25
5 12 19
3 46 1
6 14 14
4 54 8
3 27 37
5 24 40
1 38 13
3 54 35
4 62 6
2 12 2
2 46 11
2 35 35
2 33 13
1 48 28
3 48 21
3 14 29
6 32 37
2 10 2
6 47 38
6 60 5
2 23 25
5 59 13
4 8 7
2 5 25
2 34 28
3 29 14
2 52 8
4 35 30
1 36 14
6 47 8
4 22 17
1 66 32
3 33 1
2 58 15
5 59 19
5 9 40
5 10 5
5 12 15
3 51 4
3 59 33
5 47 22
5 3 34
6 7 8
4 67 18
1 3 26
3 58 15
6 38 20
2 61 17
5 24 40
3 52 32
3 6 36
5 16 32
5 49 30
4 24 1
4 45 37
4 23 30
5 65 33
1 35 30
3 61 23
5 44 34
3 49 31
5 41 28
1 18 38
3 14 9
6 40 4
1 11 16
1 51 10
1 16 12
1 53 22
3 14 5
2 46 9
6 53 28
1 42 38
6 54 28
1 21 16
6 22 37
2 62 24
6 54 9
1 18 1
4 30 20
1 16 22
3 32 26
6 59 3
2 10 31
6 21 17
1 23 1
4 58 33
4 19 4
2 40 3
1 8 30
3 42 24
2 24 18
4 52 38
4 54 39
2 67 36
3 32 22
4 40 34
2 52 18
3 32 19
5 32 32
2 58 18
2 35 6
4 43 17
2 34 26
2 33 34
6 27 23
4 35 21
4 45 25
1 8 31
5 25 1
5 31 26
6 34 20
2 64 21
1 26 2
5 61 25
2 7 38
2 12 18
1 30 40
1 55 5
2 26 12
6 18 4
5 46 26
5 47 25
6 57 2
6 20 33
4 54 30
4 57 15
5 44 7
4 45 4
6 24 27
4 11 40
1 5 31
2 54 33
1 44 2
2 25 36
2 61 3
5 14 40
1 52 23
3 23 31
6 64 39
6 45 28
5 62 34
6 41 29
3 32 6
6 25 24
6 59 6
1 65 5
4 49 24
2 56 26
1 2 14
1 65 1
4 49 39
2 41 38
1 3 21
1 7 21
5 31 4
6 16 23
3 29 29
1 10 13
4 66 33
5 31 15
3 45 13
1 65 31
4 54 16
2 44 1
2 17 31
4 26 15
3 4 24
1 45 33
1 36 31
4 63 4
6 48 5
5 51 15
4 66 12
5 61 23
3 53 1
6 53 11
1 22 13
4 39 35
4 51 33
3 66 26
1 66 4
3 39 32
5 20 32
3 5 14
1 7 11
4 22 5
3 45 5
5 8 15
3 44 10
3 18 29
3 38 7
3 41 10
5 33 24
5 1 38
4 9 5
1 53 27
4 66 26
2 44 13
5 55 10
2 61 21
5 62 21
1 31 17
1 8 36
4 11 16
2 15 39
1 35 32
6 43 13
3 45 13
1 11 1
2 63 2
1 10 5
4 35 33
3 56 35
6 35 11
4 48 33
4 11 10
4 65 5
2 57 15
6 13 29
1 45 17
5 47 29
2 65 5
2 4 27
3 42 38
1 47 20
3 25 17
6 23 16
5 12 29
3 48 19
1 29 21
6 39 40
4 36 39
2 67 39
5 48 8
4 22 10
3 65 37
5 51 15
4 65 30
2 46 34
6 40 25
2 5 33
4 9 18
6 28 6
5 53 21
5 58 14
3 17 15
6 13 5
4 65 24
5 19 2
5 67 5
4 34 39
4 38 13
4 26 27
6 67 9
1 48 33
5 66 6
4 46 40
5 37 22
2 9 23
1 45 32
3 60 7
2 32 31
2 25 21
4 23 19
6 4 30
4 5 6
2 4 25
2 32 12
6 33 35
2 60 18
1 21 16
4 33 37
2 36 29
6 48 9
4 27 31
5 4 25
3 56 32
4 8 1
2 43 26
4 64 14
6 47 35
1 67 39
1 38 5
6 36 19
1 47 34
3 59 35
6 41 23
2 30 2
2 64 20
1 1 3
2 28 7
2 42 36
5 14 14
5 22 36
4 8 1
5 14 35
2 27 3
2 43 14
4 31 28
6 28 22
6 66 36
2 63 25
3 60 9
3 8 9
5 38 30
4 19 2
4 4 21
4 18 6
1 43 37
4 55 11
5 9 11
3 67 27
4 54 8
4 13 21
4 48 14
5 43 1
6 46 24
2 63 8
5 7 36
3 42 30
4 67 23
4 5 19
1 17 13
6 55 8
5 36 12
5 3 1
6 12 28
3 21 4
5 8 33
1 44 18
3 11 20
1 21 17
6 19 25
3 1 39
4 31 32
2 47 5
4 47 27
6 41 19
2 42 40
4 4 17
4 26 38
6 14 26
3 37 10
2 42 23
4 7 34
6 44 28
4 63 3
6 55 35
5 33 22
6 51 6
2 39 34
2 61 31
4 32 30
2 64 10
3 11 16
6 37 5
1 3 9
5 1 1
2 16 39
5 30 26
6 32 8
1 14 11
5 39 26
3 16 21
6 16 25
6 48 32
5 35 40
2 66 22
4 17 5
1 51 19
6 5 35
5 63 6
6 46 37
5 19 34
3 39 28
4 39 24
1 25 22
2 63 15
2 18 8
4 50 39
2 53 21
2 42 4
2 31 26
2 31 40
4 34 33
2 15 31
6 45 1
1 64 32
5 44 29
5 11 14
6 15 16
3 48 25
1 12 14
5 7 24
5 39 31
6 48 30
5 63 39
4 67 31
3 16 10
4 27 30
6 58 37
3 44 12
1 43 32
2 58 39
3 10 15
3 29 24
1 52 23
6 39 34
5 16 27
1 9 18
4 37 32
6 56 32
5 19 24
5 27 32
1 31 3
6 38 24
5 26 11
5 20 9
5 2 10
1 48 23
5 44 21
2 18 40
5 48 23
4 31 29
1 12 18
4 2 6
4 13 15
6 60 38
4 30 17
2 10 3
5 46 6
1 36 19
6 12 23
2 47 24
3 56 33
2 63 9
1 16 7
2 1 27
2 6 28
5 23 12
6 64 19
4 12 32
3 22 2
5 39 13
5 41 26
5 42 25
3 66 9
1 20 18
6 28 34
5 24 34
1 17 1
4 58 1
4 44 11
6 41 30
6 29 15
5 23 32
6 38 36
1 2 35
4 54 31
2 67 34
4 52 4
5 2 25
6 38 8
5 58 17
6 61 5
4 60 32
5 35 37
5 29 36
2 16 19
3 66 19
1 32 5
3 57 10
4 33 16
3 23 35
2 8 11
6 8 34
1 29 37
6 53 38
4 64 14
6 19 30
6 3 25
4 33 14
1 28 34
6 63 34
1 47 2
3 62 25
6 5 18
2 56 13
3 52 33
5 8 23
5 29 17
1 67 12
1 4 3
2 27 26
1 2 38
1 45 37
3 6 8
3 63 24
3 22 36
1 67 33
4 38 9
2 6 18
1 58 29
4 62 6
1 57 28
5 8 9
4 56 14
2 66 21
2 53 36
1 61 34
4 52 40
3 52 32
1 13 6
5 62 27
2 6 30
5 24 18
4 47 22
1 30 33
1 21 36
4 51 18
5 67 35
4 14 22
3 18 14
3 37 22
1 7 21
3 52 24
4 53 6
3 22 40
3 33 13
5 54 37
4 18 13
3 11 13
2 21 25
6 62 6
6 20 6
5 62 25
5 41 13
1 10 19
2 32 18
5 16 29
1 44 20
5 29 4
6 36 23
5 6 1
1 66 32
4 50 38
6 16 21
4 66 16
4 7 37
6 24 19
6 11 14
6 20 3
3 62 3
4 18 30
5 42 40
2 13 2
2 3 1
3 16 3
3 29 16
2 47 17
5 35 19
1 26 38
3 47 40
1 10 29
3 67 2
4 43 9
3 25 30
6 58 26
6 52 3
2 39 16
5 7 31
5 50 37
2 56 22
2 11 11
6 36 34
3 7 19
6 38 22
1 47 30
6 6 3
1 4 14
3 54 32
3 26 4
5 33 4
4 5 7
4 43 12
5 53 39
6 61 7
2 48 15
1 25 39
3 49 10
3 11 37
2 60 12
6 6 34
5 37 18
2 24 18
4 50 21
2 43 3
4 37 34
4 61 5
3 41 7
4 55 36
4 44 21
4 6 32
3 46 31
5 1 9
1 50 11
6 2 39
3 9 10
2 14 36
3 22 21
1 37 9
5 20 6
5 17 15
5 47 40
6 54 24
3 41 24
6 56 20
5 26 20
1 66 13
5 63 11
4 6 17
1 29 16
1 34 24
5 12 28
5 62 40
3 23 20
1 58 30
4 44 22
1 2 37
6 15 16
2 60 23
2 30 34
3 67 21
3 24 21
3 31 24
1 31 14
6 11 9
6 9 37
2 11 23
5 66 13
2 48 1
2 19 14
5 40 24
2 17 10
4 63 36
5 6 40
4 24 10
4 60 33
5 15 28
1 51 30
5 53 3
1 38 10
1 15 5
3 34 29
2 37 8
6 18 25
2 7 4
1 29 7
3 21 24
4 64 18
3 16 36
2 48 10
5 42 2
2 57 3
6 62 18
4 41 13
4 48 21
4 44 27
6 5 27
6 28 2
5 18 11
4 24 33
1 6 7
4 63 33
6 8 33
4 63 9
3 67 20
2 18 23
6 24 13
5 27 7
2 17 32
1 56 17
1 8 39
5 29 6
3 39 30
2 4 14
4 15 40
2 50 11
3 48 18
1 59 29
1 9 27
6 56 18
6 29 13
4 6 37
2 11 9
2 34 7
3 25 34
4 33 10
2 50 2
2 27 26
5 17 28
1 65 19
2 19 10
6 26 5
1 22 18
2 20 18
5 63 1
5 49 26
2 9 1
1 39 39
6 41 9
4 6 7
3 5 37
6 13 30
1 48 18
5 56 4
2 42 20
4 17 30
2 64 24
6 50 16
3 65 15
1 8 36
2 22 9
3 40 13
1 62 27
2 12 20
1 67 33
4 40 1
1 26 7
3 51 12
2 67 37
1 61 38
5 66 39
6 45 26
5 39 7
5 32 21
5 41 28
5 1 37
5 2 18
3 29 12
4 52 12
6 57 29
4 19 36
6 66 9
6 44 36
2 52 40
6 42 8
3 25 27
1 54 33
4 58 10
5 35 34
2 66 3
2 25 10
1 10 23
6 50 31
1 61 26
5 25 30
3 41 11
6 64 10
1 21 32
4 34 22
5 46 38
6 66 24
5 22 16
3 46 29
1 38 11
3 59 18
2 30 5
5 44 26
2 56 39
5 6 20
3 46 19
2 35 23
4 37 20
1 62 28
3 43 20
5 19 40
6 47 11
1 51 22
3 47 14
5 62 16
6 62 35
2 10 10
6 61 28
1 18 33
1 5 24
6 58 14
5 18 11
5 28 18
6 67 19
4 26 19
2 42 37
1 29 34
1 6 39
5 66 31
5 46 21
1 35 29
3 45 6
6 33 22
5 52 35
5 24 14
6 8 13
1 18 35
6 37 19
4 49 13
1 8 1
2 53 8
2 15 40
4 18 36
2 35 23
6 49 13
4 57 7
3 64 21
6 42 13
6 60 18
4 17 2
4 38 27
6 51 33
5 35 28
1 54 4
2 27 19
1 37 25
6 42 3
6 24 15
1 52 26
3 42 26
6 65 14
5 23 15
6 17 34
5 65 20
2 59 30
3 20 33
2 46 39
3 50 33
6 15 40
4 30 29
2 32 3
6 46 15
3 29 24
2 35 4
4 53 39
5 42 2
3 63 32
2 42 26
5 64 23
4 44 16
4 16 1
3 41 37
2 51 7
3 58 21
4 15 35
6 15 37
1 30 21
1 53 29
6 40 26
6 26 12
3 10 30
1 21 6
5 55 24
5 29 19
5 20 27
2 56 16
4 18 38
6 63 35
6 48 22
1 14 2
5 23 32
4 12 25
4 49 27
3 59 16
5 28 2
6 28 4
4 15 31
4 59 23
3 59 1
5 15 37
4 20 31
6 31 23
4 65 23
2 36 28
3 13 17
6 5 39
3 28 5
2 4 38
5 47 21
4 34 38
4 54 16
3 18 24
5 32 26
6 22 8
6 55 17
4 50 10
4 7 14
5 39 12
3 51 38
4 60 16
6 10 14
2 67 37
5 20 24
5 28 5
3 48 34
4 3 23
5 29 18
5 34 2
3 29 31
6 37 19
2 50 9
2 16 13
5 10 10
3 8 26
3 18 36
3 45 14
2 37 25
5 35 10
6 12 37
3 14 38
2 58 13
3 8 23
5 30 36
4 60 4
1 37 20
5 5 40
2 19 5
4 49 18
1 49 31
1 16 9
6 33 32
6 61 21
3 56 7
6 7 30
5 55 13
1 13 6
4 40 29
2 35 40
1 38 19
3 3 4
2 40 13
