43 58 4237 3221
578 2892 4687 2802 4232 4859 3904 1728 2850 1109 4280 3628 2303 1406 2437 4553 1222 3079 30 302 3375 374 1527 4107 2864 1859 4078 2212 1924 2396 2237 3974 3637 1740 3040 3618 660 41 2594 1553 1174 4747 318 4217 1579 2776 4546 149 2513 2897 642 2315 3999 3901 213 4776 4866 856 
3920 2714 3438 2940 221 298 2820 1822 3226 4285 1178 2210 1565 4893 3027 3331 2540 1991 1255 386 4333 3918 4103 1953 2533 169 2233 2236 1678 1696 3655 2134 1850 808 2168 1204 938 3663 2416 1200 3837 362 2077 554 2713 2242 1227 2118 225 484 4254 2804 3179 1845 2533 3999 2550 86 
3007 1314 2786 1996 4760 4771 2188 1052 906 4219 853 941 3684 2761 821 2351 1561 4501 894 4894 1436 4678 4469 2645 4677 2348 3702 4820 472 4661 2861 3272 956 958 789 1466 327 3154 1216 4757 4836 1069 1575 3777 1419 3321 1264 985 2582 1119 1542 575 1871 2294 1028 926 3194 1394 
718 4583 3886 743 850 1212 3469 1890 1760 4511 3356 1494 4331 694 3242 4503 1431 245 1330 3533 4105 2331 2208 1942 304 3410 3651 3790 2384 2896 4062 704 2845 4388 832 765 4744 1592 1060 4164 841 1222 4749 164 324 1119 1444 682 2980 830 4356 4344 1669 433 1803 2814 3109 2206 
2756 2878 3039 4187 3574 3677 1416 1898 286 2413 1457 1548 2674 1931 2918 4476 190 2863 586 625 46 3042 2144 2329 1996 4654 2032 159 3748 3760 3354 3067 2825 639 4631 1849 4221 2233 4330 2706 3587 628 4071 1332 3610 3920 426 62 3548 502 1138 4823 4824 4485 3064 1988 2270 218 
3601 2095 4471 690 4417 4629 4664 4721 3076 4051 690 3113 2519 773 1608 1808 2524 4512 3669 1249 1375 928 2706 421 4683 1440 3532 4298 4787 3052 3004 3363 331 3348 3415 2818 4202 3921 1895 365 1437 1787 1380 1508 1343 4199 2555 44 3745 4693 2031 163 4699 4655 4811 2925 4691 1247 
2729 1993 3870 1948 639 230 2857 4481 3424 2307 496 3452 2313 1055 4414 620 2152 17 4215 3414 2185 3572 4392 2862 3156 2091 1337 1161 4358 3547 98 1817 2138 2172 3115 1191 264 2349 2059 2972 2553 3948 2462 4826 1484 2396 4264 4648 488 4321 2342 4300 4261 3662 4035 1458 4306 4532 
1031 1218 1487 1439 1439 1493 4530 1024 1927 3914 2378 1430 2442 2596 1810 2153 4153 3575 1658 914 2239 1690 1096 492 4896 3730 3015 3520 4846 4570 3898 3168 1554 2509 1916 4083 3905 4800 2324 3433 2594 4722 674 3782 2853 4439 4315 3279 3351 4823 2507 4281 1860 3604 3118 2117 1811 638 
1150 4320 2729 4661 1279 93 3263 995 3391 3829 817 4566 4626 2129 3100 1376 645 2261 2914 4023 990 177 2030 971 2895 3567 3402 4528 3284 654 1303 3411 4561 2265 4165 4807 2623 3482 371 3521 2965 4661 3234 4477 1778 2145 955 2796 223 3336 884 4373 1570 1864 3146 4510 3868 617 
4516 4040 271 315 13 4210 3582 1567 187 2975 3561 3968 2857 2434 604 1182 1984 3653 4644 2418 3150 3991 1038 1487 2545 895 3141 718 3753 3660 3067 2347 2069 2154 305 262 3380 3508 4457 4152 377 2015 2426 1258 783 439 4012 2932 4417 2053 1816 3097 3047 1417 1299 3822 1912 1790 
4004 4607 4038 2527 171 1577 114 430 4377 2543 3139 1562 3239 595 4394 1283 31 2565 3352 2367 383 1120 3784 2201 1342 4290 2580 4656 4607 2022 2370 682 4060 1630 2889 3692 3563 3175 4379 4317 1584 1642 134 906 110 1477 4115 4187 670 2668 785 3279 2885 294 3745 2336 187 1129 
1391 322 586 4313 4736 4380 1525 4494 4482 1826 3917 2438 3286 2217 2901 4661 3869 267 229 1366 1716 2458 4539 4402 917 2287 357 2225 4896 594 3912 4559 1890 491 648 57 1441 3060 666 3010 1596 3022 2921 3890 4093 4574 2676 3721 3878 4408 1104 2825 4464 847 1392 1161 3329 2906 
1341 821 2323 407 3479 4561 832 4157 1472 3973 1347 478 1164 1119 4251 1258 4010 2109 1662 890 146 3492 1118 900 787 2442 1147 3844 4611 4739 4099 4825 934 2768 3986 2433 2284 3184 1733 4013 3615 3586 1879 1296 3403 1232 976 186 4336 2978 2350 1265 2580 950 1393 1810 2400 2590 
3418 3626 3208 889 1776 1811 2766 390 1320 2605 315 4721 3994 4256 1948 987 1586 4548 280 4512 4592 1843 2659 2059 126 762 252 650 194 3321 278 4809 170 3529 3250 4105 4583 430 3004 4539 4764 1212 4030 2195 3066 417 1814 1939 4128 3220 4545 2566 1231 1485 3559 3399 2915 3797 
1432 1836 3075 477 1643 4409 1333 3542 1909 938 4547 796 78 309 2121 3400 3164 4275 1629 4519 2114 1286 3890 4661 3861 4670 3474 3254 3282 347 1367 751 4905 1466 3146 3149 502 1008 4501 1728 1939 2326 1843 3047 739 1972 1432 1298 2664 4622 2402 2854 4114 3907 2211 3211 395 2514 
1814 2760 1300 1716 2541 4615 3115 3367 3893 4228 1764 484 1979 1775 2873 4057 978 344 2831 1346 1584 1474 1939 1452 2175 3191 1882 2777 351 3068 2629 4780 646 294 3307 348 1135 652 1235 4117 4023 2943 2495 3463 3753 2159 3248 2353 3291 2494 3801 676 3340 4608 4748 3627 1766 4806 
3345 2369 3475 3166 3695 4334 1582 567 933 1722 914 187 3160 4643 3137 4906 3781 4818 2893 1248 4060 881 675 2001 620 2656 1992 1099 901 3674 2506 4038 3577 4070 1366 2886 142 553 2688 3870 1681 4779 3091 2523 3624 3457 3723 3777 4233 4209 977 3619 3632 4288 4836 139 742 1660 
841 2188 3094 1024 3945 1069 3405 2625 4256 4086 2122 3270 3851 3362 1298 3571 810 2178 1147 902 4577 3362 4505 3135 435 3106 3520 3163 4262 4854 4879 710 1403 3713 1663 1983 2787 3028 4744 3408 1492 4567 699 3648 3564 3178 1464 4835 4265 2255 2403 4640 348 1723 3239 3220 3026 1367 
936 4318 833 484 806 264 4640 88 3867 1316 2845 3827 2258 1717 4721 2549 94 177 1845 3471 4205 2700 3346 4528 3313 2048 1909 1030 4041 815 4637 3189 1997 3502 3539 2010 2489 2925 3609 4402 894 4271 1725 4408 745 2493 4098 2385 2141 1400 4374 1373 2640 3608 102 757 763 2453 
4054 3924 4077 2436 1102 3198 1901 3436 3839 2734 2236 4686 1849 1146 4690 816 3238 4832 4344 2065 4126 1891 1777 455 3356 2978 2338 3465 3235 4432 649 2181 3416 1309 3492 2217 157 3216 628 3670 1232 1572 2479 2087 3581 3072 2719 4806 1625 2479 2069 517 1916 507 3354 4752 3710 2256 
4716 319 4220 431 2649 4741 2911 574 1363 4693 309 1423 262 1474 663 2184 4674 609 241 1462 2143 1278 1322 1282 3574 587 971 3782 3879 3169 1488 392 1453 3362 3641 3717 909 3024 2714 1134 2664 4709 337 2359 3547 3741 1348 3518 4331 4684 2331 935 1726 2762 3639 2580 2631 2885 
1700 4577 1973 3078 2708 1844 4427 3950 4463 1649 671 1937 2248 598 1968 2850 211 3645 3856 930 1524 1391 1965 4033 3903 1575 4170 3927 4470 2099 643 2335 2950 4705 3163 4887 4221 1834 3387 1761 1625 422 1809 3051 3410 2162 2665 2498 3247 3525 893 1018 4428 1080 579 432 2159 1881 
266 1146 3024 2861 1976 549 4773 3488 1887 2316 300 4455 3239 2765 2253 4134 3203 287 312 3628 3114 3217 4778 4741 2921 994 997 1754 4360 1398 3586 2945 3280 3485 1985 4807 721 4718 2605 2237 3943 3497 253 2811 3761 3729 3006 4872 3431 1315 4554 2345 3611 256 1648 29 807 3663 
2797 1720 3916 404 1908 4057 1258 825 3992 563 2980 3233 2284 166 1139 4293 3166 4479 149 2441 2942 3434 2688 1183 3118 1380 4787 4885 2945 2938 2101 1381 2673 4895 1921 2415 1364 4428 3654 1798 4451 1810 1369 1330 1979 1321 1091 2046 3262 4295 4378 4262 2910 1861 1029 1276 790 2209 
2330 2248 2739 1477 2637 222 324 4010 798 1655 2017 1248 991 4357 263 3198 4659 4060 4758 3144 4330 754 1393 2464 4094 500 1268 2107 2739 88 103 3536 2531 3550 3064 1188 3452 1254 4608 4231 1420 4693 981 3657 4140 1866 4687 1371 31 482 2970 950 2239 2761 3054 4301 1130 1911 
624 1027 2327 4831 2111 1335 4760 1460 3810 841 4443 2656 2767 3911 3041 857 4676 3853 1527 218 4620 524 4766 2984 3054 3442 722 1689 2921 1588 2248 4830 1106 1292 1144 162 3480 4819 4758 246 3654 3653 4138 3053 4378 1059 4445 2470 3108 3316 865 1872 2404 4487 1546 4526 2582 441 
982 1078 18 4165 1301 2613 4650 3930 728 1439 4612 4633 4060 3029 2200 339 698 1170 3231 1047 1430 3018 4175 1063 3507 927 60 225 2397 814 2812 446 1143 4863 4301 4140 1829 3220 921 2090 2269 1396 4289 1071 1045 270 3358 2377 3942 1626 4131 1029 206 236 594 2723 4533 3907 
4349 1373 1143 3887 2881 816 3981 4172 378 123 1670 3913 3455 532 2410 1352 444 4123 2806 3570 342 3011 4494 2337 1922 89 2623 820 1760 1440 3850 2780 3650 4789 594 3045 111 3282 1388 4546 644 3095 3302 1482 3723 2043 59 4436 1955 435 3945 2311 1093 3167 2963 2755 941 823 
2429 1867 3122 4103 3829 3100 4870 2234 1752 487 1347 1278 4165 487 1648 4288 911 3698 4828 4875 4437 242 2465 4812 899 4804 1027 4301 1140 3528 1396 2328 2346 2938 888 4895 3257 4373 2976 3083 4047 4085 1219 2801 4424 233 479 3099 2980 2785 2518 1411 244 4611 4432 228 2583 2278 
1107 2471 4224 2484 1662 4236 2971 4647 3058 4172 2323 1247 757 4348 1900 1776 826 591 2937 2757 2584 1928 2203 4025 1732 2556 2256 2629 294 1573 3064 2684 2646 3230 4670 1643 1814 2155 2706 3574 2475 4065 3918 632 401 1139 2100 883 3148 2349 3390 483 1403 2239 529 1679 63 4550 
3341 663 3867 3021 4460 2029 3327 3454 1570 749 3476 3951 3813 3102 107 409 1473 839 1206 3241 3220 59 4784 3357 2976 2842 3336 1845 1125 244 1855 1110 2104 1208 4565 121 1857 1029 4252 3779 1645 1835 1098 3141 88 983 152 393 2310 1344 3413 3922 749 1657 3607 4451 3804 2238 
33 3225 1569 2624 4117 1692 2357 3473 1245 3318 3761 3398 3516 2679 1877 304 3855 2520 68 2624 1467 2239 3227 3986 3464 3864 3252 824 2760 1794 1038 51 704 3455 2964 4432 3266 1984 4009 279 2979 3694 4766 646 806 1562 2754 1740 4879 4710 2459 1301 21 604 1602 678 283 2016 
751 323 1155 2390 1662 4456 1963 71 680 4218 3095 4620 90 693 1646 3636 3553 2222 3225 1285 3149 748 705 3937 2185 3700 2378 3008 2827 1552 2786 2376 2942 2073 4820 1614 363 74 2989 3059 819 217 4366 1918 4393 4876 4557 4629 2513 3161 2937 4809 1318 206 2154 3525 2573 2775 
1202 3385 4461 621 4314 2398 222 4823 252 1177 746 2140 2315 3966 3604 3026 524 3948 1939 4668 4597 1177 3692 1974 145 1462 2026 2358 2327 323 4249 842 981 962 1214 1477 2389 2219 4353 3044 2508 3803 3472 4106 745 132 2699 508 4043 4120 3576 90 596 442 1062 147 2788 1442 
396 1119 4637 4657 173 4488 890 762 950 101 98 419 2144 1751 1615 4240 522 4860 590 558 447 2310 492 4800 3796 2371 4225 3913 3421 2884 2964 2933 1285 112 3062 2700 1286 1113 3364 628 2725 3209 3801 796 3462 3145 3303 1095 79 2877 1235 3590 4733 2323 1824 48 3480 3904 
4017 102 4614 1452 3577 4553 684 2531 2815 3372 4593 391 4308 3979 535 3717 2465 777 2265 4285 2371 93 3647 1389 826 331 2581 1152 2900 3686 4462 3325 4110 2559 3979 873 2114 4328 2643 2221 3052 3167 1665 3457 4122 4386 3004 1531 2119 647 2565 879 1367 3857 3985 83 4083 3777 
3566 418 2927 184 429 2416 521 915 3520 4725 142 4782 3121 493 397 1201 3065 2725 360 775 387 1067 2739 4203 1506 2111 1107 2920 3871 2725 1945 781 1154 3185 3623 4581 3338 4236 2739 1354 1401 1179 4230 4566 4461 4555 3489 785 303 2524 1206 4054 1401 187 858 1035 3080 2575 
2202 2259 1789 1508 1427 3238 3869 911 3716 1116 2457 2671 2646 4599 1374 4150 3599 1096 1690 2675 4668 2425 2515 1758 982 864 2683 4874 3192 3932 3659 4455 2927 50 3340 1823 2813 2497 3983 823 4455 703 3038 2617 3460 4738 3821 2584 2898 4232 4345 4269 1868 2947 866 2301 976 1860 
3573 1015 2306 4214 3253 1711 3201 1957 4483 4158 2570 3398 1335 617 1654 1614 2506 2183 911 3961 2926 4066 2297 2166 723 2803 2148 748 2775 3904 2098 3010 2514 920 2492 1784 3295 4707 4903 2337 497 1921 2387 735 3866 3587 3463 394 2185 620 4831 4031 4675 1245 3313 2053 1754 3636 
1941 2264 3673 340 3658 2024 4492 2868 2778 2114 754 2348 3603 973 1064 86 4738 1042 4889 670 356 4006 633 2572 3178 3876 1977 3201 1163 3247 2804 4079 2836 278 4079 1259 3372 1307 284 868 763 4644 3064 3854 1128 1435 2489 768 4773 1502 779 2730 47 3992 2919 3961 778 3310 
4907 4319 2830 1179 597 4074 4071 2437 3401 1385 3492 2336 845 551 2569 2217 189 3354 4644 866 330 4719 3029 4390 87 553 4840 863 1710 3585 499 3069 3586 3400 2266 2252 1569 3414 1169 2206 4769 4822 3460 1260 4313 1991 4632 1334 1600 4504 2470 582 3267 4253 4674 3329 4483 4474 
4885 315 3696 1250 344 1187 868 4392 914 760 2039 170 482 38 1484 1600 3589 432 3439 3341 1204 4435 995 2234 4813 3217 4086 1891 367 180 720 1928 2083 869 3329 2025 1573 385 2172 3649 60 1136 3914 156 674 1279 3899 4229 166 1557 4044 803 2887 3201 1023 15 2426 1272 
892 835 2249 3552 2825 4428 891 2336 1896 2118 3347 1990 1622 2910 4199 2223 2207 3112 4817 587 3820 2198 1382 73 601 4520 2494 2488 50 3856 4901 1205 4848 1567 2756 4040 2416 2663 373 805 3307 482 3498 1076 3721 3907 1144 2370 3195 4816 4321 1885 3836 978 390 351 2041 1787 
8 16 38
24 21 38
2 53 27
39 41 10
19 51 11
16 6 20
18 48 18
8 53 4
28 4 31
29 40 23
41 55 40
41 47 39
28 7 26
38 54 25
41 8 1
14 26 12
15 40 32
34 55 5
12 43 40
40 35 20
6 18 16
14 15 21
41 48 32
26 5 1
38 7 21
3 3 29
1 55 26
24 8 38
13 22 25
33 44 19
37 43 11
34 21 12
14 23 23
13 10 12
3 12 35
11 52 21
30 1 12
8 56 3
4 31 27
27 24 16
39 38 31
11 25 12
9 32 33
6 6 20
40 11 26
5 45 29
11 37 29
1 36 31
32 40 10
11 21 18
34 49 16
26 15 25
7 2 11
17 6 15
10 2 12
39 13 37
23 18 19
27 7 38
2 33 7
41 6 11
9 37 25
24 11 40
36 41 5
41 36 23
11 36 34
18 42 16
41 24 3
40 51 11
24 56 40
27 14 11
12 7 7
14 52 40
4 44 3
20 28 30
12 38 36
13 21 38
15 33 14
10 5 15
10 44 25
23 41 21
3 33 34
23 14 33
30 20 9
21 26 29
15 23 9
23 34 23
9 32 21
38 50 21
34 20 23
38 17 7
19 46 3
6 3 25
34 50 39
4 56 17
41 26 20
8 3 5
14 51 29
11 20 21
15 33 12
13 42 14
5 14 6
7 43 27
12 7 38
17 34 40
20 8 16
15 18 34
33 16 14
29 3 25
14 50 5
5 24 32
3 6 3
27 18 14
24 10 6
11 7 4
7 10 30
21 50 16
11 32 34
9 6 7
27 25 38
38 31 15
34 34 2
26 4 30
11 30 4
2 54 22
8 27 18
29 33 21
13 49 7
7 11 34
25 23 26
38 52 40
1 46 22
36 30 27
24 28 14
4 24 10
17 51 22
14 22 5
24 47 9
25 5 11
2 34 39
36 42 33
19 18 38
36 11 24
6 39 19
8 45 12
33 47 20
4 30 6
17 27 10
8 20 16
10 6 20
17 6 36
10 6 30
33 4 38
11 14 33
21 8 37
17 28 25
30 35 16
10 45 29
19 24 12
23 40 12
8 38 37
34 40 13
24 50 29
2 49 31
32 37 1
38 37 33
22 26 27
5 27 12
35 10 32
9 49 21
30 50 21
34 1 6
20 33 1
39 4 12
12 2 33
4 22 28
23 49 12
25 35 34
21 9 24
3 4 31
3 13 16
14 54 39
23 42 29
37 22 5
38 5 24
34 5 9
15 39 12
9 32 23
3 9 24
21 42 18
20 31 34
13 6 27
31 38 15
33 51 18
16 26 2
37 50 29
3 21 31
32 48 10
12 11 38
4 29 39
6 29 5
35 1 32
8 46 15
38 28 39
18 50 9
27 49 35
15 35 4
4 27 27
23 11 29
24 33 29
18 2 34
17 23 17
6 8 1
10 43 24
26 42 25
5 36 2
27 43 32
28 20 3
19 38 10
24 13 29
40 47 8
9 22 3
30 31 38
20 12 22
20 42 39
39 13 37
8 53 35
1 23 14
19 38 2
19 38 34
2 53 11
41 39 21
15 24 15
9 47 2
41 30 22
25 8 19
1 3 30
11 51 2
37 42 5
19 31 12
18 11 20
40 30 20
20 11 6
40 42 23
33 51 2
21 1 17
18 21 25
23 14 9
38 42 30
9 3 2
9 21 31
31 11 2
33 55 28
22 1 16
32 36 16
2 17 27
14 47 12
7 42 11
35 29 3
22 40 9
10 15 4
15 45 1
37 17 10
40 14 6
15 26 24
14 4 18
16 55 22
13 6 11
20 37 1
24 50 8
32 24 13
20 33 19
7 22 6
17 46 37
5 24 12
16 27 27
34 41 33
2 53 39
8 49 40
37 13 6
40 20 4
1 16 8
37 19 21
8 29 23
35 13 5
7 20 4
1 8 39
34 53 20
38 32 40
38 22 4
25 4 37
2 16 14
21 53 38
26 41 29
39 31 9
34 42 22
28 7 23
24 8 35
32 19 40
32 33 18
32 48 39
17 22 19
3 36 33
17 20 19
39 37 16
9 28 31
12 17 6
17 49 2
31 36 8
36 20 30
19 56 33
5 13 27
27 7 1
13 2 29
39 29 5
30 36 4
19 7 12
7 1 24
4 2 19
35 30 23
10 42 21
24 10 7
31 26 7
6 35 6
26 8 8
37 46 24
18 20 38
9 10 22
29 23 36
1 3 38
5 20 37
14 11 20
23 54 10
11 29 33
25 50 27
36 4 27
3 54 35
36 41 40
7 29 31
18 52 3
18 10 16
5 43 19
7 47 27
27 38 21
24 28 18
10 2 7
9 30 27
41 1 28
38 44 15
37 14 3
20 51 2
29 56 18
26 13 34
35 47 16
29 48 40
26 15 32
36 42 8
21 35 40
32 43 15
4 15 34
10 36 19
5 21 7
14 40 15
13 34 32
17 22 40
32 38 3
31 22 9
15 9 10
38 13 38
28 24 35
12 23 23
39 29 23
34 20 9
7 48 13
36 52 31
8 13 15
37 42 25
35 4 25
24 19 20
4 40 38
2 53 31
20 52 38
19 7 29
11 48 23
35 47 26
36 24 11
38 26 16
15 1 27
19 10 17
36 21 21
6 21 37
24 2 4
8 37 2
29 37 13
2 49 22
1 16 3
19 42 34
35 41 23
19 11 38
3 27 17
12 32 4
31 6 22
35 43 33
18 45 18
6 45 28
12 7 16
21 31 2
22 23 37
1 16 32
39 19 12
37 6 13
19 23 27
28 10 3
8 43 15
9 7 11
25 23 18
23 43 21
3 25 21
26 24 34
9 31 8
26 38 3
41 47 20
6 45 33
36 30 8
22 2 9
40 52 13
25 55 30
25 39 12
2 14 38
25 21 31
20 47 7
1 39 29
36 35 12
8 2 29
7 52 14
17 49 24
4 15 26
10 49 22
5 18 34
25 36 15
34 3 16
20 9 17
5 18 18
2 36 1
27 25 18
14 45 4
9 9 12
9 14 12
41 1 30
25 1 37
12 3 3
11 8 31
10 50 37
18 18 2
33 22 27
23 56 31
24 44 21
39 32 37
13 9 36
19 30 31
32 15 23
4 38 11
41 56 23
11 43 26
4 12 30
25 34 32
24 56 24
37 39 40
21 14 33
16 12 17
41 4 24
40 17 3
37 18 8
40 54 8
21 5 13
31 11 21
38 46 4
13 6 26
40 7 20
15 1 27
32 13 37
36 29 19
26 9 9
13 39 3
13 38 18
15 53 9
31 10 17
2 8 5
19 7 34
5 20 5
39 55 8
25 21 17
32 16 28
24 55 40
12 33 14
21 56 23
8 17 31
31 2 39
22 23 29
37 12 8
8 56 4
32 38 32
39 46 32
16 14 18
11 32 36
16 27 9
20 48 15
3 51 27
37 25 10
37 46 21
35 42 13
37 23 19
11 42 9
19 10 29
34 45 6
22 2 25
5 11 11
37 13 12
27 4 19
17 36 5
31 37 4
14 46 20
19 10 1
29 30 17
7 55 36
41 55 30
34 56 2
40 1 31
15 7 8
19 9 34
31 46 9
11 42 34
36 36 37
33 41 38
41 14 12
29 27 8
7 45 32
41 8 39
14 10 39
39 32 20
4 51 39
32 17 36
10 55 29
7 19 8
31 45 26
5 12 20
36 10 3
21 24 20
11 9 27
33 47 24
1 19 1
13 56 24
26 36 5
41 41 35
41 38 4
36 5 39
36 38 26
20 6 34
20 34 23
17 11 32
22 35 25
38 36 6
39 2 21
35 38 28
27 37 6
34 43 26
4 7 35
40 2 27
9 53 1
35 47 25
17 49 34
3 8 26
5 34 28
13 39 21
38 32 10
6 32 17
15 9 27
3 5 27
14 45 19
19 18 14
10 28 20
12 40 11
5 16 32
13 35 36
38 34 30
15 3 13
6 43 39
4 15 17
26 47 28
19 7 5
8 32 10
15 18 8
37 3 12
7 17 27
21 22 4
35 18 27
23 32 38
6 15 40
14 15 35
36 14 24
26 35 24
4 47 8
17 22 20
3 13 21
26 33 25
30 33 26
34 4 15
37 19 21
32 47 39
30 51 15
10 54 3
26 24 29
41 5 14
5 12 21
6 13 35
13 5 25
30 14 14
8 52 15
20 39 24
29 1 24
8 4 28
28 54 6
23 46 13
35 21 8
8 52 39
26 44 28
29 15 23
13 6 11
11 51 5
14 10 36
8 32 13
11 4 40
41 5 3
38 55 31
5 21 1
17 48 30
37 31 25
10 2 20
33 49 3
12 23 29
20 8 28
16 18 10
13 20 12
5 1 22
1 48 35
2 45 40
30 39 31
16 39 28
3 25 16
32 1 13
9 15 10
7 47 15
37 11 9
31 47 28
40 19 28
4 39 39
34 12 5
11 25 11
31 50 12
2 53 11
14 19 22
29 37 16
7 17 7
5 48 13
2 26 12
17 8 5
9 34 8
7 17 36
12 2 12
29 41 34
36 38 27
40 17 8
9 56 23
15 25 12
14 56 33
32 18 34
20 4 14
12 43 17
30 49 37
29 18 30
36 38 14
37 4 4
8 54 31
8 50 19
20 36 37
32 32 21
38 39 34
27 21 39
20 37 20
25 28 6
27 24 40
32 52 22
17 7 38
38 50 27
24 42 30
28 14 37
31 13 16
38 52 21
15 3 31
5 24 17
11 55 6
19 33 34
24 5 34
18 47 30
24 25 30
16 8 20
35 27 18
19 25 35
26 54 28
22 16 24
41 20 11
35 25 21
12 33 34
14 43 3
11 5 37
36 19 25
36 2 37
10 17 8
19 43 1
26 48 17
38 29 31
16 20 27
33 11 33
15 8 8
32 50 37
6 20 34
31 1 22
30 22 27
30 51 6
25 32 31
27 12 39
16 5 34
20 27 15
9 20 7
27 31 1
24 43 14
39 22 17
2 32 6
6 17 10
19 19 11
23 27 17
41 39 17
33 1 7
11 23 31
41 47 4
23 44 13
28 17 3
15 52 32
31 10 22
10 12 20
39 46 28
16 42 14
40 22 20
3 17 5
5 18 22
21 54 3
13 24 3
10 7 20
8 6 13
13 17 40
30 3 15
5 15 21
5 48 12
35 47 11
5 43 17
21 39 11
38 26 35
16 49 11
31 40 1
29 47 4
15 33 32
13 3 27
6 20 8
30 2 16
6 17 20
3 7 12
4 11 23
17 5 40
32 20 6
23 43 36
34 2 10
35 38 31
7 42 11
10 2 24
36 28 13
40 21 7
15 24 3
21 16 12
19 2 25
6 38 1
15 14 7
24 34 36
27 27 33
27 26 37
31 39 23
7 52 3
26 23 9
8 19 1
17 32 11
31 11 13
29 29 24
25 11 19
40 3 37
29 17 17
9 28 10
12 49 13
24 37 2
1 38 9
2 49 32
21 31 5
5 2 29
9 31 20
27 12 29
36 37 27
24 31 40
21 24 7
35 54 21
12 27 22
26 44 3
19 17 6
23 45 5
31 38 19
15 28 10
40 26 20
24 42 7
10 35 11
20 37 10
41 30 32
22 54 19
10 33 25
35 34 7
36 27 7
26 38 11
6 5 20
20 4 20
27 13 23
2 25 16
27 19 2
3 11 8
30 32 23
33 9 25
17 44 15
28 25 20
7 42 37
32 33 20
31 15 6
31 12 8
41 53 40
32 31 24
31 47 11
12 31 3
21 20 13
19 25 18
34 14 26
5 31 14
19 42 26
1 46 10
10 13 11
26 10 39
11 8 18
24 33 4
31 4 24
8 14 4
18 55 11
12 31 8
19 47 27
12 10 19
4 23 10
41 15 5
7 20 32
13 39 29
11 51 2
20 15 21
20 8 19
11 28 37
37 19 28
31 6 16
26 36 27
13 33 29
16 43 22
16 32 13
6 28 25
36 19 26
20 6 8
12 9 1
11 19 12
28 46 3
13 26 37
31 6 25
6 50 8
21 45 10
38 18 35
5 3 5
16 40 9
27 8 27
24 22 32
26 8 24
12 17 2
39 44 17
20 11 1
22 33 36
5 16 21
5 46 1
34 1 4
36 19 14
24 5 19
17 35 8
12 28 38
37 55 28
38 1 28
34 41 26
4 26 6
15 56 39
18 20 35
21 55 35
32 51 23
25 48 11
22 19 26
33 45 38
39 25 29
18 37 16
21 47 22
12 4 27
34 40 21
32 7 32
30 51 3
29 22 17
24 10 32
4 16 5
2 50 39
23 55 35
36 6 34
14 52 36
7 34 20
7 29 18
31 12 8
23 53 7
13 46 20
8 42 13
29 47 17
37 5 6
39 7 15
4 27 8
17 13 11
5 50 29
33 13 38
18 38 5
16 28 19
27 29 22
20 7 12
33 34 40
39 15 30
36 36 5
14 35 34
5 37 3
37 10 15
14 50 31
9 6 34
27 12 31
11 55 32
15 12 15
6 52 38
18 45 18
4 44 38
35 13 30
13 4 13
39 43 38
33 51 15
6 29 16
18 54 27
27 34 24
9 33 15
35 28 19
32 41 21
30 5 38
30 34 5
15 5 15
10 14 16
33 9 37
12 49 16
37 2 35
11 6 7
29 45 24
25 26 23
12 3 8
21 2 25
19 37 6
21 16 6
33 37 30
8 24 22
6 40 23
11 25 18
12 17 36
22 56 27
3 35 31
6 49 6
35 42 32
38 50 2
1 31 37
27 48 5
28 20 11
18 44 13
6 5 11
9 20 5
23 25 1
22 34 36
39 20 11
7 17 24
13 5 15
9 27 28
30 21 13
2 22 26
1 56 15
26 41 30
17 32 11
19 53 31
40 39 14
26 20 34
34 15 6
9 4 31
37 49 10
4 41 31
7 9 19
35 6 23
41 12 3
26 48 20
13 49 35
2 21 14
23 1 13
10 21 21
16 55 19
27 44 11
16 33 18
19 25 19
8 8 18
5 46 15
1 23 31
28 29 23
20 49 5
13 18 10
37 12 38
24 45 30
27 10 12
23 17 37
32 55 29
16 3 28
20 50 8
6 37 36
7 23 15
40 43 19
19 36 1
25 51 3
24 23 27
7 45 12
4 17 34
31 44 15
13 3 25
14 20 3
32 50 33
31 7 13
29 13 11
34 35 7
13 49 26
33 7 18
29 33 36
19 29 16
17 37 9
18 50 12
8 29 17
35 34 30
2 26 32
16 19 31
11 1 26
34 7 24
34 25 19
16 17 13
20 54 34
5 44 26
36 14 20
24 32 39
41 28 8
30 56 7
26 54 29
17 46 29
3 3 27
4 46 40
8 4 34
20 51 37
20 55 3
14 41 5
24 7 25
16 36 32
2 45 3
22 38 33
9 20 5
1 6 24
19 33 4
26 55 28
33 39 9
2 3 18
41 9 34
25 3 29
26 4 15
21 18 23
30 52 40
21 36 20
7 19 8
33 23 18
21 54 39
8 19 8
2 25 6
14 43 10
4 29 8
28 24 18
40 46 25
3 50 21
33 13 22
7 8 33
11 22 28
26 25 36
3 52 28
32 6 28
9 35 6
26 3 22
41 9 32
22 39 35
37 48 8
28 5 25
15 25 15
39 4 16
8 3 3
31 51 5
25 49 33
32 48 39
18 38 37
9 21 24
26 12 20
1 34 4
11 50 23
27 12 31
4 5 34
41 16 6
12 35 38
9 56 38
41 13 26
32 6 40
40 48 17
8 55 29
40 7 11
22 11 10
18 22 13
28 41 23
3 42 20
39 16 19
29 32 29
24 25 6
27 46 19
34 33 30
4 19 28
12 4 29
30 47 26
4 45 19
1 52 21
4 4 1
36 25 39
31 54 34
38 38 15
16 52 22
30 4 34
18 5 40
32 44 6
1 11 11
20 35 8
18 4 5
13 35 31
10 13 25
1 43 21
12 19 9
40 34 5
28 40 34
7 44 15
31 47 34
19 44 5
36 45 5
16 22 28
24 40 14
8 22 22
27 23 21
1 41 31
28 45 18
40 39 26
23 31 16
21 30 10
30 24 19
14 52 18
10 12 38
9 20 34
8 39 4
39 15 15
7 1 3
31 4 12
35 12 19
37 20 23
17 25 16
8 29 23
27 48 13
6 33 2
26 40 20
21 11 21
41 15 2
14 32 15
27 36 24
3 38 12
26 37 4
41 29 3
16 49 37
21 25 7
39 41 19
17 42 26
32 40 4
12 42 33
24 15 24
15 29 25
26 30 8
17 2 3
28 15 18
2 18 16
19 23 2
22 16 17
41 12 39
16 17 22
17 54 23
5 46 23
29 28 18
10 1 20
3 27 5
26 4 9
2 41 24
5 45 23
12 4 6
41 9 16
32 54 40
25 36 40
3 43 2
35 29 40
9 51 22
14 34 2
37 6 21
13 56 13
25 9 7
33 5 36
37 24 1
30 34 15
14 46 22
31 2 35
25 48 18
22 21 2
30 48 9
15 30 5
21 43 39
21 9 34
20 26 15
37 17 36
10 12 38
3 50 25
23 26 33
32 38 37
25 26 15
36 49 19
17 7 23
13 40 21
18 41 14
40 50 16
11 26 20
13 39 30
11 14 6
15 9 30
4 17 3
11 20 13
4 30 18
18 35 11
6 1 20
24 16 20
31 10 29
20 45 4
19 37 29
36 14 12
8 42 11
38 16 30
20 10 31
24 48 26
22 12 25
3 7 9
30 18 14
40 41 21
29 29 28
36 50 39
4 33 37
14 35 23
33 33 30
31 56 2
23 25 17
2 18 26
15 39 18
26 23 4
2 20 20
35 24 15
36 17 15
34 51 4
2 20 21
11 42 23
31 22 22
18 35 2
13 27 30
8 30 19
29 35 24
38 4 12
30 10 14
17 30 37
37 39 40
29 27 9
20 16 36
5 23 12
1 34 33
10 1 37
12 45 31
6 24 23
3 11 14
17 55 6
8 21 10
39 28 31
30 42 11
9 23 40
41 3 19
32 40 35
30 22 24
1 2 15
29 21 8
17 28 38
3 29 29
32 2 12
29 47 26
34 56 28
36 31 18
30 37 13
14 14 17
2 31 23
5 19 5
40 47 29
3 53 16
37 11 20
4 19 23
9 16 12
24 7 9
27 27 10
3 4 21
3 52 38
7 47 18
24 28 17
39 49 1
41 27 14
22 45 22
34 40 9
5 20 26
33 40 24
36 21 11
8 52 40
34 47 21
16 4 33
23 23 6
22 48 13
34 12 38
4 25 33
29 27 1
7 32 17
6 17 9
12 24 6
18 54 12
16 1 14
30 38 4
33 4 29
30 5 26
41 29 14
26 55 18
20 26 34
27 33 15
30 49 1
1 32 4
39 9 28
39 55 7
32 16 5
41 14 13
16 43 20
8 50 39
14 49 16
36 34 24
25 3 23
12 19 39
22 3 28
10 10 16
33 44 2
11 40 26
30 24 40
29 12 36
21 46 6
37 55 22
7 13 25
24 19 20
38 43 2
34 2 30
20 10 21
15 12 3
35 23 22
20 43 6
36 53 24
23 56 24
3 18 22
19 47 15
17 43 24
6 46 36
2 16 31
9 35 11
29 32 6
25 15 18
41 26 15
27 37 26
12 36 38
3 45 21
10 19 26
31 3 28
8 27 35
29 16 4
39 34 26
39 17 6
7 50 8
31 48 15
7 41 33
41 14 37
18 25 11
23 54 26
26 54 18
23 32 23
5 50 26
1 10 11
1 20 4
20 1 35
4 29 20
5 39 35
37 6 25
31 53 15
17 37 18
30 15 3
6 30 9
9 16 13
41 13 12
5 30 21
26 48 5
41 10 14
22 46 20
35 3 17
9 33 11
36 39 19
20 34 2
13 37 21
14 38 7
16 36 9
1 45 40
24 4 39
19 15 32
14 45 24
30 7 21
36 38 8
15 11 4
3 41 25
9 39 34
39 14 19
4 53 25
36 41 26
14 34 2
1 24 17
23 27 9
30 32 24
5 31 39
14 27 29
26 26 1
35 12 7
19 48 34
40 46 9
3 28 36
14 2 26
34 31 19
40 6 39
20 43 25
18 40 9
36 30 6
32 42 15
23 27 15
24 40 20
27 2 1
34 54 12
13 36 39
36 34 34
26 22 40
13 44 29
35 21 6
26 12 5
32 15 40
8 33 14
15 28 39
3 55 11
34 48 38
38 42 27
33 28 24
27 12 19
14 29 9
16 44 6
30 46 28
31 17 2
39 49 7
18 3 27
11 9 39
25 54 40
30 54 22
9 34 39
10 35 33
24 12 40
7 12 26
6 13 38
38 49 28
21 3 5
17 17 10
35 29 22
18 21 39
24 56 2
20 42 15
11 31 27
31 10 39
11 53 40
3 6 3
15 7 1
31 41 39
2 32 37
28 23 25
9 9 8
11 35 37
29 22 6
35 23 30
35 1 21
4 33 12
33 7 7
13 45 8
12 17 22
22 1 33
16 35 15
4 52 37
19 23 39
4 51 18
11 35 21
8 47 26
25 44 20
15 15 9
5 17 8
12 4 36
22 26 1
40 20 11
36 50 14
19 32 7
28 18 28
9 20 30
30 10 15
5 27 31
20 3 29
34 4 37
41 46 37
27 17 31
41 43 7
15 5 3
9 15 7
20 46 34
16 38 23
16 29 19
31 19 13
27 40 23
39 19 13
7 55 25
9 51 36
20 6 7
20 12 8
11 45 13
3 39 4
27 16 18
29 56 20
17 8 20
27 50 25
11 35 33
23 35 9
21 29 17
24 17 18
2 35 35
13 3 6
16 11 34
38 40 28
11 29 12
13 34 35
15 8 23
5 35 18
4 16 34
12 24 33
28 30 34
39 28 15
15 21 35
22 13 35
22 35 4
8 15 39
39 3 28
33 2 4
7 24 38
1 9 39
2 15 8
26 33 24
10 36 17
7 28 19
5 3 17
27 30 14
29 40 36
6 54 9
21 29 5
32 16 1
3 27 27
33 4 34
24 2 10
2 5 29
16 20 33
19 24 24
9 42 20
33 9 15
2 38 10
35 38 35
7 36 40
26 55 9
12 46 16
35 16 4
16 8 40
12 40 39
33 8 30
25 40 14
29 37 12
29 23 12
14 4 33
32 53 19
23 45 18
5 56 16
24 47 7
21 1 7
18 18 33
41 35 14
21 56 8
6 32 1
3 4 31
34 52 5
22 32 30
16 46 38
13 21 35
27 8 24
20 50 17
20 55 21
7 39 12
31 22 4
13 31 5
3 7 6
13 27 9
33 51 18
24 4 30
36 38 26
41 24 3
39 32 3
15 32 33
1 11 40
6 56 3
36 38 31
22 9 32
23 47 7
31 34 16
4 14 23
41 1 39
17 41 6
14 15 9
18 37 35
24 50 10
33 10 31
31 18 31
3 13 28
13 6 37
13 11 34
17 9 40
34 28 21
22 33 37
29 52 6
10 45 8
36 51 27
29 5 38
36 14 12
41 11 30
31 4 30
8 8 35
7 10 40
6 44 33
2 41 36
4 10 21
17 6 23
11 39 25
37 34 13
11 45 21
26 34 28
34 1 11
26 9 33
26 33 36
7 28 15
9 36 37
1 11 29
12 45 3
3 16 33
8 5 19
33 13 19
10 51 12
26 19 7
17 19 26
7 31 14
25 20 30
36 49 16
9 36 6
40 54 17
7 34 34
13 32 23
24 8 28
39 41 7
13 6 29
16 30 26
21 10 12
26 55 27
22 27 20
36 30 24
24 19 26
4 8 5
16 42 18
40 34 11
13 10 2
5 24 30
28 16 26
4 46 3
10 34 30
20 6 36
37 13 7
13 24 7
13 22 38
22 47 33
27 56 17
18 36 2
40 20 35
32 32 34
38 10 13
7 1 18
14 20 27
15 28 31
33 17 20
23 7 18
26 31 33
34 54 14
1 11 25
20 48 37
4 30 17
39 29 23
6 14 15
24 52 38
31 24 19
1 19 28
9 10 29
1 22 7
3 34 27
32 46 8
9 11 37
35 9 33
30 48 3
39 1 17
13 47 38
39 19 32
35 55 1
33 29 11
32 35 40
8 40 22
22 8 15
38 35 24
40 1 5
6 56 12
28 14 11
29 23 26
38 14 18
12 1 1
14 48 36
24 8 22
7 45 40
18 51 11
35 23 3
41 44 5
37 33 30
17 17 2
29 41 24
14 22 40
35 54 19
22 33 8
28 53 22
26 29 36
9 55 32
31 40 9
29 49 1
27 56 24
34 35 21
24 24 7
9 15 4
40 12 8
19 31 1
12 32 11
32 35 11
38 50 10
1 13 1
36 43 7
18 47 37
36 7 13
2 39 30
10 10 33
10 1 34
4 43 38
11 50 10
21 37 7
32 3 2
34 34 12
39 15 14
18 34 35
34 41 34
37 3 32
27 55 9
34 4 11
36 2 9
21 46 17
39 12 21
29 10 26
28 31 3
9 27 16
8 23 34
10 27 5
32 22 24
19 38 32
39 28 4
32 10 8
31 16 12
18 6 3
29 52 36
3 53 22
27 49 1
10 16 17
21 41 35
6 27 21
8 19 23
12 28 10
30 32 36
25 8 34
3 36 28
22 27 12
28 23 20
1 13 28
23 22 15
38 14 10
41 49 25
12 18 28
20 13 18
18 2 8
20 7 22
41 5 7
37 2 29
39 26 6
5 32 34
36 32 35
1 34 16
4 47 10
3 55 37
23 8 31
29 6 38
31 22 23
1 53 17
37 15 10
6 50 17
5 50 4
5 1 29
30 51 11
23 19 30
23 28 14
16 53 38
37 32 24
30 37 19
4 11 7
38 20 30
36 56 17
6 15 9
32 55 30
19 48 18
41 4 7
16 51 13
7 35 2
22 31 26
28 7 3
21 45 23
22 51 18
31 54 2
4 17 15
12 51 29
33 29 9
24 12 8
20 39 8
35 41 8
27 5 24
16 40 10
28 24 32
29 48 35
20 26 28
2 49 6
8 13 1
29 55 36
23 56 23
7 12 23
31 30 6
7 45 34
37 35 7
24 46 36
19 7 40
27 35 1
26 20 4
40 53 32
31 10 16
37 17 33
8 33 31
24 8 22
41 44 5
10 53 21
34 27 13
24 11 12
12 12 35
26 49 3
20 25 24
38 23 21
6 54 6
29 44 12
9 11 21
6 38 10
39 1 3
21 2 22
40 36 18
5 32 17
33 40 6
29 9 39
8 2 33
6 2 4
34 40 19
14 45 18
37 49 28
12 9 2
33 39 10
12 8 33
22 2 36
19 20 19
10 44 37
10 31 22
24 8 40
5 42 26
7 21 22
9 46 16
4 23 28
21 6 32
32 29 29
38 41 26
10 25 12
38 18 37
18 19 21
10 31 31
5 41 29
7 42 6
37 45 5
35 14 36
3 53 17
7 56 11
27 10 17
11 23 32
34 34 7
28 3 39
22 32 24
36 45 25
37 34 14
17 8 6
12 11 28
33 27 18
33 49 40
21 8 33
21 39 37
17 54 25
23 34 16
12 8 36
10 4 40
4 48 20
10 41 1
10 24 18
17 1 18
9 48 30
30 50 26
3 52 8
32 21 22
32 52 32
39 29 14
36 5 16
34 15 17
40 12 34
26 44 40
34 17 32
37 19 8
1 44 1
36 50 27
40 47 12
26 32 32
27 39 36
4 33 10
16 42 26
38 22 37
18 27 36
23 38 22
23 7 26
26 55 26
13 35 40
2 31 1
28 54 10
23 24 33
13 31 35
24 39 9
37 45 11
14 19 40
17 12 29
34 24 31
36 26 35
13 33 9
29 26 31
41 11 11
12 11 7
5 18 5
15 16 40
20 41 4
16 7 1
4 12 29
37 9 11
21 49 19
31 53 21
4 19 8
22 2 4
33 33 26
7 16 15
27 25 35
36 16 39
21 25 39
5 2 15
30 50 34
34 8 38
15 12 1
16 49 38
41 1 25
31 56 15
26 25 37
34 56 8
40 19 19
2 19 34
22 52 11
18 38 7
23 46 31
31 47 8
9 25 14
20 8 32
8 20 31
5 20 15
24 7 9
4 46 18
30 7 36
39 35 22
27 4 38
11 12 6
14 23 10
13 50 14
20 24 31
1 46 32
8 12 31
19 56 10
3 38 19
12 51 23
5 2 23
28 41 28
22 9 17
14 3 16
37 16 2
22 13 11
13 53 29
29 22 9
11 47 30
19 23 29
8 42 7
18 20 16
3 37 22
14 25 25
11 26 36
12 9 11
36 27 4
27 3 9
3 39 12
20 2 34
7 29 4
6 11 33
9 41 17
21 24 3
22 48 33
41 8 25
8 16 33
23 44 17
31 52 40
33 18 16
24 55 18
24 47 28
34 36 2
39 29 21
22 7 16
38 48 4
39 46 31
7 14 37
8 11 3
41 35 20
12 31 28
10 35 32
34 7 9
8 1 17
25 10 9
8 19 2
6 43 20
8 18 8
1 2 8
24 5 5
35 43 2
8 32 22
31 24 17
33 46 37
29 53 34
29 10 39
13 32 12
12 52 11
34 23 15
36 44 18
18 56 9
21 37 17
2 56 21
41 40 38
9 20 3
15 1 34
33 13 23
28 43 39
18 41 34
33 56 38
12 36 40
17 38 1
39 15 15
27 44 6
32 52 10
1 55 21
16 52 38
13 17 21
28 9 34
20 40 29
12 20 39
1 2 12
9 20 17
32 20 26
4 51 39
36 30 29
34 23 39
3 47 32
25 23 4
15 24 4
9 46 38
10 49 30
20 10 3
12 19 22
30 28 25
8 32 23
1 56 20
20 2 36
12 21 28
24 31 30
32 13 7
36 39 12
33 47 19
35 1 12
41 19 28
30 11 21
31 35 37
1 30 18
25 7 7
5 21 35
28 52 5
29 35 2
12 46 24
35 11 12
39 49 17
4 50 29
34 50 27
30 52 18
23 3 21
30 5 35
34 48 14
33 47 15
38 27 35
29 45 40
1 45 28
4 9 3
17 39 10
9 48 13
21 42 36
11 38 10
15 49 20
6 41 32
8 40 16
39 26 36
14 23 25
19 6 17
15 21 8
9 40 25
34 28 28
32 32 28
13 10 10
33 19 37
40 24 14
9 4 35
33 2 23
23 44 31
17 42 5
22 38 26
13 13 4
5 48 15
18 13 32
40 19 36
11 48 29
36 32 16
27 33 9
10 39 8
41 29 30
31 10 24
24 55 8
6 7 4
40 31 25
38 34 36
12 18 39
5 17 2
33 43 32
32 9 15
9 13 26
3 4 14
24 8 3
2 12 28
39 6 39
25 10 5
16 24 31
41 39 26
35 42 12
13 38 14
20 21 28
4 18 26
4 33 37
38 7 30
36 50 23
17 22 29
1 54 21
30 39 17
29 48 32
4 46 1
30 11 16
35 53 10
13 4 30
29 36 16
3 38 16
6 2 40
14 39 4
37 38 21
28 46 22
12 35 14
27 40 25
29 22 1
7 49 21
27 42 16
26 45 23
38 6 10
22 52 24
38 45 28
38 2 28
30 47 35
36 42 13
9 34 2
27 45 24
3 22 17
13 18 2
11 32 9
3 36 28
41 3 29
27 28 30
14 2 20
13 5 14
34 11 27
39 2 17
10 16 37
14 23 15
3 22 11
35 13 39
34 21 20
12 42 10
13 36 37
23 19 37
24 34 32
21 9 29
4 52 5
5 13 12
16 48 2
39 22 19
7 13 7
18 27 26
35 21 23
26 19 5
20 20 2
28 18 28
21 50 17
13 45 8
5 26 34
8 47 13
7 38 24
16 42 37
1 12 2
19 8 16
20 16 23
33 13 6
16 44 20
21 36 1
20 12 5
18 4 12
35 12 15
4 32 27
32 29 36
13 39 12
14 15 27
10 20 34
12 10 27
11 1 7
16 11 17
19 28 20
22 27 38
27 24 38
37 56 36
3 21 8
7 48 18
34 14 3
28 42 13
12 45 39
38 55 14
24 38 30
29 10 28
37 39 10
3 47 32
41 2 22
18 48 18
24 16 22
17 6 23
36 12 32
12 23 28
15 35 21
41 37 8
2 42 4
21 44 16
18 40 16
11 10 3
10 16 29
7 35 10
33 43 16
31 2 10
9 35 18
1 11 35
12 21 33
39 45 11
5 52 27
15 39 7
35 50 28
13 2 1
14 54 19
12 18 34
17 48 37
6 28 37
8 1 33
1 37 35
2 10 9
6 9 5
41 10 30
2 29 27
30 42 16
19 39 19
30 12 2
26 56 16
33 17 12
38 42 26
30 12 21
31 31 6
27 34 7
17 9 15
39 38 24
41 33 7
26 3 5
4 23 8
2 9 23
35 30 31
3 24 39
26 2 4
28 35 2
21 9 23
33 33 13
38 27 35
35 2 30
30 15 17
13 18 13
39 14 24
15 32 33
3 15 35
21 32 1
2 24 26
29 15 2
6 25 19
37 18 11
32 49 28
5 3 6
41 27 11
3 30 13
23 2 8
27 19 38
21 5 3
17 20 6
15 36 37
11 21 1
12 41 20
12 38 39
16 26 40
24 17 31
30 43 32
23 47 38
23 41 11
29 19 33
41 32 32
22 23 31
18 44 22
18 28 8
2 7 9
22 30 13
31 34 20
36 5 20
9 29 11
14 36 26
11 25 37
9 32 4
4 9 8
15 30 38
9 26 12
14 42 21
14 35 39
26 47 38
4 44 30
15 26 3
11 30 16
13 24 2
37 28 1
10 17 34
19 16 22
25 40 2
37 32 25
10 9 10
14 55 29
37 17 17
35 7 20
34 41 34
7 36 31
12 41 4
34 6 31
19 25 36
12 21 39
14 49 35
9 52 1
16 41 35
34 11 24
40 29 11
21 36 30
16 34 15
14 1 9
41 44 5
29 49 36
32 20 32
10 21 16
10 36 2
29 42 39
18 3 38
23 24 4
10 25 30
11 2 36
23 11 33
23 26 34
3 44 27
29 6 30
11 27 5
9 35 3
41 14 15
4 55 19
22 13 11
21 53 12
21 55 3
41 51 3
20 39 36
6 21 6
38 19 18
5 22 27
2 30 14
8 47 20
32 34 24
17 45 12
35 22 18
29 17 39
28 35 13
25 52 7
17 1 36
20 17 18
23 54 13
31 48 40
41 29 6
31 42 25
39 52 5
4 48 24
11 15 26
18 4 20
12 9 38
19 18 29
33 54 31
8 33 7
8 10 3
37 27 21
34 16 29
8 26 33
15 14 20
37 54 24
25 42 17
38 26 28
10 43 5
22 5 8
12 7 6
30 23 2
28 51 10
19 11 22
18 2 17
28 19 38
4 14 35
23 54 21
33 14 22
28 20 35
2 13 36
13 28 9
35 18 10
2 4 12
33 27 7
33 2 14
30 6 25
37 10 19
1 12 13
23 33 11
20 1 16
41 28 15
2 28 9
35 27 12
14 39 38
3 32 17
30 15 39
17 33 4
4 6 24
23 23 29
36 50 28
13 9 34
39 43 34
15 11 14
9 32 27
11 51 37
30 27 21
13 1 11
31 23 8
14 14 37
8 36 38
14 46 17
32 18 5
38 46 24
14 19 23
34 11 22
38 6 16
2 28 34
33 42 16
18 19 17
6 4 18
16 46 6
5 38 32
38 23 25
23 16 17
21 56 36
21 25 23
27 5 7
12 37 36
1 9 14
4 38 7
9 55 25
12 51 10
30 26 38
23 36 13
12 56 17
29 36 3
37 18 40
40 32 3
2 25 6
10 22 19
6 26 4
36 30 29
6 33 15
38 54 27
25 21 3
8 25 5
3 49 35
20 52 17
27 39 3
14 7 35
39 40 30
1 26 16
38 7 6
27 39 12
4 27 7
21 35 32
34 49 3
8 30 10
24 33 28
1 23 23
4 48 23
30 29 30
30 49 17
10 15 36
13 20 36
38 19 35
37 31 11
29 5 28
28 2 34
8 21 24
41 51 34
28 21 10
5 35 37
39 9 4
13 37 5
7 15 35
6 56 7
30 21 36
11 46 18
9 52 33
20 33 10
35 36 21
32 43 27
6 50 40
23 45 15
21 2 9
32 11 23
3 51 38
33 46 29
16 16 34
7 6 35
33 27 30
8 41 15
13 47 40
26 51 14
18 32 27
6 33 2
2 33 22
34 12 9
33 5 14
4 48 8
22 38 11
16 7 33
22 53 28
40 9 5
3 55 12
22 44 2
22 35 13
24 52 1
11 49 7
13 56 30
13 9 7
36 36 2
22 9 37
4 55 33
37 5 19
6 28 27
38 28 10
35 34 1
29 36 4
7 32 32
10 38 8
17 52 37
14 52 11
30 46 28
3 11 15
13 19 24
22 51 35
7 43 9
1 18 35
24 47 24
24 30 9
41 6 10
33 43 20
14 36 4
22 53 31
4 15 2
28 13 15
32 32 33
18 42 26
39 12 22
31 54 19
36 7 19
18 7 25
3 23 1
14 55 18
14 51 36
32 33 17
17 37 18
35 36 11
34 53 32
13 15 22
28 24 7
14 9 29
36 44 29
12 55 4
38 45 11
31 2 33
15 28 20
11 17 22
37 44 6
26 52 22
5 2 22
29 48 31
1 16 14
22 29 38
28 33 35
3 27 31
27 27 38
17 43 37
27 36 26
38 1 25
13 17 32
33 35 14
36 23 34
2 16 10
5 5 14
25 23 11
7 29 30
26 39 34
16 13 25
33 56 21
31 25 1
24 22 15
15 50 2
9 28 25
12 5 15
29 33 18
31 36 37
34 19 3
8 45 30
40 26 6
16 33 19
26 39 33
30 29 4
25 1 7
15 44 12
35 38 25
13 34 20
23 18 9
8 31 14
26 6 21
37 11 5
10 7 22
1 53 28
32 35 25
11 39 39
39 4 6
33 25 32
25 13 29
16 41 17
13 32 25
14 32 37
8 23 26
28 26 29
24 15 11
7 40 16
5 3 5
4 38 34
30 5 11
24 36 28
27 37 31
2 41 1
8 43 23
11 18 26
34 38 28
14 47 23
41 41 28
27 54 23
1 21 12
24 2 19
9 17 34
11 30 26
19 43 1
2 37 40
25 45 29
11 18 2
10 34 40
4 30 23
7 52 13
2 55 38
26 39 26
15 10 36
19 38 6
34 38 10
31 41 18
9 42 2
30 21 32
32 6 32
2 9 4
8 33 8
17 11 40
23 40 24
6 19 10
5 22 33
28 30 15
13 27 17
41 34 21
35 13 5
41 7 21
7 30 1
39 53 8
2 24 39
5 18 36
19 6 3
35 49 9
21 39 16
8 2 14
31 23 22
26 26 25
30 51 37
40 37 12
13 21 25
3 36 8
20 17 23
28 26 5
40 33 25
13 44 21
15 2 31
34 25 33
30 7 17
41 50 33
13 13 31
39 11 15
29 45 8
22 53 10
35 1 19
20 29 14
1 30 17
13 14 3
37 51 29
13 23 30
12 4 30
5 54 34
18 13 14
20 13 27
26 13 32
40 51 37
33 28 12
23 18 27
31 34 15
8 52 5
17 46 2
7 7 20
24 4 25
40 47 38
3 35 15
35 8 35
6 4 38
32 26 15
23 52 5
22 33 2
33 30 12
21 54 5
5 38 32
2 26 34
38 40 38
16 7 4
30 52 23
24 35 3
21 38 36
37 44 20
28 21 3
26 51 29
11 46 6
28 28 11
32 38 5
1 15 16
15 52 16
37 48 1
40 14 2
1 15 5
16 35 31
6 26 34
3 26 7
29 4 10
10 14 28
30 37 40
13 17 40
30 1 25
25 37 20
14 11 26
5 52 28
38 43 6
25 39 36
14 52 24
41 20 2
25 4 36
16 6 4
37 23 1
4 39 18
16 52 5
31 49 34
25 41 29
12 8 6
18 23 17
41 45 14
31 43 17
41 7 4
34 28 7
29 23 15
18 28 40
19 44 18
22 26 6
6 34 3
5 17 13
11 20 18
20 11 33
18 56 30
41 53 22
28 55 11
32 39 5
31 38 8
41 33 31
31 43 33
13 23 33
15 41 34
27 38 10
37 47 4
26 48 31
12 41 32
21 32 30
13 26 1
30 52 5
39 7 17
8 47 7
39 38 28
40 34 16
17 5 34
5 42 32
22 20 28
15 41 15
7 23 9
13 54 22
40 40 33
27 30 31
22 29 29
32 49 36
22 54 34
15 36 36
23 35 10
38 8 26
19 39 2
11 51 26
16 47 21
12 20 24
16 3 38
24 24 7
6 9 40
7 4 11
16 56 15
14 33 16
24 50 12
27 5 14
8 39 36
7 1 14
9 56 17
24 20 22
37 29 3
16 51 27
34 22 12
4 22 16
16 25 26
27 30 3
39 47 21
26 33 25
35 31 18
38 27 38
11 42 38
34 19 37
34 23 17
24 28 1
8 23 4
25 42 9
21 22 1
26 16 1
11 46 17
12 26 19
13 55 21
13 20 21
6 25 28
28 51 4
6 22 37
28 24 28
8 16 22
35 45 13
26 54 25
10 12 17
21 27 10
18 34 39
7 44 16
13 28 39
25 49 30
23 47 32
8 31 35
33 29 40
14 29 9
14 54 20
18 13 10
12 19 26
16 1 8
6 29 27
19 30 27
11 42 24
39 28 16
31 46 10
15 14 4
3 34 4
36 17 21
32 32 24
19 30 38
26 44 8
11 6 11
34 11 31
17 45 2
36 38 39
18 53 4
38 55 1
20 9 16
12 13 11
30 51 34
3 39 19
36 43 39
21 32 18
9 14 34
14 52 27
35 15 22
34 51 18
24 21 20
12 17 15
37 50 28
40 50 24
33 27 10
8 51 4
39 7 15
9 20 37
37 3 33
31 1 13
22 36 32
17 5 16
28 3 29
34 40 21
2 43 33
36 3 33
41 45 34
9 25 19
2 10 16
15 38 23
23 29 40
27 29 4
32 47 30
17 36 17
10 19 6
18 30 18
24 51 28
34 48 7
15 56 26
36 5 15
5 55 23
23 21 25
32 44 18
15 53 34
10 44 39
20 48 5
5 9 13
29 7 16
16 25 15
1 35 25
3 34 38
31 34 18
3 8 38
7 10 37
10 26 36
19 10 36
17 19 21
38 9 25
24 54 15
22 30 14
20 37 11
1 6 38
28 41 7
19 21 20
3 51 27
21 22 19
18 56 26
22 7 25
41 53 5
20 23 16
16 3 14
4 15 35
26 35 9
40 3 12
2 4 18
30 12 4
19 32 14
37 12 2
22 26 19
25 26 40
38 56 34
14 48 8
10 47 5
9 49 35
14 43 31
35 19 15
36 10 35
29 38 21
3 24 35
18 54 9
11 21 37
7 30 21
8 2 6
20 21 30
40 12 2
24 20 20
4 29 37
36 32 33
31 10 9
37 56 9
38 20 17
23 35 27
3 30 18
17 17 35
5 36 36
24 51 16
8 28 15
27 30 34
8 45 39
14 43 10
10 10 15
11 42 32
26 33 34
21 11 36
40 20 12
21 48 24
5 34 2
30 13 23
23 4 28
32 45 26
2 43 9
24 35 19
40 11 6
38 1 21
13 16 21
37 20 16
40 24 9
11 5 1
28 10 28
35 23 24
29 9 9
23 5 12
18 2 33
26 33 16
23 48 6
8 24 12
34 8 18
14 11 9
10 14 12
12 37 40
10 34 27
36 54 4
32 29 6
30 26 28
16 30 34
12 41 35
40 54 12
1 6 26
37 33 23
18 7 1
36 23 3
24 35 21
