44 40 3164 6701
2784 430 657 320 2688 2587 4195 3913 2986 2752 3560 331 799 996 3791 4597 3788 4032 1413 161 3826 2100 3074 1638 201 126 1748 656 3306 1938 342 354 1103 1391 372 4269 576 4463 2761 3921 
4176 4481 3751 661 4628 1622 590 4269 1058 4787 2028 3598 3365 3185 2007 466 4757 4355 2635 3624 3849 3194 3875 2801 4421 757 479 1153 3115 1413 479 1594 3658 2419 2025 1633 2285 3389 1145 3527 
951 4428 1314 2651 1516 2353 4385 4255 2209 2147 3163 4090 2759 1335 4864 2542 4853 3641 3861 168 4416 2765 2866 638 1829 3082 2551 1605 2619 1867 1905 582 1288 1076 145 202 376 1800 915 2412 
86 2248 2638 40 2544 1086 3403 1700 2387 59 2803 613 341 3115 3467 4655 4376 4155 3681 4665 4192 743 2896 1860 4514 175 1510 2195 3678 2913 2110 4627 1987 2647 3745 949 4039 4858 2016 4198 
1139 266 2267 3412 830 675 1169 4322 1688 743 4390 3064 560 1068 3282 4585 4760 1435 98 372 335 718 2313 4167 2298 2329 4890 1031 2501 2612 1831 3864 1928 2725 303 4268 4261 2135 4032 98 
3385 2635 2138 74 1491 1533 3057 192 633 1714 2524 343 3108 4067 3740 1190 1740 4463 3581 2713 4543 2139 4886 3152 981 2487 3972 2742 2427 4257 47 1655 582 3804 1753 4673 1502 4861 1058 3468 
4336 4015 4663 1871 302 3136 2552 2794 4542 1203 1022 2126 2177 1777 2951 3693 4560 813 2408 2753 1448 1190 2617 4030 2873 2120 1044 2951 3519 936 4004 4506 3006 3212 4523 4889 1781 1858 650 4679 
2140 3825 3036 328 1990 3542 1886 2969 718 1305 4791 4508 4697 2812 4170 4211 3039 702 2139 4247 4568 146 2462 300 4579 2405 1636 2039 2918 2573 3993 3444 2193 582 2617 1053 1648 2990 3109 2011 
872 2377 1157 2554 1859 398 4486 4237 1781 682 4440 306 2284 4259 1931 3052 1583 1090 2572 1841 3657 1711 2547 305 36 3983 2900 4779 1917 4798 1008 4525 4214 735 2824 4652 3314 2108 1058 835 
4284 103 3715 4063 2652 3019 1262 707 4751 4163 3187 4075 4311 1394 454 1134 349 1309 2163 4023 316 382 1157 2539 2531 996 749 2883 2238 1107 275 768 3298 3836 2207 1451 4467 1369 1696 2022 
4365 2749 1485 905 2581 2666 3328 3033 854 4335 4547 4368 688 625 575 2483 964 2027 3507 4776 1640 3705 431 3122 2648 427 368 2434 4624 3798 2425 4447 1419 345 1913 3712 1597 4843 1873 1723 
1739 2294 2607 2602 4407 1241 3502 3479 783 4105 2998 1958 3415 4824 452 2408 2770 3866 4523 171 4628 4817 2283 2436 810 1003 1278 2563 4490 1200 830 162 1602 4255 285 396 2795 3260 4097 1375 
2992 2604 171 3732 3527 3889 63 2693 2169 3479 1456 4892 3634 252 2662 1888 855 3628 389 398 383 367 150 3691 4424 4333 2807 4494 178 438 4666 3788 3355 2516 2587 3279 3116 2342 1163 3559 
103 3252 2817 611 2506 4670 1848 1509 3631 2404 2225 4348 612 4861 1885 1699 3269 2021 2909 3638 3860 2190 818 2279 3355 4780 3590 3888 1224 2391 636 1976 493 3574 2565 1060 4211 1428 388 4793 
2042 3145 1525 3571 2671 643 3610 4419 4401 4144 2584 614 619 3854 2136 4556 2763 3654 1919 2307 3460 2069 3987 316 2359 3803 4221 3946 724 1740 2777 3840 2407 1671 109 2223 4375 1792 2870 2543 
3634 3545 1757 1422 3039 2274 179 4195 3250 4896 2935 2719 2474 1326 993 879 1279 1167 361 336 372 2082 772 3588 4178 2608 3816 4641 4560 3313 2849 1566 3104 3090 2880 773 3953 2810 1413 590 
3410 1081 1474 2544 3766 4453 1392 1649 1870 678 2321 4865 2491 1608 2035 3181 479 216 1075 1763 101 3762 4564 3457 4765 1700 2060 3108 726 3074 2559 526 4814 2041 229 3972 3719 4113 3188 3075 
2103 1781 2540 3869 2720 1203 1192 3049 4375 4537 1496 2864 3752 4605 290 4247 211 1208 1004 749 1145 2392 1473 1383 4591 2824 4855 2208 3154 916 1385 1376 3333 920 1814 2745 4406 3754 1124 3423 
2857 174 2185 4826 4419 991 2499 2651 923 4645 596 2264 1155 2686 4341 54 3927 1887 698 4355 2509 4605 2845 2673 1960 235 3486 1035 1849 946 1183 4074 265 4290 4291 1824 2151 3163 536 110 
1143 1041 592 3270 3000 785 4713 3099 3097 905 4249 513 3149 2177 3167 4044 1915 2781 3957 3032 3960 486 1330 368 4122 3334 1368 1139 262 281 1813 2057 767 460 545 2547 304 1562 2953 3818 
2616 913 3126 4709 96 720 4004 303 3866 4072 4021 217 350 654 2598 163 2403 3691 3273 1006 3570 3879 726 815 70 1659 1955 4689 3569 2894 2411 4649 718 4567 176 3947 485 2883 2185 1808 
558 4452 1825 3917 2141 369 3883 2711 828 260 2477 3970 3171 4342 2704 3810 553 167 1840 4377 3198 1444 1930 1595 1859 34 4907 1588 4044 3166 4581 4489 2764 3088 1758 786 707 692 4856 3299 
2571 154 413 2081 1630 2115 480 4215 2113 2494 2235 1267 2349 4577 4271 4170 1944 4904 1642 3150 4405 135 85 307 2780 2989 59 2616 1134 2648 304 4014 3908 3526 739 2508 200 923 583 1821 
1441 2363 1318 1420 2010 4289 1263 2675 4185 3530 2198 3337 1429 69 1418 3629 2825 2556 1056 4272 3009 1372 194 1222 878 319 3832 478 1967 2236 2062 628 1447 2266 457 343 1993 1372 4283 399 
1871 3189 1793 3691 67 2219 4866 442 580 3044 323 1647 2029 1084 1961 3689 2075 2541 2507 2443 1518 937 927 2763 2299 1946 2680 1563 3167 1397 2453 2941 1580 3272 4772 2070 641 4904 234 1674 
449 2562 3371 1050 2645 1882 3224 2910 3465 4271 3457 1466 334 1835 725 3621 3504 2806 2582 2120 1103 2125 473 3859 3502 4898 2568 2948 147 3029 1632 4658 1540 1090 1455 409 2519 2473 1023 3475 
3625 1677 920 2842 3811 3089 4731 2940 2300 3742 1938 3793 552 1741 3765 946 2592 2152 1874 4447 4592 1521 1081 4805 1576 1825 2512 1112 2714 4114 2085 754 609 4474 573 1930 4803 464 4470 2385 
3078 3094 2061 1040 1742 3416 4856 3928 751 3947 153 1285 3342 602 1747 3616 2028 3950 4522 1458 4406 1085 12 3911 4740 4497 548 2427 2688 2608 3763 4374 3531 1837 2270 4475 2607 1493 378 4190 
627 3212 1567 3656 3513 1874 3397 3209 4679 1530 4391 1148 1922 1790 2696 1339 3625 4299 3075 1550 4067 3459 4796 2314 1625 3079 4488 1860 2234 3192 4393 4524 646 1210 4732 3431 1871 940 3786 2076 
4501 3229 3169 2088 1503 2080 2155 823 1894 2884 2849 956 180 4872 316 1475 3796 3001 4372 3629 638 2553 4144 1103 1060 3669 1495 387 2064 846 1260 1863 3373 4256 2678 625 2091 3896 4405 2323 
3369 2250 1122 4179 4349 1272 1352 1882 69 2609 3253 1434 4664 4590 336 981 1432 3454 1443 256 3680 2243 3491 674 509 3635 3378 607 1840 846 1739 1393 4252 470 1422 597 2448 4735 2461 2027 
4113 1118 1715 1412 812 1679 4533 1618 4233 3646 3728 4210 2329 4583 3136 2306 3720 3099 3453 3163 956 4202 150 3610 2242 692 1592 4521 2597 2693 2095 3822 1403 361 4193 4789 2786 168 3489 1026 
75 2664 4427 4452 747 3633 3719 2199 2698 2312 4018 2616 860 1522 3864 1044 1976 1763 1760 2410 2782 159 4602 4060 1525 616 294 4392 2269 4112 3095 4249 3161 198 219 656 1527 18 2639 4020 
2326 210 860 3213 4574 4698 1106 3835 2093 4781 3731 4209 3794 4385 3839 1807 3493 2569 1249 2002 4225 232 59 1658 4664 4374 3087 2910 1079 4085 4801 3170 3313 2470 1896 2787 3632 1229 92 4414 
3127 1272 1804 2820 3806 939 2325 2129 1499 691 4082 2425 4619 2904 3806 2375 832 943 2355 1596 4408 2799 3179 910 3649 811 1760 2137 522 4717 2540 1735 1920 1791 4211 3384 3957 4509 2206 1423 
1682 2350 1115 3883 3676 2366 806 326 2714 2092 1436 2195 1922 1353 4692 119 1298 2507 1715 942 2946 3694 2909 2238 1967 2043 1892 4802 481 3132 2356 3395 928 4038 486 4340 747 2352 3424 311 
3015 3385 1914 2512 1362 2318 3418 2277 3000 2333 1385 4686 4605 4764 3565 2434 477 4141 2179 2071 2542 1650 1588 1949 1191 3133 3797 4147 213 156 2000 1207 2971 727 3550 530 2161 701 4023 765 
4907 4740 1522 3428 1519 3482 1769 2120 1167 4778 19 4553 2309 2686 3111 4503 538 1078 4594 111 3913 2217 1444 4891 1257 3649 612 3486 421 4742 2322 4801 3845 3140 3087 776 4656 547 2391 4115 
3774 4228 4312 1561 146 3549 590 2636 124 2888 2758 394 4789 1724 272 1886 3712 824 3927 3871 23 4028 1358 891 4897 4536 2665 4901 4800 4525 2451 519 4601 1871 1782 2675 1633 4166 4650 2755 
2587 3186 535 1435 1364 1560 248 2343 4892 303 463 766 457 2535 4214 3715 813 1457 3798 1168 2338 1500 1381 4303 3180 2747 469 883 1110 1530 1989 4087 1871 2854 4678 391 3639 4152 2568 4531 
250 2384 2333 2784 580 3896 3143 428 1641 3936 147 4397 3970 4344 2714 3720 361 830 943 648 744 85 3931 2396 3672 2421 428 3914 1025 2565 358 3769 4439 3091 3926 2855 3593 2791 4228 3989 
1893 4098 3977 4545 1050 315 2301 1240 2529 2727 3047 3091 1425 3726 3087 4729 3010 1567 205 3845 84 2208 1801 2572 2239 3797 3960 3225 3653 2064 4262 4825 2824 785 2373 1815 3047 2783 2247 4716 
2548 3609 4070 2213 4682 4130 4760 1283 2228 4753 437 3132 4712 4571 591 2425 3611 2455 4262 2483 3099 1662 3160 2101 1642 896 2867 3791 3631 1272 1576 165 1121 3555 3031 1932 1131 4609 760 2198 
811 3585 3305 3783 2434 1983 1507 1682 1974 768 4876 3416 1514 3506 2889 1935 1547 2360 1908 4194 1888 937 2822 4185 4885 634 1302 48 4239 1090 3250 2073 1136 4489 522 931 931 2998 3114 4493 
20 22 4
22 6 24
24 17 28
25 28 17
3 35 2
42 10 40
39 22 17
31 11 37
7 29 20
23 17 2
12 12 13
42 16 1
10 5 6
23 27 39
2 21 31
1 28 17
25 32 7
15 24 38
23 30 5
24 36 16
16 23 31
10 33 14
17 20 35
18 7 20
19 14 27
38 4 39
36 35 8
3 1 39
4 28 13
18 34 6
41 30 6
24 15 18
5 25 25
41 16 14
24 22 39
12 20 24
25 5 9
33 12 21
38 10 6
18 30 27
3 14 9
42 12 30
19 30 36
32 38 3
10 38 12
16 18 30
30 34 12
3 33 33
13 11 6
10 36 8
22 26 18
8 16 27
24 32 4
3 30 12
17 5 36
2 27 38
41 14 33
22 20 7
37 19 23
36 22 9
42 23 2
10 24 27
19 36 28
14 12 19
18 35 12
26 34 19
1 9 40
25 1 1
3 14 15
14 2 15
14 15 24
25 10 14
5 20 1
6 30 7
3 5 36
29 32 25
10 25 8
26 27 10
33 16 17
10 2 29
32 12 4
20 37 22
24 30 12
27 2 19
27 4 35
39 24 35
2 30 19
24 30 37
6 9 26
6 15 12
27 32 26
9 13 33
7 24 36
15 1 40
38 6 22
2 14 21
7 34 12
18 4 9
19 15 34
30 9 8
41 20 30
30 29 35
5 18 26
18 7 39
8 34 14
26 7 32
19 31 24
21 8 30
37 19 13
9 21 9
26 22 14
12 1 36
24 23 31
34 30 33
40 7 26
12 5 3
34 37 15
12 34 8
19 23 33
4 32 5
12 9 35
40 9 8
21 35 21
37 7 4
35 5 12
3 17 18
26 12 33
5 9 4
33 4 6
13 38 31
33 7 30
2 34 20
22 25 3
19 1 5
3 24 4
17 2 3
10 32 30
31 12 9
34 36 24
31 13 26
40 30 21
2 26 26
19 8 3
6 20 13
21 31 27
37 7 6
2 14 37
13 7 29
4 15 14
19 23 15
27 14 5
34 25 13
35 3 20
5 29 12
19 4 26
34 21 39
36 3 40
15 21 20
33 38 38
28 35 31
20 16 15
28 26 28
27 4 37
40 28 7
35 28 29
31 9 40
36 17 28
14 7 16
23 17 14
25 2 16
33 13 39
4 29 5
22 34 38
42 36 8
17 37 20
22 1 18
36 1 20
6 16 31
32 30 6
19 14 31
23 19 12
2 38 21
18 29 21
37 11 6
31 4 19
2 28 27
29 2 39
19 36 23
9 25 6
5 38 16
20 17 31
9 22 17
32 33 5
17 38 35
4 26 30
26 28 9
16 33 35
12 17 6
2 12 12
19 23 27
6 34 26
22 7 40
3 15 14
31 30 11
27 35 19
11 6 32
23 12 19
28 29 24
42 27 5
30 37 1
8 13 6
8 2 36
42 31 29
36 16 39
32 33 15
42 2 3
3 27 25
42 30 28
14 37 8
19 14 37
27 34 38
16 23 34
37 13 33
17 33 39
5 25 10
1 24 25
13 37 5
13 37 40
31 12 2
12 15 18
22 3 9
42 11 37
27 1 25
39 22 2
8 16 17
8 7 13
42 21 10
29 11 31
16 21 15
11 1 26
11 32 26
35 31 17
26 14 2
38 18 18
33 22 35
39 23 33
4 25 34
34 35 27
39 3 34
41 29 34
18 2 14
20 13 1
26 25 10
5 13 7
40 8 39
15 4 2
37 15 19
3 16 35
31 32 2
31 18 26
23 8 37
21 33 26
3 27 38
34 25 26
7 3 39
9 15 36
35 16 22
13 7 36
2 7 20
32 32 31
20 7 32
37 25 40
37 12 32
13 30 13
29 28 40
24 35 12
38 18 25
36 1 24
10 3 29
38 5 3
25 3 22
34 3 23
11 6 26
14 34 7
15 33 20
42 4 23
7 28 13
41 2 5
23 22 35
34 32 37
15 2 23
35 14 1
31 10 13
32 9 4
9 12 38
15 5 24
28 31 27
42 29 11
1 23 30
20 27 14
9 4 29
20 17 17
20 22 22
19 29 33
15 15 20
12 8 17
40 11 8
22 1 34
14 17 22
19 26 13
11 5 13
30 36 35
34 14 11
22 21 31
38 28 20
16 38 19
16 36 37
28 11 30
23 22 8
26 28 36
5 12 28
5 33 10
16 32 36
24 14 32
42 29 19
30 12 2
15 23 1
41 11 27
17 28 32
24 25 30
41 29 37
6 36 18
21 12 34
25 30 36
7 26 35
40 33 18
4 29 30
17 35 35
19 14 8
18 9 4
28 38 16
18 35 31
31 9 35
2 26 40
21 38 26
39 12 6
38 5 35
4 6 26
5 22 6
39 32 23
3 14 22
40 26 28
32 15 11
28 34 18
40 25 31
8 15 30
23 35 22
28 12 35
8 11 20
13 36 36
29 29 25
30 36 17
36 13 9
25 36 15
9 7 40
9 25 35
42 12 34
24 2 40
6 23 30
1 9 18
30 29 13
32 25 13
39 16 29
21 27 36
12 3 2
23 10 2
27 36 22
19 2 3
13 35 32
42 12 1
34 23 28
24 20 12
2 33 24
8 7 22
38 16 10
14 5 33
14 8 2
29 19 19
40 13 16
39 11 32
9 33 1
41 23 2
39 36 31
25 27 30
41 8 33
35 28 31
2 22 5
20 16 27
28 15 9
37 20 21
10 35 12
30 23 1
1 34 19
7 5 25
27 21 29
35 2 24
13 12 28
25 21 30
15 5 24
13 18 25
42 23 11
31 32 38
25 12 2
6 18 31
2 20 23
17 3 1
10 16 7
38 3 29
7 27 27
17 4 7
25 30 27
5 25 28
26 29 18
25 10 2
32 23 37
1 36 27
7 13 30
39 19 9
13 10 12
28 22 32
6 20 12
17 17 2
8 6 11
6 1 10
34 4 4
18 18 2
11 24 18
21 27 30
36 35 36
13 11 31
11 21 28
34 38 32
9 26 8
18 2 8
5 31 35
6 31 40
40 7 35
11 19 26
13 20 2
38 11 24
3 12 28
3 15 30
37 11 36
38 38 9
20 20 38
41 10 2
32 21 21
39 12 5
18 36 7
23 38 37
21 17 34
15 27 22
30 37 6
17 30 1
19 4 28
2 6 21
16 14 20
19 4 30
29 19 5
12 4 17
3 18 13
2 10 29
8 27 4
40 30 4
8 27 34
16 27 33
40 33 15
17 28 40
6 37 18
37 8 23
6 37 23
36 17 36
22 38 30
34 34 9
6 12 7
1 3 9
1 18 18
24 20 16
40 26 35
5 9 26
34 31 32
22 18 22
4 23 5
42 19 36
24 25 9
35 30 6
35 38 25
23 12 10
36 6 12
24 30 17
7 36 36
37 18 15
20 33 25
35 17 15
41 15 19
14 34 11
14 31 14
34 35 9
30 27 6
27 33 33
9 26 13
40 29 8
7 14 5
27 27 23
37 19 25
34 21 9
23 15 36
17 10 13
13 14 14
10 1 7
1 32 16
9 12 8
25 34 25
3 19 22
23 24 6
26 8 32
14 21 34
31 14 5
28 37 26
31 38 12
16 20 6
5 24 7
15 15 26
3 15 32
33 10 13
13 28 8
27 18 16
6 33 14
16 16 18
5 11 16
1 14 40
21 19 37
25 6 19
7 12 17
18 7 16
9 3 22
30 23 5
33 32 39
15 32 29
27 1 33
42 20 14
5 20 29
19 28 9
38 33 18
28 1 29
36 8 14
26 1 33
38 10 21
4 12 17
30 34 3
3 19 22
16 19 25
26 22 33
11 20 15
28 29 6
17 17 14
41 9 34
30 26 6
33 5 40
28 10 38
1 4 28
8 8 19
6 5 10
23 24 22
32 1 37
39 20 35
1 18 6
19 12 25
17 23 11
3 7 14
12 28 35
27 30 29
26 4 24
39 19 24
1 16 39
18 30 3
6 4 26
23 35 9
36 28 9
18 6 15
20 1 19
26 9 33
25 17 40
2 31 14
17 3 16
42 22 36
37 26 18
40 6 14
16 5 31
15 27 26
6 14 35
33 32 29
23 36 27
41 19 22
17 8 4
29 30 32
17 27 6
7 20 20
34 33 2
17 36 20
41 6 25
30 22 5
17 12 26
29 34 11
31 23 9
18 10 25
29 28 31
12 26 17
12 15 28
27 27 5
19 28 6
7 21 26
7 19 8
31 38 25
38 3 32
13 29 37
30 11 32
22 38 28
1 33 22
19 4 10
11 33 13
2 10 34
20 23 13
37 23 9
39 28 23
17 11 29
13 25 17
36 13 18
4 24 21
22 20 16
14 32 4
26 19 10
9 7 35
37 24 32
39 17 10
23 4 16
31 28 33
2 21 16
16 5 26
9 6 21
26 2 26
15 20 33
8 11 1
8 24 30
22 15 9
39 4 8
38 18 8
17 21 24
39 5 23
31 3 18
16 28 11
23 19 19
25 26 10
6 19 5
34 23 28
37 16 36
6 37 3
22 5 13
22 28 28
36 38 16
42 26 14
31 13 37
1 10 39
37 6 29
37 10 35
29 25 9
24 12 27
38 38 29
25 16 21
39 8 33
19 30 39
20 17 1
15 1 32
36 14 15
33 7 37
34 30 27
22 1 20
10 19 33
7 4 20
38 7 4
8 24 31
5 18 20
38 12 19
18 30 13
37 17 34
16 6 35
28 29 4
29 23 13
23 20 13
36 13 21
18 8 7
23 21 7
39 1 32
15 10 38
25 1 34
5 14 22
20 38 22
41 5 35
40 24 5
5 31 23
1 38 1
5 3 2
2 32 14
10 9 33
2 1 40
37 29 31
17 17 35
31 19 27
40 4 22
28 6 35
11 31 39
35 23 28
8 18 15
28 32 9
34 18 11
27 22 13
25 37 5
18 18 21
32 13 13
31 38 33
34 3 10
42 23 5
29 9 14
5 34 31
30 35 14
24 13 18
34 2 12
21 1 5
36 33 19
22 12 3
13 27 17
8 25 18
33 38 6
1 8 22
39 38 22
17 30 24
18 35 9
16 19 35
20 37 21
26 14 10
34 33 38
6 16 17
34 31 36
39 29 11
3 34 26
15 24 16
18 8 35
5 35 23
21 29 19
18 28 31
37 15 1
35 6 5
35 14 11
20 32 22
10 5 28
36 10 26
30 7 16
14 21 14
14 27 26
42 26 39
21 7 14
25 9 29
24 6 32
36 22 24
17 24 11
7 16 23
18 11 38
21 11 28
25 14 7
21 26 21
28 34 37
35 25 8
40 16 3
34 18 12
17 3 39
9 36 36
29 35 39
25 38 38
10 15 15
23 24 25
22 35 17
29 25 3
42 21 7
14 29 20
42 2 37
38 14 9
14 28 24
40 28 4
23 16 40
39 28 26
42 3 16
37 5 17
31 17 39
20 35 3
17 22 40
5 14 33
38 3 21
2 33 32
33 7 40
1 17 13
18 17 10
40 34 2
9 24 24
16 28 8
5 16 39
26 4 6
40 1 36
32 22 21
42 22 35
3 11 38
13 22 35
40 4 16
27 10 24
1 14 18
30 6 25
18 17 39
32 20 40
16 7 39
3 32 23
27 1 33
12 36 3
16 6 24
10 31 37
31 5 10
15 28 14
20 23 33
37 22 16
40 8 28
1 26 27
20 5 5
23 34 40
31 10 38
5 36 33
13 29 33
20 26 37
15 3 14
39 31 31
1 29 1
13 13 10
31 1 36
34 27 7
31 19 35
33 11 39
18 5 18
6 27 3
37 15 20
31 33 8
31 27 34
17 9 38
1 24 40
40 32 29
25 16 25
25 25 29
25 36 17
30 6 21
27 17 39
19 20 1
4 25 22
42 4 27
8 32 38
21 17 29
41 10 33
16 34 11
27 9 39
11 21 19
41 21 10
26 15 24
9 14 9
24 37 38
4 29 40
40 4 24
29 33 33
32 27 22
12 38 40
36 10 13
16 8 21
6 4 38
41 38 25
38 8 29
12 4 23
42 1 13
38 10 30
37 30 16
27 2 25
17 12 31
15 12 2
14 6 25
24 9 3
19 28 33
21 14 9
35 34 18
32 31 38
32 35 20
22 16 3
1 27 12
31 27 21
32 18 36
42 13 39
32 3 27
32 33 1
7 5 6
29 34 6
8 7 36
5 4 26
19 30 14
20 30 8
32 7 23
28 32 6
14 36 1
11 33 20
11 21 21
17 32 23
30 34 25
6 36 13
10 20 9
20 17 16
29 36 28
31 10 9
14 3 14
40 15 25
22 35 22
5 6 4
29 12 16
8 3 29
31 8 23
18 17 14
28 2 16
15 12 32
19 9 30
17 5 8
8 11 15
42 2 37
41 34 7
2 3 30
19 29 1
11 3 35
41 10 19
8 21 38
8 24 18
12 14 33
37 28 35
34 29 1
17 9 2
12 11 32
16 35 15
14 6 38
16 9 10
40 10 28
19 28 26
35 17 34
38 13 3
33 22 6
4 31 10
29 36 34
21 16 19
6 33 39
39 8 15
29 33 21
11 4 17
27 38 9
23 29 30
29 13 16
41 16 28
18 16 35
16 6 7
23 20 27
30 14 28
3 7 9
25 9 28
11 16 19
34 4 11
7 33 5
34 8 7
14 29 2
6 4 35
19 7 39
6 19 20
1 28 35
10 4 17
18 8 6
4 30 36
25 14 19
28 11 24
28 38 24
31 4 25
13 36 37
27 3 17
23 22 22
39 8 27
15 4 37
20 1 37
11 1 15
28 29 14
22 22 9
27 24 31
26 30 19
17 6 4
33 31 6
23 32 23
26 3 34
27 17 9
40 24 10
10 22 17
11 10 9
13 6 8
28 19 36
19 4 33
29 27 22
26 27 31
32 22 9
8 8 15
14 15 13
38 20 12
1 25 10
33 25 13
8 34 35
7 16 19
41 18 2
40 25 23
28 12 38
33 27 9
11 35 27
21 30 14
15 14 25
40 6 7
34 26 30
11 34 32
37 18 6
14 32 18
31 24 28
42 32 25
23 5 29
37 18 13
18 24 32
41 38 17
33 34 29
26 10 24
27 30 28
16 12 16
5 36 29
2 5 30
5 35 21
15 35 6
6 32 6
40 5 9
22 34 35
1 32 27
31 35 9
29 22 32
10 7 9
32 27 35
28 11 10
7 15 24
1 6 15
20 11 27
36 9 18
17 4 5
36 31 29
31 9 7
16 1 24
31 19 11
18 13 13
39 11 29
37 3 16
31 1 15
24 15 22
37 11 37
38 2 19
42 10 20
7 17 11
30 36 17
23 29 25
36 25 28
1 22 1
36 6 29
19 6 11
42 9 27
24 12 40
13 33 37
13 2 11
28 6 30
4 19 28
24 4 3
7 26 10
7 15 18
7 22 40
37 20 5
37 1 31
24 33 20
38 3 16
16 18 29
11 5 18
20 23 13
22 6 38
29 16 20
5 33 39
9 27 7
2 35 10
31 17 9
22 3 2
35 16 27
25 14 1
16 38 3
3 22 36
20 31 2
19 22 25
23 12 9
18 22 2
39 34 22
28 5 30
13 7 6
28 21 37
17 7 4
9 8 19
27 4 15
12 28 32
38 1 35
30 10 40
15 12 11
19 12 29
19 10 19
38 6 15
26 36 11
13 26 11
13 34 24
24 12 6
34 32 22
19 33 12
31 29 15
27 3 9
1 2 32
13 18 40
12 5 7
10 30 11
18 30 37
40 27 20
10 5 35
14 2 38
39 38 27
16 8 21
11 33 14
17 29 24
19 2 17
35 11 33
10 8 34
15 19 29
42 4 2
36 3 19
1 11 2
34 34 29
27 37 13
24 10 12
26 8 31
21 17 31
1 25 24
26 6 27
18 29 39
5 24 1
6 30 24
15 11 20
17 12 12
32 25 10
7 27 12
3 13 33
42 35 1
12 2 33
5 35 17
30 32 27
32 32 31
23 15 18
12 16 3
27 22 29
38 3 35
38 23 15
4 37 17
29 7 37
37 18 3
2 2 32
30 12 25
34 8 15
24 7 8
30 21 2
36 18 28
16 8 31
27 22 23
8 4 24
30 24 16
25 10 31
20 33 12
13 9 20
7 37 14
15 32 21
16 26 34
13 23 21
30 6 25
11 4 31
39 20 16
38 9 22
13 18 26
19 25 9
20 35 34
17 18 7
5 30 18
33 13 11
9 14 19
22 30 27
39 19 40
39 6 11
40 21 5
23 20 12
12 28 39
37 16 10
5 31 26
42 24 7
2 25 31
27 19 39
27 6 30
39 26 23
31 17 28
10 32 33
28 34 19
26 26 28
20 9 7
3 21 13
28 2 35
27 24 35
1 13 13
40 14 9
35 12 30
20 14 24
7 19 3
22 34 5
10 5 4
8 14 16
33 1 16
39 10 4
17 14 13
28 20 15
32 2 14
8 38 8
34 38 38
41 7 14
17 21 40
26 28 37
5 1 15
2 3 38
37 33 39
20 22 36
12 4 12
35 30 34
39 4 14
31 36 11
10 31 3
39 2 27
32 30 11
25 4 36
3 14 24
1 2 7
7 29 11
29 8 5
24 1 17
11 25 21
37 21 35
15 24 10
23 24 38
2 10 30
18 27 32
17 21 26
37 32 1
42 11 17
13 18 2
23 29 21
28 17 29
33 31 13
39 22 12
22 15 37
22 6 23
31 31 1
29 26 2
14 15 29
39 17 1
8 4 12
1 3 38
2 10 33
4 3 37
33 26 15
28 20 4
35 1 33
13 19 14
1 29 7
36 9 22
42 23 30
37 25 17
10 7 34
39 30 11
21 20 11
27 21 2
9 16 17
2 14 28
27 10 1
12 7 15
33 22 40
24 6 30
3 10 10
40 28 29
17 37 23
6 1 7
21 10 11
28 5 24
16 19 29
27 2 26
12 34 35
38 36 20
27 24 36
32 29 34
4 27 37
33 13 7
38 27 30
12 26 34
22 22 39
26 19 27
19 19 18
40 26 22
37 2 27
17 22 20
7 24 32
16 2 11
3 30 9
8 38 16
8 25 36
3 31 24
13 5 27
16 2 27
26 31 32
3 5 30
35 30 15
35 24 21
12 12 26
5 23 39
25 27 27
12 25 4
2 16 30
16 23 5
17 38 19
12 5 8
33 4 18
24 34 22
37 12 17
26 11 19
39 12 14
25 27 18
5 17 20
12 14 18
15 20 23
1 13 18
28 21 1
38 38 12
39 16 15
23 12 24
14 1 29
37 10 25
21 35 18
36 37 35
28 20 3
16 13 34
12 15 22
31 30 4
1 12 40
42 13 10
38 14 25
22 27 24
39 26 32
1 33 16
36 26 15
27 3 21
23 20 36
30 24 40
34 33 14
12 22 8
5 14 20
6 25 19
23 31 34
16 15 24
7 3 40
31 36 20
13 13 27
3 8 31
1 32 40
32 25 2
8 2 20
39 14 29
22 17 39
23 9 20
24 3 17
32 33 18
12 29 38
23 21 7
38 8 38
29 12 29
18 22 23
38 30 13
13 13 23
25 1 8
34 1 3
39 1 12
36 30 35
15 12 38
16 27 34
23 29 33
23 29 37
9 8 20
37 29 38
32 29 22
29 9 7
9 4 5
33 37 39
31 34 12
1 28 6
35 21 13
15 28 26
28 26 11
3 25 26
8 29 19
40 17 25
20 4 34
30 9 20
3 25 33
34 18 17
40 4 2
14 6 25
22 4 40
41 28 24
40 23 11
35 16 26
14 10 10
15 38 14
15 26 32
38 9 4
37 6 3
20 29 14
13 14 26
33 12 31
15 35 33
30 26 16
30 34 27
3 6 22
34 25 26
22 16 25
30 10 40
6 4 24
40 1 14
14 35 29
30 29 31
18 30 23
28 2 26
16 7 8
32 14 23
29 32 4
29 12 10
7 22 27
22 8 6
35 6 22
32 18 21
34 8 16
4 32 36
39 5 40
41 6 34
2 6 6
6 32 16
36 17 15
17 33 1
39 22 8
8 32 25
24 15 16
2 5 14
34 15 9
9 12 32
40 22 2
25 37 16
15 14 28
28 3 25
10 37 3
29 22 34
32 31 3
20 24 2
2 24 10
40 3 34
28 25 18
12 36 38
7 18 11
23 6 4
41 2 28
16 28 31
41 9 22
18 28 38
13 18 11
33 25 25
17 37 9
30 30 5
31 14 1
33 22 16
4 4 28
37 23 11
1 1 27
7 19 22
6 29 8
27 14 36
24 19 14
38 14 8
10 14 8
22 9 14
42 20 31
40 3 26
9 32 24
28 1 14
24 31 3
27 26 28
14 7 8
33 29 31
22 34 14
22 24 8
29 25 33
28 36 30
7 13 15
15 19 16
32 34 5
4 15 14
27 25 30
37 12 5
37 17 36
28 5 7
33 4 5
14 30 26
10 18 1
36 11 2
8 7 13
39 4 21
36 7 23
26 16 24
16 5 18
21 28 11
28 23 2
3 15 21
18 36 31
23 4 27
35 9 33
4 25 28
9 26 17
29 31 12
2 36 40
5 1 26
29 16 36
1 34 13
29 37 15
11 2 14
32 30 32
33 28 23
1 29 25
4 24 29
14 31 8
4 17 10
17 5 22
7 29 36
27 5 5
39 11 17
2 9 38
35 25 36
14 36 10
15 28 40
18 24 16
32 22 40
24 29 16
32 4 18
15 18 10
29 24 30
28 19 23
23 11 21
18 35 4
41 6 9
10 11 1
36 31 13
23 25 2
25 38 30
12 36 23
31 28 8
42 14 6
8 35 9
9 16 31
25 31 38
7 21 18
35 4 24
8 34 31
23 22 2
18 7 26
4 36 15
16 8 11
9 1 23
29 11 27
30 19 18
8 33 16
9 33 32
18 30 25
36 13 18
29 1 38
23 38 20
26 9 24
11 10 15
37 32 40
34 28 18
4 23 25
33 24 6
2 21 14
19 18 23
39 20 21
5 12 20
15 17 29
37 33 32
16 34 25
22 27 5
25 37 29
22 9 28
40 7 25
24 34 5
22 23 13
25 36 13
2 37 39
32 32 16
32 5 35
21 27 37
8 4 39
25 12 17
5 12 9
41 24 28
42 26 10
14 4 23
3 28 25
18 37 36
41 20 27
39 35 16
27 24 3
40 17 22
41 20 39
16 9 9
3 21 35
8 21 24
33 15 28
30 37 23
34 9 16
42 9 33
18 16 24
24 16 2
15 1 26
34 31 3
28 3 31
18 29 14
21 33 35
38 15 1
11 37 13
30 6 6
18 6 31
19 21 39
5 4 29
33 2 1
3 29 28
1 16 3
39 32 19
14 17 11
20 18 40
9 30 24
17 29 31
9 34 37
17 35 18
22 19 27
30 27 32
37 22 25
40 3 33
6 19 23
41 15 18
30 6 12
21 22 19
5 26 22
26 34 20
39 37 9
7 26 20
36 11 10
26 36 39
15 24 22
38 8 6
34 26 13
36 1 8
5 27 14
10 20 14
39 11 31
27 13 18
40 7 15
35 14 12
39 29 32
34 15 4
2 11 24
10 37 1
39 8 2
38 4 7
12 27 28
19 28 7
22 10 15
16 7 32
12 31 4
10 9 10
23 27 8
29 31 39
4 19 15
21 12 30
14 34 31
35 20 37
41 27 10
2 6 28
14 32 18
28 22 11
36 14 6
39 27 19
35 2 27
8 27 3
5 28 15
6 8 22
6 21 3
24 22 12
32 2 19
21 35 23
11 13 20
25 25 7
10 21 12
18 8 32
42 27 13
9 12 21
21 2 40
30 3 22
41 8 3
21 18 40
36 28 14
9 17 4
5 32 6
34 4 34
4 15 30
34 32 23
26 23 13
32 22 16
21 3 22
33 34 37
21 10 10
9 1 7
19 29 21
19 30 29
25 34 6
21 38 26
26 35 36
39 2 12
39 10 32
1 12 3
22 14 2
8 30 25
15 10 39
14 30 40
38 38 9
18 15 17
25 25 27
37 3 26
13 34 28
13 38 18
3 26 27
11 19 9
4 3 28
35 21 37
22 24 20
24 9 9
5 30 34
9 15 24
30 2 14
42 5 19
24 28 4
21 30 11
30 5 10
14 37 17
31 29 18
15 29 35
34 31 6
7 8 19
7 2 23
27 5 4
21 25 24
42 17 29
11 38 3
1 15 8
21 30 34
4 30 9
21 14 8
28 17 10
20 25 7
25 20 11
11 29 29
38 4 29
10 6 11
11 21 29
31 13 37
9 15 17
6 27 19
10 14 19
37 3 39
10 18 35
23 23 18
1 10 40
33 21 18
27 24 18
12 7 32
4 17 6
21 37 14
12 8 15
31 36 9
24 9 35
14 27 6
34 6 38
7 3 34
17 28 35
40 6 4
16 28 27
14 37 23
15 32 10
5 24 9
24 21 10
31 4 33
24 38 19
12 19 23
24 6 39
25 17 5
6 25 12
9 22 20
3 14 25
2 31 25
16 20 31
30 12 40
29 23 40
26 33 20
25 10 26
25 8 32
42 36 16
17 10 8
16 25 7
10 15 11
23 30 5
26 12 7
40 32 36
2 17 26
14 16 16
21 16 32
9 1 33
42 22 9
16 12 20
19 35 22
15 23 37
41 23 25
39 1 30
4 7 23
19 3 39
14 2 9
36 37 17
32 21 39
31 1 19
6 20 35
28 17 38
8 4 40
2 29 9
13 22 8
8 7 29
38 27 1
15 16 27
42 34 22
10 35 2
26 2 2
24 4 23
35 16 28
9 9 21
26 27 21
23 17 33
14 35 37
12 33 38
30 25 38
41 8 23
1 5 3
23 4 38
16 36 26
37 6 20
13 32 31
16 20 13
10 28 38
11 32 36
8 23 10
41 23 8
31 14 20
14 37 37
10 5 10
31 12 36
39 1 28
20 19 4
19 25 23
39 34 31
30 31 36
34 31 3
19 10 38
16 29 18
11 19 30
39 2 19
18 5 33
25 31 32
35 28 3
4 38 29
14 16 15
10 13 27
12 22 28
24 34 10
36 22 3
36 38 36
27 9 34
14 33 28
15 23 34
3 14 3
24 33 31
32 15 28
18 35 5
21 31 31
2 33 4
12 35 11
16 3 13
41 32 24
33 1 27
36 5 15
12 5 8
41 1 30
6 12 37
12 15 30
1 24 5
31 3 40
11 7 17
34 4 8
27 26 6
38 24 25
30 34 32
22 7 10
23 28 4
25 7 3
32 33 13
3 34 33
30 27 2
40 17 2
7 25 5
38 23 11
26 14 36
34 7 36
5 13 1
36 22 13
35 2 39
42 21 30
16 22 33
32 25 1
42 27 22
20 31 38
17 31 31
20 29 16
26 14 34
18 11 20
16 32 5
17 15 4
34 16 9
6 25 4
11 3 2
17 7 21
5 6 1
6 21 37
21 11 37
33 31 35
8 6 2
15 1 10
40 16 2
1 16 35
37 24 1
27 4 11
41 32 32
1 13 21
19 11 12
11 27 11
27 22 7
20 4 32
42 4 10
9 3 26
5 5 31
36 36 34
25 11 20
27 30 32
33 30 1
1 15 40
21 38 40
7 26 24
30 23 36
29 34 33
24 37 35
9 22 34
33 22 27
26 20 10
1 20 34
12 8 39
10 12 19
5 19 1
2 25 20
3 34 8
9 29 21
37 2 30
12 10 9
22 6 12
1 18 33
11 31 13
32 1 7
18 3 9
7 27 23
24 26 28
1 16 40
11 37 13
15 3 17
36 10 1
28 9 19
8 12 19
35 27 3
7 5 29
12 26 39
26 33 8
13 34 27
18 29 40
28 15 38
2 13 6
41 23 6
10 10 4
6 32 5
32 9 30
28 22 26
22 23 39
15 21 40
42 20 19
3 3 19
32 14 2
24 7 17
6 21 26
15 34 21
6 18 7
5 35 11
18 3 17
23 35 10
15 26 13
26 35 5
9 22 11
8 9 20
34 34 5
33 33 17
22 16 20
41 21 7
18 35 12
21 1 17
38 18 38
30 31 28
32 25 11
10 31 17
4 15 3
8 9 37
14 34 29
1 31 3
41 34 21
31 12 37
14 18 19
3 7 10
23 34 1
6 37 22
15 24 4
15 28 20
1 23 29
22 35 23
23 30 31
3 13 7
25 30 27
21 1 33
38 31 32
21 30 2
35 29 19
41 33 40
15 9 5
38 13 4
12 9 23
10 27 39
10 10 19
20 23 34
7 36 13
7 6 5
4 19 18
22 33 27
11 35 12
10 13 2
37 13 40
16 19 13
15 30 27
1 30 3
8 27 36
13 1 14
3 2 17
10 37 23
8 22 1
32 9 7
15 32 9
9 34 5
2 30 22
23 4 17
25 20 23
29 17 29
34 5 18
35 8 24
30 25 11
10 16 11
30 14 18
41 28 16
8 37 34
21 17 40
12 12 38
33 25 28
8 17 8
20 25 9
30 1 15
27 15 35
17 33 3
22 21 30
29 35 28
36 11 34
19 36 31
28 5 21
13 36 27
4 32 19
29 6 2
26 37 35
2 34 28
4 25 5
21 5 33
6 1 13
36 23 28
31 21 10
42 31 16
8 7 29
16 15 26
8 24 1
23 35 22
23 16 31
4 28 26
35 17 5
5 5 18
37 19 4
7 10 26
9 21 19
12 4 21
2 16 5
26 23 32
16 17 31
34 3 5
30 22 32
22 32 11
35 10 13
18 1 39
19 9 3
31 30 34
13 13 17
24 32 36
30 2 40
29 16 11
37 10 9
8 37 2
8 37 37
25 27 7
6 17 14
5 1 17
8 7 24
32 17 26
18 1 19
23 6 14
28 20 24
8 13 40
9 34 28
16 33 6
26 2 9
5 33 13
38 30 4
14 18 18
5 22 19
30 18 33
19 15 22
10 36 40
20 23 18
23 35 33
35 19 20
25 35 22
1 5 26
10 36 38
39 33 35
13 30 12
1 20 23
38 1 29
8 33 7
25 7 19
34 25 10
30 34 12
32 15 39
37 28 9
34 1 6
21 6 34
7 24 20
16 20 16
4 38 24
42 36 19
9 14 20
14 30 17
38 33 20
7 13 9
26 9 28
8 11 21
11 14 24
5 37 15
37 17 3
38 2 29
22 2 22
41 10 25
32 37 39
19 21 30
27 18 24
3 25 40
21 18 18
31 18 6
3 9 22
24 18 33
41 37 9
36 23 40
27 14 17
38 37 14
32 19 11
8 30 16
20 28 15
18 11 7
15 24 2
9 25 10
31 10 24
35 27 4
32 8 4
7 30 26
10 27 20
19 11 4
23 18 17
10 15 10
8 6 30
32 12 40
24 18 17
42 8 20
40 20 35
38 22 20
28 19 10
35 32 36
37 10 36
10 15 2
36 5 14
31 10 9
37 1 19
9 26 6
1 17 10
36 15 28
20 37 31
36 16 15
5 38 33
16 13 20
4 34 37
20 31 34
38 19 17
35 32 14
36 36 37
31 35 10
23 9 1
3 12 25
36 1 28
36 10 21
1 22 29
13 37 35
31 2 31
15 8 37
16 29 17
9 30 33
32 4 28
24 21 30
30 37 35
11 1 29
32 34 34
38 29 24
3 15 5
23 30 33
26 25 11
31 4 25
33 9 4
5 7 21
14 25 21
12 13 24
32 22 22
2 9 11
39 34 38
9 19 12
42 7 30
19 16 23
14 29 6
41 38 23
5 12 21
18 30 15
21 32 18
32 6 13
29 35 28
31 1 17
9 18 30
17 8 14
6 15 33
32 2 28
28 31 29
26 16 10
14 34 36
28 9 39
1 13 2
5 25 23
29 38 23
7 16 23
15 28 5
15 22 40
31 19 2
6 29 23
34 23 31
6 29 23
34 23 29
41 25 39
19 29 37
7 22 15
9 34 23
9 18 38
42 5 3
33 37 32
6 15 34
21 8 39
15 36 32
8 3 19
41 18 31
31 5 38
32 5 12
28 37 38
5 24 11
14 2 14
6 10 2
37 35 27
30 38 32
12 7 6
35 32 13
27 29 16
9 38 7
1 5 27
10 3 23
31 3 34
36 34 28
32 35 21
38 6 24
4 5 2
4 26 13
18 1 7
19 30 37
26 32 31
8 29 28
19 25 22
19 26 39
23 31 5
7 19 23
8 12 40
16 11 35
9 21 38
24 7 28
41 13 2
13 13 25
29 32 27
29 26 39
27 23 36
32 28 24
10 17 7
15 18 12
36 10 29
21 16 12
10 6 13
36 3 20
41 22 6
34 8 40
28 5 27
14 2 37
40 23 4
28 4 23
13 35 31
42 21 26
30 3 23
26 28 5
33 31 30
16 7 13
40 16 34
1 7 6
1 16 20
10 8 8
3 19 36
28 27 19
16 25 3
20 27 25
21 18 27
19 10 13
32 30 36
9 23 10
42 18 19
27 14 28
30 15 4
10 37 24
1 34 19
26 4 36
4 9 2
17 35 1
20 13 21
30 8 11
20 4 11
28 20 12
34 3 9
24 9 18
19 31 27
17 7 3
35 12 13
2 10 21
39 16 3
10 2 13
14 17 1
36 27 27
40 20 24
9 15 6
35 16 30
13 29 30
29 29 2
39 8 24
31 19 7
34 29 2
40 16 21
9 21 25
7 37 22
16 25 39
41 29 7
33 9 39
39 33 38
13 4 11
18 35 24
23 7 5
3 22 29
19 25 23
12 1 16
32 31 21
31 28 37
31 9 3
38 29 15
4 2 9
25 20 12
11 13 33
40 22 9
14 14 2
1 7 30
23 36 12
34 4 23
41 34 34
33 28 12
12 34 10
24 11 26
41 27 9
39 15 18
20 14 24
25 17 29
32 11 34
23 26 16
42 3 15
35 9 30
19 32 19
11 13 17
40 10 37
21 4 16
12 13 15
1 31 4
24 2 28
3 17 24
27 19 12
40 32 39
30 26 23
10 24 29
6 30 10
36 28 37
16 11 31
8 15 32
6 9 38
11 36 5
27 33 35
38 32 16
6 37 4
28 32 5
31 38 13
16 29 11
40 17 22
31 38 26
34 11 14
31 11 22
9 29 23
23 14 40
12 10 20
16 5 15
15 5 33
13 28 38
37 34 5
31 10 24
31 4 39
13 38 36
39 9 14
3 30 19
1 4 13
10 23 13
8 15 34
1 30 31
34 38 15
40 13 1
21 30 24
16 10 12
27 32 35
12 33 40
32 26 28
28 37 16
31 15 32
30 9 10
20 33 19
35 9 9
20 20 12
2 8 35
22 3 25
8 30 3
1 8 36
8 13 4
15 3 13
36 31 28
8 19 31
21 2 28
21 33 16
10 15 31
40 32 27
33 29 31
19 9 33
30 23 35
16 22 28
36 22 5
16 1 9
35 8 38
24 14 33
25 19 1
19 10 25
41 19 39
25 35 14
2 18 10
32 33 14
9 13 33
19 12 29
2 36 31
30 11 12
37 29 5
21 33 9
3 25 5
34 9 26
21 21 29
40 13 15
1 38 17
18 6 36
14 19 17
20 34 22
39 18 20
30 24 24
14 10 27
14 18 27
29 5 33
37 14 40
13 17 27
9 25 12
37 9 36
7 32 12
14 24 21
14 35 33
32 24 16
25 18 18
30 5 5
29 11 8
33 9 27
6 22 27
7 27 39
40 5 32
7 3 39
41 4 17
37 15 33
29 18 36
33 6 29
41 3 24
20 6 29
19 29 10
13 14 14
35 22 22
4 37 29
2 20 22
14 1 32
13 37 37
28 28 18
39 12 36
12 6 22
38 16 15
23 28 26
24 35 31
23 33 34
41 34 15
42 3 6
1 29 37
1 20 13
6 14 39
12 29 18
7 31 17
13 20 34
33 14 1
30 9 14
17 20 17
36 37 18
21 27 33
36 38 11
5 29 20
19 33 29
9 4 35
25 28 37
14 24 33
13 14 24
20 35 7
33 29 33
22 35 15
13 27 24
42 24 10
13 18 33
10 22 24
36 5 10
24 9 21
28 2 22
31 18 19
4 20 23
20 7 24
29 23 36
13 27 28
42 8 26
19 7 39
20 38 32
28 19 12
3 31 14
39 37 32
36 14 6
17 37 2
7 8 26
22 23 15
3 33 36
2 8 2
21 18 29
22 12 28
6 38 34
30 32 13
41 32 16
7 17 34
16 26 28
23 4 3
27 30 39
15 15 36
5 35 36
10 27 1
35 32 30
36 20 32
19 16 22
11 31 29
29 22 39
34 14 38
31 12 13
33 24 16
7 21 1
34 33 32
14 34 7
11 30 30
38 37 10
14 18 6
3 30 1
3 16 10
34 6 27
8 18 25
40 4 40
6 19 37
26 22 38
2 37 35
3 8 40
6 36 25
35 10 30
25 25 27
29 9 12
31 6 24
3 7 18
9 10 16
23 16 34
21 10 20
13 5 6
21 35 8
41 10 33
11 27 19
28 5 15
3 20 38
6 18 40
3 21 9
38 27 16
12 21 12
35 28 31
33 11 37
26 1 34
34 27 40
41 31 40
11 2 27
29 21 8
19 8 33
3 21 24
34 16 14
7 22 17
27 19 39
22 23 16
41 33 29
4 11 37
10 32 35
40 28 33
10 34 22
4 19 40
9 2 25
22 25 7
28 36 26
32 27 40
8 7 20
39 6 19
35 24 2
41 1 36
31 11 37
4 6 3
18 14 17
28 5 26
39 20 7
20 2 24
15 20 5
10 1 23
33 34 13
24 35 32
17 21 23
33 24 30
12 14 6
26 32 18
35 19 20
29 16 22
21 28 21
18 36 14
4 19 37
4 35 17
35 9 7
32 10 8
16 34 7
10 31 3
27 5 10
25 11 35
12 29 40
37 10 27
38 32 31
3 3 26
38 14 9
42 28 9
32 3 21
30 32 10
23 25 7
22 25 23
7 10 13
20 34 2
11 7 35
6 10 10
17 20 24
15 20 9
6 20 16
5 4 8
12 34 15
36 28 8
10 25 20
36 3 38
13 14 26
15 18 20
34 24 32
36 24 34
31 8 12
9 7 2
28 28 24
17 4 40
23 14 12
18 36 9
27 27 24
38 27 1
19 38 36
39 36 38
5 24 18
19 37 14
26 26 12
2 20 39
27 31 4
39 32 40
24 33 22
39 15 39
42 16 10
28 20 20
31 18 26
3 37 38
20 38 25
8 27 20
11 36 22
1 25 1
18 1 2
19 30 15
19 21 34
26 37 5
40 10 39
3 37 14
36 27 39
15 30 28
38 20 12
24 29 18
1 18 2
19 15 22
4 17 10
40 30 3
19 8 23
31 9 2
11 13 18
27 2 33
31 8 28
12 34 30
25 10 24
34 26 9
27 22 28
18 14 30
23 17 24
38 36 23
2 15 22
13 38 17
7 18 3
19 37 28
14 7 3
18 25 12
24 10 37
38 35 2
22 1 3
29 5 28
16 37 13
4 12 6
28 38 35
30 3 19
26 24 36
29 13 16
35 19 9
33 34 13
20 14 21
34 36 17
14 37 17
30 37 22
24 29 4
38 32 8
5 37 11
14 28 37
25 9 1
26 13 33
5 25 26
31 23 31
41 19 11
31 31 6
32 15 34
32 4 9
14 3 3
11 35 7
6 1 36
32 11 28
9 37 1
30 35 6
7 4 2
33 5 25
24 28 25
21 29 10
20 23 2
14 1 12
37 23 3
38 24 4
8 20 7
19 35 20
35 31 20
36 10 15
34 5 20
18 35 8
26 5 14
17 33 22
9 38 4
17 33 20
37 15 13
5 18 15
13 19 40
39 33 9
10 31 34
4 27 29
8 32 11
16 18 18
10 31 13
34 21 3
14 17 10
31 5 14
9 9 17
19 19 27
41 13 33
30 21 14
23 30 39
23 19 28
2 24 20
35 35 22
5 21 33
36 35 23
36 30 32
32 4 9
17 27 17
9 32 26
15 30 31
26 3 7
10 20 21
4 25 19
5 17 16
10 37 18
34 3 36
38 15 32
34 1 26
23 23 36
12 6 16
24 37 38
37 23 11
1 37 17
15 15 26
21 2 7
10 34 8
36 11 16
31 30 37
30 3 15
36 38 25
4 19 24
1 34 1
10 10 27
12 8 1
37 1 2
13 18 40
21 18 3
23 31 6
2 14 24
35 9 29
10 18 12
8 7 10
6 14 32
35 28 2
38 12 9
40 20 24
5 32 36
3 23 24
23 35 31
17 9 32
10 23 22
14 13 7
7 13 14
2 11 2
11 17 30
37 38 8
25 23 32
40 13 34
23 8 32
32 36 26
27 24 3
22 8 35
25 33 38
36 30 40
12 2 8
17 7 13
32 15 20
22 8 38
36 18 38
15 3 29
25 16 31
27 35 15
10 8 29
14 7 36
3 20 16
38 31 1
11 12 2
18 20 19
23 35 2
15 32 6
35 2 14
13 2 10
19 2 8
17 3 17
13 33 16
10 3 39
15 12 22
6 20 30
39 12 3
22 30 20
20 29 11
30 11 40
17 20 6
11 2 22
28 3 26
29 35 8
26 7 35
7 4 14
15 7 38
22 10 25
16 34 30
32 22 31
32 12 14
42 32 9
16 25 6
42 24 11
12 15 16
29 18 16
33 28 39
38 6 23
36 1 37
40 2 26
9 9 38
21 18 31
22 31 36
9 10 23
8 1 24
12 16 36
26 13 32
23 36 22
1 12 17
19 36 13
7 24 25
8 3 33
2 31 17
38 38 26
14 33 23
34 15 31
41 22 37
18 18 36
10 34 28
30 2 28
6 33 24
25 1 38
21 18 39
25 10 39
38 9 6
7 10 3
9 14 33
12 33 10
13 20 21
13 6 36
12 14 24
40 36 19
29 27 18
16 35 34
38 36 26
9 3 18
12 9 40
24 10 40
2 23 10
29 37 40
19 14 14
17 4 40
35 31 6
13 18 34
32 27 1
9 26 7
14 16 23
16 7 23
33 7 24
42 10 17
5 38 12
16 22 7
29 6 27
15 38 10
40 31 8
40 12 5
22 24 24
18 29 1
25 2 31
33 30 15
4 1 3
33 38 36
10 27 25
18 5 13
28 3 31
37 30 29
28 16 27
36 34 4
7 16 39
20 18 31
40 37 12
25 36 37
13 14 13
11 12 34
18 19 22
36 18 11
41 9 33
11 31 3
23 26 1
33 21 17
14 28 24
25 21 9
20 1 38
3 37 38
38 2 9
38 19 39
18 8 23
36 3 4
12 28 30
9 34 4
38 10 18
38 34 39
11 37 4
5 4 23
28 33 25
1 20 19
14 9 18
16 15 21
18 10 31
9 33 16
21 33 3
42 14 10
8 20 7
20 36 35
8 18 9
11 32 5
1 7 32
4 18 35
9 10 34
12 11 22
23 4 25
15 35 24
2 32 1
9 23 25
18 19 1
14 21 1
3 12 18
9 25 11
27 6 38
2 31 2
11 26 23
1 11 36
32 6 8
29 9 32
26 18 34
30 4 1
40 21 13
31 16 23
5 18 23
15 36 31
6 23 4
32 13 16
17 23 12
34 26 22
15 12 24
18 12 34
5 5 23
24 29 17
17 35 18
24 34 40
34 30 3
30 31 29
19 13 15
9 22 17
13 5 11
27 1 32
40 17 36
27 5 23
20 16 39
18 32 27
41 24 8
11 20 14
42 6 18
3 38 12
24 33 39
19 4 19
23 16 14
34 14 3
34 7 26
36 12 9
22 36 40
39 2 6
26 19 1
22 37 23
39 21 22
18 25 26
17 23 11
25 7 9
39 22 22
41 35 26
37 35 9
9 8 4
42 9 23
16 18 14
6 18 37
21 7 15
8 31 20
12 9 16
9 36 40
22 17 19
38 8 19
10 30 3
17 13 39
18 28 30
35 36 40
10 27 16
22 38 35
4 5 37
12 1 17
32 35 6
24 12 5
17 19 10
41 6 32
32 9 16
34 15 17
10 20 16
37 14 16
26 19 13
19 37 3
23 17 29
35 23 30
39 4 36
15 18 27
34 37 13
15 13 23
3 27 37
23 12 6
29 1 6
27 17 3
11 12 33
12 5 10
6 36 3
28 23 14
22 11 27
8 8 35
5 18 26
23 27 9
2 35 26
37 25 6
26 19 11
16 29 7
29 16 27
28 38 24
24 17 35
12 35 35
17 28 23
36 13 3
3 22 12
35 9 37
9 35 15
34 36 5
33 33 40
12 15 25
27 18 32
33 33 8
20 16 21
15 1 7
13 19 40
12 4 34
16 28 10
37 34 19
23 30 16
41 13 18
37 29 6
31 26 37
42 27 22
9 31 29
12 23 24
20 7 33
5 21 11
15 28 10
36 22 36
18 14 25
21 22 10
17 20 5
20 31 19
42 18 38
22 31 20
34 7 13
14 31 31
20 6 2
41 3 10
11 30 16
29 21 7
40 27 34
34 7 2
23 35 15
30 38 16
10 27 1
12 34 31
23 8 34
1 16 21
42 23 8
29 3 7
2 12 11
10 33 6
6 33 34
22 10 8
17 23 10
9 13 1
22 15 36
33 29 37
35 10 7
17 27 26
3 8 24
36 26 23
38 18 4
14 14 9
10 32 29
29 31 23
9 6 4
25 12 24
4 8 38
35 26 28
29 22 13
22 17 30
8 18 3
3 11 9
23 13 16
16 16 37
3 24 17
13 23 35
10 16 11
13 27 13
38 5 11
22 30 23
24 4 9
8 30 29
27 22 21
9 4 15
12 34 37
32 36 11
34 7 28
36 32 22
15 7 11
1 7 21
7 35 34
30 13 8
15 34 31
23 19 15
30 20 14
12 4 24
16 19 5
1 3 25
19 11 32
13 17 34
38 18 37
37 17 31
19 9 1
10 38 31
2 28 35
9 28 39
6 28 19
6 38 15
11 9 5
14 12 22
17 32 25
11 22 25
26 30 1
18 5 15
28 36 3
8 31 13
4 11 1
37 34 37
5 6 36
38 27 25
15 11 39
2 29 13
15 9 21
37 27 35
26 32 33
17 23 15
40 11 2
27 22 5
14 26 12
35 5 23
28 1 26
14 25 14
23 9 34
9 16 8
8 12 26
17 2 13
9 24 34
13 35 12
26 22 30
35 12 9
10 16 39
21 25 8
26 36 40
30 2 9
6 26 7
9 28 20
20 33 14
16 13 3
36 18 40
9 2 11
5 24 35
17 12 23
3 14 37
5 36 31
31 1 31
39 29 34
32 2 13
33 7 25
35 13 3
22 3 33
29 17 16
11 14 4
31 34 31
1 2 39
24 6 1
27 22 23
42 35 25
17 11 6
25 28 1
6 13 30
12 20 40
32 2 29
13 36 6
8 36 39
26 29 39
42 37 32
4 26 31
10 29 26
23 11 14
20 31 2
33 37 7
7 7 2
15 1 12
22 18 12
14 28 21
10 2 36
36 29 28
15 28 28
12 38 33
10 26 10
12 27 37
31 20 12
6 21 2
22 7 9
34 28 1
2 38 14
31 34 11
6 9 37
33 20 4
29 28 3
41 26 12
24 35 23
29 7 5
38 29 17
12 3 37
5 9 15
12 6 13
6 33 5
37 37 22
34 13 37
12 29 30
17 35 3
4 21 17
5 32 23
34 13 3
40 34 11
17 37 15
42 4 16
37 1 17
40 7 5
8 3 39
8 37 4
19 32 30
5 24 1
31 14 40
5 33 36
11 8 24
42 33 38
15 1 17
36 25 32
20 25 30
8 24 17
20 25 20
12 6 8
25 12 24
14 36 1
3 27 3
26 4 32
20 16 18
12 24 16
42 35 11
13 10 35
39 6 29
38 14 13
34 15 18
37 11 34
21 2 17
40 19 20
15 29 12
6 6 24
9 12 22
21 31 12
25 4 37
24 33 9
31 21 40
28 28 22
36 36 15
21 24 36
19 35 39
5 27 13
20 14 13
28 6 34
32 30 39
25 36 13
37 25 18
18 22 4
18 21 34
39 7 38
6 2 28
17 7 2
15 4 14
37 20 24
39 6 9
40 34 12
28 29 5
9 27 35
40 35 40
16 31 8
23 8 12
30 35 3
17 7 16
7 37 18
4 11 32
25 38 6
15 3 18
22 3 14
21 2 16
40 35 38
6 13 25
34 25 36
13 18 6
11 38 27
2 35 23
4 24 11
9 20 15
35 38 10
13 27 6
20 20 39
10 30 5
22 28 25
22 14 10
14 5 39
5 18 23
14 20 6
10 38 6
23 21 24
6 23 30
14 9 7
5 28 24
30 9 1
14 22 36
5 13 33
26 5 20
22 24 33
28 36 37
33 10 7
9 7 40
22 6 29
31 16 5
36 11 25
31 4 10
40 18 37
24 32 3
5 36 20
25 34 1
14 2 37
24 2 21
34 12 32
37 20 16
14 37 10
32 24 17
5 3 21
39 10 33
30 38 21
34 30 21
31 23 27
6 5 7
37 35 10
2 31 35
10 14 3
41 26 11
12 27 32
36 17 27
17 21 5
2 2 31
29 30 2
4 15 33
4 3 13
39 34 7
22 34 12
4 5 11
19 26 9
40 38 5
36 22 33
36 4 18
26 30 27
41 34 37
25 20 8
14 32 40
18 36 30
41 10 17
31 28 27
35 2 38
12 37 6
2 31 26
28 20 36
21 10 3
38 23 4
39 15 10
2 32 20
3 25 10
22 3 34
12 14 30
12 30 14
24 9 15
15 5 6
30 32 21
34 32 29
8 19 1
21 1 6
32 25 15
28 36 34
4 1 17
8 18 33
38 1 36
10 15 10
22 15 21
28 17 29
18 26 5
35 11 27
26 22 22
33 28 10
19 25 40
38 37 7
36 16 16
7 23 11
9 17 1
29 37 39
25 35 13
32 8 2
2 4 27
8 8 16
2 13 4
6 24 23
5 31 32
23 21 12
10 25 15
32 5 11
10 7 21
16 21 31
2 7 9
39 1 13
15 20 28
38 24 32
32 17 28
13 25 20
26 31 30
6 7 28
41 34 20
5 13 11
37 30 16
16 8 24
6 14 25
27 3 19
15 13 25
15 29 10
35 27 38
11 3 26
11 22 7
32 38 3
25 34 29
34 4 19
7 9 38
17 13 1
19 17 15
26 29 32
8 13 32
13 11 40
7 1 16
37 29 27
21 30 7
11 32 31
1 23 10
14 37 15
23 3 6
6 1 35
11 18 37
21 9 39
11 37 9
10 25 38
14 15 34
40 26 30
25 24 18
10 18 34
27 4 6
11 29 17
26 16 4
4 4 7
14 38 8
36 1 27
29 31 28
13 35 35
36 36 12
40 18 14
25 10 32
39 16 39
38 15 21
12 27 19
27 32 25
25 10 16
28 31 12
15 18 12
23 13 14
39 33 16
42 33 9
8 21 16
31 32 39
21 11 11
40 28 40
38 30 23
29 37 23
41 15 23
3 34 6
32 28 22
34 33 23
14 13 1
18 10 19
10 10 30
11 11 10
40 5 31
37 3 15
19 25 24
39 15 40
29 6 27
35 10 9
23 31 38
40 35 21
26 10 2
12 8 7
37 33 37
39 2 28
26 23 15
29 17 11
16 10 38
39 11 4
41 11 16
36 29 38
42 11 23
17 22 19
33 13 37
28 6 24
9 16 22
11 4 4
13 34 37
6 20 37
18 18 6
40 32 9
3 17 36
5 30 27
37 37 12
28 29 38
10 17 16
27 22 39
26 35 31
4 24 6
39 38 30
15 13 28
30 30 4
1 14 25
27 8 13
30 24 14
18 20 15
42 15 17
21 28 10
36 17 4
41 8 34
2 2 36
36 32 17
8 2 23
13 32 11
30 6 31
16 20 7
9 6 7
4 28 18
33 30 35
12 20 3
12 26 37
2 17 25
35 17 7
12 4 1
35 12 39
27 3 20
9 13 16
25 33 38
7 4 20
36 34 5
31 34 35
20 18 5
16 12 38
37 22 29
1 24 21
13 20 14
4 15 28
9 34 20
29 30 30
12 32 21
24 25 36
28 10 3
39 25 2
41 6 23
11 21 18
33 27 2
27 18 3
7 33 21
6 37 2
39 10 34
35 2 29
16 37 14
20 18 24
11 2 18
13 6 18
12 1 27
20 19 21
34 11 6
4 31 23
6 13 18
22 26 18
4 22 8
1 27 39
21 24 24
33 19 20
24 8 32
33 9 28
20 30 24
32 24 4
11 9 14
22 31 2
5 22 40
25 30 36
13 9 27
8 7 8
33 30 28
14 37 12
26 33 14
7 30 40
37 13 31
29 14 36
26 3 16
13 14 15
25 35 36
35 14 33
24 27 22
41 14 10
8 6 36
10 34 17
25 6 20
15 6 3
37 5 27
29 23 27
42 30 39
7 4 25
9 1 31
24 38 35
19 18 18
27 2 40
33 26 11
15 31 25
33 23 17
21 11 5
31 8 35
25 14 24
10 7 28
10 35 13
18 24 17
42 22 26
8 38 32
32 1 15
28 18 10
6 15 18
40 23 38
7 22 37
6 32 19
25 3 31
4 24 15
16 34 8
22 33 40
21 29 39
12 13 22
15 20 2
10 12 40
6 9 32
36 15 13
36 7 17
24 14 26
6 34 8
29 29 8
9 19 10
17 38 11
42 27 17
3 16 4
18 29 29
8 32 18
8 26 6
24 33 26
28 17 35
17 10 39
3 16 20
40 28 28
9 26 40
32 4 23
13 25 13
35 29 5
19 9 24
9 3 24
17 28 9
25 27 22
4 28 30
4 15 6
40 9 2
31 16 19
10 22 22
1 12 28
30 13 3
22 25 24
14 2 10
7 18 14
4 13 18
16 12 24
23 33 40
2 30 14
33 26 10
24 19 8
8 18 1
34 37 29
5 7 39
37 25 6
7 9 3
26 37 30
18 25 4
23 10 24
19 29 39
28 25 11
10 21 14
2 11 37
24 2 24
2 12 39
36 13 1
23 23 26
23 11 39
3 13 11
32 34 2
7 29 23
35 5 37
24 36 11
27 21 16
34 4 13
18 34 29
16 22 36
42 8 24
20 30 6
23 2 26
5 38 31
12 10 38
8 17 39
24 26 20
19 5 22
29 35 23
1 15 34
9 7 26
25 27 22
12 1 12
9 3 12
41 1 39
11 11 40
12 1 34
8 14 32
35 30 14
10 7 1
15 12 29
30 6 4
26 16 24
14 30 6
11 12 27
6 23 5
29 38 28
42 24 8
2 1 23
35 13 16
36 14 21
35 27 26
22 27 12
33 33 13
27 13 32
3 5 34
28 30 12
41 38 3
5 34 4
37 6 33
20 20 30
11 34 22
24 25 25
2 14 28
30 33 28
20 8 3
10 14 39
22 21 36
14 13 20
35 18 33
12 6 39
16 2 31
3 20 25
33 38 17
33 7 4
3 12 38
33 4 14
30 22 33
21 36 19
42 27 31
15 19 31
40 10 11
1 7 17
42 17 25
39 17 26
9 13 36
28 26 29
9 9 3
29 26 5
32 35 5
14 24 20
28 8 3
12 4 35
26 10 27
20 29 21
23 17 33
15 5 24
41 13 1
19 29 10
8 12 1
15 10 4
40 18 8
24 4 36
32 9 39
10 16 38
15 18 36
18 24 11
25 14 29
27 2 24
42 14 9
26 6 12
25 7 14
16 19 20
28 22 27
28 36 7
6 33 7
23 27 9
19 9 25
42 38 12
28 7 13
11 18 27
19 33 6
5 14 33
40 18 5
14 29 24
21 35 36
25 24 31
24 29 14
14 27 24
27 21 34
22 2 14
33 25 13
4 18 32
23 38 37
17 15 38
20 10 18
33 14 11
7 27 4
17 26 39
21 2 14
23 24 36
39 21 22
39 29 4
11 26 30
8 26 16
39 16 10
8 13 31
18 30 4
34 35 17
27 17 1
42 30 2
16 7 12
41 21 6
9 33 24
19 25 14
35 34 9
28 35 27
24 19 1
35 11 11
34 19 36
25 2 39
5 3 30
14 10 27
42 17 25
6 3 24
29 2 32
39 12 16
35 25 30
1 15 15
20 4 4
33 23 1
40 33 29
6 19 22
7 33 30
39 24 18
19 25 38
28 30 26
28 15 30
36 16 8
17 6 25
12 16 39
19 10 19
25 5 16
33 15 13
5 31 20
4 23 17
12 24 31
30 7 8
40 13 2
34 4 7
26 21 12
23 24 10
13 3 39
13 15 25
11 7 6
7 27 2
8 24 39
22 30 26
27 28 20
31 24 39
30 1 1
35 35 23
42 20 21
15 1 2
32 27 1
15 19 30
3 20 26
2 25 37
40 14 19
23 25 14
23 11 40
25 32 4
7 17 32
20 20 26
12 29 14
13 7 12
34 28 26
38 10 17
34 20 17
5 1 4
13 4 12
39 38 8
12 7 27
20 13 9
26 6 21
15 19 20
36 35 39
1 23 21
22 6 31
38 28 32
12 14 8
28 12 34
19 20 12
2 2 15
3 6 9
3 27 25
28 28 16
30 36 1
15 15 36
13 8 39
18 8 38
41 16 6
23 33 16
20 21 20
33 15 2
27 29 38
8 17 9
19 2 36
17 26 29
8 24 37
34 31 40
27 31 36
27 34 9
42 11 14
39 17 4
32 36 3
26 20 1
34 19 10
38 1 40
31 19 26
33 21 21
36 2 31
9 10 39
28 4 8
1 8 1
12 15 11
9 34 17
28 31 23
8 33 5
25 26 11
5 37 34
2 25 39
31 25 37
19 28 39
28 4 27
24 5 22
23 14 16
6 27 20
21 28 31
39 15 8
7 15 27
29 7 26
17 9 12
5 6 19
38 24 28
11 36 6
10 29 36
7 33 3
24 33 26
39 20 19
28 25 1
13 9 29
41 10 29
27 8 12
38 21 8
29 10 17
17 9 21
30 38 38
27 7 30
8 30 5
18 3 2
26 21 26
8 21 14
40 13 8
6 18 17
39 10 21
28 11 21
37 32 31
7 32 25
14 37 7
7 25 22
1 4 9
10 31 6
35 31 33
37 9 17
7 6 39
42 9 32
9 10 25
32 23 28
28 36 8
18 7 25
14 26 31
12 6 18
41 31 7
32 3 25
39 30 19
29 22 19
4 31 20
28 14 19
41 34 10
25 36 22
30 32 39
1 30 23
36 2 34
11 5 20
7 2 8
8 24 4
30 23 27
35 25 3
24 12 4
35 27 16
9 5 38
29 5 15
17 22 4
30 5 20
23 12 22
2 26 2
35 19 9
26 27 8
5 5 23
16 30 34
7 4 11
22 32 39
1 16 6
26 24 10
42 4 2
37 12 3
4 22 13
35 2 11
25 23 39
13 8 11
16 31 29
31 17 11
12 12 33
10 7 11
12 2 30
14 29 33
14 27 34
22 28 40
18 28 39
38 12 30
36 13 17
5 22 15
35 32 22
17 2 9
2 1 7
5 38 8
21 27 19
20 28 3
28 2 25
17 20 30
17 3 15
42 37 20
20 37 10
25 37 13
15 4 27
12 5 5
34 5 36
3 9 31
3 37 18
34 23 4
8 30 16
33 25 15
39 17 13
22 13 11
40 13 17
11 22 22
26 26 9
28 1 36
22 11 1
41 14 27
15 26 19
2 9 24
6 4 28
25 9 17
7 14 8
32 9 12
15 34 23
3 5 16
7 7 24
13 5 21
34 25 1
20 1 15
31 8 34
23 7 21
24 7 28
39 38 5
24 34 18
30 28 38
7 8 33
38 22 30
6 23 1
31 23 19
22 14 37
15 16 3
34 30 17
11 37 28
7 27 25
35 4 25
7 22 2
38 37 40
31 37 2
40 30 14
34 15 35
19 29 36
20 28 2
7 13 11
4 13 32
3 3 14
26 25 37
6 2 30
29 35 21
8 18 21
26 7 5
5 15 9
40 17 15
5 37 6
6 15 30
38 23 3
13 26 32
36 5 13
34 24 34
7 18 35
6 2 40
13 4 19
22 38 4
42 3 18
10 28 5
39 35 32
12 3 32
41 29 34
8 6 13
11 6 8
22 26 30
1 2 20
3 5 31
30 2 37
6 36 10
16 21 11
33 26 11
14 33 8
33 31 13
7 6 22
21 21 27
15 38 33
10 25 36
30 24 38
24 7 14
22 18 13
11 4 38
32 26 27
29 23 30
34 10 26
6 21 18
13 22 39
40 6 25
30 4 18
4 11 5
37 7 21
9 2 25
27 30 16
21 14 20
9 16 6
14 16 35
11 36 22
35 25 22
31 1 27
10 26 9
38 6 37
29 38 18
3 26 19
10 34 4
21 38 28
13 3 23
19 38 1
22 17 1
6 17 8
29 37 16
38 36 17
12 37 33
39 36 36
23 12 29
19 30 7
9 15 24
35 17 8
11 34 16
10 20 36
3 7 4
36 7 37
12 38 4
32 24 36
36 16 7
8 10 22
41 13 12
30 16 31
14 29 8
21 6 29
4 16 39
36 2 18
27 12 23
24 34 20
40 38 4
8 8 36
41 17 8
29 32 24
14 35 30
27 28 37
17 29 1
29 11 20
42 21 32
5 9 23
38 24 16
38 18 18
7 23 33
42 27 32
16 16 40
24 17 20
16 37 37
14 16 40
27 20 25
4 4 32
21 28 25
34 14 9
34 33 34
31 15 24
1 23 40
2 9 14
3 10 13
33 32 22
30 37 10
21 23 28
14 17 22
4 16 5
22 8 8
3 4 6
10 25 3
2 16 4
10 13 30
21 3 15
10 2 22
34 3 27
33 16 26
7 37 18
19 20 16
22 33 38
24 20 9
38 9 2
7 23 3
27 6 4
8 32 36
29 28 33
22 22 21
33 1 34
8 32 31
30 12 15
40 18 2
1 9 17
38 25 40
35 13 40
34 36 10
16 15 12
25 9 11
42 5 9
31 3 22
19 27 35
19 35 29
30 29 7
7 18 3
20 27 8
10 30 20
7 7 1
9 2 20
7 8 3
36 17 13
13 7 28
21 5 14
39 34 6
6 1 2
40 17 15
1 32 34
11 4 18
32 6 22
23 24 39
34 30 34
19 20 15
26 19 4
37 17 20
18 2 29
24 19 32
21 14 36
40 16 39
24 23 14
30 32 30
4 25 32
22 20 15
35 5 6
39 18 23
3 13 13
17 10 14
19 34 1
37 34 29
15 18 3
20 37 9
38 22 9
33 30 5
10 36 35
16 34 3
31 27 19
1 30 30
9 14 40
1 31 3
42 18 39
14 26 1
22 17 9
12 1 16
19 37 37
42 15 7
34 1 2
1 11 26
30 21 16
12 27 10
23 24 19
33 35 12
42 23 11
5 19 28
3 12 33
14 15 9
14 5 2
12 8 40
9 29 12
28 34 30
42 12 5
24 8 10
23 31 7
31 27 31
15 35 22
28 32 8
17 13 3
9 22 15
1 20 30
16 33 7
12 4 32
24 37 22
3 8 27
26 7 31
23 10 18
6 18 30
7 1 22
11 7 27
4 23 21
1 21 15
8 8 39
10 19 38
38 8 30
35 23 35
14 5 34
41 28 35
14 33 10
2 31 30
7 8 2
8 26 18
25 6 32
18 36 31
7 11 37
37 22 19
12 8 37
24 29 30
38 9 33
32 26 24
32 9 22
18 1 24
10 1 2
21 22 15
26 17 2
35 21 21
37 7 36
12 16 33
5 31 15
29 36 3
28 29 39
33 12 21
19 6 34
33 36 27
34 12 4
32 2 1
7 35 16
23 20 22
22 19 21
2 2 32
9 7 36
15 15 17
15 12 13
33 17 23
22 28 10
10 21 35
38 23 33
3 37 34
5 38 32
4 23 18
37 17 14
3 25 3
14 30 19
11 15 9
36 15 18
13 22 2
37 31 10
34 6 34
24 8 31
28 14 14
21 33 7
11 36 33
2 34 21
35 14 6
20 11 30
30 21 12
42 5 25
30 3 39
21 2 18
14 10 32
39 37 30
3 19 4
22 35 24
30 16 36
41 21 6
21 26 14
30 2 7
5 7 28
16 13 22
19 27 11
26 31 38
15 4 36
29 4 39
9 2 13
30 3 8
39 20 33
19 13 40
34 15 36
9 23 8
2 31 12
38 16 13
6 10 29
41 30 3
30 34 34
21 20 13
29 20 30
15 35 33
9 38 7
42 32 13
5 27 16
34 37 4
40 12 16
34 21 34
24 5 3
24 19 24
25 13 6
17 1 21
13 15 18
23 5 38
13 35 13
30 19 1
38 3 13
30 36 21
42 5 14
6 28 37
1 8 34
15 37 11
36 19 3
23 8 23
1 34 17
22 10 13
41 24 32
32 4 14
23 27 40
3 33 12
19 31 3
6 28 7
7 18 22
11 26 4
16 10 4
7 6 40
34 33 40
39 2 38
2 33 14
22 5 3
38 36 14
27 11 13
32 18 26
34 26 16
42 27 26
17 34 9
17 15 34
6 24 22
16 12 18
39 4 25
7 10 5
6 12 3
18 38 6
1 7 35
26 20 29
36 7 3
15 16 28
35 26 29
15 16 33
27 25 28
23 11 19
8 35 17
28 6 40
14 12 35
15 9 6
33 34 36
6 21 29
32 31 24
29 32 33
18 33 9
41 22 10
27 4 32
33 33 37
23 36 11
39 3 38
4 21 34
34 22 34
15 2 8
36 25 7
8 34 39
38 25 24
9 19 4
27 33 30
15 3 7
33 20 37
19 16 5
27 33 1
19 33 31
35 34 20
10 22 3
2 2 38
30 4 26
19 7 31
13 6 1
37 33 28
41 3 24
31 23 12
40 27 39
24 16 30
41 20 35
36 1 28
12 18 27
37 37 29
20 29 5
26 8 21
24 11 5
22 15 19
28 7 30
14 18 34
4 33 18
20 18 3
14 9 22
28 29 2
35 1 37
15 12 11
16 19 22
6 1 33
16 3 39
26 11 14
24 3 2
2 11 32
31 17 39
37 23 35
34 18 25
5 10 33
5 10 16
30 35 1
11 37 29
16 21 33
4 15 34
13 9 17
39 1 39
12 38 2
2 8 10
3 25 4
35 17 26
23 5 39
23 38 11
39 10 20
37 14 23
25 25 34
2 18 33
14 32 24
29 34 20
21 16 19
23 29 23
39 23 32
5 18 39
4 38 9
34 32 7
35 22 4
13 33 8
38 17 10
25 22 20
2 4 21
38 28 5
15 10 17
7 26 31
34 32 40
23 34 29
18 4 32
12 1 16
20 31 10
15 24 23
26 30 30
9 17 13
21 9 23
40 20 20
17 18 1
11 1 16
29 31 17
22 1 15
18 18 36
35 11 29
2 29 16
8 2 12
17 13 10
5 27 35
30 3 16
11 1 34
24 25 14
15 34 25
36 11 30
36 35 29
2 32 8
33 13 37
17 10 19
32 34 35
9 11 32
21 10 20
9 21 19
25 18 16
2 10 1
36 11 34
29 11 35
7 25 2
6 19 18
32 35 5
27 3 11
34 38 23
7 38 15
3 32 19
9 16 13
23 18 9
7 38 27
36 30 16
40 8 33
32 37 40
24 14 1
39 33 35
36 19 7
8 32 16
4 26 26
3 2 30
26 35 10
35 33 26
6 35 31
31 29 36
16 24 20
33 7 15
39 21 25
18 4 31
33 23 7
38 2 14
12 10 31
8 27 28
10 15 17
18 19 1
8 2 40
2 36 11
24 23 36
21 38 7
18 18 38
33 9 35
26 33 30
4 33 26
15 32 23
13 17 35
38 13 29
39 4 28
22 32 23
38 11 7
32 14 25
41 18 23
6 38 14
16 12 15
17 7 28
35 11 7
29 22 11
18 14 28
33 36 26
8 31 19
32 15 4
21 22 13
2 18 31
22 10 31
15 9 24
37 33 8
35 26 36
27 23 4
27 10 11
37 7 33
10 27 14
4 29 28
14 17 13
33 6 34
33 36 30
34 33 24
4 11 39
10 36 28
2 5 37
27 22 24
17 10 36
34 30 13
35 11 7
35 18 26
40 3 15
13 27 31
21 20 4
15 28 25
42 26 32
22 6 29
6 26 9
16 23 15
15 16 16
37 28 26
5 9 14
33 19 12
15 29 27
39 8 40
8 14 34
4 38 35
31 3 40
36 18 12
5 16 33
25 34 27
25 2 22
18 38 7
32 4 1
12 21 15
7 28 32
41 22 12
2 38 28
12 36 36
33 7 16
26 22 28
8 36 1
26 35 22
15 11 15
41 10 33
32 2 25
38 33 26
13 12 4
40 37 13
9 37 13
27 9 33
7 4 16
33 33 8
1 16 3
28 27 13
31 5 6
17 27 34
10 5 18
26 31 7
9 8 5
42 4 2
41 31 40
4 23 6
38 37 7
27 38 4
15 16 27
38 26 38
35 5 11
38 2 14
17 31 25
42 8 11
18 13 28
6 10 13
2 4 12
27 9 7
40 25 6
9 10 23
25 18 33
15 7 21
14 27 32
26 2 37
23 25 16
40 18 22
9 18 18
16 14 2
7 5 8
5 27 17
26 15 38
9 6 35
13 11 25
25 11 22
20 35 7
23 3 2
40 13 21
16 20 4
19 34 19
34 32 19
41 30 30
35 7 28
29 2 1
7 18 22
6 11 24
8 37 17
21 1 7
5 5 9
2 30 15
35 8 39
27 25 10
30 32 4
9 17 15
22 25 34
41 33 29
17 31 9
28 23 8
7 27 35
4 2 27
30 28 28
5 18 5
32 12 5
38 1 22
6 17 36
29 9 20
2 28 6
10 38 6
4 30 27
36 4 33
22 22 11
34 2 38
39 25 9
31 18 19
10 28 40
27 24 11
1 15 18
27 12 8
16 37 36
1 30 13
13 23 35
35 35 14
42 5 36
8 19 31
4 28 13
1 10 37
4 35 22
11 6 21
21 35 31
7 14 36
19 36 32
10 9 16
1 3 6
27 3 36
31 2 33
34 23 16
12 8 40
21 4 8
8 4 19
14 6 13
40 1 32
36 25 40
3 5 9
41 1 7
39 10 1
35 29 14
37 29 16
20 1 19
5 20 34
35 30 8
10 29 9
19 12 32
37 37 38
8 38 3
17 17 18
10 19 20
18 9 21
11 18 7
28 16 37
23 16 25
34 25 32
9 37 20
37 24 2
14 23 27
12 21 12
39 5 40
3 2 1
31 34 7
17 27 15
25 24 30
5 19 35
31 20 22
29 37 16
6 33 8
3 14 24
33 32 26
17 17 7
6 1 32
36 26 40
14 36 5
10 7 4
22 23 14
37 29 12
24 18 11
12 18 11
40 12 3
29 16 5
20 30 10
1 21 27
6 4 10
7 2 2
42 1 11
31 12 10
14 4 22
12 7 26
9 29 12
2 8 16
3 13 1
37 2 33
8 2 24
41 34 22
41 12 13
29 4 37
39 18 32
41 29 37
5 9 38
29 3 26
20 14 10
15 32 32
1 29 37
25 12 34
25 26 26
6 19 34
4 37 20
18 15 34
28 33 39
42 17 3
27 38 40
34 7 3
42 9 22
11 14 10
36 33 13
19 37 21
13 15 39
9 8 3
13 13 38
22 20 19
29 13 2
17 7 40
38 17 5
8 32 26
5 10 12
4 33 26
13 36 26
37 14 10
17 22 31
33 38 17
28 6 3
40 19 1
17 30 22
17 24 14
22 11 18
8 21 38
4 38 35
33 16 1
15 31 35
32 27 17
42 13 1
33 32 22
40 30 4
22 2 33
4 22 13
39 18 13
5 31 24
6 19 14
27 26 7
39 22 32
20 32 4
31 30 13
37 6 36
9 36 38
41 29 11
34 30 6
18 11 4
36 17 2
26 2 31
3 11 17
19 4 40
26 27 21
31 27 23
26 17 33
15 18 30
8 35 4
27 13 6
33 13 7
18 25 19
28 14 1
26 20 27
28 34 18
14 1 23
10 2 19
36 23 10
36 34 23
7 33 7
29 37 31
34 4 8
33 22 2
39 30 1
33 37 11
8 4 17
6 20 40
31 30 35
33 37 32
35 5 1
21 29 22
32 30 17
39 1 8
21 2 2
37 4 13
13 15 38
7 22 37
7 25 36
24 31 34
30 5 23
38 5 10
41 38 8
22 34 25
21 36 32
24 29 8
8 4 31
42 19 18
39 10 17
12 29 9
24 29 31
40 3 21
34 6 26
30 13 30
42 3 31
7 8 3
7 19 25
34 29 32
20 7 37
31 37 34
28 9 36
25 19 14
17 34 15
18 8 38
20 11 38
13 26 30
11 6 11
2 7 23
14 26 26
4 6 40
32 18 19
8 7 7
4 37 23
11 22 1
24 1 4
18 5 11
24 23 33
16 5 19
42 10 36
15 17 35
26 8 36
12 13 5
5 5 3
9 10 18
16 17 33
31 9 22
4 20 38
40 10 22
12 37 15
39 1 15
8 35 2
26 23 15
30 36 38
11 22 18
1 20 4
34 19 11
2 34 25
20 25 40
22 1 8
29 8 13
32 8 10
11 27 29
27 38 16
5 28 35
9 20 26
24 20 4
1 11 24
30 13 26
8 32 26
13 12 17
16 38 34
35 26 31
11 14 35
6 9 32
41 28 40
25 33 24
24 32 10
11 37 23
11 14 12
21 22 4
2 16 24
17 19 10
42 23 38
11 1 7
25 2 19
38 23 5
5 2 38
35 21 39
17 1 34
25 31 15
1 9 11
30 15 11
11 21 5
40 38 29
32 34 20
10 18 7
39 9 31
7 12 10
34 17 4
13 5 40
29 31 31
11 30 14
12 13 5
2 31 36
18 20 5
30 28 38
38 18 30
5 18 36
16 35 39
42 29 25
9 15 17
3 6 39
13 5 18
12 37 31
4 30 32
11 36 8
16 32 4
28 27 36
32 35 23
38 24 19
38 13 36
9 23 14
28 13 21
23 12 34
9 1 4
20 19 32
33 29 19
42 23 23
27 27 1
40 30 14
40 38 39
27 27 24
31 7 5
24 20 35
30 12 28
21 4 7
9 32 35
26 1 15
9 10 1
35 22 9
14 18 35
27 36 15
2 10 13
5 29 26
15 22 40
5 30 13
34 15 19
6 24 7
5 21 20
20 26 14
42 13 12
41 20 23
9 5 26
41 9 23
32 33 35
3 28 33
38 23 35
4 28 19
3 10 21
33 6 20
35 36 36
16 1 19
34 16 22
26 9 9
12 35 38
31 36 20
9 10 2
1 27 6
18 13 25
4 13 7
6 7 12
33 25 3
37 17 16
32 16 8
23 36 1
38 30 8
33 37 29
42 27 32
23 4 19
20 14 8
36 10 22
3 2 40
28 17 14
10 34 2
27 29 20
31 35 10
26 33 20
37 24 37
5 37 29
3 36 39
5 21 40
29 2 3
37 38 26
22 8 14
9 25 1
38 21 5
25 21 6
36 2 29
38 11 20
29 5 38
1 17 9
7 20 10
22 6 17
20 14 20
4 2 10
5 21 5
24 11 18
16 4 19
15 33 40
33 34 39
6 34 1
18 10 33
40 7 34
14 17 11
17 36 12
6 31 34
28 18 24
34 21 27
13 21 25
29 27 39
36 28 24
42 4 11
4 38 15
22 2 3
10 28 13
17 31 3
35 35 31
21 6 36
27 15 34
31 36 5
23 2 33
33 38 11
29 35 10
6 30 3
28 23 18
10 6 5
21 8 25
2 4 7
30 25 21
12 21 4
11 8 5
27 10 17
11 33 22
10 18 6
19 6 10
34 4 39
38 7 30
19 27 5
31 14 11
28 23 7
31 5 17
1 2 2
25 3 10
17 34 20
24 5 25
4 14 12
29 36 20
32 5 38
31 21 36
16 15 40
34 8 7
32 20 33
37 27 36
8 2 35
37 1 18
12 24 22
25 21 32
13 33 25
20 11 19
12 22 33
16 7 22
22 13 37
24 20 14
32 4 21
4 17 9
9 15 13
39 14 36
19 32 33
19 2 9
29 15 31
9 26 30
26 8 6
37 37 13
10 34 2
17 17 32
28 7 28
32 28 24
23 9 5
41 28 27
32 30 28
12 14 37
29 32 7
25 4 11
32 18 11
17 10 39
34 10 2
31 36 28
32 7 18
18 34 18
30 35 11
20 34 7
34 25 34
36 3 35
32 36 27
37 11 13
17 27 29
19 24 39
33 10 5
19 14 11
27 38 8
28 17 17
39 16 8
32 15 2
40 21 21
16 5 14
28 30 15
23 29 13
42 28 23
29 18 31
11 31 5
27 36 34
10 34 39
11 36 37
34 3 12
39 24 25
2 16 5
5 38 31
22 17 19
31 11 2
33 21 29
2 37 27
29 17 35
34 7 14
7 3 8
34 38 26
14 3 38
18 30 30
4 25 7
37 24 21
1 37 2
35 10 29
24 34 14
21 35 23
23 29 9
32 32 10
9 17 10
14 34 39
5 3 40
16 20 39
36 1 29
35 15 14
32 17 14
4 6 4
4 37 35
4 22 29
4 24 20
17 2 24
1 19 20
31 7 9
2 36 17
9 7 38
6 29 14
42 11 33
13 32 35
24 10 39
38 24 18
1 5 3
10 37 8
6 33 8
7 35 20
8 27 39
7 8 17
4 8 3
30 14 25
20 23 8
22 22 12
8 33 36
34 12 12
13 27 36
23 17 28
12 19 7
22 16 40
40 36 14
41 36 15
41 27 30
34 24 40
29 2 18
19 6 15
38 6 7
29 36 17
1 9 7
19 20 39
8 8 37
33 24 10
29 19 16
7 21 30
35 29 30
11 14 6
10 3 29
28 38 12
10 15 10
21 22 32
8 10 9
23 27 34
10 7 21
25 22 4
12 7 38
33 15 3
22 1 29
32 6 26
28 16 20
2 32 22
2 19 2
1 22 6
7 7 9
29 15 39
29 38 23
17 4 22
1 36 14
18 32 27
23 33 4
25 6 19
20 30 16
22 29 27
32 1 17
37 37 22
33 35 15
26 2 25
41 34 28
10 8 29
21 7 5
21 16 6
36 18 40
24 18 40
28 8 1
34 31 34
12 37 36
35 6 17
20 16 36
42 16 40
8 3 23
37 2 28
42 20 2
1 21 27
18 14 9
3 5 29
10 9 23
14 37 37
15 1 12
24 7 32
18 6 29
23 7 2
33 22 3
1 32 33
8 14 2
27 15 17
11 30 31
37 8 6
37 29 34
42 3 5
22 18 39
29 27 17
20 7 26
7 14 23
2 11 20
25 17 15
26 21 5
8 15 36
18 14 38
19 21 34
20 27 35
13 4 15
38 33 25
39 26 37
6 38 27
28 28 10
39 13 27
24 21 10
8 35 4
38 6 35
32 16 16
41 18 29
40 18 12
30 34 2
29 14 15
14 20 18
42 38 5
38 4 19
42 6 22
2 3 11
17 6 35
11 11 22
42 21 2
38 2 23
9 38 26
34 10 20
39 2 33
6 19 14
28 7 24
10 31 24
24 26 5
17 21 25
36 37 9
31 4 21
24 8 32
13 10 27
41 4 4
28 33 31
35 24 7
5 11 22
3 25 37
12 6 35
33 9 40
42 30 39
33 28 28
2 4 25
29 26 23
32 9 20
37 10 11
11 19 34
9 17 9
7 20 25
35 2 19
35 29 9
3 35 1
11 13 7
3 27 35
28 10 13
14 5 5
35 15 23
38 3 22
28 12 2
3 17 16
14 6 20
37 31 27
16 11 13
12 9 20
36 24 11
37 22 39
6 28 23
25 3 23
36 8 17
5 32 40
28 19 26
42 21 13
23 30 1
15 34 9
39 31 20
16 8 25
7 18 3
21 22 34
8 12 37
8 1 36
14 5 23
3 22 2
24 10 6
3 2 8
10 4 23
40 38 38
25 1 26
10 23 39
15 18 8
33 23 40
21 23 23
34 19 22
25 26 25
6 32 22
12 4 35
24 34 23
37 25 20
7 1 14
35 22 21
14 15 24
26 8 23
42 3 37
13 2 23
19 33 2
5 2 24
9 21 37
7 22 3
27 36 6
10 18 6
10 27 11
21 36 11
24 34 17
16 18 26
4 20 37
11 15 33
25 14 39
25 4 23
29 24 17
41 34 6
42 33 4
31 28 18
16 3 1
22 21 28
11 3 17
27 4 26
33 14 10
10 11 19
39 28 18
19 32 2
41 24 14
28 18 3
26 10 34
10 9 27
17 37 36
23 5 26
32 1 5
15 3 14
23 28 32
26 18 22
42 21 40
42 23 31
9 17 21
10 2 31
8 23 28
3 33 8
38 5 11
3 2 17
21 21 40
37 14 25
34 10 29
38 1 27
17 28 7
33 4 16
35 24 10
36 19 11
8 16 32
19 22 37
23 7 32
41 22 36
28 34 26
1 4 19
10 37 4
12 34 19
26 5 3
8 7 34
38 2 39
41 35 30
21 9 31
21 31 31
29 28 16
39 12 3
12 1 40
15 2 23
31 25 1
9 28 36
32 16 10
41 18 21
29 5 2
18 11 9
3 15 16
6 17 17
19 24 26
16 2 31
8 17 2
39 38 39
6 13 12
38 12 40
9 19 3
13 16 9
17 30 38
26 33 31
34 15 16
11 3 12
42 11 4
8 27 15
13 27 19
13 23 11
42 37 24
42 7 8
31 18 31
15 14 16
2 18 20
20 1 20
22 18 40
1 34 18
37 21 24
14 23 16
11 29 2
14 15 39
11 4 21
5 11 5
15 17 20
38 36 23
22 25 38
5 31 10
31 11 1
6 5 17
5 20 37
17 8 2
41 36 25
38 38 21
13 29 10
18 24 15
21 24 28
42 12 15
40 30 18
33 7 15
4 12 26
5 4 3
18 37 10
22 5 22
40 1 36
17 33 8
5 32 12
33 16 2
39 14 9
30 10 17
18 8 33
24 12 3
3 28 25
9 13 21
28 34 28
25 23 21
3 18 23
16 10 28
10 9 5
9 16 5
3 10 25
9 25 27
26 16 40
39 12 40
8 10 6
26 10 3
7 12 20
22 15 24
17 7 17
30 37 19
11 16 30
39 21 13
25 37 17
38 16 16
32 17 22
40 20 25
42 10 33
7 27 12
40 22 20
38 5 21
19 28 30
24 29 2
41 7 28
35 11 38
38 5 14
4 7 19
5 16 8
24 25 24
12 27 4
39 25 29
32 34 28
19 19 33
1 37 14
14 11 7
40 34 40
22 1 3
14 18 13
41 8 29
4 7 18
12 27 5
27 29 33
39 29 8
23 25 1
26 16 10
30 1 7
21 16 39
10 4 18
19 11 29
23 33 39
36 35 33
27 2 38
12 29 17
9 34 13
31 10 26
14 28 8
21 27 20
19 17 39
13 5 18
11 30 19
33 22 21
31 23 38
35 22 10
6 35 18
22 32 21
31 34 34
30 1 4
31 27 25
22 3 23
12 25 28
22 30 20
42 33 29
25 8 39
25 24 7
7 34 39
9 28 36
40 33 4
38 37 8
5 26 24
32 34 30
18 38 12
27 38 34
10 35 6
11 24 18
28 15 28
24 9 15
17 30 8
7 33 25
32 29 17
30 16 23
11 31 25
17 20 39
10 5 7
13 25 3
8 2 19
22 25 4
27 2 32
14 31 17
29 36 16
33 27 27
29 11 21
13 2 37
34 35 21
10 32 40
29 36 5
19 33 31
39 22 24
41 4 1
13 18 16
34 18 23
15 37 5
15 26 31
8 34 25
21 37 24
31 14 14
39 4 26
22 10 20
2 17 16
33 30 5
35 1 26
20 2 12
15 23 19
17 35 10
15 2 31
14 38 39
24 29 15
8 23 7
27 4 5
23 28 26
41 21 18
39 5 24
15 19 12
32 11 27
14 13 7
27 34 38
32 12 18
38 3 24
21 16 5
1 23 28
29 36 38
36 26 11
40 26 3
24 9 21
27 32 19
4 35 35
31 4 26
38 16 30
7 14 18
17 26 9
37 29 14
30 21 28
25 24 4
13 14 33
12 10 28
34 32 12
12 22 22
25 14 1
34 17 31
25 6 38
19 27 38
19 26 20
40 34 18
39 5 15
28 13 11
37 26 26
19 37 30
30 1 15
9 2 16
41 21 22
1 35 15
7 11 26
15 7 37
6 19 27
40 27 13
25 29 14
26 4 24
24 13 15
21 27 34
39 5 38
24 20 18
36 12 32
19 21 24
7 38 13
39 11 24
39 28 2
27 17 17
33 28 22
35 3 18
19 21 20
9 25 23
17 16 28
4 15 13
21 18 28
11 31 6
34 17 32
25 5 28
27 9 14
29 1 40
13 10 19
24 20 13
17 15 37
12 2 40
32 15 27
17 25 5
10 14 37
27 21 18
17 21 16
38 35 10
36 10 8
8 20 26
24 6 40
22 34 31
14 19 13
14 15 33
10 20 12
9 35 27
25 19 5
39 22 38
36 26 33
25 23 25
13 5 13
10 27 3
37 14 21
7 35 34
14 8 10
8 35 34
13 13 19
26 31 38
10 21 32
38 9 22
16 21 27
35 10 37
6 38 37
36 37 32
42 28 10
11 18 11
32 10 16
34 2 26
14 36 20
37 31 21
22 22 35
14 8 26
12 23 31
18 26 2
20 3 35
14 34 17
12 14 31
25 11 6
40 35 39
14 33 25
39 13 16
34 27 28
39 3 37
16 11 16
32 37 23
1 19 36
40 23 21
17 6 5
40 33 8
6 38 31
28 36 35
6 1 27
33 37 18
4 17 27
24 26 10
2 9 3
4 25 27
5 27 7
18 4 27
35 10 10
15 23 29
15 2 24
23 6 21
23 8 13
28 14 27
2 24 29
29 10 21
34 10 39
14 35 1
6 32 21
4 34 20
24 14 11
31 18 31
7 17 27
38 16 17
1 5 25
30 11 18
27 17 31
39 11 24
6 28 24
29 10 30
36 29 28
28 13 26
2 10 39
37 17 18
30 36 17
25 22 6
34 27 40
42 36 36
2 10 31
32 17 25
39 34 37
31 21 34
18 23 40
24 9 40
41 33 1
38 15 22
42 34 24
38 31 28
16 34 3
31 20 31
8 20 39
37 31 37
23 2 27
24 4 27
3 6 39
26 35 4
28 18 6
2 27 27
18 18 1
25 11 24
24 17 9
23 16 34
26 29 29
14 28 31
29 30 12
10 19 7
39 8 16
3 29 37
27 29 19
3 34 30
6 4 12
41 9 37
12 9 7
36 25 33
18 15 38
15 5 24
35 27 14
36 17 36
32 18 23
23 25 27
34 4 14
5 18 1
2 8 12
16 38 13
28 7 20
5 28 12
3 37 33
10 2 34
16 4 10
29 20 18
23 29 4
34 34 14
28 38 23
29 29 22
11 23 5
19 29 7
19 19 35
33 16 33
23 33 10
24 21 27
40 1 39
7 31 7
10 22 32
11 3 40
29 4 3
13 12 33
15 24 13
23 3 26
10 3 21
2 5 8
29 17 26
32 11 20
41 15 32
19 3 38
33 6 9
35 38 23
9 2 13
34 31 32
17 7 31
4 13 9
17 18 1
21 23 29
9 28 8
30 25 10
1 29 18
26 10 32
41 13 30
33 18 1
17 21 33
39 19 13
41 7 28
9 8 10
23 33 27
3 19 36
25 6 36
10 21 31
16 8 7
9 8 15
17 22 18
25 18 29
16 34 8
4 32 30
14 34 11
6 1 40
18 28 10
22 13 2
18 25 39
23 15 13
40 29 36
4 19 38
4 5 26
10 32 18
7 7 13
23 23 14
23 29 15
40 25 23
7 28 35
30 27 5
27 20 11
34 14 33
29 33 28
11 29 28
21 3 40
37 25 20
16 26 4
37 7 14
38 11 23
25 31 5
1 26 33
38 24 25
35 18 19
4 9 32
31 30 20
14 17 18
7 29 32
9 1 2
37 8 9
25 17 31
16 7 7
15 30 18
3 17 33
11 23 11
40 7 19
10 32 34
19 23 14
2 37 30
19 9 39
36 3 27
41 30 6
41 14 34
31 2 37
20 33 40
13 35 18
10 26 27
32 5 1
28 26 28
27 36 26
42 23 25
31 23 22
4 23 9
3 34 25
26 28 5
39 27 32
6 22 34
32 15 10
30 30 39
14 3 15
28 28 10
6 32 39
15 35 1
42 23 29
41 38 25
14 23 13
12 35 6
2 2 1
14 38 18
33 32 1
7 29 22
31 34 8
14 2 33
17 37 10
2 27 8
5 27 18
20 27 21
7 22 28
9 12 16
21 2 16
19 11 14
42 33 23
4 17 40
38 10 29
32 10 18
13 17 5
33 11 27
21 11 35
11 29 26
27 37 19
35 28 14
33 19 31
24 27 25
9 27 29
40 27 11
20 24 12
42 23 3
18 31 12
4 25 15
19 11 8
31 18 36
6 32 1
15 7 29
31 15 37
17 21 1
19 18 19
18 19 40
18 26 4
25 35 31
8 18 38
33 24 26
29 9 35
40 10 2
6 3 12
17 35 19
16 26 31
16 7 10
28 21 33
10 21 17
11 18 5
8 13 29
21 10 10
20 11 16
28 36 36
34 17 31
28 15 11
21 27 28
42 22 29
34 20 34
29 23 28
39 9 33
3 5 1
9 19 22
38 35 31
31 31 31
36 7 39
25 34 7
17 11 13
1 3 20
19 15 7
14 29 34
42 18 18
12 5 4
26 29 6
36 1 30
22 28 28
16 24 24
12 14 12
6 15 18
11 20 17
35 15 13
33 31 10
8 26 28
26 16 23
5 38 37
37 23 4
41 22 7
10 16 29
31 18 24
7 16 38
40 8 1
42 19 2
4 7 22
32 16 27
37 7 35
1 14 32
36 27 10
25 16 13
5 3 22
8 24 27
35 36 9
37 24 25
35 7 39
19 13 39
22 25 37
23 12 27
7 29 13
16 26 36
18 25 29
7 6 35
27 20 33
31 21 10
14 27 31
24 10 31
27 17 34
2 22 28
33 30 27
39 7 4
13 16 26
32 13 24
38 5 8
24 3 40
26 28 13
34 21 13
38 20 38
39 3 30
14 16 3
18 14 18
31 38 22
30 15 35
25 26 14
10 14 3
1 23 20
15 34 36
42 10 6
34 32 3
40 17 24
17 30 33
42 31 4
5 4 8
2 38 6
26 22 23
1 31 30
31 34 3
21 6 17
12 23 24
25 23 34
23 7 27
15 27 33
2 15 38
41 23 15
8 25 4
38 27 21
30 28 12
22 10 40
32 37 37
36 7 9
2 17 40
40 8 37
32 8 25
40 29 39
31 6 7
36 34 27
14 23 19
6 19 34
25 36 10
38 5 4
39 31 18
35 23 1
