43 44 553 5551
1549 4619 3098 4597 1736 891 2185 2465 3101 2383 4305 3935 3636 2420 64 2839 708 2577 4648 2339 3561 1706 3699 2230 3874 990 4227 4016 4858 1963 401 3279 4820 2248 2899 3499 4063 3284 4520 2023 2654 1432 812 579 
2422 42 1902 2217 3934 670 2474 2211 1017 651 3251 510 2102 1473 2652 3926 2180 1245 3978 4169 3177 2993 2186 3270 1891 2889 2161 2232 4624 3320 142 1050 3213 1444 2044 3247 2155 2139 3074 1278 3593 2916 336 4112 
2416 4325 243 2317 3235 782 2811 750 1164 746 1912 2385 4543 4876 2308 653 454 1789 3843 4569 3252 1966 2376 3493 2369 4346 2031 2856 2532 3763 526 495 1377 4518 1668 480 4120 1241 3076 398 3500 2919 4726 437 
402 3051 2706 2866 3712 4593 988 2333 2368 3878 2952 3118 1218 2081 3279 1752 2406 4153 3617 88 1181 4890 2270 4259 2409 2929 4369 1238 1685 3457 1653 3690 3701 4486 1755 3682 261 1913 1726 2980 3519 2108 155 1095 
1615 381 1510 230 4810 1675 4549 3418 4528 4778 2614 1128 3210 1933 3385 3676 1029 1182 4103 2458 4527 1453 50 3875 2543 4608 3434 470 4758 592 792 2446 1184 4095 86 709 3085 2305 458 3747 930 4583 4668 2193 
1942 2181 3723 3545 4812 4661 3603 3614 3361 3403 3136 3643 2194 392 2219 2005 2222 450 3113 2212 1530 3753 788 4573 2763 3990 3848 751 3231 1751 4300 2107 2639 4233 2417 1187 4563 3991 1354 618 2733 1554 998 2188 
2279 4322 719 3259 4149 4085 3549 37 4034 1878 4586 2420 4043 1051 3088 711 2058 2687 4609 3929 3178 195 2187 1955 968 2625 4719 3575 108 3314 2672 3426 1754 2731 2455 4041 2018 912 4682 1287 1968 1308 3834 4731 
185 4518 2539 3240 4795 1585 1073 1094 1333 4152 426 3237 1498 1404 425 1910 1596 4226 3480 3324 759 1268 2483 686 1715 3307 4838 4688 3243 4558 191 257 1632 4887 198 3920 2286 4594 2229 4712 2050 538 3897 2313 
4571 3431 2498 1783 2585 333 2491 2953 2223 677 3795 4162 2025 481 3601 993 476 4589 4164 3843 2558 4702 878 3084 460 1301 2572 3494 1454 1521 568 529 4526 559 3421 1009 3903 1778 1607 3177 4909 3189 622 609 
3745 1786 3661 2268 1083 1324 1585 2568 2540 3359 1198 1104 4176 1138 783 3299 1476 2715 1264 3803 2736 305 18 4422 4701 3524 974 559 2571 549 2181 1299 427 2837 4074 3811 4701 4664 4596 1114 55 2744 316 4716 
2306 2424 4481 4211 1206 3824 4147 4749 337 98 960 1250 1461 1392 519 4093 3944 2462 3737 728 4642 1863 4560 1191 1429 4454 980 4657 1900 4285 2069 263 3027 1818 1897 3336 4170 1098 4524 329 1983 1940 1200 2525 
2933 4436 2711 4167 56 2565 2991 4519 1974 2585 1218 3610 695 453 2700 2991 4441 2336 3652 1673 1753 111 3380 3729 2336 626 972 936 1228 3800 1730 1310 2192 4439 1846 1544 1368 4427 2993 4669 4232 3614 3068 4399 
2557 4143 2570 4864 585 3286 215 1647 4179 4329 819 41 539 3450 2696 1489 1434 2030 1160 2756 3826 528 3956 3270 2631 4669 1587 103 991 3779 821 1725 4514 2557 752 49 2678 1787 484 2484 1563 1676 1800 4593 
2937 1699 3809 2765 3600 4807 3234 1483 3342 520 3852 210 2881 1815 1667 3763 560 3779 566 938 4653 1731 3078 1038 2922 2315 4416 4029 1119 3289 1277 1177 688 458 2933 4553 319 2697 1057 4283 2103 3894 2578 4605 
2144 1461 3073 1921 3572 4154 4792 3432 1120 2785 990 2660 3627 2750 1665 2641 3747 1024 3477 2979 54 1651 4433 25 363 4151 1753 157 3884 684 1598 656 4279 3077 602 2917 2299 4493 4429 1637 2612 3729 1716 1722 
4583 3684 686 1191 2580 3867 926 3931 2726 3859 1271 745 581 3617 3350 161 2860 999 3112 4134 1440 2726 2848 3816 792 3852 1515 4631 892 2487 862 3178 1454 4253 254 682 2363 2072 3702 4782 2082 3355 3184 4093 
3141 4784 2289 96 2216 2064 1786 711 3861 1914 3265 2399 1949 2411 3687 1283 3341 1153 334 3024 99 4093 1418 2895 848 1114 1309 1197 263 1268 2390 1119 4577 948 2153 3207 4576 597 2217 3122 2270 2960 1456 576 
705 4348 302 3018 3021 1673 2983 1814 2727 1624 1069 4463 824 2983 4179 2485 1975 2175 4218 318 774 704 4028 16 3669 1498 3318 1745 127 698 1192 4115 2945 2338 3475 4505 3868 2745 3575 4702 157 3355 1443 1964 
3763 3387 3101 2546 4620 4108 162 3636 2978 961 2984 3278 1710 3269 3527 4613 2986 4797 4742 4016 1549 2483 2148 4371 3015 2849 588 3113 4526 120 1243 3144 4699 4892 3371 1045 4346 4498 960 3294 1121 385 484 862 
3511 4262 2346 246 4184 4510 3547 3185 2655 1457 683 2646 3735 4505 4329 1735 4803 3330 2684 162 3023 1879 1369 1312 3327 2434 2303 4344 1880 4266 3318 2953 2011 344 3101 110 1151 3243 4403 255 4149 4089 4779 4321 
207 144 2183 2637 1941 4058 172 2861 4714 1033 1561 4566 3569 2156 759 4342 4261 1206 4159 2288 4244 3397 2227 3902 3151 458 2976 4020 4784 2956 3714 4545 2711 3320 3481 409 1148 1946 4501 4666 1285 3848 424 465 
1930 3065 1132 3655 900 4741 2546 4206 4615 2231 4281 354 1040 4195 2642 95 4719 3317 2813 4433 351 2734 2299 3036 480 1038 4575 3605 3859 168 999 2978 1084 762 538 2286 200 3076 2593 4034 3514 3136 3876 3574 
1958 716 254 2105 2382 257 3237 3613 3390 790 272 87 269 1934 3856 53 71 2142 4170 4190 2090 4012 3116 2825 682 3158 2121 4888 2651 3045 3144 2398 1540 3779 2523 1196 2365 1167 2604 3785 3529 4373 1246 734 
3967 76 4140 604 390 1015 1159 2817 3101 3931 1650 4830 871 2463 2618 2406 1610 3133 1019 4079 1453 2240 4443 73 39 443 1733 3714 3994 2155 2245 4394 615 4852 355 3570 2372 3533 1561 4566 4189 3202 4531 428 
600 1215 816 102 543 4036 3351 791 3658 1970 3220 4159 1692 4414 2804 344 1856 1923 366 1999 2447 1130 1083 397 231 979 3790 4102 3600 2411 231 540 3541 1126 1109 1450 4068 2292 4843 1065 1001 407 3645 4185 
1797 3589 3858 939 977 529 901 2990 405 213 1309 2817 544 3138 1056 2547 133 2312 1411 3537 1362 461 4674 3185 1915 2717 1607 3649 3320 1525 175 4099 702 37 4310 2146 1678 4077 2184 4730 4191 3825 497 2613 
4875 4875 3269 1711 1638 2413 2050 4317 3209 136 4740 4536 4675 2594 55 1990 1091 2637 4353 1207 3946 1686 1890 4588 1431 320 1255 2352 236 3615 2283 1223 3422 2952 1365 4433 453 792 4400 4605 2711 1226 2664 2981 
2392 1594 2507 4642 3779 2010 4845 1828 3200 3149 617 4174 1679 892 764 4726 3998 1488 706 1351 4194 4259 1456 1463 3949 35 3066 4882 112 3711 738 1030 2770 3124 3830 3001 1037 2822 2205 3889 2531 2074 384 4245 
1183 1464 2384 2650 784 1768 1950 4725 4613 975 1410 3655 2612 4597 4609 2437 1128 1545 1130 4425 2006 2190 3995 3964 3511 3627 763 330 1796 2021 2478 4435 384 1916 1461 1971 496 4571 3221 1256 3536 855 2947 1895 
3046 4694 4279 446 2328 3441 1131 1976 950 3900 2267 111 1582 4756 1739 3343 853 1864 1623 560 2103 3251 2483 4025 506 422 2244 3545 4706 4839 472 1748 3403 614 3166 3572 2239 993 4349 515 2893 3977 2413 4815 
3726 1241 2484 1238 108 1115 3748 437 3658 814 1474 2009 3649 380 3089 4197 1828 587 523 537 4331 3753 2084 94 3880 1716 3707 2275 2772 4805 4441 376 2602 1461 1842 4722 2274 1573 875 1721 4907 3253 3917 3069 
3148 3698 3616 2971 4070 1338 3248 4835 1558 4586 1571 4059 3815 4509 4882 3097 2106 3301 2457 78 1165 2915 1842 1316 667 406 1143 371 2816 3697 4697 2623 3057 1004 3750 848 3985 2700 4709 195 4191 647 3123 661 
2036 853 1961 1660 655 4507 3356 3676 804 3517 808 4093 3019 4046 1243 339 1956 1155 3575 4000 739 3211 282 231 563 4354 404 497 345 1248 1846 640 3272 1722 3325 136 4007 2113 2629 3099 506 4327 2401 3636 
2619 4117 4192 4886 1720 3551 2278 112 4859 3044 2487 1463 3906 3595 4723 525 2401 4013 4838 2811 4816 2028 4855 1174 2984 4296 600 4091 2138 3689 1385 4525 4579 3587 4020 4221 4365 2576 2824 444 706 1501 4879 575 
1929 4787 3024 3260 377 2048 1793 1920 283 184 3566 1199 3278 1996 289 64 2267 2409 12 4252 4326 43 1090 3568 4685 3666 2165 472 40 1236 379 2955 1783 653 2932 4313 4735 2119 528 2615 4193 4201 2666 4551 
2413 2105 1595 1082 4791 353 1137 2756 1615 4490 3939 3453 502 3307 2759 1309 3967 1163 4519 3949 3906 3782 3568 2067 2209 4878 43 353 4273 4696 3136 4532 2223 3092 1609 374 508 4068 2560 3385 1072 2580 2948 819 
4383 1862 4765 1170 1330 2088 2459 75 1799 965 301 4154 1059 991 3997 2726 3194 3044 1441 4893 2968 1243 1051 863 1798 1329 2387 381 4160 360 4031 1171 2690 2929 4360 2767 2638 3770 141 1477 2625 1856 523 857 
4047 2805 1112 3014 2724 1535 3161 3336 3567 3032 2128 3729 137 616 722 1895 2367 2651 4753 2533 4042 4118 3092 2326 1707 3200 3160 1490 36 658 1452 3428 2243 3739 708 3962 3809 4571 3550 747 3053 4419 2722 3087 
3237 3207 2579 321 1024 2447 1074 246 814 3751 3742 4330 2238 3908 1763 1339 2118 2730 3457 345 4348 2593 852 3582 2982 1482 3617 1849 3263 763 1601 1501 4808 1002 2420 2662 246 941 215 2777 454 3899 2525 3187 
1505 1996 1173 1759 1773 3427 112 2980 3556 4589 1840 1782 4689 4466 2938 2385 2946 2873 4856 2217 4541 72 4223 3311 1595 4274 448 4660 4125 4829 2108 426 4688 2796 4137 744 2215 2455 3770 4300 4423 4035 1303 3316 
554 4454 3484 2021 2896 376 4158 2617 4828 1333 3570 2165 1274 1915 1521 4764 1275 688 1358 3511 1212 4451 4499 2315 4495 4759 3768 2495 1977 2511 337 2363 3751 1707 4882 3779 2510 4706 348 3610 3794 2038 357 4367 
4142 159 1589 1281 4635 901 1007 1384 1120 2322 1601 2016 1152 3036 4249 1322 1242 3782 1052 2631 1317 3328 896 4892 2480 234 3749 632 4262 3406 2939 1659 4652 2955 291 2639 3131 3808 754 38 4074 4421 1203 3038 
490 664 4420 1882 3692 141 462 4381 780 2402 1638 3584 3792 4402 1397 390 4338 4769 4092 3974 3320 3752 3037 446 4231 911 2481 505 3873 3966 2934 4164 3075 1568 4522 520 4733 4068 279 2481 4518 2468 3097 2174 
26 15 32
38 34 32
20 32 40
26 18 20
34 17 40
22 35 18
31 32 33
11 28 22
19 24 27
4 1 33
17 14 32
12 4 35
23 27 39
39 22 24
22 26 21
21 37 40
1 25 18
36 9 32
11 30 10
16 8 7
4 17 17
18 39 26
27 7 33
24 15 29
33 17 15
33 9 11
13 10 24
28 40 2
39 5 8
37 5 19
15 23 25
34 18 2
18 32 39
22 8 39
16 18 17
21 21 16
39 4 2
20 29 11
25 33 34
32 24 7
41 21 16
33 23 12
36 13 24
33 3 33
15 25 36
5 37 28
33 17 22
1 12 11
28 26 16
8 40 34
23 11 33
11 8 5
12 35 40
7 29 23
15 38 35
38 13 17
10 35 34
22 30 7
37 19 20
25 39 40
7 15 3
23 16 30
36 24 8
33 7 15
29 25 31
35 34 28
22 38 15
2 22 19
18 16 32
15 14 36
28 32 12
38 33 23
27 10 22
9 34 27
11 1 2
12 37 15
37 27 3
12 11 38
36 7 25
40 25 18
23 16 12
19 7 29
16 14 12
38 11 38
34 42 24
4 26 24
27 19 39
30 15 17
24 16 12
32 39 1
21 40 39
27 20 13
4 31 38
12 12 18
13 6 1
25 34 14
5 26 7
12 13 9
13 40 26
3 35 22
2 23 20
39 2 7
30 34 27
1 30 18
41 40 29
37 21 9
14 21 23
34 29 17
28 19 11
29 20 35
36 41 39
12 33 25
33 8 25
37 24 22
2 24 15
13 38 13
13 1 31
21 7 7
40 8 13
20 41 3
3 2 40
17 28 21
13 29 23
10 13 27
38 2 29
34 21 21
36 7 3
34 31 15
9 28 37
14 13 10
40 29 9
33 3 29
40 3 34
11 13 32
3 4 25
7 11 23
9 20 10
27 7 8
36 34 23
10 11 2
2 33 10
17 6 7
28 12 32
36 1 32
35 7 15
1 4 1
30 20 9
37 39 24
34 42 6
23 5 23
29 40 10
36 41 22
32 6 28
8 17 17
32 17 31
24 40 20
11 32 30
32 10 24
32 31 30
6 15 29
21 25 7
26 37 31
30 8 40
37 10 29
4 32 39
11 7 28
15 15 31
20 27 35
21 35 26
16 37 21
41 12 12
34 19 13
22 14 28
40 15 21
28 6 7
21 18 21
35 6 25
37 15 24
36 8 22
6 25 8
14 15 8
8 10 11
41 31 1
9 16 5
33 29 6
23 40 11
38 5 34
22 3 2
25 41 38
8 4 7
17 15 33
23 41 14
33 15 38
12 10 22
16 19 38
37 2 13
12 12 27
10 1 20
27 23 37
37 5 30
16 3 15
37 40 24
37 1 37
13 17 19
6 29 23
40 13 28
41 13 5
8 42 28
40 7 16
25 29 34
34 28 25
31 10 11
7 16 32
21 7 23
5 24 7
10 12 21
39 16 38
32 17 12
9 30 10
30 40 22
32 27 4
20 32 30
19 12 30
26 33 39
37 26 9
22 32 18
4 28 15
29 24 12
10 33 32
40 31 20
27 41 7
41 9 27
15 4 31
5 41 11
21 28 39
1 12 6
10 27 21
1 25 2
32 42 9
20 33 33
14 36 27
40 2 6
31 36 38
26 37 27
31 6 32
8 17 27
27 21 36
6 10 25
21 31 32
2 10 25
16 35 40
33 19 30
35 33 29
13 19 13
19 12 11
6 13 9
19 12 2
22 7 12
12 23 20
26 4 13
6 42 1
21 28 21
14 13 31
6 7 40
39 4 16
19 8 14
27 17 39
12 12 4
20 30 32
1 15 38
36 21 3
13 15 13
38 16 27
24 23 25
30 18 27
30 15 2
28 22 27
14 37 28
16 1 34
36 31 19
10 17 28
7 31 35
29 1 21
37 35 25
12 13 30
4 6 7
20 21 6
37 38 9
2 21 39
22 2 39
3 4 11
17 10 15
5 14 31
41 17 16
29 13 32
39 17 40
35 35 15
25 36 6
17 8 10
6 28 40
38 39 3
19 37 34
26 13 12
37 23 8
33 17 17
37 37 7
8 21 30
17 18 11
2 25 33
18 21 10
2 31 3
25 40 19
35 34 25
14 29 28
16 3 26
28 11 13
10 37 29
17 19 36
8 25 5
33 26 10
27 34 27
9 19 24
26 25 16
24 13 8
14 15 18
33 16 16
34 13 11
37 25 9
14 26 12
11 9 8
25 15 5
9 14 22
28 33 37
12 20 10
1 18 26
37 18 35
28 19 22
38 13 40
25 32 3
35 12 7
38 6 31
26 41 2
27 3 9
24 34 29
17 1 17
7 9 34
15 31 32
7 10 19
5 42 13
41 16 21
41 9 15
8 12 38
8 25 40
10 3 2
4 28 31
7 36 5
38 25 34
40 37 6
9 17 24
9 31 3
40 4 1
18 17 20
30 13 12
3 15 35
19 29 7
31 21 6
2 34 21
2 17 15
29 20 12
31 28 6
9 30 34
33 16 15
6 26 31
9 42 32
33 22 3
2 10 35
9 38 36
37 42 16
9 24 21
6 19 21
21 19 32
28 28 6
26 27 34
21 33 15
19 32 40
6 11 33
19 37 36
17 29 7
31 17 36
31 16 22
10 24 3
1 23 27
26 26 4
34 31 31
41 20 15
15 1 1
29 12 32
25 28 25
14 11 19
26 34 29
14 25 39
26 30 21
15 15 14
25 13 21
16 4 27
17 28 20
16 39 6
27 27 38
38 18 8
4 31 5
13 1 13
29 32 25
7 42 40
32 6 24
34 31 9
2 32 25
9 29 19
20 27 40
40 16 32
4 32 7
23 9 25
25 39 10
3 6 31
35 4 31
21 31 6
20 14 3
24 31 37
34 38 38
27 15 34
26 24 30
38 20 10
30 19 21
30 9 10
10 36 39
33 40 34
19 5 26
15 30 38
17 42 31
24 2 33
36 30 26
31 15 12
12 27 11
17 38 19
4 27 23
22 10 20
27 19 18
10 1 35
3 13 23
23 17 22
5 31 21
22 33 40
28 33 22
19 41 12
10 2 3
26 24 24
4 30 13
31 37 24
32 36 26
17 31 15
41 18 22
39 33 29
9 27 26
22 10 35
6 31 37
5 13 9
1 32 26
12 3 32
36 30 36
19 9 3
23 39 25
38 23 17
34 21 28
5 1 3
6 22 24
8 41 22
30 23 37
4 28 40
21 41 9
37 9 3
6 5 36
27 41 28
34 42 28
22 19 40
5 26 35
23 38 39
2 24 35
40 17 28
5 6 32
1 15 28
17 20 37
31 33 26
18 15 1
12 39 31
17 1 39
31 1 3
4 34 27
31 41 10
4 30 31
24 40 10
18 29 15
20 33 4
38 13 12
33 39 31
14 22 25
18 25 10
27 33 16
14 36 25
20 35 26
19 12 36
21 1 1
18 34 26
31 36 10
19 10 33
10 1 4
34 40 26
28 13 3
34 21 6
29 2 24
31 23 1
8 39 8
21 27 31
3 11 40
20 35 23
10 37 18
17 1 40
3 2 14
31 34 40
33 38 22
26 11 16
4 31 18
20 5 25
32 11 15
28 7 17
2 19 20
4 1 35
5 21 25
8 10 35
30 1 6
28 5 10
11 33 29
14 4 10
3 13 5
2 41 30
6 26 37
38 30 31
34 42 17
3 27 2
39 3 27
15 23 29
5 6 24
1 27 5
6 3 1
2 39 27
37 29 6
12 31 35
26 29 28
13 1 2
13 30 17
7 4 40
20 11 38
41 10 36
17 14 34
15 4 21
37 23 30
41 41 40
40 26 35
6 23 39
16 38 34
10 41 31
41 22 4
30 31 15
35 38 8
37 42 37
18 25 39
11 35 32
12 38 19
17 33 35
13 19 36
8 32 27
14 30 12
28 37 7
21 17 7
17 38 16
32 35 28
27 29 21
19 13 26
14 29 10
40 19 22
30 27 22
9 23 36
6 7 36
25 36 35
30 9 2
33 13 22
26 24 1
21 39 25
28 13 20
18 38 23
34 40 24
24 6 33
16 16 24
34 8 13
10 27 24
40 19 13
14 3 38
22 27 25
18 33 34
19 25 32
11 7 2
15 7 27
5 21 24
28 10 21
16 36 3
33 15 16
10 1 11
39 1 40
7 37 29
40 1 36
2 5 33
34 22 37
34 25 25
32 25 37
29 30 15
11 35 39
4 18 4
39 33 13
33 28 4
40 42 11
41 23 2
20 21 12
4 20 8
18 31 4
8 32 33
25 36 37
15 29 26
20 11 6
34 33 7
40 17 40
41 7 5
25 14 16
29 23 34
9 22 32
38 26 3
2 32 34
8 17 32
12 24 4
10 19 34
23 13 40
4 42 8
28 3 29
10 24 27
23 30 26
10 5 23
5 36 27
18 22 24
1 32 37
34 32 29
22 29 36
21 24 13
6 16 11
15 22 39
5 36 17
26 27 33
8 38 10
1 21 6
13 19 15
26 32 8
4 33 8
19 36 6
19 22 29
13 12 29
12 4 35
40 20 37
2 34 1
39 38 17
38 19 5
41 10 16
20 17 13
10 37 32
4 35 4
1 33 33
21 35 1
17 4 31
37 28 6
9 33 1
38 30 11
10 25 7
28 17 7
9 34 21
20 8 8
39 12 27
28 41 2
20 30 35
15 24 19
30 31 2
10 10 4
19 31 5
13 37 16
25 5 33
1 16 17
33 41 13
14 38 9
27 18 30
30 42 26
26 29 27
5 5 9
16 14 39
20 6 35
10 16 35
12 24 28
12 38 18
10 9 14
35 30 9
39 18 24
11 27 5
35 6 30
7 21 2
3 37 36
22 17 11
31 34 27
34 9 28
15 28 28
22 33 39
22 24 12
1 2 1
25 41 30
17 28 9
31 35 2
28 9 37
13 35 35
19 5 11
7 38 20
11 4 14
14 31 31
17 15 22
8 18 1
15 17 9
22 5 37
5 8 20
16 30 12
29 32 26
14 7 18
34 2 3
30 23 39
23 10 29
15 37 5
30 37 4
41 32 33
12 34 33
31 16 6
24 19 1
28 11 6
4 9 12
9 31 3
33 10 4
27 19 7
12 20 36
39 23 12
3 6 39
33 19 38
19 13 24
35 37 39
41 42 39
16 19 9
5 30 34
32 30 6
27 1 9
24 13 20
25 3 22
39 19 39
24 19 30
18 3 10
11 11 7
29 1 11
19 1 22
22 39 14
9 37 25
8 10 27
33 7 3
35 36 21
26 16 12
19 35 25
6 2 8
29 42 18
16 19 15
17 29 6
20 27 32
4 19 11
14 13 40
3 3 4
35 41 36
26 7 34
6 23 13
23 2 30
35 4 29
41 20 11
19 25 7
33 16 13
30 16 19
9 32 6
39 11 39
34 7 26
8 26 7
37 13 17
10 36 2
27 4 30
21 7 6
11 1 35
41 32 26
35 13 8
2 38 14
22 33 24
11 34 13
25 7 36
10 16 7
32 29 3
9 2 24
1 40 40
41 30 23
4 6 3
9 18 38
9 16 18
35 29 20
6 40 16
39 6 1
9 13 29
36 7 32
27 41 11
29 29 24
40 38 17
17 26 24
39 36 18
12 40 28
27 15 38
30 24 5
29 38 3
23 9 1
41 13 34
12 7 28
33 41 19
35 16 29
19 13 14
6 39 9
30 8 21
33 27 31
5 10 21
16 32 39
30 26 10
33 34 1
7 2 16
41 33 37
30 16 30
22 36 34
19 9 28
4 18 18
28 37 5
26 35 14
27 26 40
41 5 6
15 8 36
2 9 32
2 39 2
41 24 30
21 32 13
24 32 35
28 8 2
9 32 4
8 21 25
27 10 27
9 21 31
8 3 36
12 23 40
40 24 36
4 39 26
26 13 16
35 31 32
1 27 6
18 4 18
34 8 32
36 27 36
33 40 7
35 27 15
13 14 30
23 2 34
9 29 33
9 13 9
2 40 4
6 13 10
6 4 26
3 42 13
41 32 36
35 12 15
17 5 14
9 38 27
36 17 21
5 42 14
27 37 29
26 6 6
37 30 12
37 27 36
8 7 37
13 27 2
18 20 34
4 23 9
37 31 27
8 27 29
6 20 24
22 7 25
38 13 16
28 6 28
11 8 24
22 36 6
11 34 13
36 36 11
6 14 40
25 39 26
21 3 36
41 35 17
13 3 6
4 15 22
34 19 14
24 41 25
33 2 4
41 19 11
19 29 29
8 14 21
12 19 28
11 5 11
15 33 38
38 20 16
18 29 19
30 42 11
15 30 4
24 21 29
29 4 3
17 17 33
25 18 15
11 7 40
23 11 18
8 9 28
40 31 32
7 31 4
28 33 39
6 9 34
41 35 40
3 41 29
14 13 29
31 5 21
14 27 40
18 41 18
20 10 23
19 33 26
29 4 27
40 9 31
41 18 30
33 8 20
41 20 16
40 29 17
9 21 12
37 19 34
1 24 17
40 39 15
22 28 39
12 26 8
10 24 3
32 7 1
12 14 16
34 6 26
1 40 1
29 15 19
31 26 25
3 11 14
21 21 15
41 3 23
18 33 18
18 19 22
37 2 37
35 9 9
5 10 6
1 13 22
33 3 13
20 34 22
15 17 39
7 37 15
41 33 17
35 21 18
17 22 40
14 39 16
23 18 9
23 6 5
30 3 36
25 9 29
39 11 5
33 27 13
29 20 3
23 27 6
14 3 33
20 10 5
16 18 19
7 20 17
27 22 8
3 7 33
13 11 9
18 37 35
18 1 10
3 8 15
25 18 30
36 14 25
38 22 35
33 32 24
41 39 10
21 31 22
39 37 40
2 21 11
16 6 36
12 37 20
40 38 2
32 32 15
7 36 30
3 27 14
11 15 7
3 37 33
14 9 3
16 36 32
14 28 11
36 22 7
8 14 22
28 4 21
31 9 1
33 41 7
25 25 11
31 9 20
22 16 16
16 40 31
27 28 13
35 37 7
13 3 25
13 12 30
27 42 21
14 7 24
36 7 5
35 11 4
33 27 12
10 1 4
35 24 32
26 23 21
13 38 29
9 14 28
2 40 4
40 27 36
35 11 13
17 6 19
35 20 3
2 23 33
38 15 12
15 27 26
20 3 33
12 24 20
12 18 16
6 41 39
4 35 3
7 37 27
32 21 38
29 37 36
20 14 15
39 42 24
17 19 39
2 13 22
20 26 23
3 13 34
12 5 12
9 15 34
32 33 37
11 13 15
8 35 33
22 18 2
32 41 10
15 24 2
3 31 19
10 41 28
1 1 33
41 1 20
39 40 20
24 8 24
5 17 35
3 35 25
20 21 34
36 18 17
2 27 3
41 28 28
38 42 3
8 31 1
1 5 10
21 15 40
2 1 1
29 27 28
19 22 40
4 13 3
36 33 10
31 42 36
23 29 19
34 32 32
20 32 19
19 21 19
17 20 15
15 14 1
10 11 39
15 19 8
38 33 2
15 3 1
2 6 5
15 30 34
28 32 38
33 2 37
24 19 30
26 4 18
19 11 40
21 23 2
26 24 9
36 35 28
32 32 24
21 25 26
13 20 26
12 32 27
34 10 10
28 32 8
4 10 23
32 19 25
14 17 9
21 26 18
40 5 26
36 12 38
6 34 19
5 30 3
40 42 39
7 23 17
39 2 15
3 29 5
15 14 28
9 16 7
41 16 20
4 25 5
18 2 4
9 36 25
27 19 37
4 6 14
19 11 30
30 26 9
29 2 39
28 29 36
36 8 23
22 21 34
14 29 18
29 5 17
3 36 19
7 15 27
19 17 31
2 30 2
31 26 40
21 17 29
29 39 11
22 30 36
11 14 29
40 33 39
36 20 9
34 11 5
32 30 28
10 11 33
2 40 39
1 42 10
17 27 26
4 20 24
16 2 19
10 5 23
37 14 36
18 30 30
18 19 6
34 25 34
5 4 5
30 36 8
12 17 15
3 40 21
17 22 22
41 30 20
18 23 25
40 24 12
17 22 37
36 30 26
22 41 23
13 20 16
35 22 27
20 19 26
11 8 7
36 42 2
13 35 37
39 29 25
22 36 38
20 39 12
3 26 20
14 36 29
2 12 38
28 32 20
6 35 40
26 2 19
14 9 17
29 30 28
24 12 7
8 13 12
27 29 28
38 2 1
11 11 19
1 27 35
20 17 36
1 20 39
9 18 12
20 7 13
7 19 23
22 25 4
30 5 22
2 17 28
36 1 27
35 34 27
4 39 12
34 9 32
3 42 18
23 7 33
10 10 33
38 4 37
23 41 28
6 23 35
14 26 15
6 3 38
22 3 22
38 7 39
30 25 28
30 2 39
25 41 30
32 13 21
7 23 35
34 18 9
32 27 3
19 23 5
26 12 24
22 4 40
5 31 32
18 26 5
6 40 30
30 6 1
32 42 15
3 42 25
13 33 13
30 40 10
3 1 28
35 39 30
21 17 39
9 6 1
13 41 8
40 13 22
23 41 14
19 34 32
34 34 35
7 17 18
30 13 35
32 13 7
3 37 23
27 10 17
35 4 35
8 32 8
7 5 14
33 40 30
18 9 30
3 35 37
31 17 18
37 24 5
34 34 3
2 15 10
13 4 22
40 12 10
18 38 8
19 34 25
16 38 27
20 4 22
16 24 7
2 27 37
19 31 31
6 33 36
1 15 40
40 41 15
14 34 8
20 9 9
11 15 22
39 6 22
22 40 38
22 17 25
23 31 28
22 4 14
5 24 28
37 6 7
25 20 21
34 33 19
9 1 17
31 5 36
34 5 3
9 35 15
10 3 37
24 24 11
23 28 34
33 31 32
27 38 27
12 14 28
23 38 1
12 29 38
7 42 10
9 3 13
18 6 37
21 30 40
11 24 11
39 21 11
3 23 25
18 14 7
26 28 20
38 37 10
8 38 16
17 8 30
20 14 23
9 30 33
16 21 26
35 33 14
18 18 38
40 35 6
7 28 21
26 13 27
24 6 26
19 13 30
15 23 25
26 2 5
32 16 6
24 23 31
5 16 17
9 38 15
21 5 38
25 11 40
5 15 30
30 30 15
32 13 25
14 33 23
23 32 10
9 28 38
39 38 8
5 9 12
35 28 7
29 23 15
19 2 4
23 11 4
22 31 37
10 5 15
22 11 29
38 27 16
37 2 33
21 22 34
19 17 25
41 36 19
6 22 28
9 23 38
4 21 18
25 1 4
40 40 33
23 18 36
19 22 9
28 40 28
4 27 39
3 23 21
27 19 31
25 4 39
2 2 13
29 4 36
39 24 2
16 31 19
19 19 1
23 37 4
40 35 21
20 1 20
23 22 15
19 40 6
19 27 1
14 16 22
29 19 24
25 1 5
11 27 15
1 25 3
18 6 38
4 20 20
6 27 7
22 17 38
30 5 14
30 23 26
22 23 21
22 34 23
29 10 14
7 20 9
30 14 34
31 37 13
12 18 37
29 4 1
3 29 33
17 30 12
8 31 29
39 32 14
11 37 24
1 10 28
12 18 37
5 21 30
26 10 39
19 12 28
34 5 39
8 7 26
24 32 18
7 23 39
18 2 39
28 29 40
4 27 5
32 18 17
22 30 3
30 9 7
36 19 26
28 32 1
26 12 38
29 4 15
21 14 33
30 27 37
23 38 31
34 35 17
15 26 23
11 22 19
39 36 28
25 32 23
2 19 36
41 6 12
41 2 23
38 38 37
22 27 26
14 39 12
41 37 6
28 23 22
10 36 36
38 3 8
30 9 25
20 33 4
13 25 8
29 38 34
5 9 23
19 36 9
15 12 12
31 1 38
33 39 21
1 22 32
33 6 9
12 37 39
27 21 40
13 41 24
36 29 20
2 25 15
15 36 21
24 41 30
37 32 20
1 29 13
8 33 26
10 38 38
25 1 6
29 14 32
22 30 15
38 35 38
36 31 23
41 20 4
34 34 25
30 11 34
22 35 23
18 37 11
26 40 33
32 8 7
4 9 24
10 10 30
13 36 39
27 28 13
33 26 7
21 5 39
1 16 39
13 11 3
13 20 37
13 5 10
7 36 14
40 23 5
8 41 10
34 31 13
37 4 5
39 14 36
6 28 4
10 37 11
32 16 18
3 24 40
40 22 16
3 1 23
25 37 24
18 3 32
25 42 25
41 22 4
3 13 6
41 30 27
14 16 24
24 34 9
27 2 20
9 37 20
2 15 13
32 1 10
28 36 9
34 9 19
17 40 23
26 13 8
20 32 37
1 28 29
32 10 29
31 21 7
8 23 20
40 15 5
21 34 40
20 6 14
19 38 28
40 19 27
40 33 15
38 15 10
41 40 17
37 8 14
22 12 33
39 3 24
19 38 18
25 25 14
38 32 3
21 41 15
6 42 6
14 30 27
20 34 24
23 26 6
3 30 16
34 25 22
36 34 30
24 26 19
40 1 17
38 25 3
10 14 19
32 21 8
30 22 13
24 28 32
23 40 34
16 40 32
13 13 16
20 8 12
18 9 23
11 16 10
13 10 24
21 23 37
17 24 5
10 21 6
37 8 18
19 33 38
36 23 34
32 30 1
13 6 16
9 24 12
5 1 30
35 19 2
32 29 12
36 34 16
37 30 10
4 13 19
10 18 2
37 11 24
1 34 14
32 39 20
16 20 28
36 1 26
30 16 10
11 12 16
10 42 20
7 32 15
11 41 15
11 37 3
13 10 12
37 11 11
17 39 40
9 6 26
36 8 22
29 15 30
41 42 27
20 26 20
32 20 35
5 7 6
6 15 10
7 17 2
19 11 15
30 41 2
1 15 23
41 40 20
25 14 31
13 34 38
6 15 14
26 39 15
23 22 31
25 25 8
8 35 18
10 3 11
8 2 9
20 13 38
6 13 29
31 38 2
27 30 14
1 34 17
9 36 35
38 7 11
25 40 2
9 34 8
9 41 22
19 2 20
28 1 25
32 1 40
13 23 28
39 29 17
34 22 33
1 21 37
27 26 22
31 29 6
20 21 1
25 38 25
19 26 26
6 38 2
37 11 17
27 11 25
39 22 16
26 21 25
36 5 5
40 21 27
41 26 13
35 20 30
23 1 26
34 18 12
12 7 34
4 10 31
3 37 26
41 16 36
13 33 26
14 3 26
12 37 18
34 30 34
33 25 24
31 35 8
38 6 39
4 17 36
29 11 11
15 29 40
5 11 26
15 5 14
29 28 32
8 16 26
29 18 10
36 32 2
12 16 10
19 13 22
23 26 15
39 16 2
9 17 12
12 12 28
37 20 19
2 11 35
39 15 9
33 8 6
22 13 29
16 23 7
21 18 14
26 7 1
31 7 32
3 6 8
37 22 36
32 30 9
8 33 37
23 22 22
10 10 11
6 28 23
3 21 13
16 28 1
23 5 12
17 35 21
35 2 28
38 23 11
29 32 9
24 2 17
41 37 38
2 36 29
19 1 16
15 12 22
18 1 37
23 6 20
4 32 8
14 13 1
3 18 29
6 13 17
21 8 4
16 14 22
20 22 6
39 8 3
35 28 34
24 5 4
37 34 29
20 21 28
3 15 14
3 27 6
13 27 23
33 32 32
7 38 24
4 36 21
33 8 6
13 1 21
17 27 4
17 15 13
29 40 13
41 35 14
21 4 24
41 29 36
27 3 2
6 12 12
15 38 19
31 31 23
34 24 19
15 27 12
18 23 34
11 6 21
26 2 25
29 3 34
29 2 6
34 40 31
28 25 31
21 25 26
26 29 2
34 37 4
33 35 39
37 30 32
10 22 1
3 27 34
17 31 10
7 10 34
5 34 35
30 30 21
10 13 30
11 26 22
25 34 12
20 15 30
28 17 7
11 6 13
2 38 20
12 27 12
31 1 34
2 38 25
22 29 5
24 15 20
11 1 39
22 31 32
20 17 38
25 33 19
37 30 38
1 5 11
28 20 37
17 1 20
1 21 36
14 18 40
3 31 14
30 27 18
6 29 10
33 40 36
31 26 9
16 36 37
1 36 3
3 2 23
18 7 6
9 25 26
13 2 29
12 1 37
6 6 36
32 1 13
38 8 27
10 17 15
4 34 1
8 33 4
25 9 23
4 36 40
20 6 18
37 37 21
19 7 14
12 37 12
30 36 36
29 4 23
35 12 3
21 24 11
32 2 18
1 32 19
9 11 38
23 31 15
12 2 20
17 16 18
30 39 35
15 35 33
2 22 40
16 6 36
17 2 4
33 12 30
12 12 6
29 15 29
18 3 32
20 24 5
28 5 27
3 40 9
1 19 27
32 23 38
17 26 24
24 1 35
18 25 1
38 40 31
34 1 20
29 17 1
27 29 20
4 8 15
4 16 29
20 5 7
33 26 2
2 28 33
23 32 35
31 3 10
4 11 13
29 4 37
23 27 28
10 13 6
11 15 38
8 5 22
32 17 21
18 28 15
6 12 9
35 19 16
39 37 11
8 42 34
18 4 30
17 10 19
35 29 30
20 37 3
17 5 25
37 27 28
5 3 10
7 39 7
17 25 28
22 24 38
26 10 33
21 15 39
6 40 6
40 39 14
12 35 13
25 41 37
27 12 15
27 35 28
16 34 3
33 20 37
7 29 22
32 1 34
30 14 33
17 35 18
19 8 11
33 26 40
16 2 39
12 31 20
28 27 16
8 40 18
14 30 40
37 21 35
30 33 21
1 23 26
36 11 20
22 24 29
6 25 30
33 24 29
12 4 35
8 30 36
37 29 6
28 34 15
8 14 20
35 9 14
39 11 14
7 42 11
24 14 36
39 34 20
41 22 26
16 26 1
1 25 28
26 2 12
19 14 24
12 28 32
1 39 40
1 22 22
18 33 37
33 20 8
34 18 23
39 37 25
6 23 4
10 29 27
30 18 18
29 40 23
34 32 36
21 42 8
14 34 26
23 39 28
30 24 19
11 31 2
29 4 38
25 16 25
39 41 15
16 30 36
27 5 10
6 39 2
40 14 37
39 37 29
25 3 27
4 42 28
34 21 38
19 10 6
27 38 14
19 28 4
24 24 26
35 32 14
36 40 11
6 19 17
13 11 32
35 24 26
26 17 38
22 12 3
29 18 1
32 9 35
37 26 8
37 39 26
35 4 1
30 17 29
12 5 24
1 22 18
20 8 14
2 9 16
4 33 17
12 9 20
39 5 28
36 38 33
15 27 35
31 10 29
5 41 15
35 29 12
25 25 33
13 30 33
7 32 32
28 6 26
41 23 7
34 27 30
5 30 31
29 30 1
13 8 30
17 31 34
4 26 26
21 10 39
2 42 20
23 10 20
30 20 37
4 35 12
15 5 14
13 6 12
23 34 21
26 35 36
20 25 5
22 5 9
37 19 36
37 38 1
14 37 33
29 17 9
32 23 30
24 18 33
8 15 38
20 21 10
38 2 33
39 25 2
29 10 29
30 29 2
14 42 8
5 40 28
32 38 20
25 21 1
5 14 12
32 5 10
12 38 30
24 18 18
30 42 4
16 10 35
26 20 18
17 5 4
24 29 38
28 8 10
37 30 35
16 13 29
22 31 26
3 20 40
3 41 6
31 27 36
12 36 38
19 10 6
8 18 28
30 3 6
34 33 32
20 33 35
4 23 30
2 27 5
13 25 20
18 17 11
32 37 15
24 7 17
2 2 40
39 22 24
19 6 35
3 38 11
1 11 37
31 17 33
22 41 18
24 21 2
21 12 5
32 38 5
41 1 27
5 18 14
18 14 39
31 39 3
13 36 8
34 12 11
25 29 31
35 42 25
11 22 35
30 17 15
39 8 3
25 37 12
2 4 8
25 15 39
29 9 9
32 13 18
1 42 16
38 14 12
22 17 5
28 15 25
4 36 5
40 8 33
2 41 20
27 20 27
4 10 12
19 1 28
26 15 22
24 32 17
17 22 19
29 6 14
30 35 31
8 30 3
32 24 5
10 6 37
21 16 12
19 33 10
21 35 4
15 18 18
16 31 3
41 4 21
23 17 8
19 15 31
6 34 18
2 34 2
3 35 2
20 42 14
33 40 16
27 32 6
5 41 13
24 21 7
21 24 33
4 17 13
32 9 24
28 3 12
40 33 13
17 31 11
25 26 28
18 5 38
25 1 5
9 10 22
7 25 5
38 21 28
18 22 39
21 37 9
35 32 15
6 13 32
13 15 28
41 29 36
33 3 25
27 8 18
19 37 24
9 6 39
36 11 12
26 37 18
28 38 30
5 25 2
21 36 26
29 37 37
17 42 25
14 2 16
39 17 35
30 42 37
16 27 10
30 17 30
39 7 37
16 8 25
9 40 19
29 17 3
8 39 26
8 7 37
35 19 25
15 15 23
21 13 21
33 10 14
27 5 28
1 15 7
40 13 12
21 39 29
20 19 18
3 15 16
16 30 24
28 5 33
11 36 16
34 12 2
12 5 16
28 29 30
24 8 19
32 42 9
15 30 16
38 2 23
35 29 17
24 19 17
13 8 13
37 30 39
6 23 30
31 35 11
22 33 7
39 41 1
21 21 25
13 42 32
39 37 16
23 3 39
19 25 26
34 24 4
6 42 3
11 33 29
28 28 19
39 1 26
18 25 14
1 40 30
19 37 35
32 40 11
5 21 3
5 35 14
32 12 40
22 32 19
32 22 3
6 37 10
3 36 16
1 29 10
5 28 20
40 37 38
1 13 8
4 37 24
40 3 39
17 26 33
33 13 3
16 24 8
6 42 6
4 4 16
6 7 36
16 34 35
38 26 5
16 35 4
34 2 35
37 12 23
37 35 17
37 26 3
29 20 37
10 9 1
41 17 24
15 33 11
34 13 3
22 6 18
25 36 8
10 21 11
39 40 8
1 12 17
11 36 17
4 19 12
29 22 14
14 19 14
39 20 29
11 23 6
6 5 33
19 20 36
35 19 27
17 13 39
23 25 2
1 6 3
8 31 8
15 5 21
3 42 19
35 21 24
12 8 13
8 4 26
35 18 1
2 6 6
36 24 12
14 32 14
28 41 30
16 14 33
13 2 19
19 29 3
25 36 29
10 13 23
20 7 16
33 18 31
36 20 38
8 41 35
38 41 34
2 41 29
39 35 8
24 10 5
1 7 23
13 29 30
28 15 32
8 16 27
16 25 14
8 33 15
17 27 31
21 37 13
16 23 21
4 5 23
29 40 36
5 1 15
28 11 25
7 41 4
26 32 39
31 8 31
39 23 33
1 29 12
18 6 34
32 34 29
13 25 19
38 35 32
36 1 15
37 2 30
38 18 22
17 41 23
31 9 27
5 8 36
34 5 29
37 15 27
31 38 8
2 40 39
5 10 30
29 14 40
29 35 23
7 38 28
8 1 4
35 15 30
32 24 35
37 31 39
12 3 25
39 29 1
19 38 11
37 35 18
40 6 33
12 4 7
13 11 5
35 33 23
19 42 5
3 14 36
4 41 30
4 18 23
40 21 11
32 10 22
30 5 35
14 34 16
16 3 25
39 25 34
19 8 25
41 41 20
27 41 28
11 8 40
25 15 13
27 7 15
15 1 28
40 6 19
9 19 38
1 35 12
37 12 8
6 36 23
29 32 4
11 3 26
14 11 37
21 14 26
2 41 1
19 6 22
10 1 40
30 33 7
41 19 2
35 20 16
10 25 39
22 16 35
22 12 12
41 25 37
14 15 37
22 8 33
16 31 1
5 3 19
30 42 24
15 15 21
4 26 28
19 19 18
37 5 40
3 1 23
29 16 5
28 3 31
22 18 21
1 32 23
41 10 38
8 41 2
11 37 27
23 7 37
40 22 3
31 29 39
35 17 35
5 32 33
20 38 21
39 30 4
37 20 2
24 31 20
12 14 12
28 1 31
30 8 36
36 39 26
18 34 19
7 9 21
33 1 22
11 35 26
26 30 22
36 16 35
18 2 15
28 18 25
3 19 16
4 28 25
41 22 36
11 2 5
15 7 31
17 41 20
10 31 9
30 27 29
25 16 35
37 2 16
26 13 35
29 37 35
29 7 16
5 13 1
25 30 2
3 34 6
2 32 14
2 25 17
4 6 20
26 28 25
31 36 25
23 1 35
23 33 16
23 8 19
10 16 26
19 24 11
21 37 39
10 41 40
15 2 13
31 42 3
9 20 10
14 1 39
4 10 40
8 25 10
2 23 34
35 4 4
35 18 9
13 28 1
21 35 38
29 36 23
22 33 20
20 27 29
19 27 19
37 14 38
4 1 40
5 5 7
16 39 23
40 16 7
24 3 25
37 19 16
24 35 15
31 21 4
30 34 14
9 21 1
11 39 20
5 28 27
26 26 38
16 21 14
9 15 39
22 11 18
23 13 28
9 23 3
27 33 19
21 22 6
31 7 1
32 14 33
23 42 13
13 28 39
8 19 29
10 14 13
33 23 31
17 15 17
30 28 27
3 32 26
13 9 22
41 33 39
18 1 27
24 28 5
40 16 38
17 29 20
2 36 22
11 34 12
17 29 21
3 19 35
22 30 36
14 34 7
6 9 19
11 16 19
2 23 35
33 38 26
12 34 14
3 18 1
19 10 12
40 42 23
18 37 40
4 36 24
5 23 3
38 31 34
23 21 15
40 17 24
19 4 26
6 22 32
38 16 18
19 16 40
16 21 5
12 7 17
35 18 4
22 38 40
19 16 35
18 40 5
7 6 38
30 34 4
14 11 11
37 30 32
13 31 4
36 32 38
26 7 32
10 33 33
26 41 36
15 20 27
26 34 14
39 20 11
35 24 27
34 42 16
34 20 38
10 41 14
19 16 26
23 6 7
29 11 27
10 5 10
33 5 6
38 33 2
10 11 17
27 24 5
19 11 29
6 6 19
35 4 17
20 15 32
13 2 27
2 19 27
29 21 31
4 34 25
15 23 30
13 13 32
13 10 40
10 30 12
4 24 7
14 15 6
15 10 28
31 13 4
27 15 39
8 42 36
11 36 28
24 24 23
16 8 39
15 42 13
29 30 33
12 7 37
20 10 17
11 21 28
22 33 20
29 9 24
22 9 31
1 41 18
12 21 33
15 42 19
16 38 22
16 36 30
37 6 11
40 28 38
6 25 12
31 14 29
16 8 26
3 20 1
4 34 21
38 19 9
6 20 14
11 40 23
11 16 38
32 39 10
27 17 33
20 35 7
16 27 35
32 2 34
41 20 7
20 20 9
20 2 34
18 10 8
11 1 36
4 4 23
33 21 3
39 12 1
30 6 40
24 26 1
2 27 19
6 42 12
21 37 17
41 16 4
36 1 34
29 34 33
10 34 6
27 19 36
33 1 28
12 32 31
19 5 16
35 21 28
1 3 3
11 11 28
33 30 36
27 20 21
2 8 32
2 9 14
8 16 25
7 14 31
12 30 30
27 41 2
26 30 24
6 36 23
32 8 27
5 20 3
41 15 26
18 4 15
17 19 36
22 15 4
3 15 35
34 6 40
41 42 36
34 6 36
8 5 17
1 20 37
16 5 16
22 35 27
8 29 38
35 34 30
38 28 26
38 31 10
31 21 12
2 36 12
1 27 30
38 4 28
34 7 3
8 2 10
21 16 32
10 20 14
29 22 20
18 24 3
8 35 20
16 3 27
21 30 9
31 17 12
11 12 12
39 5 28
41 19 40
2 26 27
9 40 35
4 34 20
40 1 13
22 26 25
22 15 33
38 30 2
17 2 24
17 15 27
3 11 37
36 3 6
31 37 4
17 16 31
30 19 26
34 33 34
25 4 9
28 12 12
25 14 30
22 18 10
21 9 10
20 38 18
3 17 23
24 18 37
24 10 5
29 18 32
37 32 10
4 11 23
33 9 40
16 39 16
32 3 28
17 2 39
31 34 21
8 25 30
22 1 1
6 31 40
25 4 39
28 42 1
40 2 35
32 31 40
31 5 22
32 6 39
12 14 20
2 34 12
33 24 33
3 15 5
26 9 38
30 37 35
23 12 32
37 36 31
26 14 21
6 35 37
3 21 4
31 41 37
6 33 5
22 4 20
26 33 28
12 25 26
35 36 30
22 12 33
29 40 32
23 18 5
31 31 5
28 28 25
39 5 33
16 11 30
39 29 35
6 19 25
17 8 26
13 22 4
24 36 31
17 14 30
13 17 9
25 26 36
23 18 9
32 32 31
21 23 28
39 38 13
3 22 25
31 32 6
19 29 1
33 41 19
7 42 17
32 10 29
12 3 6
2 9 15
4 15 9
15 9 28
9 13 26
41 23 30
4 32 7
12 37 7
6 20 12
30 26 22
9 38 14
25 15 2
23 33 12
13 5 33
14 2 17
10 37 30
28 28 33
25 13 19
26 13 27
6 42 16
35 29 29
35 18 27
21 18 5
24 17 27
9 6 14
20 29 25
28 23 2
22 12 39
25 29 7
23 15 2
29 10 31
18 16 20
11 38 27
25 13 24
17 34 28
26 30 33
25 4 17
26 29 27
22 6 6
6 22 1
24 11 27
23 24 3
1 25 9
38 41 20
15 32 2
9 9 24
4 26 3
11 2 23
22 19 31
22 3 23
28 15 26
15 14 37
11 35 7
31 13 28
16 41 11
10 34 18
14 21 27
18 32 34
30 10 20
23 11 17
16 23 28
32 17 29
18 37 40
8 26 18
16 22 29
25 22 25
7 13 18
10 24 31
21 42 28
5 30 17
14 27 40
36 3 19
6 38 39
35 33 18
18 23 20
33 30 21
24 25 1
11 22 30
30 40 6
3 5 31
4 34 31
26 7 12
11 10 29
20 36 5
12 18 4
34 29 27
22 25 5
29 20 11
25 37 34
15 24 15
26 32 9
32 15 34
40 19 29
6 38 36
4 16 6
20 39 40
34 8 23
38 37 19
31 28 6
22 30 3
39 14 27
19 17 35
31 10 12
4 38 32
2 33 13
7 10 30
31 32 36
18 10 20
25 31 23
14 34 39
24 17 12
39 19 19
35 19 19
41 35 19
22 24 36
17 12 35
18 31 35
12 16 10
12 3 11
4 21 14
22 16 7
2 13 15
35 7 19
19 14 29
16 3 19
12 34 16
31 34 19
37 6 30
38 38 10
17 21 37
29 18 26
33 18 10
11 33 34
15 19 11
40 31 25
23 11 36
3 30 30
22 1 37
19 16 14
7 2 27
15 9 1
4 22 8
40 14 17
20 41 15
19 37 27
21 32 40
21 33 21
37 36 22
12 29 19
19 32 23
4 8 11
6 5 33
9 35 23
18 22 17
6 16 39
12 20 23
31 8 4
35 18 23
38 4 20
1 18 35
2 3 15
8 13 18
40 20 20
33 36 18
22 29 29
34 30 8
20 24 22
23 34 15
26 2 37
14 38 11
14 26 22
25 41 10
22 15 27
3 4 38
15 15 30
19 34 10
23 41 16
21 36 36
9 25 37
20 2 28
34 19 20
31 41 16
31 21 33
25 14 28
12 41 35
28 41 4
31 14 25
28 19 13
31 29 33
41 27 39
8 18 10
17 3 26
26 3 12
17 37 32
15 31 20
31 32 7
7 26 1
4 22 26
16 33 39
23 15 19
26 2 21
25 13 18
3 8 33
9 5 30
12 38 40
13 16 39
40 39 5
8 7 23
38 40 36
16 7 35
16 4 8
19 18 4
10 37 17
24 24 10
7 26 5
9 37 4
6 38 34
21 26 6
8 15 17
22 3 32
20 32 9
33 30 4
24 2 24
11 23 9
21 16 17
3 27 12
10 5 35
25 24 21
24 1 3
36 23 11
12 14 21
13 2 23
2 12 19
18 25 22
38 34 5
39 39 28
8 13 1
3 18 10
19 11 26
2 21 19
2 13 14
33 11 39
8 28 20
6 35 38
33 24 2
30 8 36
2 22 20
29 15 31
17 28 40
35 2 25
2 1 24
37 30 20
21 13 31
16 42 18
31 5 40
34 25 31
16 30 31
9 7 35
15 36 16
11 27 14
19 15 16
28 20 7
5 27 20
36 27 28
17 22 26
28 19 21
35 1 13
10 23 24
10 16 4
31 19 4
6 14 18
5 34 37
26 15 17
32 30 20
15 21 6
20 34 9
5 35 14
37 30 7
6 9 15
5 32 33
33 10 6
23 40 19
5 36 4
8 28 26
39 27 26
33 5 30
36 42 22
13 38 29
30 22 38
11 39 3
9 41 40
15 36 1
41 9 24
24 18 25
17 13 29
7 42 21
31 31 35
2 25 32
25 9 33
13 15 38
17 40 31
9 2 25
3 10 33
16 15 8
26 26 12
13 35 9
19 3 19
34 10 24
27 10 16
22 22 33
19 28 14
17 3 28
37 29 22
23 4 12
33 29 6
21 39 16
7 21 34
25 12 25
13 30 3
8 31 11
32 30 4
33 5 11
16 40 13
9 14 7
21 41 23
7 8 7
34 8 36
26 42 15
26 18 37
3 34 3
15 42 9
24 38 30
7 7 3
11 31 13
30 35 19
33 19 20
15 38 38
10 31 36
20 7 22
39 11 7
11 6 27
34 2 34
39 39 25
11 14 19
25 24 6
12 12 13
30 1 13
10 4 20
21 8 17
13 42 11
4 27 25
14 42 14
33 29 11
13 35 19
9 37 35
36 22 30
9 20 30
25 2 4
34 28 6
8 24 26
24 5 3
36 42 27
16 30 23
17 40 4
18 26 32
18 29 6
28 22 10
38 28 35
40 10 21
4 25 34
28 39 13
13 19 36
14 25 18
6 25 36
11 26 24
7 29 12
20 24 8
5 29 27
24 32 26
39 29 36
11 2 7
15 34 21
36 21 6
38 22 21
30 21 5
20 18 35
33 21 7
28 18 18
15 1 30
11 24 36
25 6 27
20 40 19
27 8 27
24 34 28
7 10 21
2 35 6
29 2 13
34 27 18
29 15 30
26 7 21
5 14 3
19 5 2
21 8 40
31 5 34
34 22 30
18 15 2
41 17 34
28 38 7
22 20 36
11 24 36
14 1 1
19 22 36
40 4 13
8 21 10
5 21 24
3 20 15
37 15 28
20 9 7
7 37 11
33 9 11
25 30 16
7 36 9
15 37 35
9 16 18
14 36 5
23 10 32
18 2 33
38 3 5
17 2 21
23 8 24
3 16 27
6 13 2
34 3 23
23 17 7
6 6 28
2 8 4
36 1 7
5 29 31
35 3 8
5 2 36
9 15 23
38 40 30
22 19 36
8 20 16
37 4 26
26 16 28
21 38 35
5 7 3
6 16 19
28 12 28
29 4 19
8 37 14
19 36 27
6 42 38
34 39 24
38 32 38
24 25 37
16 26 2
39 24 14
5 6 37
28 12 39
4 14 22
1 11 37
12 27 14
32 21 8
36 37 6
37 8 8
7 37 24
17 5 8
6 33 8
17 24 4
12 19 18
28 36 35
22 30 4
39 27 7
31 20 15
38 27 34
23 41 20
22 29 22
1 3 5
41 21 32
22 29 6
35 8 15
35 20 40
9 36 7
34 29 21
34 23 26
40 36 12
13 20 9
21 34 1
2 28 37
3 31 26
2 29 13
5 4 32
24 41 11
40 36 14
24 36 23
16 25 33
2 4 5
16 41 17
5 22 28
12 13 20
35 22 15
24 36 10
7 3 11
18 2 13
20 30 18
37 31 29
18 27 40
28 35 21
22 21 14
36 1 18
15 35 16
32 38 12
2 19 1
5 8 5
1 4 31
11 5 23
17 23 21
26 23 23
37 9 15
35 27 8
27 20 29
21 38 18
34 3 2
19 23 20
24 5 10
2 14 13
24 39 32
26 31 37
41 14 14
2 11 8
27 37 30
27 26 30
5 30 40
13 37 6
37 9 40
25 40 30
12 14 17
19 4 10
24 2 17
29 29 14
28 36 13
38 33 30
12 42 15
29 14 3
36 38 18
14 41 31
9 12 18
18 12 32
41 10 20
26 14 14
2 40 37
32 30 28
29 21 33
33 33 33
10 42 15
13 6 37
41 4 6
7 27 10
31 26 5
16 20 10
18 27 20
3 4 34
8 4 21
27 36 31
9 6 12
11 31 11
37 41 37
37 42 16
4 38 19
35 41 37
39 33 33
30 32 26
24 29 35
25 31 40
39 41 2
40 12 40
26 2 16
38 15 39
36 38 16
11 10 1
36 14 32
32 13 35
40 31 26
15 8 40
20 38 39
13 20 38
13 33 18
33 3 6
18 30 14
6 20 21
35 39 17
16 34 4
3 2 37
12 16 22
38 39 23
34 30 20
35 5 16
22 3 12
16 38 37
9 25 1
37 40 28
27 3 20
6 39 17
34 16 3
32 40 10
2 40 11
41 41 25
16 5 23
35 38 12
14 17 35
26 1 18
34 40 23
35 13 11
41 3 15
29 42 5
34 8 8
17 42 26
9 41 10
24 36 33
28 2 37
35 4 38
20 35 37
33 39 21
13 1 39
13 35 29
20 31 38
10 42 16
13 5 13
12 26 28
27 11 40
5 42 14
10 4 17
35 34 3
15 37 8
40 6 30
39 39 10
30 28 14
22 16 31
4 32 19
6 25 13
14 7 22
27 4 40
36 12 27
31 2 37
15 36 39
18 6 32
30 13 11
11 2 14
2 5 16
17 29 18
14 15 5
14 14 33
31 29 24
4 11 28
18 7 35
7 4 22
18 1 8
5 35 25
31 35 7
15 12 36
14 3 39
32 36 36
11 28 36
8 23 34
13 25 34
25 36 28
24 19 11
41 36 5
41 4 24
22 16 9
30 4 8
5 25 26
17 31 37
5 32 34
36 8 12
35 6 17
23 32 14
40 19 23
35 20 10
22 8 4
19 30 13
35 41 26
1 37 39
3 38 30
14 29 20
11 25 5
19 11 29
29 19 37
34 36 13
41 5 31
36 9 27
8 41 7
36 2 14
16 8 14
11 40 23
39 21 32
12 16 6
20 16 23
1 4 22
9 2 17
24 8 4
33 20 12
12 18 28
26 40 13
7 23 17
6 39 34
23 24 30
7 6 23
35 33 13
37 8 31
11 35 30
23 1 25
21 24 37
36 39 29
32 28 8
20 1 22
3 23 35
41 35 3
20 33 7
10 3 35
24 36 32
18 28 9
21 40 24
37 9 20
12 27 31
3 14 30
8 35 2
15 41 3
1 24 5
3 27 27
3 34 21
36 23 21
25 16 9
30 15 23
13 41 15
13 23 39
16 17 7
19 13 13
11 15 7
2 2 9
25 4 2
34 40 19
39 30 9
33 4 25
32 16 5
4 25 36
19 33 10
17 37 34
21 36 15
22 7 40
23 15 26
30 30 33
12 33 40
16 20 25
37 28 5
39 39 6
18 28 28
24 15 40
5 42 2
35 40 40
38 27 33
18 33 38
7 10 5
1 11 19
11 20 9
1 6 20
41 35 36
8 36 37
12 16 25
20 7 32
33 26 37
26 29 13
6 29 19
40 37 15
13 15 30
36 27 36
22 27 23
9 8 35
28 34 38
29 30 15
11 18 3
1 19 5
34 40 30
38 17 22
7 3 16
8 28 36
41 39 21
25 41 5
26 20 34
7 30 14
39 30 13
11 35 38
27 2 35
24 23 20
31 25 40
28 7 11
39 36 10
23 35 26
6 22 40
8 19 10
35 9 8
2 32 32
33 33 18
22 6 26
38 8 17
22 16 28
41 36 29
26 8 36
38 24 10
19 33 29
11 27 15
27 36 13
14 26 19
24 36 36
18 23 2
1 11 21
12 20 8
5 13 39
32 28 11
34 27 2
4 33 22
6 40 9
14 40 24
39 12 4
21 18 1
38 35 32
28 28 28
8 30 15
28 42 17
22 6 17
4 30 19
29 40 8
7 4 34
10 6 16
12 10 22
33 40 37
1 38 38
17 37 11
41 20 7
11 27 20
22 25 7
34 6 19
37 22 1
13 17 36
28 39 31
24 25 24
31 1 19
16 18 13
9 37 7
28 11 29
3 34 11
8 41 17
20 33 35
30 26 28
41 39 31
5 18 19
2 1 4
35 31 11
6 42 34
37 12 22
30 7 20
34 19 32
1 9 28
23 7 25
9 27 8
29 12 24
23 38 26
40 38 13
38 2 29
7 37 35
4 8 5
34 15 15
6 29 21
41 33 25
41 16 15
19 36 17
35 38 25
5 11 13
30 7 29
24 19 14
32 19 31
28 14 10
15 7 14
17 29 4
31 26 21
6 22 31
5 25 24
15 2 4
41 16 8
22 33 2
23 13 35
37 10 37
21 16 15
29 2 12
23 6 3
5 20 35
29 8 26
37 9 17
8 21 15
29 39 34
14 15 36
9 13 39
14 21 9
41 28 5
29 17 35
9 14 8
33 18 17
16 6 16
9 3 30
32 1 7
23 3 35
25 31 27
6 1 22
39 31 10
6 24 1
29 10 1
11 41 25
34 4 9
6 31 16
25 7 26
13 8 2
4 16 39
36 11 27
11 38 9
36 25 9
25 27 17
23 21 38
28 20 35
14 8 37
36 29 26
18 23 24
10 11 14
25 31 1
9 2 19
1 20 27
37 24 6
24 30 34
24 7 28
35 41 31
10 35 36
4 17 8
28 14 27
30 33 23
21 13 15
6 28 24
40 29 30
14 8 18
26 42 10
7 4 32
6 5 24
31 1 3
3 42 5
29 27 32
40 23 38
7 14 30
15 39 13
13 8 21
16 9 5
4 34 29
9 38 19
9 3 35
6 36 26
31 4 17
23 37 24
1 18 20
38 31 33
33 42 18
19 30 13
4 23 32
19 7 29
26 20 29
21 27 11
18 39 24
30 34 17
2 2 3
5 36 37
36 26 27
3 14 7
37 14 31
12 42 2
37 30 28
6 28 19
4 20 18
29 39 36
1 29 33
17 37 14
11 1 22
21 42 3
33 31 26
24 34 27
35 6 7
6 31 36
24 7 12
36 18 14
27 14 25
15 10 22
29 7 34
38 40 22
38 16 23
34 25 11
10 4 37
11 40 19
17 37 27
33 5 6
18 18 29
2 17 4
7 24 31
41 1 36
16 16 2
24 39 17
39 5 23
18 23 21
5 31 22
26 12 35
10 3 30
32 37 38
16 36 38
20 32 37
36 17 39
33 27 12
25 35 21
7 42 27
26 14 1
23 24 31
28 41 15
10 35 30
34 29 9
27 2 5
14 33 28
2 15 28
41 2 38
2 39 30
29 36 22
18 3 27
15 10 40
30 32 18
29 28 14
36 26 23
10 11 38
36 35 35
39 2 3
22 10 16
32 34 24
7 14 11
31 26 2
18 20 4
1 31 17
25 37 15
7 1 37
3 37 27
33 27 9
10 12 6
19 19 23
14 12 16
4 20 33
25 16 40
41 25 39
9 34 15
17 1 19
13 25 34
29 40 27
27 16 32
32 28 3
2 20 7
6 23 29
26 31 31
3 16 31
13 4 34
20 29 14
18 15 15
32 33 29
1 23 27
6 42 26
10 9 29
21 2 32
30 35 16
17 21 25
7 13 27
35 21 7
33 38 8
16 34 40
10 37 13
22 4 35
7 30 23
1 14 37
30 35 13
39 28 3
9 10 7
29 27 22
15 8 6
24 10 34
7 4 6
35 10 30
16 1 37
10 21 16
36 40 26
26 19 38
12 24 11
3 9 4
14 12 22
8 15 40
15 25 17
37 26 10
6 29 34
24 30 9
23 34 27
26 25 23
18 30 26
35 7 26
32 17 25
8 37 9
20 38 14
16 36 36
37 17 27
37 19 6
32 26 8
17 29 37
31 22 38
5 39 19
34 26 8
12 2 40
3 40 22
17 37 22
39 17 23
41 14 27
7 35 6
3 31 22
6 10 37
18 40 9
8 32 20
32 36 20
7 32 2
10 10 24
1 28 32
32 38 11
12 11 12
30 40 30
2 12 18
2 6 11
8 28 3
40 24 8
37 6 37
32 23 33
37 12 34
26 21 3
23 11 17
7 9 21
4 20 9
13 9 29
9 9 34
15 20 25
29 29 39
26 17 39
39 19 33
39 13 1
1 36 19
20 25 32
14 15 3
5 20 6
31 33 1
3 18 18
27 16 15
27 13 24
29 14 17
41 29 10
17 23 6
7 2 28
11 10 11
34 1 7
21 22 22
11 20 38
36 22 22
34 20 37
40 3 13
24 11 6
14 12 19
38 36 39
23 39 11
14 13 22
1 29 35
38 12 15
13 8 40
1 7 35
12 41 26
1 18 14
20 41 29
22 39 36
31 24 33
39 36 6
4 25 32
15 31 25
33 17 24
19 8 35
25 41 25
23 8 5
29 13 27
8 9 37
4 23 36
23 5 29
2 18 22
16 21 38
36 30 25
35 39 15
7 23 35
2 13 8
37 26 10
27 3 6
3 40 15
31 34 32
14 12 4
23 6 35
29 37 35
22 16 38
24 39 12
6 14 11
33 13 30
30 33 38
41 25 7
16 24 7
30 33 15
34 19 22
10 37 37
1 28 15
38 6 4
22 36 36
5 19 8
17 41 40
7 3 16
12 41 36
23 4 6
6 36 40
25 19 36
24 2 2
5 10 10
6 38 11
31 35 2
11 13 20
36 2 3
17 27 2
35 10 8
36 25 20
1 22 23
40 31 24
9 24 9
3 37 40
21 6 17
30 25 5
9 38 38
26 39 22
32 3 21
16 17 17
29 23 35
41 17 10
6 37 40
37 5 8
25 24 26
36 39 9
6 6 34
4 5 34
7 31 30
17 31 9
24 41 16
13 27 1
37 41 30
10 23 36
29 36 12
6 33 33
18 16 25
7 41 3
17 24 27
8 1 28
17 6 10
10 18 31
14 18 33
31 7 32
16 2 11
4 38 12
38 1 33
11 9 17
14 31 27
8 21 4
21 12 32
11 37 24
9 27 35
38 3 28
33 1 5
39 23 1
1 8 25
34 23 1
19 6 6
24 32 29
33 11 24
13 37 24
5 27 35
17 40 40
10 10 7
30 22 33
39 5 15
34 6 16
34 35 19
20 29 31
29 36 5
33 21 19
13 23 3
5 16 28
31 35 23
12 14 16
38 17 38
35 29 31
5 30 4
26 24 31
13 12 17
25 31 9
38 25 12
35 1 32
7 33 15
30 36 20
21 40 33
8 38 26
37 5 8
29 23 23
39 41 22
15 21 37
20 21 35
28 32 19
11 37 38
21 40 29
30 38 3
18 26 27
40 42 18
22 3 27
4 3 35
14 27 12
9 32 27
32 31 10
2 37 9
20 27 8
27 14 15
32 35 9
32 41 16
33 37 29
33 3 20
40 33 18
5 15 36
11 11 39
30 34 18
28 38 20
30 3 6
28 10 28
13 15 7
35 40 4
33 5 9
9 35 1
2 13 32
1 21 12
16 37 13
25 14 14
19 26 29
31 14 33
1 39 25
9 26 27
26 36 36
29 34 29
1 21 22
37 39 18
18 5 1
14 14 28
14 9 7
24 41 7
7 12 5
40 8 9
31 37 29
9 16 10
24 27 32
7 36 32
27 9 25
19 1 31
32 5 36
33 16 32
27 21 35
41 3 16
9 5 5
25 39 34
23 29 18
17 38 20
19 9 25
8 33 25
7 41 17
21 39 15
6 5 5
25 15 8
18 42 37
11 21 21
37 22 29
32 28 23
15 3 14
5 2 38
3 6 34
3 13 33
34 28 27
36 12 19
35 42 32
6 13 7
18 41 40
4 11 39
24 2 11
11 31 30
29 42 34
13 24 28
21 15 33
37 10 6
24 6 35
29 4 12
6 22 9
16 8 25
1 28 31
20 25 11
7 14 24
29 33 15
4 28 19
41 15 7
16 16 34
28 13 34
7 39 3
6 34 32
14 30 38
20 4 2
15 7 33
39 17 6
7 26 18
24 5 31
32 38 10
6 27 21
38 8 24
21 6 17
11 38 25
11 40 1
14 11 2
16 38 32
22 16 19
39 27 37
24 25 23
24 11 7
32 4 39
40 30 1
20 39 14
41 15 9
39 33 40
5 11 20
28 28 13
37 9 21
4 8 2
11 12 37
37 29 4
23 4 28
36 18 9
8 11 19
36 35 16
10 6 28
22 42 11
25 15 13
38 36 35
23 36 33
13 1 38
37 19 33
22 31 6
21 29 39
36 17 32
39 31 10
36 24 27
27 4 36
14 19 24
40 29 19
32 38 16
41 37 35
3 2 21
22 42 4
36 19 37
18 23 30
14 33 26
1 39 32
17 10 31
16 6 35
19 33 29
27 35 26
16 21 40
41 41 37
14 9 6
39 28 35
39 26 26
35 5 39
33 5 39
10 14 1
14 18 1
36 24 29
23 27 14
38 36 40
14 29 40
34 6 30
32 4 16
10 20 21
7 21 36
24 10 1
12 36 32
4 4 11
8 17 29
26 39 35
41 37 34
15 42 26
1 8 11
8 39 39
30 20 5
24 1 21
22 15 1
34 12 18
17 13 36
14 15 37
41 29 26
18 35 16
27 9 34
3 1 31
30 25 7
23 13 36
29 10 27
28 7 25
16 17 12
8 42 6
20 7 31
10 18 34
20 16 17
8 16 9
9 7 37
5 24 29
30 1 29
24 29 26
26 6 9
7 12 10
27 21 11
18 24 9
12 25 30
29 12 5
38 16 10
32 22 38
4 11 6
40 2 36
37 36 5
7 24 4
8 14 40
15 23 21
5 32 12
20 17 15
13 3 23
14 35 28
25 11 37
3 14 27
2 11 10
27 33 15
10 38 7
29 19 23
21 18 35
8 6 37
25 1 20
34 26 8
10 23 34
26 4 18
22 5 31
34 31 24
5 22 20
13 13 38
17 20 34
5 26 4
20 24 19
13 28 12
15 4 2
30 11 2
26 36 11
12 30 26
11 28 9
40 1 23
12 12 38
3 33 27
13 25 33
2 41 21
40 40 36
1 33 24
5 35 38
9 15 33
26 22 31
2 6 16
39 28 14
41 3 10
31 20 17
36 21 5
8 13 13
34 18 37
7 14 8
9 16 11
4 21 31
8 13 6
26 27 5
13 21 9
41 10 1
30 1 3
40 36 28
35 10 21
25 42 15
24 11 39
6 8 34
10 8 32
33 32 40
5 32 28
39 42 30
18 32 12
28 10 12
16 6 4
38 24 15
19 27 30
36 6 17
21 34 12
17 22 27
20 15 7
8 41 37
18 3 19
9 30 7
27 42 21
10 21 22
1 34 12
4 12 8
16 29 14
38 27 17
27 1 17
2 33 1
18 21 9
18 15 13
20 30 16
1 41 40
27 30 14
12 16 34
15 15 11
16 29 9
27 29 25
31 11 10
25 15 27
37 19 19
1 11 23
11 6 40
22 41 19
19 17 2
33 13 28
37 36 32
7 12 2
28 22 12
11 2 7
17 41 35
23 23 9
25 8 11
6 34 31
2 24 6
39 34 24
34 33 19
29 4 36
4 42 15
33 11 38
18 12 16
11 24 23
26 16 21
38 19 27
15 31 15
30 36 5
28 22 20
3 37 39
33 28 37
28 14 6
21 25 37
34 18 37
12 28 14
37 11 33
38 18 23
3 16 31
36 11 19
4 9 34
7 33 13
12 27 32
28 30 21
16 4 29
3 1 35
35 17 32
36 8 28
14 29 13
16 29 22
5 3 6
2 37 13
36 36 14
9 24 25
25 34 17
22 4 28
39 42 40
4 13 11
3 9 30
32 21 5
38 14 5
4 10 33
28 31 20
22 2 22
40 3 18
32 15 6
33 19 39
4 4 12
40 14 24
10 24 20
37 29 36
4 42 37
27 40 34
17 25 29
15 14 40
20 19 33
38 18 6
10 15 5
30 16 39
25 42 2
37 8 7
32 41 28
23 37 17
22 30 4
5 30 18
19 23 2
21 21 2
10 32 4
23 38 36
32 19 34
11 30 32
2 23 39
17 29 36
25 32 28
4 30 30
23 15 17
6 7 28
4 39 27
41 32 26
19 40 17
23 7 38
36 14 29
24 21 31
22 26 33
24 5 27
6 30 7
36 7 7
38 37 21
25 14 8
19 5 35
32 27 7
5 5 19
36 3 32
7 18 31
24 13 18
40 3 9
40 30 28
1 18 7
31 9 23
25 24 39
37 6 20
12 18 16
29 2 28
7 34 16
20 28 22
40 27 36
28 40 24
10 36 38
24 23 40
22 31 22
3 1 19
19 2 5
1 15 1
39 30 24
27 33 30
39 21 17
23 20 21
37 20 20
16 6 12
40 27 7
29 26 27
32 20 24
9 12 6
8 22 4
22 42 15
30 8 37
31 27 9
27 12 3
2 6 6
30 8 9
35 6 6
41 34 29
15 29 38
13 17 3
33 34 30
31 30 10
16 30 30
36 11 29
31 33 23
40 4 30
21 35 34
26 21 38
4 28 18
7 33 5
3 28 40
40 23 5
14 11 17
37 35 33
40 12 16
37 24 28
26 21 23
14 42 15
2 22 12
5 3 40
27 17 26
36 8 14
19 20 2
41 41 9
10 8 26
31 15 14
11 30 10
39 36 21
18 8 39
20 25 35
6 1 35
10 30 33
11 14 16
30 17 23
26 31 25
13 10 28
18 34 27
9 21 22
3 10 24
31 37 18
38 32 36
37 14 38
29 8 39
29 42 13
18 42 18
4 23 3
9 41 21
31 27 24
2 10 23
6 6 27
20 19 37
32 32 34
4 6 19
21 2 35
3 42 33
11 34 40
11 5 23
21 11 22
12 4 8
29 8 39
14 31 23
18 26 16
29 40 4
6 24 4
38 7 22
12 8 33
20 8 1
16 16 37
36 5 23
24 19 35
38 38 11
19 11 13
36 5 29
25 6 23
4 42 19
22 17 36
23 9 39
13 8 27
8 38 12
20 11 31
19 29 13
5 28 36
14 6 32
13 20 13
6 7 31
7 39 17
2 23 13
2 2 15
39 29 3
4 25 34
4 22 9
4 31 35
32 29 1
20 16 12
16 20 27
37 6 40
14 36 30
40 7 1
26 10 5
6 25 11
22 35 1
19 16 12
4 21 25
11 41 7
23 25 33
31 29 14
3 3 37
36 24 10
21 21 36
15 13 13
10 25 18
37 2 36
41 15 34
35 16 22
16 6 16
25 22 17
20 13 24
8 2 7
14 8 39
3 20 1
7 28 1
8 20 3
39 37 16
34 1 39
2 24 22
30 24 15
19 9 2
24 36 22
1 40 39
11 9 22
8 17 3
34 15 3
33 42 22
26 14 31
32 1 19
27 20 39
3 26 31
6 19 6
15 10 24
1 41 23
41 42 30
16 36 29
3 4 13
4 2 3
16 7 40
13 19 23
36 17 7
6 38 32
28 21 26
2 17 12
12 3 22
15 40 6
2 7 38
16 24 1
24 35 26
9 8 33
9 8 17
39 28 14
10 32 23
9 35 15
29 12 16
6 2 36
37 14 5
14 7 39
35 22 14
9 25 11
32 35 6
9 4 3
14 3 32
16 7 34
33 25 20
5 20 16
20 10 25
14 3 39
9 21 19
9 19 26
12 31 15
30 26 11
39 8 27
26 4 26
3 41 14
15 33 23
41 25 29
22 41 35
13 16 2
15 23 1
22 14 30
14 24 11
11 6 3
20 35 9
23 21 13
26 34 21
40 20 26
3 33 34
24 30 33
38 18 5
32 20 13
40 27 29
34 40 16
11 33 27
34 15 36
8 13 35
32 3 37
17 8 5
19 32 13
34 15 33
18 40 25
23 21 4
5 3 25
25 31 28
3 10 4
34 38 3
5 24 3
14 30 21
37 35 2
19 30 26
5 39 22
25 26 25
36 11 3
11 35 13
10 40 14
39 5 29
16 23 37
26 3 20
3 27 1
6 23 28
40 27 25
4 20 16
41 28 30
29 18 1
23 29 17
18 12 18
17 29 16
9 35 10
9 15 35
32 26 3
32 16 36
3 31 19
30 27 29
32 26 12
39 20 36
41 28 36
6 6 32
24 33 19
32 23 30
13 38 25
27 9 6
3 12 5
3 13 8
7 17 32
1 22 40
35 6 6
1 13 8
22 34 12
37 2 38
17 32 24
38 21 8
24 15 2
22 6 21
35 38 7
31 20 26
40 32 25
13 13 3
31 16 20
19 30 21
4 3 27
18 34 38
21 1 25
17 18 16
10 9 22
10 12 12
22 34 37
29 25 26
8 8 36
13 2 8
8 7 14
14 14 24
23 30 34
17 19 4
20 5 4
18 21 9
40 5 6
1 5 4
23 31 18
36 17 18
10 4 1
24 27 12
11 18 24
23 23 7
15 16 20
31 39 8
7 8 3
3 34 37
3 3 38
19 11 22
32 25 17
14 11 16
21 7 40
22 40 17
10 42 28
14 19 30
40 24 10
25 27 4
8 16 9
26 38 26
14 18 16
22 20 40
37 7 12
13 37 7
19 3 16
39 31 5
17 32 33
33 42 8
1 37 16
38 31 9
22 25 38
30 34 1
30 39 1
27 9 40
17 34 20
27 26 11
6 15 32
28 19 7
24 14 9
33 18 15
10 10 17
40 17 4
9 42 31
40 22 9
39 15 33
35 1 24
13 20 12
27 2 4
3 21 31
24 20 35
40 31 40
2 12 7
27 14 13
2 24 21
34 24 9
31 40 27
30 20 27
23 9 19
28 33 23
27 40 23
3 13 11
13 14 40
7 22 11
12 17 4
3 8 2
35 39 5
12 36 25
15 25 25
20 5 10
21 3 18
11 7 18
2 21 7
5 2 23
4 21 4
20 12 28
30 10 29
7 36 20
33 32 15
10 29 25
5 38 6
26 29 3
33 25 25
3 28 30
8 40 22
28 22 1
13 18 14
41 41 35
30 33 16
5 19 25
27 22 29
3 4 15
22 28 1
20 17 21
19 9 21
22 17 38
31 23 34
37 4 10
9 15 7
37 1 1
15 21 28
11 33 10
26 33 7
7 20 3
31 15 21
21 14 15
13 5 13
35 5 34
26 17 34
18 32 9
38 23 1
17 30 6
31 10 40
12 20 32
36 12 36
17 30 6
22 20 37
32 10 6
1 32 8
25 12 21
1 4 25
8 41 10
8 39 3
24 13 40
13 10 20
17 27 7
8 9 12
16 25 30
19 28 10
39 33 11
21 6 13
17 33 40
11 29 10
16 28 8
38 34 29
18 28 26
22 26 22
10 40 39
30 30 24
21 32 19
29 2 28
26 12 19
3 32 13
9 40 3
32 13 2
29 26 17
29 39 13
10 31 34
9 16 7
3 34 23
19 36 6
29 14 3
5 7 26
17 19 9
31 14 3
24 23 13
23 25 1
4 17 3
24 4 20
12 34 9
2 38 8
22 14 24
15 25 18
8 19 38
5 16 19
25 36 23
2 30 38
6 21 5
36 17 18
22 25 19
20 33 18
9 39 38
25 9 28
30 14 30
4 12 38
9 6 39
32 15 9
17 8 31
40 34 23
13 41 11
28 23 14
16 1 29
8 26 38
37 38 8
21 15 38
21 28 5
19 34 21
22 16 33
21 25 11
20 21 31
17 14 14
37 1 20
27 5 32
26 30 3
11 33 33
40 7 19
13 17 11
38 37 10
14 26 27
12 10 12
14 35 36
11 1 4
21 25 10
37 35 11
24 19 2
28 5 14
20 18 37
28 16 33
8 30 18
31 1 30
3 12 20
4 5 1
31 11 38
24 3 36
32 3 29
24 34 33
4 26 33
2 8 20
24 9 28
35 41 11
39 21 39
9 4 18
7 5 36
34 36 15
26 5 1
34 17 32
13 30 25
6 11 29
23 12 40
31 24 8
26 37 20
37 41 11
16 42 32
36 23 27
23 38 20
27 24 4
22 9 18
10 11 26
20 42 20
15 23 4
35 2 18
9 1 5
5 7 15
17 29 9
27 11 33
7 21 5
39 41 33
2 19 1
41 23 6
12 42 20
36 9 30
38 32 38
22 33 29
22 33 10
6 17 39
10 36 26
6 5 20
36 34 5
17 36 8
22 29 39
15 15 10
34 12 9
28 26 32
20 4 18
41 35 1
9 28 4
16 1 16
2 29 31
20 37 40
14 40 19
15 24 13
21 40 10
3 3 23
41 7 37
10 13 25
3 33 10
30 10 6
1 23 3
40 29 38
10 19 35
19 21 18
9 8 23
34 16 13
24 38 28
10 37 7
36 41 35
39 26 11
9 22 23
15 24 26
12 14 2
33 39 38
12 37 18
19 18 2
41 12 8
15 41 2
36 5 27
2 18 29
32 6 14
18 7 24
21 3 34
6 25 16
20 18 32
37 8 25
5 7 12
28 16 6
27 14 29
8 21 23
4 39 28
37 10 26
23 30 14
7 17 25
21 24 28
9 1 4
40 6 20
16 26 24
23 22 25
11 23 9
14 21 11
2 4 40
2 2 30
28 41 2
11 20 28
29 35 9
3 32 18
30 20 9
21 21 11
28 11 7
40 38 17
18 29 28
9 3 24
15 37 12
6 2 25
37 34 16
26 35 25
11 6 37
16 7 38
24 22 36
12 27 20
5 23 28
35 11 25
31 36 5
39 23 34
34 20 31
29 41 25
33 20 37
16 36 26
31 41 14
22 28 31
39 12 24
26 18 31
31 12 17
36 33 7
14 11 40
34 5 12
11 38 26
16 42 26
11 25 39
14 14 25
21 24 22
4 31 27
33 41 39
41 20 23
7 4 18
26 26 6
34 30 20
1 42 6
39 42 32
25 30 24
12 15 25
27 42 16
28 29 35
28 38 40
29 6 7
26 27 28
12 3 25
18 25 15
19 2 37
33 21 22
22 17 16
41 1 8
1 39 32
7 12 13
14 34 36
22 26 21
7 6 13
7 14 3
29 17 21
15 25 29
28 16 34
39 39 7
38 17 34
14 5 22
20 10 33
15 37 8
19 38 19
20 9 14
9 3 33
23 39 9
5 4 36
1 1 33
38 30 10
36 34 4
15 9 1
29 29 16
19 2 10
13 1 39
10 5 36
31 36 4
1 34 16
8 9 20
7 1 16
36 20 9
9 32 38
16 14 3
22 1 4
33 31 29
27 41 24
16 6 29
35 14 26
24 28 6
31 15 29
7 24 33
29 37 15
15 17 25
16 14 35
26 14 19
35 3 36
23 18 13
7 17 17
8 2 39
6 39 20
9 25 4
18 7 1
41 2 7
38 12 40
33 40 40
33 3 34
33 28 6
17 20 6
35 25 30
7 8 7
20 12 30
20 25 24
38 4 40
39 23 12
20 6 5
41 27 16
28 31 32
11 27 14
17 33 34
29 15 7
14 17 13
6 31 15
18 15 29
38 38 24
10 40 5
23 19 20
21 27 27
36 22 21
31 9 6
19 7 25
32 4 30
14 9 32
22 14 28
38 9 39
11 21 31
16 5 26
40 37 29
16 10 4
20 11 18
13 10 15
10 13 24
40 27 5
9 16 25
25 6 5
26 21 8
16 5 28
9 26 24
19 34 25
4 29 32
38 34 30
40 41 36
21 3 40
38 20 36
25 22 36
9 3 35
4 29 35
30 21 27
32 1 21
40 33 25
35 4 26
41 4 27
30 19 29
40 3 11
3 34 38
39 39 35
15 23 24
6 11 26
41 13 11
32 30 33
2 42 17
32 11 27
18 20 3
2 21 34
22 24 39
11 7 6
5 39 13
17 3 7
29 41 17
41 38 38
29 7 40
30 35 10
38 16 17
10 27 9
35 20 7
17 18 13
8 26 33
25 20 2
9 27 18
27 23 5
11 28 4
5 25 17
6 31 25
20 38 30
32 29 1
23 19 2
37 2 3
37 22 12
24 33 36
3 23 11
23 20 4
11 23 20
11 37 23
41 12 2
20 3 6
21 20 29
3 18 13
40 8 30
15 23 21
35 41 3
25 14 11
12 39 16
3 21 14
7 8 28
35 14 22
13 34 12
6 31 25
22 24 32
41 21 40
15 26 33
17 9 35
29 15 27
40 25 36
17 32 13
31 26 29
4 21 22
15 35 35
36 30 3
13 21 23
31 25 30
14 8 24
3 30 14
1 4 10
37 6 36
35 40 37
16 22 24
3 39 21
38 9 30
3 10 39
21 36 8
7 20 37
16 38 21
3 6 34
11 37 37
2 11 24
15 29 16
40 22 9
8 29 18
13 9 8
35 42 8
31 34 5
2 24 38
21 13 13
11 39 10
35 1 17
6 2 30
2 38 4
10 40 12
1 26 11
25 42 29
15 26 32
6 1 2
32 34 23
35 20 18
9 30 32
36 8 11
36 32 36
18 27 21
23 15 26
27 23 6
35 9 17
22 36 2
26 29 30
5 16 12
17 34 5
26 6 2
11 30 17
6 11 20
34 3 2
36 5 22
29 29 34
6 33 24
7 22 13
19 15 1
4 33 19
29 15 2
20 5 34
6 29 37
27 16 7
32 38 3
5 5 16
31 10 34
30 39 29
35 20 10
6 39 22
4 19 2
4 8 9
31 27 22
39 20 32
17 34 38
2 29 18
16 28 24
10 25 25
34 28 39
14 26 28
37 10 15
20 25 11
30 18 17
24 42 7
9 21 11
34 32 37
34 10 5
12 34 4
3 29 27
4 6 3
13 2 10
30 9 22
33 13 22
40 35 29
34 7 9
36 27 3
8 4 4
17 27 27
36 8 15
3 15 8
31 5 40
30 23 8
40 40 25
33 16 36
5 16 39
22 12 30
9 38 37
36 10 18
36 31 14
25 41 3
23 19 25
24 14 24
31 14 11
13 35 31
41 2 2
21 28 8
9 14 28
24 33 10
23 11 31
7 36 37
9 30 28
5 6 10
8 14 24
13 38 19
16 40 21
40 17 12
8 3 11
4 14 23
5 9 1
23 31 37
27 6 31
18 32 6
5 16 13
37 12 9
34 42 6
19 2 40
30 8 3
34 41 1
17 11 29
3 16 6
24 39 14
2 25 4
26 4 23
11 37 15
18 23 18
29 37 24
19 26 16
36 18 9
5 42 14
39 32 9
25 34 22
6 34 21
1 17 22
19 36 22
30 2 6
2 9 20
15 41 17
7 32 33
23 17 39
20 28 40
7 4 24
4 23 29
20 22 3
7 37 9
3 9 20
28 22 36
16 22 34
37 40 26
28 33 36
25 37 17
21 11 5
14 1 31
37 22 28
37 3 14
4 25 27
19 8 6
11 38 8
17 34 38
29 35 6
33 1 1
37 18 10
31 37 14
27 3 39
33 22 30
20 35 1
2 17 6
40 7 27
6 41 39
36 36 3
32 18 11
4 1 39
8 15 27
30 37 25
22 17 11
26 37 3
37 13 25
16 12 10
16 28 31
36 42 40
26 5 9
4 16 18
19 41 7
25 22 15
2 10 39
14 15 24
22 10 22
8 22 20
32 30 30
14 8 24
13 38 37
40 30 29
29 21 19
18 23 17
21 19 19
35 27 40
21 9 19
22 18 21
30 42 22
8 42 22
7 18 10
32 22 16
20 17 8
