21 97 620 5270
2141 4122 2513 2509 2223 3925 384 2598 116 3576 2865 15 2177 313 2435 719 2789 2284 2325 2493 1300 2865 207 774 848 1460 904 2451 48 3815 1366 2973 834 178 1202 1711 204 1691 4501 4660 1403 486 2045 3883 1543 979 3587 2126 1552 142 4077 4204 2502 2121 1705 4294 3534 4444 1390 2405 13 1716 1348 3718 3837 1688 3070 1808 4567 4383 3568 3456 1098 4765 2387 3166 4409 4890 433 3585 2065 2979 3645 2985 269 3279 400 4272 3036 2561 2385 2398 2907 4223 35 232 3841 
2395 2011 4490 4596 2102 2923 1416 4841 2587 4156 3681 591 3487 1658 3324 2360 2650 4434 1413 657 2764 1694 3042 4073 1171 1939 320 1340 4236 511 1530 3828 299 2680 3747 3618 3986 3327 2516 3558 4863 3265 4671 66 2805 1038 4890 4614 2300 1176 3131 3911 186 3894 1377 4739 3866 800 4365 2466 3962 231 2446 3853 3459 304 24 2878 3136 4816 2694 3414 669 4465 4692 1219 4626 4879 4186 84 733 2004 653 1198 621 232 1763 118 3270 3976 2776 4196 4027 1910 3148 3743 2720 
919 892 1333 1555 1975 1089 3100 108 1462 3814 4421 3553 1865 2248 4277 2503 2746 3608 1967 3416 1701 3110 1837 2465 3907 3408 2035 3616 1154 465 2130 4475 3629 3350 1567 2021 45 2708 1746 4898 2361 2154 2326 16 2753 4541 238 4731 1655 4497 3727 2028 2321 1569 35 3333 4079 1029 2047 1831 4694 50 1603 936 3697 1849 2240 1182 2847 2716 3150 4683 2433 4533 803 4693 2873 1878 669 4749 656 4482 2254 4676 4426 2396 61 1036 4648 4633 738 290 865 365 385 443 1752 
2441 1554 3473 1935 1350 1642 3965 2208 1854 1878 63 4663 1569 3468 4063 2916 1201 3026 2326 1082 3622 1597 4207 3995 2283 476 2030 4801 2387 4842 191 4427 3857 1950 1966 1271 460 3470 1266 2292 2711 2617 1186 2229 993 2396 3747 1850 2299 4476 1596 3826 557 3507 2481 1513 686 1624 1853 1953 944 4003 4289 1721 4301 1324 4537 3930 1276 406 3818 4311 2517 121 97 1428 1593 3867 1061 737 997 2074 93 3026 1322 106 3836 1603 2277 804 2388 633 1773 4123 3834 4386 4579 
174 2462 26 3397 3381 4267 3277 2862 2656 4539 1977 4496 867 1991 4178 1874 3438 2166 2979 4397 3159 4571 4212 3146 186 1979 2494 607 752 2316 4135 2647 168 3934 4863 104 3849 2712 782 2695 2800 4410 381 2464 1993 717 961 3783 561 1591 4318 1903 1402 4602 1480 1977 3300 3397 3614 2678 1048 3053 3682 4088 3939 213 312 4305 68 567 4715 527 820 3141 3900 2463 2917 4404 2066 3584 2069 4679 2353 3699 4594 4384 131 415 2276 4184 1725 4258 3200 2737 3904 4409 1403 
1593 4817 2197 113 542 806 2763 4772 1298 1625 459 3182 419 1486 1111 3005 705 1340 3917 583 3063 968 4665 604 2911 4656 4815 1582 921 2023 1965 1404 1097 2516 1258 1607 2959 3790 3860 2427 1008 489 1541 4615 3175 1976 457 4831 2170 564 2610 1807 2746 4107 3805 2823 1771 803 795 2933 919 821 2312 882 3097 997 1060 2083 3285 2005 2005 3022 1806 3703 2066 1168 4194 2829 2684 2365 2980 1260 4131 4817 4198 736 3234 535 591 4329 234 4560 2135 4377 4181 4272 4163 
2075 4513 770 693 1205 1322 1834 2620 207 2433 4285 1804 3573 4663 1336 1557 48 2036 22 3771 387 534 3742 1870 3577 4292 3167 3422 324 1374 16 4525 3191 927 1602 2946 1007 605 4780 62 4362 1478 893 2650 3997 4038 2862 667 3198 4411 2263 1344 650 1773 4811 2344 3823 4711 4908 2756 2140 594 2012 1175 42 4203 2750 3111 1952 2871 347 2664 3752 1893 818 4840 496 506 3863 3583 2922 1629 4208 4604 2197 4713 2458 474 2646 2099 2366 3043 4460 1292 4083 1785 233 
4050 2086 1592 4006 1641 1336 2221 1321 2180 2126 1911 3248 3239 3589 1661 3888 3920 4479 238 539 2862 2464 263 817 939 1758 4449 3306 1240 4269 651 3854 1725 3868 4891 1373 2750 4542 274 4828 4514 1789 2722 715 312 1575 2354 1955 1780 2695 4760 3506 538 13 1587 4630 925 2359 2852 2855 3334 949 4865 4878 2897 2144 1095 3035 3272 653 1506 2834 4244 2678 3566 3760 2871 1728 4540 3346 1100 647 3857 954 4662 2455 1568 39 4219 1662 4225 3823 4018 4882 2905 3595 1936 
4595 286 628 1082 77 3472 707 217 2176 718 2803 2320 2929 4482 928 712 4691 764 4293 3079 4291 2057 1535 4334 1751 1036 2877 2530 3480 3063 659 1732 3689 2676 1225 731 1189 2248 3957 1418 1619 4200 4592 2230 668 3009 736 572 4878 2160 3941 2901 2590 3649 4238 749 2209 3782 3070 1584 4700 4485 2165 435 2967 2266 2562 956 3909 4208 2795 546 2267 3771 1602 2477 4598 4124 703 1362 4295 392 1510 1474 3825 922 918 33 4043 238 1003 4363 3762 3738 1455 3917 454 
1537 3774 3012 4905 4725 2013 2713 2490 4744 1456 4207 3419 138 34 418 639 1026 4003 2673 2536 3402 244 3516 140 4143 4612 2945 97 2615 1340 263 2695 2857 2668 623 3811 2399 3098 1458 1086 1332 3681 1322 4483 2125 4889 3582 3314 2615 4552 117 418 3850 2151 1062 1244 2198 3181 2257 811 2443 3258 4091 812 1114 4012 567 885 4705 2258 100 1822 209 2176 2589 1127 3006 997 3980 2757 2200 3567 819 2135 1676 3838 388 4363 301 2274 1143 886 4537 2544 4087 1690 2082 
4555 381 783 573 4388 4908 4501 1207 3612 1081 30 656 1003 1223 4680 2033 1720 1048 2556 3077 2089 3688 1592 2395 1101 4071 3793 2066 4538 4873 1586 2805 3767 1590 2854 2787 3947 4796 2151 3730 2958 3639 791 2637 4824 2241 1845 2825 3947 2627 4621 2805 1717 201 4871 354 501 4650 4139 2550 2710 1494 167 2605 1110 4568 2473 3409 1369 1246 3943 4595 4328 2758 1243 2755 443 3728 963 3121 184 1047 4126 1450 736 4090 3362 4283 2356 4688 936 2577 2109 4140 1068 620 4328 
4612 3386 3937 1097 256 532 2003 3855 3597 3978 2943 224 326 1811 4792 1214 4215 237 4357 1256 453 454 551 427 158 2297 2952 4846 379 3874 4365 4668 3954 1889 2575 1041 607 4121 728 3191 3221 4506 2068 48 3822 2087 167 2254 3419 2329 2166 2006 356 2989 4139 1812 2704 1950 562 1693 1928 2233 316 2317 489 1626 2336 2858 2964 1556 3832 4631 460 237 665 3382 4783 3476 4474 1656 4326 3747 1571 1877 3993 1918 4429 639 3566 1090 1077 4106 4439 2794 4123 3674 2230 
217 770 3866 596 1738 712 2559 2098 689 1992 2464 4003 4250 1315 1242 392 897 3414 4695 4269 3180 398 1970 2425 2040 3466 3986 2417 1258 4241 245 3794 1606 514 4874 723 966 462 628 883 4618 4514 4823 1082 2889 2068 2952 1417 3755 1596 715 1412 1000 2756 2843 3179 3151 442 3248 460 3771 4798 2653 3300 236 1467 4537 2986 3404 2770 750 3766 2874 511 2213 3831 2931 3604 1829 4502 3509 2815 3243 4101 1428 2994 3931 1147 4720 4635 527 1223 531 1074 2388 908 754 
3993 4748 3646 3571 4327 3131 2561 2086 409 4482 4598 4343 1139 4726 551 219 3434 3182 2433 2981 2470 2829 889 1432 2482 3604 4411 4322 312 3369 3470 4631 3549 2538 1003 4357 1578 2608 4638 563 4440 1156 1922 1016 2306 1231 1584 2306 1863 3200 900 3032 3504 3266 957 533 2453 3858 2090 2074 4561 844 1011 2917 1230 2813 2047 1964 4484 934 1126 4634 22 2662 3808 3991 3255 4424 685 2766 2380 4131 3602 504 1719 1039 4371 2019 1191 944 4631 750 4527 698 3237 4512 854 
2912 921 1473 2512 668 59 2097 4466 4358 2835 2205 273 4661 1766 706 565 2391 682 4709 4085 578 918 4562 4787 4194 4176 954 4065 805 3767 1973 2354 2892 2729 4234 457 306 1933 604 1113 806 1479 2861 2634 2974 1564 4509 4265 3327 81 1291 4105 3329 4575 2847 2268 945 3024 1165 1786 2988 4386 2230 1312 2331 4449 1385 1581 424 995 3569 4086 1256 4367 4431 2573 1601 2257 1921 1882 1484 1725 2711 2317 2269 3960 849 4024 4488 4051 3200 3296 1719 1326 4647 4407 3267 
1581 2887 1780 1256 2454 1998 1776 2262 1957 272 380 649 808 4864 489 1306 2333 1953 3522 2139 2210 1819 3050 351 2346 4194 355 3428 2174 4789 1991 4554 922 4097 4575 1491 1720 1845 4449 723 4438 3078 1329 863 4037 2372 1469 4753 1454 943 541 1706 4174 4410 1115 1594 2580 4517 262 2955 4802 4327 689 2343 260 2555 3031 3198 4066 3596 4877 3245 3360 1949 4023 2740 807 2960 1873 147 3819 1012 3294 1752 4842 17 1859 2443 3296 2202 2565 410 2023 2563 3329 1596 3595 
1301 2099 3273 1412 2674 3897 2434 3085 3992 4667 1954 4050 4705 1917 1245 3335 4372 504 4483 3496 749 212 1736 2021 3307 1500 4572 2172 3880 4792 4315 3288 3617 2980 817 4243 871 2893 3406 4467 3639 2565 715 906 863 3889 4232 2584 2115 1023 4368 4381 20 2439 3104 1610 4102 4348 3200 1912 1916 3784 3898 2630 4092 3419 830 1240 4305 2405 2531 4453 2199 1947 746 2094 1405 2492 4745 4166 2650 2894 4695 3906 2974 3311 1671 3108 3877 2023 3183 4364 4166 1145 330 441 513 
4123 4438 3447 3003 1957 1695 1812 4127 314 2389 4302 1882 906 1416 3251 2547 2823 1063 3571 4222 3698 1382 4746 4276 4581 3300 4166 3909 4268 1885 1389 2083 1700 340 1456 706 1121 4191 4086 4722 2512 37 2810 2513 3578 644 966 2724 1987 392 4512 1115 4892 4155 2148 59 4458 2518 3149 2356 3354 3560 3039 4559 2428 1584 2218 1799 1795 2031 1470 3551 1731 3286 429 3994 432 2990 4306 1347 3262 1958 3282 3341 4148 259 4480 487 4628 4611 2747 2625 2790 1036 3722 922 2947 
266 3384 4374 1911 3688 713 4394 925 519 2973 4542 1314 599 2766 2658 4781 4155 3544 4538 1259 4012 2808 2928 3889 4396 2527 45 4743 959 1835 3063 1573 1850 3164 4304 168 4262 1449 1718 1164 2108 1252 3053 3050 346 98 2528 4507 2683 4501 4142 1447 2514 3394 1996 2976 4606 4844 3077 3797 3049 1260 1004 1045 1923 1615 556 1991 963 3145 2674 1007 1545 3286 3493 1838 4106 3200 4640 1142 4657 343 1058 4784 3595 3407 4811 2094 4583 1124 1570 2393 3034 3311 1739 2687 3364 
3154 1718 2212 33 3483 1320 1995 1498 4056 909 1961 48 2420 3587 1156 4744 523 3249 1737 1691 2166 3379 4579 4890 3466 4829 3014 1707 4806 694 1802 444 692 4361 3277 384 2861 3066 682 1891 565 2968 1226 4159 2095 3505 2541 1727 2253 4260 4241 3753 3805 2107 2188 3362 3978 2524 1582 510 2263 3427 3889 3351 204 2014 379 2956 321 1349 1477 3908 3238 3720 2127 89 3306 3624 4289 1588 3437 159 4488 2463 1563 2437 800 2167 3929 309 1686 3242 2223 4435 2886 241 2405 
277 2118 1716 502 4530 1318 524 4435 2688 4633 2720 2564 4648 2398 2220 2111 2810 3552 4598 2498 3404 3263 1400 32 2774 630 4294 3394 1503 4733 3806 373 3750 3379 367 2217 313 74 2561 2097 675 206 464 1518 1657 1800 3867 2024 462 2034 1798 4430 3421 3247 3704 1350 2523 1215 2603 4525 1467 3169 1077 2878 4187 3543 887 2957 4698 2363 2267 115 1708 1334 1683 3192 2739 119 1180 4735 2873 1728 1371 3503 3291 4831 509 3324 4772 235 2141 3703 2701 844 2449 151 4186 
6 60 38
17 20 15
1 29 31
16 88 39
8 20 24
17 71 37
12 13 34
14 44 35
11 74 31
13 44 31
17 56 10
3 17 26
4 75 36
7 67 30
1 88 6
9 86 16
9 93 30
2 29 36
5 41 25
14 83 8
12 64 26
10 1 18
19 21 40
13 93 4
5 41 10
7 77 10
13 1 6
16 8 11
1 61 17
2 31 10
18 59 1
4 49 12
6 21 40
17 18 38
14 1 12
11 64 23
17 68 14
7 51 22
17 95 16
19 91 18
13 23 21
1 52 23
10 59 1
15 81 16
17 29 34
17 11 5
11 20 13
11 50 11
2 67 25
16 47 15
6 43 16
18 19 22
5 53 26
7 59 10
14 35 27
8 2 29
11 13 1
14 16 30
1 39 33
19 76 31
17 35 23
1 22 11
15 48 3
1 47 30
8 12 39
5 63 38
13 7 2
2 16 32
12 84 35
7 30 10
11 53 5
12 87 37
5 10 35
8 93 23
18 18 17
16 92 3
19 48 37
5 41 13
3 16 36
8 74 26
4 81 35
8 1 37
9 40 19
19 78 21
4 63 5
17 17 20
8 82 11
3 19 3
9 68 32
14 16 14
14 39 21
5 62 28
11 86 37
19 84 25
16 36 32
15 83 38
3 45 23
1 63 23
11 60 4
15 22 27
13 4 37
19 90 25
12 30 30
10 14 22
10 54 12
17 53 1
1 86 1
8 15 4
16 44 25
12 48 29
18 36 6
9 79 35
9 94 25
16 4 1
7 31 35
18 28 15
19 69 12
2 48 1
3 80 12
1 58 24
18 7 39
16 61 17
13 90 39
11 17 4
11 20 34
17 47 20
13 10 21
13 27 21
6 8 31
7 27 30
14 64 3
7 34 36
7 33 37
18 73 8
7 31 8
17 1 14
1 16 36
17 34 4
14 6 11
10 33 24
8 55 23
8 45 36
19 56 28
1 41 6
8 17 26
19 22 17
11 93 13
10 63 1
19 38 36
13 92 29
10 13 28
3 23 37
10 41 17
11 3 36
6 31 34
6 43 11
1 79 36
18 60 24
7 49 13
16 62 1
6 41 19
4 30 17
4 35 8
3 21 40
2 22 18
1 63 6
10 65 3
19 78 9
12 2 31
9 18 18
3 28 18
9 89 32
16 39 23
10 64 30
9 51 40
18 11 35
15 54 25
17 95 33
11 4 39
9 60 27
12 40 10
7 25 39
13 29 10
7 85 25
11 13 15
15 44 13
18 47 11
11 88 35
9 37 33
7 66 40
10 73 36
10 2 40
11 72 8
3 14 35
16 64 33
18 34 22
5 30 35
6 33 10
19 26 22
9 46 19
10 23 27
4 33 36
9 49 33
1 46 33
19 77 10
14 74 27
5 2 32
15 69 27
17 13 17
19 95 40
1 25 16
5 82 31
19 2 25
13 30 13
9 8 32
15 52 18
8 73 31
10 12 7
15 60 30
14 60 4
7 28 25
7 65 39
9 14 31
1 62 21
5 49 5
11 90 14
5 22 34
6 22 38
4 40 20
7 94 10
19 80 15
1 37 24
1 65 31
1 55 10
11 8 3
8 38 13
8 30 34
4 13 15
12 23 3
1 4 8
13 67 37
4 95 34
14 90 36
2 61 9
5 65 32
13 46 14
19 1 40
8 77 23
7 45 25
7 82 19
6 83 6
4 61 8
3 80 39
7 22 11
8 88 35
8 36 31
4 95 21
19 6 35
19 41 31
5 38 1
11 82 24
19 95 15
17 17 4
16 56 9
6 89 35
12 25 23
2 20 4
14 5 35
8 69 6
10 44 23
2 37 4
16 76 25
11 27 35
11 82 5
3 63 38
6 68 37
19 94 38
8 94 33
12 27 9
1 71 15
1 51 34
7 2 19
4 42 3
9 69 14
1 34 33
10 79 24
4 61 7
16 12 1
1 26 10
16 67 19
3 77 31
4 7 12
19 8 38
15 10 2
18 68 29
17 15 11
5 46 30
9 93 28
16 64 34
12 7 8
10 4 32
11 62 4
19 42 32
9 83 5
3 48 6
19 82 39
18 26 39
5 40 11
3 83 25
4 60 7
16 93 29
6 84 1
4 28 8
17 50 36
3 82 14
7 24 20
13 70 18
7 34 12
1 47 28
15 79 30
16 28 17
2 79 22
3 59 2
13 79 7
19 35 21
5 64 1
14 22 14
18 83 24
16 22 30
18 14 30
10 64 21
5 86 35
6 49 36
1 94 11
13 24 16
17 71 24
5 48 40
6 18 5
1 16 16
16 5 13
13 4 8
2 70 40
12 33 1
2 42 36
7 13 25
8 29 2
3 56 39
11 40 31
15 22 16
17 76 13
16 6 32
3 44 4
9 32 28
15 32 15
12 67 20
4 55 23
17 94 19
6 24 25
5 84 13
5 6 22
8 16 27
1 4 6
4 5 4
8 55 6
19 9 24
19 43 22
6 84 5
11 20 33
5 83 38
7 74 38
10 66 33
15 46 35
4 62 17
4 31 7
2 50 26
2 88 27
3 86 22
11 77 22
15 68 3
10 62 38
9 36 1
14 30 21
8 29 18
13 36 21
17 62 17
19 41 5
19 60 24
7 80 31
5 46 12
8 43 8
2 46 21
3 79 5
18 37 36
17 2 35
15 67 40
15 79 10
17 1 14
16 38 9
18 19 21
8 33 28
12 94 24
16 31 4
5 90 25
6 94 38
19 22 7
12 53 34
1 36 36
18 81 5
11 47 34
7 85 2
5 9 10
5 25 8
6 29 3
13 41 40
2 63 10
12 87 31
4 35 9
16 35 35
11 1 22
2 22 19
12 17 14
14 90 2
14 2 33
5 35 3
9 26 27
13 93 32
2 24 36
16 30 23
11 61 38
2 43 27
14 60 24
5 67 32
16 50 31
11 55 11
7 68 24
5 42 19
3 86 26
15 46 34
6 65 7
16 75 34
13 60 26
18 89 13
19 55 7
17 42 4
19 19 26
6 58 35
13 60 5
14 20 38
18 61 32
2 27 2
13 11 23
7 17 5
2 9 21
1 80 12
6 35 38
9 63 17
14 91 36
16 9 17
11 90 6
13 25 17
17 64 11
4 53 21
7 33 24
7 76 8
6 21 4
2 81 1
8 69 5
3 58 10
3 77 28
6 86 20
17 44 12
11 56 21
8 6 29
6 16 24
2 58 17
18 34 37
17 7 10
2 89 13
10 33 30
7 30 1
2 5 2
9 37 2
11 73 26
18 90 17
13 86 7
1 20 13
12 36 18
11 36 8
8 9 32
14 76 31
1 80 3
19 18 37
7 41 35
15 45 19
18 47 30
2 74 16
18 87 22
9 84 10
1 14 10
16 75 10
11 74 14
17 60 12
10 64 7
9 1 3
15 76 34
9 26 1
13 93 20
5 63 5
11 69 11
14 20 27
15 59 37
2 47 20
14 29 10
19 39 2
12 39 13
11 81 14
11 31 18
18 91 6
1 9 4
2 93 19
4 70 6
19 95 27
18 23 27
15 95 5
17 52 4
15 31 38
13 80 13
4 39 33
9 83 14
2 75 20
19 28 12
1 66 33
1 26 24
7 84 12
11 8 30
17 34 18
6 75 25
11 23 25
13 87 6
18 11 7
9 7 24
5 10 38
6 11 13
3 79 10
7 6 28
12 20 10
18 44 36
5 74 40
11 60 24
1 78 13
7 26 13
4 16 21
11 63 26
17 53 3
8 34 24
13 29 14
14 76 14
5 47 9
11 52 6
1 30 8
4 24 13
3 37 36
5 60 26
6 52 28
9 55 26
4 4 12
19 38 6
17 58 15
8 68 19
15 46 10
15 31 39
15 50 20
17 52 20
3 72 24
3 74 20
11 6 33
8 16 20
2 68 4
2 93 32
14 84 3
5 45 31
3 72 37
2 17 40
17 49 12
18 70 19
2 94 32
2 18 13
3 87 36
10 23 24
18 75 35
10 26 2
1 35 16
11 85 7
2 74 38
4 94 26
9 44 28
9 25 5
4 49 28
12 63 2
15 62 21
12 8 33
18 14 38
10 37 9
13 90 29
12 88 33
4 46 17
19 55 2
3 60 29
15 95 27
4 9 2
3 44 6
12 59 15
16 93 39
11 44 33
10 52 23
10 31 12
12 67 7
9 48 19
18 74 27
9 69 38
17 58 5
17 75 9
5 49 32
12 42 22
15 37 7
5 6 38
12 6 37
17 4 3
3 76 27
8 95 9
15 86 17
15 74 35
9 58 26
10 73 19
17 31 35
8 8 12
2 28 14
11 76 30
8 41 6
5 9 7
19 17 11
1 14 14
19 92 28
5 92 28
11 95 11
15 22 8
19 85 10
15 81 13
1 13 34
13 16 30
2 53 15
3 66 24
15 84 23
5 49 12
4 17 5
6 35 7
19 33 7
3 37 17
7 12 37
3 25 36
3 54 36
2 85 9
3 94 17
16 48 9
18 72 8
4 7 7
19 42 38
13 95 6
6 26 17
10 64 3
7 37 10
2 61 1
2 40 8
13 94 8
13 48 40
2 89 33
7 69 8
3 95 16
4 1 26
5 59 38
3 60 16
19 37 25
11 4 3
14 18 16
16 22 12
5 24 34
18 34 7
16 16 38
14 85 30
8 30 34
11 4 24
5 55 33
12 3 10
11 95 40
12 77 19
14 55 8
3 60 40
6 11 38
18 45 3
7 95 31
18 55 37
2 2 21
4 15 1
17 88 35
7 68 30
2 91 4
9 57 27
8 26 39
14 45 22
3 64 34
18 70 17
4 14 34
8 28 9
14 66 12
11 73 24
8 50 34
1 8 28
18 70 31
8 47 1
18 43 14
2 47 21
13 24 26
18 47 18
12 29 37
2 12 22
9 45 20
17 63 33
11 20 8
3 4 1
13 56 27
4 4 11
5 82 19
10 67 13
19 45 2
15 69 28
19 21 23
16 71 36
5 73 22
13 16 7
17 46 9
13 71 11
8 65 17
18 90 19
10 73 22
10 43 3
9 59 37
6 43 12
9 75 16
13 50 8
5 49 24
17 60 23
1 17 27
3 89 1
17 30 23
14 40 33
12 20 2
16 94 18
17 94 6
12 81 3
3 65 38
3 78 11
13 45 27
19 51 7
9 22 34
3 95 7
17 38 22
16 34 16
9 65 32
8 49 17
13 87 32
17 62 23
19 7 19
5 53 30
10 79 40
5 83 6
17 80 21
1 61 6
19 2 38
5 38 30
12 81 20
8 88 5
7 54 17
18 4 26
7 58 21
6 64 21
16 30 40
3 77 12
8 37 6
18 86 16
10 22 5
12 59 6
4 2 36
15 47 21
12 81 24
16 12 4
16 29 22
18 77 27
16 13 13
8 72 37
10 91 3
18 25 23
13 36 5
14 31 29
5 3 18
1 93 6
10 33 4
9 53 30
11 11 10
7 77 18
1 47 18
10 17 31
9 68 2
17 76 1
11 22 37
8 2 12
3 47 4
9 28 6
18 10 33
18 63 24
14 37 1
14 43 22
18 52 27
15 26 19
3 10 10
16 5 9
5 1 16
16 2 34
17 73 16
10 8 25
3 48 33
19 57 30
11 2 35
12 61 32
16 48 1
6 91 26
13 53 1
1 93 12
7 19 4
9 62 16
15 36 33
3 72 19
12 12 37
3 55 22
15 5 3
19 88 8
11 25 32
7 94 20
6 55 8
12 33 18
2 6 16
10 20 19
2 55 13
17 92 10
10 87 31
5 53 14
15 82 37
3 5 32
14 77 31
12 9 16
12 93 21
18 5 22
4 56 23
8 12 11
9 28 1
16 9 35
10 14 40
11 59 7
16 6 34
14 41 17
15 63 14
6 41 2
1 36 28
11 87 40
8 42 4
4 69 4
3 94 18
7 72 20
7 26 11
8 74 35
6 23 8
13 31 39
5 85 33
15 40 1
10 71 27
11 22 22
3 13 3
1 32 27
12 83 2
12 95 5
8 27 23
18 57 39
4 34 39
6 26 2
17 66 19
8 17 8
18 85 18
17 47 4
14 13 15
6 80 32
13 42 6
11 46 24
2 15 31
10 4 29
2 89 23
8 23 8
8 64 7
14 52 40
18 18 11
19 94 11
13 34 39
17 27 35
18 50 12
11 94 9
10 68 15
18 66 7
18 93 5
2 37 2
10 26 40
1 42 33
2 8 21
13 86 14
11 44 30
5 27 19
17 11 15
15 79 24
15 61 8
2 35 13
4 30 2
10 12 40
11 87 14
16 89 33
4 49 32
7 9 1
18 30 29
10 3 5
14 35 27
14 48 3
3 19 13
4 38 11
10 14 2
18 47 29
10 92 2
2 20 7
19 30 4
9 85 35
9 25 14
10 87 18
7 74 37
6 13 1
8 31 11
15 77 29
4 78 33
17 13 29
11 49 13
17 61 35
7 17 2
5 84 9
5 26 36
16 52 20
16 18 35
18 71 40
2 40 21
13 60 29
15 75 25
5 79 32
4 26 35
1 11 15
4 12 11
6 68 1
11 28 12
1 4 26
7 70 19
18 37 15
5 95 19
17 19 6
12 75 17
11 13 5
9 47 39
1 58 40
2 40 18
17 19 26
11 21 15
16 88 18
10 12 6
18 51 39
1 5 29
1 43 8
10 30 11
18 36 34
3 19 10
7 44 36
4 41 22
18 6 21
11 31 14
12 84 35
4 45 2
16 91 36
12 26 23
8 15 4
11 65 15
2 81 28
11 7 14
7 73 36
4 95 8
6 44 33
6 25 26
1 13 33
3 14 16
10 39 20
13 32 28
10 45 32
2 56 13
8 92 30
9 92 26
10 36 29
3 22 31
10 68 29
14 73 15
7 59 20
14 60 27
15 7 23
2 76 24
6 75 17
13 50 37
10 30 12
13 33 6
1 5 11
9 64 35
8 70 16
19 43 15
10 47 26
13 68 29
2 78 7
15 72 19
4 79 29
6 24 4
1 72 34
19 5 8
14 70 38
3 54 24
19 27 23
16 73 29
4 10 7
14 19 1
18 42 20
8 11 13
8 81 38
4 30 30
19 64 13
18 25 19
11 18 8
7 18 6
6 73 17
4 48 19
10 23 19
8 13 1
4 27 38
8 95 6
8 20 31
11 88 14
15 92 34
2 91 33
7 37 29
16 42 40
3 65 10
12 13 35
16 12 18
7 30 23
7 43 25
13 3 9
8 34 12
16 38 31
12 69 16
15 7 27
2 91 26
14 55 18
10 42 21
4 43 39
14 16 11
8 55 22
16 62 28
19 17 4
11 61 28
16 94 32
10 78 3
8 24 10
5 8 37
5 88 9
11 33 29
13 45 35
18 74 19
13 87 19
16 80 3
16 19 17
11 81 1
5 34 15
6 13 4
3 24 22
5 11 16
2 13 8
4 95 9
1 37 18
10 10 15
10 63 22
14 85 29
13 34 26
1 57 31
10 73 35
10 4 13
13 90 6
7 70 3
18 47 17
13 21 30
5 48 17
9 42 6
2 10 6
7 82 7
16 30 9
2 80 11
17 62 26
15 87 23
14 74 34
13 34 12
4 43 28
16 92 5
8 47 1
9 57 19
13 2 8
8 19 6
17 42 12
3 94 13
14 53 26
8 47 18
16 20 38
1 13 5
8 66 17
1 15 32
1 38 19
9 21 22
11 17 12
8 21 31
11 90 14
11 16 22
10 28 22
3 57 28
1 18 17
5 82 20
10 15 32
4 82 29
14 25 26
4 19 11
9 50 33
11 14 21
6 19 14
18 82 37
17 73 24
13 67 16
17 78 10
4 35 16
15 29 37
13 19 7
6 49 36
16 7 1
1 34 33
9 30 32
10 8 35
14 22 8
17 17 8
18 36 12
12 63 8
5 29 35
3 43 29
13 80 38
13 55 1
15 17 29
19 77 31
12 27 37
17 4 21
5 92 34
19 89 1
9 29 22
2 18 17
6 24 21
1 70 26
11 70 6
8 89 22
12 81 35
19 91 2
11 67 9
1 88 13
3 37 40
9 69 19
18 94 27
15 25 20
14 51 13
9 57 8
8 89 32
12 5 28
2 61 7
9 29 18
12 42 15
12 51 32
1 61 11
5 55 37
4 77 13
9 51 8
11 70 22
12 40 17
11 82 39
8 71 33
5 94 4
19 36 38
18 69 17
11 30 26
4 87 19
12 33 22
11 19 15
3 94 1
19 17 37
2 68 21
15 71 18
7 60 5
15 17 11
2 13 25
13 40 19
19 13 17
16 26 12
10 13 22
2 13 18
18 61 16
1 16 8
14 25 10
14 2 10
7 91 9
7 56 36
17 22 17
10 50 38
12 89 37
1 40 12
6 37 16
13 10 27
17 28 11
15 76 24
4 70 28
17 43 4
1 60 24
1 66 27
7 33 34
8 16 23
18 36 8
17 77 30
14 35 25
18 74 22
7 40 17
3 52 2
14 55 30
11 5 24
1 27 38
12 9 26
6 42 30
4 30 3
4 33 8
11 43 34
16 88 16
19 63 32
18 11 27
9 48 35
10 41 29
14 55 6
15 51 12
6 6 14
8 34 24
13 33 31
6 50 12
5 71 15
9 92 38
12 58 29
4 95 4
14 52 10
1 92 21
12 10 35
15 49 13
14 90 29
13 8 40
1 23 27
2 20 17
12 83 4
4 43 34
8 11 15
10 69 23
4 15 20
14 64 39
13 12 12
15 19 11
16 57 8
13 78 20
17 94 21
3 53 40
5 51 29
14 36 24
7 62 14
3 21 23
6 67 35
7 10 17
19 3 23
18 1 25
3 66 12
10 45 27
6 36 17
15 33 31
9 16 25
11 33 3
1 21 27
19 85 24
6 38 8
4 36 16
9 59 9
18 46 22
18 55 37
17 90 31
17 69 35
4 81 20
7 58 10
6 89 1
13 35 13
3 62 38
6 93 9
6 32 29
19 28 27
19 43 21
5 53 5
7 55 2
12 69 3
9 61 25
2 59 11
2 57 29
5 55 39
13 14 12
10 30 34
10 94 8
19 43 15
12 20 36
11 35 18
4 25 28
15 55 19
2 92 20
6 16 29
11 81 36
8 24 19
16 54 19
18 89 14
2 59 25
2 38 16
7 14 10
11 50 31
18 84 2
13 9 19
16 72 40
4 30 16
8 19 17
11 26 29
2 9 2
3 38 38
8 21 38
18 51 15
17 18 19
12 79 15
2 23 34
5 47 29
1 48 1
9 61 30
8 73 20
16 79 29
6 45 17
14 81 36
10 27 28
8 49 35
17 34 17
11 30 32
1 16 25
8 41 27
6 20 16
11 9 25
8 34 24
14 65 19
3 15 23
9 8 37
1 46 17
19 1 37
5 46 8
9 95 19
1 16 11
11 10 2
6 71 3
7 37 21
16 73 23
11 22 17
1 17 16
16 62 8
8 39 3
19 63 34
19 40 30
10 81 4
15 2 22
15 77 8
11 36 39
4 9 6
15 9 8
9 33 40
16 21 24
3 8 28
18 30 20
6 61 2
2 39 24
3 25 30
12 45 37
2 21 35
7 70 30
3 93 8
3 10 30
6 4 31
13 38 11
10 64 25
15 94 23
6 64 33
17 63 12
2 3 4
3 81 32
14 28 8
17 29 34
4 58 34
1 22 5
1 93 19
13 81 16
7 29 31
17 55 12
5 19 24
13 73 23
12 59 40
1 6 1
19 20 36
16 89 6
19 23 24
17 9 12
1 19 19
2 45 6
11 32 40
13 14 3
3 84 1
9 48 38
7 8 28
7 76 20
15 26 11
18 51 35
10 5 33
2 56 28
5 14 11
16 32 15
4 94 27
5 34 35
12 76 33
7 30 3
14 57 27
10 55 4
6 18 30
11 48 40
15 85 35
18 80 21
4 83 31
9 61 5
14 35 38
10 8 35
13 21 21
1 4 20
13 65 40
8 80 2
12 1 1
4 32 2
1 53 26
16 4 11
7 29 26
11 52 35
4 39 9
7 80 15
19 5 17
6 49 40
1 3 17
14 59 2
2 71 40
3 9 36
17 36 35
17 80 19
2 73 25
18 93 24
9 26 26
19 37 22
16 94 5
12 14 40
17 48 23
13 90 7
6 45 30
15 81 24
10 47 16
4 64 32
16 90 23
16 32 40
5 30 14
1 42 22
16 61 40
14 14 16
5 60 4
3 21 11
16 51 21
1 43 33
18 20 35
10 54 18
10 31 25
11 89 23
12 91 40
14 4 39
4 72 29
15 81 29
1 15 16
17 8 31
5 86 36
13 26 11
16 62 5
19 13 35
16 29 35
2 20 31
11 85 12
18 18 35
16 42 5
5 14 4
12 21 5
2 26 31
2 93 1
11 34 32
17 13 34
19 53 9
2 63 6
18 7 40
4 83 2
9 26 9
8 9 31
4 47 30
19 44 26
6 40 4
8 30 32
7 1 10
17 25 17
4 18 3
17 79 9
15 15 13
11 90 13
3 93 38
9 48 30
5 77 11
12 3 27
5 60 34
6 95 29
1 64 20
4 64 34
19 67 28
17 23 28
10 39 14
16 11 39
19 85 28
17 84 20
15 95 39
19 58 29
15 12 8
12 15 5
17 33 6
17 80 9
1 69 40
4 10 4
7 11 30
8 48 16
1 21 22
10 34 25
19 40 22
12 26 11
2 89 33
11 46 17
2 46 27
1 92 40
4 66 35
13 64 1
8 54 28
18 13 9
17 4 22
9 57 38
18 13 6
12 62 6
12 40 6
1 83 17
16 18 20
4 48 36
7 85 21
10 34 5
8 42 34
6 25 18
16 8 25
11 57 6
4 62 22
16 2 37
4 68 27
11 75 15
14 63 33
7 94 2
12 74 16
18 6 5
17 48 8
10 23 17
4 14 13
11 87 39
12 73 7
8 27 2
17 92 5
13 70 32
15 74 3
9 45 23
11 15 19
14 45 24
6 17 36
4 32 40
13 19 17
5 59 19
8 41 40
18 19 5
9 7 30
3 59 27
18 31 30
13 55 21
3 37 9
18 80 2
15 58 29
3 83 12
11 79 10
15 21 27
3 33 26
19 1 40
15 60 25
5 61 11
2 55 28
13 70 33
8 38 11
12 4 32
12 19 38
11 27 21
11 72 2
2 88 36
11 19 11
3 1 38
10 89 33
14 10 38
18 90 22
13 73 4
18 28 39
6 4 30
6 46 34
14 40 25
1 3 38
14 6 30
9 12 28
10 4 11
10 24 6
1 46 13
2 65 22
9 8 18
14 30 23
9 23 8
14 45 36
9 53 34
10 14 23
10 54 8
9 57 7
13 21 28
12 92 17
7 69 4
16 23 12
7 41 21
14 13 16
2 32 31
16 45 29
18 5 40
19 22 9
17 72 11
4 3 19
7 53 18
1 95 10
2 23 16
2 38 3
13 2 38
12 71 34
1 17 16
13 85 29
5 53 39
16 56 4
2 39 34
18 15 35
15 9 2
13 38 26
2 67 30
14 89 27
9 16 14
15 76 21
14 41 14
5 6 18
17 76 34
18 94 40
1 34 18
16 89 19
8 19 36
7 32 35
16 9 20
19 84 34
15 35 36
13 81 17
15 25 34
12 52 26
10 16 33
15 59 27
3 32 33
12 34 17
15 90 2
17 38 15
4 66 36
12 5 2
19 3 12
14 78 22
19 56 12
12 51 30
13 81 5
8 4 5
17 90 15
16 86 3
11 82 25
4 73 7
6 8 4
18 7 18
16 37 9
7 90 21
17 57 15
9 43 27
17 37 10
13 18 5
15 75 8
7 28 24
1 56 31
16 79 24
8 12 4
11 47 35
6 44 29
15 59 40
3 23 31
16 50 15
7 85 24
9 44 7
8 93 34
15 65 36
16 20 33
6 78 18
10 16 14
6 7 23
11 80 5
3 68 39
7 47 4
11 81 12
4 30 19
7 62 24
6 93 17
11 76 31
3 1 33
13 37 35
2 43 33
8 81 13
19 48 7
19 66 2
11 19 23
3 29 18
18 80 17
5 88 22
18 85 11
12 34 17
8 48 13
19 6 28
10 59 28
1 93 13
3 30 18
11 3 9
16 67 17
11 81 9
14 81 4
9 19 36
13 73 30
5 56 27
15 32 5
9 64 20
4 4 7
18 70 28
14 24 10
6 60 18
9 79 39
15 7 19
4 32 31
6 83 25
10 47 13
12 11 18
16 56 35
3 86 3
16 16 32
12 68 22
8 64 6
14 39 16
5 67 39
12 88 35
13 60 34
3 25 33
1 18 21
13 95 2
3 57 14
15 40 30
16 73 36
16 29 37
8 1 25
16 69 15
1 4 32
19 52 4
17 85 19
13 22 23
5 63 17
12 46 10
12 15 29
19 64 8
9 44 14
14 23 9
16 52 29
14 15 18
14 44 38
6 47 25
11 14 32
14 4 40
12 81 21
8 24 3
5 13 38
12 10 16
11 16 13
7 43 3
1 65 4
9 73 1
19 17 17
11 54 18
9 48 37
13 94 17
9 39 23
19 37 7
19 65 11
15 15 40
1 44 4
2 38 24
11 16 18
17 46 5
12 25 31
15 71 12
6 15 10
6 16 36
14 90 26
12 35 25
6 42 13
3 69 5
11 92 35
7 92 32
17 37 26
2 81 36
12 10 10
8 43 38
4 20 40
13 59 2
8 42 3
10 91 21
16 60 14
14 47 29
10 9 3
6 13 18
3 85 37
6 21 31
19 62 28
16 18 2
15 64 38
2 15 2
16 43 20
13 10 39
8 84 17
11 21 35
7 31 9
18 77 16
18 21 9
5 65 2
8 93 5
4 51 32
9 64 10
19 40 16
1 56 4
10 9 27
10 69 29
16 23 10
2 18 39
9 88 27
12 42 6
6 86 21
11 55 7
9 81 39
1 28 14
16 15 29
1 68 36
7 59 13
19 64 26
10 8 35
19 89 36
5 92 17
19 66 19
1 55 36
9 59 12
13 93 20
2 12 4
6 95 11
3 82 34
7 87 25
4 53 34
6 2 27
8 47 15
12 54 10
10 41 5
8 44 13
8 11 7
17 95 2
7 47 15
13 12 22
16 69 37
14 68 24
10 79 1
15 1 7
11 9 21
16 75 4
7 43 26
12 94 37
1 33 37
9 63 5
16 92 27
13 57 9
11 3 23
11 78 2
18 67 26
13 87 1
16 34 27
19 73 35
17 80 1
17 56 32
7 61 12
2 61 35
19 31 37
19 50 33
17 51 21
13 76 38
9 18 1
3 59 36
6 7 24
10 67 29
8 90 31
6 51 35
4 81 28
19 9 8
1 91 4
19 10 18
7 83 36
1 69 29
16 8 10
12 58 15
3 29 18
7 12 12
8 60 38
8 61 38
13 18 34
14 55 39
16 51 28
11 9 15
7 65 19
4 92 4
5 57 15
5 60 18
5 62 13
7 67 25
17 48 11
18 64 2
14 36 27
19 30 26
5 78 39
10 65 31
15 53 5
18 62 17
3 46 35
12 3 35
17 64 22
5 39 32
8 36 3
7 71 40
3 18 9
1 32 39
3 93 10
3 24 19
9 66 17
1 85 32
15 85 32
5 10 9
16 52 23
3 92 8
19 73 38
10 42 34
1 20 3
1 35 31
16 59 4
7 49 13
7 76 28
12 82 36
18 9 37
19 77 20
17 90 33
15 26 22
17 86 34
15 17 12
7 17 20
14 46 4
8 10 29
3 25 1
6 90 3
18 33 19
2 28 25
13 41 1
8 8 3
9 54 39
5 44 5
6 17 21
1 36 26
12 77 11
7 32 26
9 15 37
4 76 23
7 6 18
17 76 22
16 87 12
17 54 27
19 84 28
11 2 3
13 49 35
10 88 9
13 19 13
15 49 40
10 25 36
19 35 34
10 51 1
3 32 18
12 33 35
19 39 13
13 8 12
1 19 39
16 82 39
18 3 38
14 34 8
11 38 9
17 31 35
9 93 18
17 48 25
16 47 35
19 32 23
14 22 21
1 94 17
13 11 22
5 82 24
11 9 11
9 85 14
16 22 32
7 57 18
9 84 29
18 63 26
5 35 27
8 20 34
14 92 11
9 56 31
18 32 24
4 57 40
5 84 26
6 57 35
2 11 34
4 29 17
11 10 13
17 83 4
5 47 24
1 54 15
6 4 2
3 30 9
15 2 16
8 32 38
2 43 26
9 44 23
8 87 28
1 31 10
2 63 38
15 28 34
5 34 10
8 3 21
19 15 21
1 37 34
14 45 16
7 44 12
17 60 25
5 32 14
1 36 26
9 11 40
8 43 8
1 37 35
10 10 38
16 22 9
15 95 34
18 61 19
4 44 3
14 51 10
3 25 26
11 32 38
17 29 37
11 53 29
9 30 32
5 50 34
17 53 2
1 32 29
4 40 27
16 35 27
11 7 30
1 52 7
16 32 18
14 11 39
13 88 18
11 26 10
8 72 23
10 53 30
19 58 3
4 31 27
13 65 27
4 61 29
9 1 1
2 58 28
17 22 18
10 44 39
17 56 36
10 16 19
14 76 19
15 95 23
10 9 32
8 59 2
5 4 28
10 79 39
18 93 35
8 11 24
15 9 29
12 82 4
6 7 9
6 67 9
3 39 21
19 28 16
6 49 10
16 60 17
5 17 21
11 35 10
18 30 7
16 32 10
10 30 15
4 80 27
16 44 24
12 12 1
6 59 14
5 20 23
12 62 20
16 4 38
3 40 16
4 33 18
16 18 26
4 10 19
4 59 40
8 70 37
6 80 24
9 13 10
8 9 38
7 57 22
16 66 19
6 42 7
19 43 11
5 23 5
4 17 36
11 11 20
4 17 7
16 38 31
16 13 32
13 15 14
2 61 16
4 70 24
5 86 23
19 68 29
1 77 8
3 81 4
19 2 29
16 37 25
13 29 27
2 64 9
12 66 38
1 13 25
18 59 39
19 77 39
19 55 23
18 66 35
1 85 22
18 51 24
8 47 10
6 89 19
17 5 8
12 6 36
5 35 27
12 79 33
5 44 2
5 30 19
14 22 10
14 51 24
17 52 14
9 90 15
9 36 38
8 50 18
9 18 34
7 19 8
12 36 35
19 44 39
5 92 19
1 22 32
5 95 29
5 92 29
3 64 40
14 89 24
2 27 8
14 65 39
19 40 3
9 45 14
6 61 22
7 13 7
3 28 23
3 80 6
16 76 9
5 53 18
1 30 36
6 36 10
11 92 9
15 92 6
13 66 35
7 39 30
4 62 1
5 48 25
3 49 36
6 68 25
19 81 37
4 15 33
6 3 14
16 73 17
2 40 27
15 28 25
10 61 27
6 80 19
10 65 39
6 7 12
8 76 38
9 74 18
9 29 3
9 35 11
8 5 23
3 85 11
16 62 12
7 92 16
10 10 19
4 26 10
8 85 30
5 91 37
5 10 39
16 20 38
12 89 1
10 58 5
5 79 25
1 67 23
13 59 8
19 65 4
5 55 8
2 52 17
17 10 36
3 92 21
16 17 20
10 50 1
5 68 10
16 85 16
5 44 32
8 14 22
6 11 33
12 44 28
19 23 21
15 64 2
15 64 26
12 93 37
11 40 16
7 66 31
19 65 6
13 9 14
8 78 28
11 15 25
14 73 28
2 44 3
17 66 23
13 72 1
10 90 27
17 39 23
9 63 40
7 68 28
17 88 35
17 55 23
8 32 40
2 23 36
5 62 5
6 91 16
4 58 27
17 80 26
11 7 19
18 50 2
6 73 33
12 87 14
17 34 29
4 91 37
16 51 32
16 80 30
5 83 35
1 73 24
1 26 32
6 11 15
14 26 38
11 14 38
15 6 39
1 52 2
9 20 5
9 94 39
14 1 19
2 8 40
17 84 3
16 4 37
15 21 18
14 90 16
2 14 21
8 57 18
4 31 13
15 62 20
12 29 23
3 22 6
15 79 35
16 86 22
10 93 26
19 83 18
1 69 22
16 12 20
7 16 24
3 18 31
1 9 15
16 53 6
3 61 12
10 12 30
18 68 4
18 66 38
5 36 11
14 91 37
19 63 36
3 21 27
17 74 29
14 47 19
7 32 12
5 58 30
1 6 24
15 55 2
3 25 31
7 83 8
10 94 11
9 31 7
11 11 30
11 95 10
3 65 31
16 9 19
6 58 37
13 46 20
10 18 34
4 10 4
11 73 25
14 9 20
13 78 21
9 54 21
2 18 20
1 73 16
6 8 5
1 42 15
6 84 20
14 24 27
13 47 35
7 42 25
9 6 26
13 15 30
8 19 28
11 65 6
6 39 11
3 87 34
17 73 10
15 10 22
8 88 20
5 10 26
18 93 27
8 1 20
17 63 35
2 48 17
7 2 34
4 52 28
8 93 34
4 88 3
8 73 10
12 19 31
1 23 36
4 89 26
12 22 23
3 54 30
6 29 9
9 83 24
13 81 19
16 28 37
18 89 10
3 13 3
7 11 13
12 57 10
5 89 40
11 13 13
18 87 40
7 93 25
15 61 8
12 76 3
14 86 9
12 54 9
14 65 31
8 79 27
5 30 25
13 38 9
8 84 3
7 23 10
8 23 34
14 90 19
9 43 21
6 37 3
1 23 2
15 54 17
9 27 36
18 17 3
13 32 38
9 14 13
19 65 35
12 76 28
12 70 38
3 77 26
9 24 34
17 62 24
18 37 1
7 81 7
3 4 25
3 58 15
14 87 18
1 69 8
4 67 24
15 50 2
6 4 23
7 86 27
9 48 21
3 52 30
16 2 15
4 64 34
16 49 22
5 22 1
9 20 13
13 86 31
11 54 23
15 37 13
2 8 8
11 82 12
13 2 29
6 70 9
12 62 17
14 53 34
17 15 29
13 32 20
11 34 18
11 33 38
7 90 37
13 82 9
5 5 15
15 54 24
7 36 26
7 80 9
3 77 22
18 61 23
11 27 5
2 38 16
9 60 13
15 40 14
13 32 27
17 92 31
13 33 6
7 77 35
4 17 17
11 73 16
12 30 5
18 47 10
18 60 20
2 53 20
4 37 36
10 6 21
6 90 40
11 95 17
10 15 34
18 30 8
17 18 2
10 63 35
18 21 5
10 34 9
16 50 33
19 45 16
17 56 9
19 85 18
10 50 13
7 27 2
5 17 9
12 54 33
13 8 11
11 52 36
7 45 30
18 37 30
3 70 33
18 23 32
19 36 28
2 5 4
2 74 16
19 5 38
9 21 19
10 65 28
4 64 6
15 57 19
8 79 35
2 77 22
12 56 12
3 30 30
3 39 5
18 40 12
7 17 8
10 23 15
6 93 30
19 53 31
3 85 39
17 12 13
7 60 21
19 73 22
19 29 7
7 24 30
17 9 37
16 34 34
10 17 9
11 90 38
17 45 27
13 88 31
1 80 40
18 35 12
17 91 7
5 66 7
18 3 16
9 4 1
17 93 14
13 94 31
11 70 9
17 58 29
14 83 5
13 2 13
15 39 22
9 59 7
7 88 15
17 82 9
19 5 8
4 77 39
19 91 9
12 31 5
19 53 2
10 82 9
11 64 13
11 26 38
18 59 6
17 69 2
17 2 1
16 15 35
8 43 8
2 66 18
8 58 21
13 8 20
3 55 34
17 87 20
13 76 17
5 8 21
13 34 22
13 51 31
15 24 38
4 41 2
9 37 14
14 50 3
16 23 40
3 63 10
3 89 40
10 32 37
18 67 8
11 36 24
11 6 14
7 71 6
10 83 14
17 32 14
12 11 28
15 79 7
3 93 40
4 16 22
3 57 11
1 53 35
11 79 16
19 78 4
16 43 27
9 57 26
6 17 2
14 25 9
12 2 35
3 92 5
18 87 9
17 90 17
12 89 20
17 49 15
12 87 24
19 67 13
3 40 3
14 89 25
12 53 15
4 86 28
2 22 6
7 54 6
11 19 17
10 39 4
17 78 10
7 60 1
13 85 37
9 43 1
3 88 17
9 25 40
11 68 23
3 63 6
3 92 10
1 77 34
9 19 9
10 61 39
16 38 11
14 88 19
14 26 33
3 75 18
7 16 2
4 28 8
3 20 6
11 82 16
12 8 33
4 74 32
11 77 30
15 55 2
18 83 15
18 3 40
19 36 3
19 39 27
1 45 4
6 49 28
5 32 36
1 36 9
6 62 39
11 5 3
12 87 37
6 87 1
13 13 24
3 67 17
19 40 20
16 52 13
1 63 28
4 37 8
5 8 6
15 29 14
12 41 20
19 41 1
6 48 23
8 73 20
6 77 27
16 79 12
11 37 12
13 5 31
8 76 34
12 71 17
6 81 13
2 60 7
8 30 8
5 88 35
1 32 25
8 89 30
8 87 4
11 7 15
11 86 28
10 15 23
6 14 23
6 65 32
9 94 7
5 66 33
1 82 37
1 49 22
13 64 25
10 38 4
1 68 8
18 91 36
3 61 27
3 9 2
5 17 1
13 65 15
8 2 40
7 26 9
9 73 18
11 32 33
4 10 23
19 36 22
4 65 22
16 60 9
5 22 15
15 12 3
19 26 19
4 10 21
9 58 13
9 15 9
4 3 16
4 81 7
14 18 18
16 77 37
5 90 30
16 60 30
13 20 1
13 13 1
2 61 2
5 53 19
13 91 12
6 20 14
6 36 40
4 4 35
6 25 25
1 34 25
16 52 4
15 55 16
9 64 34
3 60 34
7 27 33
8 34 34
2 33 4
17 65 22
13 89 36
18 66 39
4 4 29
3 22 37
11 6 7
19 21 40
19 59 13
2 73 20
14 83 8
4 23 40
8 75 40
10 55 40
12 78 32
10 88 36
6 60 18
12 87 39
8 21 14
2 17 15
10 87 37
4 16 33
9 47 27
2 38 29
10 87 3
9 21 23
17 66 12
16 12 10
15 57 1
18 7 10
18 70 20
13 39 33
19 7 31
3 21 31
2 74 10
11 89 37
8 6 8
3 38 4
16 68 31
16 8 6
10 2 7
16 78 33
10 76 1
19 84 22
2 72 11
15 17 8
6 94 35
12 42 2
18 54 12
14 10 37
13 41 4
1 45 20
8 66 22
10 67 12
6 11 10
13 67 21
6 66 21
3 51 15
14 35 10
19 48 25
3 81 10
7 58 15
8 54 17
3 44 35
19 10 11
11 49 36
11 95 7
3 85 22
17 71 35
3 10 2
4 25 33
4 86 10
18 80 23
7 27 7
9 32 12
18 28 13
12 87 17
11 18 30
1 64 16
19 84 28
5 12 36
7 60 3
3 46 35
9 66 30
9 64 35
9 75 35
12 37 13
1 35 37
1 65 5
14 9 10
8 40 2
1 31 30
5 42 29
15 12 40
10 46 29
13 53 7
14 23 9
9 30 13
16 78 14
11 71 23
10 58 23
6 69 8
15 23 38
13 80 25
16 93 11
12 83 18
6 31 3
4 79 6
16 50 7
12 83 37
13 87 32
17 15 4
12 90 29
10 87 7
10 37 4
18 4 14
6 33 16
5 48 26
8 63 29
16 67 16
10 2 12
12 10 34
17 54 21
4 19 7
1 55 7
6 73 24
17 83 4
10 81 20
12 68 23
10 86 3
1 95 37
18 65 16
5 65 36
2 72 13
12 41 36
18 68 26
14 82 16
16 19 33
7 36 6
2 77 28
16 10 23
16 17 29
15 59 19
14 87 14
2 20 25
12 70 9
11 67 38
11 57 28
2 49 40
1 82 26
5 84 11
11 29 40
15 20 27
10 83 15
19 41 40
13 47 6
5 11 1
6 52 24
19 47 17
11 66 13
8 72 10
2 58 15
16 10 37
12 48 21
9 35 3
2 20 40
10 79 39
1 4 39
4 46 33
19 3 21
9 45 14
5 86 16
18 51 27
13 85 25
6 83 40
4 36 9
12 88 34
3 40 19
1 44 19
18 55 25
6 66 15
11 76 37
1 19 28
16 63 4
17 68 4
11 74 31
10 79 8
13 38 4
5 29 3
3 18 35
1 40 23
8 19 31
19 49 4
6 56 3
18 21 39
15 42 18
18 46 14
17 29 14
5 91 28
16 26 38
18 48 38
9 87 26
1 85 3
8 85 23
11 41 33
8 21 29
3 52 20
6 40 27
7 42 35
14 19 24
9 43 38
16 75 34
5 75 10
11 51 40
16 80 2
4 8 20
7 74 2
15 47 15
11 30 16
18 20 11
10 74 4
5 28 13
18 22 18
15 78 7
9 20 3
17 80 22
12 65 14
13 30 30
8 48 27
12 38 5
6 29 29
12 32 17
4 71 30
2 94 18
13 35 5
5 43 30
12 72 40
16 46 1
18 2 23
8 82 40
7 19 39
3 84 12
11 59 18
10 34 23
12 3 17
14 12 15
1 26 4
12 74 31
10 49 7
7 41 25
16 86 37
16 79 37
12 75 37
19 64 37
6 40 18
2 37 26
8 50 22
1 44 37
10 23 10
12 76 13
5 19 12
5 16 36
11 12 38
7 31 23
1 90 31
7 11 24
16 47 29
9 42 14
17 64 19
15 13 2
2 33 40
6 6 6
13 72 13
4 74 35
11 80 34
4 67 20
8 11 8
1 22 25
17 48 7
18 25 33
8 21 9
14 42 7
18 17 30
10 59 17
3 65 26
13 92 36
11 11 37
12 23 3
11 19 5
9 20 12
1 36 7
4 12 38
11 30 3
9 3 28
4 35 36
13 56 12
18 57 37
13 15 1
12 37 34
5 21 24
19 60 23
12 92 23
6 44 6
2 68 6
6 3 14
1 73 14
4 79 29
13 74 1
15 64 9
18 18 13
16 74 8
18 95 34
11 89 2
10 76 6
17 48 18
14 36 31
10 59 10
14 47 8
10 2 1
6 68 4
8 92 15
14 23 14
8 83 28
6 80 7
18 70 23
13 78 23
8 1 16
8 88 23
17 26 38
3 56 30
5 54 30
19 33 21
3 74 40
6 61 35
2 81 12
13 90 39
15 80 8
13 73 26
10 41 39
8 51 25
12 83 9
2 30 23
19 39 36
7 25 12
8 30 2
17 38 30
2 58 17
19 65 17
4 58 6
19 41 5
2 52 34
11 77 29
7 65 8
19 13 15
12 67 24
16 92 14
13 66 33
7 70 32
5 48 21
10 11 6
16 92 19
11 31 40
4 13 32
19 50 16
16 48 1
2 37 34
11 25 17
19 59 20
15 65 20
13 35 2
5 2 9
12 61 20
19 38 16
8 45 25
13 87 17
4 26 11
15 64 28
1 22 37
5 30 12
9 35 7
17 64 17
17 8 17
2 31 32
14 13 34
1 68 3
16 18 4
19 10 36
14 31 34
13 34 40
9 47 2
5 50 25
14 64 25
7 84 12
11 81 31
4 17 21
12 68 18
15 33 11
8 4 30
12 79 6
5 87 35
2 67 21
19 67 39
5 25 32
16 46 27
3 58 29
19 81 29
7 38 40
7 56 5
8 31 19
1 4 22
11 59 23
6 34 20
9 36 37
17 57 13
17 77 40
1 11 9
19 53 31
7 88 15
11 86 18
14 14 31
2 59 23
8 74 38
13 95 33
3 81 23
6 33 32
19 44 17
16 39 35
17 52 21
6 8 21
16 23 40
5 35 39
10 10 39
14 92 13
15 59 39
6 5 32
7 34 40
5 89 30
10 4 10
15 15 40
12 70 10
7 13 34
19 35 28
15 89 22
17 67 3
11 53 35
19 72 3
5 30 15
14 41 22
3 71 13
10 83 18
9 13 29
16 88 27
18 12 25
15 86 31
9 31 26
8 87 2
5 95 28
12 90 21
2 7 35
18 5 19
17 9 33
11 91 5
4 87 26
7 65 9
9 3 15
1 6 35
3 73 21
10 91 29
3 54 17
5 30 8
12 54 13
10 8 11
15 39 29
3 66 2
7 62 25
2 80 16
1 26 23
4 14 28
14 8 20
12 68 38
3 2 4
17 54 6
6 82 29
19 49 25
2 56 13
19 71 22
3 84 35
13 59 10
9 27 40
3 33 8
11 12 13
1 46 11
14 92 37
17 20 10
13 56 39
4 63 25
7 61 14
6 72 14
12 66 39
15 11 3
13 38 16
11 20 26
13 20 30
19 92 12
14 85 2
14 86 37
3 84 21
14 16 36
3 8 14
4 44 33
3 80 5
11 46 25
11 63 12
8 80 29
5 27 9
12 43 22
12 34 36
8 91 11
7 75 31
6 95 25
17 9 10
8 11 14
4 60 35
9 52 33
19 32 36
3 6 26
12 58 29
4 13 39
16 74 4
15 3 25
6 73 35
1 74 14
12 13 18
3 30 35
6 22 31
12 10 23
15 14 23
8 6 4
7 50 7
8 76 6
5 50 40
3 19 39
2 37 24
12 33 25
9 15 21
11 35 13
5 8 14
3 58 31
19 14 23
11 30 15
2 85 15
11 32 37
15 77 39
13 35 20
6 36 15
5 75 31
2 3 1
15 82 19
19 59 35
3 8 19
16 87 1
6 4 19
4 54 26
10 18 34
11 76 4
13 30 10
5 95 27
16 17 11
1 11 3
14 27 10
2 50 19
8 58 15
15 75 2
5 43 39
5 56 34
19 43 10
3 8 32
15 35 26
2 95 9
16 3 34
18 13 39
16 46 25
12 3 8
11 43 30
18 38 19
8 51 26
13 80 16
12 23 25
17 38 36
11 73 35
6 23 1
2 45 19
3 50 20
4 13 17
14 44 34
12 39 24
14 29 28
4 29 34
4 88 29
18 73 25
8 91 22
3 1 17
9 38 25
19 53 7
5 75 29
18 7 28
5 52 16
11 16 9
8 27 26
18 69 28
8 65 39
15 92 25
9 26 24
17 85 40
13 46 9
9 19 12
18 91 28
4 16 14
2 29 1
17 37 4
19 90 34
9 40 16
11 87 5
10 54 23
4 84 32
13 49 11
1 15 32
4 5 34
17 46 17
3 34 37
4 60 32
5 43 10
2 9 40
13 39 37
7 6 16
3 14 24
15 31 35
15 3 38
9 4 25
12 3 17
10 17 21
7 15 38
6 75 1
8 33 18
18 73 31
3 90 2
7 77 34
1 22 11
19 33 23
1 3 12
19 26 39
12 26 32
4 17 19
2 94 20
8 88 21
8 46 29
16 3 1
5 8 31
9 33 15
18 19 1
16 14 38
8 28 36
2 30 1
19 17 30
4 55 6
14 16 9
17 74 37
17 30 12
14 58 7
2 95 32
11 20 20
13 90 36
1 48 22
18 79 29
9 31 23
16 24 38
13 88 25
15 40 13
4 71 18
7 92 5
9 19 16
10 40 36
7 12 31
1 89 2
5 64 28
5 38 15
5 69 39
19 2 39
15 6 19
10 64 28
7 70 9
1 66 2
1 58 38
17 75 18
1 34 35
19 89 21
18 62 22
5 36 13
2 49 25
14 37 2
9 94 28
16 25 34
9 44 14
12 60 33
10 12 11
8 7 31
17 23 10
18 83 24
8 20 16
5 16 11
8 52 39
15 87 20
7 6 24
16 75 9
19 4 19
12 6 3
3 49 29
16 78 1
2 51 13
11 69 3
13 62 4
19 36 38
18 21 2
6 54 23
3 27 6
2 57 38
9 21 19
16 57 38
13 54 40
15 73 16
7 41 12
13 40 22
13 86 27
4 78 4
12 69 35
4 28 3
10 17 2
2 38 3
19 22 10
2 51 40
12 45 4
4 3 2
6 38 31
4 11 1
8 86 31
9 51 4
18 10 11
1 90 11
15 81 22
16 37 26
6 7 3
6 23 26
3 75 14
12 21 7
16 34 11
4 75 35
12 61 20
18 18 2
8 53 2
3 8 23
12 64 5
6 18 16
1 64 26
17 65 15
13 15 20
5 69 31
12 80 25
15 59 32
2 50 8
12 78 4
19 88 17
19 9 1
8 55 9
10 4 40
9 25 36
11 90 8
16 75 30
10 10 27
3 73 31
7 56 39
4 72 19
16 24 4
13 65 15
16 76 13
9 78 8
4 6 18
4 12 34
6 22 24
9 34 23
19 48 23
10 55 29
9 69 37
7 69 8
16 27 11
6 37 37
5 49 10
2 37 37
18 70 26
12 22 17
1 86 13
3 31 35
4 34 39
12 11 36
13 47 17
2 14 35
6 77 2
4 73 15
8 9 25
3 80 10
19 32 40
10 45 4
4 12 7
18 32 6
5 71 34
17 62 10
12 13 19
16 67 18
19 71 8
16 79 19
5 86 3
5 73 15
17 2 29
6 65 24
13 84 3
18 49 10
13 45 5
17 4 32
13 28 21
14 74 27
5 15 16
11 83 15
7 51 15
4 90 36
18 72 11
17 40 30
18 64 30
1 59 4
17 24 18
9 52 34
4 79 21
8 41 19
13 5 37
18 54 24
13 50 30
2 13 20
16 89 1
18 66 3
13 47 29
14 51 9
15 46 20
19 35 35
5 40 30
13 47 4
1 5 16
7 34 36
10 82 40
5 58 18
10 17 35
19 87 27
1 76 39
14 8 3
18 94 14
7 46 31
3 67 15
13 13 37
11 56 30
7 13 40
12 58 8
8 54 17
2 45 37
15 67 24
4 50 15
3 60 7
19 81 14
15 44 19
18 46 34
13 62 11
17 31 24
3 82 10
18 91 9
15 26 32
5 48 24
12 64 17
15 70 33
18 38 22
8 29 34
4 25 26
12 3 31
4 50 25
5 21 39
4 83 38
1 64 28
19 78 7
15 23 15
5 90 23
9 29 7
2 35 33
19 46 20
6 26 35
18 69 7
7 17 27
16 94 31
12 54 21
4 36 39
15 89 33
2 24 22
15 1 2
14 53 16
3 28 26
8 82 8
4 52 6
3 5 32
9 77 23
7 91 22
1 40 1
11 11 6
14 72 15
12 66 25
4 58 13
10 17 7
14 92 10
10 58 20
17 43 35
13 24 20
14 75 38
1 59 10
14 92 39
1 16 40
9 45 18
15 62 12
14 89 10
3 42 25
16 13 3
15 11 20
17 62 28
3 43 24
11 20 3
8 92 38
12 20 37
7 60 5
19 41 40
4 17 31
9 74 15
15 49 21
9 17 21
2 6 10
10 6 12
14 34 21
5 63 37
13 36 24
10 78 37
18 18 23
13 46 16
17 42 17
16 7 11
6 58 10
11 73 31
4 29 35
4 8 3
8 44 19
7 57 16
9 64 9
14 88 20
18 4 1
16 59 22
8 65 20
14 93 37
3 86 18
8 80 21
7 52 40
10 6 22
14 50 23
3 73 8
19 8 28
14 80 9
9 37 19
17 12 19
9 49 26
8 90 33
7 25 3
7 64 4
5 7 19
14 34 11
8 85 39
3 21 8
6 16 6
17 59 38
3 79 30
9 49 12
19 15 7
11 72 9
5 43 5
16 25 11
18 48 21
2 52 14
4 74 12
13 56 10
9 89 7
12 48 23
13 50 18
17 28 30
3 17 11
6 74 4
16 90 20
15 88 34
3 29 6
16 6 14
9 34 33
4 80 7
17 9 12
4 82 32
18 36 38
12 76 22
15 57 15
10 85 18
10 20 16
15 6 16
8 94 15
4 18 36
10 50 27
4 3 11
7 2 38
11 87 5
4 36 1
12 78 6
11 71 27
6 70 9
13 23 11
2 34 19
3 68 3
9 88 38
3 43 4
1 65 16
2 73 40
8 11 15
5 63 21
5 35 40
12 44 24
17 78 28
10 27 40
1 92 5
9 58 40
8 68 38
14 92 8
12 60 6
12 66 28
5 60 27
4 49 18
13 88 8
9 57 2
9 15 8
14 64 33
2 94 40
8 34 5
6 51 24
13 64 27
19 3 3
5 17 32
13 35 27
2 87 4
15 37 25
4 87 20
8 61 17
8 21 33
18 82 28
19 28 29
14 10 14
7 80 2
8 43 40
14 32 30
14 92 33
14 6 13
6 83 38
17 3 33
17 50 26
10 20 2
9 69 29
8 5 13
13 92 10
2 30 8
7 31 15
9 16 28
7 40 29
2 59 26
15 47 28
11 13 6
12 64 11
1 42 7
4 1 5
14 52 11
10 86 7
8 6 6
17 29 25
16 12 10
9 2 10
5 95 14
6 48 12
15 38 5
12 85 19
17 78 9
6 74 26
19 32 20
6 27 12
4 61 32
13 18 37
9 81 16
2 60 7
10 70 13
14 36 36
14 62 38
16 36 34
3 6 9
17 24 23
8 47 40
14 88 19
2 35 37
8 9 13
1 87 30
17 53 31
4 8 25
14 32 21
6 53 20
1 16 1
12 78 4
6 22 15
1 55 25
9 85 19
16 9 18
7 60 6
12 18 13
13 91 25
1 89 20
12 80 23
4 26 16
13 32 14
1 37 2
7 51 32
3 77 9
9 12 18
9 25 2
9 40 15
19 27 31
19 46 3
8 33 40
11 17 3
14 49 23
5 48 40
1 14 34
3 90 22
11 20 33
16 11 40
18 31 30
12 42 39
12 15 6
1 46 29
6 52 5
11 30 30
18 31 27
10 28 37
2 67 37
16 28 26
16 33 7
3 43 5
8 68 6
19 84 34
11 28 2
1 54 37
17 62 26
16 55 30
6 67 27
10 61 35
8 64 21
14 48 15
12 35 15
10 46 7
6 24 16
10 43 18
8 1 40
1 80 39
15 13 11
11 34 3
7 15 31
1 58 29
4 31 36
1 24 19
17 6 15
3 95 13
17 39 24
9 50 18
17 65 29
12 45 30
11 91 30
8 49 13
12 45 1
19 87 2
11 28 6
2 92 34
16 20 5
4 50 34
4 52 27
5 23 31
6 58 27
18 26 16
1 16 15
14 42 9
10 95 31
1 72 4
16 94 28
13 78 28
13 51 4
19 74 9
13 57 6
17 49 1
8 30 30
2 53 18
18 18 2
16 9 6
3 51 24
1 29 11
17 24 33
16 67 19
3 83 7
1 15 3
5 12 28
9 46 16
10 60 25
4 14 30
10 8 15
5 35 18
7 83 13
19 49 13
3 7 19
12 26 5
12 21 8
10 74 36
15 72 2
5 86 19
11 27 39
14 68 33
5 74 21
4 30 31
12 60 22
16 81 34
18 6 10
15 40 34
15 77 22
11 92 18
16 59 15
18 78 14
1 36 6
9 23 13
11 67 4
5 80 27
9 92 19
17 95 32
18 14 35
13 5 31
8 22 10
17 34 27
14 63 34
4 15 15
2 3 28
5 35 21
13 36 25
14 93 7
17 51 24
8 9 36
3 95 22
3 35 38
13 80 18
5 93 30
15 92 9
13 25 38
11 33 25
1 6 28
1 89 13
19 19 8
12 70 18
16 72 5
14 84 32
9 20 9
9 25 22
11 94 36
12 48 1
10 62 20
10 10 16
19 37 32
12 37 31
7 38 14
16 9 7
8 57 19
4 90 19
2 8 32
2 23 13
18 47 30
16 38 14
17 23 18
13 71 16
11 4 10
17 93 11
4 22 10
17 59 6
7 65 23
2 42 22
4 63 31
18 81 11
2 86 40
11 27 7
17 47 11
12 66 19
10 40 26
13 1 36
4 54 8
18 16 33
10 45 17
9 11 6
19 35 5
9 81 22
13 38 14
8 63 22
15 93 17
3 73 14
19 37 9
15 61 35
15 64 12
12 15 2
6 19 19
5 57 38
5 77 32
19 35 8
10 23 17
19 47 12
6 28 19
13 1 22
5 16 10
4 24 14
2 70 9
9 45 15
7 65 13
4 79 9
8 28 11
17 70 32
10 93 27
1 18 5
13 64 2
15 24 2
10 84 7
5 55 26
7 71 29
8 88 8
6 9 27
2 44 16
13 69 18
12 15 9
1 62 2
2 79 21
7 55 37
16 94 21
16 25 33
17 10 24
2 72 7
8 62 2
9 40 31
8 57 28
11 35 3
17 5 6
18 78 15
8 45 33
4 74 38
4 83 13
9 92 31
19 27 14
6 80 7
17 40 19
8 16 22
1 52 5
17 84 38
18 76 11
14 53 9
16 58 20
8 39 6
6 12 6
12 91 40
1 46 10
3 53 37
17 28 2
13 80 34
2 92 3
17 19 24
19 24 28
14 71 16
5 95 15
11 31 6
7 24 33
8 76 6
9 26 15
3 25 5
6 7 37
17 17 20
19 33 30
10 20 39
5 50 31
15 41 14
16 79 27
4 85 32
8 22 16
12 83 22
4 1 21
19 52 39
11 49 26
19 4 29
6 89 28
10 35 23
11 48 5
17 65 23
18 35 36
18 1 33
10 47 10
5 35 16
5 91 3
9 52 29
8 74 8
3 4 5
11 83 23
14 82 6
8 6 39
15 83 34
19 38 36
18 86 31
1 42 20
18 33 6
8 64 5
16 87 18
14 37 31
9 85 28
8 95 2
12 20 36
7 14 18
8 78 21
11 53 26
7 57 28
9 5 28
19 46 15
3 88 36
18 80 31
2 71 11
6 18 4
2 68 40
12 18 32
5 61 39
7 22 27
6 63 29
7 31 7
15 89 13
12 17 18
6 64 7
10 13 25
6 42 21
2 30 26
10 3 28
14 75 37
16 61 38
9 57 27
10 40 38
12 78 33
10 88 39
2 50 40
17 60 15
13 29 34
8 52 3
16 47 29
10 60 35
18 47 5
6 76 40
12 17 6
12 41 8
10 24 9
18 91 36
2 79 16
2 34 30
6 5 7
16 75 12
2 91 16
6 47 4
17 29 10
2 10 1
14 40 37
1 73 29
7 79 26
15 51 13
1 24 9
13 79 21
9 59 3
14 55 20
17 24 23
10 61 18
10 70 8
15 24 9
13 46 7
8 16 19
6 36 14
14 27 32
14 36 34
12 79 34
14 34 33
3 82 2
12 42 10
5 82 8
14 55 33
16 46 17
4 86 11
6 80 16
7 74 28
14 95 2
9 70 32
3 31 18
13 89 8
11 46 8
12 2 31
10 24 9
14 30 30
17 1 20
14 67 28
16 78 5
18 26 29
19 9 40
3 75 1
3 55 12
11 37 34
10 60 15
8 56 11
12 24 40
12 56 14
10 9 14
9 28 18
16 84 13
13 29 19
11 35 10
10 65 20
14 54 11
15 83 28
12 14 33
16 42 30
19 19 17
14 47 37
11 41 21
2 77 27
2 69 38
3 21 33
9 95 17
8 33 39
17 49 23
4 61 33
6 80 7
2 29 24
6 29 7
9 88 24
6 81 31
16 24 26
14 5 9
3 77 7
5 18 9
3 40 8
5 41 30
10 51 16
5 18 31
10 18 17
16 78 36
15 14 13
11 94 19
13 71 27
18 40 9
6 5 7
2 63 37
17 12 12
9 89 24
5 22 24
7 61 40
19 14 29
13 27 14
11 74 12
19 58 24
10 13 14
5 8 37
8 82 20
9 53 21
14 27 37
3 18 22
2 47 20
1 28 37
1 78 22
11 8 36
17 81 29
4 81 39
2 55 25
8 27 3
14 92 5
10 12 37
11 1 38
17 40 12
19 26 10
19 66 20
14 50 11
7 64 40
12 92 9
19 30 14
14 59 28
13 30 20
3 15 16
8 22 26
2 35 5
1 32 15
10 24 14
16 72 7
2 10 7
9 64 26
14 45 27
4 57 36
18 61 19
2 34 22
19 32 8
1 2 23
4 70 22
7 75 40
17 5 23
11 54 26
8 21 5
11 59 31
14 77 39
17 88 5
9 87 20
9 86 29
9 72 35
6 76 37
4 76 24
10 4 32
3 63 38
5 85 17
6 2 28
16 82 9
1 91 39
18 59 32
8 82 11
18 81 33
17 83 28
10 11 14
18 67 28
4 48 8
16 21 12
3 90 18
19 64 22
13 44 34
17 9 22
11 29 22
7 39 29
7 50 24
5 68 39
3 73 39
7 78 27
4 10 38
8 32 11
5 42 5
2 67 7
16 84 21
12 74 40
4 20 12
6 27 36
17 11 16
10 92 16
11 82 19
8 62 17
9 8 18
18 58 5
12 17 12
16 20 35
14 57 17
11 34 21
12 59 30
15 24 11
7 84 21
12 11 18
4 7 30
9 64 30
18 84 9
17 90 5
5 87 13
7 75 9
3 23 28
16 20 4
19 7 13
14 22 12
12 92 14
9 67 15
5 91 15
13 48 13
19 55 2
17 21 10
19 90 18
7 5 36
2 82 28
14 25 28
5 74 15
2 93 23
13 50 19
13 28 8
15 49 8
2 78 9
2 52 24
2 95 21
10 62 9
6 16 21
7 95 18
8 66 20
7 2 30
4 80 4
14 89 34
16 94 27
13 13 4
16 93 10
8 12 2
3 54 9
11 23 5
5 88 40
16 9 33
10 65 12
17 9 15
4 68 17
16 18 36
6 60 38
16 91 4
13 6 23
19 54 20
5 49 14
1 2 10
13 91 3
8 94 32
11 56 39
3 9 26
17 86 32
6 53 21
18 95 39
17 54 35
1 59 27
2 5 25
7 47 32
11 82 6
4 58 20
2 35 29
5 87 11
18 12 8
12 11 11
19 45 14
13 31 3
3 40 13
9 55 35
17 28 3
2 57 16
12 83 18
3 16 1
10 64 9
16 29 15
6 8 30
14 2 2
7 84 24
14 58 30
13 61 21
11 45 7
12 7 34
5 93 20
16 9 5
7 49 1
7 27 27
6 14 2
4 39 19
3 23 20
18 45 19
3 87 15
1 29 31
17 1 7
3 8 11
4 88 17
13 40 29
13 49 29
8 81 20
8 52 15
4 53 11
16 76 29
9 80 26
1 58 15
10 13 26
9 58 8
5 62 20
7 64 3
8 37 31
12 47 37
15 18 6
8 83 2
3 59 7
15 8 13
14 85 38
13 46 17
8 40 32
18 7 15
19 30 12
4 56 23
16 91 38
5 26 2
4 58 17
16 11 40
18 58 15
15 42 28
11 10 18
2 86 18
1 72 16
11 2 21
5 43 9
10 20 31
7 11 25
1 16 19
9 25 10
7 17 25
16 10 2
16 31 5
3 58 12
11 93 24
12 59 28
10 20 32
12 20 4
6 83 11
13 22 12
4 7 32
6 12 17
13 63 16
11 10 9
18 87 24
1 60 15
12 1 32
13 83 11
5 79 40
7 41 22
6 34 19
13 70 20
17 61 2
11 77 30
13 82 12
6 14 34
19 60 15
7 69 36
5 71 35
7 9 32
10 53 14
5 36 6
17 75 22
9 29 1
19 15 33
8 29 23
8 13 16
8 3 40
15 66 34
9 81 5
5 42 20
13 73 32
12 61 8
5 21 9
7 76 32
9 83 10
3 29 14
7 19 26
7 91 25
1 28 21
11 45 4
1 67 9
7 49 6
7 69 34
3 83 38
9 38 29
8 55 18
7 14 31
2 37 32
8 26 27
9 85 24
9 15 16
8 57 36
14 56 39
8 89 23
5 61 6
16 58 15
14 51 39
9 84 39
10 36 29
15 9 39
11 29 24
9 3 24
19 43 16
12 41 16
13 91 22
6 32 32
1 92 8
18 46 37
7 93 7
5 43 35
16 48 8
1 3 32
4 21 11
10 75 31
17 36 29
7 40 22
5 61 28
1 49 2
12 41 32
1 45 33
18 94 33
15 73 33
18 12 4
7 51 18
16 38 29
8 37 37
18 74 40
16 31 7
17 3 22
1 16 10
3 21 32
13 24 1
17 36 1
3 19 37
9 57 1
18 27 29
17 16 33
4 58 17
15 21 14
5 14 16
5 95 28
14 80 1
10 90 31
5 62 12
3 41 7
19 73 18
6 11 29
15 29 7
12 76 25
9 4 17
6 54 8
18 59 26
7 38 9
10 14 10
15 67 25
3 18 35
9 22 1
5 60 2
15 73 19
17 74 21
18 62 23
16 75 14
2 37 10
12 8 7
15 13 16
15 41 18
16 7 7
19 21 12
10 73 38
15 75 10
13 43 18
4 8 34
11 79 31
16 90 2
5 45 25
12 11 29
5 23 26
19 66 39
16 15 30
18 21 24
4 89 16
16 73 30
16 12 6
3 68 29
3 32 17
13 12 15
3 41 2
2 26 15
8 43 22
7 58 38
5 83 5
1 20 19
19 81 33
14 28 16
18 78 38
1 15 33
16 68 10
14 18 40
9 90 31
12 67 29
4 93 31
16 7 36
8 91 33
14 6 39
13 19 29
13 34 23
5 79 39
2 36 23
13 5 13
14 89 14
12 85 11
14 76 12
19 29 4
17 30 1
5 89 3
12 63 2
17 78 19
4 83 1
2 84 17
15 86 31
12 62 34
9 70 6
17 70 39
3 73 36
1 33 36
13 8 28
12 52 13
6 49 17
18 43 21
7 18 40
18 43 5
3 11 39
19 83 29
13 13 8
10 43 16
10 1 32
13 89 2
8 9 8
6 37 13
1 41 19
8 14 38
11 77 24
1 53 31
7 4 5
18 13 36
7 15 7
9 63 10
7 51 23
11 15 18
4 71 31
14 13 18
7 40 37
13 19 15
11 10 23
13 70 14
18 1 36
7 9 38
6 81 11
13 92 21
16 76 37
11 19 40
3 92 5
9 12 9
13 52 19
14 9 36
13 81 12
13 5 9
2 38 36
13 14 6
3 41 7
14 14 39
6 31 2
15 19 20
14 51 31
6 10 17
2 6 3
2 56 33
2 79 25
2 54 32
14 87 5
5 33 40
3 60 39
12 43 26
14 34 13
13 2 23
2 91 30
8 53 9
17 54 10
7 42 18
4 19 13
19 35 35
15 55 40
10 92 31
5 64 14
11 26 13
15 72 26
18 86 9
4 22 6
17 66 3
13 88 20
18 56 1
4 4 11
3 94 34
10 45 11
12 12 32
8 53 13
3 34 11
2 4 23
13 93 2
19 34 35
4 62 29
5 52 14
17 68 6
11 43 28
19 29 23
2 73 5
2 59 23
10 43 19
9 11 23
5 4 14
3 60 20
16 49 12
6 69 13
15 90 2
8 72 8
2 10 20
5 57 21
17 41 18
11 40 34
14 58 14
9 61 15
5 37 7
14 34 21
12 29 38
8 13 24
18 23 31
6 11 10
8 95 19
15 40 8
3 40 28
12 22 10
5 84 22
11 82 11
5 21 37
11 73 19
4 8 7
18 49 13
17 70 12
3 39 35
8 59 18
14 61 1
6 25 13
10 41 5
14 14 40
16 65 16
10 32 1
3 60 30
9 95 21
5 20 39
14 68 10
10 9 1
2 13 37
12 40 17
1 80 25
3 75 30
1 92 27
10 86 39
16 72 26
17 2 39
12 48 6
5 31 24
2 40 34
1 64 14
3 60 21
19 68 31
9 80 9
11 36 13
15 36 15
7 73 20
12 16 40
5 21 9
2 61 13
14 6 40
12 62 10
18 12 1
7 70 40
5 82 12
7 64 30
18 11 20
9 58 22
10 69 1
10 87 1
15 49 38
5 43 29
18 74 33
7 5 27
3 60 22
12 93 24
1 69 11
1 88 16
3 81 38
1 17 40
14 86 4
8 70 23
12 87 19
15 7 13
19 5 12
14 81 40
6 10 21
12 46 35
2 26 2
11 78 13
17 6 1
4 24 39
9 56 30
19 91 32
3 64 14
6 88 12
13 34 10
18 62 13
4 72 25
8 44 31
1 70 32
5 48 32
12 39 1
19 61 33
15 13 40
7 7 25
2 45 18
7 56 18
15 33 11
3 78 4
5 62 25
18 83 25
10 92 18
14 46 32
6 17 2
1 30 40
15 11 37
12 81 16
1 83 8
10 46 37
15 74 29
17 53 7
10 22 32
10 52 40
11 59 32
7 18 3
14 17 1
9 19 9
19 52 3
2 36 39
16 3 9
1 41 39
16 44 38
17 39 9
18 81 11
7 42 9
15 11 14
8 22 32
9 35 34
11 68 23
8 30 11
19 17 36
12 48 25
7 71 6
18 65 31
1 43 2
6 64 13
4 78 33
6 82 3
8 43 11
16 78 31
4 12 32
8 68 20
17 88 19
17 51 36
2 88 15
14 80 33
1 74 31
3 57 40
10 3 27
12 5 7
14 16 40
19 34 14
16 3 33
6 70 24
2 45 19
4 78 9
11 66 37
18 34 10
7 20 14
7 74 13
15 53 19
19 76 19
12 23 31
17 90 37
12 92 2
9 21 7
19 51 6
4 37 1
4 26 29
14 49 9
18 40 28
5 43 18
12 1 18
10 69 21
13 83 24
9 84 19
15 35 28
14 56 15
2 3 12
15 61 40
2 28 17
7 8 18
14 67 40
17 49 15
2 89 1
13 9 29
11 20 16
7 91 25
1 2 1
14 62 19
5 50 12
2 68 8
9 44 10
11 44 17
9 75 15
2 41 40
8 72 3
9 65 12
3 47 3
7 5 11
16 77 22
2 31 28
9 3 29
12 2 28
17 77 12
10 33 39
17 82 3
7 1 32
15 80 7
18 44 11
6 77 25
8 94 15
4 85 33
10 84 33
16 28 12
12 23 20
8 76 2
15 28 23
15 79 1
19 51 34
17 80 11
15 24 40
11 10 34
6 17 23
15 95 26
13 77 40
9 49 13
11 21 15
18 62 28
14 20 18
17 83 3
17 34 32
8 36 35
1 66 35
19 67 14
5 13 6
19 90 15
2 88 20
16 5 16
5 56 31
10 11 13
19 20 38
16 46 37
17 72 12
5 59 32
3 56 30
9 52 36
17 4 23
8 31 30
5 90 20
9 43 40
18 70 13
10 48 31
2 42 32
18 26 37
14 77 12
12 34 6
7 57 15
17 47 27
6 42 17
6 3 21
11 37 29
11 26 40
7 39 15
10 43 34
7 40 22
8 86 39
2 66 29
6 32 25
7 86 28
15 88 16
10 42 24
18 67 25
16 77 7
13 8 30
1 13 5
19 35 34
16 17 6
16 14 9
4 31 8
12 47 28
10 40 38
17 58 28
16 16 10
7 74 1
7 40 3
17 78 1
18 76 17
13 89 10
1 61 17
2 9 21
8 35 19
3 80 4
1 86 24
10 73 39
18 48 19
5 90 19
18 26 25
6 19 27
11 91 33
1 49 22
6 22 39
11 94 19
2 15 33
14 10 22
17 84 1
1 75 12
16 38 6
14 40 25
11 73 18
4 95 21
17 72 39
14 17 7
11 9 26
19 3 9
6 57 19
4 52 1
3 31 25
13 47 7
14 3 33
6 18 10
18 72 8
12 91 5
1 6 37
15 63 1
9 44 22
13 63 9
5 7 11
6 36 2
16 77 35
19 65 8
15 90 4
15 89 2
1 9 20
5 81 16
18 77 23
2 25 36
9 26 2
3 52 4
18 6 13
4 18 18
13 16 38
19 52 11
5 79 7
2 84 5
14 69 13
3 58 36
2 93 35
6 71 33
1 58 23
14 57 15
5 51 1
18 73 40
13 3 35
10 33 38
3 9 36
1 90 7
5 85 5
7 40 8
10 84 31
17 26 31
14 38 11
8 59 33
13 11 9
15 57 21
5 82 22
10 47 9
19 4 3
9 34 7
11 88 31
2 8 32
1 31 25
