90 50 1819 3125
3362 4337 2870 3219 4401 2781 3621 3144 3757 2018 1106 4230 1714 3513 2424 2200 2672 2416 1873 2747 495 3298 1151 731 443 2208 4774 168 1176 2568 3779 4532 2162 4387 4058 1823 3681 4909 734 3935 1014 1937 320 3542 3944 4293 3480 4369 385 4805 
3086 3846 3947 4834 788 4538 2489 722 1346 3659 2836 3410 573 2310 292 1323 2800 742 1591 3924 3855 1865 911 2849 3724 2010 1069 904 3679 1743 2128 649 2477 4581 3838 3659 129 3472 1639 1905 4307 560 2070 1947 4189 3280 2329 1852 617 2964 
3563 715 4448 4122 2553 2674 213 3237 2216 2821 4160 3175 849 3576 135 2320 1367 1152 2194 4277 1626 4483 541 3655 3665 3584 3337 3110 4692 3313 2706 4766 4858 2769 2548 1972 1918 2315 3948 721 696 4826 1657 4366 670 980 4496 4281 2685 1980 
663 4610 1724 3261 3356 487 848 777 91 3554 2767 4358 648 4641 3975 3159 3089 4337 1748 1955 623 1784 4870 600 2278 2145 128 4526 963 2769 3521 3503 1313 2736 2340 730 4248 2397 1859 1937 4679 2847 4157 2166 428 3647 2577 4862 3657 4002 
3047 3470 2738 3728 1627 2444 2228 184 1137 3865 143 638 4411 1095 586 3539 2033 287 4302 1695 3843 2768 2110 2027 3958 676 2691 2079 1746 2189 3075 3836 2715 4275 3216 618 4401 3424 4032 1225 4475 4887 4012 3676 2673 4498 4584 1264 660 701 
2710 3549 2276 2915 3321 2682 460 447 3816 2271 4357 2655 1402 149 2205 2182 3730 1083 4399 4440 4608 542 1596 594 2703 4418 294 1497 284 2679 3741 1582 1216 308 1614 4255 4452 1019 2266 4446 3120 2819 3985 1065 1167 1568 2706 1501 163 3250 
1465 3321 4143 226 1971 1994 1923 1482 3246 1221 1479 2469 3556 290 4889 944 2658 600 1244 2762 2351 554 1482 3831 4434 3829 21 139 1544 750 3592 302 1859 4745 1512 190 2844 1626 2586 534 2425 268 2848 3949 665 4762 4515 2916 958 2930 
4663 73 2331 4106 1196 3599 1287 597 4219 2455 4520 1200 3693 1950 2574 1981 709 206 4328 2009 1287 1770 4820 3957 3849 1804 2146 3470 4318 4467 1130 2147 3846 3598 3666 3646 2150 1402 3886 827 4124 3209 260 1940 1976 3248 1363 3964 3810 3161 
1211 1210 1781 3332 2203 4706 4431 353 1470 294 1909 3443 3007 1664 3779 2238 81 1017 4123 1528 4634 2967 4835 4069 4401 1069 2144 3617 3105 4783 258 4843 496 4150 3203 1041 4741 826 1982 3640 3691 1629 3752 2231 3706 2205 492 2544 623 3669 
515 3824 3426 4077 4146 4384 2097 3011 1672 2605 2883 3406 1475 4549 964 818 4205 4062 2342 1854 4195 1851 2869 4714 2661 4132 932 2541 1583 741 30 3494 2698 369 3898 859 1119 2910 4446 2560 4218 1765 4600 123 3198 2218 3360 4523 3423 2791 
718 802 3957 3049 4808 1889 623 1153 2393 1448 3867 73 4232 988 1891 2776 1109 1725 996 760 3252 4442 3857 2859 1609 4014 2941 1689 2208 3168 1163 1662 4776 1530 4471 2442 2029 766 3438 2222 2151 885 1652 4871 3180 1234 866 2114 4744 885 
1726 685 502 10 4835 2395 2672 2445 3976 488 3348 4846 2315 4191 3234 3249 1493 1874 3864 1542 1895 3835 2292 604 1131 1156 3693 1314 2768 3558 4739 2660 1318 2675 4776 3960 3354 2074 349 388 953 433 3494 1360 894 4131 3459 948 1106 1138 
4072 22 3162 1123 1525 3783 1714 2153 4731 3442 1173 3464 1836 2918 1523 786 4375 4070 4882 877 4303 2165 1026 4770 430 1577 106 2364 3840 1744 4406 317 3585 1675 4613 143 4602 4281 3070 1942 3301 4829 762 1966 164 1143 2937 793 479 370 
3482 3068 2337 4218 2121 1830 4415 2296 4231 511 1669 3257 3222 3347 177 2613 3165 1998 3566 4521 3603 3828 1576 3462 20 2103 1036 3916 1334 4767 2329 1430 1572 2926 1053 3803 1822 3814 1826 4446 1943 666 2266 2610 1559 3209 3857 1195 958 2881 
4323 297 150 934 550 219 4567 368 2885 235 4815 1779 4031 2282 1508 98 4035 4009 2577 3501 3317 1112 4747 1462 4811 1758 3964 2645 4488 1057 2442 239 538 1106 3606 2129 4710 2202 2511 2982 2411 1750 3196 3925 1790 2752 3292 1483 1059 406 
3437 783 106 1080 3343 258 4119 4238 218 1794 4331 664 2903 171 2660 2707 1871 368 3436 2798 4716 4191 1860 927 2304 279 2566 2538 3503 4732 2631 3212 2819 1022 4793 4608 3615 1445 3422 3342 255 1761 2812 3689 2704 1544 4463 99 2424 1065 
2629 2164 3013 94 2832 3936 715 272 4553 2393 359 2587 2241 1885 2488 4834 293 30 145 1490 3889 920 1702 4504 2120 1220 3159 935 4724 1731 2620 2689 3658 4439 3123 3689 1302 1064 2000 4795 3387 1645 4893 3129 3550 4448 2973 3999 2697 771 
4854 4593 270 2909 2750 4149 4224 4186 3629 3699 719 836 417 3089 3137 1475 4907 2351 3480 2057 3714 3022 4478 1836 4371 2262 4702 4531 197 3091 2866 302 3365 376 2252 1377 1540 4035 4213 3512 4738 1966 2539 1884 1422 2134 3723 1900 3445 4727 
3685 4078 2293 4767 2265 1794 414 1518 3453 3541 2943 3143 2337 1808 791 1595 3161 1904 1688 671 4470 97 3021 2853 4547 4165 2664 687 1645 2607 1137 665 2650 98 4090 560 4799 3718 4263 2587 3534 4655 2537 1225 1465 86 150 4675 3770 3182 
4321 3231 666 1720 1495 4012 2140 1300 2095 804 4850 655 1430 758 2549 3211 3325 1350 748 898 3861 3074 2637 3142 2563 1056 3484 3870 1605 473 3042 2341 1347 370 3273 1569 1855 4695 4854 1568 4411 2250 3378 1513 3769 3623 3251 3569 467 1028 
1126 956 759 3278 1220 2408 792 335 194 579 2927 965 4797 1496 4248 1759 1515 2092 2792 3351 1680 466 3603 248 4668 4017 4674 3599 4699 49 2239 3888 3857 1313 4148 4399 2745 1861 1750 3803 2975 685 1185 3458 1101 830 594 2454 2031 880 
4439 1337 1115 3491 1028 4050 1476 1253 41 4569 711 3736 3246 4297 3646 180 1621 3067 436 712 1102 3223 1522 17 560 124 983 2689 4890 2384 173 2266 4242 2970 3832 1145 210 2836 4729 2271 3371 713 3411 3443 3132 1900 3094 3872 4654 1798 
4464 2990 661 2691 2211 2081 1784 3468 1573 2209 2840 2569 1522 760 3858 2088 1076 3971 2860 1427 4097 1119 1517 2578 280 1046 460 3348 527 1054 2211 1076 1757 4189 125 1071 3986 2405 2604 4408 4573 3671 4639 2554 535 4899 2569 4145 3691 406 
1230 3341 3299 1002 4766 683 635 3946 2513 751 3547 1905 3782 2458 332 3636 4740 150 4869 3518 4370 190 4543 3771 1493 3980 4510 3526 1734 532 3759 4067 1080 4857 2721 468 137 3837 33 4059 2028 352 4622 111 336 3102 1357 3388 4784 4224 
4799 1740 252 3927 2916 623 1759 671 4884 1897 655 2915 1179 4254 1783 115 2872 419 3911 294 4697 2131 4149 3433 1985 4678 4907 1325 1835 3448 377 1306 4795 4613 3877 1456 3645 3987 4613 4249 3645 206 3476 409 2061 985 2143 2136 4153 2545 
2677 3423 3273 3874 708 3143 2172 4377 1303 3385 3413 3112 3022 4363 2445 542 795 2527 263 2619 4341 2375 1787 2743 2800 1264 3647 2053 2547 1368 2964 4087 3416 609 3503 2629 4526 2145 4171 2010 1834 2084 2817 3541 4058 667 3315 3172 4065 117 
3373 1443 760 1513 3667 3768 3735 2291 62 1707 3439 3858 3725 3616 1496 1378 1534 2456 1649 2100 4409 900 3375 699 3111 1750 3155 386 4191 3882 3272 4464 771 1159 1055 2319 3007 4022 168 3597 3979 4660 113 2046 2725 3153 3802 3445 1441 3248 
2795 4166 2956 2409 3446 3836 1680 532 3717 3091 2035 3913 2966 4830 2077 3561 3252 758 4408 3949 1255 60 925 2321 3245 690 2600 1693 4090 4090 1685 1768 2943 926 1158 4679 2822 4617 3944 4900 4625 4687 4182 3611 3523 1086 1308 3395 504 245 
1999 3055 346 3418 2794 4151 1835 4809 3534 4676 3657 2956 2386 3710 929 3840 490 2598 4462 2476 3987 160 2993 674 544 2700 2840 2226 4368 1030 1316 506 3398 482 3927 1888 4601 1647 882 3954 577 363 3848 1173 4032 2694 682 3322 2642 3692 
3873 2599 719 4701 3055 430 751 1784 4142 1605 3858 1661 1979 2370 1016 1719 2993 4310 1249 2147 1484 1807 1806 1153 4682 1708 2501 4572 3875 3546 1021 1141 288 1871 563 1518 1779 3521 3916 166 529 2397 4123 1034 4343 3984 3366 2025 4443 2213 
630 165 1761 2901 3591 2816 4703 1140 21 3972 3808 4568 2884 1922 4174 565 1760 3258 199 1731 3918 4695 4832 185 3416 1799 507 3154 3913 484 4897 1711 3643 3844 3902 563 1398 3750 2054 2257 2642 1257 108 383 3695 2273 1868 539 4405 884 
1279 1927 818 643 2309 1069 1787 1681 2838 908 141 588 47 2719 146 3844 2843 392 1816 973 1685 3385 4243 1118 4866 2701 1908 3587 4734 4675 2108 1775 4097 1135 3693 2199 2556 1808 401 2486 1709 1386 4048 2235 124 3895 421 2242 658 848 
1506 2027 4172 3629 1159 2583 984 2247 269 128 1542 2827 4277 443 4158 2056 406 1293 4444 580 2076 726 2874 3158 4862 4762 2492 3912 4179 3471 2589 4478 1672 3815 675 4458 3134 58 4660 4793 3449 2271 283 3107 828 4378 4727 393 2082 943 
1490 4065 3252 3968 2352 1559 1588 1400 4673 3946 175 1572 4493 958 4170 2066 3412 2696 1401 289 1691 4705 2203 2168 2594 687 1618 2318 4895 2817 634 830 3138 1461 1879 4309 1749 2058 2474 4349 3888 1599 1360 2978 1113 371 3925 2011 3859 4349 
1683 1352 2602 3827 2847 4344 3924 1734 3609 2344 3560 2043 988 3693 3379 3421 1635 2080 300 546 1207 2483 2730 739 2849 1522 481 3995 2183 903 780 455 4520 2264 1004 2178 4069 3608 4709 4459 3345 2600 4641 2144 654 3354 4487 3812 2664 1372 
2834 4052 3333 3584 1359 2969 4821 3669 337 830 1388 1145 77 2959 1528 4025 1770 4580 4357 3399 3186 1003 869 2434 3911 983 4812 3364 2786 1505 3345 1882 4469 3683 4897 4289 721 318 2339 1070 81 4542 1284 153 1167 3408 2271 2077 1440 4014 
856 1049 4123 142 4853 73 1564 3273 3422 2576 137 3783 3279 1795 1028 2687 1713 472 2095 3465 900 3150 4142 3435 1132 1043 4182 1481 3567 4496 4155 494 4150 3675 4278 2214 4659 1313 1295 556 3463 1544 1950 1580 2608 1880 680 1644 4761 3750 
2963 2573 3801 2309 2083 4745 3169 38 3698 435 4116 2403 4507 1572 368 1200 3580 4679 2422 43 811 1419 3597 346 1730 4745 2555 1020 2511 4483 2903 408 3905 2867 744 4057 3821 1765 2579 4506 3287 3781 755 402 1021 4463 2714 4287 2840 3997 
2262 4086 3175 4121 4355 2529 1134 125 2287 2760 813 1219 327 4657 2019 2620 1751 4473 2573 988 3193 3218 1891 3379 631 4149 1060 3897 1328 212 2681 3633 716 3470 4855 4757 4848 684 1865 3978 1909 3484 400 919 1316 410 268 1771 3714 3184 
2734 1479 114 1533 1025 3070 310 4231 2453 1201 2562 3052 3698 3689 2901 3621 4620 1737 710 2444 3682 2911 1779 1414 3756 2193 1142 1887 3351 1975 2267 2872 4874 4871 2768 3914 3405 4319 403 488 853 4797 887 2203 2939 1560 692 988 3848 1499 
2854 3805 3644 3842 3049 1939 4297 4108 2687 2745 93 2962 4883 209 1761 2089 381 2553 2996 2890 1817 3046 3212 2531 1028 320 1416 3614 1139 3979 3159 938 3565 2875 1469 1882 4528 4564 464 3625 4882 4829 972 137 1095 2512 109 492 2173 1541 
794 1449 3236 282 3291 3823 2118 3485 3034 3796 2196 1240 279 470 2609 147 1229 3356 776 888 1244 4072 2180 4057 3362 2996 2545 1525 4353 3245 391 3048 2223 3785 4726 1515 2487 4652 2678 2800 51 2662 3984 4643 3827 3612 273 4896 4459 1030 
1019 3199 3508 324 4849 2016 2101 865 952 2328 1646 4618 3153 4535 1063 459 2758 2513 2488 2748 1927 1298 3861 3130 1672 406 4222 3090 1426 3602 4497 4480 287 809 4880 4426 1689 4098 1292 3377 814 4467 1986 1206 4825 2087 3803 4681 1164 1239 
4052 4227 2309 2890 3503 2564 4090 4342 4625 2477 1207 3098 1650 3074 785 895 3130 3828 2379 4149 2815 3754 4325 3913 1159 4372 1723 4778 1318 1208 3716 110 2113 2040 3452 2529 3790 779 4561 725 4094 4748 1337 1442 4885 3689 178 1984 1689 4153 
2643 4653 983 2135 2428 1141 3717 24 4134 1252 566 4268 3029 4583 1713 4654 2250 2102 971 4372 1961 4886 1573 2064 3160 4116 438 1040 710 2947 1694 4583 4544 3829 2902 714 1380 641 3074 2705 570 1033 3621 4008 86 3375 850 2249 3967 3048 
3713 2875 3406 4531 1102 1083 1900 2247 55 3152 4845 3428 155 3880 3705 3567 1074 107 1555 1849 2032 3119 1642 3563 2620 2372 498 3797 3965 2750 270 195 1406 38 3657 287 3556 491 1753 1058 2258 4137 2332 595 4043 2721 2252 3880 1113 1848 
1961 1101 227 174 1859 2762 442 1198 2173 4617 2344 476 2385 1332 2300 2234 58 3374 4502 4062 2798 536 3835 2313 2594 1815 1515 2363 3381 3479 1694 2308 1092 4621 2404 4856 1454 2611 3209 1340 3830 4450 4747 4822 1977 3898 4260 3189 3793 193 
3087 642 3834 1833 2749 4836 4647 4255 2948 4536 2254 1583 219 2533 3895 3522 3415 1224 34 4564 4212 3022 15 1573 663 1556 1861 2297 1051 4240 3373 1454 2348 4156 1545 189 2282 4165 2536 209 4813 2756 2618 944 4616 4617 570 3941 3843 1728 
1255 1082 3365 2511 1867 4758 3190 3552 3826 1341 4546 1511 2843 4313 951 1745 685 3578 1697 4747 1808 3246 3762 4264 347 2302 2259 4392 492 4499 2349 863 4022 4697 3379 4712 286 1242 41 4737 2597 1519 4453 3721 2418 4746 849 1121 990 3582 
2828 1930 2895 2090 2152 4195 2511 64 3611 50 3658 4376 3949 3530 4713 4790 2264 2699 3841 4310 3772 3872 615 183 2784 2218 4844 1343 1467 752 19 1388 3195 1299 435 3916 77 163 3573 3709 3797 1981 2755 2827 108 741 634 4009 1756 2559 
4398 4110 340 154 4443 3770 527 1028 3378 328 17 473 2116 712 139 38 3410 482 3347 3178 2003 1616 4199 4642 1164 4804 3967 436 4486 1999 2272 469 2772 2994 1776 4742 2795 2039 261 4040 401 2201 2832 3515 4092 1943 1093 3817 2612 4073 
3272 787 3427 4517 974 3756 2775 3323 3492 729 1271 4865 3979 196 1306 3078 2097 4511 4599 2341 184 3411 2751 4310 3626 168 1746 2423 764 804 3037 1383 1781 4736 491 1978 4204 22 3040 2241 4041 3581 4418 1556 4205 2418 2574 4831 3034 529 
4770 1409 4077 3495 3585 4647 2182 1663 2497 2836 3652 601 3594 1711 3468 1865 2958 3403 4361 4062 840 1061 3574 295 427 275 957 176 4410 1992 1782 3658 222 2473 3080 1900 4660 1963 4660 1781 48 139 3687 906 2553 3091 3954 4217 425 1861 
3706 3390 1785 570 3364 2338 2551 2417 2580 47 1059 2201 4488 1983 2198 4206 2805 1167 643 2017 638 3386 4174 1302 4296 4402 4207 3739 3982 2383 4671 2842 4810 4103 3135 4791 355 4786 2790 2223 4327 447 259 4769 1747 2966 826 684 2666 2080 
3848 545 169 2083 3133 3987 487 2565 2261 34 236 3362 117 335 296 301 4446 4569 331 4896 3521 2374 466 547 2339 4165 4139 3319 4400 2184 939 3089 1593 1751 3468 505 808 2944 1368 4803 3653 411 1880 1057 3331 3131 3013 3526 4746 1576 
2915 2301 1345 1394 2504 633 153 4528 580 4211 1487 3295 1044 973 2986 3730 1222 4218 1164 2530 4883 219 4590 1296 4227 1884 1239 3555 3927 4836 925 4141 2496 434 1564 1888 4740 3672 4728 1104 1203 3191 2657 1266 4350 2515 3635 4715 630 4157 
3737 1064 3178 3895 2114 3450 2829 2616 3269 1317 4747 1794 2064 4714 170 4272 4480 402 40 3413 3546 2114 3061 2047 143 864 4216 3113 578 738 3659 4383 352 891 3891 1506 1998 148 3900 3744 1627 4093 2766 2186 877 2639 2222 4607 2720 3010 
1740 3115 3346 2838 1160 1175 2217 872 838 904 3548 4136 1233 2069 2452 89 3663 2956 3354 880 1651 4474 1381 4828 1435 4468 287 3670 219 2743 4287 2921 3072 1194 652 130 712 87 202 1405 2641 2324 3357 4460 2944 3005 1066 84 2080 4139 
4079 2374 963 3833 2787 4364 2553 3927 2019 1095 1335 2118 2935 3416 1516 2595 2524 3258 1213 4040 397 2649 4384 4391 299 4127 4287 4036 1499 4702 2134 3828 2620 51 2075 3015 4431 998 4593 83 1324 2201 1102 1147 3666 2809 4776 1995 4443 1864 
1350 2481 3340 4828 789 2702 4394 1387 4120 1219 435 840 2118 2185 963 698 1206 4045 2697 855 2246 398 2527 2050 1478 1998 462 231 3683 2525 3705 3755 233 2633 3885 4495 1405 673 2540 3917 3754 4105 3485 4065 3433 498 3950 2071 2193 4766 
2259 97 1888 727 1497 2588 751 984 4227 2639 221 1421 4256 416 4744 592 2310 1854 2588 388 400 4441 2360 2249 4745 2536 32 2143 219 3117 4859 4859 3306 2651 3981 1281 3645 3579 4261 4685 3369 3656 2477 1397 3145 2346 3821 2655 1946 4392 
4809 4483 1814 1676 3407 1544 1882 152 3383 72 3172 729 4409 3278 4678 4860 1388 4220 3945 4560 2046 3197 3994 2826 1222 3644 2697 2125 2762 3776 3137 2355 1785 4549 4128 2899 2722 2980 2650 2125 56 4723 60 2421 1841 1817 3343 966 3421 2676 
2482 3123 1618 3399 2737 1601 1608 2057 4322 2401 4855 1537 3321 4230 242 167 4559 3245 2277 2227 3226 1775 3643 4557 307 1028 895 102 4883 4512 2314 390 1626 4224 3162 4655 4908 554 2195 3180 3540 1002 4030 1558 3231 4873 1692 4456 2877 523 
700 243 2071 2860 89 1322 1744 4531 1314 1601 918 2370 4612 3184 4423 1313 458 226 4668 2710 4608 3284 935 1776 3245 4520 4533 3839 147 1864 412 1465 4610 410 322 3913 2063 2437 2177 3411 3143 1269 1648 3099 97 1853 4422 2793 2630 4427 
730 3409 4806 965 4534 2154 4683 4216 3780 455 645 262 293 4689 1979 1989 3400 3425 1643 4806 2379 2920 2439 3810 1023 3217 532 381 1223 901 3219 2590 3484 988 290 1168 4007 1537 1188 1532 2292 4811 4714 985 4006 4503 418 4609 4249 1337 
2633 4352 502 2687 2920 3967 1935 3714 1229 1288 2542 615 4383 264 4144 3799 3427 837 4902 1112 3216 50 2562 976 1951 4379 4277 814 2987 4168 2101 1765 199 1883 2424 2042 4326 2340 3438 3272 2649 1996 3017 788 3120 134 3931 4133 2099 289 
390 4889 3317 2870 992 4537 2034 1889 3682 482 4834 4677 2860 2245 938 374 3907 1664 1818 2820 3893 2527 3817 2221 3423 1001 3215 4671 362 2390 4887 1112 3050 2362 639 868 1443 3770 4249 3658 182 284 850 1908 1118 3809 62 3484 3395 1563 
1288 1461 433 4641 1872 2793 1721 4749 3916 399 4184 3058 4165 393 4367 1404 2157 1371 620 27 2553 3662 3284 510 4362 2585 2589 2681 3914 589 1324 274 1609 1064 4363 2412 2634 797 33 4249 4529 2192 3622 2129 4130 862 4064 3571 631 4159 
4079 357 1655 4864 2422 183 3341 690 3673 2801 4709 2043 667 187 2595 2497 3871 899 3002 644 3035 767 447 798 3351 228 1054 2672 1454 250 2780 3196 4257 1543 24 1496 268 3303 1136 3997 1648 171 596 2171 3795 4298 4399 2130 1480 2077 
3974 1862 2879 1680 4894 4683 998 2276 3961 1293 2718 4315 4792 4277 3826 4772 3521 1760 3169 1819 4539 3031 1173 2729 2246 2272 774 4385 3226 302 3710 516 389 2813 4544 4055 3298 4701 4070 3677 2627 1341 4907 4619 3352 4708 1079 2125 1060 2765 
3002 3920 3266 51 2437 2447 1473 563 2974 4704 2979 1214 2178 4787 1304 739 3404 3959 1995 3693 3998 2228 506 2224 773 108 2997 3611 1034 3492 286 978 4363 4756 4575 59 311 2553 4762 2939 4417 2821 3622 4239 10 1288 2583 2828 3226 2088 
4646 3206 419 1449 4786 4618 4420 855 193 3646 3265 1019 787 3906 3971 2484 495 3034 4343 1878 4343 655 3134 1062 578 1364 291 2599 4820 4208 1093 826 4590 1241 2169 449 2960 3466 4684 929 2946 4169 758 3366 2827 3802 709 838 4893 2291 
1169 30 4376 3147 4164 4485 41 357 631 3963 3086 1463 2950 2528 2915 1023 116 4612 4332 1800 3033 1480 2624 506 4495 2607 2599 1594 1977 3119 3553 3664 1446 3792 4265 3461 4165 485 1220 153 3658 4686 2396 2481 1176 4125 3259 1395 4901 3202 
4342 1296 3700 753 921 4056 656 1140 3416 2644 1883 2520 3496 1814 4721 445 2798 3716 1755 3316 4308 1772 4239 1370 108 3216 2383 2756 2931 3146 2622 2100 4017 3842 132 27 3727 4820 2156 633 3610 3923 4746 3069 208 1863 4716 914 3512 2595 
4180 1846 72 858 2423 1965 3840 4886 2533 2629 4861 1848 4827 3868 1249 4541 1869 976 1539 3750 3396 1987 371 2023 836 2596 4905 3057 740 840 1678 3653 904 1631 4772 1043 2910 1847 1618 2986 2491 3499 1372 1537 1745 3730 2896 634 3851 4262 
89 2230 4846 1632 4604 2382 2129 1431 4419 3242 525 1683 1922 355 2120 4514 3201 4037 1044 326 1845 2037 293 174 3282 200 30 1483 3809 1651 1041 4444 3201 2579 4553 3738 3110 343 894 2523 708 4578 4694 3639 2758 1537 100 4156 756 947 
4332 3670 998 2149 4243 2853 1624 1001 2942 4836 1382 1582 4280 817 1765 4873 673 4259 395 2634 3004 2983 2591 871 2243 4690 1956 4195 352 2380 3225 4011 1289 4861 1545 1519 3138 4779 4095 230 1544 4563 1531 1280 3469 4580 3150 103 122 703 
2902 1072 3666 1555 4014 433 1556 878 3129 1795 116 2252 2710 1166 107 3778 1695 143 1413 120 4131 966 1425 4796 1395 2683 565 3117 3025 3751 3963 3116 4473 1394 3583 2411 2727 1164 3844 2499 3947 3609 2377 2382 3966 38 4845 4092 1066 4764 
1611 3080 206 3481 1656 630 2663 4264 4615 3916 2521 2391 3810 2206 2424 4316 1841 569 607 1161 2303 2532 279 1379 1706 2244 2968 4555 2654 1605 2677 737 2784 4529 1653 1757 4359 1060 1623 2605 3508 1306 2107 4417 3960 2380 162 2508 4712 2838 
282 753 2109 180 1354 903 729 3836 1005 2592 1216 3197 1477 3526 113 3359 1413 834 1013 4142 42 97 652 3218 1596 3795 647 2111 1210 3304 1395 990 3000 859 2421 1147 2051 945 3313 4748 397 3828 3715 2908 3482 3617 453 4767 3912 1080 
4071 2778 2566 4064 3878 377 1374 3845 1729 31 4470 3630 4673 51 2812 2570 4129 4434 515 2776 4083 2266 1434 444 4631 3340 2050 865 4809 165 256 3288 1420 1524 647 2612 867 413 4856 3035 3488 2247 706 460 4596 3724 1585 3059 4107 162 
2294 1332 3666 3599 550 2531 1457 3989 4374 860 1830 2208 3453 296 249 327 1795 504 4406 4401 2564 1616 2963 1482 4547 2499 1791 1031 735 2519 508 2921 1203 2101 653 3027 4408 1236 2744 598 405 2720 1732 2652 1569 4135 3549 3989 1254 2357 
863 4221 1534 4570 1711 1541 4424 3884 2801 3183 3990 2511 4173 3042 616 38 4390 4380 1123 1722 3072 434 1596 2812 2844 38 292 899 2545 3443 3904 1971 2793 751 2043 1291 981 3804 1929 3220 1935 3277 1776 660 2267 2392 1676 3798 4898 637 
1301 3462 3340 4492 2470 4591 3482 4097 3037 4842 4636 2372 3287 2274 4765 3679 67 383 3027 4742 3394 4230 3564 913 929 1255 1547 2402 2537 2400 2807 3752 1906 1351 2886 728 2221 269 345 2185 2069 998 3781 942 1062 2198 4113 3137 760 1991 
3834 4458 2902 2941 1521 3540 1727 2586 4245 3112 3728 1714 1326 2205 355 2746 2632 2610 3029 2711 2836 437 247 1728 1089 359 3174 4377 3320 1372 3755 752 1778 1753 818 584 3839 4525 656 203 4781 3441 43 3372 4334 3078 33 1633 4555 696 
4709 151 4509 2450 4604 1590 2152 3757 2566 4475 3813 1528 4399 4674 2606 220 3947 3030 4813 1648 4193 1198 2403 2691 3050 4504 994 1856 2337 3017 2573 3641 578 334 4744 3891 1540 2039 888 3609 2297 1330 1001 2561 1105 1336 1143 856 2420 1841 
2381 2121 4619 515 348 3264 1137 3602 595 2454 4841 4433 4074 2022 3955 2385 2239 3029 1849 3043 3825 4659 698 3434 120 281 3933 3716 3422 810 1697 653 2033 4332 1153 2585 1329 4813 4074 2705 14 4164 691 3192 3651 1997 2377 4203 4436 2691 
3665 832 1691 3987 2246 2326 3914 4309 292 4145 1042 3141 1904 3583 2349 419 2714 81 4250 4514 597 1011 1415 4536 3720 4839 2178 1380 1247 1279 3867 3645 740 1570 1046 1689 270 1122 1540 2372 275 2985 646 3319 2889 4856 1356 4559 2506 2905 
2140 3462 531 4416 1755 3475 1291 3449 2598 1247 103 1436 4724 4109 1735 1948 3232 2991 74 162 2794 4212 4808 4226 733 1435 704 4162 4112 4090 2832 4695 919 4497 4623 1971 3131 3669 1464 2340 2045 4064 4416 1601 1661 478 1751 409 4143 1983 
4088 3484 65 3424 4435 2521 3984 942 17 3637 2117 56 1928 4458 183 1450 107 2376 4745 2438 2991 1711 4788 3242 4305 97 3908 3986 4073 4692 131 880 3147 2023 113 4223 3817 834 1423 3728 3238 1169 2949 4876 1623 32 4619 3915 1594 3083 
18 44 7
40 21 27
63 4 15
84 39 12
1 11 27
39 31 4
61 48 16
27 9 37
42 20 13
43 23 37
2 47 3
21 27 40
42 21 4
22 32 3
54 3 34
9 47 12
52 46 14
67 39 22
43 26 12
3 42 17
59 9 12
43 16 8
48 22 29
68 3 24
47 21 2
27 38 13
37 3 18
9 42 13
61 19 35
30 12 39
40 7 2
6 22 18
88 9 3
9 13 24
54 48 40
40 42 23
44 13 34
76 8 27
64 2 14
73 40 32
42 15 40
79 2 38
25 6 7
3 13 30
54 7 29
83 18 12
37 38 21
36 29 34
72 2 2
73 14 14
1 17 16
71 37 32
40 21 25
63 32 27
74 29 36
15 16 18
71 38 24
21 46 27
19 4 24
66 5 5
45 10 24
63 12 38
31 43 17
86 11 23
26 16 32
56 4 29
83 21 35
54 2 37
37 8 18
1 48 32
4 13 40
35 36 6
78 8 2
64 17 24
71 27 6
72 10 40
73 45 5
14 21 28
51 2 11
12 17 39
28 46 36
10 23 20
39 2 33
43 18 35
34 1 19
82 8 6
33 35 9
10 24 39
86 37 36
69 48 3
83 47 18
60 42 37
37 44 20
87 25 7
79 44 35
78 13 3
12 17 10
70 47 9
75 18 35
35 23 17
4 10 30
77 37 36
65 18 16
44 39 29
87 39 14
54 13 16
85 39 27
50 46 10
73 17 25
19 8 1
72 26 27
11 42 25
41 12 31
1 24 6
82 29 20
50 41 11
15 3 12
73 29 16
68 35 7
64 22 11
36 22 33
52 6 32
17 38 39
58 26 32
9 41 35
19 34 31
44 22 27
70 8 17
56 22 9
18 45 29
14 46 37
37 26 30
20 31 33
50 34 38
26 47 40
87 3 13
82 29 11
78 44 8
27 15 7
19 21 39
63 12 36
29 5 23
6 39 38
6 39 25
6 38 19
13 23 29
59 42 26
12 46 25
85 5 5
88 21 7
65 41 11
40 25 16
23 24 30
58 21 3
14 27 28
87 15 28
5 40 8
42 18 27
47 20 35
35 35 3
70 2 26
53 47 19
23 25 16
28 30 26
16 9 2
38 41 36
4 13 3
55 6 2
57 11 31
40 45 4
39 1 18
42 40 32
79 31 28
29 19 6
7 25 21
62 10 24
30 7 1
69 37 11
7 30 14
22 46 10
34 30 8
7 9 33
59 32 33
70 38 25
45 3 34
26 13 3
66 37 13
51 9 16
52 9 1
48 14 31
2 37 7
31 23 21
52 11 30
35 32 38
35 29 1
24 7 30
62 28 5
29 28 20
83 45 26
79 40 34
82 27 34
76 47 18
39 47 15
88 35 24
17 3 35
43 7 22
12 39 34
21 11 37
8 3 4
39 24 38
5 39 19
60 39 1
60 42 8
25 45 7
49 1 32
27 46 8
12 36 24
35 36 4
2 12 28
13 5 4
16 9 40
86 8 14
50 5 33
68 21 14
23 16 34
43 33 13
3 18 34
74 44 18
34 24 7
17 6 5
45 13 19
16 44 8
74 40 9
62 21 39
24 14 3
64 17 10
27 43 18
58 15 1
15 11 19
82 1 3
10 9 35
76 17 4
53 48 29
70 25 17
22 38 14
3 6 25
5 14 39
64 7 7
60 3 27
77 35 33
72 12 3
68 26 39
81 27 8
26 21 33
43 28 34
7 6 34
75 38 5
22 34 29
57 14 16
88 31 7
28 38 7
82 33 12
11 32 9
87 9 9
31 7 9
14 18 23
51 19 8
45 18 9
39 8 8
60 31 4
3 26 22
5 41 11
82 3 33
15 31 2
54 11 5
64 45 38
25 19 38
81 35 20
74 3 16
46 8 21
87 40 37
38 39 6
52 33 15
49 12 5
32 18 31
50 22 22
27 43 21
82 42 25
7 15 31
79 33 6
53 47 12
40 35 33
75 36 21
35 25 35
40 13 8
55 41 34
15 2 1
80 34 33
63 21 17
86 26 32
23 25 14
4 45 24
7 47 7
3 21 10
64 17 5
24 24 27
2 46 22
79 28 27
75 12 9
81 22 30
24 36 1
48 1 22
16 4 26
43 33 37
59 41 1
61 6 31
46 6 29
11 39 8
34 36 4
53 13 21
34 10 12
84 8 8
39 14 37
17 18 25
68 43 39
70 22 1
20 41 38
2 6 18
81 25 1
19 41 7
2 45 18
61 2 9
86 18 17
61 24 1
77 40 18
72 35 13
45 21 4
47 24 37
5 16 28
53 41 4
3 11 12
76 16 30
19 37 21
3 25 21
86 5 10
41 37 10
47 4 36
59 28 26
17 1 37
52 1 1
73 19 32
36 2 37
21 2 9
9 46 23
23 39 20
28 37 39
53 35 32
18 24 5
19 1 16
69 46 16
43 12 21
23 10 6
30 42 33
39 29 15
71 19 23
20 48 4
34 2 21
50 33 28
52 48 36
61 22 22
78 37 4
85 22 14
37 28 16
4 29 16
13 36 27
72 17 23
9 34 37
20 3 30
48 44 17
69 47 26
39 31 24
14 19 22
62 25 39
49 45 3
60 20 34
17 3 8
42 20 13
5 39 28
15 2 6
39 39 40
41 28 6
48 10 14
59 41 26
68 16 38
65 35 17
85 17 17
56 13 37
25 19 19
14 15 35
48 23 6
21 7 22
4 18 16
34 29 26
15 3 15
73 10 22
26 34 24
49 7 19
67 7 32
12 41 32
73 10 12
69 23 2
77 15 31
37 37 32
4 4 27
40 14 25
14 6 34
16 11 20
48 40 14
66 9 7
12 35 24
48 10 29
9 44 20
70 15 37
53 47 10
4 35 23
76 3 5
52 2 1
64 24 39
79 28 17
12 9 37
81 8 37
23 39 27
55 31 7
73 36 22
26 9 2
75 14 28
27 5 4
5 28 31
45 47 4
45 3 27
37 17 6
43 39 37
19 43 40
29 15 12
35 18 11
27 28 25
49 40 5
41 27 29
62 46 30
43 16 4
16 26 8
22 11 3
3 42 27
77 7 3
45 36 17
61 6 39
8 47 36
16 47 26
73 3 39
7 26 13
66 7 25
54 47 24
34 31 40
75 33 28
4 16 19
81 10 2
42 3 34
67 36 7
27 14 39
81 16 31
49 43 21
39 18 29
37 2 3
72 6 37
8 11 4
29 28 7
3 5 21
73 13 21
41 33 8
39 46 37
86 14 2
15 5 6
72 29 36
85 37 10
53 41 27
14 15 38
36 21 13
9 7 4
51 22 12
16 8 11
37 34 18
57 28 40
42 15 2
21 7 21
25 40 11
72 9 16
29 44 18
64 6 27
50 29 20
67 31 7
16 33 31
26 46 38
72 21 39
74 28 11
10 2 5
27 41 12
51 26 5
29 6 27
80 38 5
53 14 4
68 37 4
47 29 36
8 46 30
51 46 25
26 41 11
63 7 1
38 15 17
75 28 13
3 16 24
2 11 34
15 20 20
71 9 35
17 35 24
80 46 22
16 38 21
50 43 21
59 46 7
69 33 6
49 1 18
32 39 2
64 30 29
82 14 32
80 23 16
31 21 26
30 29 2
39 22 31
75 13 18
4 8 13
57 11 3
72 5 15
30 15 15
17 36 20
55 21 5
59 37 39
30 46 39
71 11 19
76 1 17
10 12 28
69 3 8
39 40 31
10 22 1
12 31 16
31 46 19
26 13 17
73 12 8
9 5 23
57 31 39
79 27 6
42 29 1
70 9 20
84 16 13
8 33 37
69 26 8
7 7 28
5 30 30
18 3 29
66 34 24
7 28 40
23 15 7
62 11 25
22 24 38
27 36 12
32 29 2
49 1 22
38 40 11
49 6 16
18 40 6
60 4 30
46 9 11
47 5 26
8 17 31
27 44 4
30 40 39
37 12 15
45 6 31
28 38 36
11 18 20
29 34 3
44 19 13
7 47 6
28 6 33
56 1 6
12 6 39
85 42 37
49 24 14
31 45 29
88 28 31
36 47 15
6 12 21
58 2 35
51 24 31
69 29 4
60 15 27
50 35 10
7 8 21
2 18 7
67 25 13
19 30 17
68 16 25
40 14 18
45 11 23
81 10 11
26 33 24
29 23 12
31 29 16
25 16 24
30 3 12
26 2 23
45 7 7
81 45 37
57 25 29
63 16 33
45 23 16
42 33 12
45 4 2
64 48 7
36 47 22
19 2 6
36 22 30
53 1 16
73 19 40
36 19 6
10 5 39
5 12 20
18 18 14
13 23 25
12 23 4
46 45 6
48 13 39
63 19 34
19 13 14
80 2 18
4 20 7
71 4 12
41 1 7
59 38 30
83 26 10
76 37 7
39 19 8
3 6 23
75 37 31
5 11 28
83 13 40
44 9 1
37 5 28
72 4 11
87 9 40
1 7 22
8 24 19
55 15 39
84 7 32
43 36 19
42 20 32
26 42 29
88 1 35
27 24 2
1 27 22
8 4 9
46 44 22
15 34 34
39 15 14
24 5 26
58 29 11
58 8 28
18 13 18
58 2 7
55 4 25
76 4 32
53 30 34
58 11 23
21 45 38
51 11 25
38 6 7
59 2 29
5 22 16
76 30 3
85 13 16
54 38 8
81 1 8
67 9 38
74 30 29
39 38 23
25 43 23
4 39 30
83 22 1
69 38 38
18 23 2
31 24 11
25 16 6
86 6 17
57 42 2
87 2 25
51 24 26
39 22 39
20 44 16
54 25 27
17 36 9
38 12 36
74 6 29
15 38 17
15 46 31
29 43 16
6 30 38
27 4 4
18 14 18
45 47 12
57 40 18
80 42 6
40 18 33
61 37 11
24 12 21
75 18 35
62 16 29
13 4 21
21 7 18
82 24 34
47 32 39
68 16 9
71 9 12
20 37 7
60 34 10
8 4 27
48 2 4
77 9 5
40 1 11
62 45 14
30 44 26
76 30 6
69 30 21
30 1 35
54 36 38
7 22 14
82 1 35
71 7 36
53 35 3
23 33 11
34 33 37
49 7 16
71 22 11
39 45 32
53 42 37
34 14 38
8 18 5
6 2 14
8 16 31
66 30 27
30 24 25
18 24 32
2 21 14
69 20 39
40 26 13
59 48 28
78 11 9
86 32 1
42 1 40
83 10 1
9 15 36
20 39 2
29 18 24
59 30 4
87 5 2
85 19 9
36 7 35
20 24 4
66 1 22
53 38 5
38 11 25
72 12 36
13 6 20
54 40 10
59 19 39
43 35 33
75 7 28
39 46 21
15 35 12
20 29 34
55 1 23
84 24 22
45 48 28
26 1 22
88 45 26
45 1 28
13 15 33
75 12 13
49 19 15
18 31 9
62 6 14
88 5 38
46 1 39
78 22 36
17 10 23
66 18 37
8 35 25
49 45 13
51 17 33
33 23 26
55 27 10
41 14 7
83 27 21
42 24 37
58 17 10
18 14 21
30 37 16
71 10 8
83 34 32
16 14 2
88 32 31
53 1 34
23 19 28
59 12 39
2 33 20
14 6 23
49 46 30
38 24 17
20 15 32
34 10 39
40 6 18
24 38 29
43 27 39
24 12 25
30 20 22
47 41 5
64 45 5
76 46 38
67 22 33
47 34 16
34 3 34
69 28 7
35 27 13
12 17 27
45 22 29
86 48 21
34 33 5
58 42 25
7 45 1
77 48 21
58 37 13
77 9 11
86 9 9
54 5 7
48 13 23
50 4 34
65 15 1
68 12 27
3 42 38
74 19 12
57 25 2
46 41 7
76 29 27
83 8 8
36 33 33
40 41 14
68 3 3
49 16 25
68 6 20
50 9 4
52 9 7
31 33 22
37 19 29
71 10 36
65 22 1
44 40 21
70 13 34
61 2 17
50 1 6
47 21 6
57 44 8
82 47 19
80 46 40
38 43 3
72 25 1
62 23 5
22 43 22
13 15 13
52 23 27
69 1 6
22 48 1
2 17 21
41 22 3
56 12 18
17 22 38
61 25 6
76 29 20
87 3 28
68 28 32
52 30 16
73 23 25
22 35 37
65 9 10
49 11 1
10 9 17
57 47 21
36 27 30
78 35 37
36 12 9
18 26 16
88 47 27
16 43 29
6 5 25
40 22 28
2 8 15
24 9 40
21 12 6
50 26 10
16 32 12
71 2 4
23 37 38
43 17 6
68 4 27
67 16 16
51 28 40
83 32 1
76 46 8
41 7 34
80 2 29
47 43 15
39 39 4
54 5 9
75 37 5
41 48 28
81 9 9
5 42 28
59 11 31
43 45 23
63 39 27
59 27 28
72 15 37
12 9 1
6 17 36
56 5 3
36 14 1
64 17 33
30 47 25
44 33 3
84 25 20
43 33 38
24 6 20
32 4 5
19 19 39
4 34 12
52 9 6
1 3 34
66 13 40
48 43 23
47 29 5
61 37 21
20 19 9
63 35 17
66 6 12
19 15 24
29 15 31
40 40 40
54 17 26
62 22 30
9 3 14
71 43 10
25 29 17
13 44 28
35 1 11
27 3 28
86 41 31
65 47 11
4 41 5
67 31 28
80 48 8
25 27 34
70 22 13
7 1 36
80 10 24
58 3 12
77 44 30
78 37 22
82 29 11
78 35 35
77 35 29
49 45 25
34 1 8
42 40 30
42 5 31
18 43 31
36 3 24
5 36 2
50 28 40
79 47 15
44 39 19
10 17 26
55 36 23
81 13 13
88 48 7
47 18 26
79 30 22
5 11 2
30 1 3
47 42 13
3 11 33
37 10 5
57 31 3
44 19 32
17 2 40
13 44 40
43 38 1
51 48 30
10 13 10
37 7 16
37 13 17
74 47 24
38 20 8
59 34 27
73 47 30
14 47 4
66 12 20
79 27 30
7 8 10
64 42 15
27 48 36
3 1 11
17 8 9
60 2 17
17 9 4
74 43 20
25 5 38
37 21 4
1 29 32
74 38 10
75 22 22
72 7 35
66 25 27
70 39 20
52 6 39
61 15 33
78 48 1
80 12 14
26 22 22
13 38 2
85 4 1
1 21 4
36 8 4
17 4 15
25 26 35
75 14 2
37 35 18
2 37 5
40 16 23
44 42 3
69 5 6
63 17 20
41 9 6
78 29 14
13 20 21
82 43 5
36 17 23
28 14 32
50 40 4
23 47 29
23 17 3
11 4 38
36 9 29
9 3 15
73 33 25
75 13 38
36 31 3
12 19 6
69 6 9
30 27 27
50 24 35
88 14 36
55 5 37
13 32 16
52 14 20
67 19 4
59 41 32
27 6 30
80 28 2
26 34 19
21 20 38
21 12 4
52 1 18
64 30 17
27 10 22
74 40 33
82 8 37
6 13 23
51 2 14
17 3 16
4 34 6
22 39 33
13 2 36
37 7 10
26 24 21
57 42 11
26 23 36
30 4 26
26 44 31
28 19 11
23 33 9
82 29 38
70 5 24
9 20 36
53 7 8
80 35 14
77 26 16
81 5 35
40 36 14
64 36 22
66 34 9
33 20 10
31 22 17
78 8 8
48 6 22
15 30 14
56 13 23
37 41 11
56 44 32
67 35 10
9 34 32
83 30 21
54 4 29
39 21 3
45 41 36
64 19 40
64 35 19
78 12 23
1 8 11
78 6 11
81 43 33
48 22 19
45 13 10
44 10 3
28 47 10
53 27 33
24 44 26
57 12 18
43 5 18
63 6 38
53 27 34
70 26 19
58 11 34
33 10 34
16 41 3
1 42 16
69 26 17
86 41 6
41 27 6
29 42 21
52 35 28
18 34 26
87 35 23
47 4 32
14 30 40
4 12 22
15 19 28
6 35 11
58 29 35
3 39 27
26 3 18
34 29 1
70 31 27
75 22 6
25 35 2
42 9 4
18 3 29
7 16 29
49 22 10
83 32 2
31 46 17
35 16 33
86 6 32
75 42 15
48 26 15
73 34 29
86 16 30
45 31 16
7 22 36
52 27 3
67 17 37
68 10 38
28 8 31
41 8 28
70 31 16
43 23 26
4 38 4
2 35 39
69 20 6
32 27 8
66 30 21
83 47 17
76 28 35
59 20 16
70 38 3
14 10 36
71 18 8
17 36 24
24 26 35
84 19 32
80 27 33
72 23 36
59 30 39
11 2 22
30 26 2
82 21 35
57 44 23
61 47 22
82 4 36
33 5 30
33 20 22
21 17 30
50 21 21
84 37 35
66 17 22
88 38 19
59 46 31
14 12 7
70 47 36
84 9 10
88 32 30
49 24 39
58 35 17
20 10 10
85 20 24
33 26 30
87 36 35
59 13 16
87 27 20
59 46 3
36 2 17
15 33 2
44 29 7
13 45 3
72 15 20
79 32 22
50 13 14
86 40 23
80 12 19
53 32 32
41 44 30
58 39 8
73 47 24
46 45 9
24 32 5
78 35 12
60 17 39
39 8 8
64 46 11
34 40 38
13 25 6
7 20 8
71 8 11
84 43 4
49 16 34
58 10 38
70 1 21
5 43 29
55 32 8
46 36 31
74 19 33
40 25 1
21 14 3
10 42 19
67 28 9
35 34 4
38 6 14
71 34 13
15 24 9
24 20 13
58 10 20
30 23 8
65 4 20
69 10 19
79 27 4
9 5 25
16 43 19
38 16 36
43 43 24
67 19 19
53 42 36
22 33 19
22 9 25
60 43 23
17 27 30
71 43 40
77 20 30
66 32 12
16 15 34
53 10 2
44 11 29
62 21 9
16 36 39
71 39 34
75 36 35
74 48 15
3 16 27
48 2 9
71 32 8
42 48 27
7 26 1
24 22 38
44 24 37
55 48 32
38 45 1
1 35 3
74 25 21
71 2 28
32 1 33
56 11 8
2 10 6
37 44 31
30 14 26
16 21 21
14 38 30
57 6 12
88 42 23
17 31 27
35 3 8
57 1 4
40 30 31
78 22 27
42 1 13
15 13 33
52 21 3
12 12 11
84 30 36
39 16 2
52 6 25
28 4 8
39 35 28
67 2 4
50 38 3
42 18 8
34 24 25
7 28 5
72 6 25
22 9 28
29 23 15
74 38 34
61 22 18
16 32 40
80 5 9
8 24 5
41 40 21
23 16 38
51 9 17
30 6 3
4 19 1
11 37 33
37 7 13
22 31 26
55 47 20
51 10 40
24 45 35
25 45 22
50 38 36
57 33 37
15 12 1
70 34 22
70 16 28
49 17 1
87 23 16
68 39 15
55 37 19
63 20 32
11 2 39
40 34 19
2 40 5
3 17 15
35 2 7
32 6 9
15 31 6
22 15 9
81 23 12
28 26 5
33 46 24
74 47 27
74 18 37
57 16 1
48 41 34
79 7 3
31 10 12
50 8 40
71 23 14
32 19 20
49 45 15
39 34 27
88 18 30
23 15 7
57 21 7
38 38 33
60 30 12
2 34 4
25 29 36
3 35 18
29 14 26
57 24 37
83 23 40
14 14 29
48 25 10
68 42 17
56 25 29
22 22 13
42 48 6
50 7 28
67 40 3
61 32 8
76 13 18
25 7 38
14 45 10
29 30 30
61 43 9
58 35 23
41 36 25
30 3 2
74 2 12
27 19 18
15 1 12
86 33 11
72 47 12
69 31 9
74 18 26
70 40 4
49 4 4
23 12 25
68 47 12
84 38 27
62 11 22
37 12 33
33 48 35
1 30 8
5 29 6
27 20 7
51 6 23
7 6 22
70 47 8
56 26 23
83 11 33
7 25 39
1 38 32
11 6 33
9 33 29
55 35 25
49 35 38
30 44 25
79 29 33
83 30 14
20 19 26
38 13 3
68 21 9
29 8 4
86 41 39
30 37 18
56 25 27
52 29 17
5 40 31
75 35 7
7 19 31
49 2 3
57 6 38
62 22 28
41 15 25
17 10 32
38 31 11
54 48 12
36 14 30
44 1 10
79 24 39
30 34 25
5 19 11
19 37 7
27 31 13
30 2 35
29 31 28
9 35 9
18 5 35
59 46 35
80 33 5
39 44 20
27 11 39
60 9 32
48 9 22
37 11 26
57 10 14
1 46 37
60 48 18
46 25 23
27 35 5
71 6 24
79 27 24
39 17 40
21 19 34
82 25 36
10 13 39
48 4 19
5 30 16
77 32 4
77 14 25
56 8 35
39 27 27
62 18 39
16 7 23
46 20 16
80 47 37
82 31 11
51 4 24
62 47 7
7 18 19
53 33 21
41 44 24
3 14 29
55 36 15
2 11 34
29 36 29
29 34 18
53 48 38
67 19 16
82 46 5
20 4 5
41 25 9
29 19 6
8 25 8
88 12 2
18 28 21
62 20 12
66 6 26
87 12 35
28 28 40
59 14 15
39 2 12
85 46 17
45 1 32
81 34 7
55 46 18
11 20 23
32 5 4
67 7 38
81 6 9
9 3 5
57 5 37
77 25 31
80 20 18
55 41 22
53 16 34
72 21 40
76 2 24
15 13 25
84 41 4
54 12 10
45 20 9
37 30 36
33 45 4
62 28 34
4 3 25
76 13 10
62 42 14
56 38 40
16 37 31
32 23 9
36 21 33
51 41 7
67 13 38
27 10 7
42 42 18
61 21 13
74 46 37
18 20 8
28 43 19
54 24 4
20 11 10
28 11 39
22 31 7
80 30 31
7 48 25
61 23 38
42 21 5
43 45 25
32 33 37
25 39 33
9 19 15
6 43 36
71 16 12
32 5 14
49 19 11
48 7 3
26 27 7
54 14 12
26 48 8
17 10 5
70 14 20
32 9 23
33 5 31
73 29 3
27 41 25
9 40 24
4 21 19
65 12 22
62 42 33
45 37 12
66 22 32
46 38 40
81 10 3
46 47 19
20 2 17
75 19 18
44 37 21
40 37 26
38 45 18
34 30 5
25 23 9
52 10 7
78 31 37
67 25 15
65 34 33
46 18 28
42 31 39
18 23 17
34 4 13
70 15 14
19 8 39
6 41 1
81 42 1
69 38 5
35 36 33
36 43 26
29 20 7
80 27 23
50 8 9
52 25 29
77 33 39
19 44 8
17 1 4
30 46 37
82 20 33
12 38 34
30 15 30
87 11 39
83 9 7
16 27 20
1 25 40
82 36 15
39 3 39
22 2 26
3 41 10
33 42 6
36 12 10
47 28 32
82 44 15
44 37 36
86 28 35
5 18 33
78 23 17
48 17 30
40 38 32
4 9 37
26 23 24
23 46 40
87 8 19
21 45 33
53 16 15
55 5 19
51 47 13
83 44 37
36 1 40
51 32 18
87 2 24
18 14 40
30 37 3
28 23 5
16 9 21
74 21 21
67 19 4
86 48 21
22 48 33
53 41 26
80 20 8
72 14 10
79 1 16
29 42 27
75 3 40
57 1 11
19 22 16
60 38 21
55 23 7
24 38 23
71 37 36
78 17 35
30 5 27
75 48 35
74 1 37
46 29 25
65 15 2
34 32 12
46 4 21
6 8 24
20 32 17
41 30 36
5 45 2
79 29 21
80 40 12
36 30 8
2 33 38
88 29 30
18 13 6
43 37 5
25 44 14
24 26 33
31 11 9
57 48 22
31 25 8
56 11 38
21 8 24
39 20 26
30 21 33
23 27 4
63 43 2
24 8 1
86 26 29
40 24 30
26 14 27
75 32 29
39 47 5
40 40 31
58 40 5
9 43 4
12 47 26
29 28 7
55 19 19
21 41 4
11 19 7
41 39 19
63 41 32
45 39 38
47 10 5
77 1 22
78 27 19
35 28 16
8 3 29
53 46 5
84 3 34
62 31 17
28 45 15
53 37 36
31 16 6
66 42 12
47 23 17
58 6 25
54 35 24
12 46 37
88 32 39
37 11 29
59 41 7
19 30 7
30 34 37
38 13 28
41 32 37
43 15 36
86 43 9
47 38 16
5 44 22
71 27 15
10 20 11
18 45 37
75 16 40
80 25 34
56 43 3
69 39 12
81 42 19
66 46 32
21 46 38
27 39 7
41 17 16
8 5 21
29 29 31
69 2 14
24 31 4
16 37 37
7 9 38
23 16 18
38 28 36
42 44 32
53 33 32
53 1 39
25 16 4
39 21 27
17 16 21
37 48 3
20 22 2
68 6 32
42 38 17
65 35 4
7 15 30
41 46 34
18 4 13
82 43 4
38 16 16
46 29 30
69 34 20
60 36 40
47 34 8
7 15 33
53 20 6
28 38 30
42 12 40
23 21 37
61 41 24
23 39 9
45 25 36
4 9 38
58 13 38
34 26 18
66 10 25
63 11 27
1 15 14
53 47 26
2 43 11
2 33 22
21 32 5
81 34 14
70 42 19
2 17 6
78 14 26
41 20 25
19 20 23
4 23 35
24 9 20
38 45 22
43 11 26
66 19 18
6 38 12
10 14 18
4 19 2
5 12 3
82 38 5
1 3 29
34 38 33
43 12 16
58 44 4
13 43 39
6 8 30
44 3 2
88 18 24
3 10 12
52 14 13
4 40 31
17 5 12
79 41 40
79 17 12
23 20 40
83 23 17
23 17 30
79 45 36
56 16 2
43 41 9
25 4 22
88 25 30
20 10 31
56 11 36
35 6 31
8 27 3
54 15 38
36 13 18
22 24 18
85 16 23
33 4 22
57 22 14
50 38 3
50 20 22
46 10 2
57 14 17
17 21 22
56 19 28
10 40 9
67 7 20
77 25 7
58 27 38
55 1 33
17 10 34
88 9 31
29 29 24
24 32 28
83 5 31
10 39 21
37 35 16
16 13 4
4 5 18
57 16 29
31 12 14
7 31 35
3 26 26
43 12 33
63 13 11
6 24 21
12 7 1
30 26 16
43 23 35
77 28 8
78 21 34
55 2 6
71 35 4
44 39 8
80 8 31
68 10 19
2 31 31
38 11 29
51 21 33
34 17 24
75 48 30
10 12 14
71 26 2
1 44 38
57 3 31
19 19 15
15 17 14
28 46 16
86 6 13
37 9 11
42 24 30
80 39 18
16 33 12
79 26 31
77 33 4
59 41 20
77 4 4
55 39 16
63 26 20
25 15 5
6 47 37
82 46 31
69 27 29
16 3 15
2 23 27
12 21 12
29 12 31
7 19 9
83 14 25
2 17 21
46 45 31
33 25 25
4 25 8
30 17 17
39 1 40
30 1 26
81 31 5
75 29 30
33 27 22
75 43 7
68 1 10
53 6 9
79 12 13
58 46 37
21 37 37
27 7 29
64 9 18
68 28 17
2 14 30
18 1 17
71 3 16
43 6 30
32 14 15
9 5 33
4 24 27
68 23 40
15 39 38
7 30 21
45 35 3
44 22 30
82 2 10
55 46 37
53 46 10
62 8 7
2 34 15
31 34 19
26 7 29
62 27 9
85 37 24
22 35 33
62 45 33
11 24 29
51 34 22
87 24 27
63 17 33
23 3 5
15 2 35
46 32 20
6 17 21
35 37 28
56 25 13
22 18 7
42 28 39
4 3 9
36 8 17
88 6 2
68 21 35
74 4 4
41 37 22
59 28 5
7 26 12
28 15 15
53 44 39
55 5 16
63 20 29
18 25 26
72 41 21
50 48 20
63 42 4
33 42 30
55 38 29
75 12 6
58 11 24
44 9 10
11 20 34
58 39 7
17 3 11
61 25 24
80 20 10
88 42 13
20 25 30
81 14 25
56 3 15
6 8 8
69 8 16
3 8 26
1 17 3
38 6 34
38 30 1
32 32 3
69 1 35
67 48 16
27 44 3
61 39 40
11 4 31
63 41 30
63 6 15
81 40 38
13 17 30
28 48 20
77 31 37
60 7 25
28 21 3
62 28 26
26 23 17
10 46 28
57 11 38
51 21 2
6 25 20
49 25 31
24 21 1
18 9 7
58 21 17
80 28 25
87 13 35
39 42 21
43 10 2
17 4 11
36 6 23
71 4 6
23 22 29
75 11 2
36 40 38
84 5 31
81 6 18
68 16 10
78 12 32
79 19 18
69 22 24
50 28 18
17 7 8
49 29 39
57 36 18
65 47 23
72 39 30
83 9 18
55 13 25
73 26 16
60 10 39
74 47 24
50 30 21
38 31 20
66 30 26
60 34 8
38 47 14
60 1 25
54 8 16
41 11 17
9 48 40
68 48 13
15 17 4
64 14 14
63 36 4
33 11 33
81 19 29
1 43 4
16 22 23
17 35 12
47 7 3
55 20 11
3 47 21
22 46 19
54 29 11
73 14 40
67 41 4
38 30 31
26 18 11
54 47 8
26 46 32
50 6 2
14 37 26
22 24 27
51 6 12
34 5 27
61 5 2
38 36 20
83 46 24
10 25 22
39 24 24
60 39 22
14 14 38
58 32 19
33 34 31
79 32 33
30 3 24
6 18 35
34 12 26
40 34 11
19 25 21
60 29 22
16 16 23
26 26 7
36 29 2
38 24 37
67 29 8
44 31 12
15 39 13
64 46 10
52 15 25
58 43 11
43 13 1
71 44 40
60 13 38
8 14 6
11 4 31
74 43 10
50 28 23
38 24 5
82 20 16
68 14 39
79 39 31
38 33 2
62 17 8
62 38 12
87 3 33
26 33 12
69 27 5
64 23 27
77 3 11
52 47 40
55 34 17
7 27 34
74 9 21
82 12 15
65 38 39
9 7 5
21 36 35
22 12 27
63 41 34
8 8 22
66 6 26
11 41 29
13 15 36
35 15 22
12 43 2
16 34 6
5 22 4
50 23 21
56 21 24
41 48 14
61 45 25
21 48 10
38 44 34
36 21 9
10 7 39
38 33 2
52 11 1
42 11 31
11 46 13
63 25 13
3 28 11
51 14 3
23 2 33
40 1 32
16 9 31
11 44 32
15 10 12
29 17 1
53 48 33
70 34 22
4 35 5
22 18 27
70 23 21
69 39 1
32 23 1
45 3 29
41 39 10
13 18 4
3 2 7
5 21 22
63 7 2
19 13 5
50 20 8
63 1 30
40 31 23
52 16 9
6 33 4
71 4 32
17 1 18
26 44 20
33 35 12
12 9 12
10 44 31
80 33 17
31 3 15
51 3 13
44 22 31
20 5 24
61 20 2
77 30 21
35 23 24
77 4 3
61 22 37
20 34 10
69 15 26
68 9 11
5 44 36
1 41 11
68 22 20
88 29 9
60 24 14
2 32 37
31 44 11
53 38 33
62 41 37
70 6 14
40 31 37
26 40 5
73 42 25
39 12 22
40 15 16
64 30 13
32 30 13
19 17 24
12 3 28
3 6 1
74 10 27
50 33 24
80 27 16
73 8 5
7 46 4
22 7 4
33 22 9
41 20 3
47 1 18
49 22 39
10 6 32
61 23 31
80 7 27
80 2 32
52 12 40
78 1 13
10 42 19
20 28 26
13 31 13
26 11 10
3 30 20
58 10 6
32 33 29
46 15 6
67 16 3
81 18 2
8 29 25
4 9 13
59 17 40
83 6 1
29 26 26
28 18 19
79 13 15
76 6 7
75 21 15
37 47 39
85 31 12
75 38 31
4 38 6
25 31 22
34 24 13
67 29 6
86 26 13
74 5 19
47 40 19
15 33 6
45 20 37
13 22 26
50 7 6
49 33 22
27 47 8
52 14 36
42 43 34
29 19 22
15 1 28
55 48 11
12 33 26
37 10 10
47 33 29
17 20 19
3 28 27
1 40 31
71 27 31
16 44 9
75 6 23
33 29 7
72 39 27
32 6 15
19 4 38
42 16 8
35 15 4
42 30 16
82 20 8
13 26 31
20 14 32
61 30 6
80 46 37
65 41 12
82 5 28
57 9 7
39 5 6
28 20 23
49 38 21
42 46 17
41 9 21
25 22 21
76 4 20
6 13 38
7 45 32
53 39 27
70 32 39
35 18 30
74 9 35
83 29 8
47 3 2
45 18 35
17 38 21
81 11 3
24 30 15
9 7 33
46 23 17
1 41 40
79 39 22
57 26 5
74 11 14
67 7 25
32 7 34
64 46 15
3 8 31
70 2 4
14 36 11
21 13 1
37 28 12
69 4 26
18 37 22
82 45 15
62 19 28
27 12 4
41 22 11
54 48 4
79 13 6
61 39 19
59 4 6
8 42 21
83 35 11
42 40 1
45 19 32
32 43 31
81 34 14
81 9 18
81 40 23
49 6 40
26 35 5
34 23 19
66 44 7
5 23 6
16 11 27
56 40 26
74 15 10
32 10 6
76 15 36
29 2 25
65 36 31
54 9 8
86 34 16
1 16 23
40 19 5
48 17 11
6 44 1
50 31 2
43 1 7
58 19 18
52 40 15
81 31 2
15 23 33
3 9 39
62 6 33
23 8 19
16 45 16
73 5 34
12 7 12
31 7 7
16 20 32
79 20 30
65 28 21
74 17 20
38 29 28
10 12 6
5 27 32
27 11 27
52 3 7
24 19 14
44 21 22
75 45 19
86 12 11
31 42 23
5 32 19
80 27 11
8 1 11
24 33 29
83 4 40
84 28 1
48 17 20
70 46 4
51 5 28
6 13 35
9 3 29
60 6 3
26 33 37
62 32 2
16 8 9
23 46 28
80 6 3
78 46 26
76 35 16
38 42 25
23 17 31
30 38 21
34 26 36
7 26 31
43 29 25
46 39 13
72 23 37
78 30 38
52 33 31
42 15 27
69 16 3
13 35 4
6 22 13
44 35 14
21 15 26
49 44 1
58 39 18
59 21 31
16 24 25
64 29 5
67 12 15
32 46 21
4 29 24
75 11 18
22 18 8
15 5 8
20 41 40
56 7 37
24 13 20
27 24 20
17 45 16
72 2 13
3 26 6
25 40 7
6 4 38
8 8 16
51 25 39
27 45 6
1 33 25
10 23 36
1 43 9
14 40 16
66 18 36
38 6 6
4 9 9
50 25 27
44 44 25
59 2 34
18 25 15
7 25 24
6 40 25
28 12 33
70 40 19
56 19 37
44 39 40
52 12 33
26 10 11
32 35 17
29 29 6
21 31 29
55 8 13
26 48 17
88 40 18
47 35 29
79 2 3
43 39 27
17 9 39
31 39 19
77 48 18
9 48 5
22 2 13
37 31 32
70 47 1
22 1 14
37 29 24
9 48 19
11 15 39
32 24 21
27 13 9
18 32 11
24 15 39
69 45 7
29 13 34
87 23 34
50 39 1
56 6 37
22 31 24
27 1 22
28 48 36
85 3 27
21 26 28
54 19 31
25 39 18
21 15 11
18 42 7
49 44 39
39 12 12
39 20 35
19 39 31
58 34 29
5 24 31
33 2 8
64 38 17
1 38 19
29 43 3
23 10 4
80 4 1
52 40 37
25 16 5
64 37 26
43 44 29
88 5 1
41 17 33
85 38 22
18 32 34
27 26 29
87 29 11
59 4 4
9 5 25
15 15 16
68 19 7
49 5 35
10 18 2
59 19 8
28 22 8
42 32 15
46 21 23
28 33 28
36 39 9
60 41 14
10 20 39
4 43 39
70 19 6
24 19 12
49 43 6
36 31 35
62 38 18
77 42 32
59 34 2
16 36 32
18 33 20
34 33 35
14 35 6
13 17 37
70 31 25
85 13 16
79 26 25
73 26 29
2 36 9
44 25 31
63 8 20
65 11 24
10 3 15
68 33 27
44 29 16
13 2 4
56 24 2
67 30 8
41 17 37
78 31 34
21 11 26
49 17 30
32 39 10
77 21 39
80 33 37
59 35 19
68 9 17
16 24 15
44 11 7
21 6 9
53 34 1
44 48 10
52 43 35
43 48 32
68 31 9
27 36 28
34 37 29
14 24 21
64 2 38
19 43 35
83 18 24
37 3 14
71 1 37
73 27 8
64 9 22
58 6 27
40 1 7
25 26 37
29 43 17
75 8 10
47 33 29
40 22 18
1 1 24
18 38 19
20 10 37
85 4 19
65 35 22
34 10 13
54 28 37
84 31 2
54 43 9
46 24 32
29 5 15
29 23 4
49 42 6
38 2 31
43 30 20
30 24 38
45 10 15
87 7 25
45 48 5
53 8 3
74 17 27
58 5 30
49 25 39
61 32 23
74 7 33
35 6 24
7 21 29
61 38 18
18 26 35
48 9 39
61 35 37
86 32 29
44 47 23
66 33 21
18 24 29
11 5 32
73 17 33
62 5 25
8 36 21
61 23 21
43 20 26
54 43 10
71 37 15
58 40 25
29 34 15
81 20 3
69 32 33
7 32 14
71 33 36
30 31 14
13 24 34
15 42 36
37 15 33
87 18 14
22 42 22
33 19 11
84 27 25
12 46 39
10 34 14
49 18 35
59 2 18
69 4 15
11 18 24
16 34 19
49 33 35
65 22 28
73 41 36
79 18 14
71 8 11
9 19 12
67 47 26
15 19 32
46 23 5
19 47 4
8 17 17
87 20 38
23 17 18
23 31 18
23 16 32
38 22 10
64 41 10
12 23 18
48 23 17
1 41 5
87 12 37
52 42 36
18 31 9
30 19 1
25 26 10
18 36 36
83 47 21
3 41 4
69 40 12
12 41 16
14 24 20
65 13 28
63 16 12
81 38 37
59 22 17
42 38 24
42 9 35
21 41 21
65 8 16
67 18 18
64 7 26
10 28 31
37 39 9
72 42 15
84 46 31
81 17 34
70 17 37
59 24 12
32 11 32
15 35 16
65 34 8
24 30 35
67 5 11
14 46 35
81 46 1
33 28 4
56 1 35
38 11 6
68 6 17
85 15 11
53 16 22
37 2 39
46 41 10
60 45 19
7 37 2
12 19 36
50 34 25
88 34 6
26 26 38
19 10 9
1 13 14
41 22 2
62 25 20
57 26 29
50 47 20
45 33 8
71 6 11
33 24 15
72 23 20
5 31 21
31 15 15
13 46 6
21 45 7
39 8 35
28 36 23
29 32 2
41 47 29
64 41 34
37 34 20
80 28 19
4 28 23
63 6 31
66 23 20
65 18 38
69 3 21
15 39 5
33 38 35
51 46 40
11 15 39
87 47 9
86 33 18
7 35 27
81 39 2
11 35 36
64 27 20
49 32 35
30 16 36
24 5 25
56 27 27
8 43 21
87 36 8
52 41 22
11 3 22
11 14 40
62 16 40
2 45 1
39 13 11
20 18 9
19 26 12
42 11 21
82 40 13
68 29 6
15 13 37
37 47 7
22 25 36
48 12 22
10 40 25
33 36 18
36 31 22
22 17 15
43 4 4
10 44 11
31 29 10
47 42 18
3 35 24
84 18 38
26 7 17
86 3 15
41 15 40
43 17 38
60 2 37
78 5 25
85 36 25
16 22 4
41 23 5
86 34 3
67 9 5
27 47 2
8 12 8
35 30 9
56 13 25
16 45 10
85 28 17
40 3 35
38 43 1
30 10 26
55 47 27
15 41 38
19 30 7
63 30 20
51 42 17
59 3 16
31 26 4
10 33 36
50 22 40
84 14 23
8 26 17
30 3 36
59 27 31
63 28 19
51 23 29
20 47 3
73 22 4
44 18 27
50 18 8
77 24 29
13 29 40
30 31 26
19 41 9
51 21 28
62 29 10
78 12 15
51 28 18
69 1 19
49 19 19
3 18 32
15 18 25
49 12 20
17 47 28
38 8 6
52 12 8
25 43 13
70 15 16
74 44 11
15 6 5
9 43 39
41 19 39
58 6 37
29 28 12
68 31 32
80 45 30
67 34 31
54 17 38
6 26 8
88 11 9
31 2 7
6 35 14
44 24 32
86 34 6
56 39 1
29 42 34
33 18 33
58 23 24
54 36 33
50 19 21
59 2 17
4 42 39
77 25 33
25 32 8
79 26 4
61 32 1
54 21 1
85 3 15
51 17 7
52 21 3
41 3 34
63 18 4
87 22 3
17 30 10
31 18 37
3 31 36
16 45 21
87 12 17
10 20 25
29 2 16
10 26 33
80 46 27
55 1 19
74 7 36
38 18 31
4 28 37
41 14 19
48 23 14
14 28 5
11 21 36
2 44 21
50 30 6
14 7 38
35 30 18
50 4 9
75 34 6
8 20 34
5 3 9
56 46 30
3 4 23
35 14 35
40 40 8
33 6 36
68 28 36
20 33 5
13 32 6
80 38 21
25 39 4
35 44 35
21 16 11
66 26 36
10 28 26
28 27 36
2 14 25
51 29 10
14 38 27
62 29 29
15 15 22
10 43 22
25 9 5
12 45 29
87 44 34
80 31 5
71 12 36
5 12 23
64 25 9
6 38 17
9 30 39
15 25 24
48 1 38
44 40 15
39 32 21
8 38 15
41 2 9
29 32 14
19 27 22
70 28 10
8 3 3
30 35 8
1 26 1
84 4 28
88 11 33
81 16 35
7 8 26
87 30 13
64 6 30
9 28 4
29 7 15
30 35 38
58 8 40
43 33 21
11 42 38
33 38 13
19 46 6
52 4 13
85 28 16
53 27 31
9 10 4
7 3 5
52 18 26
15 10 10
7 22 38
81 13 26
87 9 1
86 12 26
16 29 13
78 47 3
16 33 29
38 26 1
45 3 7
7 22 21
24 2 1
5 3 10
53 42 30
63 5 20
33 40 9
53 45 26
73 40 12
46 20 29
2 46 34
78 46 6
25 36 37
12 39 10
16 38 30
12 35 18
26 6 14
19 48 19
54 29 32
48 17 24
53 41 23
63 43 22
61 13 21
2 24 20
66 47 3
30 45 6
9 6 39
5 10 34
59 16 20
58 44 25
56 13 30
10 5 31
31 40 33
39 30 30
70 38 2
76 24 2
40 42 36
66 16 29
63 14 37
72 36 3
19 5 13
57 43 38
75 22 14
24 10 21
50 21 40
54 32 4
60 7 15
46 25 36
4 33 15
38 16 11
74 35 40
51 46 17
57 4 4
38 3 4
18 11 8
63 46 3
66 24 27
4 33 27
50 11 5
83 21 27
84 39 39
70 8 20
6 2 18
68 4 13
72 31 33
33 48 32
66 19 6
88 11 25
50 32 1
27 45 12
22 5 10
74 25 25
76 31 8
9 43 16
24 32 8
75 9 14
15 2 17
5 6 9
80 30 39
28 19 28
54 4 38
23 8 34
15 40 19
83 47 2
41 8 30
9 24 7
32 37 33
66 1 37
33 17 12
54 21 32
45 11 27
