14 27 4224 8553
1680 4748 3624 2619 2700 878 3191 2973 55 4342 1013 4379 3078 826 3101 1879 274 3148 1643 2536 2053 1990 1395 2689 2441 1057 3549 
3930 2197 1033 2983 697 612 560 4690 4654 4283 2257 1685 2074 999 369 429 434 512 3537 1473 4800 4424 2756 4226 356 2216 4090 
2665 1015 688 4608 4751 4445 3295 4699 4109 1109 4093 2232 4128 4838 2357 1637 58 2720 3832 1970 3972 2917 1980 1268 726 497 3046 
497 3079 1683 2707 201 3790 1438 3102 2822 3264 2486 840 4534 2151 2025 1548 210 1489 2154 310 1227 1803 2210 4843 2990 1499 2478 
1117 1662 347 219 4270 3929 1071 1139 1582 4305 453 1589 1885 3874 338 3005 3852 3871 1472 3545 3057 2306 4447 3709 3552 4141 1833 
384 1194 3640 4762 1601 4465 2609 1988 2832 1072 3186 2517 2236 2392 4538 3784 1875 1008 1141 2793 433 1132 2760 3380 4794 2342 1168 
1050 4522 2261 2849 534 2849 3215 317 365 2057 4721 3050 4230 794 3473 2754 741 2682 2434 1244 1119 4412 4614 2826 1087 1048 3717 
4487 1498 711 4676 1770 1793 2844 4348 3142 4340 919 3820 1149 1948 3376 4209 299 3463 2054 3359 574 1163 506 1828 2159 1295 3380 
1750 4027 2517 2456 367 3707 2865 4564 2125 1127 4525 2001 1042 324 3044 1786 3051 3574 691 2543 377 3294 904 4181 4238 2669 1512 
1422 4020 4112 2764 1109 1320 4118 1931 3703 2472 310 1255 3087 3904 3537 4666 3659 2312 736 2221 1120 4448 2527 349 4725 1916 2972 
1024 4016 3207 4700 2666 2898 2809 464 2137 886 4570 855 2680 1914 1986 4705 728 1046 4268 2742 1768 2320 4900 396 2983 984 2838 
4772 4509 919 2006 2669 1415 3649 3557 4144 1116 3970 4898 4458 3951 988 3290 417 4482 4850 4084 236 1203 3329 623 4527 2381 632 
792 4067 2562 4481 2756 340 169 723 1791 746 3470 2917 4091 3895 2252 1564 4675 303 2256 4639 3747 4160 2318 597 2249 4817 4851 
3157 3062 1529 4563 1441 1602 1455 1009 1829 3788 3809 1350 2639 769 3836 4696 2936 4382 2392 577 2759 4314 3280 2637 1794 2837 1505 
4 11 30
4 21 8
3 17 27
3 3 28
11 9 15
10 5 40
8 11 17
3 8 38
1 21 7
9 7 10
12 17 26
10 8 21
1 24 39
8 8 28
10 6 31
1 8 11
4 12 7
12 8 14
6 24 26
2 19 32
12 24 34
7 21 10
8 11 35
6 22 17
10 4 7
11 9 4
12 9 39
12 9 19
10 21 30
11 8 30
11 4 15
6 4 9
8 9 2
9 14 33
11 9 7
2 11 28
8 12 14
3 3 23
2 4 19
2 9 29
9 8 21
11 22 33
12 8 28
7 19 27
3 9 33
2 17 29
4 2 29
2 5 1
5 11 7
2 3 12
10 1 29
12 7 27
7 9 33
6 9 20
4 14 17
11 6 11
1 18 32
6 22 26
7 17 23
5 3 24
7 7 18
9 5 2
3 5 2
8 12 14
6 8 10
7 12 40
10 15 9
6 17 9
5 24 18
12 10 22
8 13 27
3 7 33
4 14 35
6 20 28
7 4 11
9 4 24
6 19 16
1 2 16
7 18 9
9 3 11
2 7 17
1 5 17
1 3 32
7 1 37
6 22 3
11 2 4
8 6 40
4 4 39
6 16 5
10 7 24
12 22 5
4 10 29
1 1 21
9 3 34
4 25 33
9 10 18
9 14 32
6 23 6
1 10 28
10 14 22
8 23 16
2 18 16
4 12 24
6 2 16
10 6 29
11 18 27
2 10 12
8 25 10
5 13 27
7 2 10
4 19 17
8 5 17
5 17 21
3 11 36
7 11 15
6 11 21
3 25 37
5 13 11
7 3 11
10 22 33
8 9 3
7 7 16
10 23 8
11 1 21
2 18 13
5 24 35
11 24 5
2 17 37
12 14 10
11 13 24
4 24 16
2 1 21
12 4 28
11 11 19
9 12 32
10 14 23
11 6 15
9 22 10
10 16 19
3 9 33
2 15 24
2 13 11
3 10 6
7 11 34
6 23 4
12 3 28
10 11 36
7 7 31
4 1 36
10 10 9
7 22 5
1 5 37
1 1 21
12 19 39
12 17 37
7 19 11
4 20 36
3 1 20
3 7 39
9 20 22
8 14 31
4 22 18
4 22 25
9 7 7
12 20 3
11 4 19
9 11 27
5 24 3
5 19 37
1 21 12
5 4 14
3 10 26
8 3 2
10 18 15
10 16 10
7 6 27
7 18 20
7 12 21
9 7 21
11 22 6
9 2 14
3 17 25
7 13 21
6 22 37
10 15 28
2 23 31
8 11 8
8 23 28
7 5 1
8 21 10
8 9 19
7 11 11
9 2 38
2 4 22
5 21 4
8 19 25
4 23 7
2 25 30
6 17 24
10 22 10
3 9 32
5 4 14
8 15 37
8 18 39
6 3 2
12 6 33
9 5 14
5 10 28
1 14 36
5 19 38
3 15 3
4 4 11
6 13 5
4 12 13
6 7 34
12 18 3
6 5 25
9 22 37
10 20 16
8 24 6
12 9 20
7 17 18
11 14 31
1 21 16
1 2 40
6 7 31
10 6 3
3 9 10
9 14 12
7 23 14
5 14 16
12 3 7
4 15 14
4 17 30
11 18 5
8 13 10
2 16 4
9 17 12
3 4 33
2 25 31
6 8 13
1 2 33
3 5 13
1 22 6
7 5 24
4 20 9
12 11 22
5 18 28
5 16 38
12 9 28
3 15 4
5 18 36
8 5 33
1 20 12
10 7 2
12 15 35
10 18 39
6 3 24
3 13 26
4 2 6
8 21 28
11 2 34
4 16 39
12 6 7
11 15 32
4 15 14
3 17 35
9 10 28
7 22 3
11 21 33
3 7 39
5 6 7
5 25 14
9 3 34
5 13 17
2 18 31
8 23 38
7 1 19
10 17 27
10 14 21
6 13 1
5 12 7
3 3 5
7 8 28
6 16 35
3 9 3
1 8 34
8 19 2
8 9 23
10 25 30
5 5 21
8 20 28
10 12 35
7 21 33
12 3 5
12 24 18
11 8 17
10 11 11
9 9 10
1 24 34
1 21 40
7 1 12
2 11 22
2 11 19
3 21 27
4 17 24
10 25 28
12 18 39
1 19 26
8 24 38
7 14 5
9 7 29
9 1 5
2 6 13
7 17 35
8 22 27
1 3 6
6 7 26
9 5 32
1 22 18
11 16 32
6 15 13
11 18 27
2 6 23
3 13 8
2 16 13
12 5 34
11 4 2
9 11 36
5 10 2
10 21 37
9 7 29
1 25 13
6 20 39
2 4 18
7 16 18
10 13 7
1 12 19
4 17 27
7 21 11
8 4 9
12 22 32
5 1 31
9 7 32
3 15 2
12 17 2
7 7 36
12 4 19
2 18 37
12 16 6
1 4 11
6 20 36
8 25 7
6 20 39
10 24 27
8 7 32
7 4 35
7 14 26
2 7 25
11 18 4
4 4 4
4 23 36
5 15 31
4 19 36
9 8 13
1 18 16
8 14 25
5 2 15
9 20 5
11 12 12
5 4 8
7 2 13
4 20 12
4 4 19
3 18 6
9 8 1
11 8 36
11 23 30
8 18 29
8 13 20
5 23 39
4 24 2
12 3 26
8 4 39
2 5 3
6 4 22
8 16 35
6 14 10
4 5 39
11 15 17
9 15 4
4 1 5
3 17 34
7 17 13
5 8 35
3 7 40
2 17 37
12 11 19
8 17 15
4 4 21
2 7 24
6 1 34
4 22 5
9 12 14
5 1 32
6 17 37
3 22 40
9 8 37
5 20 5
8 22 2
7 20 32
7 5 22
9 11 10
4 8 12
3 22 18
3 15 26
10 10 13
10 5 30
6 6 7
11 8 9
9 6 37
9 16 38
10 2 40
10 15 34
6 11 9
6 12 38
5 12 30
3 16 20
5 3 19
5 6 35
9 13 28
7 13 38
2 12 15
2 24 31
3 12 36
1 15 1
11 11 20
10 2 35
10 25 21
6 19 6
1 13 29
3 14 25
10 18 39
2 21 29
7 12 2
6 19 37
1 20 7
8 23 1
4 7 1
7 10 6
4 25 34
3 5 19
10 12 3
11 12 26
12 13 10
9 15 6
10 3 37
3 15 26
10 21 25
9 22 25
4 21 1
2 14 24
7 5 8
1 12 17
7 1 29
2 22 28
3 15 23
1 2 16
2 16 34
5 18 27
5 12 23
4 16 21
8 21 39
3 14 21
5 3 34
2 25 19
10 25 16
3 6 27
4 12 37
7 15 23
3 11 28
4 5 23
2 9 26
10 21 9
4 20 25
5 5 39
7 17 19
11 7 4
3 7 37
6 15 32
2 12 12
5 11 24
1 5 35
6 19 37
6 9 33
8 16 29
1 10 31
8 24 27
7 16 6
9 21 10
2 12 32
5 4 4
10 17 3
11 22 14
7 23 3
6 18 25
3 18 33
12 12 35
2 12 16
8 11 1
4 21 25
5 15 22
5 2 26
7 2 20
7 6 4
1 4 27
6 19 29
12 13 15
5 6 18
3 1 24
8 2 16
11 23 34
4 19 37
3 3 3
2 21 1
6 11 15
9 17 10
1 20 7
6 13 34
3 21 33
1 1 40
7 21 24
7 4 10
7 23 25
11 1 40
2 16 38
12 10 9
12 4 9
12 21 39
7 4 16
11 16 14
5 3 18
7 10 11
12 7 21
2 24 22
12 7 35
1 8 13
11 9 26
6 6 34
2 23 25
11 6 10
2 5 36
10 4 36
7 2 10
8 19 12
9 11 38
12 6 17
10 17 9
6 5 10
5 1 12
4 1 16
11 12 8
6 21 22
7 25 20
4 2 21
9 6 31
2 14 9
6 24 23
10 13 35
10 10 6
12 20 14
11 20 22
10 20 21
1 15 37
5 19 24
4 20 11
4 13 11
4 15 6
5 14 28
6 20 17
6 24 21
3 9 17
3 17 8
11 14 27
12 2 29
9 25 18
8 24 11
12 6 10
2 18 38
2 17 1
12 21 18
6 3 39
6 10 32
12 5 37
12 4 18
12 5 5
6 10 40
7 12 31
7 16 37
6 22 13
2 16 17
1 22 33
11 17 29
12 16 7
2 25 31
4 12 23
7 12 35
5 13 39
10 11 40
3 6 19
5 1 3
7 9 1
2 15 4
5 21 4
10 7 16
11 20 6
11 13 29
11 15 12
8 2 14
11 16 14
2 2 36
10 16 21
3 11 11
4 5 20
6 13 26
1 12 25
11 6 26
9 25 35
1 8 10
2 10 24
6 22 1
6 10 24
12 17 32
12 18 35
8 9 8
5 9 26
5 3 33
12 15 29
9 1 1
4 21 22
1 2 26
7 6 12
2 25 7
8 1 21
5 23 37
10 21 28
10 16 12
3 14 21
10 9 40
2 16 22
10 4 31
9 25 22
8 5 30
4 23 29
10 25 8
6 17 11
9 13 12
3 18 1
11 18 40
11 25 6
1 7 14
10 23 40
6 11 39
9 5 25
10 25 27
2 14 27
10 18 13
10 8 20
4 2 14
5 9 8
12 4 35
10 1 9
4 15 16
11 22 7
6 5 5
7 17 29
1 8 33
2 4 15
8 14 25
4 2 27
4 8 12
8 18 29
3 25 21
3 7 26
8 9 3
10 9 11
8 21 7
11 4 18
1 23 19
12 16 36
4 23 37
3 24 38
10 17 6
12 24 1
5 11 33
9 3 9
12 16 26
8 22 16
6 2 18
7 3 14
8 16 36
5 5 25
12 7 36
11 22 22
5 3 23
3 16 25
4 12 17
10 24 6
12 8 21
5 25 30
9 16 24
3 3 5
11 13 10
5 21 8
10 21 38
5 20 2
10 2 29
1 21 4
7 13 11
7 4 36
7 17 13
10 9 6
8 14 18
6 23 40
9 15 14
3 19 29
9 17 21
5 5 35
1 14 33
3 12 8
7 5 11
12 4 36
6 10 9
1 6 14
5 11 36
6 16 17
8 25 28
9 25 20
6 14 40
10 19 2
9 19 31
8 3 36
2 4 8
12 20 10
12 16 5
3 18 21
9 1 10
12 24 34
8 2 12
3 9 8
10 13 35
4 12 25
5 2 27
7 10 9
6 22 19
4 13 40
12 21 9
4 5 37
12 18 12
4 22 6
4 6 26
5 1 29
12 1 23
5 20 13
4 16 38
8 13 16
10 6 9
1 10 18
10 18 38
4 23 22
6 2 21
2 20 38
10 22 14
10 17 13
4 5 37
7 5 25
2 1 30
3 20 2
8 11 23
2 7 19
2 18 32
6 22 32
9 15 23
5 6 3
7 5 17
4 5 34
6 14 10
1 20 9
6 12 5
2 13 22
12 22 25
4 12 4
7 18 34
10 6 28
4 1 14
12 13 36
12 24 9
9 23 24
5 4 40
1 15 26
1 14 28
11 4 5
2 24 9
7 5 10
10 21 17
8 20 8
2 21 27
10 18 32
10 8 26
3 8 28
7 15 6
2 1 9
4 7 28
5 24 32
12 3 38
2 22 1
1 4 15
8 17 30
9 9 2
5 3 6
6 3 30
3 6 40
9 25 4
12 18 10
8 11 33
11 24 39
11 19 5
4 9 31
6 22 2
12 23 7
1 1 31
8 14 12
2 1 15
4 8 7
1 24 21
4 16 4
8 7 12
9 18 1
12 23 35
3 3 9
6 24 19
6 14 1
1 11 25
4 14 15
7 23 38
10 4 8
7 16 1
1 18 21
11 11 4
10 5 37
4 17 12
12 3 26
2 2 7
8 10 32
8 23 34
4 25 22
4 22 5
11 16 29
9 13 18
9 17 5
3 16 12
12 6 19
12 24 15
11 24 3
7 5 22
9 15 23
10 10 14
6 19 27
6 14 7
4 1 15
4 20 36
3 7 17
4 13 25
9 15 28
3 5 35
12 4 14
6 13 24
11 1 6
8 23 17
10 11 8
2 7 10
4 18 40
3 17 29
5 11 10
12 3 24
12 22 22
5 12 35
12 6 27
1 23 13
10 2 36
11 11 29
1 3 20
1 12 21
10 20 36
4 3 39
2 11 15
7 5 12
10 6 24
3 11 14
8 13 17
10 16 17
1 11 38
6 13 28
5 21 16
1 12 12
8 25 34
5 10 36
4 12 8
2 5 17
8 6 36
1 1 17
12 1 27
2 14 2
12 3 34
2 6 35
10 3 23
7 2 32
11 5 4
8 23 3
11 13 27
3 22 38
2 10 36
4 17 12
1 24 15
5 22 30
10 1 8
11 9 16
7 23 40
12 10 36
3 25 30
2 4 25
12 2 34
1 18 33
9 6 32
5 1 28
1 14 18
9 7 19
1 24 5
9 12 40
7 10 13
10 15 33
10 22 11
9 20 22
3 23 15
12 22 37
9 25 23
2 14 34
5 17 9
3 7 21
10 11 40
2 5 40
3 21 30
8 15 34
2 5 21
8 24 31
2 9 1
11 9 15
12 9 38
9 10 30
12 12 1
6 13 20
2 24 27
6 8 24
5 21 17
2 24 12
9 18 3
2 23 2
8 7 38
12 11 20
3 16 25
6 3 6
4 3 16
1 19 7
9 3 12
8 13 9
1 11 23
9 22 25
3 8 20
2 20 13
12 5 30
4 10 14
7 6 2
1 18 14
12 21 13
6 18 27
2 3 12
3 6 19
5 8 27
8 5 29
6 23 10
1 23 10
10 5 38
8 23 17
8 10 23
2 23 1
8 19 25
10 9 31
7 5 25
4 5 34
12 23 27
9 4 24
3 19 11
12 10 31
6 16 29
2 1 2
4 2 37
4 15 30
4 6 22
11 17 12
4 23 30
7 2 33
5 22 39
4 14 24
6 14 17
9 8 17
6 7 12
5 10 33
3 11 29
6 22 16
3 11 28
5 20 17
10 14 30
3 9 13
8 18 40
3 11 14
2 9 22
11 15 18
10 19 20
11 25 14
5 19 6
8 11 38
9 19 5
7 25 37
11 10 18
5 18 26
10 2 20
4 15 7
5 22 13
2 3 19
1 12 7
3 18 6
11 15 28
6 12 3
10 12 22
8 16 27
4 1 28
4 15 33
12 4 31
10 3 9
2 3 8
10 18 6
4 10 17
7 21 17
7 4 36
8 8 38
8 9 33
6 6 2
1 24 22
8 19 35
5 18 7
8 12 23
4 24 18
12 25 32
1 3 12
2 22 27
10 6 29
3 6 2
5 25 31
11 18 6
4 6 2
7 23 15
10 18 23
12 23 37
12 23 1
2 19 39
8 9 24
5 23 20
12 4 12
1 4 23
5 21 25
11 19 36
7 25 32
4 18 11
2 7 31
8 4 35
12 25 16
11 3 7
6 7 14
12 24 7
3 3 10
8 1 19
10 10 36
9 17 8
5 22 1
10 18 23
5 3 25
2 7 20
6 15 1
7 15 10
11 21 9
9 16 32
6 18 34
6 9 24
3 9 10
12 20 8
3 1 30
4 20 15
6 19 40
3 21 15
5 8 10
7 16 17
12 12 34
11 1 13
5 5 25
9 16 36
2 6 20
2 10 23
7 14 37
11 12 3
4 3 37
5 5 14
12 21 16
8 9 34
4 19 5
5 15 1
5 15 33
4 22 25
8 21 4
1 20 6
1 11 38
2 17 4
6 1 19
4 12 21
12 24 16
6 8 24
8 9 10
4 5 12
3 25 29
12 19 18
4 1 17
4 1 35
9 6 38
6 7 8
5 18 24
8 3 11
5 25 4
4 25 16
2 16 20
12 8 20
10 14 7
1 16 29
4 15 26
9 5 24
7 6 12
4 20 16
1 10 37
3 17 2
4 13 15
5 1 4
7 10 32
6 21 18
1 18 10
1 19 4
3 24 21
7 20 4
5 16 18
10 6 10
10 3 26
1 23 1
6 23 7
12 1 7
12 8 39
1 22 7
7 18 23
2 15 33
1 21 40
8 9 35
3 14 35
11 11 25
7 4 13
11 6 26
3 4 3
11 15 26
11 17 2
11 16 36
3 4 23
8 1 34
12 16 28
4 6 31
5 8 39
7 15 34
6 23 21
7 15 16
3 24 35
5 24 18
2 7 22
1 19 20
7 18 7
8 14 12
7 10 16
5 24 9
10 22 26
9 22 39
2 15 2
10 20 25
10 15 9
12 14 5
3 13 31
3 16 37
6 9 24
2 4 2
8 11 8
12 11 3
4 12 8
2 16 12
12 19 39
12 1 39
4 24 10
10 20 6
9 3 40
11 3 37
8 22 13
1 5 22
2 23 30
11 9 28
1 5 31
2 20 22
8 16 31
8 2 9
3 9 34
12 9 6
11 2 9
11 15 35
1 13 6
12 1 36
11 20 8
3 8 13
3 20 35
8 7 10
11 20 17
7 12 13
2 14 10
9 18 16
1 15 37
3 8 11
3 7 28
5 5 39
7 5 26
9 24 21
11 15 38
1 21 26
6 14 30
1 18 16
11 21 11
9 21 7
10 18 31
5 21 11
3 21 21
10 25 27
10 10 29
4 25 24
8 13 25
6 11 31
11 11 40
2 2 8
5 13 23
10 18 28
4 4 23
2 24 14
11 21 2
9 7 7
8 8 19
8 21 2
3 18 20
6 24 19
9 8 16
2 10 27
3 2 1
7 20 36
10 25 6
5 20 21
6 18 17
5 20 17
9 25 27
3 3 7
1 23 37
3 18 24
7 16 11
8 4 11
5 8 26
7 22 37
4 23 30
12 18 26
12 5 27
10 3 37
6 7 5
4 13 11
7 21 9
7 16 18
7 23 14
11 18 34
3 15 8
7 8 15
2 17 5
2 21 40
10 18 20
12 7 9
10 1 3
7 18 22
1 5 16
11 10 22
7 24 36
4 17 32
9 11 14
3 18 37
6 15 36
4 15 39
9 19 36
2 18 20
6 14 35
2 14 9
2 9 25
12 11 15
3 17 28
12 14 37
12 22 23
7 2 28
11 23 12
9 15 26
5 8 36
1 17 6
3 8 23
1 15 25
3 4 1
5 7 40
10 5 37
3 25 18
11 3 32
10 7 38
11 14 37
3 13 2
5 13 8
2 22 6
5 21 27
3 17 37
1 23 14
6 10 32
3 21 36
2 8 26
8 3 34
8 23 20
8 18 6
5 21 19
6 3 34
7 2 20
9 2 34
7 3 28
7 22 36
6 17 1
10 17 26
6 6 18
12 16 33
6 11 35
10 15 7
11 12 37
7 22 5
7 12 3
8 23 40
2 14 18
3 10 21
5 6 39
12 16 16
3 3 19
1 1 25
12 21 29
7 21 28
11 3 11
10 10 7
5 12 3
4 18 24
12 8 11
1 25 15
5 14 25
1 22 33
9 20 32
1 24 4
4 15 36
12 6 9
7 25 20
1 15 3
10 24 37
6 10 32
7 1 18
2 15 10
11 5 36
1 16 10
6 25 15
3 3 2
4 25 38
12 15 11
11 25 29
6 23 37
6 9 16
7 23 37
3 2 37
4 23 34
9 18 40
2 13 38
7 10 17
3 17 15
4 5 17
12 8 36
1 16 6
8 8 38
8 25 35
8 14 5
6 24 16
5 4 38
9 6 7
5 25 2
7 6 28
8 9 20
8 25 19
3 12 23
4 22 27
6 5 37
6 3 13
9 10 24
1 6 12
10 16 12
7 17 11
4 11 40
12 1 29
9 18 38
9 25 7
6 9 17
1 13 4
9 18 5
12 22 32
3 16 36
11 22 32
3 9 38
4 24 38
1 14 8
11 21 9
5 20 10
11 5 8
12 18 24
7 11 38
5 25 30
6 23 8
7 12 14
12 20 24
7 19 37
4 1 15
12 23 20
10 6 4
8 17 3
9 17 25
10 25 20
4 24 8
12 16 36
1 16 33
12 14 29
8 16 31
2 18 13
7 25 16
7 14 4
2 22 16
9 22 13
3 9 27
11 12 12
5 23 16
6 21 16
1 20 35
1 6 17
9 16 30
11 18 32
8 4 23
3 11 39
4 10 7
1 7 26
2 4 19
12 11 5
10 8 18
4 15 2
3 6 28
6 17 3
10 11 22
1 4 22
3 10 34
1 20 32
4 16 20
8 1 40
7 2 36
3 1 7
1 13 33
5 9 27
7 14 35
7 12 27
8 19 5
7 14 28
10 14 27
2 9 15
6 13 40
6 6 39
2 4 32
11 10 5
5 2 6
11 14 25
4 25 18
5 1 15
3 11 15
9 17 35
11 17 31
6 9 14
4 2 4
3 9 16
11 18 31
4 9 33
8 24 4
3 19 8
3 18 29
10 22 3
9 12 26
9 18 33
8 3 32
3 3 27
1 13 2
10 2 1
6 9 37
10 15 26
12 24 10
6 14 32
1 6 18
5 10 4
7 21 20
7 19 11
4 1 40
7 20 34
1 9 4
9 11 16
2 18 18
2 14 28
6 6 15
1 18 17
8 19 10
3 10 26
10 8 22
7 16 14
4 13 20
6 3 38
8 15 15
1 7 19
11 6 10
11 16 12
5 20 12
10 10 33
6 5 25
12 15 29
1 19 1
9 12 19
1 12 19
4 23 34
8 3 1
4 11 31
9 22 28
11 14 40
6 5 21
3 25 36
7 7 4
7 18 36
8 17 4
12 19 29
7 23 7
6 2 19
2 17 32
12 20 30
12 9 17
12 21 35
6 22 35
1 7 27
5 3 26
11 19 36
9 6 16
3 14 17
8 4 14
10 19 21
5 11 31
8 8 4
12 9 11
9 17 30
2 10 37
11 11 9
12 7 11
12 14 16
8 2 11
9 9 32
7 4 24
11 21 34
6 4 7
6 1 23
7 1 35
1 1 6
12 18 34
2 15 27
9 2 15
7 18 23
6 2 13
12 16 2
1 1 27
6 14 5
6 18 25
10 5 39
10 3 30
10 3 23
1 7 20
7 13 29
6 22 38
3 9 1
11 22 39
2 19 6
11 2 30
4 15 8
4 11 6
12 13 26
11 23 23
5 11 31
1 25 21
11 10 35
5 19 28
3 20 36
6 3 14
12 6 12
3 19 16
5 12 10
12 15 14
2 17 24
8 16 16
7 16 23
12 14 18
8 17 13
3 14 2
12 1 2
9 4 2
5 2 24
12 1 39
4 18 19
4 5 25
4 7 6
3 2 6
12 10 19
8 2 10
5 5 28
11 4 26
1 7 34
4 24 1
10 22 37
11 10 34
2 9 1
4 8 28
12 23 31
3 10 3
1 10 10
12 19 35
1 15 1
1 5 19
3 4 2
3 6 36
9 3 6
5 24 34
9 9 7
8 21 16
6 4 10
12 6 38
4 11 5
2 23 35
11 17 32
7 17 15
7 15 6
9 7 28
6 14 9
3 22 31
8 10 21
7 21 28
11 2 36
1 3 40
9 8 19
4 2 38
1 1 23
12 22 34
6 3 24
11 10 36
11 13 14
7 3 24
2 22 17
1 5 10
4 5 11
11 15 5
5 11 10
4 14 24
6 5 24
7 17 17
3 10 31
9 10 11
10 25 31
1 5 24
1 20 24
9 24 14
11 23 4
9 5 10
8 14 5
10 16 19
5 11 40
10 4 4
2 6 23
5 15 31
9 19 32
1 12 9
11 1 17
3 4 24
6 4 22
3 1 40
12 1 38
12 20 17
12 20 35
2 21 21
12 3 14
3 25 18
5 5 11
9 10 24
5 22 9
2 13 33
1 11 17
2 11 3
8 2 23
12 8 18
3 5 13
6 1 10
12 23 12
3 23 11
11 21 32
12 3 2
6 13 27
5 17 18
7 25 14
10 8 34
9 13 35
2 23 35
7 18 39
6 14 19
3 6 37
9 5 20
12 13 12
8 3 34
11 17 35
1 14 10
2 22 37
12 3 15
9 4 13
3 17 2
11 16 3
12 2 17
2 14 13
4 19 13
11 21 1
12 12 19
11 12 26
3 5 13
1 14 4
9 16 38
6 23 37
10 10 22
9 7 38
6 2 6
2 1 12
1 11 3
11 18 12
6 10 18
7 19 28
11 21 21
9 23 18
9 11 3
7 12 13
5 6 33
1 7 17
9 14 37
12 21 24
9 3 17
4 13 13
4 4 40
6 22 23
6 10 21
7 17 12
1 2 31
5 17 7
11 25 6
7 13 35
12 25 25
8 24 17
12 16 6
2 6 25
3 10 19
1 13 20
3 24 35
8 23 17
12 24 7
12 7 4
2 16 12
8 21 25
8 22 19
10 6 38
12 4 19
12 14 37
4 6 15
7 10 22
1 9 17
9 8 6
12 12 32
4 20 25
1 16 1
1 8 12
2 3 36
10 2 30
2 19 38
9 11 27
11 6 4
4 7 17
11 10 8
5 11 30
4 10 29
10 12 14
8 7 8
11 4 27
1 15 21
10 10 5
10 24 28
11 22 10
9 9 18
10 5 19
8 11 10
8 22 31
9 13 18
6 19 37
6 21 15
4 23 6
6 11 30
6 17 4
4 21 7
6 14 19
11 4 18
4 18 15
10 24 4
1 5 4
11 16 35
12 17 36
1 4 31
3 11 7
10 7 40
8 8 22
8 9 31
10 15 10
7 19 16
11 20 37
6 1 9
7 4 11
2 22 6
5 18 36
5 25 14
7 4 11
10 4 26
6 22 14
10 24 10
5 16 5
7 20 33
6 24 16
3 4 15
8 16 24
4 20 35
3 18 38
8 11 17
2 10 12
1 18 25
4 12 18
2 3 6
11 6 26
5 18 32
5 8 20
8 2 39
2 21 11
3 18 13
4 24 4
7 9 17
12 3 28
3 24 40
5 2 31
4 16 7
8 15 40
4 10 16
3 25 7
10 6 22
10 15 2
7 15 35
4 4 7
3 19 40
1 10 6
2 24 10
11 17 31
5 10 11
7 4 16
5 6 12
3 24 40
3 24 32
1 9 32
7 6 36
3 14 34
6 20 23
11 13 23
9 15 28
7 24 35
12 20 14
12 13 21
3 20 25
3 2 2
1 7 8
3 2 6
4 11 15
1 15 5
5 8 38
12 6 26
12 17 13
1 7 3
10 10 4
10 22 32
10 9 30
3 13 22
2 14 2
10 4 11
9 3 40
4 15 31
2 14 29
10 6 22
9 23 3
8 8 20
7 8 15
4 6 14
7 22 23
10 9 26
10 14 22
7 14 16
3 3 8
4 3 36
5 10 8
9 21 5
2 23 24
10 2 22
8 18 38
8 25 26
11 21 28
10 4 22
11 20 30
6 6 1
11 3 1
5 10 2
11 13 33
10 2 38
3 20 37
12 6 2
1 13 26
5 12 26
2 22 30
8 3 6
12 17 26
7 3 13
7 1 40
7 23 2
11 10 32
11 1 10
3 10 40
10 15 32
10 12 4
5 14 3
6 6 39
8 25 31
12 18 5
7 7 8
1 5 8
5 25 28
8 22 40
9 7 31
2 11 23
1 22 33
8 13 15
7 19 3
11 15 10
6 17 3
1 13 31
5 5 27
5 23 35
7 18 1
5 5 23
2 7 13
4 19 27
2 16 27
6 18 9
2 12 35
2 4 27
3 24 18
4 14 37
10 17 2
11 1 8
10 2 10
11 3 16
10 11 27
10 22 27
11 23 5
9 3 6
10 10 35
12 5 21
3 18 32
9 9 40
1 3 23
5 25 22
7 10 8
8 5 36
8 3 2
8 11 40
9 18 27
3 9 26
2 23 29
6 2 29
12 6 3
12 12 18
8 24 26
2 10 18
9 23 21
2 19 27
1 2 11
1 15 9
3 24 8
6 7 23
1 14 40
4 11 24
5 18 12
8 16 14
2 14 17
2 22 1
2 5 23
5 20 4
7 9 34
6 2 13
12 12 30
12 11 4
3 10 16
3 1 30
3 24 31
4 13 28
12 1 13
6 10 17
9 11 22
12 5 21
3 23 23
11 3 23
12 18 15
6 25 6
10 22 37
7 14 2
2 17 31
1 5 24
4 7 24
3 7 38
5 6 38
7 22 25
5 17 28
7 20 6
12 17 7
5 4 18
6 6 37
6 7 4
6 6 5
3 24 7
4 4 11
3 20 25
9 20 27
12 14 12
9 8 16
12 21 25
3 8 10
11 25 17
7 14 3
12 1 3
4 15 7
10 3 32
11 3 34
8 25 35
6 24 22
1 13 25
8 24 12
12 15 10
2 18 3
2 10 23
6 2 17
10 9 14
11 14 16
5 20 10
4 16 6
8 14 24
6 22 34
3 12 31
8 23 25
5 24 36
5 15 9
8 24 32
9 14 22
12 22 21
11 9 36
4 24 4
3 9 39
9 11 14
5 7 30
9 12 26
7 7 14
4 14 11
3 8 33
10 14 15
4 9 30
2 3 8
1 24 25
4 1 34
11 14 35
7 8 30
1 19 36
9 12 32
12 5 16
9 3 19
10 2 10
6 20 18
1 8 36
9 1 1
4 20 9
1 23 17
3 7 23
5 7 14
1 13 31
12 14 30
9 4 32
12 1 13
3 12 2
6 17 17
12 23 24
9 3 40
11 24 8
7 11 13
10 4 21
8 11 35
6 22 33
3 17 5
6 7 5
4 15 10
7 12 10
12 9 40
4 19 4
4 16 13
3 5 26
12 10 6
7 17 13
5 13 18
2 16 27
1 19 37
7 10 17
7 12 30
9 9 17
2 9 40
6 22 15
9 5 6
7 22 24
9 21 19
3 13 11
12 7 39
3 12 17
7 19 27
9 12 33
3 21 14
2 23 24
3 18 33
6 6 28
12 18 4
6 22 40
9 9 22
9 8 19
10 3 36
10 5 12
4 24 39
11 16 19
1 1 18
9 15 10
11 9 17
7 8 6
2 22 5
7 25 28
10 7 40
9 13 1
1 6 11
6 5 14
7 23 16
1 18 21
9 14 13
8 1 40
12 23 32
5 21 7
6 9 24
8 15 31
7 16 8
6 19 27
4 6 28
10 23 32
11 16 3
5 17 31
7 6 32
1 15 14
7 23 33
2 6 13
7 13 36
6 12 19
1 25 5
7 22 16
9 22 38
7 13 37
8 9 37
10 22 22
9 1 11
8 21 9
12 2 2
8 7 23
5 10 24
5 4 25
5 7 2
6 11 30
12 15 28
5 3 27
4 8 23
6 17 26
1 4 19
5 22 5
11 24 35
1 13 5
7 14 2
5 16 17
2 2 39
10 5 10
12 11 34
4 16 2
12 19 35
8 16 34
8 10 15
10 2 19
9 16 10
11 21 14
1 25 39
1 25 12
11 22 3
11 1 20
8 5 31
8 11 35
7 5 38
9 21 37
10 11 36
8 24 23
3 19 2
2 9 33
7 20 28
5 14 33
4 4 3
8 22 2
3 13 1
9 19 37
2 12 40
6 25 36
12 5 20
12 22 1
7 1 2
7 17 32
6 3 33
6 17 29
3 11 36
8 24 29
3 1 36
8 14 7
11 12 31
6 15 7
4 21 15
1 13 22
3 5 23
12 22 10
6 22 5
2 25 21
4 15 33
9 18 6
1 6 7
12 7 28
8 12 33
8 6 26
9 18 25
10 21 22
3 3 1
5 2 19
3 13 11
9 5 21
12 6 19
8 11 23
11 3 37
6 15 24
4 12 16
5 21 28
6 15 40
9 15 36
5 21 1
10 9 9
12 13 29
8 7 1
7 15 10
10 8 36
4 16 40
4 5 3
5 14 25
9 20 20
12 2 9
12 2 27
3 2 11
3 14 18
5 10 17
1 22 6
10 15 40
12 16 11
1 15 30
7 13 19
10 2 20
10 25 19
5 14 17
6 23 30
3 3 5
2 21 32
3 21 33
9 22 7
5 3 34
3 14 30
3 2 17
10 24 24
10 23 14
1 10 26
5 5 6
12 14 40
7 9 6
5 25 18
12 15 26
3 4 7
9 20 14
2 1 31
2 23 19
8 9 17
12 10 18
3 9 38
11 16 37
9 4 28
11 4 15
6 8 22
5 15 5
4 11 24
10 12 24
5 8 10
5 25 32
6 25 37
7 9 15
3 4 36
5 8 20
2 11 36
7 20 12
4 1 11
12 8 17
8 10 20
7 6 39
2 9 35
10 7 14
2 1 18
8 21 29
3 8 38
6 22 36
11 5 6
7 4 26
3 4 7
5 4 40
9 10 17
11 14 30
2 5 2
3 16 30
7 21 29
3 21 11
5 5 35
5 18 10
6 9 20
12 17 22
2 18 25
2 24 34
2 15 37
12 20 3
4 13 29
11 18 20
6 19 1
3 22 22
10 10 21
2 9 12
10 18 3
1 1 25
10 9 8
5 22 9
5 4 18
1 8 14
2 19 39
7 12 19
3 22 21
12 13 8
6 12 10
6 8 5
8 1 11
2 14 21
10 14 30
6 2 24
5 24 23
8 1 8
10 1 2
11 21 11
9 14 22
2 16 8
7 4 35
8 12 26
10 3 23
2 19 32
8 16 24
12 10 7
3 15 22
9 3 2
7 16 9
10 24 8
12 20 40
5 16 9
2 7 23
5 24 28
3 7 10
4 5 38
10 3 13
4 6 26
8 5 28
5 10 28
11 14 7
12 19 9
11 17 39
1 2 6
3 15 18
12 16 35
1 3 11
10 12 22
12 24 26
5 25 11
3 24 32
11 21 20
2 9 12
2 18 16
12 8 18
2 20 40
9 25 25
11 11 27
2 8 33
9 13 8
5 15 15
5 16 13
4 1 1
5 20 37
12 7 31
8 24 8
10 19 40
6 21 27
10 1 33
7 12 1
8 20 24
4 22 15
11 8 7
11 7 31
12 5 36
6 19 14
9 7 32
6 23 39
10 24 9
11 19 29
3 20 16
9 21 35
10 9 23
8 12 14
7 16 10
8 14 14
1 2 26
4 4 33
9 12 13
7 1 2
10 22 17
3 15 26
9 10 17
11 12 16
10 24 31
3 14 9
11 8 8
6 7 10
1 6 32
3 2 1
1 23 20
5 16 23
10 18 31
4 7 28
10 2 10
4 21 19
1 17 29
4 11 28
6 18 3
10 20 34
6 20 15
9 2 20
9 23 40
7 15 2
11 24 33
8 21 32
10 20 21
8 11 39
11 21 38
8 23 38
1 24 16
9 14 27
6 20 20
2 24 3
12 24 20
1 2 13
11 25 5
1 6 22
2 3 25
8 7 24
2 8 1
6 17 36
3 5 38
2 5 32
1 6 26
8 4 22
7 3 40
10 11 40
12 16 34
10 21 15
11 2 18
7 17 33
1 19 23
2 18 20
10 3 5
4 21 13
10 1 14
12 1 14
2 17 30
11 11 9
9 6 15
2 2 25
2 21 28
3 13 34
12 15 1
2 23 39
6 21 3
10 10 4
6 19 21
5 19 31
1 4 13
9 13 10
5 13 25
4 1 11
9 14 3
3 22 13
4 5 5
5 21 12
6 8 37
7 9 23
11 17 34
7 10 12
10 10 32
8 15 24
12 24 6
1 2 7
5 24 22
11 1 35
5 2 22
12 25 21
1 9 9
12 13 10
2 16 25
7 2 10
3 16 26
1 21 30
5 7 27
6 14 39
3 10 27
12 11 39
4 5 35
11 1 12
9 5 20
6 24 4
6 8 3
10 13 29
9 19 33
9 1 21
11 2 13
11 21 15
5 25 31
11 18 4
8 22 15
9 10 16
7 23 28
4 22 26
11 21 30
5 15 27
6 6 28
8 23 17
12 24 9
12 9 30
8 4 37
3 3 9
6 10 8
4 13 32
11 8 30
10 18 25
2 2 25
4 23 6
11 1 5
6 19 40
9 7 16
3 22 8
4 19 32
11 19 21
2 15 12
7 10 24
7 11 19
8 10 24
9 3 22
6 19 4
2 7 6
9 4 18
6 1 9
5 7 2
5 8 21
11 18 29
11 4 18
6 12 14
6 17 19
5 7 34
1 11 28
4 7 22
9 14 29
12 1 18
7 2 16
10 2 35
4 12 12
10 5 2
11 19 32
1 13 29
1 20 30
7 6 24
3 23 33
11 25 28
11 1 11
1 4 18
6 8 37
2 16 2
4 6 38
2 2 34
7 21 30
7 9 24
12 8 26
9 17 37
9 17 23
12 8 40
12 20 38
10 9 25
7 18 5
5 23 8
12 1 2
4 4 13
3 1 10
4 19 28
9 13 2
12 11 31
6 24 33
9 15 30
3 21 22
2 10 29
3 20 14
5 3 38
8 10 1
1 11 20
8 24 1
12 5 33
1 3 14
6 18 19
2 6 30
10 17 29
9 9 21
2 15 3
5 14 35
10 23 6
9 5 31
5 2 2
7 13 26
4 12 15
8 18 26
5 3 14
10 20 38
5 11 32
7 7 12
7 22 29
1 24 28
1 21 1
11 1 17
1 3 8
7 22 40
1 23 31
8 5 40
7 21 13
12 22 10
3 16 13
3 24 15
7 18 40
11 15 21
8 21 17
11 5 17
7 13 14
8 6 23
11 9 14
1 24 23
1 12 16
4 9 28
8 18 24
9 16 22
6 8 26
8 7 19
9 12 36
3 24 13
9 3 14
8 11 15
1 14 12
12 25 6
11 20 7
10 7 12
7 16 6
1 21 29
4 4 27
2 7 11
8 1 40
6 10 35
6 2 25
4 22 12
7 12 40
12 17 10
11 3 14
11 1 27
7 22 11
7 8 8
7 2 30
7 14 6
9 10 28
9 9 39
1 21 7
4 8 39
4 24 8
2 10 6
10 4 2
5 12 38
5 5 22
7 9 33
11 25 3
11 8 6
4 20 31
11 8 16
8 25 35
5 16 35
4 18 26
5 11 11
10 18 14
7 12 2
8 15 6
9 15 39
10 12 36
12 22 14
8 22 18
10 7 20
1 25 16
8 5 29
8 15 26
8 4 30
7 25 8
5 16 18
6 19 39
10 22 8
4 8 16
10 22 22
3 21 24
11 13 31
1 9 29
12 21 7
10 7 9
3 11 23
1 19 31
11 18 27
1 15 31
2 21 27
7 6 8
9 21 7
11 23 15
4 12 20
9 2 33
9 3 2
1 19 25
7 23 28
7 8 26
4 12 25
11 21 13
12 19 34
1 10 24
10 23 15
3 24 35
3 4 22
9 11 9
7 18 7
7 15 4
8 14 8
5 12 40
10 12 1
11 23 4
3 2 35
12 16 35
11 11 39
1 24 37
4 7 16
6 4 26
10 17 23
3 21 7
1 19 25
10 12 40
10 25 20
9 5 2
11 4 21
4 25 34
7 6 7
4 19 38
11 5 15
9 6 17
6 8 22
9 22 28
11 17 37
3 6 6
4 9 17
4 6 15
7 25 35
10 4 39
6 6 19
5 5 22
4 13 7
4 22 29
11 13 19
1 14 6
10 6 21
11 9 26
12 18 32
6 6 37
11 23 16
12 5 40
7 14 27
8 14 11
5 13 21
1 4 12
8 15 26
10 21 8
8 2 16
6 6 7
11 24 8
3 14 18
1 3 32
5 17 40
9 24 24
2 13 19
5 8 6
9 24 17
3 12 35
10 17 34
9 3 15
12 12 31
12 25 40
11 9 16
10 25 29
7 3 3
11 14 20
8 21 3
8 6 8
6 2 14
1 5 29
3 5 15
11 16 7
9 21 37
9 17 34
2 17 2
10 13 35
9 4 2
3 7 37
5 19 5
8 5 8
5 7 25
8 24 4
3 25 2
10 9 2
9 21 31
11 1 21
8 15 40
2 12 4
3 14 27
2 25 39
10 11 30
1 15 38
1 2 6
4 25 5
10 22 13
8 15 12
3 13 23
8 15 20
5 19 10
11 23 22
5 16 36
5 20 30
12 16 2
5 20 9
9 1 3
12 9 27
9 8 30
9 2 19
2 16 7
1 8 24
5 9 16
7 6 24
7 18 21
2 4 15
10 17 20
10 10 19
3 20 18
9 10 30
11 2 2
11 25 8
3 13 38
3 10 35
2 3 35
10 5 33
5 2 3
9 6 18
10 12 15
8 12 32
1 14 11
12 25 11
9 8 6
5 11 28
9 10 28
4 8 19
9 22 20
11 17 33
5 25 28
8 4 30
9 1 32
1 16 27
11 15 40
7 23 23
8 8 14
2 2 28
11 4 12
10 4 29
6 18 27
11 1 2
9 19 36
8 20 6
5 24 37
8 5 18
10 8 11
2 11 7
12 24 18
9 25 2
9 14 17
12 19 23
1 16 18
12 5 20
7 1 17
8 1 26
8 9 39
7 3 27
6 15 25
9 24 30
10 25 8
12 21 29
5 15 39
4 9 28
3 15 30
6 9 31
4 5 34
2 5 6
9 21 40
1 14 38
4 2 15
9 15 39
3 8 12
8 16 38
12 17 11
4 19 36
3 16 37
1 23 22
9 25 4
3 14 2
3 22 8
8 18 38
1 6 24
8 6 1
3 2 17
11 11 4
11 24 24
5 10 28
9 3 15
9 18 38
11 4 12
5 11 35
6 1 6
7 11 24
2 7 21
3 15 10
9 18 28
1 20 34
9 14 32
11 23 9
10 1 6
9 15 20
3 13 8
4 7 8
3 17 31
2 11 10
9 5 22
2 13 30
2 9 40
11 10 8
8 3 39
12 23 14
3 9 39
10 19 1
4 7 26
9 10 27
4 6 13
10 9 10
4 12 33
1 12 37
7 16 22
9 19 20
10 15 24
1 5 34
5 20 29
4 2 15
9 22 12
2 24 23
8 10 30
7 24 27
6 23 33
5 1 26
11 16 27
7 9 25
9 5 30
1 19 9
1 8 12
2 25 4
10 15 1
6 12 14
7 20 26
9 20 28
7 19 18
2 8 7
11 17 8
11 5 7
11 11 12
10 25 3
3 2 35
5 19 6
8 24 4
3 25 32
3 20 14
12 9 37
9 9 22
1 17 39
4 12 24
1 16 38
9 3 21
3 6 32
3 5 1
8 11 1
3 20 5
9 24 35
3 23 10
10 21 24
7 21 2
7 6 5
7 11 12
7 3 38
8 6 13
5 16 3
5 7 5
2 14 31
8 23 14
1 19 20
1 13 2
9 8 36
4 16 25
3 2 10
12 5 3
11 25 15
5 12 8
7 23 22
1 1 36
6 25 36
11 5 5
10 5 27
9 25 7
6 16 7
2 21 7
10 4 1
3 22 20
1 1 3
10 14 29
12 15 33
11 18 2
5 14 26
10 15 3
2 8 11
6 19 3
7 22 3
1 4 18
3 13 35
6 23 31
10 15 29
4 9 4
9 21 7
9 18 22
6 3 1
9 12 22
6 4 32
9 25 14
12 15 3
2 16 25
6 20 8
12 5 14
3 21 32
9 21 29
4 20 18
8 6 40
8 13 40
7 24 14
3 13 10
12 8 23
1 11 10
1 8 10
8 25 1
12 5 40
1 18 9
4 1 36
4 17 19
1 5 24
1 20 17
4 23 13
4 8 20
11 25 33
4 23 23
4 3 18
9 21 10
3 8 39
10 5 20
2 4 39
8 24 1
10 8 28
9 18 17
10 7 34
8 23 36
8 14 34
7 1 28
1 4 27
10 12 15
7 18 25
11 15 2
4 9 8
4 19 32
2 17 16
1 5 4
1 17 6
8 1 38
6 4 1
6 10 23
11 5 1
7 6 12
5 12 30
5 15 28
1 16 12
9 1 35
9 22 8
6 11 36
4 24 18
12 15 12
12 17 26
3 23 24
8 18 36
2 7 19
2 8 6
4 7 6
5 20 31
1 4 15
3 4 35
9 14 17
5 3 34
2 18 20
4 8 26
6 19 9
6 4 36
12 11 38
11 20 37
5 25 25
4 10 35
2 13 27
10 5 29
7 3 16
3 19 40
7 7 33
12 5 27
6 24 23
2 10 5
7 2 38
3 24 29
1 5 17
11 15 21
3 25 8
7 4 34
10 17 5
12 9 39
12 3 30
6 7 22
2 19 20
4 16 23
6 21 31
11 12 24
2 25 6
11 14 37
6 25 33
12 16 40
9 21 27
5 9 2
10 17 28
4 19 32
12 6 28
7 15 25
1 7 31
8 20 8
7 14 40
10 20 13
9 7 20
12 19 16
1 12 12
1 20 5
3 8 19
10 18 22
4 12 11
1 9 2
1 13 4
12 22 39
8 17 10
4 5 3
9 3 16
7 5 20
4 2 13
3 23 25
4 24 26
3 3 33
6 20 37
9 17 18
3 22 6
7 4 17
10 3 1
1 7 8
4 22 38
12 21 33
3 14 35
1 19 1
9 21 16
10 19 4
8 15 18
1 10 22
3 6 15
11 7 28
12 1 20
3 23 21
1 22 9
11 13 31
2 16 9
12 24 38
12 4 28
8 15 3
4 17 4
4 25 15
5 4 12
11 3 25
10 18 24
7 7 29
3 11 13
7 24 37
12 18 27
7 1 21
10 4 25
5 22 16
10 22 34
5 24 23
2 14 31
1 18 16
2 3 10
1 16 14
6 4 30
3 22 5
6 18 8
8 23 26
8 7 16
11 20 11
3 10 6
10 5 8
6 15 22
2 3 17
4 19 12
4 22 23
10 12 25
9 4 17
11 3 5
6 15 24
11 6 3
3 2 1
12 4 37
9 7 26
4 1 13
4 14 1
4 11 13
6 22 19
5 9 7
12 7 2
2 14 14
11 1 11
7 22 2
3 18 18
2 13 36
8 15 33
1 13 23
7 23 18
4 7 30
8 3 24
4 9 6
7 18 6
10 25 2
9 25 19
7 15 36
1 16 23
1 20 24
11 12 1
7 22 9
8 23 23
9 15 12
6 1 14
8 13 35
3 1 39
1 12 18
6 16 35
1 25 11
2 14 25
9 14 12
4 15 38
7 11 13
4 9 21
8 19 11
6 13 19
5 21 12
3 16 20
11 17 5
6 4 5
6 23 5
11 15 28
12 15 30
9 23 14
5 12 28
7 11 9
10 23 5
10 2 13
4 25 36
8 25 33
12 23 15
11 19 19
2 12 20
2 12 23
2 8 32
2 11 35
7 24 13
10 7 39
10 8 5
4 1 23
11 11 31
8 18 13
7 21 6
7 7 5
5 14 13
1 23 18
6 22 8
9 10 1
1 3 32
7 11 35
6 4 17
4 17 15
2 15 11
7 8 3
11 16 9
4 1 34
11 18 36
8 14 12
6 7 20
5 13 33
4 6 19
4 5 35
9 5 14
10 6 35
9 15 12
6 18 11
6 4 35
7 20 5
7 17 35
10 21 36
1 25 37
6 3 32
2 18 36
2 21 34
10 12 17
5 23 13
7 14 15
3 10 36
8 19 38
4 18 9
9 3 37
12 14 18
5 14 13
9 14 5
4 16 37
7 16 22
12 16 2
1 5 20
12 25 23
12 18 1
2 21 11
10 18 28
5 3 13
6 4 21
7 6 16
5 25 37
12 5 37
1 6 6
6 15 35
2 4 34
8 2 11
10 12 24
8 23 26
1 13 5
11 24 22
12 4 9
9 22 39
4 13 28
3 4 11
2 13 6
1 17 13
4 20 38
1 3 29
4 6 12
10 11 25
12 10 26
3 3 23
7 4 27
7 9 36
5 9 25
7 18 15
11 9 20
11 17 3
8 20 12
5 13 21
8 19 30
12 11 9
1 6 9
10 24 27
2 15 10
11 6 29
2 1 3
8 18 10
12 15 20
2 4 28
1 8 10
12 3 11
6 25 15
6 14 10
2 11 12
4 23 10
6 13 12
3 11 1
6 18 35
9 19 33
5 4 38
11 2 39
12 14 28
8 9 7
1 22 10
8 1 39
9 6 21
6 24 24
3 9 29
9 8 16
10 6 29
9 5 26
5 24 11
1 6 21
2 16 28
4 4 37
2 6 12
2 8 19
12 3 36
6 24 23
8 13 24
9 14 13
5 23 2
11 4 15
9 10 37
1 11 3
10 11 14
12 21 37
6 11 22
8 1 33
2 3 4
10 18 16
9 6 20
9 24 23
3 25 8
2 8 17
11 10 24
3 7 24
4 8 20
1 15 15
10 20 23
9 2 23
2 17 9
11 24 30
2 7 3
12 22 13
11 12 12
2 6 13
3 13 11
8 18 6
6 3 16
12 10 13
9 4 31
5 17 36
1 19 32
3 10 6
8 12 3
2 2 19
4 9 34
6 23 27
11 20 5
12 6 4
9 4 37
12 21 27
7 3 14
9 24 4
10 5 15
2 13 36
11 22 32
6 10 17
2 16 8
1 25 40
8 12 37
12 13 27
11 23 34
4 18 38
12 17 14
2 22 23
2 18 38
7 5 12
9 24 38
8 23 38
11 22 31
9 24 15
7 18 10
12 6 27
12 18 29
11 3 17
8 12 38
12 14 38
4 10 5
2 9 10
8 11 11
7 14 23
5 19 36
10 7 16
11 1 40
12 14 1
12 13 5
12 24 37
10 16 13
10 25 19
1 10 13
10 19 30
4 4 3
10 10 38
11 14 15
9 9 2
2 10 29
6 13 36
2 4 25
3 16 27
1 17 39
6 10 20
10 24 39
3 21 6
10 21 10
2 21 24
10 10 27
11 16 12
2 13 5
4 6 34
7 19 7
8 8 22
12 16 25
5 14 4
7 7 6
11 23 33
3 25 4
8 8 2
8 21 23
1 10 11
4 15 35
3 18 38
6 8 17
5 16 25
9 6 10
9 15 11
12 5 18
6 10 20
12 8 27
8 24 30
7 10 40
5 18 32
6 9 3
7 11 19
7 3 12
7 22 23
2 18 40
12 20 20
8 20 7
7 9 11
6 11 12
1 2 40
9 2 25
7 24 25
10 10 24
2 4 1
9 23 37
9 4 25
7 6 27
7 13 34
7 1 36
8 21 15
10 13 24
11 2 26
9 11 2
8 1 25
9 23 28
1 12 38
12 17 38
12 3 24
9 8 4
6 23 30
5 13 37
8 16 25
11 24 15
5 18 24
9 7 14
12 12 16
5 24 1
2 10 18
9 9 27
7 7 16
1 19 17
8 25 31
8 18 20
1 13 4
6 5 14
4 12 25
2 3 18
2 24 16
11 17 38
8 8 5
3 10 18
9 8 27
10 21 10
6 3 14
1 11 3
4 10 4
6 5 24
8 11 34
10 20 26
10 21 38
10 4 13
1 9 8
1 4 16
10 1 10
8 9 9
12 17 22
10 19 12
9 3 28
9 1 24
2 4 19
11 5 37
6 13 40
4 3 35
1 16 3
7 18 36
11 20 28
6 20 27
1 20 29
12 12 35
7 24 7
2 4 35
12 25 30
5 16 5
9 24 12
1 12 38
5 14 29
4 15 18
1 3 16
11 13 25
11 18 25
5 25 8
11 15 4
7 7 11
7 21 38
8 3 34
2 7 24
12 13 3
1 17 21
7 15 14
6 19 24
2 13 15
3 13 14
7 8 36
4 11 10
12 20 39
1 3 36
11 10 39
10 23 1
6 5 17
12 16 29
12 12 28
3 1 13
6 1 17
2 6 12
10 11 34
4 2 34
5 25 1
1 20 10
7 18 35
2 11 35
11 5 19
2 12 12
10 18 8
8 19 19
8 5 33
6 16 21
3 20 20
7 22 19
6 13 28
5 21 27
11 4 17
7 2 10
6 11 23
9 20 32
3 14 28
11 14 14
11 16 31
3 11 40
8 4 13
11 6 27
12 8 39
2 10 33
7 4 11
11 24 24
2 6 32
4 5 30
12 12 21
9 23 24
9 4 40
3 23 19
8 15 3
5 22 36
6 19 33
10 2 40
10 10 21
10 10 25
2 1 20
2 9 15
11 1 40
10 16 28
11 11 26
5 17 4
10 7 5
1 6 5
7 16 38
10 10 36
8 10 30
10 5 31
10 23 4
1 18 30
5 6 17
8 10 21
10 8 39
1 24 16
3 2 24
3 11 20
2 10 3
2 5 23
5 3 1
6 6 35
1 12 5
9 21 26
5 9 5
9 17 15
4 20 16
7 17 6
7 13 9
5 8 27
12 1 18
9 23 21
7 11 20
10 13 25
2 15 38
11 10 36
9 4 40
3 16 21
1 20 21
12 24 27
8 2 15
1 1 31
12 24 28
3 1 14
5 2 18
7 3 12
10 14 22
3 19 32
4 16 16
7 8 36
8 24 39
11 2 34
3 1 25
9 9 26
2 6 31
7 24 15
5 16 3
9 16 16
3 14 18
2 25 25
8 21 4
9 20 37
3 18 20
2 13 14
7 16 26
3 2 32
9 5 1
2 7 20
3 21 37
2 3 13
6 7 4
8 7 3
6 8 22
7 1 9
6 12 36
5 7 10
6 19 11
9 12 17
5 21 16
9 19 9
10 14 19
3 3 34
3 6 38
4 22 33
6 12 21
6 12 16
10 12 20
12 24 26
1 6 31
8 6 4
6 19 9
5 8 14
3 5 7
9 10 35
10 4 25
4 23 28
6 22 7
8 4 3
11 25 37
3 3 16
5 1 34
9 8 38
9 15 18
1 4 2
6 16 33
5 16 23
9 14 10
1 7 33
11 21 31
3 6 1
4 12 19
1 7 39
6 17 5
3 15 28
6 1 19
2 6 25
4 4 29
3 4 14
5 19 1
12 16 7
7 19 2
3 17 33
9 9 4
3 25 7
7 6 33
9 25 16
11 6 28
7 4 8
9 24 21
7 15 26
10 11 31
7 6 35
4 20 34
2 9 26
5 21 14
3 9 36
10 14 25
11 3 7
2 17 24
7 11 14
1 1 14
12 18 11
10 7 28
9 9 36
2 20 6
12 25 16
1 22 29
11 17 10
12 8 3
6 1 27
6 12 23
1 12 35
8 23 1
2 19 24
6 23 19
1 19 30
10 13 25
5 4 5
4 17 11
10 11 34
11 10 32
9 10 26
6 18 17
9 15 8
2 22 8
12 18 1
10 13 7
6 6 1
7 19 29
3 8 35
8 25 12
8 4 1
7 20 28
6 14 40
3 2 3
9 23 4
8 4 29
2 25 9
9 8 11
11 16 32
5 25 26
5 22 11
6 25 25
5 22 24
9 17 33
12 10 30
2 23 11
9 18 2
11 20 6
10 15 10
2 21 32
3 24 33
6 18 35
3 4 35
10 11 19
9 3 37
9 23 36
11 7 30
8 16 24
10 8 32
2 10 40
12 15 28
8 2 31
9 24 25
11 13 31
8 3 17
3 1 36
6 23 37
3 19 34
5 9 17
10 20 10
2 5 39
9 13 15
7 22 23
6 20 22
6 4 9
10 21 13
6 21 30
5 15 25
2 8 28
9 21 6
8 4 13
6 1 4
7 13 26
1 2 36
11 13 26
4 13 16
11 9 23
4 9 17
12 20 21
1 24 23
12 4 26
8 23 17
5 21 37
9 13 11
5 15 39
5 8 8
8 16 10
1 24 15
6 22 3
2 6 31
6 16 20
10 6 25
12 16 32
4 8 29
12 1 28
11 20 36
4 11 34
6 24 16
2 20 21
12 20 26
6 18 39
9 25 37
3 18 22
2 23 37
11 1 15
6 7 2
11 4 8
12 20 3
9 7 18
8 5 24
5 16 18
1 15 23
4 14 20
12 23 11
3 1 15
7 5 34
10 10 37
1 4 28
2 9 3
2 22 14
5 12 6
11 18 36
5 4 19
4 12 32
12 11 26
11 25 38
8 4 33
11 6 28
6 23 14
7 7 6
5 4 28
12 5 24
10 7 28
8 12 2
2 19 9
5 9 39
4 6 12
12 19 9
9 19 38
1 21 16
10 14 31
2 4 38
8 10 18
9 19 1
6 22 16
8 12 29
9 22 38
12 13 24
8 5 26
2 21 36
3 25 32
4 24 15
11 17 13
7 7 35
1 3 18
2 11 17
4 16 18
11 12 16
9 13 32
8 9 39
10 16 7
9 5 28
3 16 16
5 22 15
7 9 25
4 16 9
5 16 14
10 9 40
9 24 30
10 25 21
5 14 17
8 23 10
7 19 1
10 2 40
3 7 1
11 21 4
8 19 16
3 8 19
11 18 17
1 3 12
6 25 34
12 17 13
7 9 21
5 14 2
8 17 12
4 7 30
3 8 22
11 22 18
6 8 6
3 19 2
12 13 2
2 19 31
9 22 13
3 15 35
2 25 1
2 21 40
5 11 37
4 14 15
10 15 26
8 7 11
7 10 5
4 4 18
1 18 4
11 6 30
9 25 23
5 18 5
7 8 10
6 18 26
7 25 29
12 21 34
10 17 19
4 10 39
9 9 27
2 25 28
11 9 25
11 16 17
12 18 23
11 4 27
2 16 36
3 8 20
8 5 19
2 13 14
12 22 25
11 18 4
8 11 24
10 24 19
1 3 21
6 3 23
9 11 4
10 25 8
12 21 30
6 8 8
11 14 11
10 1 29
2 10 27
10 16 26
2 24 22
3 12 17
5 4 5
6 7 18
7 20 8
8 19 37
8 1 35
8 1 4
7 15 17
3 10 22
1 7 2
9 10 39
5 13 29
6 13 26
4 5 4
3 3 15
11 19 38
5 5 14
7 14 30
7 23 15
1 23 7
2 5 23
10 16 31
2 24 17
8 5 36
9 9 26
8 19 22
8 7 10
7 11 3
12 2 5
10 18 19
8 2 2
2 19 37
8 16 40
2 21 36
1 6 29
1 24 32
4 13 6
5 1 8
6 24 28
9 20 35
10 19 31
8 2 35
9 1 22
6 10 15
12 7 23
8 11 29
3 21 38
11 12 5
10 8 4
3 17 10
12 9 39
7 4 13
5 2 5
10 21 7
4 4 19
12 9 27
10 25 38
3 15 1
4 16 7
11 18 10
4 18 30
10 3 11
10 23 14
10 14 35
4 21 15
6 24 40
5 4 32
12 18 24
11 16 1
5 18 20
12 25 40
10 11 26
6 16 38
8 5 7
1 25 23
12 9 35
2 4 24
7 20 8
4 23 9
6 9 39
7 24 1
1 23 24
11 13 7
7 23 21
7 18 37
10 13 27
8 22 37
2 8 40
7 2 28
12 6 1
11 15 13
5 10 16
7 6 18
3 2 9
6 24 18
6 2 18
7 15 8
7 2 36
3 20 3
9 15 38
1 9 3
3 1 13
11 24 4
2 18 35
12 9 13
8 12 39
6 4 31
6 19 28
9 14 25
11 4 38
12 18 24
5 14 31
7 15 40
11 21 35
2 21 7
1 4 22
3 14 23
1 10 31
1 16 39
1 17 12
8 4 13
10 5 26
5 17 17
9 6 20
8 10 16
10 21 1
5 7 7
1 11 13
6 9 13
12 6 20
1 16 15
2 11 32
4 15 6
6 8 2
12 8 38
1 25 5
2 14 23
10 7 27
12 16 35
11 18 34
9 12 6
3 4 25
1 10 20
11 10 40
4 3 13
4 21 14
8 8 17
11 4 6
6 3 40
8 16 4
8 10 9
10 17 4
2 8 25
1 4 21
4 13 18
1 15 9
6 17 6
12 14 21
12 14 40
10 9 3
4 12 33
3 4 20
7 18 11
11 25 15
7 8 35
5 24 17
6 22 30
5 10 26
6 16 18
10 2 24
8 14 23
2 10 22
10 19 14
4 4 33
10 12 7
8 20 21
6 3 3
8 1 37
8 11 15
6 1 32
12 17 1
3 16 37
3 4 32
7 4 7
12 17 31
10 7 22
4 18 29
10 17 3
6 18 32
2 17 11
6 14 39
8 11 14
11 22 25
10 23 10
10 14 38
3 13 4
8 17 19
7 10 11
4 6 14
7 20 28
6 7 33
12 2 29
8 2 40
10 1 8
11 14 12
3 20 36
4 12 32
2 14 11
4 9 26
8 14 4
10 11 7
3 13 26
7 16 7
8 25 9
5 11 7
9 9 7
5 20 19
1 6 34
11 5 18
10 15 6
8 18 15
3 14 25
7 24 38
4 21 26
10 12 6
6 19 27
5 15 4
9 14 27
2 24 24
1 2 27
6 12 39
4 2 10
10 25 40
3 4 34
1 24 3
2 11 22
7 7 25
11 20 39
4 18 31
8 4 31
1 17 29
5 25 3
1 16 33
7 3 33
1 8 37
2 25 26
4 14 38
8 13 17
6 17 10
6 5 39
6 15 13
3 7 30
10 14 20
8 7 35
12 8 1
11 5 4
9 6 12
3 12 26
4 19 7
2 7 21
12 8 32
3 2 2
5 12 16
10 9 37
12 4 9
4 2 36
10 24 18
11 16 10
10 8 9
12 21 17
9 14 11
7 20 9
7 24 10
10 8 8
5 2 25
4 4 37
11 3 36
1 22 5
10 14 2
5 5 35
9 19 8
3 4 13
6 3 17
11 25 32
4 22 16
5 17 34
12 11 9
9 15 23
3 5 25
1 9 13
6 2 35
3 16 17
2 5 33
11 16 36
3 5 2
2 22 7
5 9 17
1 23 16
1 23 19
3 1 20
6 13 18
12 23 16
3 19 6
11 15 32
1 8 31
5 19 19
9 17 24
1 14 35
6 18 28
10 22 15
10 20 1
7 6 24
2 7 37
4 11 32
1 9 17
8 17 28
6 8 2
1 22 18
10 17 17
7 2 3
6 2 35
2 10 2
12 23 34
11 8 16
12 14 18
5 5 18
4 1 23
9 23 30
12 18 12
10 21 16
4 15 20
10 12 38
7 14 11
1 16 25
5 4 37
5 5 39
8 21 5
6 3 20
5 2 21
9 9 34
10 21 24
3 3 34
1 15 33
8 20 6
7 22 21
8 17 32
9 17 39
8 4 19
11 8 24
1 20 32
3 23 25
7 5 12
5 18 26
7 15 11
1 6 29
5 11 34
9 17 21
1 10 28
4 25 25
6 18 9
1 15 23
9 22 18
4 7 16
2 17 40
10 20 37
6 3 24
5 11 5
5 7 16
5 6 5
2 5 27
2 9 38
11 1 22
11 21 28
7 25 40
8 6 22
6 13 16
8 12 7
1 20 17
3 18 17
9 21 1
6 22 3
9 25 15
6 15 12
3 23 23
3 4 12
9 14 33
4 1 12
3 18 38
10 1 3
1 18 33
7 13 32
10 8 4
8 18 19
8 9 1
5 8 17
7 1 10
5 4 27
5 21 36
11 10 36
2 20 34
4 22 34
10 19 16
4 13 21
9 11 33
9 22 17
9 15 21
6 6 27
1 9 29
6 9 27
11 8 35
11 24 27
1 9 30
12 17 11
12 17 19
9 20 8
10 17 37
8 18 14
6 14 17
7 8 1
7 22 13
1 15 38
4 23 21
12 22 1
8 24 34
4 7 24
12 5 38
6 22 7
8 15 4
6 13 36
10 1 29
5 10 32
1 4 18
11 3 30
2 7 35
2 12 28
8 16 12
11 8 38
3 16 6
10 15 14
8 1 5
7 13 15
4 24 4
5 22 14
9 22 14
1 15 40
8 9 38
1 21 10
12 22 18
4 10 28
3 11 16
12 1 29
7 12 37
12 4 19
9 2 39
12 20 35
12 25 17
6 11 35
2 16 14
1 7 39
12 5 34
4 3 18
2 24 34
2 19 36
5 14 7
8 19 17
10 9 35
9 7 18
9 13 18
5 1 9
5 11 17
3 17 6
8 12 36
11 5 13
7 10 34
10 2 11
5 8 39
10 5 17
5 2 7
6 5 29
4 8 37
10 15 23
5 6 32
6 9 27
11 12 4
6 1 19
12 21 30
2 8 24
7 7 37
6 1 32
1 4 24
1 4 12
11 23 32
10 9 2
5 19 24
6 23 3
5 25 21
3 25 16
11 7 37
6 11 20
1 19 37
9 14 1
4 5 2
2 3 34
7 21 14
11 20 27
10 13 31
6 21 4
2 23 19
7 18 34
3 15 15
1 7 28
10 9 26
3 23 11
4 15 20
10 8 25
12 17 4
5 2 20
5 15 6
7 19 34
2 13 17
7 14 3
9 18 30
6 2 26
8 23 29
9 17 10
6 12 13
2 11 22
5 25 26
5 6 7
6 16 26
1 17 26
10 9 40
10 22 13
5 13 5
10 3 25
5 3 37
4 1 14
10 13 36
5 23 9
4 4 40
10 24 25
10 7 34
7 21 32
10 16 24
1 12 24
9 20 30
1 15 19
1 1 27
1 22 14
2 9 30
5 3 5
10 19 10
4 10 14
7 6 1
5 14 24
2 8 26
8 1 19
5 5 35
9 12 32
12 2 19
7 13 24
1 10 18
10 21 13
8 22 13
2 23 38
9 6 34
4 16 18
11 2 19
2 2 37
4 17 14
7 8 36
4 21 35
5 2 10
11 13 39
3 13 6
8 20 30
5 4 5
8 21 1
3 12 37
4 6 39
11 1 33
7 16 7
1 18 10
9 17 17
2 9 7
3 6 24
2 2 1
12 9 28
12 7 9
8 13 22
10 6 25
4 3 6
4 2 19
10 5 12
7 1 19
5 10 3
2 1 15
4 14 19
8 10 25
9 5 32
3 11 31
1 25 8
11 19 32
3 8 26
5 20 37
4 7 39
8 13 19
10 24 28
9 9 2
4 22 36
8 6 19
2 17 26
10 2 26
11 13 4
9 21 3
12 11 9
4 6 13
10 19 31
6 10 30
1 24 17
7 22 30
10 9 3
1 4 13
3 4 39
8 25 15
12 21 39
7 3 26
5 10 2
1 19 38
7 3 19
7 18 34
10 25 16
1 13 20
12 9 31
11 1 22
12 7 17
6 14 5
8 5 10
4 17 25
6 14 24
12 24 4
12 20 14
5 18 23
7 17 13
5 5 34
3 5 23
5 2 23
5 7 7
10 21 15
10 17 9
4 6 8
3 11 5
6 23 32
1 22 4
10 20 20
5 9 6
8 9 27
11 25 11
3 8 16
1 6 11
10 2 7
6 19 36
5 16 7
6 17 26
2 23 22
7 23 37
5 19 28
4 9 17
1 13 25
10 8 32
11 18 12
3 13 4
12 7 30
12 2 12
9 1 11
6 16 5
4 14 4
3 13 21
5 10 40
5 6 11
12 10 15
9 25 21
7 6 21
11 9 27
10 12 26
8 19 28
2 12 27
9 7 8
5 11 3
12 8 36
6 4 35
2 13 32
12 13 14
4 3 39
7 14 18
11 18 40
7 17 5
3 15 39
7 11 33
11 10 34
6 24 24
6 18 37
2 19 38
4 17 37
11 17 26
11 1 12
3 16 30
5 25 30
4 19 23
5 1 25
9 24 21
5 24 14
9 19 1
3 18 4
6 19 39
9 23 16
10 24 22
9 13 8
7 15 19
1 8 16
4 9 38
1 15 2
5 16 24
8 23 26
8 20 21
6 23 9
8 19 2
12 7 22
6 24 16
10 22 17
12 16 4
5 17 39
12 22 6
6 25 13
10 4 39
10 5 12
12 5 18
2 4 24
8 19 16
2 23 16
6 10 34
12 1 6
7 18 35
9 23 28
1 7 29
4 16 4
6 15 8
5 4 11
10 1 2
4 15 13
5 22 38
3 13 17
3 17 15
1 9 30
12 18 26
6 3 5
11 19 18
8 24 17
5 12 25
4 3 33
5 21 30
12 23 8
5 10 32
3 16 17
6 2 34
6 4 4
3 11 6
4 18 37
7 8 26
3 16 12
7 18 6
12 15 14
1 6 12
10 3 19
1 18 17
5 24 4
3 18 14
8 16 36
5 10 14
11 1 21
8 12 3
8 23 22
12 6 3
12 15 19
5 17 5
10 14 7
9 23 2
4 7 13
9 5 4
1 23 2
6 3 11
3 11 37
1 9 26
5 24 9
3 4 12
3 14 33
10 22 34
11 20 19
3 14 17
9 8 2
6 9 34
5 12 40
10 24 28
10 12 20
7 1 16
4 17 18
7 7 16
5 21 40
2 13 34
1 2 23
12 13 33
12 25 4
4 11 29
11 10 28
4 8 27
9 25 19
1 12 39
10 15 8
8 7 11
2 12 38
3 9 10
2 25 1
1 15 2
9 13 26
4 23 14
8 17 36
10 15 8
9 19 22
11 23 37
10 6 12
9 13 29
1 21 33
9 14 10
2 8 16
10 23 19
4 2 12
2 10 25
1 24 9
8 16 18
2 4 32
11 6 15
3 14 27
12 7 32
7 13 33
9 2 32
9 8 29
1 3 17
1 17 19
3 14 18
2 17 16
2 14 6
10 8 10
2 13 13
6 25 24
10 3 15
10 24 9
5 24 6
8 7 10
5 23 32
9 21 34
1 14 38
12 9 7
11 25 12
4 15 38
9 4 13
3 6 17
10 10 22
11 20 34
2 4 15
8 5 15
4 20 16
5 18 26
10 9 19
10 21 15
10 4 24
11 9 21
1 5 9
5 2 35
11 21 8
8 15 20
4 16 19
7 5 4
1 12 38
7 6 11
7 15 18
10 16 15
10 4 5
10 19 1
5 16 31
5 9 37
10 8 29
6 12 10
2 21 24
10 8 23
3 12 2
6 7 19
2 22 30
12 23 18
4 5 30
11 1 14
8 11 10
11 25 2
11 11 6
7 18 17
3 1 28
7 24 30
11 13 24
7 8 19
1 8 35
3 5 1
5 3 25
6 21 18
3 17 23
6 13 31
7 19 31
6 15 22
9 13 2
3 2 38
9 17 28
3 2 23
1 1 1
11 8 32
12 18 33
7 23 39
1 11 10
12 20 17
5 15 12
8 23 1
5 10 30
5 23 27
2 20 13
9 19 30
3 22 19
7 24 23
5 15 5
9 16 28
1 15 12
2 20 15
8 10 9
2 9 5
8 20 28
9 12 9
1 6 37
8 20 18
4 2 8
3 2 27
10 17 7
7 6 26
6 5 7
4 17 15
7 13 13
11 22 37
7 13 27
12 24 23
5 21 17
5 12 37
9 9 9
1 4 26
9 9 27
11 11 1
11 15 16
6 16 5
2 9 21
8 24 23
7 24 30
1 19 9
4 23 25
12 1 14
6 21 15
6 19 2
7 16 9
5 14 2
9 12 38
2 14 25
3 2 39
3 20 7
7 10 13
12 15 29
7 12 35
2 8 12
4 10 24
6 4 5
8 2 32
10 4 9
1 7 24
2 6 30
10 8 24
11 12 26
10 8 4
2 5 15
3 6 17
12 4 15
3 7 18
8 17 16
2 6 27
6 17 5
5 22 6
2 5 11
10 14 26
2 21 7
8 19 38
2 17 39
9 8 10
9 19 7
6 12 31
8 14 22
12 15 28
2 17 29
8 23 7
10 13 24
3 17 3
1 8 30
8 10 34
3 18 14
11 10 16
3 1 16
10 4 8
12 9 30
1 6 40
12 4 32
12 15 22
8 23 39
2 24 29
4 18 15
9 2 10
1 13 4
6 9 15
10 1 33
2 7 19
7 13 11
3 11 38
3 15 33
9 16 29
5 24 2
2 7 25
11 5 7
9 24 2
4 4 32
10 11 21
8 21 22
2 21 21
2 21 7
9 19 26
7 4 3
2 1 21
10 18 6
1 7 34
11 14 13
2 21 5
1 4 21
8 23 26
1 7 23
9 12 6
1 17 22
4 24 19
5 4 28
3 14 38
4 12 9
10 25 38
5 21 38
2 13 25
2 9 23
1 9 7
8 11 37
5 4 28
10 4 12
11 25 17
8 14 11
5 15 14
3 21 11
2 23 10
3 13 30
10 13 32
1 3 2
4 4 32
3 2 5
4 3 2
3 9 11
12 18 36
4 8 1
5 3 1
12 14 40
11 21 8
6 12 26
10 5 25
1 15 30
9 19 7
4 7 35
2 18 40
10 17 2
8 1 9
5 1 17
1 6 17
10 8 4
9 18 19
9 18 23
6 21 11
1 17 35
2 19 26
6 2 5
9 1 16
6 3 33
2 23 8
11 9 17
6 25 34
7 18 22
11 10 38
3 1 19
11 23 17
8 21 5
7 17 33
10 14 14
2 13 32
1 14 10
2 22 10
7 6 7
7 21 9
3 1 28
12 18 9
7 9 36
12 14 33
11 16 38
9 24 17
10 18 40
2 21 25
7 12 16
7 7 12
11 11 1
8 24 18
12 13 2
4 25 39
3 3 1
12 15 19
4 17 15
2 16 16
7 23 23
10 19 29
2 10 31
5 12 31
9 24 28
6 1 16
6 15 29
3 25 16
5 14 24
7 4 40
7 4 23
2 22 5
3 21 9
8 7 21
5 13 7
3 7 11
4 23 39
4 2 34
2 18 32
8 17 22
12 4 27
2 13 2
6 14 38
5 7 11
6 13 19
7 6 18
5 19 20
3 19 14
4 18 15
3 7 13
3 25 9
8 23 10
11 23 38
5 19 29
7 24 39
7 15 25
9 24 33
6 10 33
3 20 15
3 17 39
2 2 31
4 21 17
1 18 38
11 5 28
8 25 11
4 1 9
11 21 5
11 22 38
2 21 29
2 9 26
8 2 18
9 6 28
5 10 13
9 15 9
6 15 27
10 19 22
4 14 18
4 8 17
4 20 35
4 22 3
8 18 18
9 3 7
7 19 26
6 9 16
10 9 17
5 21 33
11 6 11
4 2 3
9 21 11
4 16 12
9 6 2
5 3 35
5 6 28
6 8 4
4 15 26
6 25 24
6 24 3
6 22 15
5 11 16
4 21 32
6 21 24
9 25 16
9 23 17
9 19 37
10 20 22
5 18 3
10 3 27
4 2 13
2 17 1
1 2 21
5 1 27
4 19 10
5 24 9
10 12 2
5 6 30
3 6 26
4 1 14
1 3 5
4 12 15
1 12 35
5 23 27
12 16 40
8 7 20
1 5 4
9 15 27
10 1 15
5 22 16
9 4 25
12 24 27
12 9 34
7 24 27
10 21 22
6 1 14
9 21 28
1 18 39
10 21 4
11 22 36
2 16 32
5 24 15
2 22 22
12 23 27
8 11 6
9 2 11
4 24 3
10 16 29
5 2 13
7 5 25
9 7 18
5 7 15
8 18 34
11 21 35
11 3 34
10 1 12
7 9 35
9 6 14
3 20 3
1 9 11
12 23 13
1 13 12
3 25 19
7 15 35
1 19 40
8 3 28
1 2 18
12 18 39
11 18 15
10 22 12
3 4 10
3 13 8
4 6 14
7 23 27
11 1 40
5 8 2
12 8 19
5 15 9
4 18 33
7 4 15
9 19 22
10 15 24
1 19 13
11 25 17
8 2 15
2 1 19
3 18 22
2 19 19
4 22 35
12 19 21
3 10 38
10 25 13
9 10 16
12 17 18
4 23 19
10 25 28
6 2 22
5 20 32
6 14 4
1 16 35
2 19 34
11 18 4
1 5 38
9 11 9
12 16 29
12 10 25
8 4 19
12 25 10
2 19 9
1 1 32
6 20 34
10 23 31
7 21 18
7 2 35
10 24 33
9 20 36
1 23 19
8 11 30
1 5 22
6 1 15
11 17 30
7 22 32
4 6 34
12 4 11
6 20 16
12 5 24
12 8 40
2 14 10
8 14 36
5 12 22
12 14 10
2 8 5
12 20 21
11 13 10
5 6 3
5 19 24
7 17 32
4 4 3
5 21 13
9 20 9
5 15 29
5 4 36
11 16 31
6 17 23
11 16 14
8 9 14
4 21 21
7 17 8
3 25 3
7 10 37
7 3 22
8 23 4
6 8 31
5 20 36
6 5 22
11 11 29
9 1 19
11 14 1
2 1 27
3 12 33
4 8 14
3 18 31
4 8 4
5 13 4
3 23 19
12 24 35
6 20 35
9 22 35
3 12 12
10 19 33
9 24 11
3 15 15
5 23 6
7 2 2
12 20 9
4 1 30
12 4 24
3 20 34
5 20 15
8 14 18
10 19 38
4 13 3
5 20 13
11 13 33
12 3 38
6 9 20
12 18 17
1 1 8
7 6 28
8 20 32
5 16 8
11 9 10
1 1 1
2 2 28
9 8 29
4 9 16
6 12 19
3 17 23
4 1 1
5 19 3
12 17 3
3 16 33
4 7 14
9 16 26
12 8 4
10 11 29
4 7 15
12 1 4
9 5 20
5 18 9
2 24 10
3 11 19
9 12 37
2 19 18
5 5 6
3 9 18
8 10 13
2 12 28
6 23 20
3 2 10
4 4 24
6 25 8
3 6 5
2 23 14
8 8 24
6 7 24
4 5 31
3 7 36
11 5 8
8 7 36
8 17 11
2 5 6
4 6 23
7 3 30
4 4 7
12 10 22
11 22 11
9 21 36
5 21 10
7 3 31
7 11 8
2 6 8
4 14 32
10 15 3
8 11 3
6 3 5
5 22 16
12 23 12
4 13 27
7 24 27
2 4 35
7 12 29
7 5 5
11 17 15
6 13 5
1 5 38
12 23 27
2 11 12
1 14 17
11 13 7
1 14 25
7 9 8
9 1 2
8 11 40
1 5 24
6 3 30
8 24 20
11 8 24
12 21 25
7 14 35
6 15 33
1 13 18
12 4 9
1 4 2
5 12 20
2 1 17
9 13 20
12 3 35
7 23 13
5 8 5
11 20 13
12 16 25
2 18 14
8 1 11
2 6 29
5 22 13
4 22 16
5 21 32
12 11 39
7 18 12
4 15 22
6 13 2
9 15 33
10 23 18
10 7 23
2 8 24
5 4 10
11 8 22
7 21 37
5 2 4
8 3 20
5 12 16
7 20 24
7 11 16
12 19 34
4 8 31
8 6 39
6 7 39
6 1 39
6 5 13
11 15 13
10 13 17
2 24 10
3 11 33
3 18 14
11 18 10
3 9 35
6 22 3
11 24 12
5 19 3
8 6 11
12 6 38
8 4 8
12 3 19
10 15 36
8 1 30
10 22 36
10 3 13
4 11 10
3 18 26
4 23 37
2 1 37
2 13 12
5 7 37
6 8 21
12 3 38
4 24 39
12 20 17
7 1 26
9 8 10
12 17 8
5 12 12
7 25 4
5 9 37
5 13 20
9 6 6
1 10 40
8 6 27
4 24 23
5 21 4
12 11 11
9 21 30
1 9 7
10 4 36
1 25 10
6 9 25
7 12 5
9 19 22
8 16 24
8 4 27
10 25 15
12 3 37
8 15 4
11 24 32
8 16 8
3 24 5
12 8 34
12 11 11
2 22 8
10 3 27
7 8 16
1 23 7
4 21 40
3 24 17
2 21 17
5 6 15
12 23 32
7 10 28
10 12 20
11 19 24
10 4 13
6 7 3
12 24 1
2 3 23
9 5 14
4 23 34
11 8 18
11 1 14
5 25 23
11 3 26
1 15 12
8 11 6
6 3 11
7 5 17
6 4 30
9 20 28
5 18 5
11 10 33
9 18 23
3 10 10
11 19 4
7 16 31
9 6 32
2 3 25
12 2 40
6 10 3
11 19 36
12 22 20
7 2 18
11 22 26
6 23 36
8 3 21
10 8 15
2 19 28
5 10 36
1 3 7
9 24 35
7 25 20
9 12 20
2 8 28
6 13 26
5 18 2
12 10 35
3 10 14
7 23 14
2 14 11
6 13 23
5 1 20
11 25 3
1 11 40
10 5 35
7 12 29
4 13 32
6 11 18
1 16 15
8 22 2
4 2 19
7 7 19
9 17 4
11 9 15
12 9 13
6 15 19
8 22 31
5 25 17
11 25 37
1 4 2
11 6 26
1 11 11
12 13 5
5 18 33
9 2 25
4 13 31
9 25 10
11 3 9
2 17 18
8 5 16
2 10 6
10 7 5
9 9 25
2 24 36
9 1 28
6 1 4
6 1 38
11 8 40
1 19 32
4 2 18
12 5 6
10 4 21
1 13 15
7 4 2
5 15 36
5 8 35
10 12 16
5 22 14
3 23 23
12 16 24
9 22 36
5 21 34
5 13 9
8 15 12
10 16 20
4 9 18
4 6 6
9 9 36
4 23 29
9 1 29
11 2 3
10 5 24
3 15 29
4 11 25
12 11 29
2 15 26
2 15 39
9 17 25
7 25 5
11 20 16
5 6 38
4 1 2
10 20 20
9 5 38
2 10 28
2 25 1
2 8 5
10 13 18
1 23 11
8 7 33
4 12 32
3 10 2
1 6 35
10 8 11
12 17 2
1 25 13
7 7 27
7 9 19
8 25 20
9 3 38
12 22 23
12 5 30
11 4 11
7 8 13
10 2 17
7 3 5
10 6 34
5 8 37
4 9 11
9 2 35
12 6 40
5 2 16
7 2 36
3 2 36
10 5 10
12 22 23
7 16 3
1 4 18
11 17 14
1 18 6
5 10 5
11 19 26
8 11 32
10 1 1
11 15 5
11 2 35
12 19 14
11 12 40
10 7 3
7 6 15
10 7 18
5 12 40
12 8 2
3 20 15
2 21 8
12 6 5
9 12 37
10 14 34
6 18 36
1 6 40
8 14 28
10 6 7
3 21 3
8 5 29
6 19 20
3 25 4
3 22 38
8 14 29
8 18 24
8 5 7
10 5 3
11 12 36
8 20 27
8 16 40
5 9 25
3 24 33
12 10 6
9 16 29
10 25 35
6 21 39
4 5 21
11 3 11
3 19 20
4 8 5
1 4 6
11 7 25
10 18 31
10 9 6
4 16 19
8 13 4
6 11 32
2 18 7
8 23 21
1 12 40
4 9 24
11 22 33
12 23 30
7 15 24
8 7 18
6 3 32
9 21 40
10 8 10
11 10 39
11 18 39
2 4 29
8 14 38
2 9 4
8 18 34
9 6 9
11 19 36
5 13 32
8 12 18
11 10 5
7 1 14
11 2 24
9 19 23
10 4 33
6 1 40
8 2 5
8 9 32
7 17 12
9 2 31
10 21 26
6 19 1
4 24 39
10 25 26
7 19 19
8 3 25
4 21 30
8 24 32
11 24 32
4 3 18
6 7 31
11 16 25
11 1 24
3 24 36
8 1 28
5 24 38
11 23 10
4 22 35
12 3 12
7 5 5
3 9 36
9 19 40
12 15 23
12 6 25
5 15 2
12 17 4
2 8 15
6 16 13
3 21 16
9 18 25
4 11 18
6 8 9
3 22 14
9 4 29
6 10 14
4 14 3
11 9 28
4 22 16
11 18 2
3 24 14
8 17 7
12 8 7
7 17 1
12 9 40
8 1 8
1 9 11
10 1 20
1 7 39
1 5 38
2 1 26
2 4 10
9 11 33
11 14 39
2 6 29
9 6 18
7 19 35
9 24 34
5 3 21
12 13 13
3 6 28
6 23 30
2 17 18
12 5 31
10 21 7
12 22 8
9 18 29
3 22 6
12 9 36
10 11 31
2 6 3
12 14 9
1 19 9
10 19 16
9 9 37
4 25 5
10 4 35
2 4 32
8 12 8
12 14 29
7 4 16
6 8 31
10 5 25
2 9 8
4 20 5
12 22 18
6 4 19
12 15 40
3 9 38
10 4 38
6 9 29
7 8 10
1 3 28
12 18 17
1 8 29
4 15 5
9 19 7
6 12 3
2 11 32
6 1 29
5 9 28
8 15 22
4 2 25
7 3 26
7 2 7
9 17 12
2 23 8
4 14 36
3 3 3
11 11 24
8 22 29
1 2 34
12 1 29
12 10 8
2 5 4
6 16 7
5 18 20
7 9 16
6 11 19
3 20 1
7 12 4
10 21 4
12 1 26
7 9 39
12 16 39
7 23 18
11 2 11
7 23 34
8 19 39
4 5 25
8 14 2
8 14 3
1 16 26
7 20 13
6 10 29
3 6 24
5 9 8
12 4 29
9 20 9
7 8 35
7 19 10
11 5 23
6 8 24
10 6 3
2 23 37
1 4 35
4 18 17
10 10 1
1 7 12
7 9 26
3 19 7
1 4 1
7 19 34
2 21 27
8 8 27
8 12 8
2 9 36
2 15 8
10 9 4
6 9 25
1 18 14
11 18 30
5 3 19
12 18 27
11 3 14
9 11 3
5 1 35
10 6 19
10 1 21
4 25 19
6 13 21
1 6 40
9 1 31
9 9 11
1 18 15
2 12 39
8 13 25
12 9 16
12 2 24
11 21 23
2 5 31
3 20 6
2 17 13
5 24 31
10 13 32
1 21 1
12 17 13
4 14 1
11 13 27
1 14 17
11 10 23
5 22 13
9 4 9
10 1 15
2 10 23
11 7 40
6 12 31
7 14 37
8 13 17
11 17 19
1 14 23
6 22 28
2 2 19
11 10 14
11 6 38
6 17 39
9 4 23
12 23 34
8 9 4
9 1 4
10 20 4
1 1 39
5 19 12
12 17 30
9 13 11
5 5 32
3 19 3
7 13 31
5 20 38
11 12 2
1 12 20
4 16 22
9 10 31
6 24 16
7 7 33
9 6 21
5 7 10
4 4 36
6 10 28
5 19 6
3 16 5
11 13 12
10 3 16
2 13 19
10 18 21
6 16 12
5 9 12
7 11 1
9 4 12
2 10 35
4 10 27
9 14 8
4 25 35
1 23 20
2 4 27
4 20 2
6 2 26
5 17 20
10 2 23
4 19 24
2 12 2
9 2 20
2 17 7
1 23 1
6 25 8
6 2 8
8 2 12
6 2 19
4 20 2
11 20 17
6 25 8
6 19 40
2 11 33
10 5 11
3 3 9
1 1 23
1 14 9
9 5 32
9 10 10
6 13 19
4 3 37
6 19 35
9 23 20
6 4 8
11 8 26
10 16 9
3 3 38
10 17 24
4 15 1
5 15 8
1 2 32
10 3 6
7 9 18
12 18 29
5 24 28
12 7 5
9 23 26
3 21 38
4 21 20
6 10 15
1 8 23
12 18 33
8 14 21
11 18 5
4 8 17
2 4 25
4 11 13
3 19 23
12 19 36
11 1 2
10 12 39
7 11 35
8 6 6
4 9 3
5 12 15
6 13 21
9 20 20
12 4 15
11 15 12
8 22 10
8 8 5
2 24 27
3 4 33
3 19 11
3 4 1
3 23 37
6 16 18
12 5 40
12 20 12
1 22 22
10 16 38
12 1 38
12 14 4
9 3 34
2 9 4
12 11 1
1 15 4
12 16 2
6 6 5
1 20 7
8 9 8
5 16 10
10 10 22
7 19 17
11 11 11
5 25 15
7 5 36
5 22 19
9 9 27
2 4 26
1 4 12
2 11 35
6 23 5
3 13 30
3 3 20
12 7 18
7 20 22
8 5 5
10 11 11
7 23 30
12 10 9
12 17 34
1 15 9
6 22 19
6 2 22
1 21 11
7 2 37
1 5 37
7 9 25
4 20 21
3 1 22
7 13 33
1 11 10
1 3 30
8 10 11
1 24 13
2 16 29
5 24 23
7 6 39
8 4 7
1 8 24
8 2 34
3 21 8
1 17 13
12 11 9
2 23 11
2 9 38
7 1 18
7 11 32
1 8 14
12 2 5
11 12 2
1 1 34
2 22 9
4 12 16
4 6 5
6 20 26
5 19 27
4 1 40
4 9 32
3 4 13
11 17 13
5 19 23
4 19 16
8 3 32
6 12 15
5 3 15
12 3 13
3 11 31
7 8 40
3 22 13
1 10 6
2 5 6
10 11 33
9 4 31
11 2 19
3 8 20
3 4 14
10 8 10
3 19 16
12 21 34
9 16 2
6 18 29
4 14 29
9 2 2
10 14 13
10 20 36
4 10 17
12 6 16
8 25 18
12 25 13
8 14 25
1 7 33
9 24 17
3 10 4
2 14 18
9 4 29
10 4 39
3 24 35
12 4 27
2 15 24
12 10 22
1 2 22
10 13 36
2 16 12
7 12 22
4 16 7
9 15 31
8 18 39
6 1 27
1 22 18
4 5 31
8 24 31
1 21 39
7 2 25
6 25 37
5 2 7
4 2 38
12 21 18
12 8 1
3 13 26
9 21 4
4 2 32
4 6 37
3 12 13
10 16 39
3 16 5
2 23 16
12 18 30
5 18 13
6 12 26
9 11 7
2 8 23
1 20 22
2 8 5
8 6 29
12 25 34
7 25 28
3 2 8
2 6 33
3 4 35
2 4 11
6 13 28
11 6 5
11 23 21
7 18 39
8 8 17
1 7 8
8 19 18
9 24 15
6 4 19
12 1 28
3 17 6
1 17 30
7 25 26
6 25 24
5 7 2
11 24 3
7 20 36
6 1 8
11 11 21
4 1 7
2 6 35
10 5 19
1 12 29
10 6 14
6 17 40
6 8 38
8 16 19
7 12 1
9 18 26
8 14 14
12 9 15
9 2 17
2 2 35
1 1 19
7 2 38
3 12 9
7 16 11
3 3 1
6 11 26
11 1 35
7 5 21
7 17 26
1 15 25
6 3 35
2 13 38
2 18 39
10 8 40
5 21 40
5 6 30
9 21 3
2 11 28
5 11 23
12 20 26
4 15 32
9 2 22
12 1 34
9 22 3
10 24 10
9 20 3
5 10 22
11 24 40
11 21 11
11 7 10
6 14 35
12 8 6
1 19 21
11 9 7
2 25 34
6 17 25
1 23 21
1 17 40
7 25 16
3 6 6
5 5 38
6 20 10
5 16 19
1 2 15
1 10 1
5 7 34
6 3 12
2 14 31
12 6 26
3 1 23
4 9 21
12 22 32
6 22 29
4 25 39
4 16 12
1 7 9
1 14 13
2 21 10
7 20 20
11 2 20
8 7 12
7 12 5
6 8 7
2 15 3
10 1 27
1 21 12
3 16 16
6 20 12
8 17 19
1 7 10
5 23 25
10 12 33
8 4 14
6 16 11
10 2 7
4 19 18
5 19 40
5 13 6
10 14 20
2 16 40
7 13 11
5 11 30
2 1 29
9 3 5
8 19 11
2 3 30
5 7 22
1 3 19
5 16 29
1 8 8
1 5 33
2 7 6
9 11 16
4 20 26
11 22 19
9 12 29
8 9 24
4 20 7
12 2 2
4 17 25
11 18 22
6 9 8
6 8 7
6 15 15
7 21 12
2 19 1
7 23 34
11 14 25
11 18 5
8 18 34
1 17 33
12 9 27
2 3 22
12 16 4
10 14 31
7 12 27
3 4 14
11 17 32
8 9 16
6 4 10
7 2 3
4 14 25
10 17 32
8 5 14
1 2 34
5 1 7
7 15 17
6 25 10
6 25 34
5 16 23
5 10 25
3 5 1
10 14 28
7 17 6
7 11 4
6 9 16
9 14 8
3 19 2
5 4 18
7 20 1
6 7 29
9 20 37
10 2 13
1 1 39
8 1 10
7 21 4
1 5 17
6 15 17
8 3 8
1 12 5
4 11 5
6 8 10
4 13 17
8 16 9
2 3 38
5 5 16
9 25 15
7 3 23
7 6 11
6 1 19
1 20 33
2 8 20
11 17 6
4 18 31
4 19 1
5 11 1
3 11 26
1 11 4
2 7 33
6 4 18
10 25 33
2 19 9
6 17 20
3 8 15
2 1 7
9 19 28
12 19 9
1 19 9
10 24 7
2 21 7
4 23 18
10 25 31
3 25 17
8 21 8
6 4 32
10 8 2
4 25 6
9 13 24
10 12 19
10 11 12
6 9 18
9 21 39
2 17 1
10 3 32
6 13 25
1 6 38
8 12 26
10 4 13
6 6 11
7 17 10
1 9 11
12 13 30
11 15 11
2 18 9
11 18 2
9 17 17
10 25 6
10 3 20
1 22 38
3 14 27
6 5 6
3 21 24
4 15 2
8 6 3
3 6 21
2 16 2
3 16 10
5 9 17
8 1 5
2 1 11
5 12 10
7 11 29
5 11 3
9 23 13
12 23 17
1 6 4
8 22 33
7 7 29
11 18 38
10 15 23
9 13 32
3 15 25
8 19 30
7 22 24
2 21 34
7 3 36
2 9 24
1 2 1
9 21 21
4 7 6
6 7 35
4 15 19
5 22 7
5 9 29
12 12 28
1 2 8
3 1 21
11 16 19
8 5 34
10 2 40
10 11 40
9 20 18
1 17 8
9 12 29
9 20 3
11 4 17
8 6 9
4 4 34
8 11 26
1 15 32
1 11 6
1 15 3
9 20 1
3 21 16
5 5 2
1 15 6
5 20 9
9 24 18
10 17 9
8 8 18
7 1 4
8 6 7
2 17 15
12 24 25
3 18 4
1 4 18
9 6 20
6 18 38
4 10 4
6 17 14
11 7 4
6 5 38
3 4 11
10 13 10
8 7 16
6 23 20
7 3 9
9 3 15
7 10 31
11 21 27
1 22 22
10 7 12
5 9 34
8 7 24
11 22 16
11 5 38
10 25 35
1 25 12
7 24 30
8 14 11
11 21 37
11 2 13
7 2 20
9 2 28
9 4 34
7 20 23
6 19 15
4 10 22
4 1 28
8 15 30
6 21 10
10 16 34
1 4 27
8 20 26
8 13 37
3 10 4
12 7 1
8 9 27
2 24 25
6 19 13
4 25 31
9 12 3
11 14 10
8 9 25
8 9 10
9 5 29
12 14 3
1 23 39
10 14 29
8 21 22
7 5 25
8 13 3
1 13 13
11 8 34
10 8 30
11 24 22
8 24 37
5 25 40
8 4 37
8 1 26
3 24 34
11 5 34
11 11 20
2 16 19
6 20 6
4 20 15
6 3 34
7 4 30
2 25 33
5 8 24
8 18 15
8 3 32
12 10 29
4 8 7
10 11 27
9 5 32
10 3 6
8 13 5
9 16 1
4 22 27
10 20 35
8 13 30
4 14 23
11 23 1
5 15 16
6 4 8
5 1 2
1 23 21
6 22 6
7 9 32
5 5 12
10 17 30
10 14 9
12 13 38
2 20 11
9 13 22
10 7 10
11 10 16
8 19 18
8 13 32
12 20 9
9 5 40
3 19 24
10 16 4
5 25 26
2 18 36
6 5 7
5 14 38
7 17 24
9 6 7
3 1 29
2 9 14
8 5 23
10 23 17
3 14 19
10 16 21
11 23 22
8 15 12
6 12 34
8 7 3
7 11 29
12 18 11
7 16 32
9 10 31
3 1 12
12 15 38
7 5 17
2 19 32
7 25 9
1 22 11
6 1 26
5 15 13
8 25 17
10 1 29
3 19 19
4 6 4
3 22 39
3 15 15
4 19 2
5 17 39
11 19 22
10 25 1
11 4 30
11 1 7
12 16 27
11 8 3
6 15 20
9 7 35
5 10 33
6 25 29
7 15 9
12 23 8
2 15 26
4 13 29
3 4 12
1 10 20
9 3 28
7 4 37
2 11 11
6 11 13
10 16 16
12 17 17
11 18 35
12 21 36
3 6 30
12 4 33
7 7 29
9 5 3
12 12 33
9 1 17
5 21 7
4 13 30
8 21 32
7 21 20
3 21 33
12 25 9
7 25 12
10 10 38
5 21 11
2 21 18
11 12 22
6 7 35
2 15 12
7 2 15
12 19 40
7 12 1
9 4 39
9 25 23
3 19 11
7 17 15
11 12 21
12 15 29
1 22 7
2 18 37
12 17 25
1 25 29
8 22 17
7 17 39
11 18 15
9 21 3
3 15 14
7 5 22
1 19 40
7 16 7
10 24 13
1 15 28
9 25 2
8 8 30
9 9 34
7 24 36
2 24 22
11 5 35
2 15 3
7 21 22
12 4 6
4 12 1
7 19 20
11 14 32
4 22 16
7 21 1
6 15 18
6 19 33
3 15 32
10 18 23
10 19 3
9 24 18
8 25 3
1 14 3
5 18 18
5 6 40
12 13 24
12 17 14
10 16 24
11 7 39
5 23 33
9 24 30
10 4 26
5 24 19
9 24 18
10 14 28
10 7 12
11 8 25
1 14 35
4 9 28
9 7 32
9 10 21
6 11 34
1 8 5
12 6 15
3 10 19
12 14 35
7 17 32
11 1 33
6 13 22
7 14 8
7 12 37
1 3 7
10 6 30
9 10 35
9 6 39
3 4 29
11 5 26
10 8 37
1 21 1
4 7 10
8 1 40
6 23 6
6 22 14
10 22 28
6 12 21
11 23 25
7 22 24
12 13 31
6 12 40
8 12 24
11 5 10
10 24 20
12 8 26
10 21 30
7 23 40
3 12 16
10 14 37
1 3 2
3 16 30
9 7 3
12 13 23
5 9 6
1 24 16
12 4 30
9 4 4
1 14 19
4 22 8
10 4 21
9 24 32
2 20 26
2 14 4
5 1 39
5 11 29
7 8 18
8 16 10
12 1 25
3 4 12
10 15 35
6 25 16
7 17 6
7 5 35
12 16 10
2 13 22
1 14 36
5 22 34
2 14 2
3 11 16
2 4 9
4 13 3
2 20 31
12 20 23
4 23 39
7 15 39
6 23 21
6 18 10
9 17 4
2 18 3
12 9 13
5 11 18
11 25 7
8 13 28
2 12 25
7 2 29
7 13 33
3 8 28
8 14 7
9 3 12
2 19 8
6 21 23
7 4 12
7 19 38
12 8 9
12 9 35
2 24 40
11 2 30
7 2 14
12 7 32
10 15 26
8 19 36
4 11 40
11 11 39
12 6 4
4 24 15
1 11 32
3 9 15
4 6 2
10 13 31
10 24 31
4 12 27
2 16 30
5 9 28
2 18 35
12 9 23
9 19 40
12 19 23
3 11 39
5 20 12
6 3 36
6 13 19
4 24 5
9 10 2
4 11 16
10 20 19
8 11 33
8 21 26
5 15 18
2 3 26
5 7 39
5 9 20
10 5 4
2 21 21
11 14 5
10 13 3
6 21 30
4 15 10
2 7 39
10 14 28
8 15 38
3 25 39
11 12 34
10 17 23
6 18 26
5 5 1
5 12 39
3 13 17
3 13 24
10 11 26
1 8 22
6 8 33
2 23 32
4 16 26
2 13 37
12 17 7
11 11 31
12 7 11
10 22 19
5 6 13
12 11 26
3 2 21
2 2 38
5 21 10
3 4 1
5 1 18
5 6 12
8 13 23
7 5 22
9 2 2
12 22 33
10 21 11
9 6 29
3 20 22
4 12 28
9 6 28
6 22 32
9 7 18
5 11 14
5 21 6
9 10 8
11 25 7
6 4 39
8 16 14
10 24 16
8 4 20
9 17 34
7 1 16
1 20 6
7 8 34
5 6 3
4 6 1
6 18 16
6 15 8
11 17 39
8 23 36
10 16 24
10 25 12
12 20 40
12 12 10
12 23 18
12 10 27
1 8 31
4 24 39
2 4 14
9 21 35
1 24 28
7 22 39
5 10 4
3 24 5
10 13 1
8 18 36
11 3 14
11 9 37
4 13 14
3 7 16
12 5 20
8 9 37
8 9 1
4 20 18
1 25 22
12 6 7
7 25 36
9 21 1
9 5 29
12 14 14
2 6 8
4 22 11
9 6 16
4 14 14
9 3 35
11 18 18
9 18 17
2 16 12
7 16 26
2 22 35
7 1 24
2 17 24
5 22 24
4 21 17
4 12 18
12 20 36
6 23 6
3 21 24
12 6 7
2 8 24
12 19 4
5 2 7
6 21 17
1 25 16
7 5 4
8 13 4
6 12 37
2 7 8
3 19 34
7 7 29
4 2 28
4 17 3
3 21 3
12 3 34
12 4 17
6 24 6
6 4 26
12 24 13
12 14 38
2 5 7
4 5 11
7 10 34
4 20 27
3 17 8
4 16 26
3 19 21
12 14 15
3 8 35
11 7 7
1 8 32
1 16 26
2 5 23
9 14 2
9 6 34
3 16 18
11 10 32
4 9 35
5 14 39
12 22 30
4 11 26
11 20 1
8 19 8
11 19 20
3 1 28
3 11 33
8 6 30
5 17 20
10 10 16
4 12 10
5 1 11
4 10 23
11 22 12
8 13 15
8 19 31
6 23 4
12 17 37
11 18 19
4 14 25
1 4 17
1 15 13
1 19 9
5 25 31
5 7 40
9 6 36
12 18 20
10 2 10
12 14 21
1 22 14
12 2 11
7 5 28
7 1 4
8 20 2
10 2 19
6 18 33
5 12 22
2 8 34
6 9 35
6 16 40
10 2 27
4 17 2
6 8 40
7 14 27
12 18 26
3 17 29
6 19 27
6 24 28
9 12 35
8 13 37
2 18 30
8 20 32
6 11 16
9 13 2
5 19 30
3 24 32
8 23 15
9 13 19
5 2 30
3 22 26
3 18 11
10 8 39
11 25 23
9 16 13
7 18 36
11 21 3
3 4 6
3 8 6
11 6 10
6 17 31
9 22 30
12 6 34
3 11 7
3 5 24
10 14 12
7 18 1
1 19 24
2 5 33
4 15 7
5 20 14
2 1 28
12 12 27
7 12 20
4 8 38
6 12 5
1 25 27
11 9 20
1 15 35
4 8 32
3 4 23
9 23 29
7 25 37
10 13 6
4 4 28
3 4 39
8 11 40
7 23 16
10 2 39
12 15 8
3 25 9
1 23 21
12 11 37
10 25 40
4 7 24
9 25 14
1 7 29
3 5 17
4 23 36
8 18 4
7 22 39
8 22 35
4 11 38
10 1 30
3 2 28
1 17 17
11 24 1
3 13 10
2 14 16
9 14 26
12 12 12
5 15 14
3 11 22
3 9 2
10 8 35
1 2 39
1 11 18
10 21 7
8 2 30
10 4 36
7 2 16
4 11 19
6 12 34
8 2 2
3 15 29
11 17 20
6 20 19
3 17 4
1 12 7
1 24 22
9 22 30
7 9 28
1 5 17
10 24 21
8 7 7
8 10 20
6 4 15
8 8 20
11 15 26
3 16 19
8 7 35
1 8 12
12 19 3
9 23 23
7 16 29
12 6 4
6 17 36
11 23 22
2 5 3
11 3 21
1 2 31
12 9 32
1 13 20
2 7 14
8 24 15
9 8 17
7 25 25
6 2 6
3 19 37
7 18 13
6 12 31
8 6 7
11 16 15
5 16 29
12 7 17
11 4 31
2 23 20
8 5 32
2 3 4
10 22 37
6 16 36
11 16 37
12 18 20
10 5 39
5 21 37
10 4 7
4 22 31
9 2 22
5 1 33
9 20 29
2 5 22
4 4 5
6 24 27
6 18 30
2 17 6
2 25 24
2 15 23
1 13 28
5 7 22
10 8 17
5 3 40
1 23 32
10 24 33
4 5 22
2 10 4
10 22 14
10 11 22
8 7 21
11 10 27
8 23 12
5 14 33
12 12 7
3 8 10
1 23 32
10 7 31
2 1 27
8 2 4
11 10 40
7 25 2
2 6 1
3 6 38
9 24 22
9 17 20
7 4 13
9 17 10
3 19 11
11 3 18
6 12 33
5 25 32
4 21 7
11 13 11
9 6 26
2 12 2
11 14 6
3 23 27
5 6 26
9 23 36
7 2 35
7 9 16
4 17 24
6 19 19
3 17 2
4 24 22
12 5 21
3 17 2
1 1 11
3 21 1
10 25 3
7 25 5
12 23 4
1 3 16
9 19 3
1 17 21
7 11 31
7 15 40
9 9 20
3 7 12
3 24 17
8 13 23
9 21 31
10 8 17
12 9 18
6 19 16
9 13 4
10 14 31
4 5 12
6 25 24
9 12 6
2 21 37
6 7 15
11 9 20
12 8 17
9 21 30
10 18 14
3 18 16
7 25 21
11 14 37
1 9 25
2 12 14
12 15 31
3 13 35
6 3 13
3 6 1
7 17 13
10 20 13
11 19 19
9 24 19
8 10 1
11 24 32
10 10 32
8 22 31
10 13 12
3 11 24
7 20 25
2 6 12
5 25 29
8 12 12
4 6 34
1 10 36
6 22 32
7 14 10
1 12 21
10 20 12
11 8 12
9 8 29
9 9 35
6 15 23
11 14 39
4 24 27
5 15 29
2 16 31
2 11 5
11 18 36
3 7 34
12 25 35
1 13 40
11 24 20
7 24 6
9 11 1
12 19 18
2 23 10
12 17 32
7 1 27
4 5 10
4 10 2
8 9 37
3 5 22
2 11 30
11 14 30
8 25 4
2 20 8
8 3 38
4 5 34
3 18 26
7 23 28
12 14 28
1 23 15
6 25 4
2 2 39
7 9 3
12 14 11
3 7 22
2 11 29
7 22 3
8 9 40
12 14 8
8 21 37
2 3 24
1 12 25
2 13 34
1 8 39
5 17 2
5 25 18
9 24 2
11 3 34
2 5 30
10 23 11
4 25 15
10 16 14
12 7 34
9 6 35
10 25 34
8 12 4
7 6 16
3 19 32
2 4 5
8 20 22
3 14 35
3 25 16
10 9 35
4 6 30
3 12 31
10 12 7
12 18 8
7 4 29
4 23 15
4 9 7
2 16 18
4 8 3
12 14 30
4 7 7
12 1 27
8 16 20
12 3 20
7 6 8
4 19 13
7 16 18
7 1 28
5 13 2
4 25 38
5 24 19
6 18 17
1 8 3
5 11 39
7 23 39
12 3 20
6 20 35
1 21 38
1 19 25
4 20 27
4 7 5
5 5 10
1 22 7
5 23 16
4 10 34
11 25 2
9 4 12
9 15 36
11 21 19
12 4 21
8 18 40
3 13 23
4 5 3
3 17 17
4 12 30
6 1 35
11 21 23
10 7 13
1 17 18
10 9 23
1 18 3
10 15 27
10 18 12
4 3 3
4 12 21
1 22 31
4 12 4
2 13 18
12 23 5
6 9 21
11 15 30
6 25 27
1 21 28
2 1 28
8 16 37
6 21 24
3 23 26
12 14 1
9 23 8
8 8 19
1 21 24
7 18 4
7 25 16
4 19 39
12 24 24
12 4 27
3 18 39
10 2 35
1 5 12
11 14 2
9 3 32
12 20 18
1 7 32
5 23 15
12 4 3
1 16 20
11 21 27
9 9 35
11 11 39
3 24 33
7 2 1
11 21 34
5 17 3
1 21 24
3 15 32
7 5 16
10 15 14
11 14 14
3 25 31
7 7 16
12 10 33
4 16 25
11 4 8
8 20 11
1 20 19
8 22 17
2 9 17
8 23 37
3 19 7
12 7 13
8 11 15
12 15 13
3 14 38
2 15 6
4 25 30
5 7 9
9 7 19
7 3 16
1 2 40
9 14 11
5 4 39
12 13 20
4 14 22
7 9 29
10 16 32
3 23 33
8 14 9
7 5 37
5 5 9
2 7 20
11 20 25
5 1 25
8 13 37
3 10 35
12 10 40
12 10 40
4 20 28
10 8 38
12 17 40
12 13 39
11 24 31
1 2 36
7 1 39
7 19 15
11 23 28
6 23 36
9 19 34
9 17 38
4 23 23
8 2 37
3 14 36
2 10 25
12 12 5
7 25 25
3 15 33
3 10 21
8 23 2
7 23 10
5 20 3
4 6 1
1 3 25
12 10 14
1 20 12
9 3 18
9 2 21
7 18 3
8 7 25
10 14 14
7 9 29
3 19 8
10 1 10
6 8 34
9 15 23
5 18 1
12 14 23
9 15 2
5 24 10
4 22 1
11 11 4
5 11 1
7 10 27
12 5 4
4 22 34
3 17 35
10 19 10
8 7 40
4 3 31
6 16 33
8 25 38
2 25 18
5 7 33
7 3 35
10 16 6
10 23 18
3 2 19
12 2 17
2 19 6
8 18 6
7 9 3
10 2 10
10 8 25
10 9 39
1 15 14
1 7 22
5 22 6
5 17 9
4 2 15
12 16 36
6 11 15
5 10 35
1 16 23
12 5 7
2 20 32
1 22 26
6 10 39
9 4 38
4 11 11
2 3 25
7 17 3
6 24 25
1 12 2
6 11 1
11 12 1
10 5 10
10 5 9
11 6 36
2 20 16
3 24 20
1 13 7
6 2 35
6 19 11
8 24 17
2 4 13
12 23 40
11 11 33
6 8 16
1 17 6
1 15 24
11 10 37
4 15 28
7 21 2
6 22 12
10 4 22
7 4 9
2 14 9
10 2 2
9 13 30
6 19 36
10 15 36
5 19 24
8 20 19
5 21 28
4 18 37
2 17 6
11 12 38
5 18 16
5 3 32
2 23 21
3 3 8
4 13 33
9 2 26
11 1 10
2 5 36
11 12 24
5 10 18
12 11 27
5 2 40
11 15 19
3 16 12
6 6 15
3 18 2
8 25 9
6 10 10
2 11 37
5 24 35
12 14 3
8 25 8
11 12 34
6 12 33
4 4 7
5 6 14
6 10 2
3 9 9
6 19 4
11 12 2
3 10 20
9 1 29
3 11 28
9 19 12
3 6 29
7 6 17
2 22 4
1 21 7
1 20 30
11 13 18
11 2 33
10 2 6
7 22 19
9 25 20
6 2 13
8 14 6
7 21 5
11 17 35
3 14 13
8 4 34
12 23 2
7 12 30
11 8 39
12 7 6
12 21 5
10 7 14
6 10 8
8 6 20
1 5 24
7 10 34
9 25 2
1 3 38
9 25 11
2 16 18
11 12 35
2 18 30
7 3 11
4 14 35
2 8 32
1 23 40
5 22 1
11 4 24
11 1 12
12 17 17
5 5 12
11 15 9
10 18 34
5 4 21
1 14 35
8 6 18
8 10 38
1 9 5
1 25 26
4 22 24
5 5 5
8 19 35
6 15 15
10 25 16
4 1 6
4 25 12
1 13 32
9 4 5
5 21 1
11 14 24
3 6 25
9 12 35
4 5 14
3 9 7
12 11 14
8 11 24
9 13 38
2 9 25
10 19 36
11 24 30
11 17 10
3 7 20
5 15 5
5 4 15
9 8 26
7 19 36
12 11 20
2 10 5
7 3 35
10 5 3
12 8 22
5 22 8
2 19 12
7 6 8
2 17 19
2 24 27
9 8 3
9 24 11
12 1 6
1 5 12
12 15 4
12 5 39
6 4 10
9 9 2
4 19 36
7 16 12
2 11 4
10 24 12
8 17 38
7 24 17
6 5 17
9 7 35
3 18 3
3 18 26
1 25 4
4 12 35
3 3 18
9 16 11
3 9 28
11 14 26
7 6 13
11 18 12
6 10 4
6 15 9
4 1 1
9 19 31
8 19 3
8 25 20
7 17 3
6 24 17
3 16 37
3 1 23
5 7 20
1 5 40
4 5 7
7 3 16
6 12 17
8 6 16
11 10 8
1 22 30
2 7 30
11 20 22
1 25 15
12 10 25
6 1 33
1 13 5
8 23 25
9 4 38
2 12 28
2 6 2
3 7 27
6 15 8
3 21 38
5 25 3
9 3 30
12 19 32
12 6 33
4 16 3
5 9 39
11 19 36
9 13 2
9 25 10
9 6 28
4 20 37
4 13 19
6 24 26
5 21 39
5 24 40
10 19 7
11 17 21
4 18 26
6 24 26
3 24 10
3 15 6
5 25 36
11 1 25
11 9 33
5 10 13
2 10 31
2 21 40
2 15 28
9 22 12
12 25 25
9 1 34
3 17 8
2 11 23
4 24 6
2 4 20
6 15 26
2 12 30
9 21 3
1 11 9
10 4 12
4 5 9
10 19 34
11 4 38
12 7 17
1 24 12
2 25 1
4 14 40
6 4 4
1 25 35
12 23 4
7 17 29
5 10 38
7 21 33
1 9 16
1 6 3
11 11 29
10 17 15
6 7 5
7 25 26
1 22 30
9 16 17
6 16 2
11 9 5
5 5 26
12 16 17
7 12 17
1 8 20
9 18 31
10 18 11
2 22 15
5 23 30
10 5 31
1 25 10
9 23 14
12 21 8
11 9 5
2 17 17
10 5 5
10 14 23
1 16 18
11 13 16
1 6 1
4 20 38
1 24 36
10 8 12
4 21 29
6 11 23
8 13 21
6 8 30
7 21 24
2 12 10
3 6 22
2 14 27
5 25 23
1 16 39
9 1 35
9 2 18
2 15 28
3 10 38
12 24 29
12 10 25
3 20 9
10 19 26
5 24 10
4 17 26
5 10 34
11 20 27
4 25 16
11 24 17
7 12 18
11 12 30
2 5 22
10 20 35
10 8 23
5 18 6
3 1 29
10 4 14
9 25 25
10 18 8
4 23 6
3 22 11
9 9 29
10 2 15
10 20 1
12 20 14
6 16 35
9 12 36
8 17 15
9 14 31
10 15 30
4 9 31
2 7 27
8 23 19
2 24 35
4 21 9
11 3 37
3 4 5
8 2 4
1 3 20
2 11 40
12 9 29
7 3 21
4 16 33
2 16 7
4 1 34
3 5 11
9 11 30
4 1 8
8 19 2
1 14 14
12 15 32
3 21 2
8 2 18
10 6 40
10 12 29
3 18 8
3 16 36
12 16 36
10 8 13
12 14 36
11 9 3
11 6 7
1 14 19
10 2 34
6 11 14
10 5 13
1 23 14
1 25 9
5 21 7
10 2 13
6 1 39
3 3 22
5 3 11
6 3 25
8 12 30
8 16 25
1 15 9
5 9 9
3 10 37
9 9 29
12 3 6
7 6 24
10 18 28
3 14 7
3 1 27
11 11 28
5 7 10
10 13 19
8 24 24
11 4 18
12 12 9
8 24 32
3 25 4
8 1 20
3 5 16
6 10 15
1 6 15
10 20 12
1 19 7
11 13 34
6 22 28
10 4 10
8 3 31
11 20 2
5 1 40
6 3 18
11 2 1
4 2 21
9 18 32
1 11 23
9 3 29
11 23 14
5 10 32
9 17 30
3 22 16
8 22 3
7 16 11
11 15 28
1 10 17
5 6 1
12 18 4
4 15 32
8 5 3
9 18 38
4 7 20
7 19 32
7 11 2
3 14 9
9 9 40
1 16 24
8 3 3
8 21 7
10 18 33
12 6 3
1 20 16
3 10 14
12 17 34
2 16 33
2 23 25
11 17 28
7 17 12
7 16 40
4 11 34
6 16 36
11 21 19
6 21 4
5 14 27
6 14 19
11 1 9
9 5 34
7 17 1
8 10 24
4 2 23
6 1 27
4 7 39
3 21 24
8 7 32
10 10 16
6 12 35
10 20 26
1 16 40
9 13 22
7 14 35
8 4 26
8 20 40
3 12 32
2 2 40
4 11 1
7 1 31
5 15 40
7 25 14
2 16 7
9 25 17
4 25 30
11 14 9
12 5 14
4 17 6
11 5 31
4 9 39
1 11 33
6 17 20
4 11 9
11 20 33
10 16 16
1 7 38
9 13 23
10 9 39
7 8 26
10 19 28
4 4 36
2 1 6
4 3 21
3 24 38
4 18 37
11 20 10
3 16 28
3 12 13
2 9 33
4 14 14
3 7 19
4 6 11
6 18 33
7 22 9
7 21 26
10 24 11
12 7 24
8 20 9
2 8 19
6 17 33
8 20 16
9 24 39
1 7 12
9 5 22
6 9 38
9 9 32
3 2 14
7 9 14
11 1 8
11 5 34
12 12 11
11 1 26
8 22 19
12 24 6
9 19 10
8 12 25
12 22 35
7 21 22
9 16 33
7 9 9
3 1 28
1 18 39
8 7 11
11 13 33
9 18 20
5 13 17
10 5 4
12 12 2
7 17 19
7 11 35
4 1 31
2 12 3
4 1 18
12 2 15
4 10 40
5 24 36
6 16 5
10 7 21
8 14 21
9 6 37
8 14 4
8 13 35
7 10 18
12 17 25
5 14 14
3 8 21
9 10 29
6 15 39
6 6 10
2 5 26
9 7 31
1 16 8
2 25 14
6 8 32
4 13 27
6 11 37
2 9 10
6 20 6
1 1 23
4 4 39
11 10 33
12 13 17
6 5 25
5 15 4
4 24 25
4 22 40
3 6 12
11 13 13
2 2 39
10 9 26
5 12 36
1 8 30
5 6 34
1 18 1
2 13 5
8 21 4
9 2 21
11 11 3
4 2 26
12 16 40
5 20 8
7 10 6
4 5 10
8 1 39
7 24 9
6 4 30
11 10 25
2 15 7
12 22 27
3 18 39
8 3 18
6 12 17
1 17 28
10 11 8
9 13 27
5 9 38
7 18 17
