53 49 231 9071
1013 2045 10 1753 184 1496 4158 1982 1060 3822 752 223 2285 3962 3132 798 2834 207 3357 4120 3961 324 3655 2613 4434 4531 3222 2548 2102 3808 191 4020 3377 234 4515 654 234 4780 4579 1493 2837 198 4272 1356 294 1686 1084 2373 257 
3221 1430 803 1986 2512 4420 591 4141 2026 983 332 2218 4733 424 3819 3560 2384 4227 4637 3081 2169 1075 3945 2311 4374 1807 1554 3719 4662 882 4545 627 929 2208 3429 1697 3853 191 4565 4524 1029 2142 943 1261 819 2474 457 2021 2842 
2518 4887 2658 1891 1706 1528 3491 125 3412 4712 1760 2884 1657 684 4511 3539 853 2223 1095 2783 2327 705 325 939 4611 657 294 984 2713 1443 940 2434 4245 2189 3801 1984 1708 1574 2012 3642 3044 4350 1610 3656 4632 1109 207 676 578 
1837 2519 366 73 1966 827 534 1830 1376 4611 4012 279 151 1039 1194 4690 4645 4524 3999 4429 3597 1861 218 2113 3672 1242 3962 74 3074 377 3721 2200 75 437 4822 1725 1237 3090 3872 2024 1905 2044 933 4239 321 4541 2118 4225 2097 
4031 3435 4306 2057 3945 4655 4854 2558 2623 3252 4470 1188 1521 1181 4720 2136 4771 2973 3509 4117 733 2913 4586 253 1280 3122 2774 2593 4643 1449 4607 592 2144 1003 457 138 764 410 224 478 1650 2760 928 3960 3460 3486 2230 1784 1731 
1511 3789 4108 3720 572 2191 2059 2813 3033 2201 2061 719 4680 1594 4161 4858 405 1698 268 1728 2451 3825 630 3808 1147 3304 2564 652 803 1637 2944 4091 901 3797 3142 588 694 3733 847 519 4747 3502 1750 48 4589 3282 2730 1720 2445 
3392 746 889 3747 3053 606 1864 1161 3949 4530 4137 481 2420 3324 4677 4799 4693 3930 292 4152 4577 3599 4057 1853 4592 2825 1167 4591 676 448 3240 367 4718 3411 4696 1382 1469 3878 3773 2832 1090 62 994 2024 2108 3758 4586 1297 945 
3535 1773 1273 2153 3657 3688 653 3808 918 2949 4124 3182 1151 1116 909 2660 2925 2183 4290 698 3117 3017 2788 2927 3083 3237 2680 2986 4077 3432 4203 4339 2868 3958 4689 2963 3853 29 486 4622 3282 203 4853 1820 4840 3193 2493 1935 1781 
74 3019 3151 3927 4065 4594 3561 399 4829 4262 420 206 611 2427 605 2716 2280 112 1414 1656 726 4682 1975 3074 104 3398 2266 493 1040 4028 1631 2045 321 4420 1272 812 65 917 4243 93 3619 1591 1816 2081 2694 3714 384 986 1122 
1233 3981 52 3653 3344 4148 3857 642 4899 324 4193 2461 252 2682 3211 3359 3855 2314 3365 749 1019 1553 2741 11 1565 2693 3799 2647 1183 3199 984 2992 2948 693 46 936 1447 1944 1231 4605 3488 2708 492 1520 2784 1857 1292 2792 2740 
433 4882 2774 671 1296 3255 1749 4255 3195 3985 4374 4801 1871 1306 3817 4406 1540 4183 3804 4068 2804 4888 476 3200 68 2587 3700 3615 1684 3827 898 2804 3913 1202 482 2295 4234 3752 537 4820 1310 2889 4381 583 2846 1669 4163 3889 610 
1709 60 2840 2446 3090 3364 907 25 1034 3282 3513 1992 2021 869 1579 4812 966 2789 2028 2831 3142 3776 1553 2034 704 4076 4110 3655 155 2083 4706 251 3940 984 2828 1826 1878 4053 4766 2641 1879 1153 2459 2483 2903 264 3810 3738 2816 
2295 2515 3734 2650 3831 252 3242 2016 3680 2578 993 1486 1890 2723 2153 2466 1255 1635 829 1796 2583 11 1608 2311 4233 1107 1624 3913 394 4695 1541 3200 4422 2423 2468 2755 2417 208 2399 1870 2277 970 30 2023 4547 4510 4561 2078 3801 
4027 2981 349 3851 4149 1366 1856 1631 3468 1670 3012 2235 3745 2043 514 3872 1882 3469 1360 1918 1030 4481 2466 3974 852 440 489 4196 2618 707 1022 1775 3489 1787 584 4639 899 1146 71 830 1219 204 221 3554 276 1280 469 1520 4251 
2129 2980 2826 886 1737 1683 803 4895 3260 116 599 1078 2975 1870 950 4203 2596 1292 1463 2745 4732 390 1387 3338 2511 380 2175 4817 2477 3077 2921 4409 2374 4665 2405 871 3664 2420 930 3025 4271 2221 3010 2928 4582 4026 4147 149 1588 
3139 4557 2018 2059 472 4168 3264 871 2432 457 2748 2846 667 3351 2771 1167 2738 4381 802 4509 3570 4207 3889 3305 1004 972 3858 1290 2353 1785 4435 287 1323 4070 1602 1021 3390 2198 1180 4077 4638 1207 2467 1208 1621 3463 926 3628 762 
457 1138 1003 2012 3434 3859 80 4071 38 1791 4541 1721 2851 1450 1701 3949 1194 2764 1722 637 2149 3023 4482 1211 4811 1472 1942 1442 1679 3406 193 4038 2055 1222 1510 734 1551 1347 1051 282 4818 2782 1917 3387 3404 3143 2784 2637 1319 
4015 1335 456 2940 1120 169 4677 2694 2678 556 4042 2499 1078 3782 613 4677 3650 2112 3477 664 2558 3000 2325 3249 3640 2128 2396 396 3622 2825 3152 3509 1187 196 3503 68 146 3642 861 1405 2552 4785 155 1541 4753 4906 2332 2498 265 
3106 806 2078 3958 2335 2316 1089 279 2816 906 1822 3590 3262 3358 1005 3439 4224 4228 968 208 2750 3100 3820 76 3015 877 1198 1633 1489 3799 4181 3478 2237 1507 2674 473 730 2119 3745 2196 3697 3142 3797 1691 3818 1796 2550 1492 4055 
3280 2387 755 1227 4775 1383 2036 2530 3830 3028 1176 520 1370 915 409 3854 1504 2294 4710 2176 799 4212 4069 1317 1771 3152 1792 4768 2593 1045 782 4416 1545 3295 815 1668 1675 1861 131 387 4651 1367 3784 1330 3572 4281 1356 4783 3005 
2567 3705 1467 2893 1648 2682 4640 4704 1459 1884 623 1988 2225 1945 811 300 4313 449 4417 885 4426 3218 4507 4807 2661 119 4591 3546 2043 1290 1038 577 2046 193 3303 3406 1569 374 2854 4323 481 3813 4448 587 659 2118 1543 2596 3468 
3440 2791 1490 468 2164 2106 1034 1934 1048 2944 1710 3359 1376 642 2735 2378 1207 3428 3442 2571 4817 3013 1832 3747 4630 4797 2148 1082 2375 1950 1169 2976 1603 4022 1019 126 4544 2838 499 4569 204 2248 258 1928 2310 3390 867 999 2999 
381 2544 3875 613 289 3436 4650 3873 2278 3776 1746 1682 3973 1870 2546 4414 2429 3102 1247 1947 4768 2893 325 1477 4856 3770 4047 3796 1420 3078 4647 1687 3583 2073 4300 524 3366 3039 271 2266 3241 2063 3493 1876 2651 4224 3711 1275 2810 
1854 3669 2215 774 3340 2269 3633 3917 1459 4007 335 623 659 14 229 3441 4906 2456 4814 2243 473 1530 1649 4890 436 463 4076 3233 2813 681 3398 965 1793 231 4106 861 1443 3641 852 3403 4538 4803 2745 4067 4384 4002 1915 1481 1656 
3070 1032 974 1349 461 1235 1225 3040 1421 1410 321 4585 1830 3609 4636 4668 3307 2585 1819 1741 4541 4095 155 1510 881 2103 1556 3630 2527 194 2507 2226 27 4208 2623 3434 2405 4880 4900 41 3306 2374 2339 3282 3393 1090 1782 2425 3963 
229 2189 704 638 4893 1465 2887 1294 3518 4506 223 3232 4019 3079 4876 4745 280 357 3852 644 195 1717 3158 309 1513 3319 4105 3605 2833 3569 792 943 271 3761 4343 2511 4067 4672 3832 198 2323 3647 4309 1229 719 826 828 2269 3441 
4048 2612 1243 2569 4337 4015 3980 324 25 591 3350 1829 392 4890 1474 861 4501 2952 2304 2461 2490 1925 2467 690 1457 2044 4870 3395 71 4586 1694 2018 4416 2459 126 2421 4315 2323 851 4894 488 1727 3146 570 2421 1166 3703 352 2495 
969 423 2716 4261 1459 1529 980 1713 2924 3939 1545 3994 2185 4509 3570 2082 148 578 1884 3770 983 4389 249 4373 1475 1346 1494 2965 4262 4856 3815 1122 3970 4037 2457 4526 4253 2534 309 270 122 2768 1107 3111 3565 3571 2813 3559 3451 
2566 3703 4169 2418 373 4342 4176 3436 3373 3536 1875 2190 819 1373 755 1978 2323 3407 1831 1696 2644 1040 1566 662 686 2034 4184 3068 2898 4670 3758 380 3090 1365 1240 1225 1301 754 2336 2632 2775 4814 755 754 1647 1670 1480 3006 1723 
2130 4046 2315 1946 2906 2050 2913 3078 1589 1549 4863 4393 4448 4027 3139 2657 4755 712 2559 4012 27 175 2812 2704 1642 4314 578 4203 2850 2144 4118 3633 1598 626 1765 893 1250 4237 4713 4286 3769 3577 597 688 3536 2008 200 3180 3327 
981 2532 2439 4224 2769 685 4319 3461 3329 4770 306 3976 631 2922 2915 4378 4677 3050 3872 1195 2586 2909 1125 551 1554 2163 3516 1830 2323 2708 2203 4015 1491 4148 1590 2103 538 781 1323 4901 2947 3309 828 2968 256 479 2332 2151 3162 
3662 4386 3641 4905 3932 2723 3363 3487 2201 4709 1186 3988 3904 3049 1758 2554 155 3348 4732 1060 2130 214 3164 3196 2756 2190 659 2692 549 3711 750 1427 3550 878 2278 1078 1290 2391 2281 541 4425 2116 290 3743 3478 1696 252 1488 1225 
3298 3913 3315 871 2567 1932 338 3286 3105 1190 2111 247 330 2330 350 4512 3965 1434 1624 3287 4620 4853 3291 1266 2252 563 613 3746 4275 4528 4675 1660 3480 441 2552 3889 3238 1804 4133 1455 2933 3819 165 1540 4830 3453 4117 1010 805 
844 3969 3175 4290 2645 805 1748 4566 3486 1698 2152 1695 61 1655 221 1868 4188 1278 4466 4497 1755 2435 3981 1263 859 2577 4355 4851 4208 4725 1616 3987 1242 4055 4414 1424 2713 4255 1788 1640 4244 4678 4594 4294 1690 4138 2581 2670 1105 
1876 3269 1982 1821 514 3559 3625 1339 2268 922 3194 3849 2005 2678 3645 1379 4268 3078 2447 1497 3543 4717 211 1308 1150 773 4208 876 2940 511 3358 4756 447 1155 1281 2105 2798 4894 3922 1995 2902 737 408 2565 375 2411 4100 1171 2990 
868 3083 4050 3564 3830 4214 2332 789 4477 2676 2380 4550 1275 2516 1273 1477 3006 1434 3016 742 2964 2389 3582 4462 2851 3103 4466 1916 1515 2923 1162 80 4661 1874 376 2885 458 3954 1880 2832 1974 4262 3366 314 4368 4022 3340 4324 3187 
4169 1826 1126 1705 277 3909 4742 3684 4084 2199 669 118 624 3225 3580 2779 220 1809 3052 3670 804 4472 3092 4546 2504 3127 553 3970 2851 2494 742 1626 4753 256 1671 4522 661 1902 2077 1164 2915 1992 2668 843 1770 2674 3338 1285 3651 
209 4423 1792 3724 4763 2185 4233 1088 4242 1298 2419 1496 1064 3016 1527 3674 3481 2186 1125 674 2894 4187 92 3205 919 3083 3299 2623 1212 4667 2704 4716 1881 3225 3759 2511 3243 299 4319 1950 250 1256 423 3129 1218 4731 3395 4848 773 
2237 4592 4566 638 3946 4031 1321 4587 3804 4700 4506 1497 4424 666 1404 3921 4536 3287 1064 3559 2976 2025 4397 3757 396 3189 1071 155 1563 304 348 1251 41 1452 3686 4639 489 3520 824 1957 2833 1706 3892 2939 2610 279 2085 1196 2193 
3070 2885 1268 3620 1841 558 2262 4663 3274 3799 1200 3499 3771 459 2272 2386 998 1795 125 1926 4711 3629 180 4518 3292 3317 3618 503 524 2281 4330 4022 1010 2700 3212 1535 676 1458 3412 2518 3866 2372 1647 4172 2269 1259 3138 1477 2522 
2394 2326 4795 439 2395 1867 1597 739 3925 3425 10 2374 1855 136 4397 2155 3802 4016 1585 3634 616 3078 1498 4092 2783 1403 432 4259 2429 430 2003 2977 2188 4192 4131 1303 3535 3175 2581 2549 4130 3534 4248 3441 3831 1455 2122 2483 2326 
3015 378 1816 2574 3658 2310 244 738 3082 3336 4045 1774 4170 433 962 465 3732 4769 4288 2453 2927 1549 1993 4403 2196 4644 3644 4641 233 4838 3294 2143 2803 3078 348 3639 4210 3537 2935 1756 3501 1368 2763 788 1302 4738 1935 4808 3169 
4459 1799 4106 3152 3075 4674 3494 1555 3569 2309 284 216 352 2336 1581 4109 2238 3531 3264 1599 2683 1582 3298 1117 3273 1181 1631 3705 1430 146 3727 4437 2722 1727 692 1047 4281 3419 765 993 3889 1385 3529 1873 2702 852 971 1896 1961 
1219 1943 2679 3333 3603 2621 4682 3730 3540 431 4323 2236 1001 4219 986 1117 4638 4458 1773 2612 3398 4659 1502 4644 90 3526 3242 1429 2057 1622 2288 4089 518 339 3395 3941 1356 951 3923 4142 3005 1421 3130 3793 545 1950 225 4743 1788 
3342 3066 4837 4368 3188 1473 2852 584 152 2001 292 1030 1111 1517 506 4817 4528 3412 2545 3986 3991 251 351 2652 2890 10 2465 476 1667 3079 456 3759 1131 682 2973 3736 4251 3518 1439 162 379 3667 3298 346 4509 402 979 3837 3080 
2366 2706 1910 4043 4390 982 3376 3965 3569 589 4780 4526 4384 24 1729 49 4860 438 854 3668 2913 3695 4274 1166 1619 1956 2417 2525 446 3418 4105 4153 2245 1069 1120 2565 935 2906 2822 2819 1968 4143 2891 1556 4293 1192 3455 4169 4112 
227 2534 3452 1765 4047 1574 2978 2441 2964 3071 4779 1162 4557 1863 318 1192 653 4813 4545 2331 2234 442 995 3584 2045 3079 2640 1316 3888 1889 4451 3742 4111 397 1894 4812 4569 3887 30 3496 3212 1047 795 3523 2068 1287 3212 3231 862 
1143 4305 1183 1634 3783 4068 491 567 3358 3026 1283 3138 3822 4201 1883 3264 3329 4479 1732 3308 4104 1153 1126 316 3819 625 4838 2797 4542 1008 4722 3429 1207 1931 2184 4171 1687 3924 1774 183 2825 57 3032 2819 940 1659 1067 4414 2584 
1729 4596 3437 3906 2886 67 4376 348 3194 4652 2820 3061 418 1638 4872 4744 1318 1372 3473 2432 1464 4363 3040 4420 1333 19 1231 919 3212 1410 3321 1795 2161 3232 4039 3506 3000 4503 1957 3649 174 2068 3032 4343 1312 2971 4889 1366 4556 
913 4524 4486 1135 4288 2047 4213 4694 2761 2391 937 3530 4835 3572 4118 2785 220 1904 2420 533 535 4596 1497 674 4103 1456 1179 1975 1256 1266 2416 2628 607 1582 2788 1786 4268 600 1512 3926 3691 4061 1615 1228 904 2312 602 14 3011 
4364 1465 1965 3577 534 1445 3267 958 1479 907 675 3128 719 543 1638 417 1415 1160 3450 2918 4126 401 598 2053 1691 2577 1053 2892 1695 3875 1806 2571 4144 1076 4107 4079 773 3575 3533 1319 1709 1990 3363 2298 1557 4012 1262 4227 3673 
1438 647 4785 3050 2704 2422 608 3397 4145 2592 1773 1956 4667 1827 2248 4441 852 2721 2674 3061 3870 2833 284 1765 1209 3201 2756 2069 3629 3829 326 2079 3629 1414 2207 1091 2166 3230 3577 2054 447 18 4737 615 3051 3843 3770 1130 330 
2362 2451 1194 3715 3602 2413 4385 2101 507 4001 336 4598 120 1909 1541 2395 3466 2497 682 4364 3390 1101 2519 3163 2640 1430 2701 1707 3232 4260 490 976 2945 2450 452 1018 972 1900 4061 102 4334 2195 175 801 498 612 2197 4361 970 
26 42 31
22 38 9
29 27 1
30 4 33
45 37 37
24 21 40
23 2 26
15 31 8
25 35 35
37 44 35
27 23 27
25 11 3
10 5 38
40 8 22
17 28 20
35 26 37
26 8 8
6 34 33
1 20 19
47 19 3
44 43 9
4 23 14
28 10 10
15 22 40
4 5 19
39 8 26
25 9 22
5 24 9
16 40 21
9 23 26
32 39 24
31 16 17
5 4 6
47 34 6
14 21 17
15 21 32
24 29 28
1 38 29
1 16 12
15 16 25
21 24 22
34 46 22
17 12 12
3 44 5
23 45 4
10 26 34
32 18 30
27 14 13
40 41 13
3 46 25
28 7 12
2 18 27
43 36 19
15 18 27
45 19 23
3 25 32
12 38 35
3 46 16
27 40 18
40 34 23
27 41 27
50 11 19
40 17 36
4 46 2
30 13 33
38 10 5
36 12 15
19 47 12
49 31 33
8 32 6
5 27 27
10 19 19
13 36 14
36 5 20
7 2 24
8 24 35
9 33 1
15 8 38
18 31 29
44 14 40
46 7 4
30 31 22
22 13 24
33 18 18
9 1 2
5 14 32
45 24 7
4 19 28
27 25 28
15 4 18
19 35 40
47 31 20
22 24 36
50 9 8
45 38 11
30 9 1
44 18 31
9 3 9
25 2 23
12 15 25
29 44 28
6 24 9
33 16 6
29 31 38
19 28 32
13 5 16
33 23 3
34 25 38
22 12 12
36 29 8
22 20 25
13 13 11
4 12 30
21 38 20
5 16 36
47 25 24
10 15 8
11 40 35
13 39 19
41 4 39
9 29 33
48 45 17
45 2 3
45 35 18
15 6 4
21 8 23
35 21 12
32 2 10
50 4 40
49 47 40
21 25 16
5 32 19
5 14 31
19 25 39
44 9 19
4 11 8
36 25 3
34 13 4
23 31 12
34 18 17
43 19 19
7 29 10
36 46 19
42 24 7
18 6 22
13 35 8
14 10 37
11 42 13
4 7 34
22 41 5
19 5 15
20 37 25
14 24 23
9 17 12
8 15 27
25 17 4
35 35 34
31 1 15
22 38 39
20 2 24
30 3 16
42 18 25
45 1 39
13 22 26
21 2 29
40 29 38
7 15 1
14 23 17
18 17 22
5 5 14
43 25 39
25 29 35
4 45 21
2 40 5
2 21 9
14 35 13
5 25 20
11 41 18
39 10 32
24 41 18
14 22 32
40 11 15
25 23 21
21 47 31
13 28 18
38 14 9
13 8 6
2 21 22
4 10 33
43 25 32
50 7 36
15 10 28
25 16 24
51 8 21
38 29 19
42 37 31
3 22 37
48 8 40
22 30 4
17 4 22
4 5 36
40 17 4
22 39 17
40 35 30
30 42 7
26 1 29
38 9 15
29 20 2
41 33 15
29 36 39
12 16 18
4 42 15
20 23 17
2 47 3
7 33 30
50 34 14
39 17 14
20 7 38
9 6 25
36 13 32
33 29 14
20 30 30
21 7 40
23 22 17
29 4 7
2 8 6
16 32 32
23 13 15
9 47 6
42 25 19
39 44 17
18 24 4
22 13 14
17 17 26
17 43 5
2 1 1
29 1 33
32 5 11
4 29 15
23 6 30
2 9 5
38 27 8
21 44 13
41 28 11
9 38 15
32 40 19
43 12 30
50 1 7
38 33 35
18 3 1
51 38 38
51 21 20
21 41 15
48 38 31
38 34 4
28 11 6
48 22 1
2 24 39
30 23 9
29 11 3
35 11 22
35 16 16
4 19 7
31 27 6
40 16 3
27 27 13
26 8 27
14 36 40
9 30 21
38 3 11
13 10 29
28 11 23
38 38 12
28 28 18
24 25 15
4 40 19
41 35 33
22 29 2
47 7 3
28 35 38
35 27 40
6 32 30
22 11 19
30 13 34
27 31 23
50 39 38
43 13 4
46 8 30
13 38 2
44 16 30
41 12 22
36 2 12
35 26 32
10 17 3
12 14 37
16 19 29
45 24 38
6 12 14
15 23 33
44 31 18
1 30 8
14 22 28
22 43 1
25 45 13
37 3 37
31 3 14
33 36 4
22 18 4
23 41 26
10 9 6
44 32 18
48 26 37
12 44 32
25 46 40
21 25 18
20 13 39
48 30 31
43 33 4
38 5 8
44 14 17
19 6 6
45 37 4
11 12 19
6 31 36
4 36 25
41 21 37
18 47 3
27 26 15
26 33 26
2 29 32
14 44 37
42 23 35
42 34 8
34 35 8
7 25 18
24 25 20
19 28 22
9 15 17
10 43 8
15 20 1
50 44 2
51 35 39
28 28 4
26 11 17
51 35 31
47 21 19
8 36 19
46 46 11
11 35 21
30 37 18
7 2 18
18 18 6
13 34 14
34 11 9
3 14 40
34 30 12
26 4 19
19 39 20
15 9 15
10 19 40
19 36 30
45 3 5
16 42 21
11 3 11
24 47 3
25 18 34
43 31 16
43 30 30
36 5 18
51 7 2
24 14 3
50 38 3
6 44 18
1 45 31
2 19 22
48 9 36
31 19 39
51 24 7
17 6 12
34 1 9
32 43 6
23 15 6
51 19 21
35 22 37
1 5 7
13 36 38
45 22 18
46 6 31
27 13 19
7 29 31
29 16 35
34 38 35
17 2 12
22 34 23
50 9 12
42 18 34
12 32 23
51 23 40
45 28 15
8 4 22
32 13 15
34 15 25
16 9 34
47 4 14
31 16 20
26 36 8
27 46 25
46 9 1
3 16 34
14 10 5
24 14 30
8 17 12
25 43 26
18 2 19
39 4 32
36 32 34
22 13 16
20 39 4
3 47 14
24 9 39
1 12 25
36 23 31
14 22 38
15 46 40
46 3 19
36 10 6
1 36 2
3 2 8
7 9 37
40 32 15
25 36 4
22 40 40
18 9 5
2 24 36
39 40 23
6 3 38
41 42 17
5 8 3
20 21 22
33 19 12
12 43 37
13 1 12
38 4 2
42 43 12
39 29 14
40 9 38
19 5 22
8 18 34
23 4 38
11 14 32
24 25 34
38 28 29
39 34 12
30 39 14
25 4 24
16 28 27
42 26 28
6 34 25
11 12 10
12 46 24
40 17 15
34 5 16
12 6 3
23 12 40
15 42 32
47 17 30
46 42 27
1 29 37
25 11 25
14 18 9
37 12 22
11 32 23
39 26 39
40 7 34
46 14 10
19 15 29
47 11 15
39 31 33
44 6 22
6 19 4
5 41 3
51 32 21
35 24 11
35 24 40
25 5 35
36 38 7
37 20 8
4 15 16
3 32 30
38 13 36
28 7 23
44 13 29
16 2 37
51 36 36
29 3 4
32 17 24
48 4 36
9 38 35
51 39 23
17 24 15
43 6 20
8 10 33
51 27 23
29 3 6
1 1 16
23 37 24
22 42 3
18 44 20
4 6 22
15 20 39
6 24 36
3 34 21
34 24 31
20 24 36
2 44 37
45 33 15
47 38 33
20 47 7
44 45 8
19 12 31
3 25 13
11 10 25
21 47 30
23 20 14
30 37 13
4 3 39
39 19 9
48 34 31
7 14 1
40 33 6
47 41 26
23 38 35
38 35 23
28 34 25
47 40 5
11 25 34
27 9 35
28 44 29
2 15 34
48 13 4
11 29 28
43 13 28
40 18 36
36 13 20
51 24 19
36 9 4
17 14 5
4 39 17
13 32 28
24 8 38
1 3 11
3 47 39
2 42 28
23 3 1
14 41 30
20 37 24
34 44 18
40 30 39
48 34 37
2 19 3
35 6 28
25 32 39
38 1 22
41 11 8
17 14 27
6 3 33
35 31 25
48 3 22
25 36 4
50 7 28
21 13 33
1 20 25
45 7 33
12 35 4
28 4 21
31 47 36
10 23 37
24 38 14
22 34 23
32 6 22
38 34 34
30 5 27
2 5 27
5 35 10
42 11 33
46 26 36
26 11 8
6 7 7
28 43 27
30 21 4
25 37 20
45 2 38
49 41 9
21 9 34
37 22 17
36 46 8
38 37 28
49 26 35
19 41 33
43 40 34
27 24 1
30 39 24
4 22 23
25 41 11
2 33 35
34 12 21
34 40 34
25 6 13
23 37 16
20 25 27
22 25 36
25 13 2
36 47 38
49 4 7
47 25 34
28 28 32
35 43 21
49 38 5
19 38 34
31 34 2
8 33 30
38 1 33
33 24 29
16 20 5
50 11 7
4 43 12
18 1 32
13 33 36
12 9 15
18 10 29
29 46 21
29 42 2
45 26 7
37 26 19
36 35 34
39 28 11
6 21 27
3 30 13
30 33 32
15 43 28
9 25 6
19 45 38
43 36 18
15 19 16
30 46 38
9 9 5
31 21 9
5 14 31
32 35 35
33 2 6
26 47 27
49 16 13
25 30 31
38 4 35
20 40 31
4 8 5
34 21 37
31 14 5
38 1 16
35 31 4
18 37 11
38 11 8
20 29 24
48 32 11
33 2 9
2 37 2
24 29 21
35 17 25
18 30 37
30 34 34
5 31 13
8 16 36
22 32 2
48 41 7
7 16 15
37 27 31
23 40 16
19 10 28
7 16 15
29 8 28
36 32 4
24 8 30
17 12 33
24 39 11
11 20 21
49 19 10
28 10 14
2 29 8
17 28 11
15 23 28
21 20 16
40 15 34
28 31 9
2 43 30
31 27 5
33 12 1
16 46 36
25 34 31
42 35 35
25 11 16
22 37 30
31 18 28
20 4 22
40 8 36
24 24 19
38 12 1
24 4 40
4 15 36
30 16 34
32 25 14
45 1 11
51 3 37
43 39 20
34 47 14
4 44 2
35 31 28
14 20 32
35 35 30
7 41 7
31 7 22
23 5 30
11 15 26
51 4 33
34 2 18
47 29 35
6 39 15
2 37 37
14 24 30
34 18 4
34 25 1
22 43 4
7 18 14
17 1 10
32 31 8
35 21 14
51 21 38
34 16 22
28 20 23
41 12 10
14 27 39
21 30 21
26 23 34
3 40 1
34 45 21
34 34 25
28 17 3
33 14 14
45 1 24
45 11 18
12 12 18
49 42 20
28 25 25
30 29 29
13 34 30
26 17 12
37 2 27
14 14 21
28 8 29
16 32 12
31 31 38
39 31 7
14 31 19
20 5 39
46 9 18
18 36 16
33 10 5
45 7 7
33 43 3
35 19 22
12 27 13
3 12 26
43 32 3
35 28 11
6 36 27
30 14 23
25 25 16
40 35 35
12 38 24
8 32 36
38 37 39
41 16 8
24 2 25
27 5 7
41 33 29
39 1 40
18 17 4
35 42 37
50 33 3
20 20 9
34 15 26
33 40 37
9 47 8
17 8 29
2 30 35
32 45 40
8 22 39
28 31 9
41 1 32
31 33 2
33 42 35
40 3 24
7 22 23
36 24 8
16 41 28
45 12 34
4 10 17
7 25 37
39 47 21
7 45 5
25 11 32
18 5 1
18 4 39
39 13 37
24 45 34
7 16 29
41 31 2
46 36 28
51 17 20
35 33 21
23 45 27
29 21 40
38 40 31
10 41 5
50 46 31
13 7 8
33 38 2
37 17 22
21 4 30
14 29 7
4 17 9
21 11 32
17 18 23
21 10 20
41 22 33
26 34 33
47 37 18
41 20 14
50 39 30
21 26 15
49 14 23
39 4 32
51 3 39
28 3 30
14 44 7
11 37 12
21 32 19
11 6 29
48 34 25
29 18 7
47 24 5
44 26 39
1 6 40
22 18 24
31 26 21
19 21 14
28 21 8
22 37 11
2 31 3
38 14 16
35 32 23
2 19 31
25 42 23
14 3 29
1 19 8
13 47 40
32 29 24
28 15 37
21 19 8
30 40 32
1 4 15
35 15 6
51 26 28
37 30 3
34 18 3
33 19 14
2 8 11
14 21 19
48 1 1
49 16 23
12 46 33
49 16 18
1 28 16
5 21 4
15 41 3
46 43 8
16 40 9
27 31 35
12 5 12
44 32 1
2 6 29
26 4 20
49 37 38
33 4 22
16 9 4
17 29 10
46 24 5
9 35 10
7 12 21
24 6 4
6 3 13
42 11 12
46 13 14
32 11 14
26 28 26
14 29 15
19 29 14
25 31 7
42 29 35
49 18 2
22 24 13
11 13 12
14 46 40
12 5 25
38 43 6
50 25 16
49 18 38
28 32 21
11 19 25
46 33 32
33 20 13
47 16 25
3 11 7
1 30 38
5 6 5
22 4 2
37 20 37
45 32 2
5 34 34
35 4 13
15 32 21
3 16 13
23 46 8
47 38 3
47 20 30
18 44 35
30 44 4
14 3 2
43 11 7
24 28 37
21 23 25
33 15 19
40 7 17
27 46 29
26 32 11
49 18 33
23 10 3
31 4 13
13 44 15
2 43 9
9 3 18
40 29 10
30 23 19
47 6 6
10 7 1
11 11 13
41 5 9
51 12 17
32 12 15
29 33 10
50 24 38
30 23 14
51 6 15
49 33 8
20 32 5
41 1 40
21 9 13
34 11 36
35 41 6
49 9 20
42 36 8
14 43 33
17 4 23
42 39 17
19 26 2
29 38 39
34 31 33
42 36 5
7 38 10
22 43 32
35 28 25
3 13 13
7 43 21
47 24 33
46 20 21
50 17 32
23 6 19
46 13 40
1 32 34
49 14 37
32 4 20
49 28 3
41 9 19
39 41 19
6 46 22
34 44 23
22 46 8
44 22 13
17 7 24
37 15 17
34 42 9
43 25 11
27 6 22
4 14 18
14 35 29
1 42 28
10 12 11
35 6 1
24 29 3
39 23 38
25 36 8
18 42 30
2 10 31
11 41 10
41 30 29
14 39 15
46 36 31
2 33 6
20 6 33
47 25 6
22 15 29
4 19 32
26 20 32
12 23 21
26 22 10
22 24 18
24 12 4
45 25 10
38 4 31
51 8 24
8 14 10
37 13 4
19 16 5
43 24 24
14 9 22
41 31 20
44 46 1
4 32 6
21 11 10
43 20 26
32 46 21
3 21 20
2 33 38
12 37 7
31 29 1
19 34 29
36 11 25
43 46 36
40 18 14
8 35 31
41 16 4
33 20 22
13 20 27
32 10 23
34 30 7
6 2 17
42 14 33
21 15 9
10 15 3
49 27 7
20 42 35
10 47 33
2 41 24
50 39 15
5 15 14
44 6 7
19 22 20
37 30 37
23 43 11
29 25 38
45 34 19
33 30 23
49 45 21
50 30 27
37 23 16
20 16 11
36 11 17
9 11 9
24 41 40
43 10 34
25 16 21
9 43 8
44 7 5
36 34 37
18 37 36
48 40 12
1 43 10
10 37 30
31 43 18
41 8 36
20 39 40
37 47 27
6 31 1
50 17 2
10 10 19
16 14 33
33 35 25
17 46 3
19 10 30
13 17 14
24 45 25
30 13 8
17 15 2
41 26 37
51 34 18
24 27 4
27 20 3
31 26 37
23 30 31
45 5 18
16 44 38
12 33 23
34 13 19
20 27 36
17 11 26
44 23 18
27 19 16
15 22 9
2 16 32
22 38 8
23 13 7
44 33 36
48 2 23
22 3 4
6 41 14
27 12 37
27 5 7
22 36 29
18 39 33
13 26 2
22 33 3
6 24 26
37 33 8
31 35 23
17 14 14
32 37 34
31 39 2
5 6 15
25 26 38
11 17 13
33 32 32
16 17 12
40 23 34
16 43 40
50 43 9
40 19 30
7 5 34
17 2 17
1 26 31
51 36 31
4 22 21
38 32 34
23 23 24
6 5 15
34 10 32
5 2 19
10 14 31
35 18 31
25 15 34
46 33 37
30 34 38
17 30 40
49 36 11
31 25 35
6 10 31
43 25 19
46 6 37
51 30 17
49 44 6
23 31 25
51 12 25
25 15 39
9 33 23
11 37 32
39 41 1
31 7 25
33 37 35
9 47 23
9 28 4
7 25 16
20 4 6
38 47 23
50 44 3
10 28 11
22 35 20
39 19 36
30 14 11
48 4 32
5 20 26
24 31 30
13 11 4
6 26 35
17 16 20
23 4 26
29 25 39
8 4 13
31 11 3
32 3 6
8 17 21
21 26 33
38 38 16
26 13 14
10 4 30
19 36 34
19 44 5
37 17 23
42 29 10
8 25 32
8 12 39
47 35 3
18 43 32
44 20 14
29 44 16
9 3 37
43 20 8
5 38 36
6 19 32
14 44 18
32 46 24
14 25 7
11 46 19
31 45 11
4 1 26
28 37 5
7 27 1
17 40 25
12 26 28
12 45 1
21 6 3
7 38 15
12 27 24
17 25 29
36 21 26
22 16 18
36 43 25
13 7 34
42 18 17
12 14 11
31 23 29
43 45 4
19 38 10
31 45 34
41 34 29
32 25 7
4 1 26
41 43 18
9 39 16
25 14 13
43 13 37
14 40 16
21 43 10
20 14 19
19 43 39
31 46 30
49 32 20
21 6 31
11 31 40
26 10 27
38 45 11
19 45 9
16 27 21
22 40 1
26 41 33
45 1 40
11 29 2
30 17 21
34 11 5
7 26 18
18 31 21
18 43 24
33 45 15
6 27 4
40 27 26
13 12 34
30 27 15
12 45 20
37 6 3
50 10 36
5 35 19
51 34 14
18 9 12
36 11 8
18 5 22
47 29 1
47 17 15
39 28 24
27 36 11
19 2 15
48 37 32
27 14 3
15 5 15
29 9 15
26 40 35
30 32 13
4 13 38
33 40 21
19 23 37
43 1 17
46 37 36
8 25 30
15 15 1
11 8 7
21 35 4
45 15 15
49 4 16
26 8 38
16 27 31
34 34 24
14 19 28
20 12 16
2 5 28
36 22 34
46 44 3
8 9 32
5 32 1
14 44 37
13 9 40
36 10 13
6 45 25
32 18 1
18 4 4
15 34 21
23 16 15
36 30 8
22 15 16
12 9 37
19 28 40
39 31 21
9 30 21
48 22 1
25 18 27
1 11 21
46 17 24
1 6 1
27 37 24
36 36 26
22 14 20
14 46 32
14 11 18
40 8 29
32 35 32
29 5 33
25 8 39
21 10 3
27 10 6
26 14 32
2 42 33
27 5 2
13 19 39
46 23 2
13 8 10
12 24 29
10 30 18
46 33 36
16 45 18
31 38 4
49 43 20
13 43 20
11 28 26
18 15 30
47 11 7
18 42 13
18 46 40
3 31 30
11 41 5
42 39 5
15 14 9
13 14 13
36 39 19
25 41 39
38 36 22
16 47 26
3 34 14
36 45 15
4 33 12
9 23 13
40 47 16
43 14 17
9 15 23
16 43 34
16 9 14
38 18 12
10 36 29
31 17 38
51 1 2
22 14 30
48 27 34
47 39 33
46 12 11
38 32 21
46 6 29
3 35 12
1 25 30
14 14 30
19 4 4
17 11 10
49 4 25
29 18 6
20 8 7
46 18 7
23 25 10
13 17 10
24 15 14
49 16 9
38 24 24
44 40 21
49 16 25
51 32 19
21 10 11
26 1 4
15 13 16
9 34 3
17 44 12
28 12 32
44 3 40
18 5 21
25 37 36
14 38 25
51 29 23
30 34 8
29 35 21
13 11 10
39 39 8
51 2 22
46 25 8
44 29 25
29 15 40
50 33 29
42 30 34
17 15 29
1 27 40
38 10 13
4 11 15
4 35 14
26 36 40
50 9 25
33 13 13
10 27 6
15 21 29
42 5 13
28 20 18
29 26 2
12 30 5
1 18 34
8 26 32
2 21 30
51 6 34
16 33 29
14 25 39
25 29 32
34 5 6
16 39 19
41 44 28
12 16 3
39 44 11
38 30 5
11 43 18
35 46 40
26 14 1
46 7 33
50 44 35
47 9 22
2 44 7
35 27 21
30 35 22
25 9 28
13 27 19
41 46 18
28 35 32
33 33 37
5 39 21
40 23 22
51 1 39
19 33 9
28 34 37
49 23 40
10 11 11
2 42 14
24 32 28
42 1 21
34 41 40
26 4 14
43 35 32
25 30 19
7 16 13
41 5 35
28 12 28
44 44 20
17 14 26
31 13 33
8 29 13
34 15 25
40 4 1
32 14 7
28 42 4
47 43 20
25 8 6
41 33 24
35 45 30
2 23 9
17 40 17
38 9 1
19 7 23
34 30 22
45 24 15
24 31 22
18 28 39
13 41 22
14 8 29
16 6 15
2 21 29
19 44 16
48 45 5
4 44 16
28 4 25
13 37 16
10 11 24
34 19 39
28 27 20
16 5 24
3 35 16
33 47 2
41 17 37
29 10 16
40 32 3
11 46 26
32 40 10
32 35 30
4 16 13
13 23 20
51 12 12
33 47 10
29 1 17
35 39 35
20 11 31
35 13 40
21 4 11
35 45 8
19 22 22
35 7 27
38 33 40
39 24 10
4 29 5
13 46 38
32 4 1
24 29 19
29 9 16
38 14 26
22 41 10
20 34 2
24 8 29
28 3 28
29 15 20
17 10 13
14 28 27
8 40 17
51 8 24
17 36 31
15 23 28
41 10 23
4 32 7
13 33 31
16 31 33
20 32 21
14 12 31
38 13 17
12 36 14
23 15 40
1 22 4
31 27 18
20 21 13
48 38 25
44 35 15
42 32 7
45 29 25
39 40 4
12 25 11
45 7 15
20 17 11
41 5 36
51 44 24
41 7 17
51 32 25
21 38 20
32 8 32
7 46 29
20 9 35
40 23 11
19 14 28
44 2 12
45 32 25
27 44 8
15 9 6
50 9 15
41 4 7
31 8 2
3 37 21
39 8 21
34 15 9
10 12 14
36 47 6
4 22 20
40 24 33
25 17 7
24 16 11
5 14 26
47 2 18
19 30 21
9 38 34
10 1 4
19 8 33
36 39 22
50 9 39
40 34 22
38 5 3
31 43 29
4 32 13
14 39 33
41 3 31
26 35 11
27 41 35
46 44 25
23 31 17
17 7 10
35 31 29
10 33 6
44 15 23
4 27 11
16 41 7
7 23 19
9 19 13
14 37 40
30 47 31
8 9 24
21 35 9
27 36 1
38 24 12
19 42 3
26 3 7
17 40 2
41 43 3
42 25 3
9 35 22
16 36 12
41 19 13
11 39 35
22 7 3
18 20 25
28 44 26
36 27 40
44 15 20
14 16 1
40 33 10
34 13 18
28 14 31
49 1 23
35 14 18
17 8 1
40 22 6
14 21 34
47 41 22
41 14 2
19 3 19
46 33 38
38 12 40
12 42 26
33 37 17
16 8 31
21 19 26
31 11 35
38 35 7
28 46 27
48 7 20
50 9 29
18 13 13
17 7 3
46 24 39
9 5 31
19 38 29
6 38 37
18 20 25
17 19 40
44 2 10
12 39 24
18 41 37
39 5 4
17 40 4
7 16 3
32 19 3
37 19 30
23 27 21
42 15 30
46 20 22
31 25 23
20 22 14
6 10 11
18 45 4
22 19 26
45 25 10
33 39 36
5 33 23
26 33 20
30 44 6
23 11 24
22 40 15
5 26 3
21 43 12
51 33 4
36 3 33
24 18 33
6 6 13
42 11 40
43 2 4
31 10 27
31 46 26
27 34 20
47 10 28
43 4 25
35 36 13
45 12 2
31 19 1
14 43 29
22 26 35
11 13 15
30 6 25
48 13 11
48 39 26
5 8 10
50 33 35
7 35 33
50 8 4
31 14 4
47 3 4
5 2 1
14 10 36
25 24 23
6 29 10
24 8 35
41 30 40
39 14 15
39 44 28
15 1 14
21 17 27
10 9 13
38 9 9
8 4 3
1 37 20
51 35 8
15 3 38
15 22 22
42 37 27
47 20 25
25 8 3
12 5 2
13 16 4
36 37 4
45 15 5
30 1 40
10 33 29
26 40 5
10 41 25
51 36 28
10 16 22
35 44 34
21 10 9
30 14 35
46 7 17
28 28 20
48 32 25
15 39 28
26 31 23
26 5 5
10 7 35
11 19 8
24 9 31
20 11 40
45 17 29
44 5 32
12 11 19
25 24 36
22 9 32
13 8 25
1 20 38
15 20 17
9 23 12
12 26 38
49 13 13
32 46 4
41 3 1
37 21 3
9 16 8
20 40 29
20 9 37
50 5 20
15 31 20
46 23 9
28 40 4
35 1 26
21 36 8
40 34 10
19 28 7
38 2 24
29 44 22
43 34 36
20 6 2
22 33 30
17 17 27
39 1 33
12 34 23
7 24 17
36 43 20
8 12 13
38 7 22
1 2 36
30 22 39
14 13 25
4 40 12
33 30 16
44 40 24
37 40 9
16 24 37
20 13 20
19 18 2
3 11 20
45 27 6
40 18 36
45 18 18
21 9 38
13 8 24
42 35 17
32 19 30
37 9 33
3 3 2
25 39 26
4 42 18
32 36 21
48 5 12
10 44 5
31 20 22
6 31 14
2 9 37
20 43 18
42 1 1
6 43 1
26 30 15
20 22 2
12 47 7
34 16 4
2 22 26
5 24 37
31 24 34
48 2 16
22 17 13
1 17 10
26 41 32
17 45 39
12 8 27
22 29 37
50 21 39
16 40 29
44 18 4
49 36 7
35 28 19
24 21 25
35 5 17
20 33 5
18 26 5
43 30 22
41 38 25
29 10 33
19 41 6
49 7 13
19 25 5
36 40 7
28 23 29
19 25 31
34 15 6
33 15 3
25 17 26
5 19 39
10 24 21
19 4 31
27 42 1
17 33 40
21 39 1
15 10 38
32 15 2
3 27 1
45 36 2
9 40 4
50 28 22
28 14 32
7 26 24
21 46 21
36 20 26
18 11 6
10 21 10
19 41 24
17 36 35
36 22 36
36 16 14
21 13 17
25 21 15
10 12 13
37 42 10
1 33 8
19 15 12
48 33 9
39 37 29
24 43 38
23 33 9
38 4 11
18 33 31
19 24 10
3 7 30
17 27 27
21 25 37
13 25 33
21 13 7
45 4 37
48 12 18
30 9 34
32 45 20
14 9 32
16 40 36
1 8 26
30 44 31
34 5 28
7 10 20
35 37 19
9 33 7
48 22 28
48 20 7
27 14 21
45 31 4
45 24 29
5 20 25
12 27 31
34 8 33
11 26 38
15 36 11
13 18 33
44 20 38
14 15 36
24 1 39
27 33 12
33 34 33
6 17 13
13 39 38
34 9 33
41 45 15
7 6 7
15 30 23
2 44 11
23 32 15
18 38 29
21 35 7
31 25 21
12 45 6
36 9 25
18 34 13
14 39 30
17 35 20
20 14 18
7 36 2
11 42 8
20 29 17
24 27 30
6 19 31
37 35 31
1 9 39
35 32 21
4 32 39
31 13 14
20 13 32
50 17 38
24 33 2
15 15 18
37 7 14
21 23 15
26 20 12
26 15 36
37 8 37
8 22 36
49 41 22
9 46 40
18 47 16
3 19 15
1 34 33
30 10 12
44 3 25
7 5 23
43 35 28
28 19 39
30 20 13
44 1 13
29 35 32
49 16 13
32 7 34
4 31 2
27 9 21
10 11 24
5 8 28
39 24 1
5 14 38
11 22 7
51 13 23
13 39 2
12 28 31
49 35 34
1 14 33
19 40 9
40 7 38
50 37 34
15 25 23
38 24 13
32 21 10
47 26 14
22 15 11
11 25 31
1 6 20
45 22 5
35 41 30
25 12 5
47 38 12
14 3 19
25 35 24
9 45 38
30 16 20
20 10 20
11 2 4
5 20 6
50 43 16
28 20 24
26 40 9
47 42 30
21 38 15
41 4 35
45 9 2
10 45 6
47 27 35
42 28 26
6 34 29
41 47 3
12 46 14
24 37 3
50 43 17
47 19 24
29 37 32
29 6 30
7 40 11
17 38 6
38 13 12
5 35 2
43 22 37
49 11 23
35 40 17
39 4 36
3 35 7
25 47 4
9 17 19
27 3 39
10 30 35
8 46 23
44 3 10
14 19 22
5 24 4
7 46 1
26 44 39
23 1 1
17 8 21
32 19 20
21 19 7
17 13 26
10 16 4
32 26 36
25 14 17
50 36 27
18 5 32
45 2 33
33 8 10
5 28 21
30 8 14
14 38 34
20 35 19
47 10 7
21 13 7
24 29 7
30 10 19
18 9 36
36 9 32
48 7 38
2 35 11
11 23 36
41 32 39
5 6 32
33 22 7
43 47 19
21 39 28
26 7 24
35 29 26
7 18 17
6 28 15
8 43 34
10 34 40
43 39 3
7 15 24
33 40 27
30 29 31
36 25 3
39 36 23
12 27 12
38 35 29
46 32 28
11 15 34
43 18 30
30 6 1
40 20 8
45 44 31
50 42 14
16 28 19
1 26 5
18 35 5
21 11 19
35 19 7
48 20 38
16 15 30
23 2 35
11 22 25
25 23 26
23 47 28
9 21 35
43 25 15
24 21 32
45 10 40
38 26 38
14 12 39
14 5 33
42 16 28
18 33 37
20 6 9
41 35 14
25 31 28
29 3 6
14 45 25
32 31 7
28 46 7
51 44 32
14 37 37
40 16 3
42 30 14
2 36 11
3 32 33
22 2 20
46 6 2
33 44 36
46 45 28
32 30 39
17 23 24
49 43 36
36 22 31
14 20 1
31 1 9
20 7 30
28 10 15
41 30 24
51 26 5
11 46 9
28 19 34
12 3 29
28 39 5
15 34 17
1 47 16
31 24 17
2 1 32
2 18 39
1 2 2
12 15 9
20 43 32
48 13 33
46 47 13
41 23 40
33 27 10
28 26 36
41 26 18
51 31 25
44 34 12
28 2 31
21 3 18
3 25 6
9 19 37
27 3 40
21 23 7
11 27 25
46 18 31
51 25 19
8 14 24
22 45 1
27 20 5
15 6 31
15 1 34
19 24 5
1 37 24
22 26 10
40 22 38
48 12 39
38 13 12
26 18 39
17 42 29
25 3 6
7 34 27
40 22 22
32 14 3
49 22 22
44 37 1
44 44 33
3 36 7
24 18 25
14 14 14
43 1 2
42 36 10
12 5 4
31 21 10
13 10 22
50 15 26
47 16 18
26 38 30
51 1 37
19 42 12
10 25 17
26 1 29
40 45 25
47 16 37
47 38 34
9 27 32
45 27 40
8 26 21
32 44 38
29 46 27
35 14 10
15 7 36
26 17 6
20 38 23
10 2 1
7 6 24
14 30 9
21 1 14
2 46 32
34 19 5
24 4 3
45 7 14
40 31 14
43 10 22
3 17 20
40 9 23
42 3 19
46 25 18
14 11 20
21 19 3
28 19 37
50 21 1
13 21 34
22 37 36
47 31 6
2 18 27
22 7 12
35 8 21
44 37 13
7 34 16
24 18 9
6 3 33
34 21 10
25 22 24
35 24 23
41 29 2
27 24 5
19 32 33
27 4 4
16 5 35
21 15 10
2 21 29
29 39 9
31 12 25
16 8 30
32 23 37
23 32 34
23 34 38
9 2 38
12 3 22
23 36 1
23 4 4
49 25 1
46 33 29
3 40 37
2 1 8
5 45 31
37 14 4
50 40 30
17 23 10
46 45 25
38 3 8
12 2 17
5 8 39
33 8 26
35 11 8
40 23 12
9 4 11
50 47 11
36 47 24
24 41 32
26 19 30
22 33 7
27 23 27
20 14 20
4 43 9
21 21 22
28 44 39
21 33 18
18 9 17
13 18 16
28 41 15
7 19 8
27 46 31
13 3 18
17 39 7
38 14 32
16 17 40
39 34 3
2 16 36
20 44 39
45 5 29
14 44 7
46 22 34
4 35 5
40 21 21
45 42 12
3 12 6
16 6 14
44 16 20
12 9 30
16 16 4
8 20 28
4 27 4
32 27 7
5 28 12
5 31 12
36 20 27
33 24 18
2 22 19
32 15 28
50 32 6
10 18 19
8 43 27
5 1 30
3 21 37
34 25 8
15 5 30
28 14 27
39 33 12
33 39 32
39 33 38
41 5 5
6 7 4
39 18 7
21 13 30
4 47 6
45 18 16
51 31 23
20 42 2
11 29 40
17 33 18
5 28 29
39 39 30
38 15 14
29 27 30
49 12 34
9 22 5
1 19 35
37 13 6
49 15 38
47 13 27
3 45 25
28 10 28
37 44 24
27 14 26
45 12 6
38 6 6
32 34 24
20 21 6
34 11 8
44 18 25
6 13 21
26 41 35
26 38 37
6 20 37
29 28 20
20 47 14
8 13 16
30 4 20
21 34 37
41 19 29
34 6 31
50 44 7
32 42 1
48 12 6
14 10 11
31 42 18
21 1 15
43 38 28
36 33 25
34 12 33
42 39 34
33 34 35
3 3 25
3 3 28
34 18 26
5 40 11
42 25 34
28 11 18
44 10 37
40 25 29
14 16 17
46 21 6
46 24 10
48 7 6
3 25 35
41 42 33
26 30 10
32 22 35
5 34 21
47 34 18
5 23 21
26 26 1
12 36 36
18 31 40
18 35 35
5 11 21
43 4 33
46 3 1
35 29 16
10 43 26
50 42 24
3 4 15
27 5 12
6 29 16
24 45 18
47 19 31
43 25 29
6 32 1
19 46 33
45 11 23
40 8 14
23 2 34
42 9 34
50 17 12
50 2 21
16 19 8
25 28 39
37 12 3
25 39 34
30 47 9
47 3 10
14 5 24
28 33 19
46 17 11
14 35 4
20 6 37
38 31 39
14 27 1
5 30 17
12 23 40
18 2 2
6 34 2
26 6 9
14 10 37
42 1 34
31 24 22
8 38 24
27 2 23
15 43 18
49 13 29
23 35 18
5 29 14
10 23 6
34 1 22
26 5 28
9 43 8
40 15 17
12 6 33
48 40 21
8 44 24
12 10 11
19 4 9
28 34 26
15 38 11
5 39 40
47 11 22
29 41 14
5 5 40
5 9 30
48 39 32
41 6 3
46 15 19
3 22 14
50 39 39
19 26 11
36 38 3
32 40 32
45 22 5
38 43 27
13 22 8
23 15 11
27 27 28
18 30 18
15 3 12
6 3 5
37 36 19
8 6 25
11 10 33
33 36 10
38 28 40
24 43 14
13 7 10
10 26 23
2 4 8
27 11 36
46 6 10
14 35 39
32 16 30
7 5 7
17 10 8
23 21 2
39 10 31
40 7 38
21 36 40
9 22 30
49 41 9
5 15 4
13 2 7
11 17 34
33 43 33
26 10 12
32 13 33
46 33 8
1 25 3
33 40 9
10 34 24
47 18 12
2 34 1
8 5 15
4 10 1
20 13 7
26 25 31
7 22 40
40 19 5
42 23 24
8 16 24
10 44 40
30 36 20
32 31 31
3 4 8
21 30 2
50 15 19
47 36 35
44 35 6
7 2 18
15 30 4
26 26 4
21 13 23
43 14 5
48 29 4
28 6 1
16 43 14
37 5 2
42 29 19
9 2 28
43 36 23
24 3 18
20 40 9
42 14 36
12 36 31
43 43 1
5 12 1
17 30 6
21 36 17
11 44 18
37 6 18
48 38 1
33 20 39
3 38 4
5 15 10
37 10 9
15 47 18
33 46 2
15 15 36
9 29 16
3 23 34
27 11 17
12 2 27
23 39 24
23 4 40
38 33 26
40 30 36
40 41 27
41 23 9
50 21 27
15 4 13
45 38 33
43 26 10
4 35 33
47 31 14
20 11 19
38 28 7
49 10 10
10 45 6
23 25 8
15 13 40
48 14 40
25 24 18
26 11 23
39 34 11
16 30 33
8 18 5
16 1 37
42 42 5
24 19 30
22 47 14
10 40 18
30 15 12
48 45 19
27 20 36
8 3 8
46 2 9
36 3 29
3 25 39
8 21 3
42 16 16
2 40 32
40 34 35
5 18 24
39 45 29
24 32 6
45 18 37
28 17 16
28 31 16
22 5 34
21 18 25
39 27 38
51 24 35
8 13 12
2 38 21
28 7 24
26 13 13
38 21 36
28 28 28
46 12 33
6 2 15
41 33 18
22 17 8
19 7 34
45 29 20
29 15 33
33 36 7
8 37 9
24 7 24
17 28 18
33 17 16
3 31 31
13 38 30
39 8 19
26 21 28
46 43 32
51 18 21
27 38 25
21 33 28
34 12 20
6 43 24
25 20 28
33 17 37
2 32 6
35 40 35
24 29 32
29 28 34
21 42 27
5 33 20
42 6 40
25 9 11
21 25 37
23 41 12
2 46 26
11 5 12
33 32 16
41 28 13
49 18 9
7 7 22
11 44 11
4 7 6
2 26 19
36 20 22
17 28 29
45 44 36
15 15 14
29 23 12
17 17 28
26 12 27
10 13 14
3 10 11
50 31 3
37 13 11
43 41 28
33 7 4
37 30 34
14 19 13
26 39 11
13 24 37
6 46 33
41 31 29
51 18 2
9 29 31
12 8 14
51 35 25
14 47 24
49 13 14
9 3 37
46 19 1
21 32 6
40 23 11
12 20 4
30 22 37
31 3 28
34 45 36
47 10 10
14 1 14
29 12 35
35 11 6
21 35 15
2 42 28
50 36 8
5 17 24
9 30 40
45 44 35
16 35 8
17 14 17
5 1 20
12 47 24
29 43 29
12 9 27
10 41 23
3 11 27
19 37 17
30 25 4
21 25 27
11 2 35
7 21 10
37 10 16
49 28 21
4 46 2
34 45 8
1 25 19
37 12 10
34 20 20
39 6 12
14 11 3
33 45 19
50 12 37
2 15 33
7 18 6
29 32 39
32 40 28
37 46 33
17 25 20
19 40 9
7 9 34
28 34 24
12 38 19
37 14 22
36 23 30
17 29 22
51 15 24
26 39 22
33 42 15
24 13 29
31 44 23
7 36 17
20 25 23
24 37 21
16 44 25
51 33 7
25 36 5
40 6 37
22 5 14
12 30 16
47 24 36
10 36 36
6 37 10
14 42 39
49 27 8
31 32 5
50 7 9
13 11 22
12 12 27
33 24 40
4 19 26
11 6 19
51 19 30
4 46 1
17 21 6
4 3 38
34 11 20
1 32 32
45 8 7
31 47 9
20 19 32
22 35 26
15 32 26
28 28 30
23 44 27
31 3 26
19 20 11
21 26 21
32 41 19
19 21 27
43 28 18
8 25 15
18 9 25
36 31 6
10 45 31
47 40 24
15 44 21
48 10 30
21 41 6
37 45 31
42 27 9
25 44 4
18 23 32
13 12 5
14 13 25
32 23 25
50 22 10
27 39 15
26 43 18
34 29 33
43 9 31
2 40 35
44 11 35
13 46 3
24 4 40
32 30 29
6 35 16
33 5 35
36 21 2
5 5 1
35 18 15
44 47 36
14 37 7
43 18 7
49 27 36
36 36 17
47 36 35
28 3 27
5 32 40
40 19 3
31 42 30
15 5 11
24 27 21
7 47 38
23 3 1
32 7 18
25 13 29
30 30 28
12 19 1
24 34 10
42 22 17
34 17 10
25 41 14
8 36 38
26 1 30
23 37 22
30 43 26
27 35 14
12 11 11
7 2 15
48 24 25
22 14 6
11 5 40
17 21 19
20 36 25
45 3 14
33 37 17
40 19 30
13 38 37
44 40 13
36 10 38
44 34 18
28 22 7
27 11 36
45 23 9
16 15 35
27 7 18
47 4 3
33 19 14
44 4 19
17 10 8
40 32 15
20 22 13
32 28 35
25 1 36
1 47 17
45 20 11
44 21 34
36 29 24
49 30 10
16 46 13
50 41 18
17 4 14
12 20 1
49 12 16
14 44 23
11 11 28
29 7 22
21 11 1
41 20 4
5 30 23
16 30 4
4 45 17
37 6 33
13 12 25
51 47 19
6 25 2
28 3 40
37 1 8
17 16 23
13 8 5
44 36 29
23 32 4
23 34 19
25 28 38
21 2 9
47 4 31
32 34 25
16 8 28
42 12 35
49 31 16
1 42 17
20 11 24
25 23 36
46 2 14
8 41 9
50 34 33
43 15 18
44 45 13
44 15 16
36 11 31
50 36 37
1 12 23
29 11 34
28 23 3
51 38 35
14 37 6
4 9 27
23 25 16
28 4 29
14 29 17
3 43 22
29 42 14
42 17 2
39 2 6
30 32 15
20 15 12
23 2 3
14 38 17
17 23 11
30 15 25
20 26 35
51 14 14
6 3 10
6 43 39
39 36 30
40 21 29
7 5 33
2 15 12
11 32 32
41 29 2
14 10 26
4 47 16
19 8 32
4 44 15
47 14 38
34 1 13
45 10 10
18 12 30
2 47 7
40 43 4
27 10 27
4 27 35
49 35 27
51 3 26
15 35 2
33 41 21
25 44 1
10 3 37
17 22 13
15 10 18
33 38 26
5 40 14
3 36 30
43 23 23
14 5 32
8 26 4
20 6 7
40 21 7
7 38 32
13 21 13
14 46 5
11 32 33
13 12 15
6 33 29
28 8 19
7 8 17
13 8 21
24 46 27
44 20 2
18 32 32
23 27 3
45 46 27
7 38 24
19 7 14
20 42 10
1 11 39
50 44 2
8 9 40
7 28 5
40 19 27
31 40 5
23 32 27
5 3 6
5 21 9
29 44 32
1 5 24
27 4 15
33 35 29
16 4 25
15 26 28
12 17 18
44 46 40
28 3 17
29 37 6
37 1 31
31 44 25
27 19 3
4 5 15
2 40 7
44 4 10
33 25 26
24 6 27
42 38 22
14 11 30
17 26 32
38 34 31
21 12 33
51 40 26
38 7 32
48 37 11
43 36 29
7 26 25
43 35 7
17 19 28
22 32 3
17 26 16
47 9 19
40 16 3
38 2 12
10 31 8
45 12 12
22 5 26
42 27 12
23 16 12
15 37 10
29 7 11
47 29 34
44 12 39
1 47 25
34 42 27
36 11 33
16 15 32
24 24 27
38 16 24
18 20 32
4 10 21
37 26 22
17 11 12
8 11 7
28 29 35
43 5 25
4 46 14
12 12 13
44 9 14
48 16 20
27 47 26
8 19 21
37 30 37
45 40 26
42 18 32
28 6 34
40 41 5
14 25 32
13 45 39
9 24 6
13 39 23
47 31 33
15 16 31
17 23 22
24 9 3
40 18 29
17 30 21
13 30 35
40 26 26
23 10 13
33 24 28
8 11 4
17 15 33
2 28 39
17 10 24
25 44 20
49 43 16
28 31 30
21 20 5
16 18 39
47 21 10
37 13 3
33 25 39
10 4 31
28 39 33
22 18 37
48 22 36
32 8 30
16 23 21
7 24 4
25 23 35
10 40 18
44 16 16
39 16 20
26 14 19
7 16 7
4 15 5
18 13 24
22 15 34
51 28 22
46 3 6
21 32 32
5 18 21
31 29 15
19 8 8
41 35 5
37 32 28
43 20 32
51 26 16
46 29 35
6 7 19
50 4 33
40 9 14
37 44 6
32 24 35
42 20 26
35 29 25
35 47 14
12 44 17
8 7 18
1 20 2
26 7 24
19 36 13
21 10 29
49 6 23
42 38 20
20 30 13
31 20 36
34 31 8
2 44 14
31 6 26
37 38 22
22 28 9
40 28 6
35 23 20
44 20 27
28 43 9
25 4 9
11 32 28
24 16 26
46 35 24
37 39 40
17 7 14
33 10 32
26 25 6
13 26 21
10 19 25
45 10 16
9 45 7
51 5 9
17 33 40
27 11 5
20 1 17
42 36 27
34 7 16
18 45 21
28 44 18
3 17 35
20 2 33
3 43 27
45 16 4
1 29 12
22 47 25
51 22 36
47 19 13
47 8 12
2 41 39
43 45 10
16 2 9
34 43 9
28 34 3
36 31 3
26 20 34
47 24 21
15 36 8
13 13 24
24 28 39
36 6 4
40 15 12
14 30 26
3 26 19
13 18 14
3 1 34
23 44 24
14 42 11
19 5 14
7 38 14
45 46 17
16 20 17
35 15 28
16 2 22
40 37 9
35 23 37
42 19 39
20 18 2
36 33 4
32 37 16
22 1 9
31 34 5
13 14 23
11 12 5
27 42 24
44 35 1
36 39 32
48 27 23
51 43 21
27 36 27
17 8 38
49 25 9
11 1 34
25 37 34
33 46 26
19 21 40
27 39 14
11 17 3
1 25 27
8 45 4
49 42 4
3 44 6
6 5 15
9 32 31
49 25 21
39 6 1
21 31 23
15 18 18
2 4 34
1 12 30
50 19 20
37 32 13
2 30 23
26 25 22
1 36 35
29 36 25
34 33 17
26 6 2
15 5 24
10 6 36
45 2 17
20 18 24
24 14 38
20 38 11
16 13 36
20 5 5
18 22 30
28 34 9
46 8 12
31 29 3
16 30 24
42 36 25
35 23 6
6 34 14
23 17 9
11 8 29
51 21 2
39 41 25
23 4 19
14 38 40
12 22 29
17 23 22
9 8 38
38 30 20
22 32 16
44 22 29
43 38 27
3 33 20
51 37 28
4 4 39
9 1 3
11 40 26
46 38 30
39 32 3
51 1 38
20 34 11
7 43 35
3 26 21
30 21 8
44 31 9
26 28 28
23 24 16
8 12 37
6 7 6
9 35 35
26 1 3
35 37 22
40 38 24
47 14 6
34 23 2
3 3 12
1 34 25
8 43 7
23 12 32
13 30 24
13 46 28
30 47 6
6 37 39
5 1 32
37 35 14
9 24 32
24 12 1
12 17 24
5 30 36
6 19 11
11 8 39
49 6 18
23 6 16
34 23 18
22 9 24
51 31 5
19 47 29
1 23 21
45 17 26
51 41 22
3 47 17
45 13 17
16 45 9
34 17 30
44 14 23
18 27 1
11 27 31
6 33 9
17 7 12
9 47 12
28 45 10
19 44 5
36 11 8
11 22 37
41 37 19
47 18 20
11 12 14
45 16 15
27 24 8
10 2 17
31 45 22
44 39 10
4 38 25
9 36 12
35 24 13
14 4 13
37 33 40
11 4 34
42 22 13
5 39 27
41 45 31
13 42 36
13 17 29
38 40 26
1 46 6
2 7 14
37 39 12
51 35 29
50 5 36
28 11 17
17 17 20
47 26 26
2 5 4
37 23 1
40 37 2
20 16 4
25 38 32
28 41 33
9 15 22
38 24 14
35 6 2
30 31 8
50 30 11
23 34 4
3 46 27
39 27 10
42 10 34
33 17 13
45 27 34
47 27 11
4 29 1
15 15 27
50 35 21
35 13 23
19 35 35
4 4 15
25 1 11
13 38 20
38 40 39
31 10 29
2 36 10
43 11 32
35 9 6
17 41 23
50 36 14
27 44 14
35 38 33
36 37 40
47 27 15
2 9 12
2 13 3
16 35 9
49 4 19
43 41 25
38 36 28
17 24 7
2 43 14
39 45 21
25 2 38
38 43 27
49 23 39
3 9 28
32 37 34
9 11 15
16 15 10
14 23 3
3 35 1
34 16 28
50 46 8
40 12 37
26 10 31
4 23 40
40 14 21
42 5 30
46 35 21
37 13 24
34 44 18
26 27 19
44 22 13
15 31 36
29 33 18
51 39 37
47 20 38
12 19 27
10 31 33
34 16 15
10 2 32
13 35 36
49 18 35
4 36 38
38 40 36
6 44 26
2 2 34
11 23 35
21 25 38
33 12 13
24 5 34
4 31 33
50 40 10
9 47 31
28 21 40
37 31 35
15 24 7
47 35 9
3 19 3
39 39 13
1 12 30
16 38 11
36 22 2
16 31 9
51 16 30
23 23 16
13 28 5
40 21 9
45 44 34
43 32 10
27 12 19
36 35 13
35 8 23
45 27 1
11 23 3
35 3 6
45 37 28
29 4 19
11 27 13
19 9 6
43 6 27
28 29 40
33 12 2
29 2 22
11 25 24
39 38 26
31 33 27
27 25 18
28 37 36
46 21 7
33 31 23
34 42 21
30 12 8
46 10 2
51 1 6
26 16 15
4 1 4
14 37 32
4 24 34
42 12 25
20 8 11
42 12 23
8 26 13
24 6 2
27 32 39
27 37 10
4 40 18
49 16 36
21 18 34
44 24 17
45 17 4
43 3 1
8 13 10
25 23 22
35 41 34
3 26 26
41 25 16
50 26 18
42 44 40
1 14 10
45 12 36
47 15 18
39 38 2
39 28 36
34 46 18
40 11 22
17 16 15
25 23 7
49 8 27
33 28 2
35 34 38
12 43 10
1 44 37
17 4 17
14 40 31
20 21 13
45 38 2
12 31 4
25 45 9
25 36 39
20 8 12
44 19 6
16 2 39
29 47 38
49 14 14
48 33 25
20 20 14
22 39 6
28 24 26
42 3 37
12 30 22
32 46 4
5 24 27
9 31 17
3 12 13
20 19 17
19 43 13
47 4 5
46 39 26
51 9 8
48 25 1
25 10 22
35 16 18
36 26 31
20 20 16
7 19 23
13 28 32
17 21 11
2 38 15
51 25 35
2 39 35
44 41 3
44 18 22
41 21 13
21 11 26
20 26 11
50 15 5
33 26 22
5 23 27
10 16 25
11 40 39
12 17 37
26 21 34
1 1 7
31 41 33
33 32 21
35 37 16
51 38 23
22 38 7
24 9 20
16 16 39
27 3 24
38 25 39
13 11 24
17 42 16
29 4 20
23 47 39
9 5 12
14 13 19
6 31 17
48 23 29
21 10 6
15 37 29
47 17 3
36 4 7
44 36 20
38 23 27
48 18 19
11 42 19
7 47 29
24 29 9
33 38 20
40 35 16
31 4 19
35 1 5
36 31 10
3 47 31
34 12 22
37 31 18
22 13 28
8 38 19
19 6 33
38 9 22
13 3 16
37 39 3
26 40 35
26 25 39
13 31 36
43 22 35
18 12 25
47 25 21
27 39 10
45 37 39
14 43 9
12 36 40
10 9 17
35 13 21
1 3 8
48 20 29
25 13 29
11 37 17
31 6 8
32 29 8
21 38 27
3 22 34
40 7 37
45 14 35
10 10 13
8 32 36
43 45 20
39 34 30
26 20 22
26 34 25
17 1 33
15 18 2
7 27 3
10 13 4
6 19 5
45 13 13
38 28 6
37 24 19
20 42 22
10 24 11
19 17 30
28 44 11
41 15 1
5 25 33
27 2 36
32 26 25
2 42 13
3 9 39
11 10 25
30 47 40
2 32 29
22 43 14
8 39 5
25 3 18
2 36 12
30 47 39
11 44 18
42 4 30
14 9 20
44 3 39
44 25 10
30 40 6
4 41 18
38 14 12
7 26 22
14 3 39
13 3 9
19 29 11
31 14 6
34 22 7
14 5 24
40 19 30
46 11 19
10 27 21
41 43 4
14 16 36
1 35 27
1 39 18
43 19 28
27 46 32
29 39 7
42 4 3
25 1 27
3 11 36
28 15 7
15 3 17
31 25 3
40 13 39
11 39 28
29 47 25
46 30 38
32 31 35
45 13 10
13 34 32
33 18 17
22 13 4
47 7 10
34 12 35
2 44 21
45 15 22
51 28 23
45 8 2
32 18 25
24 15 5
22 3 27
11 14 35
15 27 5
35 41 38
11 14 16
40 16 11
7 7 39
6 6 35
5 45 2
22 32 26
40 15 27
42 30 38
28 6 21
41 33 3
10 41 1
38 34 25
7 42 25
6 24 15
9 4 2
33 20 40
6 34 30
49 14 12
12 46 14
20 41 10
33 19 19
47 15 20
8 15 10
10 24 6
2 15 17
33 10 5
25 4 37
48 20 15
17 19 31
44 18 33
8 20 10
10 17 31
27 41 29
15 42 19
2 10 31
13 6 10
15 26 5
7 17 14
13 41 1
14 30 30
46 11 1
50 5 40
49 37 19
41 30 24
25 30 28
12 38 17
1 13 19
3 20 28
39 24 13
3 19 5
2 46 37
41 43 36
50 12 4
45 7 33
44 10 14
9 43 35
24 2 21
7 20 29
18 13 15
37 11 7
51 13 1
12 37 14
16 42 6
24 42 18
46 11 2
32 20 15
19 26 40
28 5 36
47 40 6
26 29 6
44 40 31
26 29 25
41 27 11
19 45 26
27 35 23
24 19 22
26 29 6
46 18 3
45 8 13
24 21 23
24 18 28
51 16 23
24 7 17
34 11 8
28 37 13
14 9 33
13 6 17
14 26 11
25 6 22
12 27 5
18 40 7
20 11 40
23 7 18
25 14 9
47 5 38
46 3 29
37 13 18
5 38 21
40 30 18
31 23 14
17 36 36
38 10 12
34 5 31
36 29 36
49 13 31
4 14 3
23 39 8
40 15 17
40 28 6
31 14 2
13 19 15
9 33 38
22 42 36
9 33 3
33 21 16
35 14 6
22 40 39
40 42 24
32 4 7
9 20 31
43 2 4
44 13 15
44 35 21
4 33 24
41 37 3
22 10 30
49 19 25
47 44 26
4 44 40
5 36 6
22 18 29
1 41 29
14 20 10
37 33 26
10 18 2
2 8 7
39 1 6
8 29 38
41 12 26
48 22 37
50 26 37
4 42 9
15 1 19
18 37 26
33 17 21
37 33 29
49 44 29
23 18 23
51 32 26
4 17 33
15 41 27
37 31 40
10 42 8
20 10 23
9 27 28
12 40 24
11 35 13
6 39 29
50 10 22
24 3 26
51 12 3
3 10 31
41 8 10
39 10 38
40 9 33
17 11 2
25 33 20
32 26 30
42 38 27
13 11 30
5 45 1
4 47 13
43 12 20
3 25 33
36 18 10
47 3 4
25 7 19
33 16 9
8 8 33
46 34 21
2 47 25
19 16 8
27 31 14
10 37 16
42 11 35
19 31 2
25 17 14
28 7 17
6 44 29
1 30 21
6 9 17
42 43 20
19 36 8
35 35 7
33 12 31
32 8 7
24 32 26
51 30 4
8 47 33
49 10 18
38 34 6
15 35 17
17 28 18
25 27 20
26 41 17
24 40 20
46 21 6
12 3 28
25 5 28
16 12 34
24 27 3
47 6 38
3 9 20
1 12 20
41 31 35
35 16 5
17 2 6
25 5 9
12 32 5
9 42 18
23 16 35
7 22 22
22 21 8
26 24 40
35 3 39
31 20 30
25 20 35
2 43 20
45 12 9
26 31 5
31 2 21
23 21 24
49 12 32
39 46 1
25 34 38
46 6 6
49 1 34
41 45 3
24 9 21
17 11 10
21 16 10
51 21 32
51 9 29
13 35 16
43 44 18
27 38 19
10 11 21
44 31 9
45 6 4
40 11 11
27 43 12
16 6 15
24 7 24
27 45 37
22 11 20
33 12 20
13 34 15
4 39 27
2 38 33
8 40 39
14 26 29
5 25 18
40 29 17
11 18 8
9 28 27
46 4 29
1 8 7
3 37 17
43 39 35
33 12 8
40 17 8
15 46 33
26 5 32
46 27 33
26 37 27
38 5 7
18 40 21
33 26 12
9 6 23
43 41 35
26 24 13
5 6 19
49 37 2
40 30 38
25 6 14
5 17 14
43 36 11
23 7 32
34 16 3
48 11 36
1 2 31
5 43 30
28 22 21
35 39 34
49 39 13
10 4 22
34 17 5
17 35 5
42 37 31
33 6 24
26 24 2
34 4 17
45 17 4
45 46 35
5 7 1
10 11 38
15 46 34
37 19 28
37 29 15
46 37 10
30 2 10
22 19 4
38 18 25
43 37 16
27 12 21
7 17 30
8 4 1
27 22 14
30 13 17
48 3 20
23 41 12
4 10 35
18 29 2
27 44 26
22 10 39
26 22 8
41 41 30
23 4 36
8 26 23
49 40 31
19 17 26
19 28 6
11 1 11
34 46 23
36 27 9
20 23 16
20 5 25
26 29 26
20 37 25
31 46 40
34 4 3
8 39 17
42 16 21
29 16 25
24 3 33
45 34 29
50 22 23
42 1 19
38 39 32
30 41 25
10 15 4
51 22 11
1 15 28
38 16 35
17 23 30
22 13 29
49 34 15
45 46 25
41 39 12
37 2 18
38 30 25
48 15 37
2 36 29
16 17 1
35 45 32
50 45 6
24 33 36
43 16 28
26 13 14
24 22 4
2 15 25
48 10 30
50 46 7
36 17 36
14 7 24
4 16 39
1 13 4
40 47 40
12 6 19
35 41 9
44 5 12
29 23 30
12 24 36
31 10 26
38 25 27
25 13 15
15 46 29
6 36 14
11 17 9
14 6 23
38 43 33
17 31 25
5 46 11
6 8 18
39 21 36
26 4 8
45 39 23
2 11 10
16 30 6
17 36 40
40 28 14
39 9 30
18 42 25
21 22 3
24 22 11
14 8 7
8 27 9
24 34 33
29 35 6
17 19 32
10 4 37
33 41 9
16 47 6
4 8 1
7 9 20
18 35 34
26 14 31
6 47 32
19 42 22
30 41 16
11 32 31
31 30 14
36 37 10
7 43 22
3 27 17
32 39 8
46 2 3
41 16 14
49 22 31
18 44 21
10 13 21
34 33 25
15 38 28
7 9 8
13 6 33
23 17 7
48 13 16
30 46 23
20 14 28
16 33 28
38 43 3
8 43 7
37 3 20
40 1 29
13 25 24
49 42 32
10 29 18
13 19 4
18 35 17
47 15 18
28 40 38
1 4 28
9 32 26
42 16 35
1 13 15
48 20 33
13 42 31
32 34 23
19 19 32
51 45 1
34 35 27
26 15 20
5 37 36
12 16 10
35 2 18
45 29 12
33 26 17
36 19 27
29 47 5
1 33 14
43 11 25
29 1 31
25 4 6
39 19 7
46 35 2
25 44 2
29 19 18
34 39 28
46 12 14
35 6 37
17 42 37
18 31 27
1 44 18
31 26 29
45 4 2
34 16 26
35 11 2
2 12 21
7 5 30
24 8 3
2 31 28
10 36 33
38 21 26
31 4 6
20 6 32
11 39 19
13 22 18
23 9 12
46 14 8
5 32 26
28 23 21
24 42 21
41 34 16
16 36 1
5 31 1
36 28 34
27 6 21
48 32 8
27 4 10
33 40 18
24 21 1
32 13 39
38 27 26
31 3 17
40 28 5
26 4 24
27 4 34
40 35 38
51 34 22
4 35 13
15 21 35
2 18 21
17 36 24
19 30 38
36 30 22
45 2 25
28 30 35
45 14 25
10 13 38
19 17 25
28 5 24
48 44 25
38 31 26
34 13 20
37 30 24
37 17 22
37 29 8
3 13 13
46 2 6
44 43 12
37 11 30
6 17 26
29 6 11
16 37 31
28 21 21
43 24 31
19 33 33
14 8 12
29 5 5
1 11 15
16 17 8
2 36 7
41 43 8
16 37 10
7 6 24
12 29 38
48 42 10
29 43 14
50 8 17
13 2 34
6 47 2
21 33 25
9 27 39
18 39 35
50 26 3
22 40 20
8 2 33
11 46 11
44 20 21
8 35 9
37 42 21
25 11 24
6 7 26
3 10 4
21 47 21
42 25 4
2 20 30
15 15 1
49 43 20
14 26 5
47 4 39
47 15 18
9 3 14
33 8 38
2 8 7
10 33 20
45 23 22
19 20 34
45 9 17
49 21 10
14 6 24
2 8 13
50 40 21
50 26 23
32 31 40
47 25 4
11 24 35
25 44 17
2 41 26
49 2 30
14 1 12
27 22 9
26 42 15
43 33 25
26 31 15
25 45 3
1 41 4
10 46 11
39 14 33
45 3 33
35 19 33
29 33 15
27 33 17
32 25 32
37 40 17
47 20 16
35 33 27
32 5 16
49 11 27
28 11 10
30 35 27
45 41 16
26 3 18
34 10 39
51 27 2
38 43 5
23 19 20
33 18 9
11 38 26
21 32 2
2 2 39
27 2 13
4 4 10
6 8 2
49 8 7
6 37 24
7 6 20
47 14 3
40 8 16
36 47 37
36 22 25
2 22 28
10 28 39
44 43 15
49 8 32
44 1 7
10 2 15
50 26 21
46 15 9
48 31 31
18 34 21
19 26 4
25 10 30
13 18 29
2 15 16
42 10 5
1 17 17
27 28 30
32 43 15
5 3 20
17 11 1
36 30 12
23 30 18
43 30 18
7 29 5
38 42 20
40 22 14
24 16 39
33 44 38
6 44 28
8 42 23
13 4 36
37 9 2
29 37 23
25 18 34
46 15 23
18 45 5
16 15 2
43 32 10
6 20 38
44 33 24
21 9 22
23 1 6
3 23 7
22 10 10
48 3 2
13 1 39
45 45 26
2 3 11
27 29 27
23 32 34
40 39 32
32 14 5
14 39 36
51 26 12
22 45 14
33 35 7
44 26 38
34 41 18
2 5 19
6 40 34
7 18 34
42 28 12
13 33 15
9 41 24
6 9 38
51 21 17
47 19 9
38 5 36
3 17 15
50 6 10
8 3 28
27 16 23
6 5 6
16 36 22
34 11 16
44 44 13
47 1 18
45 13 33
1 21 8
2 35 31
35 39 36
39 47 1
45 1 10
8 16 23
9 36 9
9 6 15
39 7 37
51 32 8
23 27 36
27 45 31
4 9 9
29 45 17
23 18 5
44 38 37
30 40 17
45 30 18
28 32 37
41 42 12
27 26 33
20 21 5
28 43 18
18 1 26
50 21 11
27 37 39
51 17 15
45 21 11
15 37 36
25 8 32
33 33 28
16 30 31
9 32 35
50 18 35
13 38 21
17 35 18
7 40 4
31 5 23
23 47 13
33 14 14
5 10 31
47 5 23
14 42 34
1 45 7
26 43 1
25 37 7
30 13 19
19 28 27
45 47 25
16 11 25
41 46 29
17 4 22
34 3 12
29 16 23
26 46 9
39 18 15
19 17 31
23 1 36
12 20 12
37 36 18
43 40 26
46 21 18
32 25 7
13 40 16
25 31 38
10 37 21
44 1 13
33 17 13
2 21 29
3 27 14
19 35 17
3 38 10
16 2 25
39 33 33
16 7 22
18 21 2
30 46 7
45 24 13
41 37 7
11 15 15
51 13 37
50 7 18
47 41 16
4 40 39
46 12 4
24 24 9
19 32 31
45 3 23
6 31 18
20 3 16
43 35 23
44 17 34
38 9 7
36 23 25
16 37 33
36 37 29
51 30 38
41 41 15
26 10 24
39 4 22
9 9 1
6 36 24
45 37 16
43 35 12
7 37 38
13 41 7
29 9 9
8 6 28
51 36 10
14 26 19
4 47 37
1 41 9
42 33 40
8 42 14
14 34 29
35 37 11
3 43 29
23 11 4
37 13 1
15 16 19
15 29 19
31 47 3
24 8 40
47 34 16
7 45 28
35 45 40
14 32 18
1 30 5
22 30 37
34 10 24
4 1 6
26 24 14
51 7 40
12 12 24
11 32 27
33 15 32
32 16 35
9 41 17
43 30 14
44 37 33
47 44 14
6 25 27
16 28 11
26 43 34
11 43 19
37 33 29
6 10 18
17 41 33
48 40 15
24 31 8
10 21 29
51 40 24
42 36 36
26 1 11
26 42 6
25 16 33
11 25 10
24 16 26
24 33 12
23 20 23
20 7 4
14 30 36
47 45 32
51 12 38
33 44 23
15 23 7
45 7 15
33 43 23
42 12 8
32 47 8
10 47 19
8 35 15
34 14 15
28 7 16
50 15 15
2 24 27
19 2 31
21 14 9
19 17 30
11 16 18
18 47 40
39 25 32
25 45 27
43 37 4
19 32 36
49 47 11
21 25 23
39 10 22
39 19 12
5 9 16
49 15 33
33 32 4
39 9 23
11 13 40
39 18 29
11 47 21
11 34 29
21 31 5
42 40 25
18 13 12
37 34 34
18 12 14
10 38 15
36 16 24
15 41 33
8 30 8
36 37 29
19 42 21
13 38 40
13 1 9
33 39 33
18 42 21
23 16 17
44 44 35
33 11 7
23 8 19
16 12 13
35 47 34
17 18 35
22 21 38
8 23 22
14 26 18
37 35 29
35 21 19
14 25 18
28 39 5
47 4 18
2 33 20
3 24 31
4 29 36
44 6 6
28 10 19
25 44 19
15 3 22
37 2 14
12 34 12
34 12 23
10 15 12
16 17 23
34 31 13
19 43 4
6 12 22
27 20 1
37 44 16
12 24 35
39 29 40
36 32 35
15 30 15
10 5 13
4 13 3
48 4 12
39 13 26
13 23 36
20 32 39
40 6 12
10 19 6
24 9 4
41 46 35
31 40 34
19 8 2
27 33 1
21 11 15
22 18 5
25 8 8
44 31 14
26 15 10
50 44 2
34 45 16
31 12 4
48 16 18
7 24 4
44 3 15
42 32 11
42 44 16
3 39 35
30 11 38
21 17 25
20 9 9
20 35 23
5 14 31
8 15 21
8 21 12
23 18 19
1 7 13
51 33 28
14 45 17
31 38 34
39 23 20
40 13 32
41 5 16
34 13 21
32 30 30
44 39 20
40 40 4
19 17 15
22 17 28
46 46 15
14 32 32
31 39 6
39 14 31
23 30 33
19 41 13
22 9 10
4 26 21
24 42 29
9 20 26
30 30 25
49 41 21
17 41 4
14 43 14
14 29 24
16 38 18
45 14 3
40 40 20
3 13 20
5 12 22
41 45 17
40 7 29
34 3 26
28 21 13
48 39 16
9 17 25
21 3 11
22 47 27
22 29 9
34 4 21
13 41 24
16 5 25
45 21 25
21 6 37
11 18 26
39 34 9
36 16 35
1 18 31
7 32 23
28 31 34
28 46 23
21 33 8
35 34 36
24 12 37
19 17 35
28 22 19
1 46 8
6 44 18
28 3 10
10 15 32
24 12 5
17 7 40
28 39 11
46 37 35
19 42 33
14 41 15
33 9 21
39 40 37
42 14 3
25 39 22
51 13 13
33 36 31
37 33 1
40 9 40
27 17 32
51 35 14
4 7 7
22 39 37
7 33 34
8 7 24
45 20 15
26 7 16
21 16 39
49 26 35
30 26 28
23 27 36
22 39 14
9 9 29
48 3 14
19 1 6
16 28 10
34 44 9
38 1 9
39 31 35
31 7 11
2 42 28
10 5 30
18 20 23
17 24 32
24 2 39
48 6 39
42 1 10
27 3 33
45 13 20
13 39 13
15 36 4
25 17 11
4 35 25
4 5 25
16 39 32
44 10 2
9 8 19
15 23 9
32 10 16
25 47 26
12 17 7
27 9 22
15 16 28
39 32 14
16 17 9
45 44 26
3 1 14
37 26 2
32 18 30
22 8 27
17 9 23
13 31 25
23 44 1
48 35 22
13 15 39
25 19 16
18 28 32
24 31 22
11 22 23
2 45 14
27 47 35
51 39 24
37 19 31
50 7 40
47 39 18
48 36 2
13 38 16
47 8 33
9 8 6
17 38 21
19 9 17
28 23 19
47 40 30
35 5 37
44 15 36
48 26 3
6 43 15
7 2 23
43 29 26
32 14 30
39 10 22
42 17 11
33 46 24
11 4 1
6 2 37
26 32 37
13 45 15
45 4 37
41 14 5
38 6 17
48 4 9
41 40 10
34 5 8
3 23 34
51 10 40
37 31 3
14 29 39
38 14 33
5 20 40
49 43 14
49 1 36
12 5 19
50 14 5
15 44 19
18 8 24
6 27 2
24 30 24
12 27 17
31 14 16
46 2 40
47 27 1
11 44 2
28 29 26
32 31 3
43 45 31
31 12 30
33 17 10
34 21 4
10 44 38
13 24 16
13 16 2
44 10 5
31 2 40
35 33 1
20 29 11
42 38 21
6 26 24
12 18 9
4 25 18
27 1 1
38 26 32
14 9 13
4 8 7
17 38 9
17 40 38
51 25 2
11 15 2
51 8 31
43 5 28
6 33 13
51 29 3
38 38 37
7 22 36
20 41 39
2 12 23
39 1 32
34 26 25
46 28 14
35 42 21
7 19 11
44 14 9
12 43 24
43 32 31
2 38 4
20 11 13
48 5 31
3 26 21
38 9 14
18 32 11
9 38 31
11 38 7
16 1 40
19 21 24
49 28 14
17 28 23
22 12 13
16 22 13
34 2 9
20 34 22
15 24 29
27 45 25
3 18 21
51 46 25
23 39 15
15 24 4
15 23 36
39 24 17
22 12 28
43 43 3
23 43 7
15 17 40
7 1 40
8 44 11
22 28 23
28 42 33
18 36 3
27 4 40
1 7 5
48 25 36
10 35 19
34 39 35
6 18 29
36 37 27
19 14 14
48 3 18
23 27 5
15 37 2
10 11 13
19 35 35
8 37 23
12 6 38
19 13 35
18 26 1
26 26 21
33 9 5
4 29 28
39 37 15
6 47 29
4 38 9
27 47 19
38 17 14
48 15 31
40 19 36
41 27 3
49 15 10
43 43 23
22 5 11
27 8 26
47 25 7
39 14 11
4 24 18
37 6 34
30 23 38
21 22 2
3 22 3
30 35 1
51 24 32
10 21 9
15 7 11
51 33 31
11 2 4
37 31 39
48 27 40
7 23 7
15 30 1
17 29 34
10 28 39
10 27 2
20 27 40
12 35 21
28 18 14
7 5 26
16 3 10
18 20 30
40 1 2
8 45 22
45 24 38
26 22 38
12 11 17
9 30 3
8 9 20
44 40 16
14 38 33
20 14 30
51 41 18
26 33 19
42 13 29
11 37 26
30 46 32
35 36 40
25 24 16
42 36 13
48 30 6
44 31 34
12 44 1
15 3 17
28 30 21
11 3 17
19 13 23
30 5 4
24 1 24
24 28 3
36 7 16
22 8 37
3 45 15
51 41 28
21 16 28
13 39 1
26 15 36
16 34 22
8 20 26
10 1 14
33 45 32
25 16 5
25 14 8
29 39 29
25 39 31
14 27 9
28 5 8
46 45 12
30 32 33
35 45 26
18 46 1
29 46 7
13 46 38
11 17 24
14 17 36
40 23 26
43 14 35
26 47 15
39 15 15
47 38 40
11 2 17
35 28 1
4 39 8
40 21 5
29 42 1
48 1 21
42 22 21
25 44 9
43 36 19
12 29 10
45 39 18
18 12 22
3 32 24
9 20 21
19 46 15
39 14 24
39 32 4
41 11 5
42 31 17
39 44 9
7 14 8
34 2 28
12 47 10
28 32 28
2 17 19
46 41 12
46 11 15
35 45 16
1 29 24
14 2 36
29 28 6
43 4 25
13 26 28
34 47 5
21 21 3
51 40 2
1 10 38
26 45 40
2 36 40
11 34 29
42 39 17
33 34 33
49 28 32
13 26 17
3 9 11
5 37 1
10 36 8
45 42 36
19 31 32
13 26 5
33 43 40
1 35 5
25 17 18
29 43 23
14 32 13
9 43 19
5 34 16
50 45 25
49 11 13
10 25 21
40 39 28
30 28 23
28 24 19
17 45 2
29 34 6
3 18 22
8 43 16
3 15 32
8 10 25
12 29 21
45 12 38
34 12 1
20 19 21
1 18 34
11 1 32
24 35 4
10 25 9
18 27 38
39 20 7
30 19 20
37 18 10
8 20 30
3 1 39
28 8 16
46 12 15
39 25 25
28 18 5
1 13 11
13 33 34
13 21 1
2 33 30
43 36 2
42 41 34
2 6 31
14 13 20
12 1 14
26 34 4
43 4 37
8 3 14
41 20 13
20 12 26
47 17 4
16 16 14
4 13 35
29 24 22
37 10 10
37 5 18
47 46 15
8 22 13
37 37 36
49 41 12
4 19 14
12 26 37
41 15 2
1 9 28
48 21 37
49 6 30
17 27 6
27 25 9
1 11 26
29 1 22
14 36 5
18 11 20
5 16 18
8 2 4
29 43 14
24 9 35
2 41 18
11 31 16
41 45 2
36 31 40
6 6 5
6 41 16
51 34 27
45 33 17
50 28 31
43 35 19
14 46 24
36 13 34
28 27 30
7 10 31
28 9 30
6 33 12
46 30 27
44 5 21
47 8 29
24 8 2
37 15 34
5 11 2
24 14 34
30 32 2
51 28 20
47 4 5
26 42 19
51 26 26
6 10 3
31 35 28
24 44 27
44 12 6
48 28 17
7 28 40
19 11 12
40 46 21
12 45 11
21 11 39
7 10 26
29 28 37
45 30 30
47 46 40
29 20 3
46 15 17
13 7 13
28 21 37
47 12 25
51 42 34
14 32 11
40 21 23
36 17 19
37 29 28
40 7 29
14 26 21
13 30 20
51 39 13
19 8 1
39 37 27
2 23 17
13 27 37
40 39 33
35 33 9
36 1 32
49 10 6
11 25 40
48 3 21
39 38 5
25 15 34
19 10 27
47 37 14
4 34 26
38 10 27
8 21 18
27 19 4
34 31 22
6 30 23
48 3 13
2 25 26
4 24 15
40 41 15
20 44 8
23 43 10
48 4 25
6 47 36
3 20 40
1 24 22
33 24 32
4 2 29
11 44 36
10 29 25
7 11 15
21 39 16
49 28 6
33 15 39
23 10 37
25 25 31
36 20 9
30 34 5
10 26 28
39 2 12
25 33 25
46 10 35
41 41 20
24 19 21
4 30 17
33 30 6
33 30 31
1 36 21
2 3 15
27 3 32
3 47 1
24 37 30
8 36 22
34 28 11
23 42 40
41 28 14
29 18 18
37 5 3
36 22 24
27 10 38
20 2 26
9 45 33
19 22 5
27 47 19
51 37 6
39 13 20
46 25 4
32 39 40
31 28 21
35 8 27
28 6 1
26 32 30
23 22 20
35 30 34
39 39 25
51 30 8
15 41 24
47 12 1
33 39 1
10 2 20
4 4 30
42 23 35
35 7 26
21 43 23
8 41 22
9 21 9
43 23 40
45 38 15
30 6 13
3 7 18
51 23 8
5 9 27
10 24 14
7 36 32
44 6 23
38 38 6
29 17 5
50 18 23
13 38 11
43 26 4
33 26 33
2 7 5
9 40 1
35 18 31
15 40 32
13 47 20
34 9 17
30 10 31
20 18 7
12 24 24
17 15 34
20 28 35
31 25 38
8 14 6
34 33 21
10 26 20
39 3 2
19 19 5
23 42 2
40 32 13
6 30 9
41 43 22
24 6 5
25 3 9
50 39 23
36 13 18
39 34 30
31 7 18
34 20 9
32 35 7
2 40 16
42 39 9
13 41 5
29 45 9
46 44 10
42 25 14
45 42 18
10 38 4
6 12 7
21 31 9
38 44 25
38 12 17
28 1 8
8 28 38
18 26 21
13 3 29
51 8 18
32 45 34
33 5 35
11 47 6
26 28 8
47 32 6
30 18 28
41 40 1
15 38 35
25 35 6
10 47 18
40 13 30
1 44 34
43 17 7
44 31 18
28 5 39
36 40 36
32 27 4
11 5 10
18 5 13
22 41 18
44 34 21
39 43 10
35 47 22
47 24 40
50 22 6
35 40 36
46 7 30
9 8 29
30 36 29
33 36 5
20 5 7
37 7 9
8 28 19
20 45 39
25 7 25
29 12 37
21 37 20
44 46 30
14 33 32
7 21 10
21 37 7
32 37 9
42 11 37
23 1 30
10 43 31
45 2 29
20 24 34
17 6 21
12 47 1
21 7 27
1 8 23
47 8 26
50 41 19
6 12 24
2 8 33
15 14 7
27 2 39
42 21 5
51 9 26
10 5 8
20 1 2
2 3 36
50 6 9
39 12 26
24 33 37
24 5 11
16 8 13
15 22 13
18 36 27
19 4 31
10 36 39
37 15 24
33 23 17
46 8 32
16 3 31
46 41 29
32 9 31
16 46 19
10 5 34
37 41 5
9 2 5
48 38 37
16 46 10
38 13 13
50 33 32
15 24 27
9 47 4
29 39 22
43 43 4
38 25 11
38 18 18
11 11 22
8 25 34
8 43 39
7 12 28
5 8 21
9 1 31
19 16 9
39 47 1
16 39 18
5 32 7
35 32 27
11 25 32
21 7 22
30 9 33
12 4 30
33 39 9
42 47 11
40 33 39
34 23 12
9 13 7
35 21 39
28 21 35
19 27 39
47 1 21
29 36 1
33 17 2
12 31 20
34 44 31
49 18 21
13 5 25
41 19 12
8 32 25
51 16 30
48 43 35
51 25 14
36 12 32
11 37 39
5 37 15
8 30 10
47 39 8
23 12 38
44 33 13
8 23 10
28 18 1
17 19 38
45 39 32
20 21 18
4 44 6
3 2 17
29 14 18
35 35 34
41 3 28
27 36 10
6 37 34
16 32 39
31 3 9
40 36 39
32 14 21
21 39 21
35 5 2
37 38 34
50 43 4
12 43 12
42 11 21
21 47 5
5 33 16
8 34 37
20 4 27
39 42 4
22 1 22
50 14 28
5 35 4
11 26 37
33 9 6
43 35 35
11 35 14
25 46 35
33 39 10
50 15 17
2 20 19
38 13 2
12 42 13
42 40 4
8 35 16
49 43 28
46 43 30
13 17 9
30 4 2
47 34 7
14 26 11
43 3 20
28 25 17
27 10 4
27 42 21
32 36 9
9 41 28
26 20 3
10 6 18
32 31 34
11 26 38
24 40 32
20 1 34
7 20 39
12 42 39
23 10 2
12 43 22
43 1 13
34 16 14
15 44 7
12 3 27
46 23 6
35 25 20
35 26 25
20 11 2
2 42 30
22 34 16
51 3 22
42 26 23
31 24 19
2 20 38
30 10 23
49 3 18
26 16 11
9 25 32
51 44 2
29 42 32
21 10 20
14 35 15
47 21 27
27 1 4
30 4 4
14 20 37
15 34 30
3 8 36
12 28 29
38 31 24
14 24 38
37 30 30
35 27 36
19 36 20
17 34 1
6 15 28
7 6 35
35 30 20
42 22 7
25 3 37
42 4 40
38 30 37
21 31 36
33 9 8
49 17 12
51 7 31
25 13 24
29 18 28
46 47 8
7 20 20
31 39 21
43 32 6
43 40 9
31 18 3
30 33 33
22 5 40
34 32 10
28 26 27
43 22 38
23 41 1
26 34 26
18 11 6
15 38 32
50 44 37
50 33 36
50 13 16
13 19 38
48 34 27
37 39 31
9 8 21
49 31 13
28 23 29
23 21 16
15 33 32
5 39 38
10 10 5
38 28 38
25 36 7
40 34 37
10 27 6
44 12 27
36 22 31
40 29 18
29 26 3
3 39 13
19 38 26
25 11 25
13 22 14
10 33 25
10 21 24
4 23 5
42 40 5
37 16 9
20 18 40
6 4 10
29 8 1
29 25 7
22 41 16
5 16 33
3 33 27
51 40 19
9 6 20
44 20 38
1 22 32
29 23 3
29 18 39
51 2 38
41 16 17
47 30 7
40 3 27
31 43 16
10 17 12
32 4 31
8 45 21
14 34 3
44 13 12
22 5 9
38 5 17
45 6 33
19 11 35
2 41 24
49 47 7
8 25 27
14 32 32
45 43 36
14 21 9
47 37 18
45 39 6
25 40 2
29 30 14
36 47 14
2 45 29
2 23 24
1 28 23
20 33 27
48 40 7
46 9 8
51 12 16
5 46 38
4 8 3
7 9 25
4 14 8
51 32 16
17 31 12
15 11 12
28 40 5
35 10 19
26 14 7
14 4 20
33 1 29
36 32 26
21 31 12
17 26 3
45 22 36
36 25 28
31 23 28
28 27 13
11 32 38
26 44 21
26 3 30
36 23 19
43 9 27
23 4 30
34 38 5
29 1 29
9 24 25
7 7 34
24 12 2
16 17 30
35 4 6
36 33 7
38 7 14
49 2 7
17 26 22
42 24 6
18 3 23
13 30 7
25 9 24
23 45 17
1 12 6
31 26 3
31 2 21
6 21 36
46 9 31
36 6 18
9 35 19
6 3 15
17 3 10
12 2 2
7 35 9
24 16 5
37 21 15
29 28 13
16 29 27
14 37 23
1 39 9
38 23 25
14 43 8
6 20 33
23 32 24
5 6 13
27 11 31
2 6 18
49 31 29
26 8 31
15 22 19
12 45 28
33 41 22
7 42 29
15 15 6
41 9 15
46 27 29
18 32 15
48 24 16
23 44 11
50 7 37
38 29 26
26 38 20
17 36 22
5 47 17
3 39 16
50 20 38
32 12 13
29 4 22
50 23 7
47 19 4
45 25 37
44 27 13
28 2 23
20 6 21
40 1 10
17 42 33
24 31 15
28 13 38
47 29 32
36 21 30
10 44 14
48 3 28
7 19 28
14 14 27
45 11 26
21 37 29
13 8 26
6 22 15
35 23 37
7 7 32
20 12 34
26 13 30
27 29 14
18 25 37
35 9 21
8 14 37
38 26 21
7 36 11
36 6 29
37 39 40
26 25 2
50 41 34
8 33 34
17 34 39
13 21 3
32 21 33
16 42 32
24 17 36
19 11 31
20 40 13
50 43 23
27 8 14
40 32 4
51 45 12
5 44 32
14 35 31
3 23 36
48 46 2
4 9 5
48 8 38
33 18 7
29 37 17
11 5 37
20 39 6
29 18 27
40 29 13
3 38 8
16 4 22
38 36 28
9 13 37
19 33 34
4 41 40
43 16 26
46 31 7
3 35 37
42 18 9
7 35 30
41 43 39
5 39 9
22 20 22
24 22 15
11 38 22
39 13 25
24 19 14
40 27 36
44 32 19
20 24 40
49 30 20
22 20 40
33 36 27
15 36 36
46 14 8
50 2 20
15 12 40
31 4 5
1 36 14
2 15 40
14 42 34
18 14 17
46 28 32
35 35 4
40 22 8
17 18 30
10 24 2
29 13 29
13 25 35
19 30 11
4 30 19
25 14 22
29 22 10
25 31 14
34 25 30
24 42 1
36 27 32
22 43 25
14 32 7
45 28 2
31 19 12
14 25 25
45 8 6
43 19 22
48 15 19
33 6 13
4 29 24
16 26 20
18 31 5
20 9 26
9 10 37
1 23 36
3 37 40
7 3 20
11 25 31
3 35 19
3 30 32
41 31 33
14 10 30
4 7 26
51 20 33
10 14 24
33 19 12
43 46 4
33 11 19
45 44 23
27 44 35
30 32 28
20 33 9
22 31 1
45 43 35
44 41 14
22 39 38
32 19 1
34 30 28
17 7 39
22 21 13
4 45 13
33 45 19
27 36 21
2 37 27
40 26 34
3 10 29
18 31 28
19 47 5
27 3 5
51 21 14
9 19 15
45 44 8
15 2 2
10 42 2
41 5 15
48 39 35
9 30 27
26 25 33
27 34 18
20 8 12
44 39 26
20 24 26
20 30 4
13 42 37
31 39 31
5 4 18
30 11 6
7 15 2
39 23 2
13 33 5
18 40 20
19 44 2
10 15 37
31 22 9
15 39 22
36 43 40
35 18 40
28 35 13
17 15 32
18 31 23
23 38 17
18 30 18
16 20 18
39 25 6
20 6 12
45 21 23
36 44 20
28 13 32
20 21 36
49 47 35
18 10 38
29 38 33
42 11 20
1 39 36
40 25 6
26 45 40
26 21 28
28 46 9
17 45 2
5 13 14
24 17 19
26 10 36
24 23 21
34 13 20
15 41 39
42 46 37
3 9 2
28 31 35
19 17 18
40 41 25
1 5 27
43 20 32
46 30 11
37 2 31
7 21 1
35 11 14
8 39 35
50 27 11
46 22 32
48 7 27
16 43 14
37 32 38
32 41 15
18 20 16
33 8 17
18 27 2
15 28 3
33 13 38
43 28 38
45 24 27
19 41 16
14 41 27
16 11 29
42 46 28
10 18 39
48 24 4
16 21 8
14 35 5
3 29 20
43 15 10
19 47 34
48 13 26
28 24 37
29 2 39
41 14 38
17 25 23
22 15 3
22 13 27
21 1 22
34 36 17
40 13 26
5 37 16
49 7 31
21 46 40
19 6 17
35 19 29
41 18 21
20 6 10
31 13 26
42 19 10
19 4 24
14 45 18
37 32 19
30 41 36
17 27 33
8 1 26
1 6 8
48 26 15
12 30 20
30 18 40
39 25 31
13 9 27
31 23 30
17 46 27
42 33 19
37 4 25
38 32 37
38 24 37
51 21 8
49 12 9
25 14 20
40 33 28
2 31 2
22 35 19
25 46 3
7 1 27
47 42 14
38 33 8
26 11 18
14 18 18
15 12 17
18 43 10
44 18 30
3 31 23
15 20 22
28 38 20
36 7 32
15 45 15
40 26 38
7 26 3
39 40 18
42 5 22
23 35 37
34 19 20
38 30 12
34 14 21
20 33 11
25 44 28
14 40 36
30 23 39
44 22 40
11 23 38
13 5 35
7 30 26
15 40 31
25 18 3
40 8 38
20 45 29
25 11 34
38 38 16
16 39 12
46 42 2
47 33 28
29 27 11
25 38 26
40 45 39
3 16 20
51 19 5
47 7 39
15 34 28
13 4 22
34 23 7
3 23 5
22 7 8
7 8 13
47 39 33
45 10 22
29 5 11
32 35 6
3 2 30
13 20 13
41 16 24
35 12 31
4 24 19
8 47 9
11 15 10
35 19 28
48 29 14
30 32 32
11 24 29
18 24 11
50 37 4
41 19 29
20 11 18
14 41 10
43 30 40
12 38 8
15 9 9
38 42 19
17 10 21
5 29 36
12 18 12
51 19 22
19 13 13
47 22 40
32 20 26
32 2 37
5 14 11
21 15 19
22 15 38
5 46 28
44 18 16
28 45 30
41 14 13
23 46 11
26 41 37
42 11 20
50 47 39
49 1 16
47 5 39
32 12 35
27 38 2
49 20 2
5 29 6
34 43 19
8 26 6
45 36 27
48 25 39
41 37 28
15 9 23
30 7 34
41 23 27
25 9 8
14 19 36
20 8 16
11 39 27
8 40 17
41 25 39
45 11 30
41 3 12
5 12 28
26 26 31
13 14 33
46 14 7
48 39 35
12 33 17
20 29 33
8 5 18
33 25 5
1 32 31
28 19 6
22 18 36
7 17 25
46 21 39
26 31 10
35 37 37
47 47 2
1 23 37
41 10 30
32 32 26
31 42 29
50 44 6
21 7 21
2 19 6
20 2 37
37 1 15
5 9 16
48 24 22
4 46 38
17 43 31
38 44 30
49 26 25
30 21 13
3 9 17
15 25 5
29 18 17
15 15 20
32 27 12
9 29 30
47 4 21
41 12 14
43 35 26
6 23 39
6 26 20
28 7 17
16 40 7
33 26 26
48 5 37
23 47 24
35 10 8
35 7 6
17 32 12
2 12 15
3 16 21
43 44 14
2 18 33
9 46 39
37 43 17
25 33 5
46 39 36
26 22 9
31 16 39
35 17 31
32 13 36
47 38 33
3 28 26
17 40 33
24 35 21
48 33 37
31 37 3
19 35 35
4 21 32
23 29 37
29 30 7
14 45 3
18 3 32
26 43 19
20 38 16
23 4 33
42 40 19
37 18 3
17 40 40
48 4 18
21 29 23
5 15 31
45 21 17
51 18 35
6 36 27
31 2 35
43 4 12
31 44 33
11 19 19
40 42 39
16 27 16
51 2 38
11 4 29
27 4 23
47 24 3
40 14 36
35 29 18
22 1 21
9 8 24
5 19 18
20 23 8
6 15 37
38 47 21
26 40 17
19 33 40
7 31 36
38 14 17
38 6 21
13 1 39
43 21 31
29 47 28
22 43 10
14 32 38
3 27 31
51 38 30
12 31 14
18 37 2
21 47 31
7 5 33
11 47 8
8 4 27
4 19 14
47 18 2
5 3 5
43 27 34
13 34 7
28 43 17
2 41 8
10 44 19
18 33 24
15 7 15
47 43 10
33 5 2
22 13 35
25 44 21
22 27 27
43 46 17
21 42 6
31 27 9
26 43 18
38 2 5
40 3 38
36 34 12
4 43 27
7 5 29
32 18 36
38 6 32
10 34 35
9 28 37
6 23 28
18 23 29
5 44 16
38 19 15
7 33 12
22 28 11
13 36 30
1 41 22
42 40 20
34 43 28
20 22 11
28 21 4
29 29 17
36 20 5
6 12 37
17 6 28
6 37 5
41 24 6
9 6 13
31 31 13
50 39 29
41 25 18
37 38 3
2 23 19
48 41 30
51 22 2
1 2 1
34 11 39
9 12 21
15 7 32
6 4 39
8 37 26
9 2 40
22 17 5
38 1 13
32 15 7
2 12 22
25 34 16
19 24 36
29 26 16
23 24 20
17 44 36
6 20 38
44 42 16
30 21 25
3 2 13
4 47 20
33 37 8
5 37 21
13 28 5
11 25 3
35 27 18
6 29 39
41 9 2
12 12 32
16 12 15
43 34 15
26 28 36
40 19 31
7 40 3
15 7 17
42 36 27
21 43 13
8 44 33
8 29 6
12 15 14
3 21 5
14 2 31
14 40 18
26 25 21
5 42 19
39 42 11
38 9 30
39 17 34
47 4 24
46 29 19
14 6 32
9 28 2
47 23 19
36 24 16
2 21 7
39 43 34
13 24 17
28 31 15
48 1 15
9 26 12
7 1 21
17 39 39
7 8 22
45 41 31
47 2 30
38 43 10
29 8 18
50 19 1
24 13 24
32 28 16
23 14 29
29 34 37
29 47 37
12 14 25
11 8 14
18 4 23
15 1 36
39 14 17
40 24 34
19 5 9
29 35 15
33 5 3
37 32 10
35 38 9
27 10 25
50 47 9
51 44 26
40 12 25
23 23 25
28 14 18
45 11 31
10 35 36
7 35 4
1 44 22
50 20 10
31 16 20
34 1 21
7 15 16
34 24 17
29 34 14
35 36 36
14 19 2
51 6 25
19 2 37
36 12 34
46 35 37
29 43 4
49 39 29
26 8 32
12 1 3
31 16 12
4 31 40
42 35 31
46 8 31
24 12 8
41 8 34
36 25 26
3 19 6
18 27 13
31 7 36
46 37 32
39 38 30
24 45 9
39 10 20
23 27 16
14 17 6
21 25 20
22 25 21
3 26 11
14 4 9
30 28 20
27 19 26
42 12 2
43 23 38
22 22 25
9 22 18
20 43 15
14 29 30
19 45 32
23 8 29
2 31 2
16 6 40
36 44 19
42 14 37
29 41 20
13 7 3
45 16 1
26 6 31
27 26 21
34 47 36
3 1 1
2 23 4
16 4 13
48 16 17
12 37 27
28 19 13
32 11 17
51 1 13
8 29 27
50 28 19
10 33 20
23 33 27
10 19 19
6 17 1
26 43 19
12 6 22
19 12 2
50 44 18
46 14 26
8 34 19
51 35 37
20 2 1
42 43 5
36 33 24
3 23 4
23 28 22
10 2 21
16 15 37
39 18 37
38 9 18
6 17 20
38 37 27
2 45 33
8 36 19
1 5 15
40 41 11
1 39 13
18 27 7
46 11 30
16 16 12
35 31 35
39 9 8
35 45 16
31 33 18
3 12 23
22 6 34
4 27 2
46 28 29
51 40 32
4 11 28
47 12 17
26 27 19
31 8 18
12 46 22
1 41 24
6 18 40
9 45 26
34 6 3
14 7 15
3 35 20
23 26 26
5 24 7
29 21 9
3 30 6
46 42 12
29 9 8
9 26 40
21 28 20
19 21 37
39 37 21
37 15 6
9 36 11
22 12 27
14 3 40
27 18 12
50 30 35
24 32 19
50 19 36
33 12 17
17 20 7
45 42 25
20 19 8
47 9 1
4 39 1
31 19 20
10 11 9
24 27 39
48 45 24
27 41 7
20 20 39
25 12 30
29 9 6
39 35 31
30 28 14
3 14 39
43 26 11
48 6 29
33 15 34
10 18 5
8 15 29
18 22 15
5 15 3
19 15 22
8 33 39
13 37 38
26 17 1
5 42 9
41 5 4
36 25 15
42 3 37
18 44 19
51 33 7
51 22 22
47 23 22
37 21 23
15 46 21
33 11 3
9 10 17
36 3 25
7 20 27
6 39 18
14 14 14
37 45 13
2 22 24
30 42 34
39 21 8
20 19 15
42 8 32
12 9 34
11 39 4
27 10 36
28 21 16
23 20 30
23 11 16
3 45 8
20 24 22
16 40 6
26 40 5
22 30 1
22 8 15
31 20 24
30 9 12
1 31 1
22 37 12
9 30 29
26 17 34
17 41 18
18 16 32
34 20 3
7 13 34
48 20 9
21 7 19
23 39 9
28 9 37
25 46 36
42 36 20
23 23 3
1 30 26
27 18 7
21 24 16
9 16 27
17 28 20
28 2 19
30 43 10
44 14 15
10 4 32
7 14 1
50 45 23
51 38 28
20 30 27
35 45 18
32 45 28
21 20 9
3 26 8
44 37 33
26 9 27
28 2 13
40 42 30
3 27 10
32 5 37
11 25 24
25 27 23
27 9 8
31 17 12
31 2 30
51 47 4
32 8 21
2 29 8
23 17 7
10 44 13
36 23 18
8 5 1
6 17 25
28 44 31
41 10 31
11 29 6
49 9 10
27 7 26
30 3 16
22 31 18
10 33 25
25 43 35
1 10 24
11 25 27
34 43 3
44 6 29
29 25 31
8 33 14
23 44 32
24 21 24
43 7 22
16 41 3
8 37 17
49 13 12
27 46 23
18 40 40
35 42 25
19 47 11
4 27 11
5 32 24
25 34 15
21 4 6
24 7 33
25 6 10
21 32 34
5 6 6
25 28 28
2 38 5
51 26 27
24 32 29
42 20 40
25 3 37
42 16 25
40 5 12
29 10 29
40 2 25
32 36 38
17 5 16
34 39 18
5 39 37
24 12 18
39 24 6
41 42 14
13 16 28
20 20 34
30 4 2
32 16 37
51 43 29
19 12 34
41 7 20
10 39 2
39 5 19
30 22 35
4 34 31
8 2 7
37 2 6
22 31 37
31 14 40
7 1 17
23 2 26
5 23 6
45 22 37
29 2 37
8 19 39
29 37 5
30 12 16
36 31 1
40 47 37
42 36 2
44 44 39
1 16 29
51 20 18
38 8 5
10 26 7
6 19 20
8 8 38
4 4 29
49 39 34
11 38 31
39 30 31
44 45 8
37 21 10
3 42 19
16 1 1
33 33 13
18 33 21
30 6 20
12 17 12
12 9 27
50 17 33
31 5 6
38 7 9
26 16 25
49 30 9
10 11 9
49 8 34
47 41 30
21 27 28
30 41 40
46 3 28
36 10 28
11 37 18
32 34 36
40 28 23
29 33 6
26 14 27
7 22 19
42 11 15
46 23 23
40 24 37
40 16 4
9 13 37
1 25 23
41 38 25
5 36 19
48 12 19
14 21 30
30 30 24
1 8 35
47 27 1
4 21 13
22 19 15
15 2 36
37 30 7
2 24 30
43 38 33
11 23 19
28 29 19
23 3 2
11 17 36
47 43 32
27 34 22
45 45 14
18 3 11
38 13 33
15 42 39
11 34 27
1 2 1
34 2 15
47 47 33
39 26 15
31 19 35
27 44 3
33 1 34
35 13 3
20 43 22
3 38 24
25 15 6
2 38 23
16 27 14
14 20 40
50 27 39
25 47 33
45 7 2
30 44 29
20 6 27
42 32 24
26 16 28
50 10 30
21 29 35
13 35 14
40 2 16
3 36 37
34 27 34
11 20 31
16 23 33
8 30 15
3 29 37
51 4 6
49 18 22
29 33 10
42 10 26
28 22 3
43 30 13
11 18 8
25 45 29
21 18 35
46 25 20
7 3 2
18 32 27
42 9 40
7 2 36
11 21 29
42 3 32
21 5 20
31 36 23
27 10 39
50 12 3
16 45 25
46 46 4
37 33 31
47 34 8
38 19 40
23 26 38
6 43 10
47 27 35
27 4 19
21 1 11
37 42 11
23 25 8
30 5 1
15 6 13
32 8 21
36 43 3
13 12 33
4 34 30
17 24 21
51 12 15
14 29 24
39 43 13
18 41 26
36 11 19
27 38 22
12 17 6
19 18 32
18 17 10
33 15 38
3 46 36
47 14 3
10 31 17
23 31 29
17 27 29
40 19 12
33 28 27
36 19 31
49 45 29
34 3 5
47 36 26
14 4 20
40 18 19
8 39 39
51 39 13
31 11 30
38 19 8
32 3 32
46 22 38
21 21 7
28 30 22
22 24 7
45 29 11
2 41 34
19 29 11
12 38 6
48 3 24
51 23 40
42 2 31
49 17 8
19 22 16
29 11 3
50 12 15
18 29 14
35 19 13
10 3 26
9 11 27
3 15 33
44 23 38
25 35 24
34 13 17
22 8 35
36 3 25
35 11 13
51 31 10
10 26 37
50 7 34
22 47 3
48 9 5
35 8 35
31 7 24
32 4 21
48 46 9
37 22 10
48 5 7
29 16 1
20 21 17
35 38 36
16 22 20
5 35 13
3 32 25
1 7 9
19 14 7
5 28 22
40 19 3
43 36 4
47 18 36
12 24 29
35 32 3
43 43 19
18 7 30
29 16 16
51 28 34
15 35 21
38 17 36
50 2 3
2 7 38
39 11 1
15 3 1
15 10 19
48 41 23
41 26 38
38 36 1
20 43 1
19 20 5
3 16 29
48 44 27
19 32 18
20 29 9
10 26 22
48 4 18
15 47 8
5 42 17
42 3 14
22 12 5
42 31 16
7 18 25
21 2 4
51 10 6
50 37 27
9 32 28
37 42 10
22 41 24
16 11 14
4 21 24
34 16 27
44 1 23
46 12 2
27 27 5
34 8 18
29 32 28
27 20 40
2 10 18
42 14 9
50 25 15
16 42 22
35 18 8
45 47 35
41 38 12
31 24 21
29 17 15
8 8 10
49 28 1
6 8 19
21 27 24
29 10 36
27 45 19
27 30 33
44 15 39
7 1 6
4 15 19
39 33 33
19 2 36
47 29 12
11 42 39
45 15 13
33 19 40
45 16 30
30 17 13
31 20 16
11 19 23
14 5 21
23 31 19
14 24 4
31 23 2
19 14 25
15 17 21
19 41 40
50 46 40
38 28 30
1 18 23
6 11 19
40 25 36
30 1 33
48 10 29
15 21 1
19 18 15
19 40 10
46 12 13
44 29 18
2 37 24
18 29 40
41 9 22
18 42 19
9 25 32
35 21 28
11 44 27
35 9 19
16 41 14
5 43 20
39 28 9
32 38 40
30 24 23
35 34 37
12 8 6
10 35 3
24 46 15
14 14 29
20 10 5
28 28 29
17 14 3
44 10 37
13 41 26
46 45 38
48 31 21
1 45 19
34 44 40
38 11 36
5 29 9
18 5 4
44 27 10
15 28 22
17 17 35
2 12 19
51 43 9
34 47 23
20 16 29
8 30 15
2 47 12
35 16 14
46 15 18
12 17 21
15 46 39
7 29 34
45 1 17
47 26 14
38 22 9
29 45 14
17 25 26
8 12 8
41 37 27
34 43 18
45 33 19
49 32 25
16 8 32
34 37 10
23 9 10
30 30 23
50 26 25
4 29 24
28 5 18
7 39 6
39 18 38
13 38 30
33 21 33
33 17 34
41 4 39
38 45 23
1 26 38
12 8 7
23 27 4
17 18 33
6 23 8
15 31 16
14 3 7
30 18 16
17 25 6
33 42 40
19 21 36
33 42 18
26 26 4
14 45 4
42 24 37
28 12 8
1 33 28
23 35 40
16 42 23
40 16 24
5 41 6
27 8 28
51 17 39
12 34 27
40 23 2
27 41 39
6 1 16
35 10 34
48 11 37
49 46 20
42 34 14
51 29 27
27 46 24
46 4 14
37 41 7
23 40 31
28 7 27
44 3 33
12 22 1
22 25 12
28 20 22
40 9 30
22 29 9
10 46 32
47 7 2
27 34 33
49 31 28
16 17 25
51 35 20
40 16 24
1 46 35
19 23 26
3 30 24
40 3 39
32 33 37
23 27 25
34 38 36
21 21 1
12 30 3
33 21 1
23 3 14
21 38 32
35 35 35
34 27 3
29 14 33
37 43 10
4 22 25
28 45 24
42 37 13
49 16 40
41 29 40
8 22 14
13 25 15
36 27 12
42 7 18
18 13 4
17 25 3
47 32 1
33 40 28
51 9 19
32 24 21
3 15 10
28 18 19
37 16 11
10 19 20
43 17 26
7 7 29
17 8 36
29 9 2
51 37 3
39 27 16
17 36 4
44 46 12
23 19 10
38 16 37
28 14 32
45 15 10
29 23 9
27 6 12
18 37 9
46 42 17
46 41 17
22 44 9
33 26 31
15 1 36
28 31 24
41 19 27
33 28 30
45 34 28
4 43 34
48 31 27
23 13 18
15 17 23
46 9 3
16 45 28
47 25 29
31 21 36
2 46 37
7 29 13
19 30 13
26 39 19
7 6 31
43 39 25
11 21 9
6 21 30
16 27 31
7 45 10
1 19 18
19 27 26
28 39 27
44 41 20
26 29 11
51 6 31
41 13 31
24 11 24
33 31 24
36 23 29
33 27 29
5 21 29
18 2 23
38 21 3
5 8 20
43 27 35
17 2 7
16 45 27
27 15 28
5 34 15
37 33 36
23 38 36
41 17 1
44 41 33
28 44 23
25 18 32
9 40 22
7 38 30
28 13 29
8 22 11
50 9 21
51 11 15
12 16 20
30 6 39
21 22 26
50 18 5
35 29 19
13 4 31
45 5 5
29 10 23
32 33 16
18 21 25
23 14 29
13 3 16
4 28 39
7 13 40
32 29 40
27 10 32
32 30 19
17 13 38
12 14 39
27 16 2
35 10 32
1 3 28
20 21 20
24 17 9
15 23 6
6 15 22
36 41 26
25 21 34
50 21 10
4 38 11
19 47 27
50 15 15
28 10 21
13 32 18
44 43 16
22 23 40
35 32 17
3 3 21
19 43 17
6 25 38
37 31 14
25 39 38
30 8 36
13 42 28
30 5 37
32 4 12
11 45 7
2 33 40
5 41 37
10 38 3
48 22 22
38 41 19
29 12 20
46 11 37
40 34 32
43 6 13
29 17 14
15 37 21
44 20 23
26 19 25
32 25 5
25 28 14
41 46 20
51 25 4
18 38 40
14 41 1
24 18 15
8 4 18
8 26 15
25 8 13
28 24 5
8 33 36
7 33 10
39 1 40
3 33 12
20 34 25
43 24 27
27 32 11
46 35 36
8 20 13
11 19 24
44 45 29
2 41 5
13 26 10
51 1 3
37 7 11
42 31 8
22 5 6
22 18 27
24 30 11
39 40 23
31 28 1
7 42 36
5 5 38
39 32 35
12 1 11
1 3 6
43 39 3
26 35 9
26 11 5
7 10 23
43 33 20
47 21 10
22 30 22
33 24 8
22 38 36
49 31 17
12 15 37
17 10 17
34 37 20
4 46 26
29 43 12
13 12 6
42 40 20
27 15 22
6 14 34
15 8 40
42 35 14
30 19 28
28 25 9
28 38 17
43 26 8
5 40 24
10 47 19
13 10 14
32 36 12
41 47 33
21 44 7
3 25 3
39 2 17
18 38 19
31 19 4
13 24 24
39 36 7
42 39 16
34 8 16
17 4 5
43 46 22
6 14 7
8 7 17
34 39 12
22 7 35
27 45 11
6 45 34
34 26 39
23 4 35
25 35 21
19 40 31
32 34 26
17 44 30
6 25 18
37 38 20
11 3 20
2 34 20
8 43 16
9 33 37
21 11 22
45 22 23
40 4 19
13 33 14
36 16 8
12 19 14
43 40 37
42 9 6
43 4 3
10 4 30
10 17 17
5 46 10
36 25 35
3 37 34
15 46 8
39 30 9
20 5 23
45 44 38
41 12 38
31 11 10
30 20 36
46 8 26
26 42 13
33 37 39
22 42 4
24 26 17
11 16 14
23 19 7
25 37 20
43 23 26
50 46 33
33 3 24
40 45 8
6 5 11
16 30 5
15 26 30
29 11 35
31 25 9
5 11 31
29 1 16
29 16 22
1 6 5
28 24 39
23 31 12
49 14 17
46 43 9
21 45 9
45 28 19
3 2 11
18 21 16
40 9 17
28 37 7
44 14 33
2 36 16
37 3 32
9 12 29
51 23 9
4 27 8
37 8 32
5 8 3
29 2 1
19 19 1
37 16 19
44 20 21
20 41 10
34 18 36
27 10 27
40 17 38
34 42 12
31 18 3
27 23 27
18 17 5
5 3 33
28 22 23
16 5 19
41 7 22
27 26 9
4 29 18
5 17 36
28 35 7
30 23 33
8 3 30
28 17 26
15 2 10
51 15 33
40 24 14
44 15 31
41 14 13
20 16 1
26 26 30
40 3 32
4 37 40
28 45 15
17 24 27
26 39 19
26 33 31
31 25 33
41 40 36
51 3 10
5 33 32
30 29 29
35 1 24
1 27 7
1 47 34
9 38 8
31 17 26
16 6 13
2 14 16
44 38 2
38 2 18
30 28 27
21 34 17
37 33 2
29 16 24
23 18 18
27 2 26
30 3 14
29 44 17
31 38 18
26 17 22
30 47 4
29 21 25
31 29 13
20 22 25
13 23 11
36 36 25
7 14 28
7 24 22
44 17 11
42 9 30
47 2 4
3 7 3
4 3 30
35 32 10
23 10 16
18 29 26
42 45 12
29 32 19
31 30 16
19 36 18
23 42 34
4 45 34
33 38 6
17 11 30
51 16 18
51 22 29
23 6 20
38 37 4
44 29 35
6 29 22
13 18 12
2 39 38
41 43 21
42 23 24
16 10 31
7 4 13
22 18 1
21 43 3
23 7 2
42 22 32
28 37 27
23 35 17
33 38 27
44 38 26
34 21 3
40 9 32
26 38 38
38 31 29
47 35 36
45 42 5
21 6 28
6 7 29
9 5 5
17 28 7
1 35 17
9 19 30
38 28 28
32 42 28
36 43 26
13 46 39
34 30 20
27 32 9
27 20 6
40 10 25
13 23 35
12 24 9
4 16 37
33 15 20
11 26 33
29 20 7
36 21 4
14 30 1
11 22 9
22 16 1
19 14 6
47 8 31
34 39 14
26 21 40
28 17 5
21 19 11
47 31 8
35 25 15
25 1 11
43 15 36
40 26 7
2 33 33
44 37 40
51 20 39
20 35 17
50 15 25
22 8 19
11 42 30
21 46 7
23 25 16
41 2 13
51 9 5
45 32 23
46 18 32
30 11 39
28 7 5
36 24 13
35 37 32
11 46 35
49 17 6
5 43 15
20 15 28
4 18 35
13 7 24
24 33 11
14 10 18
49 29 8
25 16 24
43 5 9
40 33 31
30 17 19
31 2 2
38 42 40
19 5 40
33 10 20
16 24 5
5 35 1
2 37 9
48 13 36
3 31 28
25 12 33
33 31 17
18 18 11
7 8 29
31 38 15
4 34 14
32 40 32
13 29 12
49 12 23
18 47 29
17 32 2
29 11 38
36 12 29
47 38 33
40 42 15
45 19 39
47 42 6
46 17 35
31 35 10
34 33 11
30 11 18
38 2 29
13 47 15
31 43 16
13 11 5
49 9 36
7 38 7
35 1 15
25 9 8
20 7 5
1 27 13
7 28 30
49 46 38
39 1 19
3 10 17
29 43 35
35 20 11
29 43 1
1 43 23
31 41 16
6 12 38
49 15 40
30 15 10
42 21 20
45 18 21
51 14 15
48 38 20
34 40 20
9 28 16
30 47 19
29 41 1
49 16 39
21 5 35
22 35 39
45 31 19
45 20 21
26 10 37
42 41 12
41 27 9
34 41 5
44 27 8
40 33 14
28 34 36
28 44 30
14 32 14
18 15 40
9 39 3
24 30 33
17 31 19
7 13 27
39 18 24
47 15 11
43 33 25
46 15 23
11 23 28
18 13 36
44 9 10
29 17 24
14 30 31
13 25 35
28 36 19
3 7 29
7 10 1
38 38 4
36 2 40
30 43 18
48 30 26
24 16 26
15 22 2
26 32 11
13 44 22
42 6 30
18 28 26
41 7 4
13 15 35
15 36 34
23 17 10
6 40 27
32 8 34
50 4 26
30 33 29
25 30 29
23 47 15
2 10 29
50 7 5
40 5 7
35 32 38
49 42 14
44 8 21
20 38 38
30 12 40
17 29 13
42 33 5
47 27 10
5 13 2
1 32 37
51 14 18
39 11 3
27 21 14
35 12 13
37 17 2
31 7 10
5 39 30
4 46 34
34 46 26
49 33 33
45 33 24
34 9 8
20 14 18
23 16 15
11 6 4
30 4 19
27 26 36
7 47 10
46 14 36
46 15 7
24 8 5
7 41 17
41 36 7
5 13 18
38 11 4
11 43 8
4 36 7
10 36 24
37 41 25
14 36 40
11 13 30
50 8 1
9 41 23
29 36 7
8 43 2
36 29 6
19 34 21
24 26 7
4 23 13
16 42 24
37 16 34
39 24 19
24 3 13
43 36 31
28 46 36
11 9 20
14 12 32
45 8 34
27 1 32
43 23 13
3 34 12
5 45 32
27 21 24
5 27 9
39 31 17
30 32 26
44 36 17
1 44 35
43 32 26
20 28 33
32 3 23
36 19 29
47 47 26
38 46 26
4 31 14
2 3 30
39 17 36
19 34 5
22 9 6
7 29 2
11 47 8
12 46 16
48 20 1
19 21 4
51 31 22
41 10 27
38 13 23
37 44 24
30 23 20
15 32 21
2 45 7
4 32 24
8 43 23
50 13 26
1 5 4
31 3 15
32 12 6
27 47 2
21 44 5
38 45 38
21 24 21
43 30 36
27 30 29
18 38 26
18 31 9
23 16 30
11 42 26
14 25 13
50 11 31
13 6 29
20 22 10
27 38 28
28 27 18
25 28 32
19 22 34
13 37 22
9 27 23
21 14 22
12 46 12
2 42 3
27 20 29
23 40 16
19 39 3
45 47 9
7 24 28
34 29 6
10 7 15
38 11 21
1 27 9
33 28 15
38 14 35
7 41 26
48 15 7
51 11 2
17 12 6
17 38 18
32 11 14
25 16 39
38 33 24
25 3 36
35 37 16
48 11 31
37 4 19
47 30 32
40 32 9
50 18 24
18 47 34
7 31 20
28 20 7
44 3 5
7 25 9
25 9 15
15 26 17
22 17 29
45 19 15
43 22 35
12 42 39
33 21 35
29 15 11
9 30 6
3 10 37
35 15 13
8 25 24
40 35 30
13 38 12
21 45 24
12 27 26
19 38 16
15 42 39
4 30 40
39 45 10
3 39 6
39 6 32
35 12 6
50 11 33
35 15 3
23 33 2
21 13 10
19 33 27
18 10 35
43 22 27
12 12 12
49 43 9
20 41 8
35 42 31
26 44 20
15 34 24
24 32 2
49 22 24
18 9 22
2 6 27
7 6 3
25 1 14
4 40 2
42 29 31
29 16 35
19 18 37
21 6 1
28 23 15
35 8 32
4 36 4
1 6 5
43 23 25
49 20 35
5 24 39
7 8 37
6 2 30
8 30 33
10 32 8
12 47 20
4 28 22
10 21 9
30 45 7
21 44 10
27 44 29
9 21 5
45 43 11
1 22 10
22 24 39
37 4 32
10 45 18
8 27 9
21 4 39
23 47 3
12 47 40
2 6 35
47 1 4
11 40 9
12 35 33
12 28 9
33 17 32
7 32 28
45 44 31
37 7 5
40 21 30
29 10 32
47 38 40
21 14 31
46 39 27
49 7 28
14 18 23
37 31 13
30 26 2
42 2 24
45 32 3
11 25 31
3 34 29
27 22 18
31 30 40
29 4 38
3 22 30
39 18 21
33 3 8
29 4 33
51 14 24
42 4 25
46 23 24
36 8 18
11 18 12
10 46 17
33 25 9
6 40 8
7 34 32
35 20 35
3 30 29
28 38 9
28 41 8
21 44 18
15 13 39
26 35 21
45 42 31
17 23 26
24 28 23
12 34 1
8 43 6
2 27 20
26 41 34
38 44 7
25 17 3
51 29 8
22 42 7
19 34 12
48 9 29
5 15 40
22 20 25
32 33 34
26 7 36
27 23 8
45 30 10
32 5 33
31 13 12
41 13 30
24 13 24
47 14 28
24 47 1
45 43 37
46 36 34
14 24 25
32 30 30
24 28 20
46 32 27
37 17 2
14 15 33
49 1 8
3 32 15
48 4 25
45 22 13
36 43 11
15 7 40
1 44 38
6 45 39
36 35 16
26 3 35
49 36 2
21 3 5
40 30 31
51 31 5
32 43 13
16 25 8
5 5 24
22 46 32
24 22 6
9 11 25
28 29 18
8 29 33
43 38 11
26 34 27
49 15 30
16 30 8
47 41 34
25 23 11
27 23 4
2 20 7
29 41 18
20 10 19
42 36 2
8 18 13
27 22 21
45 28 8
8 42 23
37 1 17
47 44 3
23 37 31
23 23 32
18 42 8
4 2 32
40 30 21
2 15 33
17 40 26
5 46 5
38 42 3
27 39 19
8 22 16
2 30 14
19 6 36
39 47 22
19 35 25
21 26 30
34 39 13
41 5 14
47 44 8
39 35 32
18 25 38
48 28 26
47 5 32
43 7 9
4 5 29
24 23 25
12 41 33
23 8 16
27 38 8
48 11 8
36 17 32
11 43 21
15 38 2
44 40 21
47 28 18
45 3 37
21 45 13
50 47 12
16 6 30
45 18 18
42 44 5
28 32 14
34 25 15
23 35 5
23 35 33
23 30 24
3 7 6
38 3 23
50 11 1
22 37 22
12 47 39
33 28 28
12 38 29
21 12 34
12 17 13
44 45 5
27 27 25
23 7 10
51 1 7
6 41 15
5 16 24
40 31 40
35 9 17
51 23 30
6 17 31
51 8 10
8 9 31
14 18 33
39 23 7
39 39 26
17 28 30
36 28 20
12 17 23
11 19 28
25 31 11
32 28 12
6 23 12
21 8 35
29 24 34
4 24 29
38 33 33
33 4 15
9 11 3
23 5 16
7 7 38
16 40 32
43 39 17
6 35 34
18 7 9
2 20 15
22 46 34
31 38 13
27 5 29
45 19 15
2 43 10
14 24 29
33 9 36
5 17 18
22 11 35
31 22 12
40 47 35
41 17 3
13 21 23
38 4 18
18 41 23
36 8 11
17 42 16
1 46 11
29 29 28
30 15 37
8 45 26
23 11 29
6 44 13
45 11 16
40 45 15
50 44 4
31 17 13
1 5 24
46 17 13
2 39 7
45 25 31
7 36 40
2 47 39
25 11 25
28 44 18
18 39 22
31 24 1
48 29 5
38 26 6
29 16 39
24 22 2
30 25 13
30 42 12
20 35 37
29 19 14
35 25 33
41 23 16
26 30 31
22 41 8
27 10 33
34 18 25
36 26 40
35 24 14
42 32 39
8 45 24
18 23 21
15 11 10
45 44 3
26 26 4
32 15 35
2 32 36
3 30 15
33 45 10
29 15 20
22 20 4
45 46 38
49 46 40
49 15 24
27 10 38
39 9 28
26 40 1
18 32 37
27 8 22
21 38 40
13 31 37
20 15 29
37 14 25
43 17 32
51 1 4
31 6 29
14 1 9
43 41 6
15 35 26
4 10 7
31 36 8
9 13 11
3 31 15
26 47 31
15 14 37
2 16 30
51 35 19
44 47 1
50 46 27
48 22 33
12 38 40
23 24 23
9 1 5
42 18 21
12 20 34
8 22 15
19 11 14
46 29 40
29 9 3
14 30 25
35 16 5
13 47 28
4 28 7
23 12 6
43 47 24
29 21 5
9 47 14
9 13 25
25 40 11
39 41 40
10 5 21
43 37 13
9 41 33
9 42 25
31 31 17
31 41 25
14 41 11
2 24 4
41 41 13
15 34 8
12 4 17
19 16 32
14 31 31
48 26 24
44 25 20
44 23 16
17 18 4
14 26 28
22 45 27
20 29 9
40 23 18
49 12 1
26 19 28
42 1 24
44 46 12
5 26 20
31 29 28
2 7 39
26 25 20
19 31 11
6 37 26
4 35 17
42 17 19
7 22 29
46 36 15
41 15 11
47 21 8
32 26 14
19 1 26
49 30 7
37 34 5
32 12 35
9 32 30
38 47 27
42 14 33
10 20 40
14 23 32
49 20 6
40 7 34
51 4 4
17 10 34
8 47 20
2 28 25
43 45 8
48 1 21
16 43 13
30 3 20
25 14 6
21 35 22
7 26 7
24 32 36
20 39 18
49 45 32
19 4 12
30 13 36
45 40 22
12 26 35
20 4 1
21 29 30
22 12 31
15 3 40
21 42 37
21 24 3
30 39 23
16 37 6
10 20 9
39 11 22
29 42 4
7 12 15
24 46 34
48 27 38
7 39 16
46 39 27
3 27 9
19 38 20
15 3 7
16 13 19
30 3 39
18 38 6
3 4 19
38 12 32
32 42 34
32 1 23
43 32 30
16 22 11
21 20 22
13 47 8
28 5 33
32 14 35
48 26 32
4 28 34
8 45 8
35 42 19
43 37 13
19 15 25
34 42 33
39 25 6
51 18 10
37 11 1
3 47 2
41 11 14
30 31 1
36 40 5
33 43 37
10 26 26
16 13 31
15 30 24
18 42 2
45 44 20
29 34 9
19 24 15
34 40 40
44 5 26
32 18 40
21 17 39
16 39 29
42 38 25
24 9 12
37 44 36
16 11 27
30 41 13
26 9 18
45 20 17
43 16 22
26 16 33
2 34 28
11 8 2
18 38 17
8 12 30
4 12 19
4 20 4
1 30 6
17 28 37
46 31 9
9 15 3
38 14 25
45 47 40
4 34 17
21 31 27
14 40 10
16 6 20
44 32 36
25 40 36
43 34 24
35 25 14
17 10 22
22 39 3
9 21 13
41 21 37
8 1 15
45 35 1
20 24 22
17 13 30
5 6 28
28 40 9
16 9 36
43 2 22
49 40 10
8 45 19
32 2 33
26 32 5
41 15 22
10 11 20
7 24 13
42 45 28
14 19 24
43 37 40
27 16 29
42 7 35
18 37 21
18 41 16
39 45 4
31 10 13
38 9 24
41 5 2
19 16 10
48 18 40
43 34 22
38 4 30
36 10 14
27 41 14
17 13 8
45 33 29
35 21 5
18 3 25
26 44 25
28 32 27
17 43 4
45 16 38
37 7 40
43 46 1
26 24 36
30 23 24
6 42 25
3 46 17
31 8 35
47 20 22
45 6 31
45 42 18
34 41 18
46 36 37
6 27 38
37 3 19
2 25 28
10 40 4
13 14 27
23 32 3
3 15 31
29 40 27
24 45 30
33 44 17
20 32 24
50 31 39
17 37 27
27 10 3
30 30 39
21 46 36
36 38 1
15 19 1
3 20 26
10 27 24
45 35 27
14 23 10
6 10 38
22 1 32
40 7 28
50 20 4
30 22 19
36 44 22
31 40 40
34 38 7
17 9 3
6 17 1
36 28 27
31 28 34
27 2 35
19 19 28
32 8 19
44 43 31
40 43 39
18 11 29
7 18 10
28 5 28
25 31 28
43 2 35
26 45 20
2 35 13
8 12 35
43 46 4
16 33 14
33 47 31
30 7 4
8 24 37
51 26 12
5 27 33
36 46 36
4 18 7
1 40 28
36 33 35
49 7 17
35 38 7
32 17 24
36 10 19
28 30 11
47 8 9
21 9 34
3 17 12
25 23 24
41 24 26
48 41 28
4 46 6
43 6 38
47 12 12
1 42 21
5 10 27
49 3 29
27 17 23
43 46 29
47 33 9
22 20 8
46 23 10
15 1 27
32 1 16
46 20 10
37 7 10
21 4 21
8 15 18
10 33 28
35 33 24
14 28 18
35 23 17
10 37 7
5 26 35
14 41 22
30 21 24
28 5 19
42 25 8
20 13 34
3 46 3
8 32 22
27 46 2
2 17 10
21 9 26
24 39 31
37 13 12
29 2 26
33 5 7
20 43 27
38 12 23
50 16 19
11 45 21
4 5 22
26 32 17
51 18 3
20 3 3
50 47 1
26 29 34
15 26 26
11 8 3
42 29 8
35 26 17
13 3 7
30 21 4
33 42 2
28 41 25
3 19 14
22 45 25
32 6 36
11 23 22
40 7 30
27 13 6
46 47 33
50 42 39
37 32 1
16 23 14
31 11 10
30 3 11
34 28 32
45 18 13
24 27 19
8 28 7
22 32 40
50 12 1
13 4 24
15 17 10
22 29 4
25 8 39
13 42 13
46 26 16
44 6 24
49 25 11
2 43 39
22 40 23
18 34 37
7 40 31
48 14 10
35 45 5
6 42 12
18 1 14
2 41 13
22 29 27
4 37 2
38 4 12
44 18 5
20 46 37
3 18 13
28 12 21
51 35 2
15 30 37
1 8 38
42 8 18
25 10 38
12 3 29
5 35 37
45 5 24
34 17 17
36 41 34
39 9 22
16 40 27
11 22 7
31 19 28
51 31 10
15 32 2
36 29 24
45 36 3
6 29 25
6 20 29
38 37 6
21 7 36
38 12 28
18 30 20
18 32 24
8 47 30
40 12 18
46 4 28
28 22 40
20 8 27
9 12 3
25 10 21
25 38 2
25 21 21
50 16 38
44 9 4
9 32 15
29 38 31
46 33 29
12 37 21
51 26 29
25 11 3
2 31 28
42 2 26
13 36 12
22 16 20
51 21 4
40 42 23
26 32 6
33 3 29
2 30 2
35 30 36
34 46 30
3 27 30
15 36 29
19 35 15
39 34 1
49 36 1
11 16 9
50 5 28
4 3 19
49 26 12
2 17 28
46 35 31
28 8 38
45 32 34
15 37 25
15 46 19
42 22 37
9 12 33
42 28 24
9 36 9
26 36 24
25 32 26
8 26 14
30 28 16
46 3 27
12 6 31
31 14 40
27 38 22
33 14 36
17 27 40
39 32 11
47 2 13
24 24 18
1 17 23
8 37 3
29 31 19
51 39 10
7 20 10
39 26 19
47 27 35
12 39 30
22 20 18
36 6 1
35 19 2
2 20 3
28 1 7
23 41 18
47 22 35
30 43 29
13 22 7
6 14 16
6 7 2
44 32 19
27 16 4
13 18 23
47 35 15
9 31 24
10 20 40
14 45 11
4 3 22
38 29 11
50 1 14
12 22 10
29 43 35
29 17 4
29 37 13
15 26 12
1 35 20
11 37 7
42 43 21
5 10 37
42 13 11
7 14 18
47 30 36
35 44 21
4 30 5
21 32 20
35 21 27
5 16 2
50 38 28
2 37 34
6 19 39
38 13 37
21 26 17
12 34 5
31 8 14
2 44 18
23 46 23
10 1 29
16 10 39
37 26 5
36 7 29
1 21 5
43 45 22
21 13 27
9 10 9
37 23 5
41 43 6
34 22 4
20 21 26
12 28 14
16 27 13
48 1 28
36 12 37
48 45 29
48 13 16
33 35 26
3 37 21
40 25 18
22 20 37
33 15 17
18 13 18
3 1 31
17 33 23
7 7 18
17 10 6
39 34 10
25 9 6
35 42 3
39 12 2
6 4 28
5 29 24
39 28 1
49 28 30
38 23 5
27 5 18
49 6 2
14 32 39
47 38 7
7 20 2
7 18 1
4 14 5
5 15 21
34 21 25
46 27 29
15 5 27
43 35 40
17 22 24
12 3 29
48 18 24
35 16 31
4 15 32
15 26 2
45 33 1
44 34 38
10 24 6
10 45 21
14 9 7
1 30 1
