84 64 3753 3071
3992 3741 4548 3267 682 772 926 4406 1184 646 4008 3661 3520 486 1614 3228 1107 2358 1029 2696 3052 3652 2255 907 123 2122 1854 3679 10 3504 4694 4034 2411 3438 4288 2434 683 2287 4606 2816 3240 2457 258 1796 2673 517 801 3991 4130 195 2307 1918 382 3067 515 2186 1587 1719 4155 2230 1521 4711 57 4598 
110 4751 2293 3136 3053 2323 4672 4586 3410 1017 994 1651 3612 3740 824 1874 2676 119 2746 887 3274 4500 1114 1720 1583 3721 2042 663 1550 2943 3987 102 1342 1071 1694 1390 842 2828 695 2409 2609 4296 3452 752 4181 2888 1518 1860 3924 951 4326 3093 2228 3355 562 1875 2048 1500 1874 3865 4524 1898 583 1277 
798 2873 3083 924 4599 1678 10 4494 1925 4104 3349 2351 92 1503 2357 2588 1764 568 1262 1746 4042 3030 1657 4451 3960 2167 3424 933 4343 2570 1663 2711 955 4416 4168 4454 1070 4867 377 263 672 4343 4657 4551 2734 4367 122 4016 4551 2417 4777 1070 919 3211 1665 1504 1111 1538 455 3921 2795 4096 943 925 
1243 666 660 1288 1325 699 3266 791 565 1492 1185 473 4306 4264 2497 1601 392 3650 501 4513 4506 4081 1318 1685 4492 4429 2128 4509 4700 927 2950 3868 3145 551 3086 251 1905 3825 3875 2049 1324 611 3503 4133 2966 4264 3683 1316 2050 4086 190 4190 2756 1971 340 3912 4207 2076 1730 501 4478 829 4151 2443 
1817 2233 922 137 1097 2493 1969 3295 2402 3174 3377 4051 4720 2033 450 1581 4885 1703 1578 943 1314 915 3998 1655 1219 4680 528 3943 3343 4901 4711 2055 3434 3905 1452 585 1732 125 4136 2171 1033 1021 3143 1385 2018 4765 4503 929 4805 4045 3348 1135 2430 948 1478 3160 1109 1670 3445 1470 3218 3525 1872 1485 
4560 1123 1256 4383 513 4220 2785 836 1318 948 2191 290 2593 1246 2177 1989 2755 1664 1729 4859 4697 2318 4288 3888 4168 1605 1269 4074 1883 2933 4166 2388 2148 50 3018 1392 3060 1787 454 3519 18 1505 4287 4396 714 3733 3555 1996 623 1580 3019 280 4006 1129 2580 4285 1612 4686 3079 103 4038 4012 2741 414 
4755 2535 4164 2697 987 4591 1047 603 2989 431 1611 4722 3562 2868 4616 4131 3275 3171 3034 3301 643 906 1103 4269 2422 1004 1300 2579 4201 1917 2722 2062 894 2211 1418 2488 4101 2539 2303 2925 3629 3309 4127 3104 42 2210 4502 677 2215 4681 2081 447 2693 885 2480 3852 2610 4305 1680 4644 222 1626 1894 3550 
2105 1422 1492 4857 326 1575 4178 3807 1759 4049 1571 2558 4311 96 4416 1510 4563 1163 1554 785 1279 228 1507 81 4705 3690 596 4830 3126 405 4903 312 3944 4870 3593 2828 151 4015 3764 1112 4123 895 169 3756 2532 2122 2834 106 4472 3240 1756 858 926 3467 278 4807 4174 4727 2785 4154 4085 910 4398 2627 
2114 4692 2759 2706 3906 4797 1222 924 1619 3852 1778 2741 3758 559 1761 4481 4753 3190 949 4753 2146 2667 40 4871 1557 3200 1093 4441 1408 1007 2577 3461 4905 1062 4219 656 4561 3661 2051 2851 1645 4148 3854 4556 3833 3981 4389 748 543 1061 528 1287 4847 16 4064 1929 1133 4173 1557 2966 4260 4420 4577 1446 
2767 4413 4681 4603 1552 3849 971 1255 2884 3710 643 3801 4427 4428 4200 1204 3379 2608 1615 1226 3176 2243 2150 4492 1012 3089 710 3027 3303 3201 3280 574 2804 4586 4238 3460 1125 2236 1342 2410 702 1775 296 719 3890 4588 4683 545 2813 3757 2883 2216 1177 1560 449 1588 4048 2386 3306 1239 1369 628 4542 1325 
799 13 4806 1276 3216 285 1496 3676 3576 2318 4010 3803 4031 2111 1076 1896 2747 788 4505 3957 276 1921 3517 1363 579 4842 2079 555 1247 1028 4652 2812 3460 3605 4883 3621 4248 1518 1905 3311 1746 3111 1099 4227 3425 4538 2540 4877 185 1755 3527 85 2699 2421 2489 2292 1393 3241 2819 11 4505 822 3315 1257 
2886 887 435 276 1155 428 3770 1693 794 701 4481 507 1744 1363 1651 4685 4421 4817 262 687 1400 1506 3683 4822 3317 671 1677 396 1734 400 3158 4387 1268 2445 1707 3071 1532 2003 3928 3781 2547 1519 4096 4781 413 1018 3920 2208 3550 2304 1019 2145 633 2418 4520 4643 131 2640 2892 1350 3211 2514 663 2959 
2511 4500 2256 1629 708 3276 800 3192 1900 4812 4847 1317 4487 484 4637 660 796 701 2446 2294 3429 255 80 1875 4512 620 3449 4580 2197 2103 2822 2310 175 4608 3112 3646 4148 611 1545 1807 4476 1496 2068 4250 1260 219 1243 3443 3074 2668 1602 2115 317 4567 678 1690 2595 919 3452 3609 3153 1838 922 1226 
950 3886 3867 2891 2076 3098 1056 1197 1394 3641 2314 3834 3797 726 2023 3431 974 69 2359 3749 3352 4371 1661 1452 2862 870 3037 4146 2183 4397 4350 1448 354 664 4777 2334 4121 3089 1366 185 4079 1675 1278 2130 2584 331 1725 2882 3869 2539 3422 4832 2983 2989 3435 3584 2962 554 490 1580 3004 1059 2125 3687 
3749 55 308 4197 1698 1844 2894 3418 1888 1216 2133 911 1714 3994 2504 276 2749 3574 2278 3867 4538 216 3321 261 1847 1039 1411 3800 4734 725 4059 4878 4490 262 3285 1232 201 2114 1804 1778 4260 2329 797 595 2389 3947 1796 2871 2878 1736 367 1904 2236 209 3322 3427 3336 3856 4586 1344 717 1369 4734 1552 
2497 4595 1688 3521 3432 1943 3291 3008 793 4505 1827 404 2353 749 1007 1295 3780 3498 4581 562 3421 1005 4432 2537 1310 1887 3795 2464 3061 1908 2611 4236 4450 429 4852 2802 4146 4396 1802 4768 952 3072 1233 4647 1446 1073 737 4153 46 2805 586 1264 131 4860 2156 1927 422 885 639 827 4708 598 763 4073 
711 3075 2712 1722 329 4010 1667 3213 1490 1520 4821 827 3485 2013 2122 366 2970 1058 872 801 675 415 2867 601 3739 3018 3895 3231 1527 4456 3931 4374 2268 2878 4655 216 2897 3878 4665 2804 4102 564 3657 2675 4670 1123 4504 1127 4603 3830 923 2823 3653 4887 2175 2653 1607 1442 694 4653 932 709 2109 4390 
510 1747 1211 2703 517 4547 3716 2829 4908 3119 4665 1305 2813 2770 4327 4695 1844 4102 316 1152 2589 4585 3732 4408 940 586 2427 3718 2323 2964 4346 3911 1719 1902 460 2017 4059 3947 2286 4764 4747 913 3634 902 2897 1225 155 1598 2141 1027 543 3523 1593 4450 58 2386 1836 3380 3671 4694 3258 607 282 4190 
3994 751 1968 3758 4072 3445 733 1250 1109 1512 3568 1726 4253 4169 3819 672 1029 317 4060 2645 2850 422 3590 2502 4816 4593 1146 1117 1943 2523 1304 288 4798 1688 1349 2867 2978 427 3470 601 888 2681 4848 3944 3667 3527 3783 2426 90 1155 4759 2391 230 2028 559 1073 4590 104 4093 4728 953 3643 4528 4054 
4824 1619 949 631 4402 1692 2847 3527 57 2261 1524 2894 4611 1430 3241 3022 1631 3932 4166 1116 3522 2302 4091 1370 4647 2296 1776 2152 2369 1716 2107 4617 3298 4213 2153 3305 3717 3790 3470 698 3774 4381 3333 259 3196 3096 638 4389 4599 4513 4362 691 202 2820 733 1979 3668 2775 814 988 4155 609 1562 3616 
4295 74 3827 2366 4322 3970 3639 915 3605 2385 139 1783 4757 1143 810 1058 1712 4420 2136 2070 1716 772 1101 1096 2768 11 33 3630 2643 124 3239 2641 4689 2047 1972 93 838 2557 2509 1723 79 2189 1101 1500 2456 323 2858 2525 2315 2649 3950 2077 2793 1748 3562 2042 4160 3711 846 1916 1155 1750 3493 1713 
2920 3337 414 2062 2734 1661 3580 432 1965 2762 1561 1492 1212 4277 3943 2935 2568 3402 2943 1225 779 4357 3228 408 1245 1212 4156 2394 247 931 3992 3879 4095 562 3110 1077 377 200 4711 1480 2276 2336 166 3472 3657 3526 4301 994 954 557 1251 2947 1503 764 2187 1823 4227 3496 3588 3818 3873 165 2653 1438 
1806 3328 2788 1521 904 4853 4055 507 4493 933 2505 1593 2217 3876 3691 1504 311 2548 4157 4270 1862 2960 1352 1741 3255 4238 4438 374 2283 3724 496 2587 375 929 201 834 1623 3043 2327 3964 1020 4123 1478 980 1818 2153 3965 3426 1290 4584 759 2396 3032 1648 3335 763 1383 3773 4656 816 236 3805 4827 495 
4030 3772 119 1610 3838 836 1390 938 1862 3505 2986 3188 4616 2366 3061 3863 1942 1283 4674 2520 406 4765 1852 1580 4664 4893 1549 4745 2348 2197 4246 2404 2396 2724 3635 430 3397 3272 4068 4811 824 2515 3848 2686 853 3686 23 3276 3424 534 2855 2368 4156 3715 1745 2235 3665 59 4608 4599 4556 3783 3679 1149 
1320 3196 1702 2406 2066 813 483 3040 1742 4253 343 4163 135 4360 1246 2112 2233 4288 3644 2463 2217 4542 1035 421 304 3952 566 3577 1515 1456 1832 1811 1015 1631 4190 2667 530 1130 4624 1256 1835 547 2876 1862 243 1942 3447 3576 3266 367 2739 2911 2903 1516 3597 3894 1619 3939 2974 481 111 1472 4178 584 
4832 2439 1578 3353 2414 3298 3930 4901 780 1426 2869 4238 1256 4556 2356 2905 4702 4504 4298 1419 341 950 3663 2919 52 4863 104 289 4809 1018 2862 4081 4757 1843 1357 2445 4838 2628 3203 2080 1217 2131 4578 1040 1316 4177 2639 2390 3713 706 4056 2329 4834 2141 944 2734 3973 1571 2083 1449 4218 1311 1933 851 
2428 2353 1969 3415 4886 1620 1152 1538 676 345 4236 220 3399 145 4541 3103 3395 437 3078 2388 948 4037 2283 3345 809 1649 1040 4001 2986 2320 4599 2732 1990 3969 2268 1605 2407 2540 2451 3269 4326 4852 4718 2367 3727 4292 1557 2766 1327 136 3127 2233 4822 3326 33 141 4719 395 1092 4220 1016 3609 1713 4123 
4155 1503 2403 1227 4040 1227 1629 4643 4660 1313 2031 862 997 3211 3825 4629 3858 3655 3265 4408 207 3549 653 437 2575 1113 542 289 3312 1516 679 1281 1507 2733 1028 4190 3963 1714 2484 2863 1588 2577 2434 2861 1935 132 3946 3088 2412 1815 2575 2800 3127 949 639 2042 4087 2328 4714 4091 1643 2244 1682 3049 
4420 3675 3541 151 167 2689 4420 3542 4173 2211 1575 2507 3577 4136 2828 4818 23 2199 4106 2706 364 927 2871 2451 32 938 800 335 1539 1886 4548 3599 4504 4282 2139 1894 2155 4769 4713 1111 4177 2755 4063 4358 1278 990 2460 2132 4794 1365 451 2921 1874 1440 4791 4362 126 1472 2546 4895 1510 1969 2122 509 
2974 873 1207 3528 669 4302 1997 4546 4744 1106 155 3949 2836 3602 4800 1473 80 2382 4641 3551 1320 2113 2504 2819 3515 2094 3051 1884 2886 1732 4283 4260 1052 4282 4728 3617 2334 3100 977 625 1296 4522 2475 3871 4656 812 2098 4117 4097 4189 3868 354 1536 4781 1001 2977 4784 1416 2298 4451 1286 1416 4365 4860 
1384 431 17 130 1838 4689 3671 1705 2867 3754 654 1681 3421 494 2743 2816 3357 1990 2634 4804 2011 553 1113 4799 1200 1641 1608 4096 3813 1890 725 3395 885 329 1480 1317 4327 1985 1868 1630 751 1303 498 3538 4107 399 4427 4156 24 3561 3424 1680 2305 2208 2388 3666 1178 3138 4218 4520 3370 597 4818 698 
4415 3105 2504 3514 32 503 220 1458 2081 1699 677 4753 4705 4305 2846 3144 1699 2690 3300 979 1783 4302 2288 2028 4572 228 2388 2796 3204 3425 1507 1951 470 4347 2061 4464 3817 3581 1357 2120 931 3013 45 980 1785 210 1612 3116 2631 2839 1531 2856 577 3316 1515 2663 3784 2710 25 1158 3473 3507 3693 2905 
1806 787 3148 3175 2856 3734 2019 3192 4546 4282 1278 619 2167 3436 3806 2578 446 2831 3533 2989 1774 4321 766 3176 810 4700 2242 431 3741 439 376 1835 3986 1093 2647 992 3525 4633 227 2910 1989 4367 1043 4152 1537 2966 4742 2863 4309 3364 1547 4066 126 4363 3606 1513 1003 3701 1232 4467 1794 1130 3934 2905 
3950 3600 2006 3900 1136 208 3665 4290 2624 2038 990 4296 3468 2101 662 2319 209 46 633 4001 1389 1587 968 2701 3162 1298 2579 1322 3485 2272 631 1173 210 4658 4454 1553 4781 3975 97 2889 2314 2175 365 2093 483 1550 3560 1521 762 2161 1798 74 3682 671 983 2321 648 177 3779 4449 4399 3438 348 3114 
4071 3306 3636 1421 4604 1191 2507 285 4754 3603 4554 4613 432 3332 3321 4802 3151 3655 1036 4092 4578 4795 1224 597 3325 2367 3399 2016 2152 1805 4242 4264 3083 2273 2867 471 4006 232 2355 4075 4815 2849 550 4286 196 1216 4594 3422 2181 4348 4310 4880 4512 3930 1390 3012 1920 3810 1656 559 100 2799 3027 2398 
4102 406 1327 2166 4067 1894 2474 4614 2531 4019 2244 3565 4721 1778 1185 4046 4563 2971 4541 596 1619 3555 2500 2552 2220 4853 2218 1241 2492 2567 983 2127 4097 1013 1064 393 3892 4225 2178 1964 3595 508 3840 1605 3173 2587 678 4561 325 1233 3937 2870 2495 700 2422 2375 1682 2373 537 1859 1031 1075 1984 1121 
1364 1846 530 3814 2192 3674 3203 4675 1487 2030 3098 1770 216 1011 1279 509 4044 4201 3239 2965 4788 404 2426 500 1575 2712 2797 57 1870 1730 1659 2061 3073 995 4046 2643 77 2373 2169 388 30 4076 1301 770 4421 4258 4186 2548 4202 2321 1990 2871 603 4016 254 225 743 1552 2002 2673 4828 2428 374 1304 
4642 4017 3081 348 183 1939 3869 1170 2865 2693 4444 3515 3194 1429 2682 1240 1976 3649 38 3516 744 3602 4027 2172 398 4207 4270 2010 3437 2523 2736 3293 4631 2885 2868 2476 2123 3398 1481 1863 4152 692 1155 4901 2632 504 1857 1661 2241 3616 259 4004 1375 2091 3266 2450 332 3043 2471 2334 905 1225 3628 1872 
1266 262 1233 1808 4057 3448 2108 3369 99 377 631 2215 4905 2856 352 436 907 119 2698 2085 906 338 4848 1851 1258 218 72 3487 2815 2124 4864 2036 4879 702 2962 3931 596 1725 4542 2848 1717 2405 3209 3871 1559 3478 2727 3201 2875 25 4850 737 3402 117 1576 1566 3477 2257 1926 442 1236 4235 3676 3709 
2587 3074 1082 144 1523 4418 2750 4756 4693 964 1554 165 2350 2250 3657 4089 2024 2419 3152 1285 3626 3434 785 125 1864 1139 1367 3665 4173 4071 2012 1437 2582 4016 3470 382 2744 4587 390 3693 4595 4683 2678 3860 1597 1717 2752 741 1616 2658 607 2637 2696 3271 263 1370 1686 723 2846 1917 2529 3839 2378 15 
1257 2605 1895 3669 2561 2925 2047 2787 3497 4859 2182 3791 4563 1204 999 742 1634 2565 936 1752 474 48 4609 4040 1340 285 1678 4669 2003 1263 4889 1934 548 1359 1070 4094 4474 328 797 3895 3137 3716 3819 3003 1161 1945 3338 4784 2037 2235 3943 224 3876 4616 3601 2395 820 3792 4228 2451 2305 229 653 954 
2006 3564 4842 2913 1600 1507 1296 3938 4188 4687 1090 4204 4584 3647 2848 846 2343 2881 2121 2302 2112 3274 800 2753 1605 993 311 1921 2101 3061 679 1405 2097 2020 3601 2275 1530 207 4895 2250 1863 3916 4156 1350 2962 2273 473 3713 2444 1088 2967 4324 1944 2405 4179 2061 2875 3639 521 3361 279 4012 2305 4409 
3418 3322 2118 174 3395 4868 875 4262 2344 2597 4284 1854 441 3750 1464 2606 4631 3905 3535 86 474 848 3269 1985 3852 4526 1288 3896 3343 3593 962 228 2648 4354 4498 1326 673 1799 3011 1905 1232 922 3209 1016 688 4606 3248 3145 2161 1061 509 2124 3259 2683 1437 4628 2461 1466 152 1941 4634 4514 3151 1037 
4214 4318 375 4773 4806 2881 4063 4242 2426 3068 4529 1784 1425 3228 4128 1938 3332 2093 1497 537 4442 1851 389 4574 124 2877 2471 2872 3966 3959 1451 1426 893 3282 1315 2502 1456 1399 87 716 3925 3802 1420 1434 4880 2546 3393 1586 2902 1218 3257 1421 2420 2292 592 1751 2874 306 4851 1418 4003 1781 4651 3819 
4626 1957 52 3807 1075 2590 1275 4041 4456 810 4778 3980 71 4144 2671 2424 3713 2216 542 2831 2027 112 2926 828 4094 970 4294 4487 2943 128 510 1025 173 2695 4452 2057 2506 1526 4815 1195 1523 3358 3985 4406 210 3592 3597 379 356 444 1075 1378 3245 1274 1762 2030 2782 2726 3684 1305 3144 4286 3035 4114 
2877 1916 4097 1502 1907 1414 3285 3659 490 2969 2401 3526 2934 1709 1803 760 3250 371 2546 34 944 1311 3761 2980 3442 4565 3787 3390 1362 250 2991 2909 62 3358 1790 1200 2900 3726 4061 866 381 4129 180 4463 761 2345 1743 3863 256 46 237 2477 542 570 3799 1767 2497 3630 1380 2449 4720 2127 2931 1215 
1458 3148 2199 4666 3444 4451 958 3083 504 2324 2811 558 2568 1591 3335 1614 2807 1280 764 3756 592 1079 1322 1238 433 3260 3308 2994 3803 2750 4456 4266 2640 611 1711 1350 3540 1374 994 2218 3410 2491 1488 3708 2403 2712 4532 4823 167 1461 2754 1774 1094 4631 3216 4716 458 2661 2557 2290 876 3934 1593 2498 
3607 484 4019 3240 4348 2580 3375 2444 4366 4401 3695 417 3405 2911 215 3076 3116 1292 3245 207 3233 2307 3413 3141 3497 2496 4567 928 122 3838 4808 648 4072 1674 2632 4287 3639 1879 4214 3058 1657 3965 1329 2180 3772 907 1913 4242 657 3953 403 2845 537 4413 2913 2638 4403 1906 852 4814 4018 271 2531 3978 
4888 1933 3812 4756 2272 4463 2464 2163 3216 665 3737 3998 3531 851 4850 1712 1251 789 2372 4249 668 3046 1638 4310 4103 1656 2659 3894 1121 109 2319 821 889 3751 1730 2505 2091 4783 2183 1566 176 1313 3387 2899 2750 2756 311 1658 1777 2322 3051 1248 4332 4485 1307 4853 3355 3599 2346 1100 4091 540 4635 259 
4366 1891 3858 186 148 4851 1325 3113 446 530 1553 3009 966 3958 3939 2520 1811 1889 3183 747 117 4008 4634 3302 2643 1573 4587 3317 731 945 2357 2418 1161 1530 3671 3868 3755 4369 1349 1343 4713 1652 939 2223 2741 1799 1954 215 4441 4203 3288 4271 4651 1131 1060 4094 3292 2921 4899 3780 4257 1282 1109 4292 
1089 3341 3591 3295 2656 1885 3361 1866 3273 4561 4415 4621 4841 2441 1497 4376 3594 1245 2701 3524 1094 1374 2696 1763 4906 2231 3695 4897 1889 1721 1616 1894 1382 4489 4839 2358 1228 2064 575 1770 3480 4544 284 4698 4246 1495 3802 1913 2002 3271 4753 1685 1347 4553 3106 1158 4032 407 1969 3089 2671 3481 2892 3424 
364 856 3426 1799 2906 4599 1403 648 4525 2174 2677 2222 2477 183 3086 196 978 2454 3563 1615 1689 4093 1005 4583 3855 466 3093 4266 3215 1108 1742 4476 2542 296 2061 2734 729 4136 4769 3057 2837 4612 67 3616 1350 3122 1375 2868 1231 1444 1464 200 3340 2273 683 164 607 4549 1150 1318 3665 469 3295 3652 
434 2803 3687 1610 3418 1226 1143 2593 3611 3643 3010 69 4861 2634 42 1582 4896 3957 3147 3516 4846 2187 3858 445 610 2373 4786 1839 393 3674 3362 4720 1708 1516 1341 1079 3872 4705 4211 1499 4164 3932 13 765 2690 3481 2381 3259 4096 1686 1240 4016 591 938 2754 3800 4241 94 3490 3168 4419 125 1419 378 
3659 4543 3538 2498 2795 997 458 2094 3005 3501 2824 3643 3930 4723 2701 4678 119 1641 2301 3044 136 3652 3796 1181 921 1406 3700 2965 2247 2887 112 1360 3202 4111 2082 4559 4146 3040 2882 4327 345 4843 4749 1680 3442 2402 1145 2584 4237 809 139 276 4678 4422 3541 3681 4532 4555 2428 1203 1243 2983 1092 3058 
3193 841 4804 3138 2008 2445 3037 4558 4721 2745 3896 199 3340 3255 133 124 529 1244 4269 3983 4341 2767 128 2727 1851 585 1316 3386 2719 3320 2067 2367 378 4746 918 2173 2994 1268 2690 461 1646 2750 3138 1101 1391 445 2035 4712 3047 1877 977 3320 1181 1730 1053 98 225 2208 2316 501 756 4833 4891 1061 
3960 3161 1108 1265 866 914 2614 2057 1892 1636 1505 3024 251 4420 3163 2608 1499 1358 3822 642 4029 2289 2768 4869 2950 394 4591 4082 1846 3655 365 593 1501 3389 440 4105 1390 2069 2400 4766 2787 3422 1502 2723 3216 1502 3693 3337 1252 2111 2460 939 51 3900 910 2176 594 596 2649 4111 1661 4221 3274 3017 
4436 3076 1293 3627 4303 951 1493 2886 4648 2303 2951 2584 1405 1890 4105 2019 873 932 887 2506 1034 1361 1751 1607 2733 1387 391 1633 2243 4183 439 3334 1725 1015 3224 2681 1218 1488 1461 4301 3928 1102 2955 4650 1365 700 2860 1732 283 390 3015 3526 2698 2506 574 3522 2319 3735 1896 3404 1026 159 2905 2672 
2922 4267 3851 1638 4147 4220 4577 2309 2295 1551 1990 984 4900 3924 186 2800 342 1874 4369 89 4032 3017 473 896 64 1892 3418 3064 675 4508 1344 3078 4071 2212 963 1917 1749 1331 3836 2577 2240 702 1426 4448 4831 1710 3106 3100 3659 4752 4611 129 3360 1664 2978 1983 663 15 1323 2726 559 4522 1087 3543 
3829 626 755 934 105 2299 3593 2319 3893 3256 2260 2314 1571 1675 2277 4501 1923 1857 1686 4288 521 2078 4811 309 427 612 1236 1504 4140 1252 4483 2155 1207 3079 2790 2978 1020 1975 2227 104 3088 816 191 4197 1335 4640 3960 927 3664 702 1895 2707 287 1032 753 4694 651 4004 3925 4851 3092 553 4282 4368 
4349 3362 882 1919 1140 3786 527 1985 432 1375 1506 3009 868 1188 4418 1935 4436 1818 1794 2436 2297 2463 2454 1885 2607 4128 2202 836 1844 456 2739 3099 1321 3635 4808 4327 2111 63 1507 4350 1809 1215 1000 846 2801 3748 4733 3637 2324 2813 714 2180 2018 3311 4553 3735 3750 249 3553 1335 4150 4267 2549 4159 
738 4402 4444 4827 2346 2598 1645 2509 512 2144 314 1796 2833 1505 2350 26 4883 3664 4713 2556 2735 186 1033 2484 69 107 93 1152 879 585 3901 3893 106 616 3720 1877 4726 915 2945 492 4687 552 3005 1067 2635 4738 3450 445 2988 3426 2346 2886 4258 2156 2791 784 4343 4683 3442 2067 3137 3354 2763 2360 
4394 3495 1915 68 1027 179 1726 2481 2321 2187 1034 4751 4380 2171 2241 4166 4726 3074 462 4111 2664 665 2545 3738 1936 3996 2433 3804 3106 30 190 3026 1731 4783 655 3850 1667 1524 3135 566 934 3868 1687 1803 1601 2867 679 708 1901 4661 2428 3128 1056 4371 4657 2368 910 3523 438 1127 4713 3881 3050 3893 
4030 1015 2360 2685 2980 3202 2587 2925 4813 912 1811 951 670 931 13 767 1467 1905 2277 3059 1948 1718 2284 2406 66 2836 24 1760 1626 4609 1491 4544 626 4323 96 1524 4716 2965 2725 4426 3264 692 2486 228 4303 247 3355 4681 4288 1409 4582 234 884 3118 4755 416 2306 4878 3529 1432 568 3496 1512 4618 
1358 561 2964 3507 4265 1668 2212 2559 4187 3119 413 1828 1193 1239 4773 1514 4722 990 1451 1809 863 1073 2469 329 4729 1954 170 4252 1762 776 4879 3507 2455 1753 3909 3689 1909 3196 443 4792 279 1947 130 3694 961 3549 4112 3668 1228 3546 4649 504 3515 114 1626 1816 4639 2151 3370 197 202 3832 54 1282 
2665 1768 2657 3597 2391 916 3482 2846 163 2003 2956 2121 1743 157 3438 4318 3302 2743 550 4469 1474 3866 1371 4578 1889 3077 1110 2637 2839 2318 3349 837 997 1822 472 2500 3019 4559 1829 2105 1939 3349 2057 490 3088 2104 4709 4675 434 4229 4308 4669 1402 3341 1578 4064 2446 1138 612 3780 2906 3307 3314 1471 
591 2901 1045 4615 2588 4620 3302 3245 2261 1356 3237 4527 497 761 3766 3270 892 3967 2552 2303 4115 749 2042 3112 3579 2026 740 4843 4458 3961 4340 3475 4021 4314 2801 3031 1731 1688 3458 4683 1743 2715 2852 4087 771 4808 257 1166 3131 2102 212 3139 653 244 2913 318 4775 3038 4832 3343 4038 4631 2892 4167 
4907 3464 2237 4061 4489 2696 1326 1366 1780 3468 1258 260 4296 44 3881 3493 2726 3348 4866 3281 3864 4786 1442 4127 279 1123 449 1225 2975 3574 4168 32 369 1753 3380 3823 1518 3705 1673 4368 2609 2563 2769 4302 3246 3524 2653 2612 532 3899 2513 657 2814 4436 4658 4052 2259 2150 4060 4399 1299 2706 777 4801 
4693 1901 3973 335 3507 3302 3791 2924 2577 1935 2157 3498 617 1315 1005 1696 2267 4068 3168 2835 1726 166 4069 1913 1496 1998 4040 3918 2683 4769 1651 144 529 1604 2487 1946 2327 2531 1311 1184 3550 2914 1761 1741 1078 185 300 346 4621 2547 4389 1758 1342 4403 589 209 2799 3180 2905 2468 1014 1932 3373 300 
4015 3100 1452 2687 2011 1145 2840 2292 2840 3857 434 2541 3057 2109 182 1025 2186 1700 122 3611 1108 3596 1286 1506 2842 3283 1961 2891 2485 4808 1938 322 3718 4378 2224 2945 1947 4884 4828 3490 1054 3900 3307 3058 1840 4501 1141 2019 524 4268 576 1112 2587 403 2661 4155 3536 4241 1887 2830 4811 4106 831 3950 
3709 1395 962 1969 908 4580 4853 2250 1373 3044 3381 4060 3708 1682 3411 1421 1039 1515 4315 922 4296 3210 4547 4138 2110 3224 4535 399 2175 2102 737 3710 4156 1334 546 1394 2295 583 1434 3629 258 3461 3543 1506 2088 2256 2186 2347 1794 1783 990 3287 2667 2171 737 3029 2034 4360 1262 1078 1194 1232 273 1439 
2749 2771 4106 193 1018 3916 4873 4345 3871 2222 608 3853 3936 3623 3668 4667 4443 1485 4679 2501 4036 372 231 2494 653 2279 1683 1335 3815 3718 2844 632 2244 1581 4886 653 990 4352 315 2585 1632 4855 4886 1591 3442 2014 3136 2870 2786 1415 262 3295 3550 2125 715 4900 2557 1179 4851 2870 1228 2614 226 16 
4535 2963 1828 879 4455 3418 238 4137 4695 927 2173 1698 1059 3749 3439 4746 1959 4686 3722 4154 4510 2478 2463 464 4765 823 1059 3586 3314 3479 1471 3051 1048 385 1685 3217 2534 4523 165 337 2352 4553 266 4524 4163 3424 418 2301 4535 1193 1162 1450 4628 2463 3858 4617 2746 3355 4269 4484 711 3171 4243 4146 
3565 4765 2749 4310 1302 4312 4204 1158 2957 3019 3209 1502 4426 2515 3847 2691 2766 2301 1757 4613 3116 1057 3047 3496 2554 1749 2471 3084 1606 4170 1672 618 2769 1367 4321 1070 86 4840 2811 907 2581 4649 1452 3476 531 4719 807 1583 1434 3255 3726 3516 4098 3074 817 3564 4797 3771 2353 2769 1156 729 237 956 
1516 1029 2687 2786 390 2482 777 3962 3891 4578 2452 1662 2494 2710 3579 1841 2741 721 729 791 1644 3779 4694 4049 4524 3276 1715 3758 1128 539 4573 27 328 4410 3035 342 1344 2558 2343 2719 1947 761 3681 3329 2924 423 760 4037 2213 1748 4189 1266 338 4133 4867 13 2142 1729 2288 200 1368 3532 3505 4495 
3719 1769 3187 376 1278 883 2439 879 636 1407 1172 109 3404 2267 2714 3089 536 4552 3142 2633 2757 2753 346 1344 853 1546 4199 2992 2297 1500 1401 669 3239 3361 3060 1855 521 852 3644 3647 920 4232 4184 1230 2895 3553 38 820 1916 135 3709 2031 3088 3809 1829 3975 422 664 1639 130 3723 3443 1759 1982 
943 2466 652 3273 529 2336 78 4267 114 1442 2096 4270 2065 1762 1654 144 3859 4516 1190 3868 1564 1634 1509 1523 1967 3032 4274 1573 4889 3338 1810 4582 4691 3334 3951 1283 4226 1616 1713 1173 2190 637 1118 1445 3950 4120 637 476 2882 3998 2395 4355 526 869 2898 3057 4172 937 1074 2044 841 3043 3052 2963 
166 1366 4870 343 2889 2333 1113 1668 4804 2846 3440 1813 1128 2118 49 4173 1447 4554 182 1768 1706 3524 2878 3095 726 2638 3761 3846 4519 2110 3409 1907 2524 3711 3410 4000 3438 3167 197 2334 2247 1381 2291 811 3329 1136 817 4589 1419 4039 3138 3045 4744 2176 4376 1812 3491 2445 3297 1711 1474 3540 409 263 
1459 2091 3641 2483 3066 1442 3926 58 4324 1519 2737 4907 2563 2309 624 4765 3649 4828 2772 2194 2024 3776 867 1993 3192 1004 1078 3168 3815 1150 494 440 606 751 1115 737 4286 2850 519 4284 2556 2208 4491 3589 3178 311 3829 3037 3885 3181 738 4031 4133 797 1297 2293 4829 2322 2173 1138 2474 2471 151 4437 
4259 1534 903 3571 1805 3010 1688 1500 1307 3499 662 1369 4140 1963 3213 4375 4602 4328 2986 151 2848 2396 2336 1530 617 2208 4870 1659 4001 3871 2571 1285 416 4885 2551 2034 27 4539 805 4237 1138 500 2214 2018 2136 1965 2145 3542 3565 4480 431 11 3953 3105 1053 4205 2955 2441 1260 3824 4878 1201 1227 4726 
3852 2269 967 219 2371 1063 887 3301 2982 3062 4864 3823 807 3962 3681 3782 3208 3470 4753 4447 2467 1749 3919 2744 213 1669 3537 558 1369 1668 3886 3908 2416 4127 3233 4090 1827 1640 4612 4528 3748 2781 1293 969 1603 3622 881 2429 1648 3917 2118 10 3216 1981 2728 162 1946 2220 2930 210 583 2630 3939 3509 
2549 449 2539 1730 2123 2514 656 3062 2949 30 4391 848 765 2350 2655 2244 4515 1805 1227 3536 3411 4257 752 4558 2036 3452 3358 375 3366 1022 1957 1389 2533 972 2340 3621 933 4195 256 2961 752 2820 3124 3394 2227 2620 2031 4375 3710 2808 4191 129 964 3918 918 334 1857 1221 2405 2136 3123 3996 3974 1756 
1262 3110 2548 845 3693 361 1502 3729 2158 2373 2922 1236 2350 4535 4452 2544 1493 617 3124 4880 4026 309 104 3933 362 3270 2927 1040 561 1601 1395 175 3336 301 1637 2909 4357 2287 3844 2767 2804 3836 3599 684 377 3610 3392 2961 1486 607 2468 3302 2546 2221 4269 3207 102 1755 1380 3790 52 4375 1127 4081 
886 1380 4880 3301 1666 795 4235 3954 488 4309 2991 4739 310 4487 1306 1352 912 627 3341 798 4757 257 701 915 4663 885 1874 2065 2332 3768 3037 635 715 2183 4408 160 1950 2938 4294 2952 3026 1500 1826 2220 4222 1562 2394 428 3651 2406 3811 4747 1394 4118 96 631 2632 1689 2053 1466 3317 2390 3134 4194 
3674 2471 4598 3483 3555 1298 3993 3138 3024 3610 15 2228 1881 49 1699 4069 222 4599 390 2919 4622 2724 1455 3695 1788 2715 4697 2687 3942 1379 2874 2111 4856 4480 4582 4350 2084 3317 1472 3353 2886 1236 3966 1226 811 3964 4826 2932 2897 1941 562 1918 4906 3954 2315 2475 814 1942 1153 3512 1638 3705 96 4658 
81 37 13
70 23 25
65 21 15
71 11 3
62 6 39
9 46 3
38 40 22
36 5 35
24 62 1
34 33 33
13 39 20
10 5 9
61 40 2
81 48 10
43 55 13
68 53 9
31 48 31
75 20 4
23 32 18
71 46 9
19 51 22
39 46 7
73 26 37
63 52 6
31 52 25
35 36 36
71 53 32
42 9 26
65 13 28
51 42 4
67 53 32
4 55 11
34 19 25
30 28 20
73 55 29
81 62 19
74 37 1
75 57 13
49 1 11
75 30 24
43 47 14
44 25 13
25 42 40
63 57 20
41 2 7
51 34 23
60 24 27
42 23 29
54 17 38
82 21 24
59 53 26
38 57 29
51 59 27
62 17 35
20 57 12
65 13 3
42 45 19
75 1 20
40 31 25
78 51 30
50 24 36
1 23 14
62 58 2
74 13 26
12 18 40
79 3 5
79 34 39
68 37 7
44 1 12
19 2 35
80 9 25
5 55 8
70 8 2
78 23 10
44 28 26
73 58 33
75 15 28
39 6 34
64 60 24
50 4 30
65 28 34
58 5 6
74 48 6
49 39 11
56 49 26
39 15 24
71 36 19
48 11 3
19 46 29
26 37 34
56 56 3
79 23 25
18 20 36
8 48 7
65 38 36
2 28 26
32 41 24
32 8 7
18 25 20
31 6 9
55 12 8
29 51 38
1 9 25
74 11 31
34 50 18
82 34 12
26 11 13
3 7 39
5 26 12
51 39 15
72 45 21
38 34 7
64 45 4
11 4 35
13 54 37
15 28 33
68 13 3
47 2 7
79 18 9
8 35 19
10 33 29
14 39 11
55 3 23
29 23 38
63 54 22
58 30 2
21 17 32
29 1 31
53 57 1
50 43 22
6 3 22
18 51 29
43 52 28
42 11 22
62 30 33
47 37 27
13 54 31
79 58 6
41 34 37
59 18 25
20 14 9
61 6 9
69 14 22
9 32 22
47 6 20
51 53 15
61 16 24
62 27 36
68 5 17
23 3 5
22 60 6
31 25 23
49 46 6
7 37 39
44 24 26
35 21 29
4 7 17
48 62 22
58 34 12
8 11 34
52 25 8
77 16 2
10 39 19
50 22 30
32 52 28
50 24 18
18 30 12
28 9 38
27 15 21
30 34 11
68 51 5
47 53 18
27 18 2
71 5 37
1 2 32
35 48 15
19 37 40
6 39 22
73 41 34
51 19 13
58 45 20
74 10 25
35 16 25
61 33 3
40 40 25
6 25 35
72 5 33
15 30 20
76 55 25
24 49 8
79 58 25
72 62 24
46 51 29
37 42 10
30 5 5
63 56 11
45 55 11
9 52 40
68 4 36
75 10 37
27 14 15
26 52 31
61 10 9
51 38 6
29 54 28
32 62 21
20 36 13
41 18 37
18 5 2
34 13 32
21 50 36
21 56 26
69 45 36
70 28 20
53 26 11
18 15 33
82 54 20
6 60 27
63 24 23
69 46 19
1 39 39
28 33 27
26 50 24
31 48 11
45 8 3
52 16 32
62 32 23
27 55 27
49 27 18
21 49 16
24 52 23
4 11 1
60 35 38
26 20 32
39 7 21
76 58 33
21 52 29
21 28 37
28 16 1
18 47 5
3 8 4
32 15 5
41 62 13
79 57 18
34 53 33
3 12 28
48 26 14
19 24 36
73 32 39
70 53 13
75 20 34
42 4 6
53 25 13
43 46 8
79 39 32
79 29 38
36 39 12
20 5 33
72 8 37
20 47 10
77 45 6
34 36 8
45 17 7
29 8 40
44 28 4
14 27 40
26 25 31
33 13 30
5 50 29
43 61 16
48 43 39
17 11 25
6 20 13
48 36 36
13 59 3
65 55 4
79 27 7
21 4 32
45 25 30
46 32 30
68 19 20
4 25 23
9 41 23
15 56 39
5 18 7
45 27 9
58 23 36
63 39 25
58 17 40
42 33 23
81 2 22
59 9 38
42 14 13
70 53 37
6 20 13
25 36 4
65 4 18
15 42 10
18 6 31
77 27 5
8 40 3
2 57 11
48 24 35
76 54 17
58 43 31
56 7 20
62 1 32
56 19 31
30 46 34
13 40 34
68 18 37
41 28 27
11 14 9
42 56 38
72 1 21
80 3 18
72 53 25
73 18 12
80 14 12
75 22 34
59 19 17
38 10 16
22 36 20
44 7 25
69 14 18
48 17 7
35 7 29
53 32 36
27 10 39
52 3 27
45 48 23
60 10 13
54 8 2
32 37 4
29 31 32
3 35 16
53 25 19
82 36 22
19 26 16
76 14 22
72 51 10
16 6 20
34 41 14
28 60 27
55 17 39
71 11 29
38 21 19
47 36 17
61 2 17
74 54 13
1 38 2
1 42 22
16 8 34
51 45 38
21 49 8
50 49 10
25 47 4
46 21 31
81 61 18
71 4 40
65 62 2
38 39 35
16 7 19
72 39 9
64 54 39
23 44 37
58 60 13
3 58 9
48 49 6
18 53 5
40 59 30
60 52 37
48 30 7
77 16 13
70 59 39
2 53 10
80 32 10
32 18 19
79 33 18
79 14 18
27 10 11
14 14 31
25 20 39
78 3 1
80 19 11
72 35 25
57 10 11
59 14 22
50 43 1
11 27 10
82 47 31
7 43 9
80 30 27
23 28 20
70 47 27
20 8 33
25 32 27
72 3 28
64 50 26
15 13 26
82 35 31
39 23 12
22 48 33
19 34 20
1 29 33
54 45 19
35 47 4
8 7 34
58 19 25
3 35 23
66 25 20
31 52 30
43 21 25
14 37 23
28 1 4
70 13 10
79 2 12
52 8 7
34 38 33
50 29 30
46 7 8
55 19 21
71 17 4
8 34 37
29 36 34
40 43 37
47 16 38
44 47 11
21 13 15
52 22 7
74 45 7
45 9 32
22 15 35
44 49 2
28 38 37
46 8 40
2 7 4
8 29 19
42 38 19
73 27 8
28 58 10
65 54 6
32 55 14
49 9 4
70 59 17
5 32 34
48 54 6
28 14 20
30 38 12
15 50 31
55 45 31
16 55 32
8 60 14
45 33 39
53 9 4
53 7 26
69 2 17
67 4 10
49 29 24
54 11 34
28 17 20
18 34 38
56 58 10
36 11 40
3 58 20
33 61 11
66 1 9
27 11 16
76 60 8
42 28 13
25 44 24
82 3 5
3 16 33
23 7 6
2 24 26
26 52 8
15 28 9
68 8 7
51 39 24
5 47 2
14 24 31
31 62 5
46 12 21
14 46 23
43 57 24
22 30 22
69 49 7
5 2 1
73 11 36
79 21 26
30 2 28
25 57 19
69 9 5
66 6 26
28 12 9
1 54 22
68 14 1
82 16 3
60 4 27
20 53 15
73 52 16
2 43 32
51 13 10
76 36 20
66 55 23
45 62 32
12 29 13
76 52 2
57 31 25
57 42 38
57 45 28
34 43 11
72 51 3
44 30 36
70 40 38
60 5 21
3 31 15
74 23 14
36 40 9
2 17 29
58 10 32
50 24 31
73 13 23
67 41 10
53 32 11
42 44 24
25 15 26
14 37 39
72 31 30
22 44 15
2 10 33
2 55 2
49 3 5
7 27 7
14 32 15
3 25 20
81 23 24
16 2 6
60 53 2
41 49 37
6 18 35
52 18 40
31 49 37
48 56 39
42 50 9
42 57 19
74 36 21
55 51 19
40 28 27
64 38 8
14 47 22
52 29 40
72 20 40
48 13 23
22 57 24
23 58 21
47 54 33
14 14 19
3 16 32
55 30 18
21 22 40
33 2 30
48 11 14
47 41 1
5 60 9
30 41 37
70 62 5
62 3 2
68 47 21
54 50 40
77 31 11
79 51 5
77 62 26
27 4 27
46 18 23
61 18 35
62 18 6
16 45 34
77 36 27
50 62 30
30 27 15
32 27 32
2 33 39
61 31 9
9 55 23
28 23 8
42 4 40
69 2 31
79 8 16
26 51 17
12 48 18
42 35 18
18 19 14
28 25 16
51 51 18
31 51 17
68 43 23
61 51 39
36 51 8
1 2 26
40 27 12
67 31 39
11 6 9
49 40 22
45 44 14
18 22 29
52 36 27
49 8 18
47 9 40
4 7 33
46 54 22
45 31 17
9 48 1
48 45 34
4 44 17
44 31 29
22 53 24
54 36 16
46 1 12
30 7 11
41 35 26
33 25 11
58 47 36
45 15 27
64 51 8
48 40 22
23 14 26
14 55 18
28 9 34
51 49 36
42 9 17
75 49 12
12 2 12
67 39 40
78 44 9
63 48 38
63 29 11
73 17 40
1 2 3
12 38 37
65 13 34
7 28 17
39 61 35
54 48 40
47 46 28
80 11 18
32 43 22
23 50 38
56 8 22
46 40 36
55 30 27
16 42 23
23 62 31
24 16 8
70 53 9
32 59 12
52 29 23
15 50 1
46 52 38
67 19 2
46 13 25
41 7 23
47 30 21
58 59 28
36 53 24
14 3 34
70 43 19
72 5 34
20 32 16
56 33 34
62 34 36
53 41 28
16 42 26
81 51 26
39 48 6
28 61 7
66 49 12
52 35 40
41 1 29
40 27 31
60 61 24
50 36 10
74 34 27
27 10 15
9 19 8
2 62 14
50 7 29
43 7 10
14 28 2
1 43 40
32 31 37
42 34 37
72 22 25
60 31 4
38 21 10
78 53 33
11 19 28
4 17 2
59 55 27
48 32 21
71 60 7
45 28 11
52 12 7
73 61 30
55 42 10
37 50 16
59 42 2
35 21 36
4 17 31
79 27 40
63 9 7
11 44 7
44 43 17
23 61 29
77 58 9
61 52 33
10 1 26
61 46 39
82 40 32
54 17 2
77 18 5
24 60 3
2 53 20
15 43 29
17 18 13
50 32 29
1 9 28
78 13 24
1 45 9
76 57 39
66 3 13
26 15 10
38 35 25
16 17 36
21 14 25
56 22 22
63 8 35
73 39 24
17 10 4
67 43 33
2 19 3
80 55 15
15 30 18
24 2 2
8 26 8
58 42 26
13 36 37
78 62 30
48 20 14
2 30 28
30 54 35
34 38 23
11 51 29
30 14 25
51 54 22
10 3 16
36 4 31
54 36 16
76 23 33
40 13 37
7 27 5
27 28 12
79 31 36
76 49 34
61 43 31
30 41 17
50 16 38
54 14 40
30 51 32
28 25 28
41 31 21
16 20 31
34 54 33
48 45 37
39 41 7
74 7 14
45 27 27
49 36 37
80 26 17
75 21 16
79 13 19
21 48 2
81 46 27
13 33 16
45 24 37
56 32 15
15 53 1
75 12 3
1 12 23
15 14 9
78 55 14
59 40 36
80 60 36
81 19 21
2 6 27
58 41 18
41 52 9
47 35 15
56 45 1
17 29 34
53 48 10
42 49 15
63 45 24
7 8 22
53 13 27
34 50 2
22 1 38
73 18 17
55 28 31
42 55 28
26 29 8
7 38 11
18 59 2
39 43 9
71 23 31
11 41 4
52 21 2
10 1 6
49 25 9
48 8 35
68 18 10
3 33 14
24 43 32
31 34 11
51 40 11
10 1 39
39 19 14
51 6 20
6 62 2
69 12 36
44 39 31
64 32 8
33 53 17
24 47 18
82 55 33
10 53 6
74 28 28
50 39 27
60 23 21
34 10 25
62 21 11
21 26 17
42 6 20
63 33 14
39 49 29
21 58 5
70 51 13
69 1 36
67 46 36
39 1 2
5 55 15
3 48 7
32 46 32
60 54 1
19 46 33
17 49 9
11 23 2
3 50 33
39 48 12
61 4 1
82 38 36
74 22 40
34 25 34
28 35 9
34 35 4
27 40 1
42 33 32
51 47 40
27 31 3
7 12 20
20 6 11
41 25 9
45 62 29
49 14 5
22 37 27
60 57 14
60 53 10
5 16 27
82 16 1
57 26 31
17 21 13
17 3 25
57 59 15
54 41 3
14 45 21
57 55 3
3 6 29
57 11 15
1 38 5
80 23 21
75 55 37
80 35 9
2 34 16
43 58 37
25 13 35
15 15 15
22 13 6
76 35 1
56 27 40
27 24 21
52 9 36
76 6 21
42 20 39
66 62 18
53 36 28
21 35 33
5 58 22
4 6 22
81 22 30
51 12 14
10 11 19
71 13 17
29 51 37
41 22 23
32 32 34
26 57 3
21 30 40
66 47 13
12 21 16
78 41 38
45 45 33
15 47 16
79 45 7
7 12 3
21 29 29
10 50 30
46 22 31
73 19 21
23 11 18
17 54 34
78 39 1
37 47 2
65 27 24
3 57 27
65 30 25
58 32 37
80 49 9
5 60 16
53 53 6
16 34 20
47 1 27
61 56 35
52 6 26
33 8 33
32 12 7
42 42 18
78 46 19
34 30 2
22 49 20
22 36 23
43 13 10
77 52 13
41 31 25
16 50 23
54 17 17
68 50 21
52 23 20
50 45 17
76 60 18
50 51 26
60 38 2
39 5 11
5 34 39
80 37 33
4 19 7
11 49 35
34 6 27
49 46 9
48 41 24
37 38 19
71 11 32
29 52 12
59 51 26
21 22 17
54 20 25
53 36 34
32 40 25
73 3 31
37 32 18
30 34 19
35 46 19
47 15 25
28 30 28
74 42 29
81 56 32
41 31 2
75 49 27
41 43 27
51 25 37
47 46 35
61 3 28
43 21 21
33 10 26
75 54 27
48 39 6
14 61 13
18 32 39
69 17 7
50 47 22
41 37 30
58 23 8
12 2 31
60 19 8
8 46 38
30 56 30
25 47 30
29 1 23
69 60 9
79 24 17
44 8 17
70 61 14
21 17 32
81 46 15
69 17 27
69 10 22
5 35 11
56 8 27
26 53 6
54 34 31
51 44 12
12 61 5
44 40 13
32 35 8
52 36 32
16 11 5
34 28 18
49 60 37
30 12 39
14 43 22
13 29 12
39 27 10
67 13 33
4 30 32
11 58 24
57 4 2
12 40 37
18 44 2
61 17 31
41 38 7
82 29 26
10 58 6
52 35 2
73 26 8
58 49 11
72 46 28
32 9 35
46 50 1
45 30 5
17 58 35
56 50 1
23 44 5
77 57 26
67 61 31
55 55 4
82 60 4
63 8 16
19 60 19
64 7 31
62 20 38
4 45 32
48 46 39
13 20 11
23 58 15
37 18 4
27 16 2
69 22 20
19 45 24
44 13 8
10 31 13
79 50 16
28 16 36
4 55 12
30 36 33
78 47 39
15 26 25
6 24 32
44 48 14
39 45 7
54 11 26
48 33 3
66 4 37
65 37 27
24 29 19
47 20 15
28 29 39
47 28 17
38 56 21
66 36 37
1 31 2
7 4 19
41 25 23
5 45 26
82 31 4
68 18 21
1 46 11
7 50 8
5 27 3
52 3 15
54 22 35
75 15 13
50 2 1
68 19 20
58 50 38
17 56 18
4 8 6
22 45 13
50 8 23
69 58 7
11 43 6
35 62 19
50 13 28
79 43 8
24 9 4
49 10 39
25 37 1
49 53 39
21 23 15
36 18 26
49 9 18
15 49 20
73 8 31
24 30 6
44 17 18
15 34 17
82 35 15
29 10 40
8 62 22
62 47 16
51 62 23
39 10 30
14 17 27
13 56 30
58 28 23
79 6 10
21 48 7
49 28 15
81 49 3
19 25 7
74 61 38
25 42 24
71 9 26
71 6 37
6 6 29
56 52 36
14 40 22
48 1 6
14 61 34
56 43 5
70 38 23
32 50 27
51 49 38
56 28 36
70 48 2
19 55 33
51 9 22
76 34 28
66 29 30
38 11 28
39 48 27
56 24 1
41 30 39
75 1 5
11 58 7
19 2 24
3 35 35
12 36 24
17 44 17
10 28 25
27 33 21
28 1 12
46 30 30
35 8 11
53 54 8
22 27 22
8 41 16
77 57 5
5 13 23
73 10 10
36 40 16
7 51 22
34 26 25
10 39 18
71 47 19
32 58 30
38 15 16
52 39 18
41 22 9
43 13 25
1 2 32
9 22 14
72 37 39
26 31 20
73 18 33
23 22 35
57 61 24
21 56 19
9 10 37
14 10 5
2 50 37
53 42 13
49 25 19
18 48 33
77 22 15
4 22 19
79 11 9
69 19 40
37 3 22
23 29 32
33 9 9
55 25 7
3 55 18
72 44 2
49 56 2
58 45 5
64 28 20
81 16 5
5 52 32
51 50 35
19 37 30
22 31 35
47 62 8
38 10 15
27 12 36
56 5 10
36 21 26
12 42 9
43 28 10
71 1 26
76 51 40
59 25 1
52 42 5
22 3 38
8 25 11
10 56 16
52 55 2
23 22 26
5 45 34
39 33 32
29 37 21
5 26 27
27 16 7
49 51 31
14 41 5
34 28 28
16 51 35
64 36 2
6 46 20
18 31 15
28 10 40
25 17 5
50 27 33
81 26 2
4 57 19
81 16 8
74 34 13
73 14 13
25 2 33
3 55 17
77 27 30
67 19 16
66 50 30
54 25 14
56 32 31
6 57 7
45 19 39
59 46 21
7 34 30
12 52 38
20 29 26
7 27 24
23 62 29
12 1 10
71 52 33
61 36 6
45 23 15
6 58 17
3 45 2
69 53 7
19 11 37
54 19 3
80 18 8
56 61 31
78 59 27
74 54 12
16 15 31
78 43 24
66 10 16
1 9 28
39 24 32
29 8 13
13 50 18
69 33 30
33 14 30
46 34 27
15 21 40
75 55 5
70 1 15
10 15 40
38 55 7
43 12 38
50 60 30
15 8 33
17 41 20
68 6 40
26 60 22
55 57 13
67 40 16
17 29 29
18 10 40
73 6 33
18 25 33
62 41 17
52 3 38
62 36 24
4 55 2
48 46 1
54 47 8
2 17 21
52 31 16
10 42 19
22 29 24
50 62 6
73 20 6
59 60 10
7 33 12
27 20 31
23 36 39
48 40 28
22 59 33
9 42 34
66 34 2
22 38 20
70 54 1
52 59 16
79 23 4
1 37 35
79 5 16
60 24 6
15 41 26
27 29 32
45 23 22
25 52 20
37 57 7
81 2 32
21 40 11
81 12 26
40 44 30
23 14 6
80 10 7
23 4 2
70 55 38
48 49 26
11 61 18
75 57 18
9 54 9
49 13 6
44 9 12
26 38 28
35 2 26
14 12 15
61 50 25
59 36 15
26 46 26
55 42 1
38 41 34
59 13 2
74 13 6
56 16 2
78 42 33
55 22 18
35 27 36
56 33 26
17 62 40
76 53 3
79 61 3
39 37 18
36 29 4
73 33 10
5 15 11
36 26 9
74 60 4
27 22 21
53 28 20
55 32 34
59 17 34
49 45 14
13 4 26
57 27 37
38 30 23
37 60 40
54 46 27
60 20 40
43 31 21
76 55 17
7 51 26
4 62 39
4 42 28
39 11 17
62 39 3
49 41 37
41 28 37
36 54 13
3 37 22
71 46 28
63 14 25
36 44 10
76 52 26
54 51 26
23 18 38
79 11 26
48 20 28
43 12 10
70 40 15
60 41 6
74 22 39
28 3 20
12 25 29
21 35 2
3 62 27
1 45 28
65 3 14
67 24 15
17 33 32
9 10 4
79 26 18
61 30 39
71 6 4
58 12 20
3 21 16
16 16 36
72 58 2
15 28 11
21 28 22
24 32 31
51 16 10
69 8 24
26 1 3
79 32 4
29 14 22
27 20 38
19 30 29
63 12 23
68 48 36
81 14 10
58 60 20
57 12 24
39 25 31
26 6 8
43 38 36
73 4 26
76 22 15
44 46 13
75 58 2
26 13 13
28 28 9
8 16 7
60 53 26
36 52 37
24 62 30
9 6 16
41 42 9
18 33 11
43 54 39
64 54 36
1 48 7
9 48 27
54 13 34
15 29 6
78 47 17
78 6 5
3 60 23
72 53 31
37 44 39
34 58 6
65 45 35
49 23 23
65 39 21
1 21 3
60 47 35
32 35 10
66 60 33
33 44 2
4 41 32
43 41 15
25 31 8
57 13 13
35 38 22
67 42 17
6 50 32
6 58 12
11 28 24
17 16 14
29 4 27
4 30 36
52 30 34
4 25 8
51 11 19
80 33 35
32 21 15
41 20 25
38 2 10
21 7 11
64 3 21
66 40 6
14 45 9
10 7 9
20 2 23
79 16 6
14 12 29
15 40 20
30 59 18
2 23 27
64 16 20
22 27 13
57 50 3
11 18 28
26 20 28
64 7 39
27 24 24
27 28 30
35 52 28
22 35 12
1 27 26
17 36 14
56 15 4
48 59 5
52 24 14
54 56 8
11 17 25
2 50 18
79 20 15
16 21 11
24 43 39
44 45 18
71 46 14
37 60 31
44 32 28
13 9 27
29 2 24
26 7 40
11 9 26
74 50 38
29 12 16
8 34 7
30 10 31
44 38 3
44 60 36
20 27 37
21 23 15
79 13 24
75 36 32
43 17 33
26 23 38
19 40 7
18 55 2
32 23 19
34 33 36
58 22 29
50 1 25
22 46 37
19 43 17
41 47 20
79 32 28
34 44 4
58 11 17
69 22 5
62 5 24
4 55 16
39 36 4
79 43 6
68 33 24
46 53 6
79 18 2
56 6 17
21 52 15
3 42 23
14 42 29
82 1 13
14 32 15
48 40 17
59 28 25
75 18 3
81 9 26
21 26 20
37 10 38
82 1 31
71 49 9
27 31 30
15 25 29
6 12 37
62 22 15
53 21 26
74 41 6
9 60 39
82 10 6
23 62 36
22 4 36
40 42 12
6 37 37
75 27 11
3 35 37
47 30 3
2 2 21
43 28 29
77 26 25
69 58 33
63 14 39
10 30 16
25 45 14
54 26 17
81 25 34
2 1 18
15 54 23
49 49 30
24 57 20
58 57 24
4 61 13
80 23 32
20 34 21
21 56 16
40 11 4
13 48 13
79 49 8
15 57 34
28 51 6
48 60 28
57 49 29
30 11 18
45 58 3
12 1 22
64 15 4
80 49 38
63 8 29
18 27 29
44 16 13
42 27 7
49 9 18
48 46 5
40 37 7
1 42 31
28 9 27
36 2 14
12 41 9
21 25 20
63 27 4
43 15 33
74 48 22
81 1 32
36 40 10
58 24 39
35 38 2
62 14 13
5 2 7
45 12 16
62 19 7
44 29 3
12 12 2
43 59 36
69 57 34
31 52 6
2 21 19
21 46 22
57 38 2
45 56 18
42 1 33
19 58 28
74 52 37
9 52 39
24 1 40
42 4 36
75 30 2
49 5 19
59 46 33
11 33 9
75 16 19
47 52 40
31 38 21
15 55 35
64 56 4
9 53 28
79 10 16
72 18 30
12 19 23
53 55 30
41 16 33
42 32 40
38 50 23
48 1 9
56 32 4
39 50 30
69 59 5
18 49 26
26 15 5
47 15 28
14 24 14
25 21 18
30 24 8
20 25 29
50 21 14
15 15 15
70 61 16
22 57 39
61 6 28
4 4 15
16 50 21
51 8 39
21 6 9
78 5 6
79 58 10
67 41 24
53 25 4
81 23 16
4 15 35
51 28 1
78 61 38
14 12 9
14 50 40
64 23 9
44 50 4
53 8 1
66 48 29
20 26 11
32 23 3
8 49 2
53 30 13
6 48 40
4 4 29
46 12 32
76 29 27
40 9 15
27 28 5
14 5 22
57 55 31
37 26 20
34 15 19
13 4 39
55 44 34
26 59 18
48 21 37
40 40 6
13 48 32
35 20 34
4 8 33
76 30 3
45 3 21
79 23 9
43 22 24
30 55 34
28 60 7
52 34 20
25 21 4
70 39 29
60 59 16
44 7 19
34 10 12
8 38 37
40 39 34
6 58 10
75 54 2
60 37 20
59 21 10
42 28 20
34 35 40
53 19 35
3 29 37
66 36 4
69 12 15
70 33 14
21 51 7
71 45 26
72 59 36
75 53 19
5 11 2
79 53 38
58 47 39
14 36 38
30 8 18
55 56 25
27 5 11
62 50 27
45 27 8
10 3 40
67 2 8
74 38 7
22 6 27
56 27 25
21 30 31
66 17 4
46 3 11
44 2 19
42 2 18
10 8 22
82 3 32
4 52 21
55 24 32
4 10 20
33 26 12
51 28 12
40 3 31
6 1 6
41 41 14
9 37 7
78 31 39
39 20 25
24 9 27
69 10 10
8 9 38
69 10 17
28 40 32
19 41 38
39 45 6
20 54 18
21 31 18
59 20 6
82 36 1
79 41 40
11 36 23
69 13 3
7 35 22
32 36 10
1 14 25
62 3 19
43 10 26
77 39 15
54 61 39
11 41 5
24 2 25
64 16 9
32 51 8
38 29 15
50 14 17
64 34 3
1 22 9
25 22 40
1 14 4
82 32 39
31 3 40
55 61 32
24 54 11
2 46 23
21 52 29
10 46 7
71 47 6
22 17 21
58 38 39
2 45 20
5 20 18
73 25 4
59 42 7
20 45 40
49 58 20
59 58 37
71 20 10
14 32 35
36 62 27
42 22 13
44 28 13
47 1 11
16 13 11
37 1 22
59 42 5
1 4 10
63 16 22
25 16 17
15 15 13
47 43 19
39 17 15
24 46 36
22 16 36
20 3 23
5 5 15
13 4 30
27 49 31
27 42 21
40 61 15
21 61 6
10 8 7
74 15 34
12 13 28
52 13 15
80 16 18
66 19 21
78 51 22
75 20 37
58 59 35
41 59 9
70 24 26
64 13 20
67 32 30
41 41 14
34 46 36
34 7 2
35 55 22
28 34 28
56 47 15
76 14 39
22 51 32
48 61 26
2 23 13
58 14 7
16 13 4
66 32 21
14 36 25
54 37 21
55 21 14
11 36 34
12 9 39
15 27 34
2 16 22
56 29 25
21 53 6
81 10 30
43 60 12
77 3 6
78 51 35
82 36 29
54 21 3
6 20 14
75 27 1
10 18 31
66 7 4
26 28 23
75 14 37
46 29 35
34 20 31
20 9 34
13 44 32
53 40 3
55 52 26
45 3 27
76 28 10
79 37 28
57 27 27
37 36 12
4 10 27
68 4 36
22 21 20
8 43 9
19 47 8
49 29 5
72 24 31
67 53 13
28 1 39
37 23 15
14 21 39
57 52 16
36 50 25
78 61 12
46 33 34
42 51 5
81 61 36
23 48 4
73 23 4
67 56 31
47 8 9
28 12 27
18 14 8
80 24 35
34 2 13
23 9 2
40 51 11
31 24 23
48 55 4
25 27 10
1 11 28
80 30 37
44 11 30
78 33 28
82 7 37
29 60 27
73 16 26
59 37 19
3 31 3
49 13 23
64 10 11
38 25 4
41 29 24
82 36 23
5 9 30
70 59 3
34 3 16
40 60 12
56 22 29
54 53 4
67 15 19
52 59 10
34 60 21
7 2 23
1 51 28
12 46 2
51 16 11
63 28 30
23 38 1
16 30 12
25 41 14
66 17 30
49 57 15
65 37 38
2 23 27
54 30 11
3 11 10
12 9 13
32 22 35
67 26 23
65 3 25
19 22 2
81 26 20
71 7 12
67 45 3
25 47 3
9 7 4
33 8 10
7 39 17
78 54 26
2 16 4
66 13 31
7 20 18
64 6 40
9 47 4
39 56 26
69 14 10
74 26 34
54 39 10
61 14 19
11 23 11
81 30 39
36 60 11
78 41 22
80 27 8
13 54 21
66 59 26
48 21 13
36 14 24
45 50 26
62 38 1
79 25 29
69 51 19
15 9 38
23 45 32
45 32 31
25 51 3
34 10 25
64 31 31
50 38 13
22 22 16
32 48 19
77 1 38
14 24 27
61 60 9
54 43 5
59 53 24
32 47 14
13 32 40
30 31 22
10 21 32
28 13 4
77 41 27
51 6 14
50 61 18
44 41 8
66 58 19
59 33 8
51 61 27
21 4 11
81 23 14
43 59 4
49 21 4
70 46 22
69 19 25
52 47 19
11 10 5
32 8 38
39 2 20
43 58 37
43 40 27
66 33 32
54 58 5
42 52 8
78 62 38
8 45 4
29 37 3
8 33 24
56 51 14
75 39 17
49 11 13
23 19 32
53 4 16
23 34 13
80 56 19
82 43 22
27 60 16
58 23 9
16 32 2
17 60 19
44 54 39
15 8 18
25 32 4
13 38 33
20 46 4
1 42 37
31 7 10
30 3 31
37 41 2
43 27 19
65 53 38
50 48 23
68 35 20
68 48 13
35 17 29
6 11 9
15 24 4
11 25 28
17 22 12
69 40 4
8 47 26
48 3 40
78 42 15
79 60 29
32 42 26
11 31 17
52 2 15
42 42 8
60 32 28
31 62 15
22 52 14
36 53 40
82 14 33
22 43 40
19 14 3
18 52 36
12 10 23
14 55 10
3 51 12
64 23 1
28 51 9
53 39 39
49 39 27
76 31 7
6 20 29
41 3 31
73 17 29
1 11 8
42 3 25
35 43 9
68 58 34
10 24 12
14 47 22
2 35 35
37 24 25
37 19 4
68 22 27
80 12 39
43 24 16
64 12 19
61 8 3
60 51 35
3 5 21
46 41 31
18 2 20
33 3 25
33 36 20
74 56 17
39 53 20
79 15 36
68 53 13
14 36 27
76 12 39
69 39 34
26 46 21
77 47 29
59 49 38
31 8 38
40 58 14
63 3 14
8 51 7
49 36 27
54 38 30
48 48 9
79 40 27
50 37 4
24 41 37
80 59 33
65 48 35
7 54 6
57 56 5
50 60 33
23 1 38
13 47 10
33 8 4
40 16 27
56 52 20
31 19 34
8 28 19
69 44 12
79 43 8
67 47 35
65 52 20
28 8 10
44 29 1
35 16 29
66 46 19
27 8 9
67 32 26
57 26 10
77 41 11
80 34 8
2 57 4
52 30 19
9 43 6
34 5 1
37 57 17
48 33 36
29 16 24
47 41 24
58 41 34
12 8 34
21 29 9
13 26 21
70 8 8
24 55 2
45 1 22
59 52 11
8 27 10
81 17 18
29 58 1
31 34 35
7 26 30
8 49 32
76 4 38
27 44 37
8 20 27
17 52 32
8 3 2
31 15 23
47 58 33
47 45 29
61 48 14
19 7 15
27 40 7
19 28 5
57 3 19
64 35 34
55 5 16
25 6 23
21 58 38
4 56 40
14 33 24
34 40 21
11 39 4
36 6 34
33 29 4
31 27 4
38 39 18
23 6 36
32 40 24
36 46 2
28 9 10
11 61 6
30 55 18
45 33 3
22 17 11
41 52 36
65 12 39
71 54 27
21 35 8
39 28 26
30 47 11
44 13 13
70 26 34
22 4 38
15 23 18
21 19 36
51 60 29
32 40 3
25 2 2
66 53 2
46 22 36
13 49 23
55 49 1
35 61 36
7 29 32
80 17 9
25 39 20
73 56 35
63 36 25
78 42 34
8 26 1
76 48 7
77 5 40
55 6 39
4 47 26
77 44 18
26 35 17
69 61 21
80 27 21
55 1 11
47 53 20
3 28 31
74 43 34
16 48 17
49 34 32
25 14 24
31 45 15
38 21 2
34 17 8
38 11 27
30 56 24
46 11 11
30 14 36
1 9 17
56 54 21
58 47 6
2 50 17
66 53 27
57 40 16
27 27 4
68 32 24
63 47 39
76 10 34
45 33 11
50 59 21
51 57 28
76 20 31
78 33 23
55 49 28
40 40 1
21 47 2
37 25 5
81 20 12
42 23 10
55 19 5
20 32 24
77 18 20
53 41 21
1 2 8
48 3 38
80 41 17
69 4 2
19 58 11
42 12 5
81 37 6
61 51 35
72 55 39
73 60 11
47 36 13
55 31 32
4 59 27
30 34 28
3 27 21
65 3 17
48 21 27
38 8 12
39 37 24
74 7 38
42 39 25
29 57 5
73 58 4
48 58 13
1 51 27
59 4 32
60 52 20
65 1 13
47 16 8
54 34 25
70 29 23
45 46 6
37 4 26
42 12 27
63 17 9
31 61 34
71 50 24
30 15 22
1 37 3
39 22 17
56 19 1
82 38 25
68 29 2
37 4 20
79 47 37
13 56 35
33 28 39
2 57 31
77 15 11
15 51 10
57 11 30
17 60 27
28 51 35
35 62 32
53 57 32
20 17 4
77 10 5
15 45 27
22 26 10
58 24 10
75 44 33
15 58 32
7 30 37
30 27 16
48 59 29
68 8 37
24 36 7
49 36 7
25 3 6
11 23 30
45 14 36
35 49 2
5 62 16
7 39 36
33 54 9
74 7 18
20 35 36
79 39 24
32 45 12
57 51 6
21 9 18
23 28 7
7 15 31
70 34 20
54 49 39
51 47 1
10 40 3
76 24 6
81 19 14
30 48 40
37 23 6
75 26 26
46 59 30
4 8 14
5 18 9
70 53 4
21 26 37
44 23 37
72 28 10
47 45 2
36 54 17
75 17 37
62 34 25
34 50 21
41 32 28
75 57 5
61 3 27
50 57 19
12 62 31
82 34 6
77 40 5
63 59 37
71 36 18
18 9 13
76 52 20
59 10 13
20 2 3
35 3 18
50 10 11
79 29 40
45 14 12
51 31 39
76 29 18
77 61 10
27 26 14
78 21 14
9 50 19
66 1 22
79 13 22
10 23 31
46 33 28
6 5 6
81 3 3
74 16 38
45 61 12
38 3 13
30 38 13
15 49 3
51 29 1
12 36 14
2 50 1
40 60 3
71 15 2
50 11 16
80 59 13
43 11 23
10 5 38
47 3 1
44 43 16
47 49 39
36 14 6
26 47 31
66 56 5
21 37 14
70 36 33
46 14 25
64 48 19
22 24 25
74 26 35
78 58 23
72 53 16
58 36 2
34 49 11
81 61 26
59 15 10
58 43 24
55 3 12
64 47 20
28 61 25
57 34 37
1 34 15
50 23 31
6 13 17
4 32 12
31 60 26
4 14 34
59 23 34
9 17 5
41 48 16
45 23 26
5 1 28
35 25 1
6 2 17
57 15 10
33 15 12
2 59 6
59 25 40
28 59 19
4 25 21
41 44 2
11 48 38
1 55 21
82 34 27
55 48 20
79 25 21
74 27 19
82 26 12
72 34 30
77 10 4
73 38 36
22 20 19
3 22 1
3 34 10
20 22 28
35 24 4
24 16 22
73 31 30
47 3 36
48 44 15
77 57 14
39 30 2
78 22 24
77 58 6
53 38 36
44 14 24
68 33 8
28 17 16
63 34 25
52 32 2
40 30 32
3 2 33
5 41 4
41 59 36
7 57 34
52 25 39
25 39 10
76 54 19
5 30 29
41 41 29
53 14 3
59 47 10
7 51 24
8 35 30
28 22 3
28 42 29
39 22 28
33 23 8
53 12 38
14 3 35
67 32 37
76 56 8
75 8 2
68 45 33
18 46 13
70 55 13
7 19 22
1 11 39
81 17 1
15 30 30
32 49 21
52 39 22
74 42 31
75 43 8
15 2 22
72 40 13
25 44 23
13 55 37
70 28 36
19 18 24
39 49 15
16 5 10
3 42 33
60 45 17
7 31 31
24 25 22
27 5 21
45 34 4
4 3 36
12 61 20
39 51 39
47 47 4
24 21 36
67 40 2
78 20 36
74 22 11
24 34 3
13 61 20
81 49 20
60 27 2
68 29 23
28 29 25
5 61 23
35 10 13
46 7 15
61 57 37
15 49 23
62 52 39
49 35 16
74 35 23
64 20 10
15 2 37
26 27 7
50 7 13
8 45 33
4 61 39
81 14 21
17 5 7
56 2 1
13 51 17
43 19 32
31 17 20
32 7 23
56 23 35
36 16 18
14 6 34
34 33 39
72 27 37
1 58 38
16 21 9
28 19 4
14 33 37
33 17 11
69 53 20
50 3 7
22 1 8
3 38 29
34 4 29
74 8 39
82 34 34
74 45 28
34 62 16
22 23 40
81 35 16
48 61 37
26 59 31
35 40 39
27 25 24
33 1 5
80 23 26
47 35 20
40 8 20
80 55 25
39 56 19
74 36 21
8 13 16
64 25 5
5 3 27
60 54 35
34 6 33
79 31 10
78 43 2
48 41 35
27 56 12
41 62 16
14 25 28
19 33 18
12 37 2
31 6 13
69 7 5
37 48 29
59 57 28
39 55 2
76 62 17
77 19 34
40 29 23
79 53 33
58 22 28
2 1 29
31 54 7
74 15 22
40 57 20
41 61 4
2 15 8
78 20 34
61 6 7
18 47 5
40 21 5
35 61 36
25 11 3
19 9 29
42 49 12
40 37 1
76 18 26
38 12 14
39 17 15
14 17 31
36 29 4
40 54 19
14 6 10
14 31 30
33 31 7
13 28 26
43 36 24
41 2 32
5 4 25
72 17 32
8 59 22
82 53 9
77 34 24
18 51 36
70 46 2
59 11 7
54 39 21
25 59 26
79 26 31
53 62 35
4 36 14
30 49 3
82 1 16
71 16 39
23 43 23
28 50 30
47 48 39
77 10 36
22 58 1
23 7 38
76 3 9
42 36 21
63 35 12
31 53 27
23 3 9
72 2 21
51 22 7
69 45 22
75 5 28
80 27 2
62 3 20
75 55 26
7 16 40
39 61 21
16 34 38
5 46 33
25 27 18
49 30 27
81 38 9
47 6 8
78 8 28
33 39 4
44 61 35
42 24 23
59 24 22
74 37 35
6 10 18
73 12 32
68 50 40
15 36 5
9 27 7
15 47 10
24 6 15
62 61 11
79 17 39
74 25 29
12 5 7
32 47 9
6 56 34
15 61 19
6 55 21
68 60 29
46 14 3
5 31 32
1 41 30
5 36 16
18 37 25
65 51 24
39 18 4
4 4 15
25 1 1
9 54 38
17 58 23
34 50 6
63 17 37
50 58 32
48 27 3
74 62 25
64 34 26
65 54 16
71 12 27
34 57 35
16 9 30
77 32 13
64 46 22
44 3 14
33 29 12
55 32 16
27 61 16
73 18 34
47 6 26
47 45 5
57 18 9
20 41 4
82 23 34
28 54 17
38 31 11
17 34 10
1 55 3
51 13 31
57 44 11
61 15 25
68 28 4
67 41 13
60 42 13
51 57 12
79 40 17
15 57 20
34 7 7
23 45 13
7 36 7
74 26 34
44 54 8
11 23 36
64 55 6
63 41 22
71 6 30
37 10 23
14 36 36
72 38 34
56 61 14
77 52 19
55 39 18
81 4 28
24 49 10
24 29 15
31 18 15
61 52 25
6 30 27
22 1 32
68 37 11
68 21 4
65 35 34
14 4 21
33 26 12
60 14 13
75 53 29
2 19 17
49 35 32
38 36 35
20 53 21
22 12 40
9 20 21
12 17 27
2 62 24
34 58 9
59 62 33
43 35 24
13 28 26
72 58 35
44 22 36
40 54 3
4 15 19
65 29 7
19 1 11
21 35 39
47 43 6
69 18 24
57 32 33
38 28 39
57 25 33
78 8 6
39 7 11
80 13 24
81 48 33
47 55 40
4 6 15
29 12 7
24 16 1
82 39 31
17 61 2
61 48 30
72 17 6
68 8 22
44 61 18
73 57 13
20 41 7
38 24 12
70 46 33
10 17 20
46 6 1
82 59 24
40 43 11
55 10 30
15 44 37
77 36 1
37 6 21
41 14 17
14 52 33
47 21 33
71 14 32
37 19 20
76 52 30
72 6 36
61 29 32
39 1 38
15 15 39
13 18 34
62 23 13
15 4 8
49 59 40
14 29 15
35 1 32
77 11 38
63 62 33
80 4 2
74 3 39
50 24 2
33 49 34
29 29 10
51 56 23
13 4 8
52 17 24
8 49 30
59 49 11
41 53 3
71 6 26
2 43 24
82 40 10
74 45 36
47 46 30
35 38 23
15 31 24
12 2 20
66 24 11
47 33 27
15 10 9
29 58 4
43 58 31
36 8 16
37 7 8
49 14 34
5 24 6
15 19 20
26 38 37
38 41 39
1 61 17
19 58 12
15 34 29
57 55 5
71 26 5
3 22 21
77 40 36
71 33 11
22 31 6
11 13 23
62 33 19
71 13 6
32 10 29
70 30 21
37 23 32
51 1 10
29 56 28
13 43 15
3 47 18
37 7 2
66 56 39
43 5 27
7 5 28
26 15 38
8 16 24
1 58 2
29 40 2
70 25 6
76 50 4
8 34 16
75 45 7
25 58 33
60 55 33
28 1 25
55 43 13
52 45 7
23 9 35
52 18 26
24 41 15
21 48 33
43 3 31
44 37 17
29 10 26
58 50 13
16 20 1
63 61 18
82 1 26
7 5 17
47 19 23
21 53 34
74 28 14
3 1 14
6 10 11
49 7 28
62 47 23
1 44 24
79 45 7
32 28 17
35 36 2
34 14 11
22 58 15
55 62 11
3 33 11
32 30 9
53 48 30
21 6 36
4 43 8
32 34 2
75 54 37
79 38 12
14 30 31
40 51 29
64 38 18
19 51 37
14 10 9
37 19 1
61 20 39
16 10 40
29 50 20
31 58 31
43 19 20
82 15 28
40 2 29
66 24 28
74 42 35
60 60 16
81 54 1
47 3 24
35 49 7
20 35 18
18 51 38
44 7 17
3 53 13
16 28 27
27 61 2
15 42 40
69 2 3
37 54 32
58 50 26
82 45 19
20 48 12
24 58 23
50 5 39
49 21 3
11 29 33
80 3 9
50 24 32
53 25 31
63 23 28
39 36 16
78 9 27
1 55 18
54 42 10
70 33 7
22 10 30
