66 41 1102 5770
3911 1041 4334 2256 4717 54 976 3905 1053 3961 1402 3044 1929 3721 1553 1340 914 1908 1676 517 4293 1632 641 1159 2374 650 3119 4702 63 1830 4548 4641 1784 1637 651 1160 1540 1757 305 2378 2912 
1825 3421 595 3636 1505 3211 4151 4351 3536 305 1939 254 2799 213 2848 4123 4425 665 2217 3293 1156 2511 3888 3676 2569 4230 1536 530 4384 612 2963 4460 3910 194 1762 530 4033 3394 1924 1328 910 
3723 3574 400 4002 929 1956 2716 298 2134 2906 2484 1054 793 2626 965 2625 2682 3727 1551 4310 4563 2304 3616 4148 2758 1607 2439 727 3164 1579 2485 4616 3406 1577 1961 153 2333 2733 3589 827 2081 
2680 2366 842 2505 4440 2091 979 4739 470 2425 1669 735 1891 3282 2930 512 1103 1583 2358 214 3788 718 3242 307 2728 4897 2831 4352 431 269 2185 1742 3984 2953 4245 3019 4606 3676 505 3803 2644 
218 757 3879 3952 3590 4602 4689 2566 4792 1340 1254 2846 4160 4059 866 4246 1558 4557 1605 4756 3989 4321 1671 4492 527 2344 512 2835 2070 2519 1509 2543 3551 1864 3299 3664 284 1489 4853 1408 3251 
1840 1327 2465 1798 1421 4437 4226 1848 3083 3457 842 1028 2946 501 1727 4540 1852 2850 2521 1227 2745 3118 2073 2042 4134 660 2193 3918 3240 125 3622 2264 2118 3546 3394 3800 296 1742 3496 833 2413 
1384 4556 4377 2342 4728 3798 1851 715 1384 1431 2195 3208 4333 2984 660 4742 23 1365 1491 3703 2232 378 3255 2588 857 2069 4676 1816 3951 3807 1462 346 1270 1425 3727 4898 524 2173 576 4137 4779 
3210 3643 845 3842 3208 1419 4207 4000 4445 2593 2921 574 2665 1679 406 3130 279 1564 4763 4385 2346 4217 1751 3024 4384 4887 1866 271 4472 1671 2630 565 717 3604 1854 2383 4241 990 3116 1336 3459 
3487 955 2030 3635 870 4884 1772 1365 3936 3363 250 2167 2889 3651 1031 61 1825 4552 2122 4779 1139 291 1209 4680 2450 2952 3041 139 4232 88 4720 2034 1409 2730 3374 992 2609 229 4167 2740 436 
1024 885 4257 1175 1152 515 4070 3829 3219 4687 4190 3261 201 3225 83 2183 3271 2957 2042 4662 749 1612 256 300 4508 4129 991 3814 2603 736 4333 434 782 2947 822 1106 4382 839 4843 203 729 
3344 3178 751 851 1392 1769 2064 2773 977 222 438 3447 4306 367 3054 1188 1036 4071 4263 813 1829 3564 3315 1884 1111 4095 2495 2762 4523 1784 4576 3296 2473 88 234 3594 4209 3480 354 1891 1614 
859 1772 874 3212 3873 98 4625 3356 1512 835 1126 2339 1334 3286 2491 4903 2878 3611 3998 2990 540 2449 2675 4418 651 4860 1717 1571 1610 2188 2396 644 340 364 2531 4657 91 3295 4376 387 2709 
2579 4702 1438 4351 308 3605 2851 3596 3080 803 2735 4609 2856 3674 4573 4232 3027 145 2270 591 4171 4585 1319 4880 3772 4505 1327 4905 2672 3177 3720 4884 2907 959 3944 4173 2459 4424 1366 3992 3011 
2542 3721 3263 3054 3881 2391 1091 2440 2065 4121 4800 4698 801 2411 2374 2393 4578 2716 2762 2773 4640 2507 3213 2014 1366 3308 1579 115 3821 1150 2332 3540 4397 3497 4801 3442 4032 3822 283 1693 1675 
4513 1894 804 4471 2180 4068 1374 3857 3117 2585 1435 2169 3259 2180 1119 946 126 2768 161 3045 4217 2944 3513 1864 2546 2428 4098 4891 471 4868 2274 2662 2387 1265 933 1977 3562 4161 4755 4733 4720 
1811 4094 3415 2271 3661 2836 4725 2283 2073 2626 4753 2557 3377 2379 1574 1052 155 2545 463 3885 3061 2195 3603 1436 227 4635 3738 991 4328 828 260 2752 656 107 2044 3371 1124 2964 1485 1812 215 
3036 3463 2306 2394 3318 3931 1799 728 2542 1825 2664 4694 649 4186 4729 423 3089 3438 2737 268 2623 3964 1231 2907 4015 4638 2590 4464 3111 2460 1983 4167 907 1729 159 4274 2889 1690 4486 4575 4499 
3390 4098 512 3891 2866 768 957 446 2155 573 3778 1422 2474 551 3233 4908 10 3464 2356 30 2843 1521 3753 4548 3049 193 4755 1506 4243 1276 191 2019 4289 3521 1089 2944 637 4658 2553 2106 4338 
4371 2352 4796 2477 987 225 339 3261 4153 4234 697 3330 4539 3370 2795 1093 2525 2695 438 4344 2964 4734 4159 1583 3907 3473 1530 1132 2514 3141 4210 290 4413 3306 2367 504 2527 866 2046 3046 491 
200 4293 3475 2307 1029 1675 4452 2991 3156 32 4851 2673 2953 126 4295 2373 3150 1124 2154 4881 4459 3963 3789 3537 726 1395 2932 1033 1711 3706 3173 62 549 133 1186 337 2933 3484 3824 3849 2115 
4063 2595 4474 43 3587 4573 2414 2339 1939 3117 3392 293 1382 2726 1504 2443 4791 3119 321 711 3813 1725 3194 3028 1104 3234 2598 65 1801 4112 1207 1806 812 2873 4230 2218 212 3974 2871 4810 227 
3932 2137 233 2264 4073 186 4329 152 3858 969 446 380 808 4782 515 4833 2690 1856 4815 2218 3855 3083 2772 4160 872 1066 3416 4241 1771 2810 2127 1515 199 1273 755 2788 1673 189 125 3926 1863 
150 2794 1568 2823 2241 4626 183 1692 636 621 203 379 4578 2062 2817 3507 266 2624 3571 4092 2734 311 757 4137 1442 1628 4732 4058 3587 2287 3898 2870 2487 4815 3241 3065 4672 1939 4370 1128 4011 
646 4282 1081 3486 2433 3872 3495 2691 2835 4073 4877 2121 3640 2916 3034 4527 3953 2520 4688 3198 360 903 3674 2740 773 2037 3141 4069 4558 3307 1353 3819 4766 1647 1626 2417 3194 4063 3647 325 1415 
1631 2366 3082 4562 672 2221 927 4515 896 2417 2468 3879 2760 4783 4010 69 4778 1124 1632 3887 972 4125 3295 1897 3392 4582 2359 2062 1484 3188 2445 1316 4410 2104 547 4239 2351 674 2157 1171 4420 
3588 2291 3191 4739 4699 2874 2310 4793 2517 1025 4036 1402 1069 3742 2937 2771 67 2350 3151 3601 4901 4215 3897 2443 1581 3078 13 2279 2137 1178 4354 3288 842 3754 105 645 328 238 2994 3576 3059 
2841 2554 1712 2563 2215 1440 3284 1533 389 1683 2209 3895 607 2976 2152 587 1003 3501 1369 2978 2543 812 4478 2167 2298 566 30 3308 3627 429 4257 2141 306 1781 1035 4155 236 4110 3883 4368 459 
4224 3505 2103 1548 4611 3278 3002 4374 1112 4421 858 4779 1859 425 2357 2713 3651 2534 3669 1284 3872 1410 2757 698 1830 896 3196 3934 3720 109 4524 1186 1147 585 4398 4183 3996 1559 201 3757 3989 
3955 4634 3584 4666 2615 4710 1057 1599 2841 3313 1209 3690 1480 2874 3898 4591 1900 2006 909 2261 1148 3670 419 4016 1070 1235 680 2795 2410 4693 843 1178 4468 1386 1153 3762 2908 4738 2093 653 1772 
1719 2815 1553 334 2730 1763 4262 1656 2462 2017 1013 4019 872 1030 898 2058 1527 1942 3188 1545 1678 1077 2218 3813 3067 2034 3773 4681 4511 3660 3940 3895 2478 4108 2647 1240 3559 3220 3605 3715 1811 
1087 1637 3279 198 3245 1102 594 3033 3754 3152 1111 4732 2627 2562 308 1276 399 3979 1306 3724 1863 465 1660 1450 296 4215 4670 2634 1796 2024 3242 4407 4462 3599 1959 4841 3102 2738 476 3182 3158 
2761 2562 19 1264 4117 1063 1662 2848 3693 4840 1786 2390 4337 4865 642 3224 19 4228 4242 3161 4472 3307 372 2956 2816 4126 2679 1926 703 675 1312 1340 1914 742 4425 1376 2714 2140 746 3435 3976 
2452 1137 3654 2120 2742 3718 3227 732 3401 2481 4902 2179 3007 4289 3849 1324 3760 2051 2335 793 4584 2144 2854 4187 3700 2415 3699 1299 4229 3174 4019 766 2264 1990 761 4304 767 2928 816 1652 4141 
4482 2023 3612 1505 2013 399 3476 4271 160 569 741 1097 875 1371 2308 4739 1723 4084 4750 160 993 1540 3737 2029 3195 499 4904 4799 1569 385 641 1562 957 3466 2948 3303 1606 1379 3565 27 1701 
4546 1877 806 3795 940 4063 4669 2058 3277 1223 2829 3148 1020 2482 3121 4332 3260 1085 1544 3362 241 2588 4374 1672 861 3685 231 2204 3041 4063 3216 4419 4140 2414 4826 1134 4191 620 1009 4238 3235 
3515 857 2510 391 2524 1264 4128 876 4212 3938 3061 3465 603 2629 3540 2198 4270 3670 3302 1509 798 3329 580 1484 1760 4243 4829 1751 4682 2894 956 4656 3461 3668 2929 1043 3745 2969 93 189 3122 
4664 2787 592 2527 406 4050 3024 4555 4491 570 1487 3648 1372 4184 3302 1156 394 4220 2091 1665 3120 3057 843 1050 4497 3404 4906 4548 4016 4094 3744 2121 4385 180 2520 4775 709 1209 2970 3676 2827 
2487 1701 4562 1193 984 4663 633 1860 1368 3794 96 406 3354 2190 466 3424 3085 2944 2338 3443 338 1503 1416 2007 2283 1142 1696 1396 4518 3895 4058 4763 4109 1161 703 2051 2647 3359 2105 3095 3503 
3351 4847 3287 459 3090 2459 2222 2604 4086 133 4070 2595 2989 3252 870 1450 4703 1069 2133 3066 4361 1946 660 1252 1755 4124 2191 4129 810 3873 3476 1984 4182 1381 930 4246 3973 2834 445 1717 1678 
4592 4447 4834 2051 4597 1455 1475 882 1612 2769 3456 231 3663 3491 1008 2253 3659 3660 1081 4194 1268 3074 1505 2379 31 3769 3331 266 1971 2532 3086 4853 779 1823 1693 1660 835 225 853 4404 1125 
2944 348 1192 3882 216 4084 3355 1547 3634 3574 400 3208 4558 1506 3079 3102 2077 2389 1980 869 1636 2576 2542 1645 1246 365 720 491 4385 1756 2964 950 2911 2137 4405 4342 2372 3060 4150 2276 1685 
2056 4710 986 1617 3319 3755 2601 4152 1881 616 3311 3882 383 2191 732 1380 4322 1714 1979 3770 644 2395 1868 692 3945 3674 4369 4793 1483 4708 2654 3359 3128 2900 1983 2909 3840 3240 3683 2236 3522 
1007 4555 4848 3580 1118 4514 1156 3147 4870 979 2758 4596 4440 1206 256 1045 4747 2435 4352 4775 87 2705 487 2850 2372 902 3340 221 2168 333 3349 2257 473 859 1569 500 3187 2247 2739 2808 3553 
3932 4404 4767 468 981 1319 3512 2639 3840 329 2575 82 3092 1722 469 1208 1229 659 687 4649 1267 2562 3980 3511 214 872 28 2410 759 1032 3245 480 3568 707 66 702 2564 177 3089 4282 213 
909 1301 1180 3759 591 3572 2548 3622 3486 2285 1559 3157 1582 361 3403 21 4426 3533 2072 1654 3788 1685 665 4650 3296 2468 977 2568 1553 89 3392 4146 1494 4033 3853 3803 3588 163 795 422 1357 
4152 4064 4285 4069 3711 4252 276 4828 2515 786 4246 3963 2087 685 1955 1836 4344 4624 4663 2280 2117 674 1747 3451 1434 1670 2572 676 571 3345 787 4606 2405 4861 4721 2377 4664 144 3293 2507 1983 
4263 4822 2288 1305 3668 3563 2076 915 1478 3217 698 4415 740 4419 4679 3084 1037 1983 724 2174 4542 3156 2158 965 4352 2821 4719 4588 4532 4843 4256 951 4019 2016 1660 981 1217 1493 1401 4137 2005 
2459 2389 836 463 3869 1203 1442 2961 269 4466 4355 57 3233 3858 4001 3737 2760 4756 222 2448 1225 3385 3571 1399 3428 2770 1060 646 2339 4826 3908 4068 2570 2625 941 3043 1836 4690 734 738 1652 
3184 182 2488 3201 718 4697 4235 3678 1414 3830 1937 2456 306 2075 3428 4048 945 4331 4449 356 3006 3996 103 1696 4344 4223 3910 1844 2397 2969 3366 2733 3119 3608 4298 2558 4794 4645 2628 4761 323 
893 3419 2590 4736 156 287 222 3823 2594 792 749 471 401 230 4087 3060 50 2347 2187 1635 76 1385 4618 2105 4402 761 4876 2084 170 2729 1741 1783 2114 4576 260 4829 3267 2817 4827 1246 3250 
4231 105 993 130 2682 65 2384 3143 4534 4830 1965 1563 2541 1763 1724 2701 4349 1291 4652 4168 3583 4225 4657 3552 1558 846 1233 347 2841 4889 85 3219 4551 2336 3967 2012 4668 1110 1380 2069 3327 
1041 2915 4611 74 1443 1095 692 1527 4210 1080 579 3582 347 1680 1888 1223 268 3169 669 3317 3707 1485 3278 134 1555 2031 3221 4650 2676 2743 2066 3353 2347 3127 4581 1031 350 1681 412 3894 3852 
1243 2981 910 1040 506 1105 298 4303 1238 3321 718 519 3835 4032 3154 476 4394 2142 953 2130 2599 487 3232 4111 719 1859 1907 1610 3524 2777 2527 4408 3905 1705 117 2247 1867 796 59 128 252 
2199 2927 779 2067 3098 1889 637 2608 2443 1398 3219 1136 2679 3527 4241 4685 113 4707 3634 2702 2938 1965 2624 4747 386 310 2239 3470 405 2650 2589 4289 2039 4267 3170 2879 3329 2666 3648 1247 3689 
4759 2154 4658 4770 1217 3517 3409 881 4835 4885 4716 1558 1515 1918 716 4728 4174 573 207 4683 3710 3692 2975 1364 952 2535 1975 2649 4427 3867 823 2973 3044 4331 4357 2204 95 2250 3010 4290 4708 
75 4796 2615 2277 3212 499 2698 3718 3168 299 972 940 1718 3091 1160 2862 3835 1745 4722 3921 1897 1523 2667 4607 3067 422 4376 2792 3056 3212 1188 4096 2086 3737 2631 704 1897 1924 4747 1546 4105 
3458 1417 3886 2173 2601 78 2447 3035 756 1444 2122 4611 3272 4711 4573 3664 2862 1513 4021 169 3835 807 1482 1416 459 728 2975 715 4884 1955 3949 2955 4780 3101 851 349 210 658 3648 3508 4075 
755 2068 1900 2117 1214 603 4601 4162 1370 4657 4264 2714 858 1557 348 488 103 1405 4274 984 3795 526 3733 4759 3302 529 4320 1246 2079 3055 4271 516 1785 3030 3449 2543 592 74 4446 2161 3446 
2528 4818 4644 2934 4327 4248 1168 934 1069 85 3622 3635 3831 371 928 1283 1365 359 262 3936 1678 4146 4810 617 805 3233 1609 1017 3983 199 4553 3841 4045 2284 2146 4656 356 4286 2594 4306 3563 
4520 882 4251 2042 2626 323 1297 1344 2879 4071 1441 3250 2235 3005 2178 3930 4042 3707 4306 1885 1552 314 1322 2744 2304 1564 2832 1529 580 171 2669 1778 2200 2764 474 1052 4400 3776 2122 4099 2703 
2100 1445 3955 4539 1985 3959 2126 4033 2255 1621 2347 2282 959 4620 3164 1331 1380 2746 4440 2066 2897 913 406 4208 1431 2259 4099 2296 1227 2525 1748 4757 1673 492 2976 2382 1816 550 4564 4099 1804 
4507 932 1865 4615 1756 1840 2891 1157 4170 4006 3098 3875 4371 3369 4623 1281 179 2398 698 2568 3044 3052 3285 812 3294 4473 1074 3618 4111 957 1769 2178 3646 3306 3813 528 4088 3833 757 1912 3305 
3407 464 1044 3152 2477 1982 1255 743 1322 3366 1105 4097 4005 2392 1474 3230 1186 796 3965 2362 2278 1037 3437 2337 569 543 4188 3379 1271 2561 2805 840 747 1837 4439 1791 1600 2370 2853 4143 3691 
1368 1948 419 3740 3516 4404 3272 3358 3201 302 1097 4300 3804 2260 2206 4617 3563 581 3601 2128 717 3961 1444 1446 1138 577 1128 2880 4126 4687 2822 4094 1430 2632 1221 2070 3916 315 3836 289 4557 
2492 4228 1363 2556 4262 4835 1420 1387 1371 49 1417 3382 708 4674 2452 4142 1363 1012 3957 3380 3159 866 4035 1616 4350 2574 3141 1290 1496 1659 1508 4798 1492 4850 1369 3661 3230 4820 3530 1977 401 
3798 2618 2934 3553 2017 2180 1389 1128 4229 1321 820 4156 326 3800 2526 4823 220 727 4520 1141 4594 780 3108 2944 2029 2796 2896 781 3653 916 2904 3916 3667 1123 4475 569 4554 1875 1136 3482 2060 
62 38 14
46 4 1
29 29 33
20 20 29
2 37 27
54 19 12
36 3 10
26 26 24
42 14 36
43 27 39
6 2 30
16 15 13
23 35 1
28 4 16
4 35 7
44 7 32
50 26 18
37 21 33
33 27 18
37 16 33
36 23 13
28 32 28
48 31 18
62 35 11
56 19 20
32 3 15
62 32 30
57 19 11
31 37 29
1 36 34
63 39 9
27 9 23
24 39 13
64 31 14
12 9 15
27 34 17
7 7 28
55 18 21
35 17 10
61 16 22
50 29 4
59 38 36
60 30 21
21 20 6
8 30 32
5 17 4
34 25 20
28 6 39
25 27 36
42 38 5
49 25 36
21 3 11
56 14 25
2 22 18
20 19 5
30 18 18
64 1 17
53 15 5
25 9 8
44 29 7
16 15 33
50 19 15
53 34 22
26 20 25
16 24 12
26 27 9
59 8 38
26 19 2
15 29 23
60 31 26
59 18 33
58 12 24
32 1 40
3 1 10
4 28 28
3 6 19
9 22 28
1 35 10
24 31 23
31 26 1
38 23 1
4 20 2
54 4 7
30 8 10
15 23 21
40 3 26
10 37 36
28 24 14
44 30 15
17 31 20
35 29 8
42 24 28
33 19 13
9 37 8
48 3 16
28 22 1
3 28 9
37 12 35
4 16 27
14 25 36
27 19 20
33 2 26
43 22 33
39 24 8
39 6 10
14 33 18
25 19 38
12 36 17
41 3 7
42 24 28
42 3 15
42 25 12
40 28 19
58 36 10
35 11 24
26 36 2
4 13 33
20 26 40
60 5 24
44 16 13
38 16 35
17 29 27
56 29 28
31 20 37
50 21 37
22 28 37
48 7 38
37 34 22
32 27 27
25 30 15
21 12 12
6 27 8
39 4 2
10 34 6
53 28 4
4 2 22
58 25 5
18 13 20
32 15 13
18 6 27
32 20 27
18 19 29
46 14 11
1 8 8
26 3 17
50 28 14
26 6 18
49 25 18
50 14 20
36 2 19
7 5 3
25 23 5
50 17 5
57 23 32
12 7 13
38 7 21
19 15 21
31 11 17
17 12 26
59 32 12
21 36 19
49 34 12
18 15 25
44 16 19
42 9 25
29 24 37
45 39 19
45 5 5
42 13 21
59 9 5
60 11 18
59 36 3
11 7 28
18 22 32
20 27 28
58 34 5
56 16 28
12 32 17
44 18 1
64 7 21
30 4 30
59 21 14
50 21 33
27 24 33
43 22 2
30 9 31
34 34 6
8 17 5
30 25 36
24 4 1
63 29 24
20 15 3
64 25 9
44 18 34
61 1 17
14 27 39
33 39 37
19 35 23
36 26 34
15 29 10
18 22 33
60 9 6
37 25 8
19 23 14
44 2 12
43 21 24
1 18 3
6 38 8
22 27 40
10 21 25
41 9 11
16 39 36
40 23 2
47 15 20
2 38 35
54 28 6
24 24 10
45 30 8
24 12 3
3 15 26
34 1 32
44 34 11
51 28 9
6 11 39
57 37 18
32 33 7
49 20 13
1 18 16
52 29 38
16 29 20
25 6 31
50 36 39
16 21 14
58 15 1
31 38 22
1 21 8
63 39 31
56 24 7
55 1 10
18 4 26
19 31 26
16 29 5
11 14 8
31 28 36
29 35 35
15 15 3
21 35 27
48 19 1
15 15 25
50 22 23
57 23 6
41 25 37
34 1 10
23 30 27
6 20 3
17 2 6
38 10 25
32 30 29
46 12 12
18 29 38
41 36 1
21 28 39
2 25 1
22 35 7
13 38 24
3 25 26
56 11 25
11 3 25
32 37 21
46 17 23
17 11 34
53 6 7
24 17 9
43 12 10
33 17 40
55 35 12
8 28 12
59 29 7
12 24 23
12 16 10
38 34 32
61 19 31
38 24 17
9 37 29
32 36 5
11 10 38
22 37 3
49 27 40
35 26 32
43 17 10
56 21 1
3 5 16
28 15 8
59 14 27
32 25 25
26 17 4
28 35 16
19 36 23
19 37 6
45 25 17
63 18 12
47 19 20
10 29 3
44 12 25
35 14 33
46 32 33
27 2 2
22 3 5
30 5 40
8 3 39
16 21 12
36 34 22
53 38 8
11 14 33
15 21 36
47 4 32
59 29 35
48 36 14
50 31 30
8 8 16
58 34 7
48 31 26
60 29 28
29 16 34
23 31 35
61 2 15
34 38 40
56 13 33
31 34 20
43 38 9
13 31 36
53 11 39
35 19 23
39 19 15
22 30 31
41 20 1
38 30 13
26 20 38
20 39 18
40 39 33
53 34 22
49 35 1
24 35 35
4 12 36
42 39 5
13 34 30
57 18 28
46 35 18
23 34 27
38 25 8
30 32 1
17 33 11
35 10 7
35 6 14
15 37 8
15 18 5
48 16 28
26 32 32
32 33 19
14 11 11
9 10 13
59 2 23
42 19 29
63 16 15
64 16 11
64 14 19
14 38 24
51 1 30
58 39 38
30 17 31
63 2 25
12 10 21
15 17 36
33 7 33
10 13 21
32 27 36
44 32 2
46 16 36
21 15 23
60 21 3
32 21 28
33 3 37
38 29 39
38 4 21
35 5 23
31 37 35
60 33 10
32 16 4
57 39 21
63 28 36
28 15 34
54 35 11
32 38 37
20 13 40
20 37 20
53 27 23
27 12 27
36 4 25
40 4 25
14 11 37
23 20 5
27 36 31
18 31 10
47 32 30
46 35 1
7 5 25
42 3 8
22 4 29
9 3 21
57 16 15
43 18 26
27 8 7
19 32 25
18 7 4
61 29 1
26 15 40
44 14 39
22 33 18
25 16 39
43 39 25
64 2 1
3 8 11
22 9 20
52 1 40
29 10 17
52 33 9
42 14 23
37 12 5
63 22 25
11 8 29
64 34 39
1 2 9
39 1 25
8 14 3
17 28 14
48 14 8
64 22 3
55 14 20
17 7 39
62 29 38
63 24 31
2 33 30
10 14 16
27 37 18
24 31 21
31 11 32
46 37 13
24 25 35
23 4 22
24 5 9
56 24 29
50 10 10
34 12 4
55 34 31
58 21 19
46 11 23
22 33 13
26 28 36
34 3 13
33 15 31
62 21 35
27 2 36
50 9 38
30 30 29
36 36 30
18 38 5
27 29 33
27 12 34
23 9 19
36 9 25
5 5 37
12 4 40
9 15 3
45 39 1
25 1 33
33 24 11
51 33 33
47 5 8
32 11 14
32 18 9
41 37 40
37 2 19
32 15 5
61 16 32
39 15 33
64 19 21
9 39 37
52 32 40
52 11 19
44 14 38
54 5 1
56 26 27
12 24 35
30 34 29
4 37 9
32 6 6
3 1 3
34 6 25
18 28 4
49 16 16
48 16 19
35 18 34
10 20 11
5 15 19
4 11 2
50 17 34
39 26 38
4 16 15
62 20 27
61 14 24
39 27 33
8 7 32
40 7 28
13 38 5
27 39 11
11 1 19
54 34 24
7 6 5
41 17 36
28 21 11
5 26 36
49 12 25
37 26 37
54 23 24
29 23 25
62 26 26
31 9 13
30 4 15
54 18 8
32 32 26
11 15 37
62 24 33
13 38 37
61 36 23
25 10 23
59 5 4
33 18 13
7 10 2
20 33 26
60 11 28
54 6 19
8 6 16
34 18 32
19 20 8
5 14 9
39 5 19
11 18 17
16 13 39
22 14 17
49 32 40
54 15 5
46 8 31
14 15 12
23 36 18
64 33 26
59 16 19
29 2 35
26 18 33
23 30 18
4 31 2
57 37 35
17 8 3
20 19 26
2 37 8
28 39 9
25 32 30
27 29 15
38 9 23
40 35 16
7 27 9
13 1 16
26 33 25
23 11 28
4 5 19
49 27 6
26 7 6
16 3 2
17 5 16
29 15 26
6 39 1
60 6 26
51 39 6
38 39 17
23 3 36
61 13 14
7 25 26
14 32 28
28 24 9
52 10 22
34 1 3
7 35 18
34 39 22
49 2 10
1 27 10
7 9 23
41 34 34
49 30 22
47 37 5
52 17 40
1 2 38
8 39 35
53 28 33
12 10 30
20 19 15
9 38 38
44 20 36
52 14 40
61 37 1
62 6 19
6 18 17
1 34 36
14 37 7
43 29 26
40 29 2
3 11 37
61 29 38
30 10 24
16 13 28
53 10 18
25 30 32
25 6 20
13 16 8
56 7 4
11 30 11
27 1 24
63 3 34
44 31 27
20 32 30
12 13 13
11 15 38
33 27 25
61 34 5
62 29 33
9 8 13
54 4 25
36 24 27
27 13 7
18 22 30
28 12 34
45 35 32
2 30 37
59 14 17
53 38 14
28 20 27
40 37 7
3 33 37
44 16 37
15 5 13
39 16 20
29 33 7
1 27 5
33 14 17
55 24 10
23 9 13
28 3 22
3 14 39
8 28 3
41 39 3
46 13 18
47 33 2
52 33 4
35 12 29
40 30 26
6 24 22
3 32 14
17 2 27
63 33 5
50 15 27
19 24 15
16 10 9
15 23 20
63 34 38
48 8 9
27 31 12
33 38 35
62 32 31
54 2 19
8 13 40
43 21 30
53 31 33
22 12 26
56 2 34
44 19 8
36 3 10
36 1 16
19 31 34
24 36 6
58 5 22
45 29 28
3 24 1
30 2 5
24 34 38
31 22 15
62 2 9
20 5 6
14 27 12
15 8 23
28 30 3
33 37 20
16 14 7
7 12 12
58 4 4
22 6 23
22 8 1
54 19 23
64 35 1
2 15 36
37 20 8
42 13 5
29 9 17
31 24 40
9 22 15
20 2 9
40 31 3
3 36 39
56 8 1
33 1 35
10 25 10
28 9 17
33 5 38
4 34 37
37 24 17
4 26 1
27 27 35
40 35 37
38 20 34
2 1 32
55 8 13
47 34 33
62 10 35
38 30 14
6 29 39
9 17 21
44 16 9
34 26 3
18 30 38
35 23 9
15 14 38
41 28 16
6 21 35
11 26 30
34 19 2
43 23 37
31 10 34
56 19 38
17 19 10
18 17 19
15 15 10
50 21 29
48 19 20
10 3 13
62 25 16
52 32 1
55 12 15
9 37 12
55 28 29
29 29 12
48 30 6
62 9 36
64 16 39
36 31 36
29 28 34
62 20 6
48 24 21
38 16 29
32 28 20
25 23 13
31 7 3
57 26 38
20 19 15
63 39 5
16 15 37
64 24 8
35 7 24
63 33 8
34 28 9
11 39 38
47 18 34
38 9 20
55 23 17
64 4 38
32 1 18
56 36 32
34 38 34
22 2 1
55 6 29
34 27 33
55 24 25
16 5 20
13 32 30
51 5 29
8 16 30
21 7 33
12 37 23
37 15 35
36 23 39
51 29 14
25 14 37
60 22 39
2 12 5
26 24 11
56 3 8
40 2 11
36 17 33
17 23 38
19 4 9
46 33 33
57 8 40
36 12 3
28 6 14
27 6 1
49 11 22
17 11 31
49 17 26
47 20 16
36 27 25
64 5 28
26 14 13
25 31 10
23 16 25
4 38 1
51 33 8
36 38 1
32 38 12
22 39 27
64 37 13
30 3 4
54 25 9
37 13 10
25 15 3
23 2 22
6 37 23
57 37 14
5 32 3
42 19 7
41 26 2
60 13 24
22 13 5
18 3 12
7 34 33
20 23 18
40 38 28
59 28 29
19 35 40
7 24 1
21 30 12
11 7 18
46 36 19
37 39 1
51 39 26
33 27 25
2 26 38
38 10 6
15 15 22
62 20 38
46 34 28
52 30 33
13 20 33
56 21 4
61 3 14
2 30 34
45 32 24
64 5 40
46 37 9
34 30 35
54 34 26
43 21 17
45 16 24
14 23 36
36 13 19
2 7 5
49 26 15
32 34 10
60 36 31
46 19 38
64 20 21
57 20 32
11 33 19
35 13 10
30 38 29
2 30 28
46 39 34
53 1 33
19 6 10
19 10 12
10 5 27
51 27 40
27 6 1
29 17 8
51 14 25
36 31 20
51 1 15
28 6 18
5 39 8
43 25 21
58 12 1
19 4 10
27 23 4
57 13 1
17 27 9
26 6 27
46 6 23
22 16 18
57 9 19
11 24 25
21 39 14
59 20 25
36 37 24
23 23 18
28 8 31
64 4 20
47 7 28
28 22 40
30 29 32
14 17 27
51 17 11
50 12 36
34 21 8
40 29 18
28 38 39
15 29 2
60 13 20
32 9 30
33 37 2
27 29 28
28 10 27
13 23 35
3 30 3
31 23 3
16 29 33
41 24 2
14 20 16
54 2 16
36 32 18
63 13 1
39 13 22
48 28 6
12 9 7
20 15 34
16 30 36
27 7 28
52 16 34
45 16 9
60 4 19
17 34 31
20 26 22
39 29 39
61 2 29
28 20 12
9 7 24
50 19 35
61 13 3
28 26 34
50 36 6
45 1 15
24 20 6
30 14 20
50 33 16
8 24 20
25 20 7
36 2 36
56 28 27
2 8 16
63 18 40
11 38 27
59 8 12
41 25 17
5 16 8
43 17 6
39 30 7
56 4 13
26 37 4
16 6 4
58 26 24
6 7 23
11 32 31
53 30 37
13 9 39
16 16 38
55 27 11
20 32 3
30 37 17
38 34 36
8 19 31
61 8 12
21 1 10
20 35 40
63 22 33
35 27 1
21 2 31
49 39 16
63 5 4
22 32 3
22 6 40
53 10 34
7 28 39
55 2 4
11 33 26
55 19 18
39 11 5
26 37 25
5 11 10
35 19 8
17 16 39
41 33 28
7 21 11
45 31 11
44 20 11
63 30 36
43 8 24
18 2 38
26 32 5
15 20 17
49 25 35
48 30 18
49 7 1
50 10 35
48 37 23
1 38 35
46 24 12
7 34 37
56 26 12
33 28 34
46 37 26
18 31 4
48 28 14
45 16 10
61 6 11
63 30 20
1 11 15
62 28 35
6 13 10
29 32 8
20 20 40
11 32 12
2 2 27
31 20 40
36 36 2
58 34 1
39 17 36
11 27 23
2 36 37
31 18 12
43 10 15
15 24 1
22 35 27
8 38 34
32 17 3
54 4 18
52 26 22
42 2 28
28 14 31
16 21 2
31 25 23
20 29 26
44 15 27
4 9 38
61 6 9
40 13 9
44 27 8
11 9 4
22 22 11
38 27 12
42 27 6
58 1 15
23 11 31
50 20 15
12 2 10
44 27 4
30 20 33
9 9 10
56 38 28
35 32 11
48 7 26
26 26 22
33 18 2
9 35 38
14 10 3
43 24 23
60 17 18
3 27 3
44 13 35
3 1 16
25 17 25
11 35 6
22 38 27
30 30 17
48 34 14
30 14 37
45 27 39
34 19 31
37 39 31
58 23 15
28 30 25
6 5 18
35 35 25
4 38 7
60 21 7
2 15 28
3 7 19
11 2 6
33 6 3
20 3 8
33 39 25
37 17 6
10 39 17
40 11 30
30 23 6
30 34 36
57 20 6
43 21 38
17 27 10
33 18 13
54 1 24
10 23 24
26 27 29
54 3 37
57 33 35
39 37 10
27 25 31
34 24 19
57 22 12
17 5 20
30 16 22
2 32 28
32 10 9
31 11 23
20 21 26
17 36 29
7 28 19
1 31 40
35 21 34
15 17 40
49 31 9
27 22 2
3 19 37
41 15 32
23 38 32
20 10 11
56 5 39
35 6 32
25 10 17
8 12 13
62 20 23
12 14 21
22 28 9
28 10 36
21 12 12
1 37 16
16 7 15
4 3 25
61 4 33
51 33 19
9 30 22
51 23 30
33 38 21
30 22 24
20 27 21
31 17 5
11 22 18
12 21 18
4 17 22
12 13 19
24 24 39
4 5 8
35 15 4
28 20 23
17 16 16
7 6 40
26 24 9
4 27 24
13 22 34
60 3 15
46 33 27
35 2 10
60 27 16
35 2 18
19 26 12
27 16 27
45 22 28
21 33 14
53 2 22
17 37 21
41 14 10
60 34 28
35 11 29
36 30 9
14 37 18
18 22 3
10 23 4
56 18 30
46 14 39
12 35 10
17 16 40
42 25 7
13 15 39
40 15 1
53 9 28
32 12 33
9 34 10
31 35 37
46 3 26
55 39 24
50 23 32
63 20 11
17 17 37
57 33 7
44 15 22
44 20 9
39 30 1
40 35 1
48 21 23
52 34 11
14 34 10
40 37 32
29 33 37
45 13 20
48 7 13
15 36 29
40 18 11
56 34 10
4 3 12
3 31 15
52 13 19
61 19 2
52 17 16
41 17 24
19 34 17
46 7 5
41 22 6
16 9 5
5 15 39
61 39 15
49 6 40
33 11 33
34 6 35
52 38 11
52 12 32
47 13 10
58 11 37
40 24 23
63 14 11
44 28 4
32 12 16
38 6 12
24 14 19
31 34 32
55 12 19
57 30 31
16 17 28
37 28 10
57 9 35
37 29 6
16 29 6
58 25 34
43 34 17
27 25 24
1 36 39
15 37 23
21 28 14
16 12 1
57 8 40
36 38 13
26 23 20
3 27 17
59 13 9
5 39 10
15 8 11
22 38 30
28 20 4
48 13 13
18 4 3
53 11 40
5 12 33
42 34 17
16 6 2
49 27 23
59 2 7
27 5 12
60 8 5
48 34 8
57 21 26
44 14 9
60 39 2
19 24 36
51 2 28
55 12 16
24 8 24
63 5 17
21 17 16
24 11 13
25 11 18
53 23 4
25 31 28
23 7 14
1 1 33
42 2 6
47 15 13
48 33 5
49 9 8
49 22 16
62 28 26
30 4 13
27 10 37
59 25 24
6 5 31
42 26 29
16 11 30
42 2 32
57 36 20
48 38 22
43 1 27
40 3 25
49 27 3
25 9 3
37 25 30
39 6 3
43 25 9
15 38 30
29 33 23
55 3 7
22 26 36
6 21 32
24 32 31
39 17 31
5 35 14
51 26 38
26 15 21
17 4 36
19 1 36
58 33 9
55 19 20
6 9 12
33 11 8
10 18 33
16 27 32
56 23 39
28 25 12
50 5 36
40 23 10
17 28 39
33 12 1
21 9 30
39 5 40
48 17 36
9 1 4
57 26 39
40 2 23
62 36 13
53 6 5
54 21 10
53 3 10
48 3 4
16 16 25
3 25 15
30 33 16
21 27 38
34 26 29
44 19 25
57 26 32
24 12 18
59 31 27
23 31 8
56 6 37
7 39 6
19 23 38
5 16 32
30 9 27
10 19 9
44 23 25
9 28 7
40 27 10
58 12 24
29 3 19
36 5 24
44 27 19
22 20 27
52 12 11
49 34 38
33 33 19
18 37 8
48 8 30
49 33 14
60 29 34
52 21 32
26 5 6
12 30 22
1 39 21
41 21 29
52 20 19
5 19 2
64 1 26
18 13 29
3 11 18
62 36 9
60 35 15
31 27 25
45 29 38
61 39 32
22 31 30
21 6 20
60 28 9
17 10 26
62 14 2
13 16 31
7 1 22
42 13 12
17 38 33
1 35 32
44 25 10
6 9 5
61 25 30
35 32 12
6 22 23
32 1 10
10 14 38
49 11 16
11 19 18
49 37 8
37 32 32
43 32 7
25 12 26
14 3 16
19 18 15
2 29 21
27 24 13
26 27 40
25 24 24
8 25 13
43 13 39
42 6 7
51 11 5
56 8 23
9 2 13
48 6 1
37 5 20
16 13 36
22 22 5
10 14 19
35 31 12
19 24 23
31 22 15
59 35 9
1 16 11
63 31 24
43 24 29
19 11 35
30 15 38
18 20 22
5 7 36
42 32 32
13 7 33
55 26 29
26 20 19
42 2 8
18 2 8
41 19 27
35 5 38
14 1 31
20 19 1
53 17 24
11 20 26
11 10 29
37 14 36
9 16 31
61 14 21
5 32 20
34 37 6
6 15 20
17 25 21
48 10 32
8 11 36
36 39 27
55 15 33
58 15 18
20 5 2
14 12 7
41 7 21
44 28 1
21 29 27
47 33 9
8 8 25
48 32 5
64 20 38
2 5 17
19 31 11
45 3 14
38 10 11
38 4 13
20 10 15
11 25 37
29 11 33
11 2 33
11 19 23
50 18 18
58 27 15
45 24 4
40 35 34
46 18 5
14 19 28
26 7 5
31 33 7
15 12 19
54 34 38
5 32 37
45 30 36
15 30 18
32 26 33
52 26 36
63 17 25
22 20 38
56 28 12
3 29 14
27 5 6
46 13 2
64 27 14
43 14 29
26 31 34
62 35 13
34 19 36
34 21 24
60 31 32
47 29 18
22 29 15
41 6 40
37 35 5
39 23 25
10 15 23
56 23 24
22 17 1
37 36 4
50 12 23
25 15 33
28 34 21
51 10 4
57 20 2
23 15 25
38 20 22
57 33 25
5 35 6
63 5 28
9 2 39
13 15 33
16 36 17
56 5 31
2 31 6
3 19 27
10 37 11
34 28 14
9 6 32
25 12 28
49 5 36
16 39 13
9 14 31
58 33 2
45 20 28
63 31 13
40 36 2
14 7 7
62 25 3
32 12 4
38 23 32
34 38 29
53 21 40
4 21 22
64 7 4
40 23 37
7 9 39
52 15 38
46 26 1
61 27 28
22 9 24
45 37 36
3 33 18
50 11 38
25 24 22
1 8 29
6 5 26
16 30 23
43 39 27
30 17 20
8 35 18
17 38 37
17 19 15
61 9 8
36 37 25
21 38 4
64 5 21
57 5 13
31 5 28
44 30 9
30 28 38
1 20 1
62 7 29
21 26 6
20 27 3
40 10 3
28 34 39
33 11 5
43 29 6
34 17 28
54 30 5
24 13 16
44 4 9
54 38 30
18 15 17
44 8 28
50 10 25
4 26 7
11 13 12
21 12 25
38 26 34
30 16 12
51 31 30
47 29 14
34 11 28
43 34 5
25 3 4
32 2 11
22 7 10
54 23 1
64 3 7
44 17 35
54 39 40
42 16 23
11 5 6
43 6 31
50 29 7
10 24 1
34 37 12
5 17 19
51 24 6
26 14 10
39 20 13
56 36 26
64 37 15
48 11 17
34 38 28
37 19 6
44 16 1
21 39 26
56 9 37
36 38 24
38 16 28
62 4 15
6 12 21
24 5 16
6 6 25
1 5 30
23 33 12
25 16 2
42 38 12
15 9 18
56 26 3
5 23 12
4 24 17
7 27 6
12 13 18
43 21 25
52 17 26
40 34 5
61 21 8
55 22 10
63 13 22
35 13 30
7 20 13
8 33 30
35 14 22
1 11 39
18 35 30
10 6 27
39 23 25
3 5 11
43 36 20
31 6 18
64 16 34
31 36 39
37 21 39
8 39 6
13 25 33
11 34 13
57 14 30
13 36 27
1 9 34
52 8 16
59 6 7
33 39 3
62 36 17
14 31 37
50 2 17
23 7 4
40 35 34
2 10 33
56 32 37
61 37 10
15 38 40
48 21 23
43 14 34
10 15 38
54 17 30
26 27 37
53 36 8
35 22 39
52 31 9
44 14 1
5 27 6
8 19 22
13 28 10
23 30 37
36 22 20
26 23 4
51 8 20
6 22 31
30 22 36
33 36 14
15 5 24
15 31 14
41 10 19
30 7 30
36 23 10
2 13 33
16 13 3
38 39 39
6 20 2
54 8 40
60 26 9
47 4 15
46 31 23
31 39 3
57 1 30
5 12 10
1 19 35
12 11 24
24 39 13
55 18 6
22 34 7
47 14 12
61 3 19
30 37 13
8 29 40
55 29 9
47 38 25
36 28 4
47 25 18
63 36 4
25 2 29
27 27 24
51 20 34
63 15 32
6 15 26
26 32 25
30 27 24
10 36 25
27 32 22
13 14 24
58 36 6
46 29 7
21 39 38
58 31 2
38 9 11
58 19 18
60 12 5
61 3 15
14 34 22
40 16 10
38 9 10
2 37 9
8 17 10
32 26 25
6 9 8
17 8 8
4 39 15
33 7 27
57 24 8
30 14 27
14 27 5
3 20 33
37 12 27
17 4 39
64 23 39
33 31 30
61 14 17
16 24 37
47 5 36
13 6 15
53 26 15
22 34 14
64 16 5
27 6 26
10 5 35
48 1 11
5 11 37
15 3 4
8 29 40
3 36 7
25 8 39
45 39 1
15 1 34
59 5 34
25 35 34
23 9 28
12 27 1
61 5 20
48 38 5
43 1 31
59 25 2
29 8 22
38 35 11
29 27 40
58 7 31
20 18 38
15 19 36
41 35 15
54 8 23
9 15 38
60 13 12
40 32 40
18 36 35
3 25 19
15 20 4
5 34 6
12 17 40
43 20 25
54 33 11
23 18 37
43 25 40
12 21 1
21 27 11
11 34 15
10 31 19
41 23 9
20 29 12
7 12 28
51 5 25
59 29 40
43 15 38
19 11 36
7 33 23
26 31 12
16 29 17
32 29 5
29 20 2
57 27 3
44 16 3
6 20 1
55 9 34
19 12 32
23 10 21
48 17 10
32 36 39
11 31 35
24 29 17
34 24 25
39 9 29
59 6 30
36 22 9
45 35 6
46 15 20
30 28 30
55 33 40
51 4 28
30 17 15
7 16 12
61 3 23
44 26 29
53 21 5
1 4 16
42 26 19
3 29 33
41 8 34
17 27 19
54 37 1
15 18 26
19 6 7
39 29 16
12 34 20
33 17 23
32 17 12
20 15 5
38 17 9
6 2 33
10 5 4
33 2 21
15 34 5
7 34 11
16 1 22
46 2 35
49 28 21
17 13 12
47 3 30
13 14 22
21 13 28
52 30 4
1 16 34
60 13 6
22 20 5
2 31 27
3 22 22
19 34 9
40 25 3
41 6 11
22 20 33
34 38 31
53 9 22
64 25 15
25 5 19
64 4 5
23 9 4
32 31 30
42 4 38
37 18 8
17 18 19
52 3 32
8 5 15
7 30 31
7 2 24
33 17 35
63 32 40
25 18 32
61 21 19
3 19 10
61 10 23
4 34 15
27 5 3
51 37 27
4 38 12
32 8 34
64 5 3
18 25 7
1 8 32
61 27 38
43 18 13
24 17 38
46 27 34
17 37 25
4 1 37
36 7 18
45 1 35
18 35 23
60 18 15
1 26 40
61 23 19
64 39 10
7 30 19
40 28 9
58 31 9
58 6 9
31 20 19
5 16 12
18 34 26
1 10 40
57 28 4
39 25 34
12 1 39
36 22 16
9 37 6
33 35 30
19 27 27
14 21 7
29 31 21
11 21 38
9 28 27
41 4 9
26 37 21
59 6 24
16 31 14
16 8 34
56 24 14
16 8 15
44 31 22
23 33 9
28 5 9
2 33 18
24 21 13
62 23 1
15 13 29
45 14 3
26 37 37
39 24 26
63 15 34
9 13 15
13 20 23
8 18 39
17 4 18
58 15 25
61 16 13
42 17 34
63 33 30
22 22 21
59 2 10
15 22 1
15 29 12
45 5 9
4 23 8
57 23 27
31 32 17
30 15 25
52 30 38
18 29 31
16 24 4
28 17 13
60 24 14
16 27 12
1 30 3
26 3 5
2 3 40
36 16 23
41 3 2
6 15 11
59 37 26
51 22 5
33 32 27
52 22 35
28 17 40
47 9 35
29 24 6
28 23 23
43 31 22
47 7 1
34 5 7
43 10 37
15 21 19
10 14 28
3 16 30
2 39 23
18 4 11
60 39 24
30 26 14
1 26 22
36 4 25
58 22 17
18 18 35
20 1 32
7 5 35
34 37 10
40 11 7
63 10 16
19 22 28
62 39 17
3 7 15
9 5 13
22 32 28
18 12 26
47 9 18
55 36 35
51 37 2
41 32 17
45 28 10
36 32 25
16 34 28
50 21 24
11 20 13
42 25 33
15 31 6
15 8 27
5 16 38
44 2 39
61 34 19
38 38 3
50 27 16
58 16 5
53 35 10
20 10 40
58 14 5
53 15 17
6 33 23
12 25 33
20 31 12
3 4 35
4 14 1
17 14 31
52 30 11
24 5 29
41 20 39
49 13 34
48 37 3
57 28 11
49 32 40
60 38 4
25 24 13
8 34 34
57 28 26
50 25 4
5 22 33
21 36 9
41 6 40
38 14 21
48 34 2
60 23 39
3 29 5
40 33 17
10 1 6
44 10 14
31 9 12
28 7 28
56 14 33
57 13 39
25 34 4
42 22 5
59 25 23
55 37 10
24 36 5
21 7 5
24 36 4
29 25 39
41 13 25
42 26 33
1 2 7
57 27 26
28 39 22
49 25 13
43 10 30
16 22 15
8 38 12
29 39 32
29 9 22
44 15 2
2 14 7
59 36 7
38 39 37
29 11 13
47 35 30
9 30 28
6 8 10
9 38 3
25 22 37
24 21 29
60 27 17
59 27 33
55 34 3
8 22 1
60 27 22
40 36 23
16 9 38
5 19 3
41 26 11
36 15 29
62 28 3
13 22 21
35 16 12
53 24 9
42 38 22
23 27 13
19 6 13
34 30 7
7 21 27
8 11 28
4 33 12
26 39 37
22 18 12
13 38 10
23 36 4
15 24 26
58 13 20
23 36 23
45 32 28
43 18 21
14 25 3
4 37 20
24 19 1
31 32 19
39 7 34
7 12 39
37 31 22
36 7 32
46 10 34
57 14 20
54 26 27
54 21 6
17 10 10
55 23 5
20 3 33
40 33 9
25 39 32
20 4 34
46 28 2
18 33 17
10 13 22
60 30 32
62 10 35
24 22 10
37 5 25
58 3 31
32 25 33
52 20 23
7 13 7
40 9 18
51 19 36
49 2 13
25 20 7
8 3 8
40 21 32
22 24 13
9 13 33
14 1 27
14 23 15
22 23 18
14 38 14
23 37 26
34 26 20
16 38 24
47 1 1
59 28 34
2 32 26
23 11 18
23 35 7
6 12 17
25 25 11
16 3 35
36 18 10
16 30 25
33 6 9
58 28 29
45 4 20
16 34 9
48 16 20
36 10 37
38 21 6
41 3 31
11 4 14
60 38 25
25 27 28
5 30 18
23 18 33
40 27 35
51 28 28
17 30 17
64 20 2
43 20 28
5 13 10
14 34 37
57 21 12
36 32 19
52 37 37
22 30 33
62 1 24
44 18 1
62 35 1
51 33 25
30 31 38
22 20 24
42 13 22
23 16 4
39 32 2
54 21 30
58 35 40
49 1 24
7 11 13
31 17 10
49 35 33
59 17 29
9 11 19
45 7 22
20 36 11
41 5 17
39 3 35
22 33 1
26 22 9
32 30 20
45 6 1
12 35 20
28 25 36
36 27 24
15 18 6
42 6 18
14 24 5
60 6 16
13 26 25
38 1 20
25 32 34
17 2 30
32 5 10
53 2 36
2 19 6
25 25 19
10 37 13
10 10 19
2 33 37
16 19 39
60 34 7
1 21 25
43 8 7
39 7 38
26 1 21
61 16 36
36 29 37
32 6 4
18 37 29
6 26 23
17 3 4
15 1 32
55 23 18
39 27 6
17 10 34
21 29 36
51 12 10
8 36 32
6 14 24
40 35 24
6 31 26
16 13 5
64 21 1
12 17 30
42 33 17
42 30 24
10 7 1
32 21 29
57 33 22
42 5 33
17 7 37
44 28 4
23 20 30
16 18 28
61 23 26
24 26 29
7 28 40
31 14 1
56 28 20
7 13 27
54 15 22
4 22 7
15 34 4
36 11 27
8 16 34
6 14 3
45 12 19
63 5 14
52 13 25
59 16 2
38 17 30
10 26 32
54 38 16
18 15 17
1 21 4
53 30 12
63 1 31
64 16 17
11 24 13
18 29 40
20 29 29
64 30 36
6 27 40
48 21 15
61 16 37
24 14 35
59 20 7
47 22 14
6 15 6
53 14 3
40 21 21
55 27 14
23 17 27
11 35 14
12 30 18
33 3 10
58 20 36
56 29 27
43 31 11
31 2 14
44 5 8
36 20 36
33 20 36
59 14 33
38 8 22
12 38 40
22 36 1
38 34 8
4 13 3
14 11 31
56 6 14
32 12 18
64 22 2
63 23 22
36 12 5
17 37 3
42 12 18
15 34 37
58 33 21
33 36 26
33 1 30
24 2 14
21 27 3
34 2 17
39 12 19
43 15 34
46 25 25
17 7 29
18 20 28
11 8 29
41 4 40
31 17 35
40 31 1
18 24 15
23 19 18
8 31 40
30 1 10
1 4 22
49 20 35
16 16 39
51 36 7
55 11 26
6 37 34
58 26 10
1 29 21
1 16 11
39 6 9
4 16 31
57 9 34
22 14 28
56 10 40
36 21 35
39 19 6
39 17 2
23 9 7
54 18 18
40 37 25
50 34 9
64 24 1
49 9 4
2 7 36
18 34 30
47 17 11
51 21 29
25 13 31
42 22 7
35 18 40
2 23 32
8 29 28
22 23 9
19 12 29
1 1 35
32 30 26
4 7 34
10 32 21
36 34 36
48 14 37
56 24 15
56 29 15
9 3 2
63 23 16
2 27 9
19 34 6
51 18 34
53 10 25
45 6 5
4 30 6
30 36 32
25 38 22
45 10 27
63 24 13
32 25 1
8 11 21
63 13 35
6 27 17
9 6 30
19 15 24
20 33 16
56 1 34
47 17 17
21 5 3
28 2 6
54 5 25
14 25 33
21 6 6
8 8 19
50 5 34
10 8 31
54 24 7
47 8 8
39 17 7
57 27 15
53 18 32
50 37 35
16 3 37
25 33 8
5 32 36
25 3 23
56 31 21
4 19 14
53 29 2
53 23 4
56 36 33
33 29 1
15 24 28
10 17 26
24 26 23
2 34 16
35 3 1
4 10 16
18 28 28
57 21 35
1 8 32
47 39 8
6 20 8
64 4 37
48 13 18
25 34 25
1 12 3
45 33 35
32 17 27
27 14 37
56 10 21
50 12 15
50 5 21
64 28 39
48 29 2
19 3 4
19 38 35
63 38 29
63 9 33
49 12 25
61 28 14
12 22 19
43 6 3
53 2 34
44 6 32
43 12 20
42 11 33
4 22 23
44 11 11
7 18 36
50 31 26
59 10 7
24 12 33
31 11 6
41 37 4
24 4 5
30 24 10
20 2 12
38 12 20
35 37 36
60 11 3
58 4 10
2 27 18
8 23 11
53 35 37
55 11 22
27 22 20
64 3 1
18 28 30
44 25 1
64 6 3
50 11 36
28 3 10
17 10 18
15 23 31
55 5 8
35 29 32
35 35 2
31 10 38
19 11 28
29 1 31
41 4 18
50 12 13
23 7 32
20 18 17
49 27 34
24 6 39
29 6 39
34 21 33
54 8 28
31 19 3
29 32 21
11 19 14
4 11 27
23 6 15
12 7 21
61 6 9
31 17 12
18 28 19
30 32 35
49 39 11
12 6 38
2 35 2
17 28 33
15 25 25
56 38 6
21 16 38
20 10 24
64 27 36
16 12 37
10 36 7
2 8 1
51 5 39
36 39 2
30 9 21
27 7 16
12 38 39
38 37 35
10 34 20
2 3 34
37 18 9
1 1 24
43 23 3
2 23 37
64 18 36
42 32 30
6 8 23
34 16 32
54 26 1
23 7 39
58 26 19
26 9 12
43 6 15
32 13 5
57 14 9
35 12 2
40 34 1
29 20 7
11 20 18
12 28 24
1 39 15
30 34 31
24 15 7
48 39 9
8 6 11
38 27 40
41 4 29
61 37 33
43 8 13
28 30 13
42 29 34
19 20 10
33 5 24
48 9 6
14 6 7
33 30 24
14 19 5
43 8 30
39 19 30
38 7 10
51 5 35
63 39 32
49 15 21
51 9 16
48 6 34
61 26 33
41 16 25
31 15 17
22 15 29
31 20 7
62 19 15
9 6 5
9 17 28
52 3 19
2 31 18
19 13 7
54 25 13
34 6 6
37 27 9
30 30 12
64 28 1
57 12 31
34 17 12
57 32 24
23 32 27
4 24 31
32 2 30
38 19 14
12 21 6
47 1 21
54 23 4
33 4 30
52 37 6
52 6 11
52 28 37
35 3 18
21 18 17
39 8 24
24 34 7
4 14 2
11 18 38
19 9 7
60 27 9
60 5 8
45 7 34
7 39 23
19 37 36
24 27 3
12 18 21
49 32 8
26 1 8
36 11 39
25 23 4
38 32 30
51 2 1
12 9 36
18 22 27
18 14 15
54 12 15
39 21 25
34 17 30
59 9 22
1 12 16
13 1 34
3 14 11
26 11 10
26 37 39
36 37 3
26 35 5
50 33 10
12 14 6
25 22 38
34 35 7
60 16 22
29 31 36
24 5 33
9 22 39
44 34 7
60 10 23
14 15 27
11 19 35
6 31 17
29 26 15
32 33 22
43 39 37
29 23 6
29 35 13
49 5 2
62 21 14
50 23 32
17 5 27
3 4 1
10 9 26
47 4 19
36 4 20
48 23 20
30 27 39
51 13 4
21 31 4
63 28 23
59 37 31
54 1 38
32 30 37
48 4 28
34 11 1
31 21 5
28 17 7
17 26 7
40 3 8
3 37 30
56 26 32
38 35 40
59 24 33
49 15 20
4 8 21
7 37 12
20 2 17
7 1 1
27 10 37
16 25 5
15 36 13
45 8 25
33 12 10
6 13 6
32 36 38
24 32 20
25 33 38
57 10 16
48 34 3
16 26 15
14 15 10
38 6 21
25 5 31
19 10 30
32 24 40
6 7 22
9 4 1
32 7 15
3 7 12
46 24 39
63 25 34
48 21 22
4 8 15
64 16 40
12 32 28
48 34 29
37 39 24
57 34 13
36 34 22
35 4 31
42 25 26
18 25 2
54 32 27
11 37 40
27 28 40
46 20 20
1 11 36
18 7 18
16 30 3
62 14 13
27 15 11
6 17 18
9 33 17
43 2 27
42 29 8
10 15 6
61 37 10
37 21 23
45 25 39
47 31 7
40 26 40
49 34 6
47 6 25
32 16 39
34 17 14
6 22 30
9 28 6
16 17 12
33 9 35
23 26 1
57 37 31
8 2 14
32 6 10
52 28 18
40 21 30
38 25 37
22 8 27
46 8 38
60 2 37
52 23 31
34 28 39
60 25 36
19 3 13
58 8 23
31 27 21
58 39 38
61 33 40
28 27 7
16 16 15
36 8 10
39 23 13
6 20 22
53 4 21
7 13 33
36 12 14
37 14 14
46 12 22
29 24 25
25 5 36
38 17 5
7 3 16
44 14 29
41 27 9
48 5 32
25 8 24
39 23 35
50 2 11
13 34 28
6 20 26
14 32 5
16 10 28
20 7 38
8 24 3
44 34 20
6 28 17
60 32 8
64 38 18
42 6 35
18 17 27
64 22 16
37 15 27
45 18 8
17 15 34
60 21 30
4 39 4
15 36 15
55 17 32
30 2 37
3 15 36
31 22 3
18 3 31
9 39 24
2 15 32
35 17 32
2 11 27
18 39 4
44 14 39
5 25 40
33 30 25
3 27 24
56 31 39
20 16 11
1 38 33
23 15 2
44 7 33
46 28 21
24 15 34
49 19 21
15 5 20
29 7 8
56 37 39
42 7 19
33 27 3
23 5 7
24 16 28
30 12 25
11 39 25
39 1 37
42 39 31
45 4 5
48 3 24
44 31 10
22 36 39
42 23 33
20 6 6
18 19 31
20 31 5
18 35 11
57 24 30
12 37 18
53 19 17
60 28 38
39 2 22
4 25 12
48 6 18
16 25 28
4 37 22
57 1 29
44 13 35
13 11 4
6 23 35
48 31 27
4 34 39
28 23 31
50 10 15
15 37 13
21 27 18
31 19 7
20 6 18
23 6 38
46 39 21
2 18 2
62 11 27
3 37 8
15 31 23
52 8 37
44 33 9
13 7 37
12 18 12
58 17 21
58 25 8
57 8 22
45 25 15
59 20 6
34 38 32
37 2 1
18 29 10
49 11 5
62 15 29
32 5 37
61 2 33
32 24 1
45 13 22
57 9 6
22 32 16
12 36 14
13 10 28
21 17 30
60 29 28
25 24 15
13 14 29
63 30 11
59 28 10
51 36 5
2 8 34
52 32 3
37 15 13
63 17 30
63 16 1
14 17 34
32 13 30
9 20 39
53 24 30
29 7 22
21 34 15
52 39 13
58 3 15
33 24 29
45 7 30
13 33 23
3 20 14
46 25 3
10 21 23
45 8 7
34 29 17
22 39 2
44 29 3
25 3 2
4 12 11
63 30 5
30 27 29
24 19 15
30 39 24
28 19 5
56 34 3
34 5 9
6 22 25
26 27 34
26 25 24
21 6 31
59 37 17
47 39 24
15 1 36
15 14 15
46 39 10
27 11 37
49 24 33
3 17 35
8 36 6
46 16 40
40 38 27
38 18 32
57 20 26
4 10 13
13 34 5
21 7 27
50 29 23
14 6 32
5 9 34
15 11 40
33 1 17
24 3 36
48 24 15
59 20 26
21 39 2
30 17 25
51 28 5
58 17 35
58 32 19
43 39 38
39 7 30
62 3 11
1 12 4
50 37 30
37 34 20
24 2 6
52 32 22
33 18 2
50 11 4
52 12 23
64 30 24
12 30 25
43 21 33
16 26 5
44 28 3
18 38 19
10 39 20
19 16 29
58 8 37
64 14 33
21 16 24
58 12 10
28 35 34
6 35 15
47 8 14
33 18 29
36 34 26
6 37 16
42 27 31
51 18 25
60 30 20
20 38 21
45 24 21
41 35 25
58 12 35
18 32 2
31 10 11
42 4 30
55 37 20
60 12 4
61 13 22
25 33 26
19 12 11
13 16 4
14 20 37
30 10 16
49 38 14
30 22 30
34 32 37
7 9 23
35 22 2
35 30 22
10 33 17
12 26 32
25 8 4
6 37 13
12 24 25
40 11 39
40 11 33
32 12 23
34 7 19
45 21 40
43 20 11
39 29 25
58 8 36
29 20 1
50 29 5
52 28 39
18 7 37
17 15 6
52 36 2
59 15 5
61 33 18
48 13 13
34 32 21
53 4 37
29 39 39
37 23 17
42 35 3
20 5 29
2 19 4
12 8 34
40 29 9
20 24 32
32 25 14
18 7 24
60 15 11
52 2 29
41 22 6
59 17 26
5 28 8
1 2 33
14 17 15
23 26 10
12 20 32
22 26 32
26 31 2
57 19 15
8 5 17
23 30 33
41 3 9
59 13 28
44 28 22
29 32 19
13 10 16
25 7 22
1 17 27
33 10 23
33 12 26
15 2 25
15 31 11
49 5 16
29 35 40
42 12 1
42 8 35
53 13 16
5 3 40
54 27 5
5 20 6
36 14 28
39 27 32
48 8 13
21 14 12
28 13 36
9 38 23
41 20 34
3 32 35
4 34 39
54 4 28
6 30 18
43 10 26
28 35 36
49 36 18
37 9 7
44 1 16
22 10 17
46 14 35
28 31 35
10 30 6
3 2 18
7 29 3
51 27 32
12 19 18
55 20 32
52 22 28
9 10 11
29 15 5
32 1 40
11 9 30
24 6 1
5 8 11
14 38 36
5 8 22
57 17 15
28 15 15
40 16 7
28 2 20
43 32 31
15 35 27
35 36 17
13 39 21
31 31 11
45 15 4
35 27 40
51 22 3
23 1 2
41 21 39
30 32 2
7 19 1
3 38 29
64 25 5
50 26 8
12 37 32
16 12 12
45 25 25
47 3 25
46 27 17
62 9 14
57 13 21
34 33 8
45 33 35
43 35 39
29 19 23
3 19 35
12 29 1
31 21 35
24 13 27
15 29 28
22 16 16
15 36 13
41 9 20
29 4 8
44 10 38
28 26 29
30 12 38
45 25 4
34 14 27
49 5 2
37 29 27
20 24 15
5 3 31
59 17 34
2 9 9
64 32 9
60 1 1
4 22 16
30 8 36
5 12 5
7 16 3
40 25 1
2 22 15
13 37 35
36 30 12
49 7 39
18 8 3
60 4 36
18 18 4
19 20 26
25 33 29
55 1 8
55 13 11
22 28 7
35 25 38
19 19 24
10 19 9
28 26 21
63 1 3
21 23 16
22 34 3
6 20 40
46 29 16
46 10 29
55 14 8
15 26 39
14 14 23
38 20 21
6 19 3
35 21 37
53 6 6
37 4 15
6 12 31
23 12 19
34 9 33
24 22 32
12 6 6
60 37 28
40 21 36
45 31 1
1 16 33
10 23 25
48 22 4
15 22 26
37 35 40
14 24 20
28 18 4
46 25 2
35 12 24
16 37 13
61 17 37
23 17 18
24 4 33
10 12 35
30 18 2
61 29 14
10 16 39
43 37 36
19 1 4
5 39 27
26 35 8
22 13 3
15 16 34
58 2 26
9 13 34
8 32 6
13 17 27
12 11 19
18 15 2
64 32 7
26 31 19
52 35 10
56 9 32
46 28 18
36 14 9
56 36 32
51 19 25
21 37 22
12 12 6
56 11 7
44 29 38
34 27 3
64 11 31
42 3 31
63 30 35
14 12 40
60 2 20
57 22 16
14 12 15
55 27 21
22 14 3
42 8 4
21 7 18
7 8 24
62 5 14
42 33 10
31 32 34
49 5 29
58 35 2
5 23 13
63 36 9
63 17 31
21 14 5
18 26 2
60 33 18
28 24 11
3 29 24
52 34 9
59 26 1
53 24 15
15 30 8
13 19 2
22 36 16
41 6 31
14 20 7
37 24 16
26 34 16
14 33 30
35 23 27
42 2 37
9 26 8
56 1 20
35 20 34
47 1 30
8 36 40
41 23 2
6 6 12
50 37 10
46 28 1
21 20 18
41 36 25
2 32 34
9 19 5
52 38 11
12 6 29
46 16 8
49 30 33
48 37 32
57 26 8
46 18 14
8 39 32
11 33 31
19 23 14
20 32 36
30 3 18
37 14 11
53 29 28
52 34 2
45 20 3
9 4 11
54 33 36
19 2 12
33 17 7
9 18 31
17 2 37
35 9 26
4 4 23
1 30 22
42 29 11
11 18 33
51 9 37
57 23 23
55 14 35
2 6 16
54 24 9
31 36 17
25 39 31
56 25 26
42 12 18
39 30 29
59 11 4
10 19 37
8 21 10
62 10 24
8 1 38
16 39 30
50 23 10
23 26 18
16 38 36
39 36 8
61 2 18
50 16 22
49 27 25
55 26 39
14 30 22
35 9 25
19 25 6
6 19 9
56 35 8
13 15 22
8 21 32
26 16 29
9 23 14
20 31 9
12 6 27
56 36 40
17 13 2
20 4 22
45 20 22
11 25 38
8 12 28
11 5 12
5 13 16
8 38 30
25 7 35
13 14 8
37 16 8
62 26 25
32 20 38
35 34 24
14 26 21
2 10 25
45 16 25
42 34 28
59 11 8
40 18 7
37 14 34
49 10 37
31 25 16
24 21 14
39 37 9
47 23 1
6 30 20
60 1 33
64 4 16
32 34 12
10 32 10
5 8 15
46 2 21
37 37 19
17 5 30
41 4 23
38 37 3
49 5 2
33 16 15
58 12 18
32 23 37
31 38 8
62 1 40
64 15 33
23 8 28
63 21 5
24 37 37
39 33 3
39 24 6
14 15 23
18 32 39
44 30 4
40 35 40
56 2 19
28 14 9
47 31 40
32 25 20
48 6 28
17 31 21
24 21 9
14 16 36
51 36 35
26 19 4
10 29 13
61 36 17
15 2 29
54 13 4
7 7 34
24 34 1
9 38 39
6 32 35
8 5 31
46 3 9
51 6 18
43 8 37
27 37 21
63 13 19
58 10 17
60 7 36
15 25 15
27 27 10
16 27 20
5 20 34
43 13 17
49 33 26
10 9 33
41 12 38
38 3 39
22 31 35
17 37 34
37 31 8
4 1 14
1 7 4
38 15 27
63 35 20
8 34 17
49 4 9
8 35 37
26 11 17
33 24 33
58 22 31
62 24 37
63 17 39
64 33 37
61 36 13
19 13 12
55 27 23
4 1 20
17 36 19
9 25 37
44 24 23
16 8 21
9 28 8
42 33 13
59 26 26
49 5 27
35 14 31
19 31 7
45 29 36
23 23 3
59 22 38
42 29 2
50 26 4
62 24 15
15 29 19
22 18 32
1 34 39
16 37 29
46 26 7
10 38 23
51 20 36
39 17 26
12 37 29
32 5 2
41 34 38
58 13 11
50 39 36
34 21 3
46 8 9
1 32 12
21 36 20
47 8 27
17 20 24
52 31 6
30 6 1
20 30 34
10 3 9
2 21 17
53 24 18
42 14 23
61 20 40
41 9 9
46 24 3
28 1 12
1 17 1
45 33 2
45 10 37
40 30 32
31 35 10
64 34 39
19 14 22
62 1 33
53 2 21
56 17 38
31 11 28
37 38 27
59 38 12
15 27 8
58 14 10
47 3 32
39 12 17
17 7 21
26 31 34
45 22 33
36 13 29
32 18 16
31 18 16
18 14 8
38 29 18
55 24 5
5 7 38
56 26 19
11 7 20
37 3 3
3 20 21
15 15 17
52 19 27
56 18 19
58 39 4
39 5 39
24 39 7
19 39 34
12 1 8
44 19 31
31 25 34
39 13 28
23 8 29
56 39 18
37 20 10
26 17 14
49 16 9
31 14 11
51 20 12
45 34 15
11 18 11
2 3 25
33 8 15
15 22 30
37 33 31
19 16 30
22 33 24
52 30 29
64 35 5
48 18 13
45 8 40
43 10 32
11 12 40
5 31 27
21 22 5
46 7 17
56 33 6
46 31 30
6 37 12
4 2 28
51 34 15
5 17 33
32 12 2
24 36 7
53 8 2
23 32 27
55 5 16
9 35 38
22 4 13
40 38 6
11 26 27
22 7 23
19 20 8
3 19 20
6 32 30
21 16 12
42 20 39
28 7 7
58 28 1
39 22 6
19 31 33
23 22 23
44 25 33
37 29 7
55 18 16
56 22 23
48 19 35
55 39 30
23 7 19
33 31 27
60 20 10
54 26 12
9 12 30
47 17 18
5 6 6
38 25 8
56 7 9
1 29 31
29 19 23
6 35 24
23 20 5
23 2 25
25 18 32
46 26 10
15 22 15
55 37 21
30 12 38
57 9 11
38 33 24
2 38 27
42 18 39
25 36 10
55 14 39
21 5 36
44 35 16
21 33 30
9 3 32
14 2 5
64 22 2
29 22 2
14 34 40
58 19 11
7 10 30
61 30 37
54 35 28
51 1 40
57 16 17
34 6 27
7 11 28
51 18 11
44 30 4
38 22 40
42 22 29
40 34 40
11 15 40
43 7 16
11 3 18
15 12 40
37 21 20
27 16 28
55 2 7
60 2 23
29 20 32
19 13 37
5 37 16
33 8 28
25 34 6
52 23 21
17 8 25
21 4 40
47 37 29
33 29 24
6 22 18
33 20 14
46 10 21
37 22 34
29 17 36
43 1 1
26 26 13
22 20 14
53 4 14
58 15 33
59 14 1
44 20 13
47 3 31
50 25 33
55 29 33
17 7 19
25 5 6
37 20 16
52 24 40
45 37 14
31 37 9
56 32 8
30 20 9
8 25 20
26 26 14
53 26 27
45 6 20
25 20 26
1 18 7
24 15 14
31 18 30
29 30 25
18 14 4
23 34 22
10 14 33
23 18 30
4 23 2
8 18 23
22 18 11
35 9 31
7 36 23
16 38 21
13 28 37
34 9 18
47 39 17
25 24 1
20 2 14
64 14 4
50 25 18
17 18 19
64 27 9
57 3 3
18 8 27
15 9 32
27 22 1
32 29 15
13 9 35
20 3 38
6 26 7
53 28 17
8 2 16
59 4 20
11 18 25
62 8 28
60 16 21
49 14 4
49 19 37
5 21 29
2 19 40
39 24 38
31 2 6
41 35 25
26 19 17
6 22 18
15 28 31
54 29 31
30 1 34
30 21 16
58 25 31
19 11 6
38 35 6
9 39 28
43 35 6
57 12 10
15 17 24
60 15 37
56 25 36
1 31 33
57 11 37
34 6 5
2 20 26
33 3 30
6 32 32
46 3 9
46 8 26
8 16 17
28 9 35
34 5 35
39 12 39
42 2 11
9 29 1
53 8 24
41 19 22
63 32 6
11 28 5
11 6 28
33 36 2
50 16 39
55 10 30
50 3 20
59 18 7
10 23 8
32 4 24
19 2 35
30 24 25
1 22 14
13 39 3
43 19 39
63 5 26
55 20 10
15 33 5
9 10 36
55 39 1
56 32 19
11 26 29
45 33 40
8 6 16
40 12 16
3 29 9
24 23 24
41 3 4
29 8 30
54 25 11
35 36 12
61 31 27
63 3 39
55 37 27
51 26 7
47 18 8
59 7 13
35 12 9
32 29 16
3 11 21
13 7 37
55 14 29
11 11 2
64 3 35
47 27 8
55 27 13
21 39 40
17 34 15
32 34 21
61 5 13
47 11 25
54 37 40
1 7 12
38 8 33
18 7 27
35 34 17
33 9 15
54 39 6
32 19 18
4 32 30
44 16 34
51 20 29
46 13 25
25 26 13
30 25 3
10 7 34
25 17 9
32 30 9
41 37 40
46 21 35
6 1 6
20 35 6
49 31 1
15 34 9
51 26 28
44 37 28
60 5 36
56 37 12
43 1 30
53 12 13
49 31 23
35 17 4
64 24 16
26 12 6
44 22 33
4 24 31
50 32 12
54 34 6
55 2 31
55 38 27
39 15 30
57 29 10
12 14 22
52 26 4
43 30 24
34 4 4
21 2 2
28 33 17
13 29 39
16 38 29
40 5 31
19 20 9
30 24 5
4 33 7
32 35 12
12 13 11
21 27 1
8 20 21
13 34 23
23 2 4
21 38 39
45 33 26
8 18 10
27 16 22
63 18 7
47 37 21
29 26 30
36 36 11
16 16 11
13 35 3
64 28 13
29 19 19
3 7 1
54 27 30
28 34 9
46 3 9
55 27 24
36 22 38
29 36 25
30 19 26
17 36 12
23 9 35
44 24 36
20 38 9
20 7 33
23 8 14
62 20 35
23 23 2
55 17 29
30 32 35
27 24 35
34 32 6
62 19 38
35 19 18
8 22 25
15 24 16
49 21 12
36 27 15
9 5 18
18 9 12
27 28 28
12 17 11
47 31 39
2 27 3
11 2 12
31 11 8
47 19 35
55 33 23
33 6 21
34 7 34
51 3 17
26 3 34
41 17 37
42 16 37
53 36 16
28 24 10
49 38 34
32 29 7
41 30 36
40 27 37
28 5 31
12 7 9
46 13 5
44 15 8
44 20 16
29 35 15
17 34 4
27 6 14
18 28 5
11 29 4
32 6 34
59 18 24
4 5 40
53 12 39
1 19 7
59 19 28
1 18 25
30 31 29
50 26 35
34 17 3
53 27 14
58 14 35
57 31 37
64 7 18
58 14 26
63 4 35
31 20 12
63 21 1
18 7 7
58 7 4
8 9 8
49 34 26
23 36 27
8 2 32
33 33 16
23 13 31
52 33 14
11 16 1
63 6 12
8 32 26
26 5 3
49 6 30
6 25 13
8 10 12
24 13 32
10 32 21
46 30 12
32 16 1
18 29 31
20 30 11
21 6 28
54 21 2
13 9 24
18 18 17
24 6 32
1 28 8
54 1 2
17 30 14
12 20 16
60 27 7
48 39 22
8 35 8
39 34 23
9 7 36
45 35 31
39 35 38
58 35 6
49 37 38
48 26 26
28 19 37
57 13 32
16 6 34
21 23 33
61 24 14
35 15 2
21 2 3
50 13 39
56 33 26
50 31 10
40 23 16
25 20 13
5 17 16
14 16 6
50 1 27
54 17 19
29 38 28
63 34 13
3 32 22
29 1 9
32 8 30
17 22 7
25 26 28
59 19 16
16 27 37
37 38 34
49 38 40
10 10 38
1 19 19
19 7 32
29 35 3
15 20 15
41 17 26
22 28 13
49 1 1
9 39 27
36 28 29
60 25 24
42 22 10
63 23 5
19 16 32
29 23 22
20 7 7
2 26 38
41 30 14
40 23 22
32 2 17
40 9 35
40 28 19
42 13 9
25 32 17
8 13 36
22 10 25
60 36 36
5 26 35
63 8 26
25 36 7
48 20 28
40 39 40
63 32 22
33 18 17
17 1 31
22 38 7
47 14 26
45 8 8
14 28 3
24 18 37
45 11 17
43 1 24
30 33 24
16 15 14
10 23 5
37 13 36
63 39 17
38 31 14
42 18 36
60 20 20
34 21 19
58 23 36
5 22 39
63 17 5
58 27 26
23 32 6
13 30 34
44 27 17
42 36 7
25 35 14
31 17 2
39 34 25
21 28 12
7 20 35
25 33 17
63 2 2
40 35 31
50 12 7
13 6 30
13 29 22
55 25 16
20 16 27
46 13 6
63 32 34
29 24 35
45 35 31
31 18 39
11 9 9
26 29 10
46 15 21
35 35 31
39 23 32
31 5 23
29 6 32
49 18 31
24 19 31
34 18 14
40 4 23
39 28 15
37 19 13
38 23 15
24 38 22
30 17 25
57 13 10
26 29 17
57 27 3
64 1 17
20 3 3
56 18 6
5 20 29
61 13 18
54 6 27
30 33 28
28 10 25
8 18 22
15 33 40
24 3 30
56 16 33
61 1 38
31 29 28
36 39 12
33 11 39
56 14 24
57 30 30
37 32 26
14 29 16
52 11 3
28 38 36
31 5 15
4 4 29
58 39 5
30 6 15
30 20 31
9 30 10
50 4 22
38 17 7
48 34 33
58 12 12
42 24 1
52 6 40
49 28 28
9 19 39
58 31 15
63 23 20
34 3 19
38 4 11
41 32 15
7 15 1
30 13 19
53 24 38
16 37 1
57 3 7
38 37 28
5 17 2
13 16 40
42 18 17
43 22 39
11 1 34
50 11 27
50 2 2
62 13 24
40 22 12
31 3 14
33 22 38
40 1 26
34 13 17
53 31 36
56 31 28
44 27 30
40 26 19
31 3 7
3 13 2
12 21 25
29 3 35
63 3 4
37 1 16
39 2 33
11 22 30
43 11 2
15 24 14
16 10 3
7 3 7
8 11 12
55 22 8
23 30 21
43 5 34
3 3 33
53 38 33
60 32 39
52 31 7
44 13 31
32 13 32
60 36 36
40 32 28
63 21 39
25 33 17
19 20 23
59 14 14
21 15 4
43 32 26
24 29 32
39 34 4
11 30 23
45 28 37
15 11 31
12 9 21
56 27 36
22 19 30
25 15 39
64 33 14
22 23 32
31 5 8
37 18 19
16 13 36
56 4 4
33 33 2
24 28 15
55 22 3
55 1 35
63 31 18
34 32 40
59 30 9
21 1 27
64 32 4
42 18 15
11 16 11
9 28 19
4 20 40
14 5 11
29 18 40
36 26 15
42 14 38
12 8 37
19 3 24
31 35 34
59 23 6
43 30 3
48 13 33
60 34 12
7 18 36
63 23 8
25 35 13
60 17 27
34 29 3
47 25 25
32 34 33
3 21 37
13 35 28
55 28 38
59 3 6
13 13 36
11 9 10
43 11 20
41 17 1
57 35 28
60 35 26
41 2 31
55 1 28
43 28 18
4 39 36
23 27 16
16 6 25
42 35 15
41 17 14
33 1 34
1 13 12
5 34 18
48 21 21
28 22 11
22 32 21
22 13 19
30 20 5
22 22 39
33 34 37
26 11 6
40 26 22
58 38 7
55 27 9
34 37 35
36 26 18
5 32 3
35 14 29
5 14 36
6 13 22
51 6 14
49 12 9
47 1 15
36 21 29
50 11 15
53 23 30
33 19 34
58 12 32
64 30 30
12 29 26
17 26 12
7 22 22
43 6 21
16 17 10
35 28 15
52 4 33
37 11 39
1 36 8
41 25 5
41 8 8
9 5 12
62 38 36
20 39 32
41 27 11
53 38 6
18 31 15
47 16 13
42 28 21
59 12 35
44 4 6
45 28 27
23 1 20
5 29 14
23 16 1
28 27 33
11 39 6
49 16 34
55 21 6
21 12 14
43 38 17
6 3 25
46 26 27
29 38 4
6 34 22
5 8 3
12 4 25
41 32 14
25 17 30
23 15 30
49 34 34
21 17 21
45 13 35
47 33 17
41 15 34
54 37 8
26 35 13
47 20 3
12 5 16
9 17 26
29 8 1
49 28 6
47 27 20
20 33 22
11 18 27
12 37 9
31 36 3
13 22 20
56 16 25
44 34 26
61 24 35
11 20 32
3 9 22
47 7 24
60 39 40
52 22 37
11 33 5
51 3 31
35 17 6
59 39 12
39 12 6
41 8 30
3 4 18
57 4 31
55 10 31
30 8 26
50 20 8
13 16 8
14 11 27
36 2 11
16 32 4
2 36 19
34 5 6
33 14 9
57 13 26
27 20 17
14 26 35
19 36 28
24 11 37
20 32 4
43 2 2
2 1 20
62 20 25
36 16 5
25 19 40
64 10 13
2 8 4
53 22 36
57 5 27
12 6 14
31 21 38
28 27 36
58 19 21
26 36 11
24 37 38
60 32 16
10 24 25
12 38 18
24 20 12
14 39 15
41 3 37
21 4 12
22 19 14
36 17 39
1 31 21
62 39 28
59 12 25
11 27 40
42 14 7
17 34 30
39 7 18
4 32 28
41 16 19
43 6 1
42 8 16
40 16 19
15 39 11
1 16 30
59 7 21
37 12 7
16 23 13
57 18 26
64 21 18
53 20 23
52 1 28
49 10 36
22 17 15
42 22 8
22 9 20
63 29 38
45 36 22
13 22 28
36 32 20
54 4 34
53 33 18
57 22 19
49 21 1
26 27 32
60 22 16
64 30 16
36 10 17
11 5 12
51 8 28
48 31 9
32 33 37
28 26 38
50 7 20
36 22 17
58 32 38
17 36 21
1 22 2
33 14 2
39 31 6
64 16 15
27 26 31
37 35 22
56 10 34
62 1 24
48 14 12
34 21 7
4 8 20
16 34 18
13 33 11
63 8 23
31 4 29
38 14 27
64 30 36
54 28 16
57 28 25
24 38 31
41 22 24
38 32 33
36 10 27
3 21 40
20 18 39
1 34 6
22 16 32
41 23 6
47 5 34
31 4 28
28 39 31
6 36 26
29 5 36
45 38 21
47 17 32
37 15 8
10 31 6
38 8 11
61 24 27
53 6 12
5 25 21
17 36 38
8 18 25
62 18 15
36 39 12
22 25 39
4 12 22
64 13 1
60 10 17
34 5 11
24 35 26
54 15 21
44 7 30
64 11 26
38 6 3
55 35 16
26 21 1
26 18 16
44 29 11
1 12 15
5 27 10
15 23 35
53 1 32
35 12 17
29 28 23
7 23 1
5 13 13
22 34 3
49 39 29
61 37 4
40 39 33
18 34 19
10 33 39
63 26 10
20 10 37
11 36 15
3 12 4
37 27 35
57 29 7
49 5 40
24 37 6
28 36 9
6 15 4
34 39 27
23 8 25
7 32 27
7 23 2
48 36 11
30 30 28
16 25 18
46 20 2
54 21 31
43 29 11
47 33 24
20 21 28
28 34 23
57 7 20
18 29 19
28 17 8
38 31 31
14 21 23
62 10 6
2 10 29
19 5 13
5 5 32
44 29 31
6 9 31
49 14 30
7 25 10
21 6 5
39 32 6
41 12 21
3 27 5
43 30 19
60 34 19
25 18 26
27 28 37
14 18 27
24 2 19
36 10 9
40 24 27
40 1 38
51 33 16
27 22 6
51 24 1
26 24 33
13 9 18
40 26 25
14 25 10
15 3 17
48 10 26
30 2 29
28 4 39
29 24 22
47 35 18
1 12 32
29 11 39
58 17 7
57 20 26
34 23 40
15 29 33
47 33 8
9 31 27
15 35 10
10 20 2
28 18 11
23 21 24
39 3 5
25 39 4
2 38 4
6 13 17
35 31 18
34 17 21
49 32 8
16 7 16
39 30 40
41 34 20
58 6 16
43 3 12
37 28 28
36 2 35
36 32 22
7 15 7
26 9 5
3 5 34
18 38 25
3 7 40
3 10 7
49 37 32
45 5 18
28 4 35
28 7 31
64 22 12
46 35 23
13 20 3
20 22 37
7 29 8
51 37 38
1 6 35
33 9 34
52 24 22
50 17 8
17 6 38
22 14 39
29 17 40
38 1 7
21 11 17
52 8 6
2 36 40
8 4 39
63 30 36
12 32 12
7 37 21
54 9 20
14 14 16
52 28 6
29 20 28
9 31 31
29 11 30
8 15 32
9 15 34
53 2 15
24 23 32
6 33 1
30 27 27
42 12 3
14 16 25
10 10 34
34 15 32
47 22 17
47 24 28
6 6 18
63 22 1
43 7 8
22 3 7
16 12 37
37 34 26
35 39 28
37 20 36
4 33 18
25 17 30
23 31 2
61 16 27
50 27 20
47 17 10
14 20 30
54 34 7
2 1 29
7 22 16
41 30 10
26 33 5
63 5 40
12 9 11
9 26 16
12 38 7
36 37 10
48 4 29
10 34 26
18 37 22
15 34 30
33 30 14
20 17 25
45 24 7
26 30 27
56 38 8
32 35 35
32 21 23
45 33 8
33 19 19
41 9 37
14 16 12
29 22 33
62 19 40
53 25 10
31 16 17
32 18 17
56 22 8
23 36 40
46 37 32
38 9 2
64 8 25
34 17 12
15 30 26
29 29 14
16 20 2
26 31 29
23 1 29
24 21 14
52 6 25
16 39 13
27 6 13
13 14 32
7 18 17
19 9 20
62 28 39
34 32 35
14 36 24
37 38 13
18 15 30
2 10 6
14 9 6
51 16 34
1 17 15
51 28 19
17 10 2
26 32 1
43 32 18
49 7 33
41 30 37
32 3 20
37 26 26
43 36 38
30 13 14
16 8 24
27 7 4
54 7 6
56 5 29
6 20 20
44 17 5
54 12 12
43 31 29
40 13 15
15 15 8
64 35 33
6 17 27
51 7 5
4 19 23
39 16 23
63 13 30
62 6 38
33 12 3
26 17 38
60 10 4
25 26 17
17 1 27
31 39 20
55 34 34
35 5 16
53 24 16
10 30 2
13 24 40
59 21 35
34 39 38
45 5 2
16 21 19
48 25 35
8 25 40
34 10 6
25 13 16
46 34 18
62 26 1
31 2 15
40 7 30
21 1 33
42 16 40
22 17 38
60 18 2
23 8 39
1 2 29
13 22 25
62 16 22
49 17 33
20 36 35
9 30 25
38 5 12
8 4 25
2 34 13
43 5 20
13 24 25
38 15 1
62 18 39
26 9 8
26 35 34
33 29 7
37 32 34
31 23 15
47 2 1
32 34 35
52 31 13
55 7 18
60 20 31
9 9 27
60 33 19
59 5 21
59 9 38
38 28 6
61 31 3
21 21 15
5 25 11
13 17 24
35 28 3
53 8 8
49 7 37
56 3 4
33 29 31
9 9 40
23 8 35
1 22 38
43 21 38
40 17 27
64 5 36
10 23 27
29 27 14
50 33 20
42 36 36
42 37 38
32 17 30
16 18 4
30 33 13
51 19 15
22 36 20
15 10 35
40 18 27
25 19 29
20 32 20
50 21 2
36 30 32
56 23 8
3 17 28
29 10 11
25 21 23
43 35 22
32 1 7
55 14 14
57 10 28
55 7 33
19 27 10
42 25 8
25 17 9
52 28 1
41 3 40
29 3 2
39 7 22
59 34 26
60 17 9
33 1 1
1 35 38
25 28 38
57 38 35
17 37 32
2 8 19
19 16 28
7 7 23
32 29 13
61 21 25
35 33 32
15 28 3
4 34 15
26 26 33
19 24 20
9 12 20
47 20 13
1 3 27
7 21 15
35 1 23
37 17 24
11 35 30
9 2 39
60 24 23
17 12 3
60 11 11
28 13 24
29 10 8
58 33 2
47 16 18
37 8 28
35 5 35
48 3 22
41 35 28
50 16 27
32 15 39
27 16 23
59 9 8
49 6 13
40 25 28
35 8 22
33 13 37
59 29 18
59 18 7
37 26 10
34 16 24
12 6 22
23 26 14
8 21 39
15 5 1
45 15 3
9 22 13
32 3 3
26 14 15
26 13 32
4 10 31
10 32 11
43 36 6
62 27 25
62 29 12
38 9 5
28 21 1
4 30 5
16 4 27
31 15 30
19 27 28
36 3 19
52 18 23
15 28 28
63 35 34
13 16 33
10 37 37
12 30 3
61 19 25
33 33 10
34 32 3
54 4 7
50 31 6
60 29 30
59 11 9
18 28 19
53 1 11
57 2 27
50 9 26
61 38 18
20 14 39
15 36 5
55 14 1
35 6 3
15 29 30
36 20 34
59 25 5
23 22 35
21 27 11
2 10 3
36 26 26
59 30 26
24 8 17
61 22 32
55 10 5
6 26 20
54 7 23
2 29 34
50 2 39
18 2 22
6 31 3
48 24 38
18 18 6
60 31 36
41 36 21
9 7 7
27 38 26
23 19 30
32 21 2
51 15 4
20 7 37
62 2 25
40 38 37
4 20 17
53 39 12
31 36 2
2 39 1
53 38 14
43 12 32
60 21 12
5 1 39
35 26 5
30 8 17
1 8 7
56 33 24
58 31 25
22 25 26
42 34 12
45 20 37
46 20 32
37 4 29
2 36 4
26 20 23
24 37 28
58 17 25
60 37 20
23 18 22
58 33 34
17 21 6
20 28 30
45 39 34
63 23 13
53 16 30
19 34 11
36 26 26
19 2 22
34 12 6
51 3 12
18 33 5
29 32 21
11 14 6
51 37 9
3 23 2
10 5 6
40 25 15
20 21 7
57 17 34
24 18 8
56 6 19
39 33 34
25 16 26
31 12 8
8 34 18
47 30 3
47 37 11
42 39 27
14 31 28
20 26 11
15 5 39
29 10 9
41 29 4
16 7 1
35 28 15
33 10 27
28 12 20
51 15 32
25 21 5
50 30 10
47 11 31
26 26 28
25 17 39
59 6 10
23 2 25
24 24 4
22 17 17
64 8 14
43 7 1
60 33 23
10 7 22
3 28 5
43 4 17
39 6 34
42 18 24
27 9 31
16 6 26
33 2 3
11 11 15
53 15 33
5 22 1
50 24 12
13 15 34
64 33 36
27 26 23
9 11 16
8 24 39
6 37 21
37 9 38
62 30 26
27 35 17
25 8 20
50 36 19
46 33 25
28 21 5
41 39 12
34 27 7
27 27 2
1 39 34
24 10 27
3 5 30
58 28 28
63 36 37
7 17 18
17 36 39
33 4 28
43 18 2
48 33 20
62 20 39
32 31 5
18 27 19
52 22 38
30 32 8
18 31 3
49 21 36
52 1 22
33 9 36
47 5 7
61 2 13
47 34 3
28 22 10
54 23 22
9 7 28
3 23 16
14 26 4
26 13 25
4 3 29
17 16 4
12 20 21
43 6 1
31 27 4
25 4 13
52 12 23
48 32 40
19 25 17
32 17 14
42 30 39
49 18 30
51 35 9
19 1 4
48 15 21
13 29 8
31 27 15
9 21 40
57 6 28
19 30 9
62 34 26
38 22 4
27 5 38
49 31 9
50 4 20
25 35 21
43 38 3
2 12 17
37 31 8
49 21 7
37 37 40
30 36 30
30 9 34
16 33 21
1 26 29
44 17 19
19 31 22
64 2 25
52 9 17
17 36 1
8 13 12
13 6 27
40 16 13
13 21 17
42 22 4
26 11 23
2 8 7
8 17 35
53 24 34
8 30 27
3 15 2
20 36 32
54 7 7
8 4 11
64 29 1
21 29 29
35 35 8
63 27 18
20 32 4
3 35 7
63 25 32
10 32 14
36 7 4
23 11 27
48 22 3
43 19 9
13 19 33
6 21 37
6 22 30
12 1 4
12 38 22
34 38 19
9 35 19
60 15 3
18 10 4
62 15 38
24 19 11
54 8 8
57 3 17
36 29 16
56 25 36
24 8 5
44 13 2
41 3 26
60 20 29
62 36 10
35 23 35
39 28 31
39 9 5
46 10 15
2 35 24
61 30 38
50 20 20
1 23 16
24 29 8
35 4 18
28 20 8
18 8 36
55 8 35
57 4 4
51 24 16
31 39 33
62 6 2
19 19 26
36 20 28
64 20 6
60 31 33
45 22 40
10 7 17
13 12 23
1 14 12
53 19 35
55 25 7
25 34 3
50 6 25
28 17 37
11 7 4
49 4 26
3 31 2
52 27 23
19 20 34
33 25 25
32 20 22
9 35 24
39 36 17
20 26 20
22 20 23
15 14 12
24 3 16
55 20 7
56 17 11
12 5 6
7 20 26
41 27 38
64 36 36
32 7 6
15 4 33
26 29 3
8 2 4
5 25 39
1 39 26
23 37 6
4 29 24
34 16 25
13 29 27
38 14 6
56 24 20
58 24 4
62 37 23
27 30 27
50 39 9
17 5 24
42 34 28
55 34 23
14 19 25
26 13 13
56 10 36
19 9 20
46 15 36
23 36 30
46 32 15
49 35 11
57 19 7
63 18 4
14 23 17
42 19 27
10 24 3
2 35 31
8 5 19
19 28 6
63 25 16
25 20 6
53 33 15
19 21 29
62 24 12
15 20 7
8 28 21
33 32 14
49 31 17
61 1 1
33 22 37
52 24 27
4 15 10
61 20 8
24 24 2
45 7 32
24 33 31
23 33 26
17 37 36
61 26 6
56 9 9
54 16 36
15 1 3
48 10 18
36 20 8
28 36 30
49 7 8
61 26 6
47 13 38
53 28 26
50 24 37
33 15 38
51 27 2
40 21 12
40 6 10
8 8 18
54 14 14
22 10 37
40 39 13
9 7 38
22 2 19
52 17 15
30 20 32
35 33 31
19 39 37
8 4 17
9 31 31
49 20 36
3 19 34
57 29 23
49 5 25
40 25 31
38 37 15
4 7 5
59 8 13
3 28 9
5 3 24
13 20 20
5 36 36
59 31 38
6 37 37
13 14 26
21 16 3
37 3 21
55 10 24
41 4 23
6 36 19
27 13 39
52 10 27
9 18 27
40 23 18
49 14 19
52 6 30
13 36 6
43 38 10
10 5 35
22 10 20
16 37 38
4 7 2
4 7 8
47 3 20
10 8 3
47 15 16
60 23 37
46 37 22
37 28 35
51 29 40
43 30 9
61 38 13
4 34 30
38 14 8
35 19 24
42 9 15
21 31 5
36 28 40
44 35 34
31 38 18
37 18 18
25 11 13
44 30 32
23 18 9
14 10 32
30 21 33
49 3 2
61 24 11
32 35 29
23 3 24
26 34 34
60 36 2
12 7 18
28 15 6
43 34 1
61 14 20
33 24 32
22 30 35
64 10 18
61 28 7
11 10 32
60 38 10
63 15 37
63 7 26
56 2 14
41 31 33
32 8 18
63 13 32
7 5 30
19 34 17
14 7 22
26 32 20
41 30 8
9 6 36
12 33 36
49 9 23
7 5 9
37 19 30
61 30 35
59 20 39
17 20 36
28 15 20
55 38 39
38 1 11
39 20 5
47 7 38
43 36 36
17 23 1
61 7 40
17 9 14
48 22 29
6 27 38
4 20 1
50 11 2
36 26 1
36 11 34
43 18 13
23 19 17
15 22 27
19 20 8
12 34 26
63 12 25
21 20 1
22 10 17
64 14 12
47 3 5
63 4 27
54 20 28
6 21 12
22 16 2
58 24 7
64 9 9
8 10 9
6 24 11
51 16 28
39 9 26
47 38 19
58 11 8
28 25 12
30 11 17
42 38 25
33 3 17
43 31 9
13 16 9
25 32 35
50 23 1
10 20 30
12 33 8
6 3 40
59 37 16
39 29 28
2 1 30
16 4 39
43 38 20
49 27 22
48 24 30
2 11 15
56 21 40
13 36 6
57 22 29
21 21 38
25 32 26
45 2 5
51 31 12
42 30 30
39 29 18
18 16 24
23 16 23
9 37 14
53 8 12
13 5 17
1 8 6
53 2 37
41 28 36
44 35 12
26 35 23
61 15 25
6 2 18
10 32 22
12 13 11
1 2 3
3 22 5
30 6 32
57 13 28
41 12 13
1 26 1
7 5 33
64 25 24
51 6 9
19 10 7
39 20 10
64 3 15
18 27 14
62 5 3
55 17 8
42 6 17
47 2 31
32 2 26
30 32 21
55 20 38
4 18 7
3 11 15
46 9 17
47 22 36
49 31 4
7 36 39
23 6 5
39 14 27
14 1 25
46 4 27
4 22 2
52 5 18
27 11 13
40 19 19
46 13 31
57 22 23
5 7 35
44 38 30
5 15 27
41 13 16
44 5 5
57 38 27
23 6 19
30 15 12
16 16 16
42 1 19
37 33 30
17 34 32
3 28 7
55 32 25
20 20 5
34 22 38
48 25 26
51 10 17
19 31 25
52 17 6
15 27 6
1 34 19
12 2 2
45 34 14
37 32 27
50 23 18
20 20 10
25 29 22
42 19 7
52 28 17
33 11 10
56 9 19
48 29 19
6 6 28
12 6 5
2 4 2
29 10 17
58 13 35
4 33 35
37 39 34
18 10 37
17 22 31
6 12 28
33 2 37
55 26 21
58 35 25
19 13 20
18 37 3
12 21 12
19 31 31
8 1 9
61 26 29
1 11 8
57 35 27
29 15 4
54 30 39
49 10 26
6 7 36
25 34 35
62 17 40
43 19 34
7 20 2
48 28 35
8 2 35
42 32 39
5 20 21
38 7 23
5 5 4
25 39 13
31 1 35
4 31 6
35 12 1
18 30 30
5 3 3
27 10 32
47 22 15
2 35 38
54 33 34
40 3 9
49 4 17
64 4 31
9 18 39
44 12 8
53 25 32
47 6 34
62 10 4
60 27 29
7 32 39
46 23 8
64 9 21
7 14 5
61 38 37
49 20 23
62 38 31
48 34 37
22 14 13
7 23 39
13 35 32
21 27 12
26 35 15
48 2 39
33 11 37
60 27 1
50 26 28
26 11 11
15 23 12
21 3 28
62 13 21
18 26 37
63 1 19
34 36 21
62 10 8
38 19 36
9 31 21
36 4 13
53 24 4
1 22 37
33 2 27
15 30 34
23 38 31
