87 93 3464 2275
2957 3732 985 1962 262 621 1823 2260 1629 2524 2863 47 305 3779 763 4628 4813 4111 1209 1078 1823 880 3709 1390 4233 1011 3121 1878 2433 2857 4364 2924 2021 1245 2992 2946 2069 3099 1140 1954 3811 2229 4008 2135 4338 2140 2880 4031 1749 22 549 3134 3745 324 2616 3150 3335 4855 4676 179 614 3503 3145 1748 1541 788 177 4565 3459 4732 3031 4066 3347 4177 2900 3325 4260 4128 4756 1251 4793 4450 611 1385 1567 2938 170 2132 2750 3105 2542 841 528 
2121 2337 3096 2553 606 3716 2495 3509 2735 2950 2463 1443 2524 3579 3345 1258 1694 379 4216 2515 4846 4061 4128 336 2224 4471 1342 2373 2858 1648 3058 1212 749 3908 3700 4734 674 3944 2095 4385 1370 711 199 735 4564 4449 4358 596 2525 2123 1082 29 4102 2390 2056 440 4549 3424 3523 1983 237 3764 4592 3084 4758 1362 4295 3311 3467 4699 883 1049 1833 688 3169 2499 4856 3535 1087 1627 3093 2046 742 1805 2325 1074 336 2625 51 4752 511 3962 4127 
3560 2315 3468 1417 446 1739 1888 1257 89 1631 1595 3190 3435 278 186 4677 49 1568 3734 2139 3024 1058 618 4355 1850 2925 4443 3380 3726 3033 2547 2340 593 3773 3144 3389 1899 1959 1996 3829 1484 2187 4699 4515 3432 3648 3584 3296 2095 129 3690 675 2096 2414 2006 3987 926 2998 2818 2556 1128 3111 3696 2504 2719 777 4327 346 110 4717 3681 3732 2036 1223 2807 3370 2758 1836 500 280 1292 594 4049 3217 4450 2898 967 3738 3109 4016 2745 2156 2833 
1401 2094 678 1331 3020 64 4908 2610 4307 2399 1545 1220 305 1242 402 1485 2490 2974 3915 2522 1509 3159 635 4316 4513 3975 1525 2861 2801 2705 4027 1016 1461 3469 192 1720 4315 4063 1817 1790 1270 1851 2975 1206 2291 4233 264 4001 2722 1612 1664 1005 2198 1099 3239 1402 1001 3221 3076 879 3253 915 3918 687 332 4043 2308 760 3965 3341 1225 1736 641 3532 2477 4446 1155 2172 3967 2052 4807 4446 437 4700 238 1944 1576 3840 1205 1077 1258 2303 1880 
2791 4044 3351 4855 606 3011 124 4850 301 111 2196 1616 2416 2399 2698 2430 4202 2453 3121 3710 3519 4398 4026 4866 2554 1969 2968 4649 1490 740 1444 3959 250 2372 1688 205 1809 826 1117 2943 2137 3725 3373 3147 3454 3950 1565 784 3415 790 1217 334 1499 3790 1614 2603 2183 4463 3230 2843 2601 4674 2038 1722 1221 2729 4867 2957 1492 950 739 2553 1651 4156 2134 960 109 4301 2165 2912 2093 4400 2798 1297 309 4184 4081 2512 3522 1611 4304 1415 380 
2603 4433 2761 1600 1643 1375 2673 2228 1025 3672 3390 3413 4221 4156 499 3102 4700 3623 2666 3858 1606 21 332 790 3061 327 4272 262 2975 4054 4267 3298 3693 3789 869 2510 901 1477 2712 898 2619 1193 3554 2131 3385 2985 1696 1800 222 1891 1492 2161 1304 4006 109 3587 1908 4763 1784 179 2059 2708 3859 4116 2593 4207 1993 4302 1733 2502 3470 4888 4346 307 3752 1454 4502 4431 4564 315 134 4488 709 4281 3264 941 990 1457 4848 3758 2695 452 3261 
3361 2111 1904 414 4693 2422 1770 228 4348 1542 510 1102 215 2940 4599 2186 3181 1314 932 495 2372 4805 2666 3951 2496 802 2207 3793 1313 159 3398 1053 3901 3138 777 2443 1029 2497 200 3567 1719 4810 1054 4131 4295 84 1298 1795 4737 4002 3466 2076 1828 1457 1382 3576 4370 733 3851 4016 2261 4608 4034 4489 4862 2304 70 2370 3584 1943 3238 3383 2081 4655 2956 3512 3916 2058 79 458 4485 4797 940 102 3692 1578 4600 4568 4869 2666 398 1956 1592 
3257 3372 4130 3804 1004 419 2049 2445 1330 1982 4250 748 3293 2000 476 2676 3353 2962 3609 2282 1174 988 4626 3389 2190 1403 1473 191 2819 3560 3445 4402 4135 3325 3903 709 3072 1289 3081 2368 4758 4506 4392 1289 3143 936 1743 2661 1322 990 3561 3572 2731 4386 3323 2004 4423 816 1477 559 1329 1990 3957 2966 2935 2849 277 4616 2610 4605 4520 164 4164 2901 2119 2862 2307 3634 386 1735 2843 374 3394 2124 37 4403 3911 3872 3332 4365 2056 3458 3246 
139 4388 4038 94 207 1872 2269 2446 25 1807 2501 4060 347 3491 3474 1088 649 2023 1851 2813 874 2872 3200 3300 2084 4294 702 3449 4357 4147 2411 1160 4446 3553 3478 4396 1356 1286 1494 4414 431 1629 834 3390 207 1799 4462 4829 127 3227 3885 3059 4796 290 3843 3856 3150 3137 1014 1252 2989 2049 1873 3152 941 1720 1296 3497 160 2049 2305 860 241 3700 1466 3114 1245 2380 1505 3468 1122 568 3701 3084 2723 436 3793 596 1429 1856 2008 3161 3280 
3946 3954 3170 2688 453 3231 4286 3928 2706 3529 1676 3558 3371 2921 320 3873 4551 1357 1333 2444 877 4138 1828 4558 4186 2927 3103 2712 2942 1861 665 1228 4655 1264 1624 440 3695 3948 955 1381 1719 857 3754 4527 361 3956 3157 2920 4371 601 4052 2936 3334 3718 661 3209 4220 4822 1722 826 4608 3442 563 3690 3698 384 2717 2726 467 863 3106 435 3596 824 869 3237 3815 2987 2895 1226 3529 4840 1790 2967 2383 1288 2700 3182 1567 1945 2557 3945 1554 
4553 2539 3393 105 2465 3192 3662 2697 4292 1380 3520 1751 1711 4584 3228 4289 3647 1106 4861 4749 100 2711 2257 1670 1877 3548 1411 3767 1273 4889 3315 1665 4103 2460 4164 3132 4643 1909 985 966 4726 2908 3714 1779 173 2679 439 855 1966 3780 4871 3532 3867 3970 3826 4710 4187 2858 3610 4669 2127 4315 2009 4735 4596 1795 3286 115 2691 842 614 4792 129 4289 1706 1859 3989 2115 2772 35 4177 1954 4349 715 4645 3118 4462 1873 4002 2429 2644 4646 4638 
2024 804 2006 1151 3566 4481 3938 4690 2407 2834 827 4865 97 4390 3792 1941 4606 1882 1262 1646 2575 2624 1556 738 948 1126 2699 3726 615 2236 2635 4740 587 4889 1444 1143 4613 2719 3736 1821 3112 4409 486 1043 2406 173 747 3517 3032 97 3157 927 1781 288 1348 1060 650 3469 838 3543 2671 2686 4109 182 974 2391 330 977 3801 4549 117 4088 3129 1913 594 3795 2744 4114 545 1437 3568 4258 1243 1145 3513 535 1651 2669 3305 3479 3915 3607 2918 
2529 865 2669 804 2930 3183 3273 1632 653 2410 3768 2398 1196 4070 375 3868 1389 1165 4009 41 1184 1571 1998 150 1934 3256 3825 4594 261 916 2552 2430 1406 1043 2227 3606 3897 1706 990 1100 3333 2639 3776 2850 3564 2623 3180 3775 4681 1769 99 3408 2965 1287 3189 3365 2221 369 3575 2534 1526 4304 2129 3454 4166 1569 1394 4820 2062 54 1966 4856 1916 4621 3167 2057 2991 4782 1104 524 87 263 3742 3870 379 4705 184 2715 3320 524 2560 1546 1821 
261 3266 148 1693 1020 1631 3510 1495 2131 788 3810 2686 390 3451 2808 4155 1443 310 3188 2065 1871 1965 2793 831 1424 790 3844 2889 1619 148 3038 1170 3045 3360 4850 1956 3921 767 614 3129 110 884 1253 1439 1747 1445 4309 2498 1253 2527 4840 1789 4443 1839 1774 3823 4453 3760 4223 1787 4475 2596 2119 453 2787 4581 2065 3484 1757 1460 3306 433 3379 3541 3899 1371 4431 2941 4408 4711 3504 4180 846 44 4586 357 2717 2143 1374 3125 4407 2969 2123 
3031 237 2900 2701 3817 1680 4370 4215 1292 1196 817 109 3049 4364 2780 2518 3303 3043 1444 1665 1633 3503 2136 114 4538 4240 3883 4725 3550 917 1809 4616 1859 4342 2115 3623 3431 312 2693 3059 3675 2543 4164 3354 2666 4056 3798 4047 3589 2021 42 2832 2568 3985 4231 3532 3755 4206 1778 704 2614 4856 2141 1364 3901 2772 724 4476 3647 2663 3071 913 601 3106 2180 368 2417 3001 2352 3764 3395 1116 4604 4302 4282 4125 517 2841 2081 3484 2577 2005 3714 
2936 4127 3096 2047 1167 846 3959 1066 22 4836 2083 701 305 3478 1149 2806 692 4243 1201 4729 292 2170 780 2613 416 1397 1964 2877 1123 3728 3876 797 3045 3158 1744 1344 806 694 3464 3100 3870 1237 4600 4636 3720 1074 13 4863 3054 3054 370 2403 3158 4030 2602 2086 3541 3896 3604 4385 562 702 201 3517 2624 4669 157 204 2668 2192 1408 4433 2329 4363 3284 1312 2710 4824 2090 1610 1249 482 890 161 2039 58 1287 2793 327 2504 3122 1459 2364 
429 806 4814 2383 983 3834 2236 2925 232 3506 3910 1124 2696 3840 4521 3854 1576 2038 154 691 3396 131 3518 3478 2476 13 3185 219 1239 3244 3219 3067 1666 996 3617 1629 3285 4087 4805 4347 2537 4852 3049 2074 3185 3870 2605 1021 4745 3196 907 2298 2517 1493 4035 1059 2637 1222 4104 4588 2432 589 2928 169 1089 1311 4280 4632 1310 1628 3517 4446 1765 2640 875 2408 1047 4523 2445 563 2222 3650 2527 4562 1328 4301 4015 3361 2533 343 4225 1757 1645 
2824 2991 3234 611 4007 2535 3706 2671 1976 2827 4435 2729 298 4684 206 4698 3756 1180 3638 3499 3130 3189 1945 2105 4730 3223 4329 3435 346 1637 2455 3406 2944 1985 2122 1218 967 2069 2718 4795 2297 3373 4718 1846 3056 2830 1064 3094 627 3240 4449 4727 1330 3073 4103 2971 2851 1534 3877 650 3017 1536 2992 3873 3776 2515 146 2943 2033 2936 2623 2399 3964 333 1599 2110 32 2435 1484 2918 815 4319 4413 3992 2353 3186 2432 1084 1109 2802 311 4006 1459 
655 3568 4123 4510 682 4353 1152 862 984 2926 1082 1841 2611 4824 4786 1448 4629 2895 3271 3761 1057 3059 3119 781 505 1539 1940 4017 357 3580 766 3224 2311 3296 167 3155 1296 2331 3662 810 3209 4362 2745 4198 4246 2440 2341 3570 608 2385 1004 834 1961 4844 904 3274 3944 2941 506 4384 2929 753 3057 758 3277 1360 3585 216 4897 3941 85 2844 241 3009 2036 4842 1141 384 1981 3870 3224 4273 2169 4126 343 2695 2263 2384 2547 4686 2777 159 2988 
1115 3436 1879 1484 4288 4590 3598 909 972 990 4466 3744 321 3618 584 4129 4498 1434 2715 1394 3500 390 2966 2384 1981 4118 607 3506 2199 4458 2706 221 4096 274 2683 46 158 20 440 1217 1522 4797 4780 1748 4588 1465 118 4251 3762 241 1383 3940 4539 568 65 2524 1608 2093 1349 2805 156 274 2207 1726 2718 4763 867 2707 2627 2947 3666 1471 1905 194 969 3407 4221 3484 4739 2965 3760 2479 1303 1346 2344 4608 4782 4179 833 3348 1122 1187 1079 
4297 2877 3833 2972 156 480 717 3084 4518 1769 2412 3884 4078 707 1677 1059 3454 76 4383 2565 1115 4515 2253 3707 3264 3116 2479 2411 1434 2568 1747 58 2908 621 4549 318 221 3202 130 2425 716 2910 3024 3725 2721 1487 923 805 3200 2949 3829 2154 2770 663 2560 855 3520 2424 2532 2264 1367 4199 3851 301 2074 1101 2533 1510 1136 845 1330 4861 752 1852 4715 2078 1962 583 1648 4688 1686 1663 2119 1445 4724 4209 4771 164 3292 3864 4618 4875 1838 
1172 3181 502 2361 4740 2188 3545 3187 3378 4279 3143 2374 2014 2013 387 223 1334 1150 2344 37 414 1474 360 2535 4669 4251 3099 1648 561 400 703 3136 1981 2797 3041 4562 2740 386 3240 4315 4481 289 4216 2711 4449 3900 3416 1951 1045 304 226 2879 1225 2651 209 3787 1380 1212 3079 463 1498 4665 3634 1606 2279 935 3803 1856 3736 3809 3129 4667 2222 4229 2197 529 2952 2462 3410 2884 4628 1762 2239 1312 1808 3303 408 3864 288 4131 3172 2395 2738 
89 1442 28 4025 4525 2829 2588 2866 3426 3893 2587 1354 4641 1580 4625 4887 1562 4675 1043 256 4490 1400 1205 4451 2462 1313 2146 2164 79 703 285 3961 828 589 4519 1551 4733 1484 379 1069 4085 2905 1623 2149 3292 2461 4241 4243 2652 383 4049 4844 4420 2123 3714 1629 1350 3385 4736 1841 4689 2503 2081 1734 4632 3641 3064 3159 2726 855 4256 1113 1438 3809 4067 241 2051 1695 4397 13 1591 4503 3363 2962 1233 4525 1726 2036 507 2675 3900 3377 640 
2169 3093 3604 86 2611 4066 43 2372 1376 1410 4837 4183 2816 808 2411 785 170 3659 1101 1403 1662 3654 4564 1459 4666 2032 3952 3057 2236 2849 2148 4769 2658 3565 4211 4470 2932 2632 133 4152 3670 4479 1830 3636 734 1622 4384 1385 1515 2525 3047 1752 1119 4389 1047 3215 903 4617 4126 4486 267 2528 2460 4107 902 2979 1837 4859 4545 1971 4363 305 825 2053 3430 3332 1514 2984 4157 3215 2223 3242 288 4346 3778 2251 933 1756 1478 2785 2985 3254 3967 
4347 2089 944 3045 478 1467 3327 3822 1724 3771 597 1291 3506 4439 839 2228 1196 1848 4686 2610 1038 4534 4864 4716 4581 3080 1158 3926 4096 1276 2827 529 4320 2541 312 1715 1419 4387 4593 1609 2220 2316 514 3996 1757 4885 210 3866 1857 777 1155 4286 1091 671 808 1840 4840 511 2719 210 3546 2819 235 2849 3147 949 3600 3510 647 3894 4886 2694 156 1726 4576 4102 949 3582 1150 3765 1139 4866 3650 3967 2416 1897 580 867 3407 175 4396 2682 2052 
3801 359 3365 2804 2781 3388 3818 1299 1846 1634 1802 195 2266 1889 4870 1255 2738 4116 3956 2604 2564 19 3196 2576 3171 4384 1935 192 4726 1455 2662 1677 2881 2036 2620 4370 1480 4011 2051 527 1925 4376 213 3301 4734 1702 1361 4512 3974 1936 1139 936 1001 606 4598 3624 4495 1058 2126 3177 437 3056 3754 2073 2730 95 4749 2175 3430 4144 3417 948 4128 2806 4005 1192 3882 1609 4554 1480 676 2053 2387 1200 2562 1846 4461 4564 1118 419 4133 3882 227 
1056 2478 3050 2989 3315 4390 3667 245 216 2310 3724 491 4638 3927 1417 2663 1063 2998 4420 963 1002 2866 133 2292 95 1236 4839 4367 3147 1632 3062 4622 3738 4428 3473 4259 4608 4225 1521 1082 845 1221 2860 1421 1193 585 4661 3197 1419 4080 2504 2892 4201 3988 2947 1219 1775 368 4146 4902 1284 192 3315 3137 2171 2457 1380 3506 1429 4341 848 2479 3300 1484 330 4473 2815 1470 2874 3870 2303 3022 1745 277 2874 3385 2168 1310 448 746 3474 895 4462 
209 2930 1386 1488 190 224 504 2708 2617 3554 3524 589 139 2828 3536 2012 4496 3125 2554 4106 2108 2458 4438 1198 811 1799 1643 4120 1984 2467 2932 3656 658 752 409 4390 2454 1649 590 2712 1235 3707 2638 4470 2725 145 4155 1520 2369 3681 1053 1898 1723 2437 3477 574 364 3499 713 61 3122 2913 948 4761 4075 2271 1738 780 2037 4379 3953 223 4623 3737 493 1088 2992 3567 868 4394 2884 711 969 178 2432 1366 1175 4720 4138 3797 4854 4155 2556 
3655 981 4594 3168 2443 3875 2717 1978 4340 1048 4253 3912 2457 4151 935 3044 2207 4778 421 1441 1116 804 4334 3373 1549 3214 1498 2201 2328 3595 3677 4092 1634 4345 2424 2941 4026 4898 2195 4771 904 3523 1774 1827 3911 3027 1841 406 3847 3742 2763 3790 2280 4075 3544 1882 69 4630 4755 2987 1491 135 4187 4620 3946 2744 2919 4857 2851 1399 3651 2803 4359 2890 177 4497 2950 4877 2182 812 3522 2192 2518 1000 2454 4162 3887 4135 1768 2981 4297 1229 2434 
3843 4162 2622 1938 3998 731 2014 3712 3341 3795 4311 503 3907 2355 4694 1425 4417 618 2824 2317 3371 2912 4452 2553 4679 3891 2725 4055 2948 384 1007 2269 4387 236 2999 414 193 592 57 3183 1137 2063 1767 4665 385 2616 598 1113 2155 1955 3267 2892 2608 815 3660 4293 1867 699 4457 2539 2561 251 819 2299 986 3483 3520 3978 771 4343 102 3056 2560 2504 289 4249 1232 3411 1081 2762 4863 4633 3903 1335 1406 3781 3711 4639 2515 2361 570 2786 244 
1157 4388 2787 3484 3012 2108 4597 3125 4089 2501 514 2279 2176 3174 503 3807 3896 2818 1468 2759 4134 4614 4737 3157 4209 238 1287 3910 2156 1884 3900 3090 4051 3281 3835 354 4289 436 4688 3634 1074 2016 4017 1612 386 3558 2512 2811 4416 2932 2869 1827 2525 2722 995 289 3738 4610 4265 4398 3131 1673 2930 2058 3974 4863 2597 1422 94 3859 2232 116 1285 3830 1421 113 4239 1800 2822 394 2410 3048 1369 3451 4513 3328 3334 1833 4559 1755 4667 491 4670 
3458 502 2299 1274 2669 1514 3424 1485 2966 1610 411 2476 1574 2818 3076 1122 4492 3283 2795 4249 4788 3685 4883 36 1480 2960 3411 1955 2299 3401 4776 89 1034 2781 805 4260 1908 3074 875 1408 460 1172 2780 2026 689 1306 872 1009 193 2915 3499 3994 1578 4622 930 1975 4759 1335 2557 2566 2841 1975 1368 4852 3817 145 4477 3665 2084 896 3079 3212 59 1620 2039 1111 3802 3574 3402 1591 90 1708 1927 2577 1088 3267 1572 1788 3202 4481 558 4683 1341 
4293 580 2715 4609 997 431 2246 449 1444 3347 1406 1524 925 1813 310 2237 2926 2286 3630 1481 737 3744 3712 4795 817 1794 4774 4136 3801 621 4256 3940 90 1714 893 2504 3098 1017 1508 1576 2857 3358 2827 1814 261 3517 1333 3041 2518 2867 3042 1482 3511 2796 1228 3469 4521 1656 2861 4545 2233 2368 2139 3609 3485 1185 3156 2505 421 1867 4345 3662 4414 4427 42 2365 1374 1455 168 3346 623 3542 3805 2168 3839 3472 1929 3288 3457 3082 2514 3865 2427 
2449 2752 4109 4557 1865 3742 1669 1035 4872 4214 749 2516 11 4776 2889 266 3660 1066 246 1629 826 2681 2227 4327 188 673 4174 4328 2971 4874 3294 1041 1287 4173 1094 552 4055 2106 986 2112 3178 31 878 2598 3737 4153 1306 1710 37 2336 1905 3748 529 4580 4545 1795 2200 788 3854 4785 2238 1821 1437 3873 1244 4154 3623 3812 2579 4183 3768 458 1709 2491 1361 2863 250 1479 4698 689 353 2979 690 2664 768 4839 519 3325 840 1401 3151 2274 1378 
2659 971 3007 1115 2456 3008 1927 4702 384 578 4271 4619 2416 4485 3745 192 4334 2283 4259 4836 737 1425 1294 697 2122 4587 4328 1674 695 2695 4110 2156 3228 1832 4190 1643 4420 1680 2415 282 3614 4372 2026 3962 4025 132 3890 3304 4102 3321 736 505 1169 1871 1182 667 2758 1791 2140 3993 398 859 4475 719 342 537 1536 2464 1252 4084 227 1734 312 3571 1174 3890 631 3533 2269 1950 817 2743 3609 2828 3458 3838 18 3607 1793 4360 1041 1120 1689 
2726 1839 1536 2548 517 2448 272 541 3900 375 1930 724 4564 4384 1980 560 1142 1515 571 4739 1901 3584 599 2135 1011 175 2934 4468 1717 3799 1548 2329 870 2909 3166 2918 4092 4771 2912 4098 1882 2584 1914 2192 1921 1694 1182 400 635 2678 2062 4852 1151 239 43 4730 2306 3777 1084 4830 4820 4443 2299 4824 1477 3302 4839 2056 753 4567 597 1720 432 1877 654 2674 3748 3093 3389 3572 3737 1214 272 2288 3451 620 1548 1656 2558 4092 4773 4760 3514 
1852 2714 1308 2672 3741 4479 2936 783 215 2051 481 4290 171 707 787 4354 3732 4240 923 4770 3797 3131 880 4493 4347 2115 1004 3419 2648 1875 4827 3521 4779 4759 3750 3494 2982 2837 2065 1496 2639 3278 1349 2856 4414 417 1973 2249 4253 3839 1550 231 2247 3102 3831 3655 4660 3946 874 1194 3073 3233 1271 946 3795 4765 1886 4273 1755 3958 1468 3703 2660 1648 1520 2729 1432 2037 1395 4668 2947 4008 1148 4489 2601 2760 1818 1478 477 4638 2128 398 1263 
2393 3806 2115 3257 1087 784 3347 3043 2169 2303 4903 3266 1421 2890 2684 2612 1469 2353 3915 3836 1857 576 3012 1486 2388 1511 3272 4785 3324 2766 4035 1273 260 755 530 603 2990 820 4800 3776 4592 4593 3497 4118 888 2139 4156 1606 3740 1630 3938 1480 4185 1156 4815 2942 3509 1428 4342 351 3117 3330 205 3032 1581 3801 4056 1174 1564 3394 2926 2456 989 3294 4231 1976 334 1650 3367 1859 495 555 4024 1311 3903 1196 3039 2144 3835 3308 941 4462 99 
3727 3835 1089 2852 870 4532 4856 652 3158 2211 3103 3418 275 362 2146 1436 2048 4264 1262 2616 2600 3320 1987 1781 3534 448 4676 3246 205 2450 2590 2921 1289 1637 4175 1055 3334 2503 3750 18 1076 4252 830 3827 2835 1145 1761 2977 863 3294 2534 572 2398 1682 3475 22 4708 1853 2903 1187 121 680 877 4633 4744 1187 2094 3610 1346 3779 668 4232 4011 789 2938 1469 3838 1753 3677 2687 2221 4790 322 4382 485 1748 1661 1964 55 2866 2592 200 1848 
4100 1451 4738 421 2834 2446 364 3692 2523 4350 3378 1030 2273 2240 2136 2274 3416 2201 316 3262 3299 3834 1520 4566 2432 3778 3197 4731 4373 1741 872 1445 4691 3462 3078 2978 2229 4859 494 472 4755 1412 3992 4639 3949 608 3931 547 487 4344 1918 1374 1415 1890 4226 2613 3447 966 3518 2457 3732 40 2915 4839 4825 447 4728 4452 3884 965 2042 506 4094 3014 2423 141 2172 4350 3847 2986 3030 3292 876 2663 4360 2702 58 879 1252 853 500 3289 1902 
4661 2563 2447 1266 3420 1637 2939 1648 84 1872 1367 2809 4554 3519 4021 2142 1201 693 884 1840 2113 4241 2242 1068 1379 1660 4342 926 2562 3895 4617 1992 2960 1003 3826 4699 1482 4474 3096 4520 2245 1956 4732 4710 488 1339 1053 2369 2249 4122 2856 3283 4376 1497 42 407 2556 4655 3275 4761 2344 2251 2385 4133 120 4225 47 1685 2060 2213 3166 4877 1825 2178 3565 4353 375 287 237 4857 1786 804 2728 1659 1108 3158 3157 27 145 670 235 2088 434 
4267 3537 1583 4107 4497 796 1137 3772 1337 2835 1830 2218 4167 4823 1980 2048 3172 3753 2022 2075 208 2551 1794 3066 2182 4908 521 2417 1381 3985 4421 4234 2964 485 2547 2057 2271 4095 3624 4817 2564 2505 1305 2324 1660 4387 71 305 501 1648 4023 149 3221 2534 3658 740 314 4330 1226 4406 77 137 3430 3320 4782 713 4232 1583 4804 1554 1299 2781 3307 3798 2654 3867 1478 2414 1136 1731 180 2044 3632 339 1387 2005 2900 3977 1354 2389 2138 736 3064 
1417 3640 4473 1105 3689 2419 4718 1515 4446 3553 585 1352 1485 1178 336 1639 322 1818 1545 4557 3770 1115 3516 1868 1605 2422 4434 748 4324 2157 4578 3481 1160 2449 4238 4711 3520 2263 2664 4259 2404 193 3842 4660 1136 1692 1450 88 3893 2932 862 3384 4524 948 2464 4635 1792 663 2953 907 3606 3455 4125 444 1527 777 1906 4143 2614 921 1188 626 1745 4244 4746 3202 3700 3900 55 4656 3105 1123 699 2295 454 4855 2981 483 2580 716 3860 3249 1434 
2370 3599 4719 3751 239 3917 2608 2086 798 3125 1574 1323 2880 1489 808 1104 3705 3932 145 2187 1350 2082 3526 1668 1166 2101 4569 4503 1071 695 1463 2948 1128 1781 1519 4501 1542 100 4204 3171 4425 1918 2077 3899 2673 4194 4151 2484 638 246 4830 1897 1196 2502 2545 4866 4413 1839 2977 1002 2280 2358 506 4868 1180 1159 2719 3279 4103 4822 1361 74 758 873 1800 4243 2575 2885 3152 2834 1617 4509 800 2632 902 3376 618 1501 3034 4566 3405 1432 146 
1690 2518 3958 2679 3616 2306 1234 2002 1376 2723 3441 1705 4252 2503 2957 2419 367 1604 1889 1425 2972 2708 3857 4828 4047 3890 1862 1416 4708 3782 1403 4638 4068 3763 1819 268 2426 1649 1208 749 284 3442 1355 1472 4673 1769 1926 2850 2249 36 4619 3620 4041 360 4758 4534 1901 4099 1580 4356 1264 1305 3343 1238 3338 2601 1103 4601 4887 1692 4105 983 832 800 4857 842 1155 2652 990 1573 3273 4284 3366 3463 2719 520 1227 2293 3514 4611 3266 2747 1760 
2707 3981 1699 3058 3774 2950 1385 2276 1275 1579 2994 2826 1263 1591 3273 3673 57 744 638 4284 1002 387 1476 174 1342 3664 1525 2717 3582 168 4593 2917 1439 2660 2940 4680 4328 758 4753 4723 1582 4257 2672 4875 4249 3779 2425 4645 2638 1665 238 1017 2988 2239 3525 27 2330 2108 3354 3996 2845 253 3547 1951 191 1075 1060 1849 352 4567 4054 3820 2009 2582 3373 3896 1830 4311 307 639 2030 4458 3539 3508 2640 679 2522 974 822 1194 4396 3010 3315 
2517 2570 4195 329 4234 1680 428 4748 2981 73 149 2161 2377 4522 748 4154 2673 2156 615 2095 1829 3132 2834 136 3789 561 420 4393 2435 666 2632 1635 3920 4523 2546 2356 3046 2108 550 2523 4700 3275 2635 168 2841 1233 2188 2394 2688 2734 1077 401 892 3015 2777 3441 4631 2870 4253 393 2421 2512 824 2727 2643 3975 2240 2708 2229 4131 4392 404 2891 3874 4623 2038 268 4754 4456 1522 1690 3253 1665 327 2682 2592 3711 131 125 3197 3530 204 2058 
1776 4228 4186 2571 4745 2748 1560 454 3527 678 4183 4478 1926 386 2821 2788 443 2577 405 519 129 2363 4783 2515 1502 2417 3955 1348 4713 1396 1418 2318 3880 3788 1486 4305 4363 498 2071 1098 411 4306 2182 1851 4350 2853 3307 2236 61 898 2533 43 4352 1932 1367 1356 776 2920 4606 967 2944 2026 252 1222 2330 592 4217 2291 4256 2626 1048 4637 997 4093 3847 4612 3568 3762 3447 1143 2196 342 3464 3803 3289 2472 2640 3719 309 4051 2037 684 4226 
789 277 1843 3458 3544 4548 2782 1562 2745 430 2257 989 4859 1164 3937 1479 3637 1895 1759 2910 1593 3999 2285 2110 511 4325 2095 2468 2942 2779 723 1292 144 2776 1939 3374 3758 812 3823 1768 2045 408 89 4498 2122 4803 1868 348 3797 1685 1190 2709 4598 79 2517 2733 3807 3540 1796 2219 4629 2806 321 3971 2250 3228 4411 455 4075 2715 954 3171 2215 3562 571 84 2124 3084 2625 4727 4480 2418 2471 45 4406 3311 89 3608 390 3544 2933 2980 3499 
1006 4367 2525 2815 3714 4475 4156 814 3476 3950 2170 4492 625 4637 1716 3887 567 249 99 4202 3489 2357 731 2921 3915 1398 708 2322 113 3214 4299 251 4095 1845 799 855 2055 2577 937 1034 2185 877 4670 131 1570 425 2772 2083 3976 1765 1347 331 3629 4840 4093 2282 3496 3023 4458 2478 3449 1970 556 481 3337 4316 1612 4791 1761 3818 4732 1835 2889 1773 4429 1304 4230 2219 4744 937 4434 2572 4448 693 1680 1595 140 4377 48 1717 3987 1158 2498 
501 494 4700 1506 2323 3153 564 3623 3911 826 271 204 262 1815 4627 3329 2406 3087 4855 134 2258 3089 2104 3481 2643 2263 1767 3569 732 1200 4526 4008 3652 3872 4471 1862 1412 1520 4275 3415 864 3668 4503 453 84 4196 4899 755 3064 3681 471 631 2043 1616 4418 599 4551 2753 4151 3919 2661 1980 4665 4200 3015 3839 4270 3260 588 4272 3354 631 2979 3205 2061 4823 3654 3049 283 2343 4678 1325 3627 2958 3438 4696 1312 4169 3946 3051 2342 3586 3512 
3710 65 876 548 343 478 1374 1393 1111 1848 3539 3791 642 2844 3553 1849 1304 3599 1190 970 3545 4671 3272 3241 3320 1686 1564 2455 1122 2077 2687 2706 3629 2632 1840 4030 55 791 956 3508 4392 3243 1166 2317 1324 34 746 4211 2699 950 1397 4365 1746 3183 4814 4446 1212 3293 2491 3081 4545 248 4796 4492 3500 1825 254 4130 2825 761 4814 1579 2649 4299 206 41 3948 848 1205 1786 2375 4664 3829 4079 2367 4726 2610 3890 3281 1893 3015 2889 743 
1560 4383 1000 816 3515 211 1710 4057 758 4016 2872 3553 4822 4353 4014 798 4601 3391 4678 3183 4576 2909 3826 479 4125 3681 711 384 1635 4698 1627 1925 2114 4896 609 823 1469 4341 2048 3216 4560 3625 2046 4598 3950 4658 1791 3700 1604 3411 2439 3824 3816 4228 1958 3598 4263 4390 1143 4322 2154 675 1770 3058 3611 3758 3641 367 3965 2632 488 3754 4464 646 1261 4199 2577 511 1284 2613 2683 232 4071 2911 1938 4187 2230 2824 1810 3308 27 762 1609 
2146 4886 4767 4287 3086 3787 2375 2821 1686 3612 4463 1924 2412 2102 4231 2087 2254 3240 3834 1323 2111 862 4258 3767 258 1279 4011 3573 604 2755 1374 928 2399 4329 3154 870 2044 550 2151 2459 1296 2642 1855 19 2084 3632 3981 4325 707 4351 831 739 4863 3948 3789 70 2478 1842 1354 4873 3565 4332 4107 4394 853 3659 447 1559 216 3117 4300 1189 1643 1965 3562 2035 4386 1670 231 2987 1630 1581 209 2968 739 4692 2182 3352 2056 2690 1206 3442 3939 
3965 3678 1846 3829 1984 2171 1037 2201 1155 1684 3122 1927 4779 3768 1485 3555 3994 3263 736 2605 2624 4788 4094 3244 4896 4023 1586 21 4493 3019 4755 599 1283 3292 1108 2048 129 845 796 3843 533 4590 1900 220 4868 3960 2743 1724 2665 191 3045 544 3281 2816 485 4570 4131 3501 1351 2779 2201 1111 4075 3837 3571 3088 2842 3246 3125 103 1299 4174 1466 2536 4861 4335 4104 608 3705 4024 1485 2820 3463 422 372 2502 1169 2858 3000 719 3614 4206 3164 
2353 4033 1682 4839 4504 1131 2326 4334 845 263 3887 2390 791 4523 4738 1771 3465 4186 217 570 3623 4405 736 959 4076 2225 1281 2719 4526 320 3258 2359 987 4028 942 410 1176 4879 1722 186 3302 1960 141 155 4230 291 2564 4709 1198 826 1448 1752 1549 4871 4683 3407 2473 1606 3461 1027 2289 1621 3217 2961 3669 649 871 2736 449 1640 3601 1251 540 3256 2177 1245 2405 1798 4579 4396 1739 2828 4727 513 4555 4085 3176 4164 1043 478 299 4019 4373 
620 2350 3824 1830 4033 2359 4536 2031 1075 3277 428 2578 465 4073 4830 4848 4061 4649 4241 369 4828 2733 3628 3963 1464 3170 862 1987 897 2139 4904 1656 3044 497 2894 4070 1535 3654 1965 2353 1230 3461 1167 2937 2330 2811 1731 4093 3068 744 4013 2911 177 4641 3950 3938 2707 3322 1554 2913 4697 3554 3190 2667 4243 1991 1849 1172 1030 2201 4299 168 138 328 2811 308 133 2882 4020 3630 2786 3366 187 1169 357 4281 509 3201 2614 276 864 4422 3814 
3256 592 3350 1713 191 2157 946 1943 2610 752 3367 3749 217 1864 1855 2724 2505 2338 2977 3800 1100 2220 3472 1719 3416 240 2450 3425 1068 1472 4219 1228 735 3067 2148 3942 2451 2361 589 1792 1347 2018 2726 785 3245 4281 3233 4181 676 2845 3582 2972 889 1049 2761 2447 1948 1335 3228 89 2461 2518 2246 3735 3913 4469 1619 1285 2405 1500 4382 3972 2055 4634 771 2519 2858 4692 4136 1691 546 1689 1246 4122 939 2517 4684 1146 4044 2323 3095 1053 901 
3929 2141 1240 3741 838 1471 1758 2485 3734 3401 2252 2693 668 2674 478 1300 1139 567 4855 4213 4803 4276 545 4041 3222 3030 1555 996 2567 1839 1280 3703 2180 4123 1175 3897 1004 2627 4367 3356 4615 559 800 3502 3339 3472 3771 1807 1250 2838 2125 3850 4823 3858 2843 2727 1890 480 3783 4296 3998 4008 591 2253 1974 4003 447 2735 4124 2710 3048 4386 3069 2574 1135 1503 351 1011 4147 2028 226 892 1957 3451 3339 4456 4282 4845 2176 1184 1679 1545 4263 
3063 3630 350 4642 3216 2708 935 2939 2560 1647 429 4810 3356 105 909 1562 314 1069 3370 4163 4348 1694 2607 64 1540 1284 1560 1985 4568 1015 1779 904 1061 1458 4553 2679 482 2545 597 2956 4164 714 4342 2475 2926 3785 269 4574 4475 3522 1971 696 472 1773 1104 2831 4636 433 282 3627 357 4599 3626 1660 163 3364 1075 4901 4291 304 647 3662 27 224 2124 1087 3055 3401 435 746 1878 3639 491 4362 1578 1559 4743 4510 2797 2211 16 686 4034 
3516 3886 1694 262 1314 2482 4017 2509 3432 3276 553 2954 3530 2382 642 4130 1488 3955 2035 3640 557 1537 298 546 1301 2994 362 4808 656 2240 422 413 3892 2436 1247 2742 4212 2531 4245 1817 4548 2000 3092 3565 2931 3717 4420 3244 60 991 458 3882 997 2305 1857 1071 412 1766 1703 2209 3853 3407 3295 1145 979 3456 15 759 4793 824 1135 4668 4839 345 4899 2531 772 2538 4023 3314 4711 558 2289 21 1463 252 1652 137 1880 3506 1804 2144 1739 
3370 3313 547 3471 3190 2550 147 1642 4197 1828 2172 4376 2361 4151 4840 2366 2104 4835 3818 543 4196 4667 4490 1077 4890 2223 1107 3196 3224 1810 2639 3740 334 4310 1254 242 3419 388 2347 2831 4822 2436 2506 3461 4354 724 579 343 3188 3712 2566 2817 457 2839 3780 930 1810 3829 3553 3216 438 3590 3398 4132 1734 3138 1894 1807 1673 4403 3268 1388 3641 947 1747 297 2550 4345 853 4322 864 2188 3586 1027 4727 3523 2011 4661 1223 3269 4098 439 2553 
3802 3133 2526 2038 3501 698 4615 2255 4882 3164 989 727 1556 33 4582 1981 4781 1416 3206 2120 1319 1740 2204 2266 303 2025 662 4433 3725 3391 2315 55 3896 3010 1076 967 1597 323 658 3996 1430 3044 3673 1563 622 4246 3326 2093 2043 1440 2211 603 2639 2868 1936 274 4136 2403 4305 930 1326 4501 1479 1737 1730 1525 2917 3355 2393 4108 3012 3941 4696 2301 3687 55 3244 2522 1401 3186 3522 3898 2307 1577 552 1053 727 2788 1599 614 3398 1015 2345 
2741 2205 2545 4020 408 2026 621 2829 3750 3999 2247 125 2468 2145 1958 1874 3689 4507 4273 2750 2477 495 4014 437 1207 1965 1494 2551 2278 2866 1040 2415 1213 3992 1654 806 1940 3702 2471 737 2508 3176 3414 1135 2402 3328 539 238 4419 3368 2165 3479 4021 1104 3511 3692 3693 1328 2071 822 2263 2048 3783 1276 3085 1068 2167 4855 2612 2184 1224 93 432 2248 4042 623 4486 2397 2460 4201 1719 3248 1587 894 3184 3814 1326 3791 4862 1909 2760 4729 1302 
2634 840 4035 180 2722 2235 4077 2694 3578 1068 2793 417 1208 1412 2089 2466 3731 982 4042 1738 801 2005 3241 2427 2700 4842 3174 3720 1165 3555 219 4241 3114 347 4068 2005 966 2109 3373 2338 1025 4431 1647 778 596 3285 2988 4802 1301 4301 2060 401 1340 398 794 3825 1212 4758 1954 20 3595 1919 3426 4801 4258 2025 1432 2295 3109 2613 4007 3802 80 4485 4009 3755 94 4637 3810 452 4353 1407 2208 4471 3026 133 4632 2106 3865 2503 2561 3373 339 
4430 1770 979 1122 2852 2912 684 1871 4840 3800 200 1227 3375 2722 745 3233 4813 3681 4280 633 2664 942 4830 1894 1485 3348 3414 4268 4574 898 4393 3905 444 4067 1862 773 3955 3684 1105 613 1278 3454 4678 3209 2268 2195 2847 3736 1404 2091 784 4121 3218 3810 4889 2995 3169 4287 1197 3768 3401 3228 964 820 688 3668 1372 2048 4032 4516 1609 593 2459 4295 2413 2695 2427 1601 4048 2479 55 1846 1752 1104 1532 4050 1227 3365 201 2502 2317 1922 3535 
191 1225 3507 3582 1627 2237 1030 3802 776 113 4149 1130 2347 1839 59 2621 3803 4421 1179 992 3446 2247 360 4444 1626 4643 721 2585 4836 492 2901 63 834 3292 481 1975 1690 1981 2650 1866 2086 1373 4406 1355 3227 3797 1494 2641 1001 257 2209 1481 685 1512 1284 4046 3879 3648 3379 1322 1334 4855 3505 2349 4179 693 882 917 1610 4647 4122 1611 4179 681 709 4733 3966 1308 2746 3162 808 4816 4735 4403 1983 600 2420 4797 2912 2669 2201 4251 1576 
1142 2014 195 1405 3738 1820 2346 384 4336 4090 4625 1201 3083 579 2753 555 177 3475 1912 4547 1706 2082 3561 3935 1230 1434 2853 3193 2686 2563 4503 3632 2306 3363 4731 3762 3309 1054 812 1824 4283 3214 447 4126 4632 3294 4664 1617 1616 3237 877 1481 2384 4819 4509 389 970 1204 926 1385 2692 3649 4093 3452 2356 1037 2330 3108 4474 1092 15 4640 2842 1069 1632 1596 4256 4301 2874 4104 793 3601 27 3453 1989 1373 2510 2548 4345 2433 4766 1703 2373 
3474 4429 569 14 4292 2848 2271 2528 4716 1172 3562 311 4074 1651 393 2156 841 3273 4515 1309 1676 2068 2370 91 3170 910 1500 862 2397 1268 3096 1126 222 2946 135 4007 2909 886 2533 4361 1935 2411 1473 2076 349 2609 3433 4328 3713 2883 1545 1496 4479 3719 2397 3071 2794 1347 568 3075 4704 1509 2347 3183 4624 769 1481 382 1759 1980 2147 2045 2258 4289 3179 3376 4392 92 3678 3810 1250 3029 4855 1545 414 2913 4380 3224 1981 82 4788 2558 894 
1700 3312 4381 4545 1801 2600 4335 2709 1016 969 1555 4499 1832 596 4698 84 3535 3785 2354 2932 4143 971 2054 586 2322 1301 3185 1628 248 1811 618 2246 4176 2866 4636 4311 3230 952 584 2436 1067 1422 3703 2097 2302 3269 3900 2518 3920 2673 3922 913 1780 3700 3804 2935 4313 4346 2388 2832 836 2832 1021 4227 396 2591 2063 1545 1967 403 2548 1282 4061 882 1010 4374 93 1506 4249 3450 1496 2914 4511 1381 3471 2880 3857 1697 2220 1610 4338 4255 1596 
1440 3954 1157 4183 2080 3001 4446 2308 4682 65 3523 2666 4891 293 204 1845 4246 4093 1284 422 4650 2796 3242 2698 2549 2684 2987 2249 1317 617 710 4268 2298 1200 2096 2877 3265 3879 1275 318 2262 1426 4168 2805 2392 2382 1318 3786 4652 2454 2870 4640 743 2205 2520 3089 1545 2715 2414 2503 2769 213 2579 336 2045 1950 3868 2820 1273 3697 4581 3744 1472 3141 1480 3300 995 2659 3531 4602 820 948 2036 269 2534 4413 2897 4641 4721 3211 3109 2635 2827 
1271 2544 4109 822 1030 4494 2565 1011 3039 3543 4149 3130 126 928 1228 4657 2628 3087 4827 3023 2027 3442 2928 3143 4068 2967 975 1099 1267 694 21 3601 3274 2359 3727 323 2261 3166 1605 665 4302 838 4175 3801 2010 754 3416 2399 3101 4442 2561 2974 3550 3559 3376 783 4334 4317 2300 2034 3836 3758 1867 1781 842 1629 1587 3079 3838 1435 535 936 3360 1740 1926 280 1682 3275 4856 2343 3515 4760 213 3118 4375 2270 2589 3704 4266 1235 820 2212 1780 
1675 4232 3685 3266 2533 2099 3152 4536 726 2435 792 2048 4436 1086 202 3846 2906 2637 3268 2475 4140 2666 3045 1379 1005 3951 2064 2105 1042 1053 676 3944 2236 1681 2329 1356 1056 669 2569 1343 1084 772 4251 2269 1370 2645 4476 911 4802 1317 1706 4417 2367 1973 1831 2399 2089 1774 4716 4701 1551 2380 3466 3856 1909 3062 4734 4121 3953 3300 4472 3017 1137 2842 3885 1331 1418 2767 743 4007 640 4810 246 3001 1791 2471 1601 1206 4425 448 3734 3860 4046 
2421 2994 1552 1424 4405 1643 3175 2839 3323 2593 764 4187 519 4751 3205 4276 1676 2158 1716 4407 4597 2373 24 1623 3024 2522 2696 395 506 3848 2913 2992 1629 2736 2129 2984 2253 2175 2061 3403 3453 1362 3848 1030 1045 547 1610 585 3964 4102 3340 1232 3467 3633 1064 3261 91 3918 307 3393 624 4117 420 1465 4218 3961 815 3802 3310 1097 2705 1945 4767 2929 2919 2994 233 4891 3523 2669 527 913 85 324 1284 3615 2541 2146 1819 1704 3666 3074 836 
422 4484 3309 709 3467 3574 658 1020 1225 2898 2338 1810 320 3171 2708 1004 530 13 3014 729 3848 978 956 1573 4466 4515 434 4159 1758 3757 237 2085 3882 4203 1621 705 2362 4829 585 2366 2746 4793 4819 3424 1211 4827 4690 3739 2467 1998 2555 2087 1460 1400 3751 4632 827 193 1296 2506 210 3013 3727 2092 1699 1140 2755 3188 1352 709 3381 1999 3570 140 903 903 3936 4437 3270 2770 4718 3736 998 381 4517 1851 3614 1878 395 978 4448 4574 4152 
2537 4065 2249 2522 2820 2556 2344 2169 3531 44 1691 902 833 3817 1072 4109 2316 924 3680 1792 1427 3064 988 3924 3436 3475 805 1608 3928 2896 378 4583 347 2201 1040 4647 2755 3016 4411 412 3594 1830 1607 3843 2094 1768 1795 2479 1400 3346 2642 1598 3253 1463 2049 3391 4580 4764 2176 1960 4550 519 2059 4471 639 294 3388 4629 886 756 1652 4120 808 1940 2610 3112 771 628 3001 4206 2424 1035 1274 374 1432 280 3350 4314 3865 4006 2937 2636 1017 
1462 1624 3944 4688 3515 1827 2228 756 1235 1454 4569 3240 2131 4887 801 168 4150 4239 4665 330 1117 3119 2944 4310 404 1735 1678 4090 447 354 4573 4506 770 3411 1407 2964 3478 2992 1676 3013 4779 2750 2195 2394 1349 2902 2141 1402 307 3462 974 1499 1582 1562 98 1063 866 2441 802 2860 4899 2280 849 1764 732 3887 777 2773 2091 1444 4371 123 3643 3073 4333 3608 291 1169 3606 876 2749 1927 4743 3007 1051 3251 1094 1137 1410 2259 986 4003 816 
4343 4593 2200 3960 2057 353 3229 2337 3713 2793 1724 4786 1921 4597 3779 2290 1858 1840 3682 400 526 2156 2507 4870 3766 3697 1403 1392 3324 4904 799 4586 2660 4622 2902 2792 1314 2504 850 278 4571 151 2393 4887 463 2670 4613 724 3419 3801 3936 1367 2243 3469 4432 3025 3694 4625 3545 4793 3619 4705 4550 4562 2876 703 3872 4212 2703 81 1271 2783 3724 1847 4547 867 2459 829 2605 1954 432 3837 624 4576 1131 641 2931 3181 1442 1437 3267 1967 3416 
3652 865 4203 1030 842 4900 2106 4311 3262 2791 2384 4135 3270 3364 1657 1709 1688 4730 481 4290 1188 4882 2042 1919 4585 323 1255 1964 534 331 1613 3137 4681 270 2748 4840 193 3647 4638 1890 3915 744 2352 1768 3316 2326 1970 126 2272 1276 4333 1393 4005 4402 1951 1639 344 2279 2200 2228 1891 12 264 2438 179 1851 1617 2322 394 4766 4046 493 4886 2890 3802 1061 4430 597 1415 2536 4011 3591 2875 781 305 2558 3976 1884 1498 4425 2826 2388 4614 
1085 2011 520 2199 2211 2229 226 732 840 1573 2847 1517 1932 3826 2217 4073 1216 327 2901 4363 4658 4446 4580 3643 4859 317 2686 2884 4681 342 3502 3919 4633 247 2566 390 764 155 4901 329 3548 4215 3841 3582 3165 4640 4427 2116 921 1724 1168 4358 4595 1715 4185 2010 1728 2461 2521 3156 2108 2119 1558 4037 4484 4735 2905 4459 1339 87 4384 1552 2558 3099 945 4557 4341 4368 518 4559 793 4687 1739 2673 3081 1969 2156 1057 1504 572 4439 4059 1897 
2385 2335 2946 3368 1304 3690 4548 326 2635 717 4852 4040 2080 952 1106 1265 3745 2216 3972 3433 3872 3375 722 2806 4726 1046 4850 973 2506 3819 1131 1970 4238 3185 2826 905 968 519 1451 534 2154 4280 4823 1807 3471 3446 3999 4411 4245 2950 364 1555 38 116 4085 4345 163 3256 2735 1218 547 1847 130 417 3692 541 2139 2407 2070 3562 3743 1780 488 4860 2192 3582 4795 193 1246 2871 2536 667 3677 2106 2005 3031 647 2260 3083 2309 1547 201 3071 
623 390 4146 4338 3550 3635 4421 2653 1129 1640 2501 2345 2740 2329 4589 1653 260 872 3016 859 2278 3203 2621 439 4389 3673 2022 4799 4749 226 1259 3734 4392 3894 4468 3843 4832 3985 1085 4256 2850 880 2590 2092 1812 285 1566 1635 2456 1395 4698 3931 4832 1928 3087 1654 1863 3006 3864 4640 4273 4873 3243 888 2393 1078 2904 1257 1460 4231 1510 2229 793 3937 2565 1182 3914 1352 3109 238 3299 2753 3164 2374 2405 3097 4342 3849 4348 781 2555 3491 1180 
918 1662 3514 1946 1963 3913 662 2472 1871 4294 1781 394 2249 3947 2296 4399 3651 2037 2121 1309 3733 2001 1471 4026 2914 2801 3961 4710 4281 3102 3452 3448 26 864 4093 3952 4797 3952 1337 3299 3765 2652 950 3620 3981 1080 4723 3620 1544 2879 4379 2525 644 2805 2143 3822 4050 1097 850 2764 399 3370 3822 4534 16 2941 1686 4123 245 1355 3847 628 1062 580 4196 3155 4207 3568 951 46 70 1597 647 2749 1902 975 2753 1383 996 358 4607 68 4839 
2439 3209 1604 4813 2757 1755 341 1280 2541 2660 3581 4158 837 2921 2314 418 1132 3894 4202 1209 819 1120 409 4649 2332 2138 3766 924 3500 2982 849 4739 372 2869 281 1522 3798 2494 1231 819 43 4493 2026 476 3952 1314 1872 4356 3204 1836 4830 1166 1809 4810 857 1988 1762 3858 4208 1684 152 2545 4350 512 4120 1461 1026 2425 954 2000 1673 4071 767 3772 4706 1672 3565 4221 2834 1175 1336 2810 4882 3582 2559 2420 2280 1252 2285 2079 1273 422 1802 
2466 3306 4821 348 837 1434 4909 3720 1755 3625 3315 1571 3427 201 3866 2580 1337 613 2920 1440 1788 4832 4575 2000 40 2448 4294 1049 2976 4526 3419 4667 3823 3237 3573 2979 3248 4667 1613 1825 1544 3885 2904 374 2609 2408 2994 1152 1632 45 342 3348 3010 1914 3501 546 4882 1779 3698 1051 3260 2225 2863 2793 533 3780 1442 3975 4883 4600 1604 686 489 2662 1391 3584 330 4151 1595 598 386 2227 4125 1200 4328 390 236 1860 2422 2730 4723 4477 4234 
3743 3843 2377 912 829 15 3735 427 1602 3773 4183 4218 3590 4282 458 330 612 2110 3630 1368 2372 4049 4660 2381 3435 3492 1143 3383 615 4366 2372 2575 4811 3562 3009 1454 4615 1661 3519 3546 4833 863 3567 3846 252 3712 2381 2469 4192 1417 1112 1025 3600 2873 2549 3891 1353 1156 4051 3731 149 1053 4737 1930 2993 1185 4651 1039 201 4831 4002 4899 1477 4316 1885 296 3135 3450 72 243 1789 1285 4152 3304 2549 2443 1210 3887 219 445 2735 4702 3813 
653 3244 1252 4575 4006 1130 1667 2306 573 141 4873 688 1749 433 433 4113 1026 416 4024 1510 453 3900 1396 708 826 395 4353 2737 699 2108 4654 1449 4117 3782 3952 3292 537 4259 611 3555 4588 1787 3440 368 3852 1136 4626 947 481 823 1831 2203 2640 1195 4804 2279 468 4679 4699 133 1689 3232 1944 273 1247 1423 3777 4370 3433 586 3404 2350 2290 1598 1048 4173 4312 352 443 3421 1847 4004 4616 3413 1270 3115 3940 3465 2879 1795 3261 4469 3357 
46 73 19
85 14 11
14 10 21
65 48 24
52 14 5
81 65 14
26 31 38
80 35 38
21 85 21
79 19 1
66 35 22
50 40 25
51 40 39
4 44 32
82 32 3
29 32 10
30 6 27
77 27 28
68 65 38
79 30 32
71 11 15
29 64 18
31 6 35
24 31 37
32 30 25
39 83 30
13 43 30
55 14 10
24 38 39
60 26 12
69 81 16
28 87 33
16 81 7
38 3 34
69 56 22
65 73 6
11 57 27
59 85 9
6 57 39
45 62 1
68 23 32
79 42 20
84 36 8
13 60 38
15 43 21
41 74 6
12 7 11
4 27 14
25 57 8
41 27 2
69 76 21
60 30 29
64 46 34
17 5 9
23 10 31
48 61 23
10 30 33
72 29 19
58 49 29
49 47 33
57 38 32
65 72 24
76 61 13
10 88 11
49 15 33
25 32 14
11 21 19
38 9 13
80 64 38
61 6 8
20 74 28
37 39 20
25 33 3
29 74 1
23 34 26
68 59 17
27 3 16
63 7 20
70 47 37
11 12 16
1 57 40
49 16 21
79 63 17
65 27 19
7 11 26
69 14 18
10 81 8
11 66 18
72 19 22
56 79 4
80 24 36
12 39 16
34 24 7
12 63 36
84 7 40
9 72 29
2 1 2
75 85 7
45 80 38
27 51 16
16 51 28
44 5 9
72 86 26
5 26 5
61 36 31
73 50 11
37 43 25
36 70 33
51 43 2
38 77 34
42 40 12
11 46 16
25 2 12
2 1 7
30 90 4
8 6 38
12 47 23
35 29 5
10 2 10
26 21 40
33 70 34
23 89 5
76 1 23
19 73 13
25 91 21
12 70 26
1 63 8
61 5 30
39 81 36
69 7 11
82 88 12
1 4 9
21 10 14
41 6 34
70 48 16
40 20 5
54 64 14
82 89 10
43 68 13
4 37 25
66 80 17
50 70 19
46 67 6
40 30 8
26 43 2
60 70 37
64 85 10
4 80 19
58 71 15
23 54 26
42 48 10
40 61 16
41 43 14
81 8 18
50 28 31
72 37 36
16 85 1
71 78 9
79 40 30
33 22 16
79 18 19
84 37 11
60 88 27
38 54 19
17 19 21
65 46 17
21 87 32
62 52 2
72 21 11
50 37 31
43 28 34
32 56 32
35 73 22
84 60 31
53 33 3
35 85 8
20 35 38
57 28 23
82 91 5
54 4 9
53 81 7
56 69 9
67 29 40
43 50 20
36 88 3
45 64 31
3 23 20
78 48 4
54 49 6
56 90 30
18 59 2
60 83 35
40 34 11
82 10 24
21 27 24
6 27 7
65 3 24
26 15 24
70 15 22
41 34 8
16 23 2
80 35 12
42 77 26
65 84 36
71 13 5
75 57 12
15 56 38
14 45 5
17 8 23
48 64 13
15 79 9
74 83 30
2 12 12
2 67 15
46 8 22
45 75 12
13 81 37
31 68 30
32 2 24
18 1 32
85 47 26
10 71 19
38 39 32
52 22 18
11 27 19
36 23 39
44 46 29
35 28 15
33 67 25
14 62 2
51 50 40
66 87 40
64 28 31
55 11 36
66 25 17
20 48 12
22 41 25
68 65 39
17 51 1
24 59 6
42 36 1
28 66 6
18 71 3
45 2 34
22 90 13
39 7 36
8 22 3
70 58 26
40 86 4
56 17 40
23 68 26
54 41 10
60 9 16
71 7 1
29 25 39
81 73 29
26 81 20
1 49 6
32 57 32
79 14 8
46 31 19
12 20 19
1 14 8
18 66 33
14 30 30
6 25 23
45 62 6
79 53 28
17 32 13
64 47 32
31 75 32
29 36 3
2 30 23
5 63 30
9 87 18
2 48 31
49 6 10
33 72 40
64 26 40
7 23 38
46 16 40
72 77 20
45 49 4
59 67 25
67 66 40
67 73 7
72 81 40
21 51 39
25 91 36
30 11 33
23 73 37
3 24 40
32 82 8
45 40 36
5 5 3
16 31 39
27 12 19
77 79 29
37 50 14
57 77 2
12 22 34
49 27 25
23 47 19
71 20 6
81 6 25
21 40 25
83 40 28
50 79 15
62 43 5
45 39 24
8 28 18
74 21 20
55 53 9
32 46 11
2 79 31
24 64 4
56 71 3
70 7 31
49 31 10
63 14 38
11 44 20
31 77 36
18 17 4
36 74 36
45 82 28
21 57 4
71 5 3
49 85 40
13 7 28
6 51 40
70 18 33
76 50 19
39 28 36
48 16 3
84 42 22
26 49 24
58 23 1
11 57 18
4 6 16
63 63 36
1 21 27
5 38 40
55 72 36
27 88 27
18 79 33
55 27 14
69 7 20
52 21 33
14 68 14
35 58 37
46 35 31
54 35 30
54 57 32
68 56 36
85 10 39
52 67 17
20 83 26
11 17 14
19 53 37
45 71 6
73 90 39
69 7 11
72 44 9
59 42 23
47 60 9
33 60 3
77 68 27
65 26 37
2 44 19
32 28 23
2 63 10
82 3 31
37 14 22
10 53 30
57 61 3
7 27 32
1 47 40
27 22 33
48 22 4
45 35 22
74 48 24
59 41 17
84 7 13
56 5 5
62 68 18
84 3 29
55 35 31
65 4 26
57 42 25
44 30 19
80 80 27
47 7 7
18 32 10
1 84 38
6 65 12
22 29 3
21 81 27
17 32 7
61 32 27
29 76 8
56 91 13
3 60 36
57 72 4
53 71 27
22 75 12
38 87 29
31 52 4
52 50 32
62 13 28
57 9 10
12 22 25
81 85 4
48 5 39
60 50 15
55 55 19
70 84 30
85 4 8
81 33 24
8 3 26
62 33 10
48 21 16
5 89 1
60 35 35
72 3 10
19 69 33
71 39 19
14 82 8
38 37 19
43 64 35
3 3 23
66 20 38
15 12 19
67 67 22
56 4 2
51 13 19
13 23 37
52 78 6
32 84 23
12 39 37
46 63 19
57 88 34
39 47 15
48 6 25
56 11 17
7 6 27
75 21 9
11 40 4
37 88 3
45 68 3
55 60 12
16 9 5
32 67 5
1 40 31
68 90 34
68 39 12
79 22 16
84 51 22
49 81 4
2 16 37
58 35 6
24 85 31
38 77 40
52 39 6
50 11 32
12 51 40
64 27 23
36 77 4
39 20 6
51 42 26
1 39 9
25 20 1
38 70 35
66 64 22
67 30 40
11 37 2
22 55 27
24 24 26
73 35 36
51 58 8
36 88 11
81 42 23
45 15 24
73 76 33
11 63 39
51 44 11
45 53 31
64 15 22
37 16 34
72 73 7
64 5 38
78 44 10
6 44 29
60 66 26
32 75 7
64 63 33
39 30 9
7 67 33
35 23 24
2 58 32
57 3 39
34 19 27
58 58 36
71 2 9
70 64 35
74 50 27
36 15 5
65 42 1
37 66 30
35 58 32
37 10 9
58 45 31
66 19 13
65 74 19
29 90 40
50 6 22
65 47 18
65 76 19
24 3 24
28 61 9
21 12 34
64 42 4
39 83 10
10 51 31
64 70 17
41 2 14
27 59 9
64 6 29
75 74 2
10 64 11
24 48 30
12 31 26
2 6 12
69 4 30
53 61 5
53 28 35
20 12 5
16 52 25
19 28 13
61 2 7
37 88 32
50 1 11
73 60 24
59 33 4
37 49 22
76 27 20
12 2 26
10 74 20
44 74 11
30 22 10
21 56 16
68 42 5
65 17 29
77 71 11
85 50 35
51 8 8
47 76 3
48 25 27
57 57 22
42 88 1
8 25 21
49 3 27
56 50 2
23 60 13
3 32 21
81 51 22
83 68 4
59 46 15
72 63 5
8 16 16
73 69 20
40 74 36
74 67 9
47 84 39
32 44 1
84 70 7
17 57 11
44 36 24
52 6 24
34 18 30
28 28 29
39 3 20
66 72 40
35 5 31
48 58 1
49 5 15
59 45 5
6 17 35
69 57 40
6 35 5
35 89 38
64 36 38
49 43 24
42 67 25
84 79 17
54 15 31
83 52 12
18 49 25
77 38 16
78 68 25
10 42 27
9 90 38
72 59 24
67 2 11
54 26 36
68 66 20
76 64 4
61 71 17
10 42 34
11 90 7
50 24 12
69 53 3
37 82 17
51 81 38
64 57 27
10 89 12
20 48 8
29 45 7
2 9 31
22 8 29
47 50 17
32 87 35
80 31 34
1 34 25
44 76 39
75 63 22
40 59 10
51 55 40
45 16 7
43 67 21
10 19 32
72 88 7
62 60 20
11 77 25
62 68 40
20 13 31
16 3 18
65 78 6
8 57 27
57 52 27
77 14 28
72 83 34
75 70 10
51 86 32
17 88 10
83 59 18
11 49 7
48 78 14
33 42 8
30 39 13
82 26 11
36 8 7
69 79 34
54 65 40
21 42 32
39 65 8
36 36 20
10 39 15
85 45 7
19 31 13
61 76 36
63 81 37
46 35 13
69 11 7
73 53 2
1 17 2
48 35 28
60 6 26
3 88 2
35 49 12
53 65 14
46 30 19
68 85 37
84 80 5
22 59 39
51 47 10
9 80 24
8 45 11
65 15 39
30 82 19
7 68 22
3 67 8
53 51 16
10 67 23
23 23 2
28 24 31
24 25 20
29 89 6
85 82 28
56 12 23
28 41 6
10 17 27
7 8 27
44 90 11
21 4 32
23 73 36
51 77 31
18 48 6
58 46 4
34 36 9
45 40 12
2 44 39
55 63 20
21 29 17
49 38 38
73 53 28
68 91 10
14 58 5
11 77 35
55 34 27
44 56 32
42 49 25
34 61 26
78 51 5
2 14 37
18 29 29
12 66 39
23 2 25
51 11 23
39 68 35
31 20 23
81 75 15
41 28 35
38 31 7
13 28 32
10 75 20
57 37 11
40 91 15
59 74 15
75 28 19
54 4 34
79 90 28
66 11 13
17 9 24
49 80 18
59 25 37
66 13 17
75 4 29
34 39 24
35 89 11
22 85 8
49 56 39
44 81 12
15 28 35
19 10 9
69 15 28
26 52 25
13 46 26
23 62 4
57 39 35
20 23 4
3 3 25
34 90 29
57 85 7
37 12 14
31 65 7
8 78 18
61 68 1
7 36 39
24 12 12
41 29 22
7 87 27
37 44 1
61 76 39
79 25 12
12 69 10
10 81 37
56 87 11
23 29 19
70 26 14
51 60 37
56 75 29
26 36 17
35 76 22
69 49 4
60 6 22
35 30 4
13 17 25
83 24 29
42 31 30
44 32 37
53 40 3
73 52 4
61 7 19
36 47 27
10 3 18
2 4 28
46 38 9
53 44 36
74 63 3
18 42 20
25 31 8
11 55 31
22 18 15
2 69 21
55 7 40
60 19 1
19 39 32
41 41 26
84 3 30
6 78 4
36 12 30
47 43 23
9 69 38
83 17 12
77 12 12
10 60 40
69 37 19
5 11 11
53 6 19
51 58 8
57 38 40
29 28 33
62 21 15
11 60 12
73 23 30
8 79 16
79 70 23
8 24 10
82 46 20
23 6 31
18 45 4
25 58 40
17 5 33
8 52 23
5 51 10
3 24 27
79 34 40
6 2 38
65 42 25
80 49 14
82 19 4
22 57 38
19 36 5
36 77 19
72 53 10
16 71 39
71 38 10
79 5 22
7 27 20
13 7 3
6 61 40
52 21 29
83 30 27
63 39 1
2 13 13
31 3 9
11 36 25
47 33 6
85 16 6
81 34 34
8 1 19
59 40 30
40 31 28
17 76 2
37 70 33
69 14 29
25 23 8
64 29 8
26 40 16
24 55 7
3 67 15
49 73 38
6 47 14
31 1 8
47 18 5
71 33 24
2 34 28
48 20 32
11 13 21
72 61 27
60 91 12
29 18 30
49 26 20
37 21 25
77 35 1
26 84 37
8 83 29
35 54 21
25 17 37
68 11 23
62 12 18
1 81 24
11 17 31
42 61 11
52 57 20
74 42 11
81 8 25
61 11 5
17 18 1
26 60 14
31 82 22
12 77 2
49 88 5
24 14 39
71 89 27
69 56 33
77 57 13
60 80 29
25 85 40
30 38 8
19 12 14
11 25 33
41 25 15
9 64 6
76 72 17
70 15 6
51 49 15
54 67 28
46 11 37
65 43 20
17 86 10
36 90 2
31 13 9
61 89 19
54 3 9
2 39 33
34 84 20
9 15 25
38 90 26
33 87 17
79 28 5
18 31 11
21 30 5
36 15 28
61 28 23
2 57 8
5 41 28
66 29 36
45 52 13
24 40 17
48 37 32
30 64 39
52 70 24
48 41 1
4 68 15
2 16 34
3 4 17
39 79 2
56 54 20
78 18 39
53 85 8
83 84 36
15 51 13
33 65 5
67 25 22
59 54 23
29 4 17
56 58 6
6 26 22
35 88 29
53 39 27
4 10 14
29 8 27
5 73 29
44 57 15
61 20 3
28 15 32
30 51 25
17 62 37
10 52 20
13 79 24
38 39 7
77 13 6
30 57 29
64 38 13
38 67 24
29 55 26
34 72 13
15 57 19
73 68 10
11 59 4
72 71 39
12 5 22
26 62 3
45 70 24
26 27 22
34 43 11
17 60 16
20 21 4
16 43 36
24 70 7
22 50 16
72 7 19
26 38 40
80 38 32
46 24 36
25 48 37
28 81 38
80 28 36
14 85 29
8 69 16
63 77 20
12 62 4
19 87 34
70 79 13
50 1 26
8 2 28
1 6 27
34 46 37
8 89 20
64 68 10
33 19 40
70 73 28
57 30 28
52 83 22
49 34 5
28 55 3
64 60 6
29 91 11
63 60 19
75 33 11
44 44 22
35 18 19
42 72 26
3 33 34
3 79 23
18 56 8
50 24 25
57 42 28
49 48 20
80 20 10
63 90 28
72 54 35
7 43 33
64 5 27
53 52 23
52 4 29
49 20 19
44 4 7
79 46 15
23 71 19
51 21 18
75 37 36
62 36 4
65 7 26
55 32 25
58 14 26
24 33 24
41 12 17
80 47 12
75 18 14
4 37 6
4 47 6
48 1 16
79 19 22
8 59 30
61 75 24
59 42 3
3 67 35
82 49 31
28 58 2
26 41 35
12 60 29
81 14 13
85 81 31
73 55 36
63 81 2
52 12 18
14 48 11
18 69 28
69 55 33
15 13 39
26 69 13
35 17 20
80 79 35
32 15 16
2 62 19
53 57 14
69 33 22
6 60 9
4 39 12
55 51 16
16 47 7
18 8 28
40 73 24
42 82 39
18 47 37
3 14 25
36 52 3
60 48 27
44 15 11
77 10 34
40 29 13
47 59 7
51 46 13
70 12 33
83 15 35
15 49 13
11 89 35
41 88 40
73 40 32
2 4 2
55 81 2
7 27 15
53 49 33
50 84 18
42 28 6
46 27 23
60 35 19
75 11 28
10 90 39
22 23 40
65 74 40
27 71 31
16 63 21
7 48 26
83 33 35
9 36 26
39 40 12
48 70 15
25 11 32
18 9 37
79 34 22
11 59 1
79 42 17
54 74 21
48 77 38
20 27 1
66 14 37
60 16 33
27 36 7
30 25 18
69 26 31
66 41 11
48 74 18
54 88 37
72 77 15
49 56 1
30 70 27
25 89 7
18 21 17
26 5 40
51 57 23
71 49 19
70 30 8
45 19 25
71 28 28
83 68 17
70 62 12
48 31 21
78 61 27
52 87 10
80 42 14
3 58 18
3 2 4
8 4 3
46 44 33
30 50 24
73 32 23
85 27 34
72 36 26
25 76 22
33 13 32
81 75 22
25 35 19
21 56 40
34 79 35
9 47 14
10 18 21
31 25 30
4 31 38
70 48 39
65 48 30
60 25 27
43 35 8
43 15 13
83 43 8
49 64 20
40 45 18
48 65 4
20 6 21
23 53 16
33 31 20
40 88 32
48 25 22
73 2 36
42 19 12
37 24 1
74 32 30
39 77 9
29 73 21
8 89 39
25 8 38
59 23 12
56 91 19
58 77 22
39 42 1
23 2 6
70 30 40
73 55 40
24 35 9
64 83 35
33 52 5
13 30 14
18 1 32
42 80 38
1 63 11
10 85 8
69 15 5
36 17 33
48 85 28
4 40 22
23 37 34
8 58 13
77 21 8
67 84 4
26 51 36
64 65 36
62 10 30
61 40 25
3 84 22
37 79 13
62 89 40
14 41 28
26 16 16
50 78 20
42 57 32
76 12 13
25 52 4
7 67 9
21 60 33
31 37 16
36 2 16
82 75 25
28 16 38
75 11 6
83 28 18
41 6 39
11 17 22
25 13 26
24 90 27
69 90 25
57 13 1
49 15 33
77 15 37
67 60 40
63 32 4
65 13 20
74 31 5
70 21 29
68 67 13
35 24 13
73 46 21
44 80 3
53 65 1
22 49 10
69 69 36
78 26 35
32 89 25
39 51 34
70 17 20
76 46 6
72 11 24
52 91 37
49 53 24
42 16 32
15 88 16
33 38 28
33 54 34
8 22 2
74 1 2
26 1 24
45 60 32
60 44 28
47 83 40
78 91 24
29 64 22
57 51 33
50 63 8
46 59 18
32 73 8
20 79 25
68 88 38
9 45 16
23 63 29
72 48 12
67 25 19
79 31 4
37 57 32
28 13 36
22 81 27
45 59 2
50 60 11
52 2 10
83 62 1
52 9 35
63 46 11
18 78 18
75 1 9
10 20 4
13 56 21
54 38 8
54 16 13
20 46 33
80 72 37
79 1 40
58 8 38
31 58 6
51 67 32
48 43 34
8 25 27
81 9 24
42 45 21
31 55 37
20 84 10
1 82 15
82 35 9
8 29 7
57 82 15
32 14 29
54 15 37
2 4 1
4 87 17
49 48 24
26 68 37
85 49 17
61 18 22
22 1 25
6 56 33
56 49 37
60 8 38
20 4 28
14 76 28
85 69 40
75 33 32
30 25 29
34 75 10
4 2 39
78 49 2
79 37 16
30 8 20
81 37 7
45 35 9
41 64 9
65 85 7
28 34 3
71 44 25
59 25 27
25 18 22
5 30 6
19 62 21
4 52 20
13 38 9
61 78 22
43 60 8
62 4 8
74 56 39
77 51 27
66 74 4
33 69 8
36 73 9
55 91 6
10 33 40
37 8 37
43 79 34
39 48 22
3 77 24
59 88 16
78 23 14
45 40 28
35 40 14
60 52 9
85 68 29
39 18 26
64 14 38
34 62 31
21 33 30
53 43 4
49 7 25
3 77 18
32 89 14
68 21 3
77 58 12
31 81 36
56 46 16
84 21 20
23 65 22
21 23 3
44 81 22
75 1 32
44 52 37
11 53 39
2 84 35
13 66 3
75 30 4
7 67 12
58 21 22
75 10 31
58 64 15
5 61 3
29 17 39
12 30 28
73 66 20
50 77 4
1 9 31
42 59 22
41 26 13
25 67 31
32 72 7
15 27 3
73 71 16
37 77 35
43 57 14
68 47 26
84 2 31
63 64 37
62 15 33
63 34 30
15 67 31
32 90 25
28 7 25
80 41 17
29 31 31
35 55 27
45 90 21
27 69 20
39 89 3
44 24 28
19 24 19
84 41 3
77 28 26
3 66 19
42 88 12
56 72 15
75 80 12
15 16 34
42 39 11
17 88 33
63 9 17
59 80 40
5 31 34
40 23 10
9 56 24
31 30 18
72 18 21
40 88 2
6 89 39
69 75 31
83 57 37
2 4 24
68 4 40
30 75 18
76 18 3
54 61 7
27 89 10
72 71 27
18 51 24
72 64 2
53 20 25
63 75 34
30 28 32
6 56 37
85 1 8
39 61 29
32 22 3
55 9 23
63 81 33
79 74 34
2 64 20
54 42 17
48 77 22
5 49 30
6 64 6
6 4 40
37 7 13
3 31 25
20 19 24
78 37 36
73 29 23
1 33 31
41 65 21
3 80 19
29 78 40
61 20 19
27 61 10
33 41 7
82 66 20
69 7 16
39 41 32
52 15 18
30 56 24
17 58 8
7 18 25
69 64 4
32 10 29
2 49 17
70 11 14
63 6 17
25 45 21
49 49 12
62 52 3
17 39 34
84 14 35
82 77 22
52 90 38
28 2 10
60 90 20
35 17 31
34 19 25
79 64 17
21 59 26
22 12 25
42 22 24
34 74 28
51 55 32
72 86 22
29 39 31
85 60 31
32 75 1
59 84 6
45 54 29
36 22 1
82 21 15
77 48 34
38 83 40
35 81 35
59 8 37
13 32 38
19 66 11
82 69 16
14 66 33
71 21 32
54 57 35
27 33 3
23 80 24
48 18 38
19 70 27
28 90 6
65 46 15
35 7 12
28 56 1
19 88 33
45 63 28
3 28 29
25 49 9
61 88 35
32 50 7
61 64 2
76 31 20
41 47 23
51 44 38
47 80 1
44 22 4
14 35 20
39 84 22
69 51 36
3 50 32
82 77 23
26 6 22
13 78 37
50 79 8
35 27 23
15 54 33
22 61 10
19 83 1
31 33 24
31 9 3
22 7 29
73 32 16
8 8 39
80 44 15
35 87 5
74 71 30
78 7 39
1 79 6
49 19 37
40 34 35
24 51 12
83 66 23
1 6 35
63 76 29
14 15 23
14 89 12
77 58 11
51 34 37
13 45 37
13 59 34
34 7 35
62 50 5
6 31 14
75 44 40
53 50 6
75 2 2
11 9 13
6 10 12
36 48 34
25 64 15
76 72 32
53 35 18
58 11 6
26 27 7
7 5 7
67 88 3
81 56 7
62 28 29
28 37 15
62 15 32
38 49 19
21 3 32
17 23 24
3 87 4
29 58 26
38 69 31
76 41 30
1 4 29
67 10 28
45 35 3
55 23 1
53 25 14
45 81 27
67 8 35
61 8 12
30 11 37
3 81 25
45 54 35
25 17 40
37 51 36
34 61 22
84 42 6
84 22 25
68 30 13
73 41 28
60 25 34
75 59 34
12 6 25
64 1 17
43 56 20
75 71 10
44 16 25
24 63 7
16 60 33
49 55 27
53 28 3
73 40 9
51 51 28
59 89 25
42 54 14
8 89 15
30 86 1
68 59 26
64 37 33
47 70 15
2 72 21
34 78 27
2 24 9
54 79 30
21 37 29
51 79 8
74 85 26
30 64 20
15 17 31
3 63 12
21 32 34
59 17 37
43 4 33
14 30 13
24 88 6
76 82 40
12 74 11
40 69 1
24 46 1
64 36 30
15 82 12
8 83 1
43 61 18
84 55 14
22 56 12
44 40 19
70 50 38
12 28 31
36 21 38
54 81 25
10 58 19
58 13 29
35 67 9
40 79 18
3 17 12
54 63 3
6 34 30
78 59 34
39 66 29
40 68 2
4 77 39
49 81 22
33 62 40
54 31 18
44 72 15
78 27 3
45 23 26
30 57 23
47 64 38
71 9 36
47 26 39
77 57 26
42 64 9
66 15 1
65 58 34
41 23 27
55 83 16
26 10 14
49 2 10
42 49 36
52 28 38
38 40 24
58 85 34
49 8 21
67 51 4
67 32 5
84 80 16
45 76 37
57 47 22
14 31 39
40 83 17
13 42 29
73 14 10
47 10 39
38 60 1
56 74 21
26 58 34
78 55 34
78 42 1
57 28 2
45 14 30
34 47 38
20 9 28
52 60 38
28 43 37
85 31 29
47 55 20
64 61 38
11 86 12
28 64 26
53 66 28
7 56 32
69 75 26
35 32 20
52 32 2
15 49 18
79 91 33
48 42 31
74 90 17
63 24 24
77 19 30
44 43 17
20 17 13
38 34 22
10 57 17
58 1 20
36 26 11
35 66 20
67 40 21
35 63 2
23 83 13
85 8 15
74 60 31
18 55 3
58 87 21
29 48 17
34 37 22
69 85 34
19 19 32
30 63 18
34 72 22
61 33 37
14 54 14
35 45 16
58 79 37
30 75 34
34 89 40
72 71 3
65 45 16
42 33 11
17 3 33
48 89 22
50 54 34
63 84 39
36 42 36
54 29 31
70 71 20
17 75 15
28 84 7
61 2 30
8 79 17
8 2 14
34 66 17
21 71 33
66 13 38
17 16 21
79 69 35
18 54 6
77 6 9
34 63 32
50 76 28
70 39 29
81 50 38
23 3 26
7 66 34
24 72 12
53 19 39
76 10 28
26 5 16
61 13 7
79 22 10
10 52 38
38 82 36
19 62 2
51 38 14
77 77 27
35 57 7
21 30 22
12 63 38
64 73 10
50 38 22
21 22 33
59 57 19
29 10 25
53 13 27
56 67 12
44 6 11
58 59 25
24 71 26
15 43 1
58 28 5
76 62 13
44 56 32
60 7 25
66 86 34
45 86 26
50 45 1
41 68 11
84 62 23
65 47 22
78 45 13
25 89 8
43 27 24
40 57 12
59 45 3
27 82 39
9 80 1
19 70 14
85 49 30
14 56 3
11 67 33
50 79 19
74 26 4
40 55 29
63 6 37
54 61 3
45 12 3
38 80 40
22 65 12
8 79 23
7 54 34
52 10 35
55 28 5
36 46 4
64 38 9
69 13 14
27 23 23
6 41 20
1 89 17
81 35 23
54 76 25
33 70 24
5 43 28
25 83 3
9 7 36
77 82 1
44 71 32
34 12 31
14 90 26
24 1 19
33 21 40
4 78 2
77 53 27
84 52 30
82 28 8
73 28 26
59 86 1
27 7 21
82 11 19
74 12 14
27 75 26
2 2 27
61 8 12
2 19 17
40 87 11
29 79 28
82 32 9
71 79 4
58 34 10
4 5 10
78 54 9
5 90 29
52 79 37
65 55 13
79 39 20
63 24 12
3 5 30
22 67 15
17 86 16
81 37 36
46 85 28
31 29 10
25 42 24
3 65 2
80 46 9
82 19 39
4 26 35
27 13 31
16 41 37
45 10 10
27 8 7
29 84 7
38 30 5
32 84 30
80 77 34
6 74 37
41 44 2
66 27 31
5 23 25
6 76 26
7 27 30
3 66 16
40 91 15
15 69 24
13 73 10
43 52 6
37 23 22
33 74 2
78 62 39
15 72 27
8 79 10
34 2 12
59 82 23
12 72 37
38 40 10
52 62 23
55 75 21
15 27 14
12 4 3
78 20 15
10 48 32
38 81 26
81 81 31
4 11 40
44 45 34
81 45 31
31 67 25
74 21 30
73 23 13
37 18 20
64 62 27
43 81 16
50 60 39
7 42 9
84 26 40
45 73 20
78 82 23
15 13 21
76 58 17
19 70 37
33 56 32
66 61 3
25 77 15
53 52 9
11 91 34
48 87 13
24 73 24
70 2 38
16 67 17
9 22 29
74 67 11
67 13 10
4 38 13
60 6 21
4 72 3
47 4 32
39 22 27
13 45 33
24 66 26
36 11 13
5 82 1
48 11 15
34 85 13
8 30 21
2 62 13
85 4 2
73 28 2
21 22 34
43 28 27
79 3 9
71 78 23
36 86 20
12 13 25
42 70 24
47 50 40
41 12 12
77 45 36
2 23 30
71 80 25
55 13 32
52 24 5
44 23 9
31 32 5
33 21 13
65 38 12
14 26 17
46 25 22
72 81 35
27 60 37
84 45 11
60 91 24
38 81 11
41 67 29
24 23 40
4 43 17
22 27 20
16 26 20
77 12 8
46 34 7
59 68 31
12 91 32
26 68 27
14 58 32
31 26 21
19 82 27
18 37 21
36 22 24
68 77 34
41 30 32
64 52 40
82 16 40
60 9 26
9 53 4
10 45 2
46 46 22
76 13 18
18 87 19
70 85 9
35 11 32
50 27 38
61 82 9
24 11 5
51 24 1
31 31 40
33 21 28
7 20 16
62 51 15
66 38 31
29 45 21
6 50 34
2 15 34
3 16 7
61 84 33
29 46 39
46 35 38
4 51 6
41 75 5
53 15 32
59 23 2
34 56 16
64 72 14
38 22 27
69 12 35
13 30 24
56 41 6
42 51 26
47 42 39
77 59 25
44 79 37
7 1 5
14 63 13
44 13 28
41 19 34
21 53 30
41 35 22
47 44 6
9 91 6
52 6 19
8 5 3
62 68 29
76 2 36
81 73 11
26 77 35
7 45 38
84 40 21
75 18 28
1 50 31
57 30 17
36 27 15
71 48 37
3 60 6
49 13 23
26 49 17
18 12 33
37 10 34
72 69 25
71 4 35
27 12 3
44 37 36
38 68 13
37 85 8
12 39 29
51 44 27
21 67 11
44 24 3
12 32 32
12 15 21
74 69 31
35 74 24
60 51 23
11 56 36
73 82 36
29 22 7
44 86 16
29 45 33
28 2 23
6 88 40
17 74 11
73 36 6
42 19 1
13 62 30
24 65 38
76 26 9
60 15 2
3 75 26
58 4 27
68 57 9
64 6 29
76 85 10
62 77 18
40 89 22
8 84 3
77 64 8
67 35 13
66 89 27
17 9 8
81 69 35
29 16 12
63 44 32
34 30 12
21 1 26
57 64 24
26 2 7
4 43 19
42 22 27
66 51 16
6 70 7
27 77 26
17 84 24
71 89 15
66 78 18
80 25 19
59 85 4
71 74 33
58 82 9
8 86 38
76 86 7
37 31 32
82 81 19
56 17 26
6 30 18
5 53 1
51 4 3
39 70 17
79 45 38
28 14 30
28 59 39
76 51 26
49 16 34
45 28 8
2 55 36
41 70 4
51 5 39
65 43 5
73 73 29
16 64 39
82 22 23
53 11 32
69 67 10
14 45 5
59 77 34
54 74 34
17 70 13
80 77 6
40 56 4
10 11 33
13 61 32
14 6 13
83 2 30
54 80 15
40 43 40
4 12 29
17 59 6
65 70 7
62 64 26
76 70 40
60 64 32
66 87 3
79 25 35
29 59 30
36 85 18
17 2 35
78 73 10
81 81 8
61 39 24
3 81 33
30 12 31
12 34 9
66 23 1
72 43 25
69 11 29
36 82 14
17 80 31
14 89 23
82 27 21
48 37 2
11 6 14
16 72 20
7 83 33
68 35 1
68 85 6
82 13 31
10 36 5
23 90 32
48 17 28
50 14 28
2 56 2
37 31 32
80 32 34
31 19 33
3 51 16
71 13 10
61 60 16
38 28 8
25 14 33
57 84 1
45 65 7
25 20 8
43 81 2
8 89 22
36 83 30
43 63 37
13 57 8
12 54 30
14 34 17
21 1 34
14 52 5
71 80 18
41 77 3
34 62 21
16 90 2
2 29 29
72 50 30
61 55 16
69 26 12
81 23 31
76 20 34
84 59 24
83 43 20
83 19 39
46 79 23
18 1 14
78 76 21
81 41 17
81 70 15
77 80 24
84 59 38
23 77 33
25 89 38
39 52 24
21 10 4
7 10 11
2 61 33
