56 81 1805 868
240 1266 53 3544 1637 3967 1123 1636 1566 1485 1440 4771 3592 1589 3652 1776 4890 4186 3321 489 1440 3261 3652 1469 3920 4356 4610 2020 789 3235 3726 2594 4387 616 3697 3321 3988 1895 19 1045 2472 688 3761 2238 2947 4321 1954 665 4208 2631 3153 137 107 1476 2938 2174 508 1391 4634 4069 4697 1344 2577 4080 4796 2854 70 2927 1592 2149 889 4823 1747 4306 1125 2970 4054 1936 3791 1473 4749 
4320 1502 3547 3947 2786 1991 1169 4462 3447 2528 830 1722 3511 4232 3903 3632 2358 4767 843 834 343 1254 4656 1363 482 1927 4656 4336 1706 2666 456 1989 4233 4692 3366 3657 650 1064 3813 2383 1307 873 2088 4665 1675 3124 1541 981 812 4491 339 158 3876 4048 85 4438 151 4609 4373 52 388 3457 809 4116 479 3297 1310 1452 1418 362 4711 3689 2682 82 2467 2516 1178 4033 265 3912 381 
2020 4865 3565 1372 872 2021 3771 2341 2504 407 3785 4193 4749 3003 48 328 571 1719 3124 1728 1055 4084 2827 574 1402 1005 598 4596 2590 535 2452 3010 3600 4870 1036 1941 581 3170 1010 4799 4610 205 4338 973 2000 1245 2177 2976 2905 1434 1529 1431 2630 866 1492 1664 1355 2372 3131 1691 1301 4430 705 1138 2659 140 4081 2163 284 3599 2537 1146 3688 143 1373 2249 1726 772 2147 3122 1700 
504 501 3043 1454 1723 2682 2033 2098 4603 1929 4697 2297 1698 175 3952 3947 3768 4114 3304 1682 3209 1886 3755 4383 829 2060 3145 2618 2063 1340 682 574 4315 785 2614 375 1898 1079 3297 3403 2758 616 1525 1312 1132 3930 1155 4806 3246 652 353 4120 352 2584 4153 3575 4022 4261 2363 2376 977 3407 1920 4588 2442 1900 1434 4832 1580 4044 575 770 3609 867 3292 2481 4372 2387 1464 2159 1178 
1338 1683 3773 1456 3010 3250 1344 986 533 3774 877 4815 3104 2210 905 2631 324 4256 609 3902 4847 1079 4363 2351 4578 4875 65 531 4413 3729 725 3330 3589 936 3847 2485 2091 3587 3375 1254 2958 4537 4557 613 871 4318 4362 2305 3608 4043 1396 4358 1224 4729 368 4635 2556 600 605 1244 1066 3585 2860 2985 1973 4039 1516 1024 1310 2823 76 3835 599 4040 2627 3053 3922 3611 1378 487 1611 
2245 4490 1049 444 693 1777 831 3641 1140 2193 3451 4049 1315 4528 848 1705 3542 579 4685 3052 3128 828 3933 1481 4274 3312 703 4071 3892 2880 1161 2660 899 1609 1253 1119 4353 2400 314 1345 2647 4377 2388 2095 1157 2284 1651 3972 3175 836 1535 364 2218 853 896 2296 1622 2713 1479 871 161 458 3148 2340 852 740 4721 731 2396 700 3272 520 1213 4583 923 1874 2017 1498 2205 2283 4439 
3400 363 2246 305 3219 2487 3431 4376 3895 937 1491 1793 2146 1013 2502 1212 204 2895 4378 2028 351 3146 1152 3646 667 502 1528 4118 1290 260 4542 4219 2528 3552 1366 3372 2852 987 724 2486 2897 781 2211 3053 819 1889 2101 23 3157 3855 456 3013 2223 84 2979 278 4489 3126 4626 2176 302 4598 2445 3416 3176 795 1799 3183 1194 4412 2947 2224 477 4110 538 3829 2629 4337 3957 1063 3901 
4587 1261 343 2494 935 1531 2695 2816 4753 1052 4289 3682 2253 906 2117 580 3223 3893 2604 2467 367 1508 3280 368 2074 3657 2189 2754 2925 3142 2271 4834 3682 1514 2824 1782 852 101 4294 2747 4625 3010 3066 1906 451 4608 876 267 362 154 2959 1377 4414 181 1578 3869 966 3801 2866 1577 3828 1091 95 318 551 1812 3892 807 432 3336 863 4860 1116 3859 1867 4718 1176 873 3228 83 1621 
1768 2408 1429 1876 1965 3123 760 1539 3843 2467 2492 2462 1336 4867 973 772 3911 2655 2177 4476 2253 2589 2092 3514 1869 3081 2793 1463 2561 4727 2851 591 2632 448 183 3553 2059 4764 634 4038 21 409 1131 1535 1575 3503 395 3062 2321 1658 3592 2374 4586 3185 4339 915 706 2517 4133 4715 3999 2807 851 4287 3427 3644 218 4676 1671 693 1768 4669 183 1276 316 930 1648 1828 1902 2168 1636 
972 2087 3615 2650 4151 576 955 1342 4627 3076 3843 1823 2971 730 4795 2601 3176 1735 3878 3446 4862 403 3087 4057 3701 1741 3505 2957 4425 2402 2791 789 3309 4386 1025 1234 1049 616 1160 84 4657 4447 4837 2358 1702 633 1166 3286 2626 1279 3792 3224 1123 1263 1305 4344 282 3775 2527 4199 610 1988 430 3022 766 4188 3824 2622 415 4578 721 2537 1411 4814 2553 811 4899 2856 2914 1840 2871 
1481 3073 2616 2402 4791 3842 3747 3208 486 4622 3224 633 57 2649 2595 1987 4778 3317 2631 3587 2993 3695 4483 1455 4387 1834 902 3441 3232 454 2105 2916 2439 4350 3212 3286 509 4378 3806 2523 1502 59 131 4498 2455 2577 2110 1751 3662 3498 2581 1560 2624 3833 3392 34 530 648 1406 3875 1336 456 1504 1949 4108 3795 2011 2449 812 3046 4779 4009 4083 2849 1567 1421 444 2623 1664 795 2926 
3890 2888 468 4523 31 1355 2418 2101 3860 3531 1525 2117 3631 2851 2612 124 1522 2777 1789 2476 447 1830 4596 729 3881 1775 4797 4799 225 3922 2348 1221 3207 2782 4191 2901 3204 4342 2378 922 3917 4817 3832 4055 3336 2893 811 2255 3412 4115 1900 3297 2689 2055 3294 2707 3669 4047 202 2725 4218 826 96 1673 4235 1247 3086 4832 291 3085 1079 3269 1973 4057 1016 3243 107 1671 1239 2369 4561 
3481 3663 357 3147 3523 3552 1104 2238 4216 2419 4203 3429 717 1677 1416 345 4094 3139 2174 2778 4185 2702 3785 824 2550 1661 3591 2719 3313 4731 4235 3351 2410 1268 4206 4655 53 2145 2605 23 4763 989 1358 198 2789 4393 1958 2429 2845 2452 3526 3350 3650 1492 4726 3978 1669 929 3762 1063 3349 1741 2641 2049 3172 953 383 3720 1904 3781 2802 4902 758 81 2553 1023 2166 1551 1158 3362 3862 
3244 3698 2370 847 4328 2122 1246 1669 3899 26 3959 1746 1345 2946 3731 1751 1776 347 459 3798 2635 4814 1252 1315 796 4011 3529 1101 4729 1139 2483 4778 585 3415 1276 3890 620 2572 4562 1700 1125 143 4687 2478 2670 2648 630 1650 2109 543 4863 3169 4307 4847 3520 3287 4289 1856 4262 1808 3564 2727 1911 1574 1750 839 2110 1946 2032 2059 1719 1066 4226 4167 1641 4512 1844 3587 2908 4424 2450 
1489 188 26 11 3471 3239 470 1421 481 2813 513 271 1103 4077 1767 2702 3923 3368 2471 127 290 4440 1691 4297 1182 618 3823 177 860 56 1431 4576 3591 666 2957 777 3423 547 3842 2831 2549 2260 2326 1281 2294 686 4529 94 4785 1978 1064 3638 1564 4572 2023 148 1557 3620 1535 3762 2375 1914 1117 2104 4179 2645 2046 4292 3736 2648 4228 1639 205 1037 3051 306 1681 2103 1626 4507 4308 
1400 1552 3468 2161 95 1957 3264 1825 3789 3486 4704 619 2524 3615 1688 669 652 1818 2152 4892 3889 4778 1068 1823 733 1605 1831 2934 4262 4095 997 3665 1350 3002 2607 3461 2773 4081 4793 4695 1162 1414 2771 4460 3998 1082 1335 4756 4683 1511 3054 502 1365 788 4095 1177 408 3876 1727 3870 905 1525 3984 1972 3458 2650 3180 1782 2915 1455 2559 1078 60 4375 3773 3562 2420 3749 4252 3921 4817 
1072 3297 4508 1948 4830 4324 1733 1940 3298 3395 3141 1938 984 654 61 3436 58 4523 3946 3967 904 4799 2348 2786 2780 4467 2640 4367 3504 4511 2572 753 3479 2624 1213 1140 4515 2590 2968 1894 1853 826 3241 4020 3456 3389 582 4085 2503 2473 4876 4435 3446 823 323 4566 2264 3178 3029 558 2396 3345 706 3174 3583 1673 4333 2356 4780 278 2615 4220 2898 2097 44 1573 1112 526 4428 120 2181 
4592 702 618 642 1506 1970 4403 4869 1862 179 4427 3164 2165 3199 2039 2683 667 4578 3124 2801 3676 134 4768 316 184 2961 3918 300 1435 3484 3419 3642 2517 3112 382 1564 2594 1638 2456 1264 4474 1983 3720 995 1702 916 4692 4718 4224 1754 2119 3325 150 1402 1537 3195 3800 2425 4634 1665 4428 4005 902 3446 4327 1014 3847 2201 3146 3514 3556 3382 1878 4219 1520 1003 2381 2051 1702 3892 2883 
3791 2514 935 4144 137 1244 2930 862 2303 1144 1091 188 2215 1832 449 4440 1823 4909 179 695 1206 2330 4785 2069 1525 4595 2633 1006 991 2532 2916 4873 2498 1860 2737 1500 4640 2618 349 1586 4530 828 1667 925 334 3040 2412 3739 486 3776 908 2335 2649 3864 1055 2831 4497 3171 4894 3388 2299 3820 3081 490 4440 2790 3269 2815 2062 521 4664 4393 4767 3857 2384 2157 4226 4376 4430 1512 3614 
1140 462 2731 2337 1484 1606 4812 4110 927 3009 3880 1835 2997 453 1210 4245 453 4736 10 2303 1094 4250 2257 3989 1951 2745 4516 2676 886 2894 3329 956 3367 3973 2560 3779 4760 3524 1328 1064 2123 1000 451 3385 3325 2894 1620 3228 559 4178 2532 4726 3824 2348 67 1691 2871 3717 2480 1790 716 874 737 1785 4411 1156 3671 3980 146 934 3690 2060 4845 994 1177 2231 563 4208 1381 4749 4369 
1449 1280 407 4442 89 3820 129 2222 91 3728 1823 133 25 1179 3914 3261 1859 573 3651 1032 487 4056 2595 380 3547 2559 4236 251 3610 3908 987 4692 3533 2350 100 3942 347 1231 4870 596 3480 720 4623 3879 3523 345 3141 3005 4235 2547 3939 1024 3776 3210 384 3213 4305 3369 2057 1927 1925 1581 147 2718 678 3216 4631 4124 3018 2379 2090 2327 2832 2307 2716 2648 622 4741 3912 1322 3344 
3082 4380 1962 774 367 209 3849 1682 117 1583 4167 3908 1380 990 1568 2561 4424 1021 4369 1520 3169 770 780 4579 2855 3897 788 1437 1585 1813 1800 974 4439 2089 3939 3700 3797 389 1264 865 3342 601 1044 2187 2743 2882 1082 2168 2922 3926 4528 121 3926 2642 4059 496 1608 3161 1121 4353 3429 1585 1976 1990 4238 1957 1470 3709 3479 81 2277 4345 1236 2978 4322 1635 1150 2375 3613 4613 1305 
309 4147 3089 4703 2743 3146 501 3664 4855 805 3857 909 2069 2205 2111 2868 3592 468 2305 3780 2899 2546 3672 2882 4678 3166 871 2732 812 1463 3269 3592 3133 2909 173 1830 1000 59 2972 2585 1946 3099 4500 4909 1965 1051 1405 2329 4169 2154 4780 3457 2162 3095 1832 4326 602 3484 4370 904 3352 4738 1231 2425 3382 2304 2302 375 344 2937 583 3423 629 972 1774 1768 1931 1703 4317 1388 2514 
2888 182 1384 1669 3558 2559 4868 2445 4788 1521 3228 4529 1822 4603 1795 1703 3628 114 3332 1139 2754 2081 2882 2051 1128 3428 2790 2995 18 1313 1770 4411 127 1300 3508 3391 1556 860 83 3889 2784 789 694 4424 4387 2309 1791 2074 2298 2105 2041 1746 253 1373 94 4856 254 2993 1900 1294 3188 758 871 4635 4511 2582 1623 1300 3093 4169 562 915 2985 1414 1928 1574 517 1031 4173 1805 2998 
508 2128 308 4703 1743 3726 4069 1698 3548 3112 3645 632 3214 392 4506 4163 2974 2374 912 4778 833 2882 3538 1250 631 28 1798 2169 2565 4475 2347 1752 2097 1666 2657 4492 2098 1112 990 3972 3497 224 235 4711 1463 1505 1273 3730 584 3586 859 1778 3311 1000 4675 4750 2119 4325 3752 746 2015 26 1747 3516 1411 4868 2051 2631 4034 2111 4521 277 3184 1843 2233 4473 1356 1235 3218 933 3269 
1216 189 1884 4409 3769 4128 253 1165 4761 407 2305 1900 4104 3008 1801 4207 2705 4234 4494 529 883 4320 3753 2918 3727 2235 3916 4688 4779 1891 3555 1254 2431 1988 1615 3331 4683 4401 2041 469 1206 1351 285 2990 2506 4091 3612 3138 3741 4718 1876 161 2598 3970 458 2238 1562 4531 2685 3096 4736 4366 3547 4671 710 3523 2740 3564 1846 2834 3047 2655 4586 2421 3364 1269 4452 3826 1727 3652 2503 
1597 2379 3549 2367 1485 1565 395 54 2691 2483 2583 776 3021 1359 3919 1175 2323 622 2178 4465 4572 718 4024 42 652 835 822 1605 4166 2084 2124 2967 4679 1224 623 4597 435 3693 2957 3655 2488 19 267 922 445 2097 4759 3038 3467 3199 4859 1368 2445 4507 4222 4421 662 2709 3444 1828 3846 3406 4404 4079 1748 3286 3415 4373 2692 4356 247 3604 1933 768 1556 4464 1272 3111 925 2884 3613 
2174 2965 4248 2188 483 2437 2475 2648 2653 4378 449 3086 2541 1495 1190 4447 2254 1678 4364 2412 3939 896 503 1945 4571 4244 799 336 2395 1866 4072 740 4242 804 3931 4775 473 4618 1905 1423 932 3979 1770 4605 1040 358 3423 2287 218 3026 3550 829 4001 2932 3614 3539 2244 3439 3786 1452 3325 2908 2864 227 4739 41 1369 4684 4222 2521 1411 1361 4100 993 2585 1167 3144 2033 3264 1185 3977 
807 1886 2684 1899 385 1975 1345 2825 2608 4043 3124 1014 746 275 2545 1714 25 660 4084 1987 2982 4085 3181 1398 1778 1433 3549 307 596 1278 4423 2978 1988 1274 4078 1339 919 454 2850 3239 1355 850 177 4194 357 453 1980 1427 4250 3291 3747 2845 4512 2612 1752 1182 1331 4172 1137 1043 2936 2647 4630 2374 2380 2876 1142 4556 595 3115 4757 3291 4015 992 1313 4428 3539 481 1283 571 3530 
3606 88 537 4513 10 4715 4883 4759 1380 2145 3195 753 239 1494 3413 2278 742 4839 811 3949 2718 4887 2282 83 4120 3794 436 3579 1007 3040 4022 4504 198 3029 4228 2834 2184 3344 1783 955 876 1557 1725 2590 2993 1099 4643 3726 1164 3093 221 1204 837 585 1751 4659 4036 3645 4056 738 3393 2270 4613 571 3630 1182 1896 1632 1915 3419 4220 1219 2675 4201 2644 3381 1840 1782 4353 4113 4061 
2537 206 602 4710 3068 4540 2123 1007 2191 3329 4268 3197 4748 3329 2841 1277 1767 3350 1571 3267 3433 715 689 4556 36 3846 4232 539 816 4232 791 283 2886 2169 3162 810 3986 390 3737 604 4010 299 1352 4472 2452 1333 3715 1797 3147 1163 4146 3121 3419 3432 4703 3969 4379 1689 4019 3644 2325 4453 1814 4440 1941 4897 3163 3140 2019 1756 3562 3960 1415 1055 767 995 4133 3012 495 2419 2893 
1439 524 3331 304 3752 2487 1155 1344 3678 2017 795 1916 4886 3609 763 1816 4084 4555 4756 1286 2448 4216 4160 4264 2082 4275 2823 3418 651 607 1567 2172 1903 819 4516 4088 2580 865 3496 1212 3198 1752 1234 1938 2632 4169 2879 1683 2885 4288 4012 1193 1197 4640 3455 2388 2343 3736 366 2027 4433 3562 2900 1556 609 884 1060 1348 2673 396 1693 1028 4447 1379 941 3470 584 2768 2122 1551 4093 
1374 2633 2194 1951 3800 2293 2748 1893 3949 3194 4822 159 3734 983 2966 987 4235 1853 3263 2197 2136 1060 318 4515 4883 4904 4426 2514 904 361 2367 3538 2268 112 2986 688 713 4288 4120 1704 2615 1660 1380 1297 4164 2479 3031 3400 1093 3247 1775 4203 923 155 3332 1173 205 1609 3795 4481 4470 4856 2439 4314 2978 4032 3821 2859 593 2802 2398 4727 930 3258 2692 4258 2193 4466 2377 2836 2559 
2438 460 2835 4390 26 2917 1897 2295 2452 2197 2169 2644 4741 4889 2831 1796 2407 1251 2855 2625 3062 2028 3475 694 1599 679 3689 815 3383 1440 2520 2509 2282 2534 155 4201 4886 4807 4712 4291 3982 3672 4346 1905 2627 1827 592 3460 962 3692 3900 3666 1394 4163 3125 2656 512 2449 4101 1657 300 2404 4257 4412 2620 87 4600 2410 4413 4146 4760 3417 366 3984 3453 2479 3337 3853 2489 33 2825 
4115 4866 3166 4884 949 1759 1174 173 2059 3315 4085 2504 2565 4889 378 2644 3726 1264 4752 1375 2430 2097 3615 1979 4661 1309 508 3859 2178 1639 2014 4147 2962 3016 4421 3269 424 1214 4608 4059 2522 1634 637 1827 3616 3788 428 4480 4864 1797 451 1281 1176 913 4692 1318 3754 1752 1235 4125 582 4624 2072 753 2891 2872 2343 848 3658 4467 3035 2625 4722 2444 3071 3182 2563 1772 4192 3293 2917 
2437 2057 3252 1717 177 2501 3845 2517 4494 4031 4322 4483 4078 3700 910 4736 1803 1860 615 2703 4445 882 2305 2465 4235 1052 437 3464 1236 3225 3127 4337 2067 3208 1924 1323 205 139 1251 3526 215 3331 3421 1441 1480 2104 126 4701 1345 3241 4329 4281 3455 1801 1845 3250 3648 455 2503 986 2625 4159 4558 3260 1888 1317 373 342 658 780 4747 206 1165 606 3830 1681 1784 608 1268 2577 146 
3347 3995 785 4441 4548 4148 1268 4653 4093 1856 4400 2117 4068 3383 2591 1430 1881 4662 772 4661 1721 1177 1892 4405 2853 2579 1446 4369 3787 1615 1383 2824 2996 3977 1313 3469 107 4860 624 4443 3476 3082 3990 337 1368 327 2004 678 4422 16 1151 4546 4363 3461 1317 364 2712 3325 1470 119 2026 721 3329 667 875 238 227 3031 4321 1767 580 155 1188 3640 2391 2499 3034 2178 1870 3426 4342 
1726 2482 3125 911 4259 2121 2229 3912 180 2181 4016 1405 4621 2112 2547 3353 4901 832 2082 3562 526 1635 1727 193 361 3055 165 3652 4543 3514 2259 915 4368 675 1883 1501 4362 3484 3052 3837 1971 126 777 904 1844 929 3362 1234 3435 1082 1994 4521 2015 3017 1861 4166 2064 4834 3240 4882 337 890 3954 1596 857 4713 200 3754 3107 687 2687 1817 3819 319 4397 239 4365 2317 2702 1634 1266 
115 3938 1917 714 1406 1126 4350 4197 2700 4580 1860 4188 2886 2212 3057 2717 2151 693 2752 4717 1597 1650 3748 4045 418 1327 4020 1575 4122 242 2273 3020 1107 2596 1344 3906 683 4884 1929 3910 4374 4633 214 4572 2953 611 2852 2788 4232 1089 2239 1366 276 1108 3434 2700 628 2679 2632 3677 1589 2158 1305 2778 655 689 4130 3106 3301 1830 2242 1648 4099 3003 14 476 3860 2488 2497 2843 4034 
2018 2549 1573 817 4082 4355 1325 123 4547 3346 3008 479 4272 3465 69 3883 236 3228 611 2883 2575 409 3965 1717 1040 541 75 4468 2039 1987 3241 4434 1335 4459 1009 3205 3191 3458 3926 4497 3463 3852 286 2006 914 2942 2379 1574 4838 4830 2983 2544 1035 2483 3072 3394 751 1381 1048 2439 1151 430 3605 3211 4362 4463 3549 198 3909 676 4485 141 3270 1315 2682 3710 4816 1779 4389 2428 3582 
2211 1044 139 761 3739 1703 3947 39 4751 1505 3061 2958 2810 4716 3856 1061 1077 4326 4839 50 4771 187 3342 3624 2661 3515 1542 4532 95 2736 2840 279 4686 114 4135 3283 2469 10 4715 3871 4338 2354 4802 1716 3470 1839 3123 3229 2367 3428 793 4378 1203 980 2812 4422 1783 2375 2984 1474 2238 2203 2014 4715 4105 2455 1708 2586 319 3281 3241 2361 4775 1079 793 3312 228 3777 4293 4514 396 
1213 1702 2047 4517 1153 1431 1650 2077 1967 2186 4084 4553 3530 3585 638 1368 753 1565 405 3843 1482 3791 3988 3134 1452 1123 2890 4811 4140 2273 465 808 4647 3977 3256 4168 1141 431 4063 998 1288 437 3622 3988 2249 3784 3165 4759 2219 4492 3152 2780 3928 4585 1432 1048 4866 2476 2907 615 2850 4212 4900 4621 568 4499 4039 4658 1162 4391 2084 343 4718 3355 188 3012 3450 416 4714 117 20 
4529 459 3463 1675 968 2340 3358 2894 3081 3012 4594 4361 2347 3799 1065 3683 4861 2173 3208 964 2964 1630 3063 2944 4598 556 1067 3465 3065 559 621 4729 1162 3758 4647 4638 4491 2512 3281 474 4190 952 2972 2410 1972 3529 825 2876 2125 4516 2946 815 2828 365 1490 4107 212 2551 1939 2181 432 916 4709 3501 2948 2771 3966 1534 4426 4419 3107 1117 2982 4497 875 295 1629 1884 1922 1851 407 
1265 2831 3701 2063 4374 1104 2472 4193 231 2762 1880 2386 152 4211 3783 2965 1642 711 4354 4008 2638 1820 3142 1393 500 4597 2971 3933 4456 914 2201 4085 243 3488 4064 46 1966 1406 2226 1580 111 3837 2395 4845 1111 3519 4732 4478 2378 4736 952 3992 4817 3546 2035 1469 3573 185 574 3112 3034 426 2391 2441 3610 4482 2250 3682 2402 2534 3299 771 4300 83 2406 4889 1477 777 4178 3744 4224 
2489 1966 2145 4863 2719 3832 1944 3091 1849 2176 3178 4218 3196 2879 4510 499 2808 600 553 2340 3295 3112 3761 4672 3113 1943 2387 956 4590 1894 3428 4264 2665 762 3757 1459 4780 529 943 4523 3602 2154 3020 469 2459 2656 1674 73 2409 746 1892 2518 421 4445 2113 2756 827 1231 2853 4780 2970 4101 2755 4141 4691 3200 3980 3097 3997 616 4813 3387 715 1692 2325 1177 2943 1908 67 2116 417 
2150 3486 1153 3752 36 3546 1452 1541 745 1931 3945 2096 4698 3578 3307 2724 4728 790 49 1713 2037 3875 4526 2611 2106 3821 1255 3901 1009 313 3141 4026 1852 1699 3266 3648 2506 951 2875 937 2503 500 762 2605 2015 2979 3293 688 3004 4277 1249 1312 671 3300 3417 2872 4295 2045 4861 2958 736 2983 3726 4476 361 923 1833 3320 1997 1434 2519 4131 2777 1406 1347 1607 2085 1791 3413 4024 1933 
3056 3810 4420 45 1320 2996 4375 4511 2739 1342 1194 3707 581 2372 1281 3850 2655 4265 3388 3451 2680 4252 4878 728 2518 4421 825 3554 4541 2580 2875 2243 505 2963 3421 2665 2948 2316 1556 1165 4272 1203 4541 2352 154 395 3162 3095 697 1304 2362 1406 4848 2231 291 3370 812 1147 1257 3406 1030 2361 586 3073 3230 3221 4608 2579 639 1125 3096 2845 4778 4706 1911 2397 3027 3129 822 2628 2079 
854 3258 112 4080 3244 1893 2356 2574 688 3970 3914 3022 1445 4238 4791 951 1365 3548 3654 261 769 1929 3273 728 1083 3353 3482 463 2767 4634 2118 214 4229 1822 584 1950 1280 3793 992 535 3087 2310 1220 3774 1143 1702 3243 1515 62 884 4793 4208 1422 383 1574 1427 3290 1021 601 4847 1620 261 3477 3168 3232 495 3570 1424 2313 1077 3272 1227 2775 4743 4539 2478 2312 3618 4816 3435 3100 
4649 1064 618 544 2239 4177 630 669 4884 1471 3696 2303 3498 4491 4368 2952 3992 3949 4056 1330 4541 4143 4564 3106 122 2682 535 3503 3303 3533 3953 2054 4419 762 2837 2354 1118 3441 3286 1047 1250 1015 3095 4044 3641 3477 3517 1696 1415 1051 3500 4662 2735 589 4249 2710 2572 416 3953 331 1579 3475 3428 3373 578 4490 1890 4041 4392 1605 4510 555 717 1182 3757 223 1176 261 4256 1537 3481 
406 4753 4559 3636 3945 4107 2680 4510 2134 2470 779 3428 3217 1146 2796 517 171 3487 2787 4420 1660 4074 3674 4053 2589 2804 1629 2600 3288 3231 487 2583 2013 521 3977 4052 4435 1337 278 4378 1664 3798 2514 1172 1104 2163 188 1352 3381 2553 4027 11 4352 2530 404 3595 2281 1683 2147 1764 3650 4896 607 2675 4539 2711 3399 4341 633 402 3465 1315 2694 499 843 2981 1740 866 909 3275 908 
3080 1525 4410 1505 3449 3460 577 2526 596 4470 1638 4242 3240 2625 1375 938 1646 3571 4760 749 3628 2564 841 1226 1782 2778 3801 4107 59 3694 4517 3335 4907 2780 608 4869 2197 3389 4084 1229 3962 2933 3007 1146 3938 1790 2706 4701 4906 4576 3044 644 3040 1936 2172 3550 2822 3141 1607 712 1877 4476 2453 850 1522 1754 781 2699 422 3321 1826 3170 2602 1875 4183 533 3621 4551 1646 3824 3893 
1221 3000 2265 2817 3894 1463 1355 4312 1084 188 2450 4826 1419 814 3583 3591 1828 4047 852 2179 1032 742 3074 1246 921 1957 2497 4684 2354 4218 4207 426 4154 4730 3909 3775 3628 1170 1948 3832 3136 3348 1000 2045 1183 3439 4760 12 779 4458 1410 1471 1644 226 4196 3174 1099 3556 809 1905 570 4695 773 253 3409 987 1509 3773 70 1039 912 3146 2980 540 1045 391 1915 4344 3889 3494 1488 
208 2133 420 2144 881 3840 968 2370 643 3498 4601 4549 3231 3719 2894 1769 4140 944 4243 3074 122 83 2029 1647 2717 4715 1556 1959 3515 1770 4261 4266 4069 2033 4160 1627 4693 4600 2804 2391 3333 758 1199 1992 228 2283 2508 363 881 2183 3250 2620 16 2251 3110 4442 1014 2150 4004 4897 4333 1631 3379 411 1154 3272 2257 2969 1737 2320 1157 1401 1935 2680 3439 452 1708 3243 4683 177 1241 
4240 4473 2951 4428 2189 3243 4389 155 2504 1233 1315 2418 1680 3209 1285 1004 4489 353 1019 2198 4692 1538 3431 3419 4705 3599 2366 1429 2038 349 4801 647 1564 2909 4029 363 3409 811 1209 4082 2452 863 785 200 3599 3990 19 2698 248 4034 1421 1030 2063 3453 4039 510 3307 1545 901 3418 4115 4626 4790 1990 1251 1208 3816 4241 1834 4241 1914 2807 41 849 1386 3114 2642 1637 3045 389 1312 
3928 1460 2630 3183 2190 3772 806 3098 3606 1530 1623 3399 3784 2464 4625 2285 2728 1785 1436 104 2556 3031 4597 4859 1221 4541 2321 3481 1474 4046 4767 2247 1220 1528 2637 3567 1626 3250 3218 661 3077 739 4904 1194 1438 3617 4398 491 919 3650 4636 3504 847 3453 777 420 2344 1676 2755 2954 3785 3240 2044 4140 97 3123 364 4082 3762 4379 142 3901 1142 245 4438 1798 2262 665 4692 4533 4224 
2822 741 2416 3068 3806 360 893 4408 1315 3393 3457 393 3381 2367 4254 1421 3168 2649 1369 4386 2984 447 3634 4524 2855 1151 4453 1829 1108 4200 4119 3417 2294 1870 97 959 2154 2202 1239 3241 3490 3251 3049 1866 2089 1252 1602 2517 4255 4429 3978 4654 2272 4695 284 4764 4637 78 1419 2182 3324 629 3138 3859 3451 4504 2484 3397 718 2682 2082 2044 4781 3703 1487 2242 105 1050 3745 3099 1615 
54 12 36
34 19 20
31 49 9
20 67 25
6 2 2
11 61 36
36 65 38
17 77 38
25 42 31
11 68 5
29 12 1
43 16 39
27 33 5
14 6 21
8 12 8
47 19 30
44 16 36
40 46 23
10 45 18
35 61 18
33 43 31
20 30 1
7 55 36
53 56 34
41 2 12
13 25 29
23 32 9
19 7 25
7 58 3
40 59 20
23 32 36
38 35 2
38 20 37
50 17 26
50 11 4
37 60 27
42 47 16
17 8 35
53 2 19
18 23 8
18 62 2
35 45 38
31 49 4
29 40 32
52 63 34
12 62 25
51 39 6
50 53 24
26 23 17
54 50 5
37 73 30
20 24 21
30 9 16
25 55 16
19 57 35
40 26 22
40 36 37
23 49 36
22 48 15
20 77 36
40 60 10
30 9 7
34 29 26
21 9 30
28 64 23
43 46 36
30 77 24
32 19 31
24 74 35
19 15 35
36 41 16
30 21 12
18 3 24
53 56 14
51 43 16
30 19 24
31 22 29
11 52 36
16 38 28
24 76 11
28 39 34
27 22 24
35 62 23
1 70 9
5 35 7
6 23 29
8 20 14
7 12 19
50 37 23
20 27 33
2 10 37
50 47 38
46 3 25
30 4 34
14 5 6
36 59 22
49 43 20
29 72 36
27 33 19
47 30 32
21 61 2
16 8 17
5 20 21
38 55 15
48 54 34
36 15 11
50 46 14
22 10 19
24 36 12
12 7 14
45 27 19
42 60 8
21 27 17
14 77 35
36 16 17
3 60 35
33 9 9
41 24 5
46 7 7
31 60 1
2 41 40
1 46 33
28 78 13
7 37 24
34 35 3
5 52 5
45 67 10
49 51 26
9 45 1
19 57 22
38 51 9
12 19 19
5 41 35
31 49 19
18 33 23
7 72 20
53 13 29
5 3 36
9 39 30
21 36 17
22 15 38
19 41 23
2 41 37
14 66 32
16 58 25
4 45 6
23 65 7
15 12 22
46 61 14
5 68 2
32 16 40
2 59 5
20 33 33
5 16 30
6 70 3
32 23 17
21 75 12
12 42 15
29 6 27
42 33 34
32 11 28
4 52 32
31 78 26
44 11 6
48 69 27
13 10 39
37 6 14
22 5 23
27 35 29
7 76 2
21 6 15
54 48 33
6 3 6
41 55 1
9 8 33
29 55 12
46 19 25
5 15 2
39 62 9
54 4 26
15 32 23
38 51 15
33 79 4
8 59 34
42 37 11
16 76 3
29 68 6
31 4 34
6 51 26
17 52 31
39 24 5
4 16 38
33 41 18
15 7 20
34 36 23
13 3 33
53 55 5
24 61 27
36 7 3
4 59 39
39 62 10
52 15 37
29 48 10
30 62 15
10 75 38
53 6 24
22 51 35
12 40 4
1 50 39
21 27 15
45 70 32
29 25 10
32 60 36
11 49 37
41 66 13
30 45 27
41 67 3
46 2 8
39 22 24
11 35 28
24 1 11
48 34 19
45 44 24
6 23 29
23 16 35
28 60 18
32 38 30
28 19 9
31 3 34
8 68 4
8 24 1
34 72 38
18 55 9
15 36 39
52 26 30
10 6 36
39 6 26
19 49 24
23 4 28
34 27 40
9 58 13
46 24 25
9 74 23
2 76 5
32 3 19
33 9 5
12 69 14
37 63 18
5 20 31
11 47 2
35 77 21
7 39 31
37 36 20
43 6 7
23 74 36
1 67 31
42 26 22
45 70 38
28 72 9
32 30 17
17 43 40
1 43 1
35 73 16
44 73 26
19 16 34
27 32 13
3 24 10
50 52 33
8 77 38
43 54 34
2 68 4
49 40 5
32 35 30
22 59 10
6 33 18
18 62 33
12 72 28
44 4 36
30 3 8
28 35 5
25 53 3
52 68 35
29 59 8
10 35 30
16 3 13
32 14 34
26 41 22
29 79 4
48 30 3
35 24 14
19 23 23
45 50 19
54 75 8
34 53 34
6 15 21
10 74 10
32 28 31
27 8 38
53 37 30
13 30 27
5 3 39
48 24 37
4 54 11
20 22 26
6 1 1
23 46 31
3 25 29
17 13 38
46 56 38
24 41 34
1 31 1
46 73 15
23 48 22
9 16 18
15 3 19
31 71 15
23 46 17
7 43 27
3 32 29
52 12 18
46 5 34
36 5 40
32 28 35
51 9 17
26 78 29
53 78 20
35 26 3
45 38 9
10 74 13
19 66 26
44 79 3
35 38 33
37 2 36
1 47 37
38 77 30
6 62 6
51 53 12
19 12 14
50 22 16
18 12 31
48 65 11
54 41 29
51 45 39
32 30 28
34 30 29
40 47 11
7 67 17
7 19 36
45 66 7
27 25 14
2 8 28
20 37 14
6 42 19
16 8 13
21 62 18
7 47 22
48 36 37
3 43 17
45 51 32
23 30 4
23 34 5
27 17 32
37 63 3
35 48 21
4 8 26
54 43 10
45 74 5
43 17 2
50 28 40
35 41 23
31 2 30
52 60 7
28 40 18
1 3 2
35 53 24
25 5 24
18 59 2
12 28 8
32 76 11
44 18 28
54 7 40
7 24 22
13 9 12
1 58 38
13 64 9
5 23 13
35 18 9
20 40 33
2 42 34
50 23 40
52 78 15
25 61 11
51 28 38
4 34 30
27 29 7
48 7 10
9 69 34
38 72 31
42 65 17
39 16 5
48 64 37
49 13 18
45 76 8
3 47 26
47 61 13
43 20 4
20 18 11
48 9 6
5 62 24
40 77 14
32 30 23
32 71 9
25 71 2
7 43 25
42 63 31
8 28 20
53 34 33
31 53 4
31 42 7
7 8 25
8 30 10
43 5 37
42 33 23
45 44 6
50 51 31
27 71 2
33 72 4
36 38 7
33 66 4
9 41 6
15 28 16
13 39 29
17 71 29
19 64 29
29 79 17
45 53 28
12 51 12
8 14 2
29 41 39
8 45 29
36 2 24
12 34 1
50 3 21
26 56 4
29 11 39
2 15 27
29 34 33
45 53 36
27 34 18
16 75 34
23 22 40
6 70 28
39 76 26
30 56 9
14 5 22
29 73 21
44 38 4
20 77 18
47 44 38
28 21 1
2 3 16
46 49 18
36 40 10
16 72 30
12 8 17
22 45 13
44 64 26
31 34 17
33 46 8
23 26 17
17 9 8
41 41 38
18 61 17
51 41 9
49 56 30
44 75 24
6 17 5
31 47 31
7 50 36
18 41 19
54 37 39
4 18 1
25 40 6
26 29 18
43 12 36
23 35 3
50 28 21
42 22 12
5 17 20
28 6 23
3 1 21
12 72 3
33 72 39
3 56 4
17 31 26
13 38 7
19 28 15
37 24 10
45 8 13
9 13 14
37 15 9
51 65 31
16 49 12
7 54 4
18 60 36
7 48 6
16 17 2
43 27 14
40 53 32
45 50 17
47 70 34
20 79 40
20 23 22
32 3 24
10 61 37
12 76 14
19 5 27
49 45 13
3 31 24
8 26 6
21 52 22
19 79 14
11 27 32
48 10 18
38 41 7
42 36 33
17 47 30
51 72 30
31 11 18
6 22 19
32 23 33
14 40 23
36 16 14
25 49 21
35 63 1
25 7 19
27 77 22
3 43 1
25 71 29
19 75 4
8 70 39
36 24 10
10 34 26
2 41 7
18 32 12
5 46 36
44 27 5
34 21 29
52 49 23
53 30 36
22 49 40
13 31 38
44 43 31
28 34 14
33 6 27
27 30 25
51 67 31
34 72 10
29 43 34
6 13 37
28 57 12
18 79 11
54 31 28
21 25 5
40 55 31
1 7 13
13 61 5
48 3 8
21 66 20
10 65 7
44 21 34
9 27 40
38 11 3
17 45 6
5 29 19
31 11 3
36 78 14
30 17 12
4 58 25
19 32 25
45 30 7
30 20 28
7 59 13
19 7 35
32 22 3
37 65 20
41 36 2
27 52 11
27 42 14
9 77 12
36 27 35
47 38 4
26 58 5
21 29 31
15 10 37
28 56 19
34 41 32
4 60 13
13 48 17
49 32 10
18 40 14
36 6 17
27 77 39
51 74 1
23 70 3
15 37 16
7 79 1
38 5 37
40 6 6
45 16 23
6 39 15
21 66 7
46 53 18
7 9 21
45 71 9
30 12 9
44 76 10
37 30 6
34 7 6
41 38 11
24 55 8
21 12 7
43 51 18
36 39 39
33 77 17
35 79 26
29 26 20
42 35 18
16 2 33
38 29 35
46 8 5
51 4 28
1 42 12
5 57 24
13 1 3
53 52 21
53 19 38
25 35 6
19 33 4
4 35 15
17 2 36
17 56 5
38 12 27
26 18 40
7 68 22
44 8 23
5 3 12
49 42 9
36 43 34
47 35 5
14 56 39
41 13 40
38 13 4
23 37 19
4 75 39
13 52 12
14 40 13
51 74 10
37 45 14
24 34 16
8 3 25
15 11 22
17 62 10
19 49 7
8 55 29
24 70 19
32 10 26
3 67 10
11 63 9
28 72 9
39 29 16
48 36 21
30 9 15
35 8 29
47 41 21
41 57 36
36 1 22
24 31 32
49 48 5
2 61 7
35 33 11
34 1 12
31 21 3
53 28 35
46 63 28
35 57 21
35 2 7
3 74 34
40 67 32
53 36 31
26 2 13
11 49 15
14 2 38
11 23 9
12 22 14
27 36 30
23 12 34
17 51 29
18 45 4
17 29 20
29 48 31
29 13 5
35 29 21
54 46 31
16 44 37
42 27 17
27 14 20
31 25 37
13 52 33
2 35 34
41 39 32
50 49 32
11 7 40
21 45 11
20 20 27
35 58 4
27 13 39
45 73 40
48 54 28
44 54 20
5 54 14
2 15 33
49 50 24
32 3 37
50 48 14
5 67 22
53 58 24
10 71 31
42 61 26
23 31 13
6 76 19
40 3 18
6 39 1
48 32 7
43 79 17
51 10 19
33 51 30
14 67 24
18 20 24
33 52 21
35 72 12
29 28 3
38 10 15
45 68 37
34 17 12
31 11 15
35 20 35
32 11 32
41 37 37
38 6 31
44 59 4
18 70 33
18 39 39
45 45 8
44 33 12
44 9 30
29 19 3
50 53 25
31 58 38
14 59 11
44 63 4
15 47 7
22 43 12
32 17 36
37 43 13
20 9 6
12 48 33
32 4 2
32 11 15
43 33 19
13 30 19
17 70 1
6 62 9
39 43 31
38 74 33
37 35 16
2 63 37
2 45 29
8 63 6
26 56 8
50 50 22
40 3 5
45 17 1
36 40 28
45 62 9
38 27 38
40 19 12
36 24 1
32 13 22
44 54 37
34 19 30
30 74 14
32 51 22
10 53 35
38 51 32
16 58 8
8 71 18
32 51 33
35 2 5
38 2 12
17 3 19
52 42 26
39 3 37
22 74 16
54 65 40
21 50 36
19 2 10
29 68 3
45 57 14
34 11 36
9 30 11
12 38 10
33 59 5
4 68 40
34 66 26
18 15 10
54 18 25
4 44 20
1 41 11
45 67 22
2 50 31
34 37 18
35 72 13
1 50 1
25 6 22
27 16 33
45 22 9
22 2 13
4 59 20
31 4 7
5 61 17
54 52 40
10 31 33
21 63 5
30 75 27
46 73 9
37 69 18
44 46 27
36 79 2
17 56 14
11 38 36
2 30 20
29 65 9
34 10 13
45 56 27
46 12 24
25 60 12
53 16 3
8 28 11
53 48 15
8 41 4
16 74 17
41 30 9
12 3 10
27 52 6
7 29 8
23 42 29
4 32 23
40 16 22
54 39 14
34 52 5
36 16 21
34 31 32
15 11 27
26 47 25
46 58 13
46 75 7
50 69 36
