19 68 4929 5318
2824 3897 3327 2488 4453 2078 1153 1875 867 3724 4113 3374 3173 2456 856 3334 523 4334 3635 4788 1142 4160 3592 1200 3457 3762 1991 4008 939 4647 739 446 735 1808 3659 4546 2294 4549 2070 3783 1519 4036 890 3124 959 2623 2633 3162 1235 1481 1077 1633 3846 4399 3206 2552 3914 4799 4882 611 4259 1371 1485 4634 3949 2106 4784 597 
4362 1275 4708 3081 320 75 1498 4636 1765 159 2965 3719 4885 408 2573 1755 412 3757 418 1096 2628 189 3067 624 4302 1091 2032 4780 4314 2983 3258 2574 2796 283 1614 287 4905 4249 2031 344 1559 2543 3478 203 419 4070 3778 1970 2568 2270 3510 4243 1552 3425 4360 2043 4374 4388 3595 1779 3182 250 1348 194 1995 2275 2311 4597 
2428 2773 1437 1290 1290 2998 4027 907 2349 409 4089 1644 219 1535 1556 2092 3274 358 458 1071 3326 2947 1431 2159 4631 4033 3403 3453 4656 1549 427 4258 2098 4524 3088 3983 3024 3773 4431 360 487 4165 3628 1707 1992 1337 748 2114 263 3560 3433 3688 2107 3454 1884 1634 128 2793 3643 3047 3926 2844 839 1869 536 2917 2879 2570 
2412 1442 2525 2672 4019 1906 1445 4886 3501 2415 3164 1365 4539 115 138 4140 1741 3709 1445 4161 3399 2072 4580 623 1286 219 3943 1904 2263 2707 3058 2248 1977 2843 3232 2026 3491 1190 4748 2465 946 646 1445 4026 178 3530 950 3852 2527 4270 1348 3044 3240 763 2359 1046 1160 1248 951 4366 2211 3914 2770 4484 1125 3022 4372 3575 
2630 2543 162 1466 1031 2058 4104 964 4826 3977 1525 2174 4463 1721 3779 2449 842 2903 2728 1003 1844 3447 4714 4557 3757 1677 4532 3275 2085 3621 3284 1481 2381 2071 4606 4065 2711 4764 3263 4418 153 3056 4593 3043 4000 2762 4420 945 4247 1298 3930 3315 2367 1316 3364 3882 3680 2030 2335 2222 2372 3081 4683 2265 877 191 4701 2921 
4657 1724 2411 616 723 782 3761 3275 1816 331 912 777 4426 1567 420 3093 768 4421 3390 2275 2853 4600 365 3432 3178 2768 335 396 4427 1788 298 2239 4154 4331 1284 1607 1593 3405 2857 1679 2018 4839 2547 3660 1583 3308 2511 4506 3407 2786 430 1643 3448 1239 3555 2553 4280 4533 3860 4086 538 2901 237 850 2120 3522 1578 328 
635 3042 2187 4500 2765 3143 1979 2893 3285 2101 3338 4478 1197 2118 295 748 2474 375 4458 4620 183 4588 3457 3535 750 3127 4624 1025 4451 713 4080 391 2484 2647 726 2684 2823 2038 2068 1210 4214 2521 957 2109 958 1460 2015 1104 1235 3584 746 1937 1983 3312 4061 4076 1408 4559 3041 3809 90 763 2129 2992 4109 2998 4425 4269 
4438 4371 4742 441 1448 2989 2055 4427 4104 1456 1708 4302 1316 2998 4136 2179 1653 1582 2119 1761 4449 2137 3369 677 4020 1256 799 4854 1216 708 1452 4299 2738 1086 1089 2212 1166 1439 2401 3953 1245 4059 2577 760 1796 4424 1537 3820 1257 3227 789 4270 223 4638 3054 722 3489 2615 3003 2285 763 2170 2352 67 860 3690 1872 62 
2072 2215 2808 1603 2324 3646 1635 3798 2579 2704 725 2187 4190 4005 1871 4035 530 2979 779 263 3446 4737 1737 1367 416 4418 3034 2679 1798 4447 668 2186 4554 4591 1831 1407 4269 3874 2145 1640 4057 2388 3746 1639 2739 1413 3859 1606 4290 3451 4471 2679 4620 4855 2927 4872 3515 1716 2882 847 1480 1493 1931 1503 1462 2316 4381 1558 
3979 1447 2795 3738 3094 431 1133 4468 1176 812 1218 823 3634 3380 1337 270 2408 1521 521 394 975 3172 4495 4300 2671 678 1286 853 4411 3986 2171 1385 2730 520 2795 120 37 4429 1662 1029 864 3186 4486 329 1017 2304 2613 1441 1698 4721 1794 3614 3408 2579 4843 232 695 3938 1341 214 2708 736 4381 4646 2009 3819 3294 368 
2052 3064 4524 292 1302 3919 2802 996 3064 4587 1348 309 3512 3109 4884 4790 973 3376 2360 4060 4691 3782 4230 4745 1912 3765 955 4451 565 90 231 317 3180 1480 2121 2822 2385 2598 1157 4788 935 3649 4908 1442 2676 1067 2046 4666 2845 741 352 3621 1284 3510 472 4655 4808 4679 616 3714 2498 1775 2902 3880 4829 3991 3697 4380 
2995 4249 75 136 916 1722 110 1714 1414 3095 3743 2611 4413 4103 1835 2583 2787 4359 3167 401 3409 758 1509 2519 2064 606 4760 1998 3179 2902 1381 752 810 2184 1011 2446 2334 1437 2870 2793 4571 4316 248 682 4707 2081 697 1388 3531 3665 111 4598 1594 1860 2272 1418 4006 2834 4433 1815 2320 2861 1167 3604 3146 1289 3181 2735 
1202 3530 1294 349 1352 1819 2881 4011 542 2148 3485 3920 1108 4061 228 1074 4653 4232 4527 1056 1010 1973 3473 3181 4110 2339 1207 3657 4721 3322 1615 780 4884 874 2875 3887 2196 2313 3167 2818 1491 2923 3414 890 4156 4289 2847 3130 269 4762 1896 3015 1390 1776 424 870 4162 829 741 3694 939 3245 1134 304 3885 3138 4527 3909 
3370 1617 1820 4649 1985 1979 4611 3457 2153 1046 2480 336 4423 1746 4549 2087 4096 1233 821 2739 3754 2374 443 3784 2409 1481 2149 482 3669 3869 3040 3997 1787 4574 4651 4137 3633 4890 3466 4565 144 1849 4647 4554 724 1786 1267 4273 4341 394 3911 95 3363 716 3996 2439 1678 2689 2394 3371 3801 2703 1862 224 1251 2079 102 2991 
4471 1188 629 313 796 4828 3708 4076 3458 3407 1140 1900 463 2518 396 3002 2329 4876 1293 3889 4899 1076 4774 2967 2811 4292 4402 986 329 3248 1705 1808 4135 359 4416 2740 2370 4245 1133 2297 4274 1505 2980 3873 2005 2746 808 3300 4634 2256 1858 2089 1015 1219 1946 4887 4289 3768 3663 3963 1042 197 3566 2912 459 450 1149 4846 
2821 2134 489 3707 3381 2818 268 3444 4722 2501 1403 2560 1418 1361 899 243 777 924 1318 3173 4599 2823 2495 3703 4087 2661 773 4613 1997 2014 214 730 228 1568 3660 1109 2783 3418 2021 1109 1114 610 285 2057 3712 2256 479 2162 3480 4705 2280 2427 1421 2516 779 433 382 321 1228 1600 2571 3670 1952 2055 4242 1153 3378 3267 
730 1735 983 4234 1983 353 47 3769 2896 2538 2519 4836 4124 4191 4052 1963 3519 2208 3429 291 3032 4774 4411 1247 1143 3796 1067 1843 4662 546 1496 68 2094 3001 1846 3396 414 3036 1847 2804 989 4543 3017 2042 1807 3850 66 795 2530 4619 224 2087 2130 4513 958 1959 3315 3441 1067 3185 37 2294 3976 2424 582 420 1691 3858 
685 2791 702 649 2956 4167 2204 3874 4435 3851 2966 3833 4781 2511 766 4889 4071 4438 2871 2125 4449 661 522 185 2990 203 2400 83 1355 1663 1059 4367 4295 2200 1611 47 444 521 1212 3589 363 3737 2235 4826 633 896 2056 2127 3498 2896 1455 514 3417 792 153 4226 2673 3233 816 3979 787 2691 1539 1674 2123 4638 2597 1093 
842 1908 4877 4490 4755 2435 1449 4810 3646 1268 1402 1434 573 4239 4873 2782 2871 3429 1342 2859 1936 1810 4598 1596 1746 1996 4592 1182 2113 2955 3484 3464 3667 3622 1264 3932 4277 4383 2855 2391 2767 1763 751 1601 4770 3212 3431 4711 946 447 971 3221 1836 3972 739 1765 693 1378 1788 4318 4276 3668 1189 66 2674 1278 1212 3043 
4 33 25
17 54 29
9 3 6
17 64 10
14 63 18
11 28 34
11 31 5
11 8 17
5 46 8
5 53 4
3 41 30
4 56 11
16 42 11
8 45 13
5 17 1
5 26 24
9 29 6
10 1 25
8 52 6
3 58 15
3 42 27
9 7 11
10 9 20
7 32 9
7 5 26
1 7 27
14 39 13
13 10 38
16 6 8
15 33 39
11 30 37
17 61 10
7 44 25
9 42 9
4 55 20
8 49 22
1 12 34
12 62 22
13 11 24
12 39 38
15 1 32
10 27 30
7 66 11
7 45 25
7 33 21
5 57 22
14 13 4
16 14 39
1 58 39
13 2 10
13 24 14
7 12 29
12 57 16
7 2 17
9 36 20
8 5 26
1 40 10
4 58 12
11 65 9
14 12 21
7 32 39
7 13 35
8 59 18
17 33 39
4 34 19
1 19 29
12 34 40
10 10 36
1 16 24
4 39 26
14 56 4
16 46 20
4 39 36
13 17 30
8 61 5
11 39 15
2 46 2
15 48 2
6 4 34
16 7 3
9 24 16
8 16 36
7 46 37
17 42 2
16 49 9
3 3 14
9 56 29
8 12 35
6 6 20
1 39 19
3 63 35
2 49 36
3 17 32
5 24 40
13 60 11
5 21 17
4 40 32
3 66 25
9 43 17
14 32 27
9 14 35
11 13 4
9 27 12
13 34 26
16 27 33
13 58 30
6 56 17
13 50 4
17 53 28
5 26 29
3 44 30
16 38 30
8 57 28
10 25 38
12 38 23
13 60 39
9 60 36
12 46 32
1 52 6
17 27 1
7 45 6
2 45 14
7 59 26
9 61 17
12 45 3
11 6 38
7 25 14
14 30 10
4 55 38
13 52 19
10 6 13
16 11 18
9 17 22
9 14 13
9 6 30
2 17 30
1 53 10
8 51 27
17 13 23
15 42 19
15 49 21
4 65 13
5 26 1
7 63 12
2 50 35
4 16 21
4 18 9
4 55 10
5 4 6
1 15 32
14 16 1
17 1 37
14 66 24
6 44 33
13 63 17
9 28 39
17 18 40
2 17 1
7 12 25
7 34 34
4 42 19
2 43 8
13 33 15
3 22 39
16 34 12
16 24 33
7 7 17
16 53 38
10 51 10
7 18 32
7 7 7
2 14 7
10 38 27
16 48 4
14 66 27
5 25 16
4 14 8
7 14 24
3 23 23
2 5 38
2 49 3
4 21 11
7 2 32
15 23 13
7 37 36
6 17 34
11 65 27
6 54 9
1 44 25
5 56 39
8 60 15
11 46 31
5 36 30
11 15 13
10 22 6
5 49 15
6 2 10
17 34 40
9 40 31
12 13 17
2 37 20
15 47 3
15 23 16
2 24 13
5 38 12
3 30 31
11 35 8
10 63 22
7 48 38
4 61 23
12 44 31
2 15 26
14 39 25
9 5 6
12 60 7
2 44 9
15 31 8
3 35 36
3 31 34
4 12 32
2 57 32
12 31 39
9 7 38
12 8 4
13 56 37
8 43 21
9 60 40
17 52 26
17 5 18
15 52 14
7 54 36
10 41 36
2 24 32
10 58 37
15 34 16
5 35 34
1 42 36
13 18 25
3 35 10
7 14 21
1 9 16
6 15 39
8 41 27
14 58 7
4 42 22
12 17 22
5 59 22
5 6 19
10 22 15
7 38 30
12 63 39
5 53 9
8 49 31
10 13 2
16 33 23
7 29 1
15 39 3
10 39 23
11 55 11
11 64 16
2 43 40
8 64 30
2 27 40
9 34 14
13 31 29
12 37 1
6 30 3
11 41 19
12 48 30
4 34 1
8 39 28
4 56 11
8 37 11
12 31 12
10 42 39
6 17 16
8 2 14
2 51 11
14 52 17
9 62 29
14 30 30
2 11 21
17 37 23
1 19 23
8 44 24
3 42 22
10 43 24
14 40 1
8 56 25
1 40 15
16 37 28
4 26 31
7 16 8
17 5 3
7 15 7
12 61 4
10 36 27
2 35 19
8 1 2
14 16 23
15 56 31
8 56 1
9 64 36
9 41 38
6 58 5
4 56 15
15 63 35
10 57 14
1 57 26
2 31 21
7 60 16
1 13 20
6 14 13
12 55 35
2 53 30
12 53 33
13 32 10
5 12 39
7 53 31
13 65 30
14 14 1
12 51 7
6 21 5
7 44 30
14 57 36
12 16 6
7 10 11
5 12 39
8 8 3
8 44 7
3 58 40
6 66 20
8 4 17
3 53 13
3 43 11
7 38 9
4 20 10
4 15 27
17 38 32
2 31 18
3 25 31
11 6 37
7 16 6
17 16 24
14 51 3
3 10 26
6 42 21
11 42 7
10 51 22
2 41 1
1 63 3
11 42 30
3 33 25
12 30 16
4 16 15
1 3 18
10 19 14
4 57 28
17 18 8
7 50 34
1 32 37
9 23 20
8 58 39
16 20 7
2 50 3
15 25 17
8 33 39
12 31 34
7 16 25
8 3 5
6 39 23
3 22 13
7 19 23
10 33 30
16 39 35
8 62 26
17 1 25
10 17 20
4 54 20
13 64 28
10 15 28
1 62 35
1 15 17
14 63 39
1 47 36
13 31 8
5 48 21
15 46 4
10 41 1
2 61 35
8 18 11
6 29 18
5 42 13
6 10 9
13 23 15
7 12 34
16 24 15
17 2 3
5 51 1
4 32 19
2 27 12
8 35 39
12 41 25
4 48 18
13 32 21
6 15 16
11 12 32
1 55 7
11 46 39
15 39 1
5 28 31
9 64 13
15 26 34
1 21 29
12 30 39
11 29 32
1 24 33
5 22 30
11 4 11
4 26 31
12 1 37
13 46 31
6 9 3
15 45 10
4 44 30
17 44 22
2 54 29
12 32 4
17 6 7
4 54 37
4 57 20
5 13 31
16 14 35
8 12 3
10 40 22
17 42 15
7 60 38
14 13 5
8 33 3
17 44 19
6 56 29
10 63 38
6 48 38
16 4 35
17 43 39
3 37 27
17 1 16
9 51 9
11 60 22
2 63 19
13 22 25
12 20 30
11 48 38
6 32 13
3 2 14
3 15 32
17 18 1
11 48 25
10 1 3
15 19 8
3 66 18
1 56 18
10 12 7
7 50 26
3 21 11
10 33 14
9 51 2
17 46 39
13 47 30
15 47 3
1 11 31
7 12 8
13 33 14
8 54 29
17 12 24
4 27 24
13 25 4
4 35 27
15 65 27
9 9 9
15 30 14
15 27 26
5 33 35
17 11 39
3 24 24
6 58 16
1 29 6
10 2 10
5 36 37
13 51 5
15 65 16
15 40 20
1 27 21
16 64 7
16 31 7
9 19 34
1 36 35
6 59 16
10 61 31
11 34 6
5 38 2
2 44 17
14 27 13
6 6 35
16 40 34
7 50 9
3 53 33
17 52 31
9 29 23
16 1 34
11 25 36
9 55 21
5 53 29
12 1 8
11 54 28
15 35 29
17 27 39
13 2 8
1 43 16
17 25 39
13 4 36
2 36 6
14 40 16
3 15 15
13 27 28
1 44 1
8 16 2
16 46 33
10 65 29
3 63 22
11 61 32
11 5 22
5 30 17
7 9 1
16 29 5
15 23 33
1 11 25
13 24 32
3 47 7
6 40 23
8 58 30
16 51 5
15 57 15
14 5 22
6 44 36
13 48 36
2 29 29
4 32 23
13 65 36
5 20 32
1 21 23
2 19 29
15 7 1
1 59 14
15 12 21
9 65 7
15 47 35
1 20 2
2 34 3
2 34 29
2 23 3
8 58 40
15 31 6
9 32 31
5 29 6
3 2 38
17 23 8
13 45 11
7 45 19
15 6 22
17 62 30
1 11 14
14 57 36
10 56 36
2 35 9
8 1 23
11 11 16
6 45 22
17 23 1
17 28 30
7 59 20
3 11 4
13 28 28
5 8 34
1 22 10
4 3 17
2 32 3
12 4 20
16 50 28
6 34 14
5 47 30
7 10 31
13 38 10
8 15 13
16 4 22
3 66 29
17 55 31
16 9 25
8 5 21
8 21 31
9 57 5
10 49 34
9 32 20
12 16 36
17 59 11
8 9 10
7 66 32
8 12 4
15 35 2
7 4 25
5 25 9
11 16 16
8 55 28
11 18 34
2 30 18
9 32 29
14 30 34
4 61 24
3 57 35
8 48 34
15 66 28
3 58 7
14 66 23
15 22 32
9 46 24
2 54 6
15 16 22
6 11 3
8 42 36
9 22 1
14 48 9
1 66 29
12 31 25
6 52 3
7 46 40
10 56 8
13 20 24
8 10 1
7 53 29
12 61 28
12 9 5
12 12 7
6 47 25
15 37 20
3 1 15
5 58 4
12 49 29
10 23 21
9 25 8
15 53 25
10 49 36
10 18 7
17 34 35
13 59 19
13 44 4
15 51 2
3 64 36
4 66 6
7 14 29
10 25 10
11 10 17
1 7 5
6 5 6
8 19 15
8 39 14
9 20 25
15 49 7
5 20 13
13 59 26
3 10 25
12 63 1
9 22 35
2 45 29
17 51 31
15 28 23
12 29 29
3 53 16
3 27 28
7 15 14
6 30 13
17 29 30
11 18 37
4 19 14
15 7 6
1 57 19
9 8 19
3 60 6
5 12 10
12 14 30
15 7 8
2 28 17
17 38 20
12 57 27
8 21 29
1 25 31
7 2 36
13 64 5
11 60 10
3 33 19
16 31 25
1 62 2
3 24 25
16 51 21
1 17 6
14 49 17
8 45 37
3 26 9
7 13 26
1 55 10
9 23 13
15 17 1
14 62 9
12 65 7
15 22 38
9 21 31
3 15 15
8 6 36
16 41 27
5 48 18
7 26 39
1 27 20
17 11 33
8 46 16
13 15 6
4 40 2
5 9 12
15 27 12
13 7 28
16 51 17
4 6 22
11 38 11
11 25 39
8 25 24
15 41 37
1 3 19
9 43 30
3 32 13
16 40 27
11 29 20
15 33 13
10 16 20
9 27 16
8 53 20
13 14 37
3 13 38
1 53 34
2 38 30
1 57 32
2 8 3
2 43 36
11 16 11
1 58 6
13 42 9
9 55 40
14 28 37
13 37 14
4 64 34
5 23 14
16 48 37
1 34 9
6 29 5
16 44 28
15 42 19
14 63 29
3 18 19
8 6 40
14 21 19
2 9 1
13 42 2
6 16 15
14 43 5
12 50 35
16 13 37
6 53 25
13 60 2
2 9 19
2 5 3
13 66 14
6 4 17
8 27 28
16 22 38
3 41 37
3 5 22
10 25 34
5 6 39
4 43 39
3 6 3
17 2 30
10 57 16
17 53 36
7 12 20
9 36 25
15 57 12
9 43 19
3 66 11
7 7 11
17 34 1
7 28 19
3 33 25
7 57 24
4 46 11
8 38 30
16 6 8
12 45 24
2 42 26
6 63 19
12 15 12
6 23 10
15 53 38
13 39 34
15 54 27
14 38 23
2 25 6
12 13 37
6 9 6
13 62 20
6 32 18
6 33 25
3 2 17
3 3 30
13 34 10
1 13 5
5 52 13
14 22 1
1 59 12
6 13 24
4 26 19
14 63 20
5 50 20
10 65 35
17 47 36
1 35 17
4 35 14
3 36 15
8 41 35
4 10 2
15 22 26
17 22 4
4 5 40
4 60 9
15 18 30
17 53 39
7 55 11
1 54 18
11 15 5
16 55 23
3 37 15
3 65 40
7 46 27
4 18 30
13 28 25
9 1 32
8 37 35
12 3 18
12 44 9
13 42 37
16 61 7
4 61 4
2 7 29
4 30 2
8 45 13
5 29 31
7 28 34
12 46 12
9 64 11
7 53 2
11 2 6
11 21 26
12 9 12
5 37 20
15 32 17
13 17 19
5 56 31
3 51 39
15 13 15
5 66 20
7 40 13
2 26 6
9 64 29
9 60 17
11 38 3
1 61 36
10 34 27
10 32 36
3 29 16
1 60 28
2 25 38
10 54 25
15 54 9
8 28 13
7 12 6
5 6 39
14 26 14
2 37 1
17 49 19
2 30 22
14 59 29
1 55 30
17 28 10
16 2 13
16 31 21
1 52 29
2 44 26
6 17 35
9 32 12
1 16 35
12 41 13
7 20 27
10 28 30
6 4 37
12 56 39
11 43 33
3 7 30
6 40 12
16 11 2
1 42 24
4 3 29
17 63 27
4 28 28
16 7 15
1 11 35
12 3 27
12 6 10
17 3 30
10 9 27
7 20 11
1 2 15
8 8 36
1 31 25
7 21 30
11 58 37
11 19 18
9 11 32
3 23 28
5 42 20
5 42 10
17 65 17
10 29 18
5 2 22
4 27 37
5 51 29
3 40 36
10 27 16
6 48 9
3 45 5
16 8 1
17 41 16
12 5 40
9 40 36
14 43 32
14 6 1
16 7 13
6 43 31
15 60 4
5 34 1
13 24 10
13 19 12
6 4 33
16 51 5
4 29 32
15 37 30
9 46 32
7 16 5
1 15 6
13 27 31
4 39 35
8 11 10
8 38 17
2 37 17
11 13 24
1 39 38
10 60 12
4 56 32
16 49 29
4 29 13
15 26 39
12 56 21
17 49 20
1 28 13
11 50 4
11 55 22
12 48 6
12 26 34
9 39 37
11 45 6
9 14 21
1 26 12
12 38 16
16 34 18
4 19 29
15 42 1
13 52 27
8 35 25
1 65 37
5 25 1
12 14 30
3 4 35
2 65 23
1 59 2
5 44 36
13 40 6
13 27 8
5 57 9
16 63 24
2 28 7
14 56 34
13 38 36
1 5 16
8 4 19
15 4 6
6 52 14
2 15 17
12 24 33
16 34 30
9 30 34
16 32 24
2 27 17
1 47 24
14 17 16
7 31 24
16 18 36
2 18 37
17 57 33
12 56 33
8 14 30
8 62 39
6 28 7
14 6 18
14 8 8
7 36 3
17 50 12
17 64 20
14 52 31
8 45 28
9 16 30
16 13 7
8 21 3
2 58 38
10 52 5
11 8 17
1 54 31
17 17 17
12 64 12
17 7 37
16 19 17
15 25 38
1 65 3
13 7 25
3 57 40
13 35 29
10 52 40
12 6 32
12 33 23
2 13 39
6 55 3
3 22 9
2 9 36
16 18 40
10 33 34
8 62 15
17 39 36
7 27 18
13 45 12
17 31 18
12 23 31
5 11 22
5 42 22
10 64 32
15 18 25
5 36 24
8 5 6
10 45 33
2 6 7
11 38 39
15 11 37
1 54 36
5 13 39
9 29 8
8 5 26
9 47 8
1 24 21
8 12 15
9 41 10
15 8 23
8 35 18
1 28 30
13 58 16
10 11 29
16 5 39
5 27 15
6 37 34
12 52 29
15 24 16
17 50 15
5 29 15
10 43 22
14 39 8
12 53 16
12 29 19
7 43 8
5 5 30
13 52 9
6 28 29
3 65 19
4 54 4
5 64 3
16 24 21
3 39 21
6 13 19
2 43 4
2 13 2
15 18 35
5 11 3
1 55 24
9 29 4
14 23 22
6 25 30
1 8 19
1 32 6
8 46 22
8 43 28
10 9 18
11 34 14
15 53 10
8 39 13
17 55 5
6 55 39
17 28 29
11 50 5
11 41 32
11 46 31
16 25 15
7 53 19
16 27 9
5 6 3
13 46 35
10 57 29
13 11 14
10 48 8
14 40 16
9 23 10
2 65 24
5 38 14
3 28 6
15 32 33
12 56 28
12 17 40
14 31 3
17 7 10
10 64 6
9 34 17
10 26 40
2 31 1
2 57 17
2 41 5
7 42 2
1 13 9
14 27 5
2 5 6
8 16 33
5 2 12
14 32 6
1 37 30
8 62 20
13 31 20
1 3 20
4 1 35
1 48 1
1 7 10
5 52 32
9 2 2
2 40 12
5 21 40
7 59 15
13 43 30
3 50 15
4 38 37
14 36 16
13 1 27
7 10 6
11 42 38
15 22 36
14 61 2
5 35 10
7 18 13
14 55 12
15 5 40
12 66 17
11 39 37
4 27 16
16 36 10
14 32 20
7 57 12
1 64 30
10 62 35
17 63 35
12 54 36
13 20 38
12 37 21
13 4 17
15 51 19
14 58 35
4 26 29
9 33 16
2 19 3
13 12 32
9 57 21
8 25 37
1 12 25
11 17 39
13 26 14
7 23 21
2 39 39
2 30 39
12 31 3
4 25 28
12 30 8
13 52 16
16 65 19
3 35 9
12 47 39
5 45 22
2 35 39
3 8 23
2 31 23
13 29 10
6 34 38
9 19 13
14 30 4
11 17 25
4 31 26
6 3 18
14 6 22
15 38 1
9 23 12
8 29 23
17 4 2
7 56 27
6 49 2
5 38 17
4 16 20
1 37 34
15 54 1
6 50 7
8 39 27
9 8 27
8 64 19
7 32 16
12 49 15
13 52 31
9 23 27
17 60 10
4 21 10
17 14 29
13 37 19
11 37 19
7 48 2
17 37 13
15 57 24
8 49 25
6 8 8
3 4 28
4 9 39
15 52 38
9 7 40
5 8 17
1 4 12
10 64 38
17 30 24
3 28 29
13 8 7
11 59 21
12 52 9
7 54 15
12 59 7
17 46 35
12 43 2
2 25 29
2 32 38
17 12 26
9 20 32
13 18 4
1 38 22
8 13 37
2 32 38
8 32 8
12 47 37
1 53 2
11 7 33
3 58 18
13 62 3
8 59 13
4 19 20
13 62 39
2 2 11
9 58 36
6 55 5
9 1 34
6 53 38
15 37 33
6 65 21
8 31 32
1 47 30
13 27 31
13 7 12
13 65 31
13 56 22
6 8 9
10 61 13
1 43 28
11 4 4
15 37 37
2 57 7
14 30 34
15 3 13
2 30 17
7 25 33
2 2 30
14 19 5
13 54 20
9 6 4
15 49 7
17 48 8
6 24 33
16 1 7
3 23 26
13 29 23
15 22 27
10 41 15
16 35 36
16 49 35
6 22 28
4 48 5
14 18 36
17 59 23
7 11 24
7 14 10
8 39 19
4 26 14
10 58 29
2 42 36
2 66 40
6 30 35
7 24 11
6 16 20
12 54 16
15 64 5
12 39 28
6 18 23
4 27 28
11 48 22
16 14 27
14 42 21
4 30 19
11 14 26
6 10 23
2 1 15
3 24 1
15 26 35
17 53 10
10 47 13
8 26 21
8 64 29
12 1 27
13 31 30
10 57 37
3 49 15
15 1 35
16 31 36
14 5 25
11 56 23
12 20 6
11 21 19
8 50 31
11 22 8
2 32 19
2 8 4
15 6 35
12 38 39
14 30 5
7 53 25
17 13 38
17 52 22
3 5 22
1 65 22
10 45 13
7 37 14
12 24 27
16 64 18
7 30 36
2 64 31
16 65 29
3 11 22
10 52 25
12 45 16
11 11 1
16 6 21
16 19 2
4 18 8
3 37 18
1 35 1
15 16 33
6 22 24
12 65 15
16 14 16
14 15 11
1 36 34
15 25 37
5 63 27
2 13 32
9 29 37
9 14 4
5 36 38
4 33 13
6 61 30
13 7 3
13 50 8
15 5 28
8 37 15
2 5 26
3 10 16
8 23 35
16 48 20
10 24 10
14 62 1
10 35 5
4 48 9
13 45 3
3 17 24
14 4 9
9 3 39
2 33 39
16 36 7
1 5 6
14 32 5
16 53 4
14 2 13
5 55 15
7 49 25
11 2 22
13 19 34
6 46 10
7 9 21
3 62 3
12 44 16
1 30 8
10 63 35
5 5 39
7 15 3
17 15 26
4 21 35
1 37 17
15 12 30
7 15 2
2 26 12
14 8 40
6 17 26
10 34 4
11 24 25
9 36 8
17 16 15
13 62 31
7 59 15
17 2 7
12 36 33
4 51 19
8 8 11
12 16 3
11 59 6
6 27 15
7 16 30
7 60 37
4 12 29
11 20 5
17 6 19
12 31 32
3 6 1
2 10 18
4 1 25
2 24 9
11 57 25
2 49 28
5 12 9
14 41 28
5 13 19
2 11 38
5 57 32
6 26 24
3 16 1
12 33 9
14 17 34
11 50 12
12 6 3
2 58 20
13 64 39
11 48 5
1 10 27
11 66 38
9 26 37
3 60 22
12 35 1
4 46 4
3 7 23
14 24 29
10 66 36
6 51 32
11 51 24
1 34 27
14 44 36
11 50 16
9 40 36
8 61 16
2 9 19
11 48 22
4 64 28
2 25 18
15 10 14
9 55 29
17 30 39
14 42 22
6 47 18
10 2 21
13 46 1
10 36 13
14 6 22
8 22 38
2 4 15
17 28 34
5 28 12
14 29 29
1 9 14
8 22 36
14 46 35
3 16 4
6 33 14
14 12 21
5 23 20
17 64 38
10 63 37
12 1 26
13 44 40
9 59 14
2 10 11
11 23 20
11 38 13
10 24 36
3 22 3
12 3 27
9 22 14
7 25 22
7 21 38
16 27 4
10 25 12
12 41 12
2 12 22
8 61 5
7 18 17
8 49 31
12 6 3
1 39 13
9 12 39
13 35 3
14 20 4
16 1 21
7 66 38
9 24 13
7 16 20
6 25 25
5 23 31
11 15 24
8 31 12
13 47 1
14 45 16
6 15 2
12 34 31
9 22 38
9 3 33
8 60 23
5 37 27
5 14 18
9 21 17
2 42 11
16 15 21
2 15 16
14 11 21
13 18 14
15 6 22
15 26 22
9 30 14
8 14 23
13 59 3
17 52 18
14 17 32
10 35 23
10 61 3
1 46 1
10 45 29
5 36 32
17 49 39
13 23 9
13 8 23
6 58 18
4 2 36
17 5 32
17 34 30
5 21 25
6 2 28
1 17 33
14 22 35
4 46 2
9 27 27
4 13 10
14 61 25
13 41 17
16 29 20
4 58 27
11 53 18
5 11 18
5 46 30
8 58 34
8 17 24
1 38 33
10 18 3
1 28 24
6 20 2
1 54 26
6 5 1
13 64 23
16 1 3
15 62 31
11 2 36
15 5 40
13 34 16
17 11 18
14 21 9
8 20 2
11 31 37
13 55 31
8 38 39
8 5 14
12 60 39
17 46 37
14 23 17
6 49 17
13 41 11
10 5 11
3 5 20
10 51 35
4 48 32
14 41 40
10 32 20
5 66 8
9 40 39
4 41 6
16 20 32
16 53 4
13 43 29
11 21 14
4 15 40
3 63 27
13 39 24
3 11 40
15 6 20
17 54 26
2 4 22
4 20 28
14 29 14
17 54 31
13 63 1
9 54 37
9 1 23
6 30 28
13 1 7
1 4 37
6 66 16
4 61 40
15 8 16
11 35 16
8 29 5
2 44 19
8 12 39
10 20 40
17 37 5
11 35 21
12 18 26
5 40 33
12 54 25
12 22 6
17 34 22
10 26 16
6 55 12
8 30 38
8 8 14
12 28 8
6 35 8
8 56 37
14 19 19
15 52 18
11 33 7
2 46 27
9 10 22
15 25 2
14 56 7
1 13 37
4 61 31
7 4 2
1 55 4
16 21 32
14 9 29
8 27 8
9 56 2
2 42 21
5 37 28
5 48 12
14 33 16
4 10 28
5 58 33
10 62 17
13 14 14
14 5 1
2 24 34
12 52 15
17 6 26
16 12 15
9 25 23
3 51 40
7 23 3
3 38 31
8 9 21
8 3 20
10 33 14
7 45 24
17 6 35
7 34 17
8 9 8
10 54 12
10 35 34
4 18 37
11 5 9
3 27 22
1 34 17
11 35 38
14 36 26
14 17 1
8 4 26
12 59 1
14 18 19
4 26 33
11 60 38
16 15 36
6 34 10
7 32 15
10 46 7
13 62 12
3 4 18
5 21 26
1 26 40
4 42 34
11 5 21
7 58 33
1 49 32
16 14 28
8 30 40
13 13 32
3 57 37
15 18 29
13 44 39
5 31 31
4 7 20
13 59 16
6 62 13
3 18 23
17 39 22
11 45 36
8 62 31
8 4 14
3 31 25
8 23 10
15 36 33
2 62 33
8 15 34
13 35 34
5 39 24
17 30 33
8 57 27
13 35 17
3 64 20
6 19 36
6 60 5
5 48 18
3 8 3
4 39 40
15 25 14
12 15 35
7 53 2
17 48 33
6 15 2
15 5 19
11 21 9
7 5 27
12 25 26
7 31 22
11 1 17
15 31 21
5 45 20
15 46 31
4 4 28
12 14 9
5 26 33
6 22 40
12 10 25
5 65 14
3 44 24
3 55 33
11 51 1
5 35 39
6 19 3
14 12 7
10 47 33
16 56 21
3 5 37
4 64 6
8 23 26
11 29 22
14 49 24
15 17 31
12 64 22
3 29 17
7 21 16
11 25 24
12 50 31
3 46 33
16 56 4
16 51 31
9 2 3
6 16 15
7 2 29
4 32 15
15 22 22
14 32 29
15 32 12
9 16 19
5 57 9
2 5 31
9 59 37
8 51 12
12 35 22
17 29 15
5 60 31
15 39 19
11 52 31
14 23 17
13 29 25
8 61 36
4 62 35
5 4 8
14 29 39
17 10 25
3 21 16
2 65 29
15 43 9
3 35 10
14 23 22
13 13 27
13 20 26
7 63 6
8 47 21
15 61 31
11 52 33
11 39 19
14 31 27
14 29 23
11 12 33
7 27 15
1 27 5
6 4 24
10 40 31
14 45 18
4 43 20
13 57 3
13 54 5
8 46 10
3 17 18
8 16 15
3 7 38
13 18 8
15 32 31
7 20 21
13 42 35
10 27 16
14 16 15
9 45 31
16 29 24
7 58 1
14 20 29
2 4 37
13 40 26
13 60 5
6 3 13
8 38 21
17 27 31
16 54 6
17 50 20
3 58 28
11 32 39
9 64 34
9 44 32
11 17 5
12 60 5
1 50 23
14 25 40
16 29 2
7 13 5
7 20 8
2 7 11
1 63 26
5 18 21
8 43 19
9 22 27
16 56 33
5 13 32
6 10 40
4 35 4
4 51 11
6 5 16
3 11 10
15 4 9
5 42 8
6 54 29
15 65 16
1 43 1
8 63 16
8 12 15
15 9 2
16 35 21
6 36 5
16 5 11
9 9 7
4 17 10
3 3 6
3 62 2
2 45 18
7 2 20
4 3 12
5 33 9
6 52 31
9 52 36
14 55 1
10 54 13
10 47 21
8 12 15
15 66 33
1 51 32
6 36 1
15 1 27
2 10 17
8 61 21
4 7 23
6 1 17
12 28 1
17 27 27
2 58 3
12 37 6
12 41 7
2 8 5
14 61 4
1 53 25
3 6 37
6 49 37
13 46 6
17 13 13
17 32 6
12 52 4
7 14 4
6 52 23
2 16 31
6 59 19
17 10 22
12 7 10
3 36 34
5 24 32
5 26 17
5 61 18
1 51 3
8 25 3
9 26 11
6 29 12
9 5 12
11 21 10
7 21 36
12 24 7
1 51 7
17 57 34
14 48 39
14 4 17
13 28 35
3 65 6
17 26 20
6 23 24
9 16 27
8 61 17
14 42 21
17 65 29
17 24 25
6 39 31
4 21 33
12 44 3
11 7 36
2 57 31
17 20 24
13 10 1
10 34 19
2 28 34
12 37 21
15 49 2
13 14 10
17 7 39
12 58 13
14 40 6
10 26 11
7 56 3
14 26 19
17 20 35
2 49 4
14 30 17
2 39 17
1 63 14
5 7 15
13 43 20
12 13 33
5 59 34
9 16 34
7 39 30
9 11 24
12 54 39
15 27 29
12 66 18
4 21 15
5 57 15
12 14 5
8 17 27
13 38 16
2 51 8
14 51 39
12 57 12
17 46 30
3 32 27
4 64 36
10 7 5
5 52 13
11 48 25
12 56 26
12 57 20
5 19 9
2 26 4
2 15 29
14 22 15
1 66 1
14 62 35
15 17 5
14 46 26
3 31 20
15 36 22
13 39 33
17 26 21
2 60 14
9 6 28
8 50 39
5 52 15
2 29 21
12 18 6
2 59 32
2 22 38
14 33 31
13 1 38
4 1 38
12 43 18
7 6 6
12 16 16
13 8 16
13 55 34
13 47 40
12 5 30
13 43 30
10 16 13
11 61 15
1 19 9
16 25 16
15 51 11
1 66 36
12 26 17
15 31 9
1 12 9
2 62 17
14 36 30
12 64 31
17 63 26
10 27 20
5 11 9
2 46 20
3 46 1
4 35 27
3 16 39
7 49 15
11 17 40
4 56 7
17 65 30
6 55 31
16 50 1
16 2 29
13 10 9
9 16 4
17 34 33
5 51 8
7 55 35
4 26 4
11 29 5
2 5 14
8 37 15
2 13 9
10 50 22
4 11 39
4 13 6
15 48 25
6 51 3
5 24 37
7 15 4
11 28 3
14 36 3
4 50 39
3 23 16
16 42 13
15 45 28
8 7 1
7 41 23
9 27 28
12 52 40
6 59 7
9 61 32
17 20 39
17 26 12
2 28 17
5 36 32
6 49 34
10 62 1
5 23 8
5 18 24
7 9 35
7 47 35
5 34 34
3 63 28
10 28 19
8 50 1
10 5 26
3 1 16
1 11 33
5 7 21
6 16 38
6 20 17
10 56 36
6 62 34
14 43 29
12 12 25
3 23 39
10 14 12
15 33 26
8 7 6
15 37 27
6 9 24
12 61 13
6 35 22
13 52 34
13 29 20
13 39 21
15 22 9
15 26 21
10 23 35
9 14 30
14 4 37
5 47 26
4 44 37
2 22 8
13 45 33
16 50 17
8 53 25
13 63 34
9 46 19
15 56 20
3 17 33
2 48 18
10 14 37
8 44 37
4 32 15
10 36 23
8 59 6
4 28 13
8 63 18
2 31 40
3 45 35
15 11 7
12 14 27
6 4 2
9 33 25
5 61 19
9 13 15
11 21 5
15 32 12
2 16 5
4 53 25
9 59 4
3 62 31
7 28 14
4 1 8
4 38 40
4 13 18
15 6 11
17 51 13
13 37 35
9 64 24
4 6 24
13 47 38
12 55 3
16 62 14
14 50 21
1 33 38
12 10 19
5 14 28
12 3 27
7 45 29
13 55 32
1 29 33
6 3 4
2 66 25
2 15 1
12 21 38
17 64 31
1 20 6
10 12 37
17 65 34
15 38 39
3 37 4
17 13 10
15 40 23
1 54 19
15 40 26
9 9 39
4 1 21
1 20 20
13 61 16
4 22 4
1 27 10
8 47 24
1 21 26
6 55 6
12 66 21
9 44 38
15 58 25
15 9 36
11 21 7
6 60 4
14 25 15
17 38 32
9 42 1
6 36 33
1 16 20
11 34 25
1 26 6
9 20 38
6 62 26
8 6 12
16 58 18
12 22 39
4 56 22
11 7 26
1 54 11
12 53 25
14 44 39
1 56 2
2 62 12
14 1 10
3 48 36
5 54 16
16 37 23
1 56 5
9 47 27
5 62 29
6 36 8
13 7 1
9 62 7
4 4 28
4 9 31
3 34 2
15 44 40
11 65 8
6 62 34
6 42 30
12 27 32
3 38 29
12 22 2
11 16 7
15 21 26
2 4 27
7 40 10
3 41 20
12 57 36
3 58 37
5 51 16
10 5 4
9 24 20
15 57 31
10 29 32
10 53 8
15 61 18
1 21 5
2 31 5
4 51 25
1 57 9
14 19 5
11 63 40
3 37 36
4 38 17
12 43 34
16 53 14
14 39 12
14 27 30
3 14 3
3 2 18
9 7 11
12 52 7
12 36 29
12 33 29
9 6 18
17 25 20
8 24 37
7 43 6
2 37 9
5 1 40
10 19 2
8 48 27
12 40 1
10 35 17
11 20 38
10 17 26
1 39 18
11 50 2
7 49 10
9 20 36
17 9 18
3 59 33
11 5 23
2 35 29
11 20 3
4 38 32
1 14 34
15 29 33
11 57 33
14 44 20
8 3 3
12 17 33
4 7 33
15 1 26
9 64 31
5 57 16
10 28 33
16 47 5
8 48 13
11 21 11
6 26 14
13 25 20
14 24 23
5 62 21
2 38 17
8 47 13
16 3 13
3 30 37
5 13 35
5 39 21
1 55 31
8 20 23
7 20 7
4 12 11
8 66 3
11 26 36
16 38 32
8 17 4
16 24 1
15 11 5
6 1 13
10 52 25
1 53 18
9 56 29
17 61 12
10 41 35
2 6 13
7 66 3
2 39 30
5 51 40
5 66 18
6 61 20
8 48 3
9 31 26
7 4 14
12 44 6
17 33 34
13 26 29
3 62 38
1 27 15
6 23 24
17 46 33
1 34 13
3 66 40
17 6 3
17 43 36
2 62 27
2 55 22
11 3 24
4 20 20
9 1 13
1 21 10
1 61 33
12 55 24
9 45 12
14 1 3
10 64 28
1 7 34
14 29 36
2 33 36
9 38 30
14 27 28
12 56 26
1 3 18
3 11 7
15 13 16
7 34 7
7 47 24
15 32 36
3 40 6
12 10 14
14 24 40
12 47 26
1 18 35
3 37 3
12 43 38
8 42 36
9 29 2
7 61 33
16 41 7
9 30 3
8 61 38
13 36 12
13 64 17
8 7 14
16 11 10
7 11 2
15 41 21
4 1 38
4 64 26
5 34 6
17 30 9
13 65 16
3 31 15
4 60 17
17 10 24
8 8 3
17 10 1
17 17 2
5 60 9
16 62 17
5 38 10
2 48 10
14 65 23
8 22 7
6 50 20
17 34 35
13 60 4
16 40 40
7 42 40
11 15 4
15 61 3
1 42 40
2 11 25
14 20 9
10 47 34
15 36 11
17 30 39
11 58 5
2 59 12
4 50 5
8 15 24
13 60 1
14 19 25
12 24 14
8 52 30
10 2 13
11 33 28
7 58 40
11 1 24
13 55 18
7 4 18
10 22 23
3 57 12
13 34 14
8 20 33
7 15 18
15 27 24
13 53 28
7 50 10
14 37 21
14 26 27
3 62 2
1 5 36
2 45 24
10 38 30
11 19 23
14 41 14
5 36 17
8 44 14
6 30 2
1 32 14
15 37 27
15 4 26
1 33 14
9 58 12
4 50 34
8 30 8
9 58 1
5 10 18
1 63 13
13 24 38
9 47 32
10 5 24
16 27 11
8 36 38
9 20 21
3 61 18
11 21 22
9 5 32
17 10 9
5 48 36
9 45 40
4 19 11
7 33 19
13 63 12
2 25 6
15 1 24
17 8 31
5 34 22
1 3 34
12 40 39
16 57 25
17 51 23
7 29 7
13 50 37
5 3 25
7 52 28
4 28 15
7 11 7
14 47 20
1 24 13
8 40 17
9 41 38
9 17 19
17 22 6
3 28 5
13 49 40
3 9 3
3 24 30
14 38 4
17 16 39
11 16 29
13 24 37
3 42 1
6 57 17
12 49 31
5 26 5
3 62 31
8 53 37
8 21 5
14 31 5
13 4 22
8 30 21
14 59 15
7 22 21
8 23 10
2 55 25
2 59 40
10 59 14
2 66 21
15 2 34
7 29 30
1 14 31
2 46 18
11 23 31
7 12 32
11 18 3
11 55 5
15 29 30
2 63 21
2 49 7
15 20 5
9 23 15
11 43 10
9 54 23
9 52 20
2 32 8
1 66 25
10 57 23
11 60 21
14 2 11
3 42 2
12 37 14
2 30 27
8 48 1
5 59 16
2 53 5
10 46 20
14 34 3
8 4 20
12 12 3
1 44 7
4 29 36
1 63 17
4 24 27
12 51 26
12 43 26
1 3 13
17 24 27
2 8 4
17 32 18
11 33 9
2 44 18
9 62 19
15 22 32
3 60 1
10 59 31
6 38 26
17 28 1
8 40 38
12 34 32
15 27 27
15 19 40
15 61 17
1 58 36
7 56 32
8 25 21
2 48 10
5 55 36
1 5 3
13 26 7
16 33 26
12 52 10
6 53 37
14 22 31
1 45 39
9 15 35
14 25 30
1 64 30
5 9 22
17 9 13
1 59 2
5 52 35
2 24 29
4 31 28
3 50 10
12 26 3
13 66 3
3 12 21
11 13 33
12 9 39
15 34 3
12 25 25
6 35 13
3 25 8
10 62 19
4 51 1
1 60 21
1 15 33
5 7 8
16 31 7
1 19 10
16 23 34
16 40 8
7 23 19
1 44 29
13 42 2
2 24 37
5 20 7
5 39 26
14 3 15
13 37 23
11 41 34
5 16 36
9 62 15
10 30 37
16 33 36
4 11 22
2 9 32
5 61 2
17 33 30
12 36 2
14 62 8
7 19 6
14 53 23
14 5 6
11 35 39
17 47 24
16 24 25
3 54 16
8 37 26
9 66 29
9 40 31
14 44 8
13 48 3
15 66 5
9 37 19
16 34 29
1 64 38
14 10 19
8 49 17
8 61 13
16 11 16
6 39 15
14 63 31
3 23 21
7 62 2
11 34 34
11 58 26
8 65 20
8 50 11
6 45 21
3 40 10
15 22 9
3 49 32
13 14 31
10 15 9
14 34 20
3 49 3
10 59 22
7 17 4
14 65 35
14 5 35
6 28 14
16 51 31
7 30 11
5 49 36
11 38 34
13 66 6
4 61 25
10 39 16
16 57 7
12 16 39
13 23 5
16 45 33
13 15 37
17 17 7
7 23 36
7 12 10
5 5 17
3 23 2
17 9 19
6 44 33
13 25 11
10 9 36
16 36 14
17 12 31
8 55 2
13 6 24
9 9 32
5 23 22
13 35 1
7 40 35
8 3 33
7 63 4
1 28 17
10 14 28
8 45 12
17 14 30
6 49 34
7 9 40
8 14 34
14 40 3
5 41 5
12 6 14
15 39 3
7 45 34
4 1 1
4 50 18
13 29 23
14 52 5
11 33 23
12 31 3
12 33 27
2 19 9
10 40 37
4 52 8
7 6 1
8 65 12
6 33 24
16 9 5
13 36 37
15 63 39
16 66 10
7 23 26
1 3 39
10 24 25
10 20 21
16 12 30
5 8 9
15 25 4
3 65 18
12 47 30
14 21 16
4 28 29
13 37 7
10 37 1
10 52 29
5 1 36
8 15 35
6 13 25
11 11 21
15 6 29
17 29 25
10 2 32
1 4 30
1 3 16
2 12 35
11 49 2
8 47 11
13 29 8
2 29 5
12 53 19
2 20 9
5 33 22
15 16 40
17 43 26
6 1 35
4 64 11
12 12 37
1 26 16
2 40 39
4 15 16
14 40 28
7 20 6
15 58 24
9 34 40
7 66 19
8 30 29
4 14 38
15 37 6
3 7 12
11 28 30
17 10 35
11 23 5
1 25 38
15 43 15
1 20 36
11 50 18
2 61 19
1 24 25
14 13 24
14 24 31
2 55 39
2 66 38
13 63 18
14 41 32
13 14 32
6 50 6
9 38 38
10 63 40
5 43 10
9 59 14
14 28 24
9 50 38
12 52 30
5 7 7
17 26 15
11 18 4
4 41 13
16 66 28
10 28 7
6 41 5
6 32 5
7 18 22
7 56 15
6 59 36
13 36 29
10 52 31
6 57 7
5 7 35
13 60 13
12 13 30
1 49 8
1 4 31
14 20 6
2 2 39
15 11 3
6 19 10
2 39 12
7 61 13
12 2 34
14 3 6
7 56 23
13 2 20
11 15 26
12 52 22
16 55 15
2 64 14
11 59 26
9 17 3
9 9 9
11 62 20
7 37 34
10 52 26
3 43 26
4 48 16
12 44 30
12 18 32
14 1 6
13 52 7
15 23 32
13 31 2
2 55 40
10 3 14
1 40 24
12 50 26
11 39 18
11 59 35
16 11 38
2 42 22
10 52 6
11 44 11
11 34 39
6 1 24
14 43 21
5 51 12
5 59 33
8 52 33
3 47 27
16 55 17
13 45 38
6 48 8
6 4 5
6 56 31
14 60 6
4 53 1
2 26 18
14 17 20
9 24 15
1 56 28
16 6 30
5 24 9
4 34 5
12 64 36
5 43 37
15 36 5
11 6 13
11 6 3
2 30 35
5 44 37
14 34 2
13 7 28
2 6 31
13 22 15
2 35 20
8 17 24
7 12 37
8 18 17
6 62 33
4 8 11
13 57 5
9 9 5
16 22 14
1 14 20
8 46 40
2 49 18
11 49 35
13 59 14
1 26 25
2 32 10
5 39 14
17 34 34
1 62 40
9 18 40
17 47 19
8 52 40
2 32 20
10 47 28
13 46 40
11 2 28
6 60 14
4 18 25
6 63 21
17 54 27
8 12 27
3 51 32
6 42 10
8 46 8
11 38 15
5 37 21
13 59 18
9 25 13
6 10 37
16 51 17
3 5 23
3 37 30
14 40 26
15 63 7
1 25 26
1 12 14
15 50 40
7 2 1
6 54 27
1 51 10
17 26 8
5 9 32
12 26 20
4 45 27
4 53 19
2 1 29
10 33 25
11 57 9
8 40 22
7 29 6
4 46 3
15 9 5
13 54 35
17 26 13
3 30 10
1 61 31
1 63 16
14 46 12
13 10 2
15 13 25
10 15 14
11 2 31
10 17 22
4 10 23
11 64 31
2 12 38
6 33 14
4 33 7
6 58 29
15 42 3
5 25 29
14 60 15
2 10 23
4 46 15
9 7 26
3 52 24
8 52 26
12 31 15
1 54 6
3 40 21
14 36 10
9 63 10
14 55 19
17 36 20
7 53 25
16 28 16
9 58 7
5 41 35
8 44 20
6 61 38
12 62 4
11 1 29
16 64 27
11 3 34
16 12 36
16 18 33
17 38 10
14 57 39
4 49 34
7 20 23
2 37 5
7 38 25
14 55 39
2 42 5
12 9 24
10 9 17
9 38 35
3 48 16
7 66 31
9 9 10
9 12 5
10 37 12
12 65 22
2 4 7
9 65 16
5 54 9
2 15 15
1 22 20
5 36 10
16 11 15
16 54 34
2 21 28
13 37 3
17 27 36
4 22 4
14 14 14
6 9 37
10 60 9
5 48 25
12 52 36
5 35 37
4 63 16
14 18 31
12 19 18
12 41 38
9 50 3
13 2 30
7 56 15
4 7 30
6 55 29
4 17 25
3 52 6
16 30 37
10 7 31
16 44 29
17 18 40
6 25 21
10 18 16
13 60 36
1 45 23
8 42 15
2 36 23
7 64 34
5 33 22
6 66 27
15 26 8
12 21 3
15 10 3
7 43 33
11 43 8
13 44 2
12 60 3
5 8 16
5 14 5
16 56 33
3 13 19
10 57 18
5 15 33
3 19 7
3 15 8
5 15 24
11 49 19
16 56 15
13 55 22
14 17 34
3 55 27
11 13 39
13 19 5
8 58 29
4 34 20
10 7 34
9 6 39
5 49 17
6 34 3
4 11 9
4 48 20
13 36 40
15 10 39
2 21 30
16 44 17
14 8 38
17 60 4
5 5 8
15 31 17
9 61 27
11 62 38
3 14 24
16 60 26
16 31 4
4 28 31
2 8 38
14 60 30
7 37 2
8 11 10
6 58 15
12 37 34
16 44 31
12 58 23
15 51 32
11 13 4
11 40 31
17 11 14
3 31 17
9 31 15
15 13 34
11 63 12
2 11 8
9 6 36
10 61 15
2 64 10
8 38 33
4 6 35
13 34 25
16 26 23
3 57 25
17 20 4
10 7 14
1 5 31
17 37 16
2 34 12
4 35 39
1 43 40
3 62 13
6 9 6
9 63 34
14 66 1
4 60 38
7 34 15
2 5 38
3 28 12
14 4 10
13 1 24
1 31 5
17 6 24
14 19 14
11 36 10
15 33 24
14 35 33
8 63 2
4 11 35
13 31 7
10 24 30
5 64 22
17 57 38
11 31 39
13 53 7
9 19 13
3 33 35
16 26 7
4 64 31
6 42 25
4 21 16
3 58 22
16 61 22
13 64 20
10 30 22
5 59 29
12 34 11
10 60 21
6 16 5
17 27 36
16 42 32
4 29 27
4 23 29
1 18 37
4 46 4
14 62 40
1 40 12
15 2 4
4 41 21
11 30 31
3 46 12
7 46 36
4 38 38
5 5 36
9 23 13
11 35 3
5 49 7
15 13 21
1 13 12
9 9 13
3 50 38
12 25 2
3 40 13
15 64 2
1 64 34
13 6 13
2 38 4
14 8 32
9 3 2
5 25 3
5 12 10
5 35 34
5 46 3
17 28 27
17 26 20
16 51 14
3 35 31
2 39 37
15 33 13
5 6 27
10 25 10
13 36 4
11 44 34
6 4 23
17 12 16
11 28 9
2 58 6
12 52 16
2 1 35
14 43 29
13 47 23
12 45 26
1 9 5
8 45 19
17 55 31
2 1 33
1 35 13
2 1 19
13 38 4
10 32 38
2 44 23
15 51 31
5 58 14
9 58 8
15 6 19
17 18 8
9 10 27
14 16 10
12 14 25
4 12 25
15 61 8
4 7 5
5 13 22
13 21 31
8 39 16
8 59 16
9 2 16
8 2 38
2 7 28
2 36 19
10 66 33
15 44 38
12 56 13
5 57 25
2 25 4
5 38 18
6 3 39
2 15 4
15 54 19
16 39 33
3 21 23
12 11 25
5 20 37
11 7 31
15 31 13
9 29 12
14 17 10
8 3 3
17 60 32
1 7 33
17 32 2
7 42 13
4 56 13
16 4 22
10 24 34
2 36 39
13 4 19
16 49 25
8 30 31
13 10 25
5 34 11
13 31 30
6 26 23
1 22 16
16 35 29
17 59 1
17 36 1
2 31 21
14 25 1
7 38 36
10 23 39
17 29 3
6 3 33
4 65 37
16 4 38
3 58 21
11 18 15
8 57 21
6 27 6
16 45 22
13 62 15
13 57 33
4 38 16
17 19 13
14 24 1
6 20 22
9 59 30
16 29 3
1 31 9
13 57 26
14 45 40
15 23 5
17 19 9
13 53 32
1 11 19
1 4 8
10 42 3
3 29 12
2 65 3
15 55 15
14 5 29
2 35 15
17 61 7
4 57 22
14 23 22
2 3 27
15 44 26
10 17 2
6 55 8
4 59 19
11 38 27
6 30 13
10 31 20
7 24 29
15 58 27
3 43 17
9 40 19
16 30 16
8 44 21
2 44 27
3 9 17
13 64 19
13 31 27
5 48 9
8 22 20
4 65 28
8 51 34
4 12 18
10 5 8
9 58 38
10 3 18
5 63 21
10 35 17
5 13 7
12 62 33
6 62 15
1 19 39
16 43 5
2 26 20
12 30 23
10 1 20
11 3 26
2 64 5
7 47 29
16 64 24
17 14 19
14 48 30
14 24 23
13 4 28
8 46 31
9 61 2
10 36 30
11 33 34
5 16 7
5 4 35
12 32 17
9 42 1
10 23 29
5 36 17
10 50 19
8 12 23
7 61 9
1 5 16
11 8 8
7 45 5
10 44 9
7 54 35
3 57 31
15 57 14
3 28 21
8 3 10
17 22 21
7 36 30
10 35 3
4 37 10
5 49 3
14 35 18
5 30 4
6 36 18
11 25 39
12 3 36
12 14 23
17 52 32
5 38 10
12 48 37
1 40 40
15 26 10
16 45 32
14 52 31
12 15 10
2 35 36
14 39 19
1 18 15
2 31 2
17 47 32
9 55 10
17 42 4
5 43 25
10 58 36
14 41 33
3 38 27
13 48 10
8 17 38
17 27 23
12 40 8
8 27 18
13 57 36
10 64 13
3 41 17
6 36 39
10 16 11
14 29 2
16 31 1
10 62 40
13 16 8
14 13 28
14 29 16
6 13 11
4 29 2
13 18 19
9 56 33
11 18 33
11 20 33
17 41 11
8 33 34
11 39 10
6 17 27
14 34 25
12 40 16
5 21 40
15 20 15
4 55 3
2 28 22
9 13 1
5 3 3
13 58 2
4 57 2
1 66 15
1 7 6
17 27 6
11 7 4
5 36 39
17 51 3
3 56 5
5 54 20
9 35 36
8 15 9
2 47 12
3 52 25
1 12 38
14 64 16
7 23 39
6 22 27
6 60 31
6 18 31
7 24 13
2 62 2
8 61 37
16 35 8
17 19 37
16 62 36
13 24 34
9 26 16
1 57 36
8 3 23
10 51 16
1 41 4
16 11 27
7 37 1
8 37 37
11 31 18
8 24 37
2 27 38
3 38 5
7 1 5
9 22 1
3 28 17
13 40 15
6 4 5
1 42 6
14 47 30
9 50 5
16 27 40
11 50 3
12 41 38
5 12 24
12 5 31
4 56 4
10 65 26
11 17 9
14 51 34
14 5 8
15 37 18
9 27 14
7 8 30
14 13 29
14 5 27
2 46 21
9 30 7
11 27 13
16 4 4
2 12 16
16 50 10
16 18 12
2 66 18
8 33 17
1 59 17
12 20 2
11 63 29
6 12 24
1 4 25
2 9 27
10 33 16
3 25 40
10 5 38
13 49 32
2 31 8
15 54 4
10 22 34
2 35 23
16 57 9
8 18 9
4 61 33
12 61 1
12 39 11
6 41 9
10 59 36
16 7 26
13 57 33
1 65 6
12 36 5
17 33 8
3 31 19
14 1 15
9 9 26
1 1 32
2 7 11
10 58 33
17 50 12
17 25 7
8 13 34
2 32 1
14 30 8
10 48 17
13 35 19
15 17 37
8 36 33
9 5 28
16 53 3
3 30 20
8 38 38
11 50 2
17 39 18
12 46 5
7 8 27
5 41 35
9 15 27
15 32 4
3 36 26
9 27 17
12 24 5
11 4 33
3 63 26
10 12 14
17 39 31
13 40 38
7 19 19
10 15 30
15 49 34
7 11 26
10 63 1
11 65 20
8 3 19
1 56 21
15 34 25
2 26 40
7 23 9
16 13 34
15 23 5
6 21 16
8 56 25
14 15 29
8 30 4
12 12 7
6 62 38
16 38 31
16 26 11
5 35 28
6 55 40
16 66 36
6 42 29
5 48 15
5 18 35
12 39 22
17 45 34
4 28 4
17 9 29
2 42 15
10 46 21
8 6 20
12 56 8
9 10 4
9 45 4
15 27 40
4 47 26
13 65 8
3 63 31
17 45 14
13 62 25
16 37 37
10 60 29
11 19 11
14 27 2
12 38 8
12 12 29
3 46 13
3 59 4
6 58 8
1 44 38
7 43 29
5 26 31
9 64 22
8 62 30
5 50 36
13 32 4
6 43 15
14 41 37
7 8 7
10 8 25
17 52 30
16 17 3
12 11 32
5 53 33
7 46 5
17 12 12
3 64 16
16 19 39
5 31 5
16 38 31
17 22 10
17 16 39
7 32 15
1 46 36
15 60 22
10 28 16
2 15 28
9 19 15
8 24 2
9 13 8
6 22 28
15 4 35
10 66 21
2 4 5
11 44 1
16 17 15
8 61 2
16 47 10
15 8 18
2 62 7
5 64 27
12 41 24
16 61 1
4 7 26
16 43 18
17 13 7
16 41 15
14 1 15
9 34 20
8 33 13
4 29 16
8 10 12
3 62 39
13 64 27
1 32 24
12 46 10
2 13 22
9 53 34
8 36 20
9 35 24
10 55 38
11 13 35
17 28 37
12 16 35
12 10 16
2 4 23
5 40 18
9 25 36
3 16 16
4 25 10
6 20 11
10 37 7
8 41 19
11 43 28
10 36 18
10 43 2
1 50 13
13 44 40
3 63 27
3 48 34
17 5 20
17 41 20
17 41 25
13 39 5
3 65 17
15 40 13
14 8 25
15 66 10
11 36 9
10 31 38
17 2 35
4 6 38
7 56 26
1 64 29
3 54 18
15 20 5
4 8 36
13 57 32
2 48 29
14 27 32
17 29 5
12 57 22
7 54 12
8 2 15
12 5 40
4 26 15
2 24 37
16 65 20
17 30 19
13 17 7
9 24 16
11 43 39
17 59 33
7 58 18
5 33 14
16 20 35
7 4 6
6 46 7
16 7 27
7 54 27
1 15 36
15 48 12
1 11 24
6 5 23
4 4 9
1 40 8
8 56 11
15 45 19
6 28 31
10 33 38
15 47 4
4 16 29
13 25 15
17 52 28
9 48 19
16 33 27
4 23 1
13 40 16
13 23 35
15 27 15
15 22 22
9 56 32
13 56 20
1 7 1
1 41 37
2 52 15
17 55 3
6 57 12
5 24 3
4 27 23
3 32 40
6 41 24
8 15 12
4 48 19
5 27 40
10 13 26
8 4 24
6 59 32
12 28 37
6 25 34
1 28 35
15 14 2
10 39 10
10 23 29
17 37 38
15 53 4
13 62 19
17 5 20
14 26 31
17 24 24
15 51 11
17 19 31
8 55 19
3 53 15
9 44 16
2 45 38
7 49 28
10 1 19
4 25 8
10 58 17
7 32 1
7 20 33
8 10 7
12 35 15
14 14 31
16 27 1
9 30 1
12 49 18
9 49 19
7 8 20
9 65 25
13 31 35
1 63 24
5 23 26
8 41 19
2 52 28
3 6 3
4 26 33
16 56 32
8 23 1
11 12 17
15 61 15
7 46 37
12 7 22
12 46 18
5 5 17
9 40 15
12 60 1
11 23 29
3 26 26
10 60 19
17 13 5
11 23 36
17 24 17
14 45 12
13 3 3
15 57 39
13 31 36
4 59 28
4 49 13
7 55 11
2 8 10
7 64 26
3 60 31
2 6 20
3 31 30
12 21 4
16 33 3
17 53 21
9 6 39
1 10 12
9 13 26
16 12 26
8 1 38
17 41 1
8 55 27
11 38 1
12 19 7
17 23 6
3 5 1
11 4 7
6 4 24
13 22 23
3 14 4
10 32 31
8 18 6
3 18 29
8 63 4
17 22 15
15 47 6
1 59 32
17 31 7
13 45 20
13 49 2
11 18 3
17 23 25
7 18 1
5 48 3
10 60 12
1 50 29
2 37 2
5 57 2
5 6 40
14 57 26
4 63 25
4 11 12
1 28 35
1 31 28
9 2 21
6 22 26
5 15 27
1 25 15
13 15 24
17 6 5
2 20 35
2 38 31
4 33 18
8 63 37
1 1 33
3 31 38
5 5 21
12 40 27
13 18 29
3 10 3
1 22 13
8 21 3
13 8 28
9 38 28
11 44 26
16 36 14
1 59 40
6 4 9
7 60 37
14 53 30
8 52 2
14 11 13
9 8 1
17 32 2
9 30 38
1 61 18
6 44 34
14 66 38
8 8 7
11 14 35
16 30 7
3 11 25
4 57 27
1 3 28
16 58 5
14 24 16
14 29 14
9 47 16
7 56 6
3 7 14
7 55 25
9 57 8
4 57 11
6 40 36
5 9 11
5 56 5
13 49 7
3 24 7
7 57 7
7 66 11
15 65 34
6 65 32
15 55 40
8 10 2
1 26 22
4 38 30
5 3 10
16 2 4
1 42 10
3 66 27
13 47 21
11 60 10
14 18 12
14 40 40
10 31 17
3 45 6
10 60 19
8 35 11
12 14 20
11 23 33
15 1 33
17 49 21
9 54 35
12 54 32
5 57 15
8 53 17
11 43 36
14 46 35
8 5 16
5 62 31
15 44 7
15 42 17
2 38 1
5 46 12
16 18 9
11 57 34
1 9 19
11 45 14
9 9 28
15 63 18
17 16 23
5 10 35
13 60 28
15 31 18
7 7 3
16 42 28
11 12 16
16 11 36
3 64 36
2 53 17
16 17 32
9 36 35
7 3 22
13 59 19
14 54 30
3 48 32
8 21 18
14 64 23
17 20 30
11 61 35
9 30 33
11 39 12
8 48 25
8 65 37
12 35 22
12 50 7
14 43 32
11 24 5
16 58 26
1 14 1
7 10 4
5 45 17
10 60 28
6 58 38
15 34 30
11 50 31
3 31 17
5 57 37
5 11 20
6 34 12
4 3 33
13 29 26
14 57 35
14 5 8
14 19 38
7 25 17
1 46 10
17 40 13
5 44 24
7 39 20
1 55 39
9 52 18
13 19 33
11 59 8
9 43 10
7 52 4
1 23 1
5 17 32
11 29 17
1 3 25
7 20 20
6 22 1
6 16 39
4 64 30
15 23 8
3 62 36
7 15 31
14 56 17
10 31 11
7 2 12
1 31 15
14 63 25
17 26 28
10 21 17
10 22 23
11 56 25
14 66 18
12 16 22
4 64 13
5 44 20
4 3 2
14 28 1
8 11 35
15 35 36
16 4 38
14 35 40
5 6 8
8 34 22
10 6 16
2 29 40
1 45 28
17 12 24
7 22 23
17 1 2
15 44 1
9 19 5
3 3 10
11 24 40
13 52 9
12 40 17
13 34 36
3 2 26
6 57 31
11 1 27
8 41 32
5 3 2
1 44 15
14 32 23
8 44 32
12 57 17
13 19 9
6 35 33
8 58 8
1 38 9
13 51 19
14 9 25
5 19 19
13 28 2
1 56 19
16 42 6
17 30 3
3 56 14
9 56 26
15 51 19
12 40 1
5 9 27
9 29 22
10 18 13
16 57 32
12 46 16
4 33 19
12 38 18
6 16 33
6 12 1
1 17 4
13 1 20
17 58 21
7 15 36
14 40 40
7 21 22
3 31 34
6 16 23
3 17 11
10 47 12
11 48 38
5 60 17
8 9 40
12 18 2
10 38 11
9 9 36
16 14 25
11 11 30
11 12 13
16 47 21
7 1 16
11 34 14
17 3 26
11 62 4
3 18 10
16 16 32
13 66 1
6 31 13
4 54 27
10 6 13
10 50 23
9 45 40
6 1 14
9 41 22
12 25 34
14 62 6
8 57 11
4 34 40
3 5 24
5 38 16
2 34 26
9 20 9
9 18 8
3 37 9
11 48 2
13 34 8
10 60 37
10 30 26
15 41 32
14 29 18
13 43 34
16 46 2
5 12 11
2 9 4
8 57 39
2 51 10
5 48 14
8 2 16
1 15 39
3 60 7
16 28 33
15 42 18
16 7 2
2 26 14
10 52 2
13 51 40
13 11 8
17 39 19
5 46 11
13 35 23
11 47 18
10 5 12
3 60 23
16 61 2
3 45 25
9 55 1
6 63 22
6 59 13
3 19 38
9 21 24
11 27 33
11 5 5
17 51 26
16 47 13
12 65 40
1 66 25
2 37 25
5 65 33
3 45 30
14 8 18
5 17 21
13 63 8
1 19 1
4 31 25
10 64 33
1 56 27
14 29 33
12 56 12
6 2 8
15 60 8
1 38 31
11 50 12
11 23 26
6 66 40
9 14 32
4 61 19
14 9 33
13 22 24
11 34 16
14 39 31
13 38 20
2 59 9
7 2 36
7 17 40
4 5 7
3 8 28
6 36 8
15 52 10
15 34 39
7 7 38
3 60 27
17 58 36
3 29 23
10 26 8
14 18 3
12 30 4
5 43 2
16 31 25
5 20 29
13 2 39
3 55 6
8 17 27
16 17 28
13 33 10
2 22 7
6 4 8
7 48 7
4 60 36
16 43 21
1 13 1
10 3 2
9 63 10
13 37 4
4 1 14
5 21 2
13 21 28
13 7 24
1 10 3
17 37 6
11 43 23
6 30 3
8 22 35
13 5 13
17 16 37
11 47 14
5 28 23
2 45 12
8 13 34
13 16 8
7 7 3
2 43 14
4 62 30
1 64 13
7 8 31
3 3 8
16 5 18
16 6 29
3 55 17
16 31 25
5 21 37
4 8 10
7 54 33
16 53 19
17 46 6
1 19 32
17 49 24
8 11 14
3 29 15
10 3 22
12 35 24
1 53 33
6 33 11
11 33 33
2 12 38
5 55 4
3 31 27
5 50 10
13 21 23
4 20 25
8 27 4
15 9 17
1 52 32
7 29 30
17 38 35
3 8 35
15 63 33
7 19 25
4 21 34
9 12 37
17 50 7
7 26 10
4 34 19
9 43 37
7 40 15
7 57 14
7 27 11
12 45 17
11 19 3
3 22 38
11 46 9
11 38 36
4 28 22
6 42 5
12 32 19
7 15 8
1 29 37
9 22 28
4 17 8
17 32 25
1 27 34
8 38 35
16 33 8
7 50 37
12 47 7
10 17 34
4 27 24
13 16 27
16 11 25
9 7 40
12 13 35
9 36 35
10 3 12
5 63 31
17 58 26
5 6 5
10 9 22
16 28 21
7 21 28
8 23 11
12 10 10
2 36 27
1 20 3
4 66 35
15 37 23
16 65 14
10 56 8
4 6 6
10 25 14
10 51 31
5 6 36
12 43 1
15 22 9
5 3 11
3 31 21
15 30 29
5 32 13
1 37 40
9 54 6
2 53 25
11 28 34
14 33 26
1 50 34
13 5 39
8 6 21
6 60 7
5 23 14
8 56 11
14 30 25
7 19 25
2 13 39
17 46 32
16 29 6
7 58 27
17 13 20
8 38 16
9 44 10
6 27 39
7 66 4
4 8 10
11 8 17
5 30 25
4 50 32
11 53 26
1 31 29
6 3 16
15 65 36
15 49 23
11 44 14
10 13 37
10 45 27
13 21 7
16 13 25
5 31 38
4 19 37
8 25 34
6 65 20
2 20 26
12 5 32
3 62 9
3 47 18
10 54 5
5 47 24
1 17 33
2 38 35
2 23 18
13 46 34
17 14 34
13 9 27
4 36 27
4 50 16
15 48 1
6 31 38
13 53 13
2 18 18
14 36 37
12 44 34
6 44 6
4 51 4
6 54 7
7 30 38
17 5 28
9 21 24
14 1 39
12 32 10
4 44 26
9 52 9
13 51 28
13 25 28
2 55 27
9 26 15
15 23 40
9 64 32
3 58 18
16 53 22
3 20 33
11 6 8
13 52 1
12 43 32
9 18 27
8 59 18
14 47 22
8 60 4
3 64 9
17 44 21
13 58 37
6 57 38
5 54 21
13 17 4
8 62 3
16 15 25
3 14 24
16 51 9
14 12 6
17 40 11
14 61 36
7 62 19
1 4 3
9 37 3
6 40 31
5 32 1
5 25 22
12 4 37
3 31 37
9 23 4
3 18 16
15 33 12
2 39 18
11 55 20
9 58 17
8 39 40
6 49 29
10 39 1
15 52 25
9 3 24
13 57 20
17 48 5
5 4 3
8 25 7
9 50 20
17 15 30
12 20 39
10 16 29
4 50 5
5 31 26
5 53 18
5 27 28
9 5 12
2 7 28
7 64 36
11 17 31
11 49 6
5 31 8
8 48 37
4 42 38
16 5 36
1 21 9
13 17 38
16 59 1
7 40 20
4 18 40
17 41 18
6 21 3
12 36 22
7 3 38
2 25 25
2 40 11
17 5 15
5 56 31
1 57 29
12 54 9
1 30 29
17 45 35
14 19 25
3 24 29
9 56 40
12 55 21
16 65 40
13 11 24
5 65 22
14 60 26
6 24 37
15 59 13
11 24 30
15 63 33
6 46 31
3 17 16
6 14 38
17 22 31
14 24 2
2 20 34
3 51 32
13 12 6
4 54 23
10 43 31
1 16 36
5 52 30
10 11 38
3 9 20
2 53 10
15 4 25
13 13 6
5 12 11
3 18 21
12 41 26
1 29 39
6 10 23
9 57 33
7 21 15
13 21 17
5 54 35
3 26 24
6 35 6
3 21 8
11 29 23
13 1 24
2 57 15
12 26 24
17 39 17
11 41 38
8 45 14
7 31 37
16 58 29
15 5 30
2 32 13
11 3 8
6 31 17
10 52 31
16 7 34
4 37 39
14 58 38
1 65 36
10 11 5
4 48 13
13 38 23
9 16 27
14 59 32
17 39 16
14 47 26
15 58 34
16 40 36
5 55 1
9 63 1
2 21 7
12 26 10
1 53 21
16 24 22
8 54 15
7 31 25
8 49 28
15 64 25
13 17 33
8 36 13
16 12 18
8 17 6
17 62 29
1 28 30
12 43 7
11 60 28
15 50 16
8 8 29
16 39 20
15 36 39
3 39 5
4 1 21
13 41 17
7 31 26
13 44 22
11 24 21
5 14 8
11 47 27
5 44 34
17 55 38
9 19 13
13 14 1
7 16 35
7 27 21
3 45 36
15 42 5
17 3 6
6 49 11
9 20 40
10 63 16
5 5 29
16 25 25
1 21 34
3 38 20
5 18 2
5 58 28
7 10 17
11 65 18
5 46 25
1 15 21
13 4 20
3 26 15
5 26 21
16 53 26
1 23 22
5 25 36
16 11 17
7 32 14
3 13 21
16 22 10
12 56 37
6 3 33
6 44 37
6 57 17
2 41 28
1 39 29
2 2 23
6 58 34
17 61 17
8 57 32
11 19 33
3 62 22
14 9 24
2 33 40
2 53 28
1 45 15
14 55 38
1 3 38
8 59 39
4 17 38
1 44 22
15 48 21
9 58 8
10 33 17
6 52 31
12 61 37
2 61 32
4 41 11
13 55 16
7 60 20
16 51 16
10 47 4
13 30 32
13 2 35
14 55 25
9 53 27
9 42 33
7 52 22
8 34 1
14 52 38
9 38 16
10 6 23
7 59 6
9 11 7
5 58 2
15 63 13
16 46 40
6 44 8
11 52 1
11 19 16
2 54 8
10 62 17
16 15 15
15 50 16
2 48 11
14 23 40
8 65 38
2 52 20
8 22 23
3 28 12
4 38 4
12 36 18
8 43 39
10 39 6
6 36 10
7 18 13
6 39 28
4 41 24
13 14 21
8 48 33
6 21 19
13 52 34
5 24 18
3 54 8
11 52 38
10 62 33
16 44 12
8 36 13
9 36 31
2 40 12
8 38 26
16 17 2
14 39 9
11 7 25
16 29 21
2 30 6
15 64 14
1 39 6
7 24 9
10 3 36
13 11 6
14 16 17
10 60 38
17 48 26
11 40 8
2 6 14
10 13 33
12 13 10
7 56 23
2 65 16
15 12 18
15 20 30
17 1 16
14 1 26
3 26 37
2 55 10
2 63 36
4 3 37
4 42 25
8 16 16
5 61 25
6 31 36
14 1 40
2 19 7
15 1 30
14 15 35
9 22 1
8 25 32
10 50 29
3 7 31
2 14 27
9 3 26
5 34 12
6 23 16
4 58 24
12 48 22
7 1 23
8 57 4
16 50 31
2 48 38
1 9 26
3 25 22
12 61 4
12 8 19
11 59 18
11 29 4
11 20 9
9 63 1
5 45 9
17 30 13
17 48 28
2 53 36
8 21 27
2 28 26
4 38 40
8 4 29
4 35 34
16 62 7
12 33 2
5 6 38
16 26 18
15 19 27
7 34 20
1 36 13
3 15 21
10 46 6
6 10 23
3 28 35
3 61 11
11 32 29
11 18 11
1 63 21
4 22 13
5 58 9
13 61 24
2 15 2
6 31 26
14 20 21
5 19 38
4 55 26
10 60 39
11 21 9
3 65 24
14 34 13
12 9 35
3 23 11
16 3 27
2 27 3
15 12 15
15 7 29
16 60 34
10 12 33
4 2 23
7 43 27
10 14 16
13 38 31
10 14 7
8 61 30
8 36 8
11 24 8
14 14 12
13 1 12
8 13 36
10 17 23
1 41 20
1 25 33
8 62 24
13 16 18
13 16 26
1 53 16
8 22 22
15 63 23
7 48 10
4 9 13
4 11 28
10 27 10
2 3 13
10 31 17
5 20 32
17 30 37
1 42 15
11 65 25
11 7 33
1 23 17
10 34 23
3 38 7
1 35 7
14 46 27
3 13 6
5 51 24
5 43 31
11 56 27
10 65 12
2 59 26
6 25 11
17 27 15
2 51 40
2 61 34
9 10 24
4 37 36
3 44 18
8 66 29
2 53 37
15 5 4
3 13 3
4 16 9
10 32 5
7 34 37
2 37 3
13 29 39
5 31 25
1 5 18
2 38 29
8 56 31
6 34 38
15 53 4
10 34 5
2 24 33
9 43 28
2 28 6
11 39 20
15 39 4
12 55 2
9 37 4
5 25 6
2 2 27
17 19 4
9 15 6
9 36 21
6 29 37
12 43 15
9 60 17
16 33 8
9 2 4
7 13 27
2 42 9
17 26 6
1 33 40
8 44 6
3 35 28
1 58 37
12 37 11
8 14 3
16 28 31
4 21 8
11 45 3
3 9 11
7 65 5
6 61 8
9 36 25
6 40 39
1 61 36
2 44 25
10 14 12
8 22 33
8 11 5
16 27 6
12 14 38
14 27 12
10 12 24
17 32 30
12 34 4
12 17 32
1 10 33
16 13 18
12 31 27
12 10 4
9 47 36
11 44 3
12 16 6
11 23 2
7 39 9
15 61 29
11 15 39
10 19 38
7 56 24
13 40 28
17 18 38
1 22 36
4 29 31
14 34 7
4 29 40
6 32 25
7 60 15
2 66 17
9 3 35
9 49 35
6 21 33
10 15 14
4 44 16
14 3 21
4 36 29
15 56 25
17 43 22
7 30 29
15 18 27
9 50 14
16 4 21
10 48 39
2 1 8
2 12 28
15 33 27
1 34 8
14 30 9
14 45 32
9 46 32
9 33 25
16 3 10
10 53 26
1 27 38
16 1 1
7 63 18
15 52 20
13 64 16
3 48 18
4 58 12
1 6 36
4 23 20
3 45 10
8 61 22
2 36 40
14 60 15
10 14 32
11 36 36
17 60 40
1 37 9
2 42 10
17 49 23
8 50 19
13 43 15
15 64 6
17 13 6
5 52 37
15 29 20
16 26 15
3 52 13
14 51 24
2 4 34
1 45 34
5 27 30
13 10 30
6 27 29
10 63 14
3 1 8
12 7 11
17 42 36
16 58 13
1 37 15
17 22 40
9 58 13
16 48 21
10 37 31
11 23 19
17 61 1
5 58 21
3 58 6
4 22 18
5 59 2
11 42 12
3 64 38
8 32 22
5 18 11
11 43 23
17 30 16
9 63 16
11 6 6
1 31 6
16 49 10
11 17 26
7 35 37
5 3 29
10 42 10
11 32 39
16 63 12
16 30 24
6 27 18
14 10 15
16 60 15
1 30 16
16 39 12
12 9 20
10 45 25
1 40 24
9 14 21
17 55 11
13 32 29
3 32 29
7 33 28
13 1 15
17 6 8
15 30 9
11 8 27
8 38 25
16 46 32
12 19 27
6 21 21
17 9 36
11 18 20
1 55 38
5 59 7
11 51 33
15 55 9
4 57 9
10 46 33
13 64 31
1 1 16
14 13 22
17 15 36
3 29 26
12 49 20
5 5 20
13 26 2
16 24 16
6 10 1
1 42 22
7 19 34
12 39 17
5 51 39
3 34 15
7 39 36
2 63 15
11 33 27
4 15 35
9 13 14
14 48 20
12 65 20
11 30 33
9 48 11
17 18 24
14 56 4
6 44 34
3 17 19
12 50 25
5 3 10
9 11 23
5 55 10
6 18 21
6 14 10
11 25 37
2 59 32
16 22 18
16 22 17
6 57 27
12 33 14
11 1 18
14 30 20
14 25 34
14 48 24
9 8 38
12 15 14
15 41 10
11 56 5
16 39 34
14 55 5
12 34 33
17 13 20
3 46 11
8 34 10
4 17 40
10 22 9
8 42 28
12 7 16
3 8 2
3 41 21
7 9 2
14 35 39
8 64 11
8 2 14
3 62 14
16 15 19
6 3 40
9 45 14
12 4 17
6 16 16
16 9 7
4 56 13
17 7 36
7 65 6
7 37 32
15 41 19
5 27 28
8 44 34
10 48 30
11 64 4
14 13 31
10 51 39
2 52 33
2 54 8
12 40 12
16 6 15
6 12 40
9 7 27
2 52 20
17 36 19
12 23 13
10 17 34
4 1 14
3 10 13
6 33 1
16 41 10
5 61 36
1 47 13
17 48 39
9 22 19
1 15 15
9 43 30
7 17 23
16 39 28
6 56 22
8 20 30
13 21 6
8 55 10
16 1 19
8 44 17
14 37 8
4 25 25
2 43 36
6 56 25
11 9 23
13 5 39
16 25 10
6 27 23
13 3 22
16 6 29
3 64 16
6 51 33
11 54 37
3 42 25
7 59 17
2 55 30
14 58 4
12 9 9
4 33 31
14 10 1
1 24 2
