42 63 3769 7681
4226 2453 2445 4300 1905 3571 3793 4749 4398 2397 1167 3814 2756 2397 2086 2214 491 104 2337 596 2937 1687 4227 4136 66 1944 1598 3066 1442 1357 4596 1387 760 3765 644 3843 3010 2051 998 2697 3946 1607 226 4430 61 4213 3950 2436 2622 4591 3761 355 3783 2234 4846 1790 4278 3050 686 1454 1986 3348 2625 
4236 3684 3032 2861 1464 1822 4144 3605 588 3091 4292 2719 3458 3141 886 3450 4189 2147 1051 2425 3070 4235 3277 670 2047 3574 2693 4788 4158 874 2898 4100 2559 3443 4226 24 717 4449 721 2877 3965 4749 4138 3284 2151 3383 3269 1027 2918 1091 1899 3091 3843 3856 1168 4342 2079 977 1715 539 2201 2959 3819 
375 1357 2828 1326 1853 2661 3397 4289 3019 2755 3462 4698 4524 4673 3669 4492 4030 1210 1549 665 3751 2811 1823 1710 3408 3612 2898 2706 3066 271 3055 384 2659 1850 1314 1269 4419 2851 3088 1656 2986 3339 3107 4683 3244 1932 3781 2760 2690 3189 2882 2913 552 307 1017 391 3987 3952 716 3248 1198 3612 3793 
3191 1462 3847 204 4030 3031 4267 2510 929 4007 3039 1535 4067 2425 736 1724 885 1235 339 133 4481 3742 3045 3522 3042 2158 2942 2568 192 1889 1241 414 2550 763 4420 4113 3529 1447 2066 3577 1333 3639 136 926 1626 4811 275 1177 2133 1221 2650 3267 351 949 2139 2459 3617 672 1336 2675 55 2378 4296 
1080 1701 4408 2719 4072 4456 2712 3849 1132 3456 840 207 4679 3499 2830 4125 571 2400 790 2390 3737 4538 74 1332 4446 2405 2396 403 888 1242 2767 2299 4314 2249 3730 1103 1055 1130 1216 2169 3562 1117 2277 4096 815 3571 4036 4079 2983 3216 54 2799 1074 2607 4820 2364 4274 956 78 2754 3861 1996 230 
3954 2158 629 697 2602 1330 1675 485 2149 743 3866 447 1997 521 4284 3876 4405 2770 1469 2801 3917 1306 3416 1236 1359 21 3147 1630 4598 2950 4669 4035 764 4166 495 2879 4699 3245 4424 2787 1339 1806 1898 2034 3075 4402 4377 3784 3227 2813 4857 4733 4324 1898 3885 4297 1131 4475 2757 2749 3916 2331 1624 
2810 473 3817 1834 47 4138 4824 54 4876 182 640 805 3583 2603 4268 2539 1097 4527 3595 4465 2520 4112 2417 3982 2796 230 3898 1678 4855 66 4252 1552 1614 2934 49 1104 791 2963 2798 4332 4744 3921 1400 3638 2704 4232 847 2303 4699 1980 3300 2465 4086 4188 1723 3345 3474 2797 1304 4847 4854 4410 403 
3126 1447 1709 425 2397 1768 1070 2661 3901 4715 1219 1160 4007 697 4273 3115 3450 2888 3208 4043 1842 913 1888 1288 4024 2867 257 2169 1703 828 3168 3714 4172 4478 1577 1020 430 2274 4698 547 1283 1054 2814 3179 4903 1505 1722 4360 4450 1069 1363 4613 2249 382 2527 4833 4643 4476 3226 1358 2772 3852 4792 
2975 2266 902 2986 1834 3959 436 1833 633 2305 4202 2986 1995 4437 2092 4593 3565 1215 1872 1830 4256 1978 524 2772 4497 697 2872 1151 685 3969 2029 376 1989 1458 1119 2418 3833 1613 435 2544 4367 4758 1439 1065 4043 2414 3645 3188 3517 1795 1193 1160 2770 1164 305 4635 2528 768 3317 1572 3194 1138 4160 
3676 1137 620 540 3783 2305 2465 1352 2143 925 2974 4070 4548 502 3228 4399 3382 345 3081 164 1526 1834 1311 1339 1298 4798 4763 3411 2010 3767 902 1328 4169 4683 2621 4415 1635 1055 4313 1937 4367 2985 3429 2737 4056 163 379 3490 2346 3675 3041 3644 1904 2657 1143 1014 3357 843 2986 472 2277 552 3352 
3216 4626 4791 223 4891 4822 3315 2402 1710 1691 434 2377 2354 3402 4724 1423 1134 4679 4119 4386 338 276 4851 3482 1555 2595 3933 927 126 3315 2725 649 2147 1119 1072 2403 3391 2546 3882 4255 3272 955 3497 3898 4369 1897 4908 238 25 582 784 4749 2937 1964 1638 3747 709 679 4159 1180 1640 2356 267 
1361 2047 3446 1760 3105 4820 264 2079 1643 1163 1231 3786 4885 52 2369 2306 4419 3067 4038 606 2800 1291 4688 769 4179 3245 4779 1152 1284 4064 4013 3574 2118 4534 2884 1610 210 3191 2900 1249 2568 1322 2302 284 841 4205 816 3050 202 2523 4039 4210 682 95 4441 2578 4798 4299 4818 3722 2590 3810 3189 
987 4595 1134 4869 213 1034 2788 4195 4562 781 2590 4572 2047 2713 1898 1781 2904 1903 4692 315 2796 2768 3912 2600 3756 472 3322 942 1326 754 3248 3515 848 4319 1019 4097 1953 4555 1338 1769 2255 422 3926 403 2729 1044 4230 649 2987 4594 1911 1109 745 948 3412 4454 2353 3724 4568 2815 457 1954 928 
2713 1285 305 1175 52 2473 4456 3822 3619 4196 2679 3057 968 442 4856 2418 1475 2210 1694 4584 2560 260 344 2043 4262 4001 155 4103 744 3463 1128 2636 3683 415 1006 1887 3960 872 3202 3202 1537 171 3478 1246 643 4130 3350 1507 1731 755 3791 933 3623 1922 2138 4721 933 4868 3098 2536 1723 3285 648 
4260 2313 2879 2105 3856 2863 3333 2836 1578 4550 4696 2200 4388 1408 1972 2336 1405 2783 4760 4785 1272 2608 1575 2339 2849 231 329 1691 4280 3005 3925 804 394 1019 3096 4715 1638 3328 3464 1902 3166 92 157 1818 832 4188 4516 3092 3646 1989 2846 3162 217 4743 3137 1565 4658 3508 4672 3280 3331 1199 2936 
1327 3960 3908 4046 514 2810 2870 3077 3396 3606 4598 3673 458 4127 1408 826 2037 4678 722 2654 4883 3802 1567 3232 1357 3079 2560 3418 3545 4581 2592 4540 4128 3355 3362 2976 2205 4258 1807 4776 4336 90 2617 2882 3793 3889 177 4065 1441 169 3826 20 3010 3941 548 1556 1709 3630 204 4874 1954 2249 394 
4567 2567 4132 2150 2834 1694 3990 1638 890 1261 2719 4763 754 4351 1204 2599 298 1749 351 684 3268 2648 3101 2015 2654 4736 4537 2689 4710 3733 3638 2211 1123 1340 3290 2469 423 3001 4379 4642 2813 1855 2979 3978 2833 1260 1141 2008 1418 41 2474 1421 4826 3015 1000 1831 4238 4855 2577 3524 757 3474 223 
4843 1579 3303 4002 1105 284 2491 1927 12 2978 3495 2253 1626 795 1605 1604 23 1303 4407 3698 828 3074 337 2144 181 1413 4693 144 2836 4134 4256 3652 4601 1388 2407 2167 516 403 4633 2751 203 1757 2422 2346 516 1338 3423 2997 336 1793 554 500 2311 911 1769 68 1787 1946 2831 3741 3448 2598 3700 
4587 3959 3327 2372 3578 1550 3642 4679 102 113 1280 4142 2140 4039 2396 4414 4427 3718 694 2932 4016 3868 652 1340 2021 2646 3544 2358 4103 3287 3517 844 1357 4720 3663 2270 3124 2280 996 1976 2101 1184 484 749 379 1841 4874 2077 1118 4256 605 4195 2697 4887 143 1222 966 2501 1766 1057 1631 3716 4577 
4243 444 2419 4043 2952 4416 2964 174 4695 1907 2429 1185 3370 4568 814 1117 4880 2659 1510 4274 4273 4597 4369 4808 4825 2702 3826 4060 2418 3667 4388 4900 2096 3489 1538 109 4880 1432 2435 1508 1491 3003 2487 677 2342 1908 3416 3789 544 3478 4098 1376 1480 2486 382 1719 1319 326 2244 920 3375 3385 4226 
2699 2199 428 2557 744 2303 591 613 4483 2984 1614 2900 250 2107 48 1915 2495 3957 3534 206 615 4444 3885 532 3487 377 3800 2665 1971 2860 4006 3632 3953 4519 3049 26 4433 3142 4856 2241 792 1168 4643 2816 242 3438 467 3254 14 3415 839 2819 4256 1160 3529 4264 286 4444 2161 2357 4681 1797 142 
3017 2905 4397 1373 1456 1355 1110 3955 2247 2924 3540 4739 4715 1210 1586 2479 1249 760 1184 4802 3083 3473 2770 1150 1087 1293 1836 440 4627 3494 4307 4466 2555 2993 1873 4567 3348 1202 2953 129 1733 462 4762 683 1765 1425 350 3563 3904 478 1391 1804 3289 4334 366 892 4323 3857 257 3924 4347 192 544 
2102 3166 4692 2436 4675 2735 3419 3018 808 686 921 3642 4307 698 499 2881 917 3156 1648 4035 392 2079 1101 1422 2147 2783 3099 2744 3623 4086 776 4660 4243 3822 4397 4305 375 154 2966 3144 2710 1715 3205 1739 4529 1812 4228 3702 4040 4644 728 227 4196 484 4658 3747 1413 1866 2723 4439 2179 2077 3780 
885 94 76 4322 1624 2362 3843 2215 4379 1663 314 1682 3199 1220 4700 1265 1554 4437 4800 1117 2954 780 4280 3568 63 285 2181 2566 379 1791 1013 4503 3542 3142 3420 4022 3595 762 863 4463 4822 3654 848 1300 1111 1093 506 4721 3674 446 3470 2841 666 712 3077 4748 3411 4864 3903 2068 4325 3165 3354 
470 680 643 3065 2947 923 2357 2946 3774 3589 2807 4367 4512 4289 119 4594 1882 1888 3699 3058 3266 294 4355 4519 1873 283 1894 2541 60 199 794 2974 3018 1834 2346 2448 4214 2097 449 464 544 1107 4677 2541 4335 1581 1464 2260 3162 3840 2696 3991 3939 2885 4195 1129 3810 2969 4722 643 691 2556 3960 
2522 1104 3716 2231 3061 14 2286 4742 924 3594 628 1775 2224 3132 901 354 3457 4069 1735 1115 1415 3946 65 3082 2059 562 245 2486 1116 964 681 157 2614 4739 1219 281 4208 2329 2473 3849 96 4083 1175 4220 2241 3219 883 4468 743 2309 1112 3441 2713 4307 1132 4300 2378 3956 2370 3627 1779 4014 1908 
3048 2049 1451 4556 970 3988 1390 399 2528 3354 4554 1505 3008 800 3594 2971 1646 1968 1404 1849 1816 2149 3781 2566 2868 2584 1340 4021 2224 937 4196 2664 3640 4149 2169 3720 3182 1495 3747 2342 1336 4149 195 401 3115 4128 2799 220 2337 467 840 4877 3329 834 809 2869 2556 4831 3616 2345 4357 4182 2805 
4841 1086 4723 131 2770 1158 258 2972 1820 2018 2906 534 3092 3921 2034 2996 1631 4854 395 2141 534 4613 3424 1576 3931 4732 596 1392 1537 1789 3013 523 3988 411 860 4519 1442 1358 3088 586 3615 4308 2645 3351 4393 455 3498 577 3807 1073 4077 1464 2237 1978 1334 4800 3814 3333 3655 757 3948 784 3692 
887 3235 1666 941 1822 2483 1355 3264 3705 25 3971 930 4125 2471 571 4881 2496 3039 2941 587 3024 2981 2766 1283 2442 569 663 998 1492 2410 3140 3413 280 3934 105 1581 1717 613 4256 1439 4320 2239 1854 2636 1793 4038 4151 3462 4624 3711 1617 4548 4339 1656 3633 1164 1246 2176 4810 2963 993 3195 3149 
2007 3655 2433 2285 95 882 2111 40 4169 3896 4340 4372 4550 849 1370 3120 2401 732 3431 1338 3064 2303 1207 4350 1436 1403 3404 3794 1491 4327 1190 486 160 2279 2766 4196 3288 1927 1524 2030 4069 4894 2433 718 790 4852 4444 2305 2228 2497 3892 609 1870 487 3093 3237 3040 936 3102 4638 3113 1208 406 
4520 3772 1698 1180 4908 3168 4160 3705 1282 395 3530 290 94 4153 1373 808 2302 3353 1933 3352 4014 4109 2953 2999 3618 1649 1317 3113 162 4359 3005 1402 648 123 1934 1272 1855 2892 465 2970 605 1250 3340 1534 1569 84 2059 4873 3175 4901 3651 142 958 139 4410 2447 1898 2730 4501 3513 705 2691 2565 
4644 1160 3876 3405 965 2033 4724 4816 2689 803 2515 587 3034 4364 4778 624 630 4485 4781 4437 2301 4434 2656 1182 2054 1370 3539 1391 3972 3373 3764 3873 383 4224 1403 4268 301 125 4132 2612 1790 2842 2304 288 4236 4660 1995 667 3190 1635 965 3460 4129 2807 4649 3406 896 2747 844 726 1448 1706 507 
3926 3858 3096 4134 3888 660 1958 4696 234 2102 1445 1946 4058 3009 3431 3610 608 3953 3044 3809 3906 3173 1032 2281 4355 2017 815 4763 394 3793 1474 2434 337 3527 1458 231 2633 309 176 4858 2332 2208 4405 3289 4091 2527 800 3587 4360 299 4447 580 1130 3734 4296 4285 4884 4439 1913 4832 4068 501 3401 
2480 165 3621 580 586 2893 965 146 578 136 2337 4134 2335 2858 4667 1428 1769 3818 2004 3619 4528 1442 1997 2875 3398 4805 1324 3439 1004 4774 3265 1810 3855 569 4223 2403 2750 1525 896 2981 3930 187 673 4325 3690 4632 4635 1516 4406 1774 4584 1623 2267 2913 1792 2331 2908 380 3835 3982 1564 3973 4467 
4091 4034 86 2172 4056 180 3120 3940 4493 4116 401 687 3747 1953 3342 1520 1542 1399 1760 3060 386 389 1904 2176 1023 340 2648 2543 4872 2671 2476 594 2398 4462 1332 2995 3386 2514 199 347 273 3205 1652 102 866 3512 1043 266 618 3569 4010 2051 1493 4704 826 937 3148 1750 3071 3545 3166 3430 2386 
2175 473 1888 235 4658 827 3170 3633 2754 1789 4099 980 676 4579 584 3123 178 1875 2760 2659 2591 1318 695 2420 4231 3603 2959 4103 2114 549 2581 454 846 2487 527 987 2146 2478 2071 785 75 4716 4624 731 4516 2092 366 21 4244 4369 1755 3749 4869 2068 3813 363 3136 3479 1403 1993 1672 3666 1322 
2273 1337 3113 941 2822 3070 4820 198 3082 823 2588 2647 4211 1810 1505 1517 4086 289 1114 1322 381 2398 4456 3186 504 438 2269 4311 202 4587 1179 2452 3388 787 3323 4852 2717 394 252 260 1705 4157 1671 2411 2773 3888 2133 1265 4344 2151 2844 3192 2970 1907 1606 4554 4115 4335 1116 3810 4455 4200 842 
935 1034 3582 2908 1570 4228 290 3451 3695 2912 1549 2770 2506 3331 4009 348 3736 904 3882 4193 4449 2146 356 3570 935 2176 3772 2369 2249 4310 2567 4111 198 2201 3120 4022 4660 3035 2217 558 3997 884 4181 3855 4655 3189 3074 1546 112 1382 3773 103 2954 1463 2379 4281 3310 281 3796 579 4455 57 38 
1573 247 3518 4000 1254 1617 3128 4726 2490 863 786 2963 3911 4134 401 2255 3943 3910 3853 206 3460 3994 2345 4653 3626 3937 670 3344 4111 1411 1440 752 3898 1713 1772 1332 2325 2784 4805 2690 1479 869 3872 3279 3116 1008 462 1762 3188 4189 622 3432 251 3648 47 1084 1345 4585 187 3642 4082 4156 3102 
4660 525 1317 739 481 1008 3279 3703 457 2330 4669 3594 2161 4243 2797 4611 826 3107 3283 2829 4470 3945 2788 453 3930 1954 1899 4157 3146 3328 515 464 774 2863 3266 4553 3728 274 58 853 1729 1007 321 2555 976 590 3868 4270 3809 3174 1852 2573 4035 3305 2702 3784 2442 1295 3387 2298 3493 2494 1251 
1914 842 520 2471 2491 3059 2360 399 4157 670 3647 1935 1271 4652 4326 352 1202 3041 1899 4768 4861 3486 4520 1934 4247 1126 3709 531 4653 1987 2046 4145 3036 741 2064 3290 3987 3578 69 2209 1690 3629 2697 1350 2872 2522 2573 1378 4397 2080 1448 3717 1988 1909 1062 4162 695 441 1238 1926 341 4907 612 
3394 1254 1906 3497 297 1367 4047 3589 59 4831 3102 3271 4331 4315 4293 2907 2345 3680 999 3687 234 3031 4208 3571 2791 3622 3212 3042 3938 843 2836 4346 244 1903 4574 2063 4375 2418 3150 4840 2245 4417 1905 1742 4296 3533 3741 1683 3509 3350 2494 2547 554 880 1043 2362 1078 4176 2673 2356 1797 1210 1124 
27 2 9
19 19 12
4 26 15
1 21 35
39 17 24
20 33 4
26 57 18
16 52 32
38 51 27
10 43 16
11 32 20
11 47 16
31 7 37
29 59 17
7 42 4
25 52 3
18 61 40
33 21 37
16 36 37
17 29 4
8 14 31
9 15 34
37 18 15
1 24 14
30 10 32
33 55 13
36 32 7
30 11 13
12 3 23
35 33 32
9 46 32
11 40 11
16 29 24
18 49 31
8 48 17
38 5 25
33 21 29
19 11 11
21 35 1
16 24 6
29 45 3
23 44 10
14 57 12
34 19 30
30 55 3
24 17 17
28 59 16
2 28 40
3 17 14
13 35 2
29 17 31
12 22 22
36 45 3
16 36 17
35 52 12
16 8 11
21 14 29
28 24 15
23 46 26
16 28 18
10 59 39
35 7 19
33 17 32
34 26 13
31 16 15
22 37 36
5 13 25
5 25 13
10 10 31
9 6 35
23 13 37
30 7 38
21 57 39
15 24 15
11 59 7
7 27 11
21 57 4
2 12 22
7 54 23
37 48 18
28 17 12
14 16 23
1 52 14
11 48 38
20 54 29
11 10 10
28 8 33
25 21 6
33 19 1
9 11 21
33 41 18
23 15 23
26 22 37
17 16 13
25 24 8
18 37 17
17 22 22
39 26 11
19 23 15
24 61 17
6 32 24
26 14 14
15 23 40
9 12 14
39 39 16
23 37 8
37 31 31
11 8 28
1 46 37
7 29 7
1 23 6
18 40 33
39 29 23
2 57 8
17 52 15
23 4 40
37 25 31
21 59 27
24 58 32
23 26 30
6 55 38
34 11 17
27 61 11
35 34 32
12 13 24
23 57 8
10 27 25
34 21 20
35 38 21
39 40 22
5 46 35
18 54 23
15 11 9
7 10 17
1 23 33
9 41 31
9 45 5
30 61 6
15 9 38
11 46 27
17 39 22
36 50 10
28 47 6
1 46 23
6 27 37
31 2 29
14 41 31
8 43 35
39 42 24
15 49 27
12 8 15
1 2 2
9 48 33
31 35 13
33 3 19
6 8 10
20 22 4
6 15 6
6 16 38
21 41 14
7 7 26
3 11 17
18 34 7
2 22 38
1 8 17
28 41 16
14 31 10
2 22 23
29 54 22
12 12 27
9 46 5
15 10 33
37 38 1
29 40 10
14 56 1
5 55 25
14 52 5
10 26 39
8 8 12
32 46 7
14 41 7
6 19 20
38 24 14
15 31 22
24 50 11
40 28 25
27 2 9
6 16 37
13 10 36
39 58 38
26 61 2
11 21 32
33 39 28
37 32 16
23 53 22
26 59 34
34 4 26
27 25 21
20 42 19
7 10 5
25 54 20
40 7 21
11 30 39
12 5 7
24 50 19
22 13 21
24 28 2
25 34 12
39 36 10
28 10 40
11 10 25
34 38 6
28 57 14
38 28 30
4 32 36
24 54 40
23 57 36
10 4 4
28 37 27
16 48 24
3 21 25
23 7 2
18 61 29
5 1 5
36 34 37
2 15 19
5 1 2
39 56 25
12 2 36
11 2 25
26 11 12
39 32 39
5 20 20
27 49 17
21 61 13
30 48 35
19 57 19
32 56 27
25 31 32
5 44 14
26 18 7
22 27 19
7 54 18
37 58 8
6 2 25
22 11 29
14 48 15
27 56 7
7 20 3
18 58 35
37 45 24
17 23 9
5 13 40
25 10 28
12 6 33
9 44 35
20 54 2
7 33 2
38 11 16
16 37 25
16 27 5
7 28 5
5 40 26
22 6 17
7 26 9
7 16 33
8 51 12
7 58 2
39 59 28
33 59 15
22 29 2
31 53 10
4 54 16
4 58 9
4 49 1
15 50 22
1 2 1
23 12 40
28 34 15
38 30 5
24 1 37
7 38 2
28 45 5
7 1 16
32 4 2
12 61 9
1 2 32
16 29 26
16 31 30
18 9 17
12 20 3
39 27 30
5 17 30
8 20 5
18 28 10
1 52 13
23 10 9
25 41 3
15 8 31
36 50 1
16 21 29
22 7 11
37 9 33
6 18 34
23 38 37
23 15 11
26 20 34
7 16 13
25 25 13
4 20 5
29 18 10
40 10 17
29 33 33
28 19 12
36 36 28
28 48 10
29 44 27
8 34 29
25 14 11
23 16 17
35 50 11
11 25 5
8 17 25
3 58 35
40 31 17
18 55 36
5 10 26
28 12 39
2 37 31
35 52 29
18 38 36
19 34 26
40 5 6
10 53 16
24 4 24
22 42 2
10 14 27
20 33 36
36 34 28
1 55 26
24 7 15
6 45 32
18 39 26
27 6 38
1 57 35
37 6 35
40 33 19
3 53 13
8 34 12
6 28 36
34 46 1
30 9 36
40 28 12
6 43 31
39 9 10
4 6 30
34 54 7
26 60 25
9 23 21
38 33 17
32 37 9
10 57 1
7 46 8
1 57 2
39 26 38
35 46 16
33 6 1
13 52 1
5 18 37
6 49 3
20 18 28
29 56 9
9 54 34
31 44 1
38 55 14
12 6 25
25 1 27
33 7 32
31 53 33
24 51 40
6 34 36
30 2 7
30 32 10
36 44 9
37 26 5
32 4 4
10 58 29
18 52 8
37 49 24
28 16 7
15 45 5
38 59 3
8 35 12
20 16 37
32 11 22
14 13 19
33 30 8
9 56 23
20 21 25
30 51 19
38 1 3
15 50 3
8 13 39
34 17 40
10 51 7
6 30 35
36 40 21
7 2 25
24 52 24
40 13 17
3 1 2
7 8 40
36 49 9
18 29 3
30 48 34
20 47 1
22 20 2
29 61 7
35 29 15
31 1 13
3 35 17
18 51 14
9 15 3
37 16 10
31 39 38
2 38 1
21 27 28
26 13 22
3 24 27
29 61 25
34 11 36
35 10 7
23 5 27
23 54 18
24 31 8
20 8 7
27 22 26
4 27 3
16 41 38
20 25 31
28 30 34
22 46 38
34 53 18
40 52 6
23 60 11
34 24 35
33 54 8
39 13 19
22 59 37
25 42 40
19 26 21
17 20 8
22 53 14
35 60 15
29 45 10
19 8 15
14 3 6
19 41 38
3 56 34
6 50 22
4 28 11
11 13 40
8 37 25
29 26 32
17 52 27
5 25 3
8 31 28
21 37 17
1 5 34
30 31 8
9 6 30
10 15 4
1 60 10
7 37 22
16 19 26
24 49 15
22 28 1
6 26 14
37 11 6
26 15 31
15 8 7
23 20 8
35 49 2
13 44 28
23 26 3
11 9 20
2 48 8
9 40 5
25 43 11
9 38 37
30 60 25
16 31 8
8 49 5
12 40 17
2 54 17
35 1 2
13 49 40
31 60 23
18 48 24
33 40 14
33 20 16
21 47 37
9 53 8
19 9 34
10 36 1
22 32 22
39 7 1
33 39 6
9 16 20
37 18 1
27 18 2
28 47 37
28 41 35
40 43 5
4 34 7
31 60 23
21 1 23
37 20 40
22 36 19
33 4 39
33 6 14
20 8 27
21 32 7
8 20 20
2 1 13
11 60 22
17 25 24
1 17 36
22 14 8
20 38 2
17 22 12
39 20 7
6 39 31
10 26 25
33 23 35
35 44 17
37 19 33
34 41 31
25 56 25
17 33 33
37 35 32
6 1 18
15 37 14
23 4 22
7 47 4
7 11 2
18 26 26
34 34 34
10 39 27
33 30 9
2 25 22
40 44 39
28 25 38
28 36 18
16 34 24
26 60 38
11 18 30
9 9 39
17 44 4
1 41 8
2 6 22
22 15 35
19 14 9
5 13 35
27 36 23
27 60 2
2 19 2
20 8 38
2 35 1
27 30 17
4 38 1
27 53 23
12 24 34
15 17 36
6 58 8
25 45 6
7 31 27
36 43 30
31 6 1
33 35 15
23 1 32
34 26 7
11 61 26
36 20 28
29 52 1
28 29 12
11 13 26
17 15 35
15 38 7
27 34 23
3 57 39
3 27 21
38 19 14
28 28 37
6 7 27
5 5 6
36 57 35
3 31 23
25 57 13
36 59 34
36 18 18
5 40 38
12 55 32
12 12 16
28 21 37
16 18 6
16 38 15
31 50 25
4 41 38
12 14 10
8 35 11
35 15 29
6 16 4
3 47 4
30 27 5
37 26 23
22 18 6
24 3 33
26 57 20
15 35 8
31 20 26
32 25 34
14 19 33
8 20 7
19 4 13
33 31 35
23 30 11
31 58 7
17 55 36
15 29 14
13 26 15
9 25 25
8 3 2
5 31 8
27 4 36
26 37 14
1 55 28
34 40 25
24 34 20
32 17 32
28 51 40
7 24 33
37 50 27
6 23 10
21 52 26
7 14 18
28 11 37
17 7 12
29 10 38
33 19 35
37 55 4
8 3 12
11 53 3
29 18 31
24 7 26
38 40 21
32 35 19
26 35 37
32 48 8
24 10 5
30 48 1
6 32 36
27 34 12
33 29 6
15 37 3
3 33 1
6 6 20
6 11 4
24 46 21
12 38 33
3 52 19
21 39 19
29 36 39
10 16 15
13 41 31
1 16 19
17 52 3
19 10 2
16 18 10
40 2 28
29 32 34
10 12 26
32 47 15
28 27 6
25 50 3
10 59 28
2 42 37
15 37 25
20 1 2
32 14 29
25 58 40
25 58 9
9 49 33
5 41 36
31 37 31
5 47 37
7 39 13
28 12 36
5 61 1
39 47 32
22 28 35
17 32 33
15 29 7
20 54 27
34 11 32
35 38 31
13 53 36
17 43 26
13 23 13
36 24 20
25 3 28
32 40 27
4 26 38
25 60 4
36 32 3
37 41 30
17 13 7
26 34 28
27 53 37
7 49 1
38 38 34
6 13 18
21 11 25
21 3 40
7 7 23
39 46 15
21 32 33
18 13 32
24 47 32
2 2 33
28 22 18
39 1 1
9 21 1
27 34 11
26 14 15
28 41 38
34 16 40
40 12 32
40 34 24
33 23 25
11 16 26
10 9 37
18 42 18
9 42 18
39 35 12
19 61 17
31 47 20
32 26 34
8 60 38
35 49 39
7 30 7
8 2 29
5 14 28
10 26 7
35 58 20
36 43 26
15 15 36
4 61 30
37 23 25
19 14 32
33 46 18
40 53 27
14 8 29
33 36 4
38 41 7
35 43 16
13 61 36
33 45 6
39 57 38
10 22 4
18 51 25
40 23 39
37 6 2
36 25 33
8 29 28
32 50 4
30 11 14
36 34 40
38 7 30
35 1 29
35 46 38
36 44 25
18 21 18
8 23 28
30 50 10
8 12 25
22 15 6
4 50 37
29 37 28
39 60 26
31 55 25
25 4 9
28 1 14
29 33 25
26 46 30
19 46 25
4 59 21
10 59 16
5 12 5
16 33 15
27 8 2
19 60 16
37 42 36
16 4 13
36 21 26
19 23 12
35 57 21
13 46 13
3 2 24
35 7 16
20 55 8
18 35 20
10 56 9
13 24 27
3 11 26
30 27 9
15 36 39
26 45 1
18 3 32
33 30 40
7 21 14
20 50 20
21 36 39
37 26 6
10 19 38
26 33 28
10 28 8
36 5 12
9 47 36
32 48 7
8 33 25
22 16 8
14 4 25
10 35 7
5 5 38
26 11 37
12 52 24
3 23 19
18 29 31
11 26 17
2 56 22
31 46 29
25 8 38
32 22 19
2 51 29
14 7 10
7 8 9
17 59 38
4 1 16
5 56 8
30 9 15
17 38 28
37 30 2
27 28 31
19 42 6
38 18 38
22 53 26
18 10 39
12 50 36
35 30 36
27 26 14
27 52 38
25 59 6
28 53 40
26 6 25
34 38 11
33 23 17
7 3 22
21 37 4
17 45 6
33 6 18
18 27 24
31 13 40
39 51 10
21 40 39
33 32 29
35 27 16
32 40 5
20 16 29
12 33 29
11 23 29
19 17 2
34 8 30
11 58 39
35 9 22
28 27 6
3 43 27
8 7 8
34 27 27
21 51 25
40 36 17
11 31 26
9 20 10
39 60 28
4 55 28
30 36 30
34 50 33
18 17 40
31 58 40
13 20 24
16 35 28
24 10 32
29 28 2
35 53 14
38 47 15
38 59 7
29 39 3
31 52 8
30 55 3
24 59 15
26 27 23
27 44 6
19 21 17
33 16 5
2 38 7
11 12 30
11 15 3
37 48 5
25 3 20
20 4 35
32 58 6
19 38 18
9 45 30
20 48 26
7 15 18
31 25 8
37 42 4
14 38 39
19 15 11
22 10 17
31 1 19
21 42 16
14 1 32
29 14 25
1 11 17
37 9 16
36 59 21
17 7 32
14 13 15
11 3 28
23 45 2
11 56 21
34 29 6
39 18 36
35 60 17
16 43 24
12 48 1
29 32 27
28 15 17
20 7 30
8 57 7
36 44 25
9 10 14
40 4 21
29 52 13
3 52 32
23 1 32
17 11 36
4 23 26
23 61 35
8 29 31
22 31 32
2 55 2
35 59 32
5 56 20
4 13 5
8 24 31
31 26 22
32 12 25
35 10 31
34 31 2
31 61 15
5 3 15
1 27 24
23 25 4
1 49 32
30 52 12
40 37 14
39 7 31
23 16 23
9 19 21
40 3 34
28 34 20
24 52 20
31 41 15
1 14 10
18 35 16
26 10 27
27 23 36
37 59 27
36 40 39
24 46 31
3 29 1
29 35 20
34 16 38
28 30 6
20 42 26
22 3 27
7 29 31
38 59 1
7 22 16
11 30 30
37 44 2
37 31 16
3 6 6
27 53 32
32 6 35
19 26 29
8 34 30
19 7 16
15 24 5
28 52 30
34 36 38
15 56 5
10 31 22
9 39 30
8 11 37
3 4 19
36 35 21
6 19 39
30 14 40
32 55 36
21 6 14
38 23 36
33 5 19
16 13 35
12 50 13
29 37 9
13 6 5
36 40 20
11 6 11
15 54 39
20 49 20
1 58 7
29 42 16
21 6 33
21 58 7
6 32 5
7 12 24
21 55 36
11 17 17
17 47 21
1 61 26
18 4 32
7 49 38
3 38 35
39 26 22
17 57 3
22 57 16
30 55 1
7 30 11
8 36 39
1 56 15
2 58 36
1 38 39
30 30 10
22 21 36
12 49 23
19 15 10
11 34 27
39 35 12
37 27 34
20 37 35
14 10 6
12 24 16
9 3 15
7 28 23
19 15 33
18 39 29
6 35 14
28 5 4
35 55 25
6 49 35
15 3 7
17 24 11
26 24 25
15 8 24
25 49 25
27 55 19
23 55 35
33 34 8
28 18 13
31 19 16
33 44 12
39 57 25
18 15 22
21 12 34
12 45 32
29 5 1
10 19 7
35 13 5
27 35 25
29 33 40
11 8 17
5 25 2
2 54 40
11 56 4
3 26 38
31 22 5
5 44 1
27 23 30
35 4 15
22 19 7
36 37 39
31 43 36
40 3 26
5 52 21
26 49 20
13 14 7
7 15 16
5 42 23
34 53 38
33 55 12
27 6 20
3 58 40
15 55 40
33 51 24
39 54 5
29 54 21
39 59 38
8 42 14
7 44 31
36 54 10
4 7 20
27 13 18
35 45 1
11 55 11
8 42 37
33 42 20
28 28 11
18 6 24
34 12 9
39 3 7
12 23 25
2 15 8
8 24 34
23 42 1
26 30 17
37 31 18
27 43 31
6 38 35
24 31 32
18 2 10
16 29 15
9 26 5
36 43 17
34 3 4
27 4 34
10 18 9
28 53 14
22 1 16
9 39 11
26 10 13
3 36 7
31 25 26
20 32 5
34 34 21
22 54 21
5 25 25
35 29 29
31 25 33
2 15 15
25 14 27
32 12 12
17 2 22
20 42 33
8 49 40
9 61 16
17 22 9
6 3 37
11 37 14
18 6 15
32 15 28
22 56 30
27 25 7
2 58 26
37 38 24
26 45 11
37 61 17
19 20 34
16 40 34
25 19 38
2 39 7
1 34 14
14 25 29
24 3 2
28 59 10
35 53 4
14 28 16
27 19 40
3 32 19
28 32 17
10 18 11
8 51 1
36 53 25
40 13 13
5 14 33
13 56 39
40 39 32
12 44 20
5 6 40
35 46 8
4 59 13
6 4 38
40 18 27
1 36 6
28 27 27
35 50 40
26 46 18
4 46 11
16 24 17
6 54 2
8 25 25
4 57 3
30 21 18
13 41 3
36 51 13
26 45 21
4 47 5
30 57 15
5 11 11
19 41 11
13 39 22
10 33 6
1 24 39
30 34 4
18 39 37
26 5 2
36 16 24
8 48 25
20 27 21
30 2 25
29 17 24
39 48 14
31 48 11
13 28 39
19 19 9
36 57 1
16 60 16
13 41 6
31 53 32
17 19 22
35 25 24
22 54 21
30 14 15
9 47 9
37 6 28
39 25 40
20 8 29
11 23 35
12 31 3
37 37 4
22 9 20
3 34 17
20 44 3
29 17 24
34 19 10
21 49 2
4 51 6
24 39 20
24 6 14
14 7 12
30 36 22
18 21 36
15 40 22
38 31 29
12 41 7
20 53 12
17 33 35
2 18 33
1 37 3
22 21 2
17 1 40
9 21 16
38 50 36
13 51 30
7 3 17
25 7 17
20 37 21
31 58 4
14 18 23
35 15 27
15 58 24
19 28 31
29 49 30
13 45 32
36 22 16
31 14 15
13 58 2
29 57 34
19 55 8
13 36 38
13 44 3
3 31 13
6 58 10
20 2 15
18 3 18
18 38 23
35 48 22
24 48 35
3 28 6
18 49 36
34 15 31
30 14 5
35 46 29
39 41 30
3 57 27
8 58 4
22 27 36
21 49 22
32 45 38
34 58 30
8 59 37
24 8 38
11 52 34
38 34 21
23 54 27
18 48 11
20 3 25
28 37 31
29 42 24
36 27 4
16 7 22
29 42 2
8 16 9
20 5 31
3 2 11
6 49 28
26 20 36
10 45 4
22 30 2
38 7 27
31 41 29
25 38 15
1 5 8
7 54 24
39 55 11
40 51 35
25 57 24
28 4 23
7 21 13
35 36 37
35 10 11
6 31 30
17 61 31
38 26 31
6 4 2
35 33 30
24 54 25
8 48 20
26 44 28
33 33 33
12 47 16
26 25 9
23 29 6
30 5 9
4 10 28
15 42 28
26 17 30
3 10 34
28 31 35
26 9 17
9 1 23
11 50 39
1 60 37
14 16 9
31 47 13
37 57 6
10 31 7
23 8 14
4 31 39
6 37 37
3 54 4
40 55 7
39 32 34
17 17 1
1 13 6
33 32 40
40 57 3
24 56 37
21 44 31
4 20 31
33 33 24
7 40 23
29 53 16
9 12 8
18 1 2
24 61 15
36 46 12
10 8 25
33 42 35
31 16 8
1 15 6
35 45 5
36 28 18
7 54 32
4 41 13
24 17 18
31 46 13
15 7 30
28 7 37
7 60 8
31 36 10
30 47 38
31 35 31
11 54 18
4 27 16
5 54 2
5 31 4
23 23 11
19 57 11
5 45 34
18 45 14
6 57 32
20 59 36
13 41 20
33 61 20
21 24 13
21 8 32
34 35 31
29 4 11
32 53 14
30 45 28
13 56 37
34 29 6
40 19 32
7 8 34
26 35 27
21 11 28
31 12 32
28 2 22
25 44 35
17 12 9
8 25 19
15 30 34
5 12 39
9 39 2
5 29 25
6 9 15
38 40 1
22 5 4
17 30 14
1 33 25
17 19 30
6 53 7
19 24 39
24 61 18
25 33 15
20 35 9
13 58 11
26 22 28
12 4 9
28 46 7
23 45 31
12 20 10
13 54 20
15 22 35
34 1 40
39 58 22
3 48 22
7 52 6
2 37 19
11 1 3
14 7 33
40 60 6
28 56 35
12 11 5
33 36 24
6 46 14
13 61 3
39 9 27
7 30 36
33 7 30
8 56 25
11 22 37
39 21 4
26 10 21
21 44 34
34 45 17
21 34 8
1 52 26
33 41 20
28 16 20
13 10 19
29 28 40
28 11 16
37 17 32
4 31 20
18 28 9
17 13 13
20 17 37
6 51 4
17 4 24
8 38 7
10 43 9
27 39 13
17 23 32
23 33 30
29 53 30
19 50 35
18 56 26
21 49 16
37 14 22
31 1 37
11 26 25
8 45 32
23 29 25
16 14 15
38 27 5
13 3 25
28 11 20
9 54 18
15 29 24
8 54 32
24 39 14
19 42 35
28 16 25
8 30 24
31 53 16
7 22 29
10 11 19
14 19 37
19 55 2
18 25 4
19 36 16
16 33 17
37 4 20
24 45 22
8 16 6
36 7 11
10 52 3
30 7 19
1 33 10
35 17 29
18 37 33
12 6 12
17 38 17
11 36 3
36 12 17
22 43 7
9 16 18
3 2 12
7 14 18
24 19 27
7 24 7
32 21 4
14 1 34
9 28 14
30 33 7
9 26 17
36 42 29
39 27 21
12 26 3
28 12 1
26 19 14
37 42 12
9 6 12
22 42 8
29 47 25
19 16 2
27 56 3
20 55 38
29 31 5
38 41 11
29 54 8
9 1 33
6 30 13
9 24 4
27 24 13
18 39 10
38 48 20
28 34 21
2 9 12
37 16 28
11 61 36
15 11 5
15 58 15
6 31 25
24 16 24
4 28 17
40 55 8
32 4 24
39 46 7
30 21 12
35 31 26
39 34 37
21 8 5
31 53 8
3 3 23
27 40 23
2 3 40
28 8 13
24 51 28
33 22 11
8 42 17
24 20 6
26 46 28
10 23 38
37 49 24
28 22 21
9 3 29
16 38 15
22 45 36
2 49 22
36 4 22
7 7 39
17 22 6
19 42 36
30 14 4
26 51 7
7 36 28
35 10 33
15 30 19
24 57 34
40 51 6
35 56 15
13 26 10
20 48 5
14 60 28
25 52 20
5 50 20
22 37 37
19 52 11
34 10 14
2 39 40
2 11 29
13 17 17
15 40 1
22 18 32
37 6 23
20 5 28
7 24 12
7 17 40
16 16 18
5 1 37
18 60 11
6 4 11
16 47 11
8 46 27
26 19 3
7 46 14
2 38 29
5 45 31
7 15 37
29 33 25
8 16 9
21 5 21
9 58 2
4 8 37
34 52 24
12 26 19
33 11 15
27 58 38
31 3 4
8 19 11
36 13 19
15 24 22
16 42 38
31 59 38
13 7 2
28 14 19
18 20 23
38 47 26
24 14 17
38 18 30
22 54 19
30 49 9
17 42 32
39 20 35
6 30 24
19 8 16
19 36 12
16 14 23
29 51 8
31 25 4
14 27 36
8 6 20
14 39 39
31 51 25
38 20 38
24 23 16
30 38 28
1 13 20
6 17 12
34 45 15
32 40 6
21 21 2
30 28 23
30 2 29
31 18 11
6 24 2
13 45 13
34 13 33
4 49 22
36 42 22
32 41 40
39 5 4
6 17 27
4 21 29
17 29 21
26 18 35
31 9 5
21 23 24
15 4 21
1 48 24
23 19 28
10 57 39
16 40 27
36 6 9
27 51 20
18 48 7
14 13 22
19 33 6
39 23 30
13 50 8
21 50 3
23 10 38
23 24 37
34 38 12
40 7 15
22 11 36
24 25 15
1 22 37
27 43 21
16 29 18
21 22 20
19 43 22
36 27 23
24 58 16
14 52 6
36 3 1
9 55 33
11 11 21
17 60 21
26 44 35
5 31 38
31 14 12
31 15 30
4 19 14
16 25 18
30 35 9
21 57 21
13 18 27
7 43 1
11 49 24
32 29 18
9 13 9
12 34 36
30 53 1
2 4 12
33 41 2
38 11 7
14 4 4
36 26 8
6 33 13
1 31 2
40 48 14
12 38 22
40 49 25
14 25 19
8 22 6
3 60 21
17 56 39
30 50 38
16 41 34
15 41 24
38 37 12
15 29 17
34 47 1
15 51 32
7 17 35
39 28 14
23 13 21
3 37 29
22 60 34
1 33 12
2 40 32
14 28 4
4 51 34
22 7 1
25 35 28
11 51 14
27 22 15
36 40 28
39 46 33
27 4 10
2 10 40
26 7 9
12 28 34
24 60 12
19 12 32
34 60 21
24 58 40
10 38 39
22 8 20
4 1 40
10 54 4
26 37 16
8 44 2
29 60 31
28 49 39
9 13 10
37 51 34
4 40 12
20 10 19
32 46 14
33 35 25
4 12 14
23 30 39
24 12 15
9 52 9
24 22 13
25 35 37
19 9 1
37 31 27
28 50 6
31 46 5
23 56 1
35 10 20
32 35 36
34 56 30
14 51 39
27 57 23
33 47 3
30 52 12
2 13 22
25 60 32
27 61 16
34 35 6
34 24 7
13 15 2
28 28 30
2 2 34
14 41 15
26 58 34
9 8 12
23 60 21
2 21 12
2 3 3
4 11 35
19 36 26
9 29 5
19 41 14
3 45 15
7 42 19
22 58 33
6 48 38
19 52 27
13 38 36
21 20 29
14 30 9
17 42 9
18 14 38
10 58 5
12 31 26
34 33 1
24 18 26
31 49 29
3 58 22
30 5 17
32 35 12
5 39 39
28 26 2
9 4 32
40 55 34
10 3 30
13 27 6
21 39 26
29 59 16
36 28 10
2 57 29
22 34 38
33 15 40
40 40 22
13 43 30
34 1 24
36 14 20
31 5 38
12 59 20
25 45 1
7 2 18
4 20 6
5 39 27
2 6 26
22 2 2
23 22 21
16 54 35
28 23 19
12 18 32
22 24 2
30 8 21
8 43 3
36 33 18
24 1 10
3 22 34
13 7 25
24 9 38
33 28 31
17 12 34
17 15 30
29 40 15
14 45 13
33 58 8
5 45 9
36 17 6
13 49 26
4 24 39
22 13 35
4 26 5
29 51 24
37 14 29
7 18 13
1 61 17
27 4 40
12 31 40
1 30 11
5 42 16
25 9 9
8 43 12
7 3 9
22 49 31
27 34 14
2 52 23
19 2 6
14 56 10
35 32 31
22 60 31
35 52 15
19 40 6
6 12 22
6 38 35
20 12 2
27 36 38
26 51 26
29 49 38
18 35 10
10 37 5
37 48 30
18 26 34
1 51 2
15 58 18
20 61 19
37 54 12
10 40 11
39 23 31
5 19 13
10 29 30
34 12 14
24 43 15
40 50 38
35 50 31
26 46 34
11 1 14
37 24 31
31 33 21
35 48 28
38 5 29
33 59 35
30 29 16
37 21 25
37 41 18
32 58 38
33 24 17
17 1 2
24 22 27
39 25 19
4 23 16
40 36 36
38 16 32
2 53 23
40 15 14
15 19 6
27 49 25
5 56 23
14 16 22
33 45 22
9 35 5
27 17 6
26 41 40
38 52 2
3 20 31
28 39 31
34 58 23
22 1 33
24 51 22
10 34 22
28 53 25
40 17 19
30 54 1
33 50 33
19 40 27
37 53 12
40 3 22
16 14 38
20 17 28
14 61 34
12 54 12
10 5 12
4 59 5
15 35 16
6 33 6
24 27 10
21 52 17
35 42 18
14 20 14
10 56 13
25 57 40
32 10 16
34 35 15
36 40 22
31 36 20
23 28 21
34 29 23
25 28 33
11 40 14
11 52 3
35 47 27
27 39 23
2 8 7
20 48 33
33 18 21
34 13 19
14 53 1
21 13 38
40 56 7
6 1 9
3 25 27
17 45 30
23 54 2
16 52 19
31 1 23
28 22 8
31 25 33
30 2 30
38 46 14
23 36 39
27 38 19
5 1 34
36 2 15
11 26 22
34 9 19
9 61 32
2 55 11
40 44 10
9 55 39
19 37 23
28 40 8
4 10 20
6 57 15
20 53 22
17 55 11
5 4 38
12 25 4
8 14 13
38 59 37
15 35 10
11 37 23
1 48 40
7 47 15
23 3 10
18 43 14
22 44 38
15 51 30
15 53 18
28 13 31
28 31 21
1 17 4
27 26 11
20 7 40
32 45 18
28 60 25
40 9 10
24 23 22
17 13 31
31 31 16
34 25 18
16 33 21
22 8 5
39 11 14
31 28 2
35 24 40
24 57 8
34 53 39
33 17 39
29 41 25
10 25 20
38 42 26
11 27 27
6 38 4
34 36 2
34 47 8
25 12 2
35 18 24
33 26 4
38 47 15
1 26 18
35 36 18
33 37 19
39 2 6
24 51 13
8 18 7
22 20 23
30 23 13
7 44 33
16 23 10
19 24 31
14 52 2
38 16 40
33 12 29
9 19 32
22 48 22
35 46 35
29 39 13
12 4 33
8 1 23
18 60 33
25 13 34
23 34 17
29 2 10
26 53 29
2 11 9
32 35 8
4 18 25
23 7 24
25 32 10
6 39 7
6 35 4
28 16 22
1 39 38
30 44 38
17 42 12
39 24 35
35 59 39
20 9 26
9 11 12
24 14 6
11 18 7
29 54 18
14 33 29
3 57 14
25 27 26
11 16 4
32 18 11
30 43 31
32 32 17
2 31 1
32 56 12
11 29 35
11 46 16
7 45 10
3 15 32
5 57 36
4 41 31
7 38 27
32 52 3
3 14 31
16 43 12
15 16 27
14 57 6
14 21 7
9 25 21
4 50 13
31 59 4
2 32 31
30 27 30
29 20 24
2 5 21
28 27 24
4 32 36
6 36 39
10 6 33
11 17 36
15 43 2
30 4 27
37 61 29
25 7 37
1 10 29
29 5 31
6 32 2
6 26 6
31 25 2
6 38 39
9 42 37
17 30 19
33 40 12
14 20 7
37 61 5
16 12 26
5 18 30
28 1 3
38 25 4
19 26 7
4 30 17
5 46 21
24 57 6
11 49 32
37 11 5
11 40 11
25 14 8
11 18 6
38 17 39
3 34 20
5 5 16
8 51 22
4 48 18
35 50 34
25 13 12
34 32 28
31 22 19
3 2 27
12 54 22
27 38 27
16 57 13
19 57 19
6 14 21
22 10 3
1 51 35
38 7 33
35 7 33
11 9 31
31 61 23
11 19 36
36 29 37
9 21 15
3 61 34
36 46 38
13 27 34
10 17 23
7 40 6
32 47 10
24 5 6
6 24 34
29 11 7
35 46 38
28 23 10
33 38 15
21 23 30
18 14 6
25 55 17
23 9 2
34 6 17
9 13 19
36 23 27
27 7 1
3 15 9
1 17 4
1 45 31
7 33 28
2 37 37
18 45 21
13 15 20
17 1 25
38 1 30
5 19 36
25 51 14
18 31 15
32 44 9
17 8 25
14 58 16
30 19 34
14 22 35
2 32 39
6 38 20
11 57 13
35 26 8
7 9 34
28 46 4
18 11 32
23 1 35
8 16 7
32 45 10
20 5 32
20 21 24
31 27 33
3 3 2
39 29 8
13 5 15
40 12 8
2 54 16
12 42 3
13 29 23
31 59 21
37 22 18
37 13 4
12 34 27
7 16 22
1 9 15
9 48 27
3 36 29
15 21 24
7 32 3
6 23 39
24 15 31
38 41 39
8 45 18
35 49 29
27 55 16
9 1 28
13 45 8
28 46 32
6 17 34
28 10 30
6 16 2
2 43 18
1 8 19
33 7 15
4 15 33
16 27 31
7 56 9
14 24 5
16 11 5
4 55 5
39 5 1
12 29 13
24 48 11
4 30 25
29 36 29
32 11 33
34 47 3
26 29 38
31 20 3
26 12 26
36 3 22
1 26 21
8 12 36
31 46 18
10 53 18
5 57 34
14 46 38
17 30 9
5 39 4
4 54 18
1 5 36
8 35 9
24 25 21
26 20 39
10 53 19
17 4 37
24 32 38
38 46 7
24 17 25
29 17 15
22 16 20
4 38 25
33 14 7
7 6 29
1 55 10
25 7 6
40 57 8
11 33 7
11 53 28
25 39 25
7 22 19
25 21 2
1 46 29
39 12 16
17 58 36
23 15 4
5 59 23
32 53 22
35 2 4
7 25 13
38 53 26
28 9 30
10 26 3
2 9 6
8 13 22
13 9 8
21 51 18
12 45 3
36 47 12
16 7 11
39 9 26
21 47 4
29 25 31
25 46 14
25 19 30
25 10 3
6 3 36
27 12 28
28 27 12
32 32 29
27 50 1
9 39 29
19 5 37
14 6 33
14 1 25
32 61 39
29 8 20
34 2 5
7 39 6
15 43 12
27 50 30
3 20 33
13 33 11
3 8 25
19 11 36
1 8 7
28 48 5
20 23 3
33 3 27
28 30 35
23 35 14
37 40 14
40 39 24
4 18 26
29 25 13
14 6 11
22 51 15
35 17 2
6 48 38
27 24 38
15 38 23
23 15 33
29 47 32
2 57 34
24 8 31
2 19 5
8 19 30
34 40 25
11 38 6
21 57 23
26 33 26
10 7 8
32 22 15
5 55 33
1 15 25
13 47 9
36 23 14
12 27 2
5 31 20
6 45 22
9 18 39
22 18 38
16 52 5
8 27 2
25 1 13
19 8 25
37 29 38
12 3 2
33 24 1
39 15 12
31 18 23
36 47 7
32 19 21
5 25 32
31 32 25
1 8 27
5 14 14
39 45 35
1 28 13
26 42 17
18 6 40
6 46 35
13 4 29
12 47 38
7 35 38
20 20 4
28 10 6
30 50 20
3 28 5
11 47 3
29 36 26
5 3 12
20 25 2
37 34 30
16 45 6
21 19 34
19 53 31
4 52 40
20 39 33
36 42 32
31 44 34
3 13 24
19 4 24
28 59 16
26 46 18
3 8 33
16 34 1
12 16 13
30 61 8
17 30 24
1 13 9
28 46 5
40 58 40
13 18 26
18 15 29
26 56 12
14 52 16
9 19 32
6 22 12
13 37 36
12 2 6
37 11 28
12 44 38
27 12 5
3 53 8
25 16 39
7 46 32
17 57 22
16 37 32
36 8 22
40 14 12
17 56 6
2 4 38
36 7 8
13 54 15
28 32 32
18 53 21
35 3 13
8 31 30
18 21 11
26 13 3
39 47 28
6 57 32
27 25 13
2 16 14
15 56 31
32 56 6
25 15 31
7 58 7
16 61 17
17 21 29
28 4 20
2 44 10
10 42 17
23 2 5
14 18 11
3 34 6
10 21 20
24 7 40
14 12 10
9 7 5
24 52 23
3 43 13
27 59 16
1 49 30
21 25 19
34 58 20
17 36 16
21 48 10
1 37 16
35 39 11
40 12 19
13 11 29
7 56 31
15 38 10
31 59 4
26 14 8
14 2 25
5 9 28
8 61 16
39 22 38
20 20 3
21 57 34
17 1 10
28 20 7
5 23 33
34 25 19
1 5 7
36 54 10
4 19 13
24 27 40
23 44 14
35 47 31
15 17 29
19 38 33
31 11 4
22 21 11
9 58 24
6 27 5
40 47 39
25 36 37
19 45 18
24 47 30
3 27 24
27 26 17
4 34 10
6 11 34
12 50 22
15 43 21
7 9 29
31 52 11
11 20 36
35 40 35
40 39 34
1 17 24
12 41 20
25 13 31
7 28 40
1 55 7
13 40 14
30 1 31
36 7 31
14 34 16
27 43 38
23 38 18
21 38 11
15 1 21
19 56 31
39 12 2
34 13 29
16 4 11
14 18 7
11 19 24
6 39 17
24 22 37
14 50 24
7 38 5
25 16 12
6 58 38
23 47 36
15 2 13
6 56 21
24 47 15
26 53 6
18 23 30
8 25 23
14 12 18
4 21 35
14 58 24
5 54 6
32 27 5
4 19 27
22 26 27
8 19 7
21 42 27
28 1 17
25 51 22
26 53 24
34 52 36
14 51 40
9 22 36
8 45 14
18 8 18
15 23 40
33 19 8
39 55 31
35 51 21
14 46 23
19 51 30
22 7 1
10 23 28
38 50 26
16 10 40
20 38 14
4 36 32
39 41 27
18 54 29
13 24 31
33 44 31
22 34 5
3 15 20
13 58 20
4 54 32
14 48 31
5 49 15
18 21 20
39 51 22
10 31 11
39 28 39
40 47 25
24 55 17
27 23 23
18 55 8
31 46 35
33 40 28
22 53 16
24 41 32
34 49 8
18 15 32
32 8 35
10 49 21
8 54 32
28 10 17
14 5 3
18 58 4
22 49 34
30 22 14
1 15 26
40 44 2
37 51 35
16 60 11
13 15 26
18 4 29
17 22 12
31 10 16
9 38 29
25 59 39
2 16 18
22 24 40
6 37 11
17 18 23
36 6 3
3 40 7
3 29 40
23 57 13
30 14 15
34 52 25
29 11 11
3 3 13
6 59 7
20 2 13
17 21 12
1 49 39
9 7 38
31 21 1
29 59 40
9 45 7
27 7 19
27 9 8
7 59 38
36 61 7
15 9 28
14 12 33
30 18 33
23 1 1
16 22 12
24 47 17
20 53 39
7 16 23
36 34 28
11 61 12
38 7 30
38 14 28
29 12 14
24 47 15
37 35 14
17 35 15
10 56 31
1 49 34
10 22 20
28 43 12
14 10 4
6 13 5
34 36 29
27 24 30
25 46 26
12 59 28
40 42 28
10 16 1
37 34 13
25 2 40
10 38 22
9 15 2
33 36 3
17 5 17
8 17 39
8 2 11
35 15 14
16 33 9
38 1 24
29 7 40
36 18 18
24 44 14
11 18 9
4 35 35
34 51 8
2 28 24
21 50 10
31 25 4
29 57 5
33 26 27
5 32 20
29 44 4
33 25 18
4 42 35
33 24 2
32 46 1
40 50 2
33 45 38
8 57 6
39 38 39
27 52 4
38 7 30
22 22 9
5 19 31
11 30 38
39 17 25
9 31 10
11 14 6
23 6 8
22 37 39
16 7 28
10 46 26
40 28 6
6 26 11
23 15 11
3 52 39
3 5 8
17 24 37
36 35 2
38 9 4
31 19 9
18 39 37
28 29 32
10 33 7
3 20 13
34 49 22
28 28 40
25 61 36
6 28 28
26 3 30
29 50 21
8 44 30
19 5 22
5 4 19
1 41 14
40 38 14
36 25 17
25 22 37
27 17 40
29 7 2
4 43 28
28 33 34
27 15 4
6 23 21
13 38 23
17 23 11
6 24 23
21 43 18
3 45 32
1 40 17
25 7 16
19 22 13
2 3 18
7 53 8
16 38 38
26 48 29
2 42 5
35 18 9
4 42 28
36 57 12
34 6 7
22 17 2
3 5 37
33 49 7
15 37 36
14 46 19
36 55 2
31 45 32
27 47 15
5 45 23
3 23 13
12 54 18
36 51 3
27 60 23
39 12 11
38 20 35
20 48 4
40 10 28
16 25 15
40 11 37
14 49 21
27 4 37
39 42 40
4 42 28
22 13 31
25 38 9
33 7 31
10 13 21
30 21 25
16 21 3
38 28 4
14 55 32
33 6 40
11 16 17
26 33 12
30 17 22
12 13 31
16 7 25
15 45 23
21 60 19
8 42 2
8 4 26
15 53 32
40 12 11
22 39 26
29 13 38
18 20 26
4 49 24
18 32 7
37 48 16
11 12 37
21 5 36
8 12 13
8 45 1
16 40 24
38 13 5
1 28 10
22 36 20
39 10 26
3 2 6
9 14 5
2 53 30
26 10 35
39 2 4
4 21 29
30 1 7
37 49 28
40 50 37
29 33 4
33 21 3
28 5 39
14 33 25
32 59 4
40 48 13
33 6 23
20 59 26
12 27 24
35 13 34
3 48 34
9 30 8
10 19 4
8 5 15
4 18 19
14 48 37
1 56 10
6 51 15
40 2 11
1 1 27
30 37 17
25 41 10
36 49 11
4 26 4
25 44 40
40 13 39
18 3 15
4 42 16
23 22 17
5 51 16
30 13 32
12 44 34
29 43 22
12 22 2
18 15 39
13 39 10
38 29 29
26 58 15
8 58 25
36 33 1
30 39 8
33 57 17
27 57 25
19 47 1
9 16 4
31 20 20
16 25 11
40 9 30
1 14 18
40 39 2
25 13 35
38 6 3
19 42 10
31 35 18
18 40 22
22 18 27
22 20 17
15 60 8
13 14 4
7 3 8
27 30 11
13 29 24
39 3 23
25 26 9
40 16 3
11 21 40
40 12 1
2 5 7
30 42 7
36 18 38
8 22 13
29 9 6
39 58 3
26 37 23
12 58 24
9 55 21
20 52 23
22 9 29
13 16 39
28 42 1
35 13 12
6 48 19
37 57 34
35 28 13
26 5 9
19 25 18
13 10 30
22 19 24
29 23 16
25 5 35
33 1 7
6 7 14
23 25 20
34 40 10
15 61 11
9 27 24
21 17 24
34 47 39
13 17 32
2 55 15
35 29 19
15 34 26
5 7 6
5 28 34
26 55 33
10 42 22
31 53 21
38 40 38
21 9 22
31 36 15
1 40 10
30 8 39
37 32 34
28 52 10
28 33 8
28 29 29
39 55 26
20 41 18
18 58 36
39 9 13
38 15 36
23 8 22
11 24 6
3 54 9
13 56 19
27 55 34
28 51 27
32 22 17
1 49 7
38 33 11
40 57 29
33 30 21
27 11 15
29 2 31
32 51 33
21 34 19
24 32 39
25 38 37
24 39 34
14 6 10
4 10 23
30 36 29
19 50 24
23 2 20
14 32 20
2 9 22
26 27 33
27 32 3
39 49 9
30 27 19
15 27 18
25 3 9
4 36 20
15 4 25
13 55 6
28 43 15
17 54 5
20 27 9
3 21 20
36 12 34
3 30 12
28 23 11
21 58 38
27 42 35
17 57 20
8 26 34
33 12 24
7 2 4
25 18 2
26 13 32
39 37 7
34 36 7
19 26 27
18 31 36
14 58 19
20 47 19
36 25 37
36 42 21
7 52 35
37 53 1
5 49 35
21 47 19
11 46 10
21 36 14
23 3 39
35 56 2
23 37 6
29 6 5
30 31 25
10 33 31
25 37 10
23 61 25
12 31 15
3 27 23
32 45 18
12 24 9
1 13 35
18 53 17
36 34 27
11 27 28
17 26 34
40 5 9
5 11 18
6 13 30
30 58 24
37 8 35
17 4 23
15 49 10
25 52 11
26 36 3
25 47 27
20 43 39
39 33 38
36 29 34
33 53 25
26 42 6
38 61 15
5 61 15
23 28 20
36 31 31
13 51 9
32 58 17
12 23 3
19 44 7
27 44 24
29 23 15
37 58 13
10 17 18
35 42 26
24 19 4
22 39 3
10 54 21
35 15 10
15 18 36
38 43 38
8 10 31
25 17 17
15 40 36
35 6 23
35 1 21
37 45 22
33 31 35
23 13 24
27 38 32
29 41 14
14 61 39
26 60 34
27 54 29
33 42 12
14 13 5
40 49 33
26 40 28
36 32 17
38 46 18
1 50 2
33 12 6
14 4 40
7 20 6
8 22 22
32 42 34
33 11 39
23 60 30
3 32 30
6 58 39
24 61 35
39 29 2
32 44 36
14 43 35
7 53 8
1 13 4
8 12 33
18 35 12
37 14 13
33 28 22
25 45 17
10 8 9
32 35 12
32 39 7
30 12 32
8 50 40
38 33 11
35 39 15
6 11 3
32 51 38
12 47 17
27 14 27
3 27 24
1 34 3
24 12 27
10 27 15
15 58 33
1 2 4
28 5 12
19 22 8
27 1 29
16 52 23
24 46 15
5 55 30
25 18 2
28 7 18
6 47 5
29 26 9
5 18 22
13 47 11
2 60 27
40 53 13
6 7 32
18 36 8
39 19 3
25 60 34
16 21 32
2 7 21
26 52 23
21 26 17
27 23 32
26 39 40
10 40 28
25 18 5
25 21 14
11 51 5
36 27 19
25 32 33
11 16 27
9 10 15
30 55 32
25 5 32
38 4 29
37 48 2
15 39 27
12 6 6
9 44 25
33 4 12
13 26 28
12 16 34
31 59 8
35 16 11
29 46 14
33 55 23
20 19 38
29 18 25
22 44 7
8 38 38
7 12 37
40 17 9
15 29 9
9 52 4
18 42 30
11 57 31
18 33 38
31 51 19
31 35 37
19 44 21
20 56 26
31 55 33
18 4 32
14 9 22
25 61 2
16 25 28
21 33 38
12 42 1
4 20 27
12 28 16
36 31 24
24 7 1
5 52 14
29 16 25
14 28 38
6 35 6
27 6 7
22 54 39
19 50 30
3 52 11
31 61 21
22 3 20
9 46 10
22 3 20
29 3 7
31 44 31
34 33 27
39 57 35
34 56 7
23 34 11
16 57 13
20 44 32
1 56 40
3 41 38
11 8 34
3 18 33
18 45 3
25 40 34
39 19 3
8 59 23
11 44 2
28 19 16
9 25 3
19 33 5
26 60 2
33 50 38
28 6 29
26 45 32
39 30 31
34 12 29
33 2 1
21 49 40
26 14 9
9 57 25
35 2 26
2 54 28
16 17 35
37 55 6
10 15 19
4 46 5
7 20 6
37 60 39
32 54 14
21 25 19
20 38 9
10 60 33
6 25 5
27 20 25
2 45 17
5 8 32
2 28 25
12 50 14
9 60 16
21 3 3
8 61 40
30 24 38
28 18 20
5 54 31
14 47 3
17 21 18
33 33 19
34 16 38
11 61 37
30 28 11
33 29 9
19 28 26
15 49 26
7 47 21
29 31 37
30 14 1
26 60 16
4 60 14
28 41 3
38 43 20
6 45 10
34 8 3
19 58 14
38 53 13
6 21 33
19 58 22
30 29 30
20 9 11
2 47 15
5 31 29
15 40 24
12 43 32
24 14 4
13 50 11
12 44 13
36 49 27
34 51 31
18 39 5
10 33 20
17 53 22
25 27 30
5 4 29
38 50 22
31 6 20
1 51 22
17 11 4
10 39 5
9 36 11
25 13 27
31 40 14
14 40 15
21 53 39
15 8 34
26 45 9
19 46 25
27 61 37
25 29 18
17 31 34
2 3 21
6 19 13
21 34 13
16 5 11
14 13 18
5 38 3
18 25 3
22 35 31
13 44 24
26 30 10
3 9 8
2 7 25
10 14 14
30 42 10
6 61 2
37 7 10
38 57 21
12 35 18
16 14 37
4 25 39
21 9 30
39 16 9
26 9 14
34 28 7
36 36 39
13 60 23
14 43 26
16 42 2
32 14 19
36 59 11
16 23 11
40 4 32
34 20 35
25 11 23
11 39 22
21 13 23
20 45 21
8 26 18
38 21 2
17 51 40
15 39 26
23 46 25
6 23 13
31 4 17
2 54 23
40 1 25
7 40 26
29 1 6
40 38 18
2 57 33
38 6 11
14 6 18
18 29 37
18 32 9
19 33 12
27 7 27
24 21 23
3 52 36
6 7 13
3 27 37
11 30 40
19 36 6
37 40 17
6 36 32
29 7 36
4 61 28
15 37 24
10 23 5
30 55 10
21 16 29
23 48 12
37 17 20
39 27 1
22 60 17
15 40 31
22 43 39
29 31 23
13 56 35
6 31 18
11 55 21
10 55 14
35 9 15
33 25 33
24 56 12
16 36 20
7 32 17
32 49 25
12 4 9
35 36 16
1 54 13
32 9 21
40 60 13
25 36 13
11 42 21
32 23 36
31 27 7
23 54 5
10 51 14
30 24 40
32 17 25
18 12 13
34 16 18
12 5 4
31 23 11
1 29 33
3 61 30
15 20 7
33 16 13
40 27 37
10 27 15
25 44 36
12 51 3
11 7 5
40 42 22
34 10 33
6 43 20
2 52 37
16 21 34
14 13 6
32 26 31
18 24 1
26 36 30
40 13 30
28 40 2
34 37 19
2 57 38
25 40 38
12 9 28
18 27 6
9 50 38
30 56 2
1 26 17
31 23 13
33 19 19
14 7 40
10 57 11
15 37 6
35 12 21
30 5 29
9 31 35
12 7 27
3 7 31
28 52 10
31 3 40
15 22 34
24 31 9
36 48 36
40 42 18
8 5 24
33 22 29
39 32 12
29 9 3
23 51 25
28 22 24
14 4 26
6 17 26
36 4 19
23 59 7
40 33 31
17 23 3
24 6 26
39 48 9
6 13 36
38 8 11
6 12 21
21 59 39
33 26 13
15 55 15
32 41 1
12 57 9
29 12 5
17 24 17
2 2 5
28 53 6
29 11 23
19 42 9
16 10 14
32 17 21
18 44 30
5 60 11
35 57 10
34 54 40
6 44 3
38 28 7
24 7 8
14 26 40
28 46 18
5 32 38
25 34 24
5 58 3
28 4 14
13 11 31
37 55 25
33 4 23
13 40 29
20 32 11
1 20 3
6 44 27
1 45 27
14 27 24
7 1 7
9 7 22
3 16 23
2 7 18
15 9 26
24 58 27
6 36 20
23 36 34
27 32 5
32 47 3
14 23 40
28 23 15
29 29 30
26 57 7
30 6 21
26 31 12
30 43 15
31 7 13
27 47 29
1 22 9
40 44 38
39 4 29
14 39 23
37 28 6
22 16 30
9 35 36
24 28 17
19 4 8
38 41 15
36 27 8
24 29 2
7 12 12
34 25 23
10 9 25
23 51 9
6 13 28
29 19 40
5 16 7
26 28 33
26 26 31
12 58 12
12 35 12
35 15 16
29 25 18
26 1 4
1 27 18
34 33 6
23 21 29
6 57 10
31 26 30
27 36 12
25 2 7
22 20 9
16 34 30
4 41 24
23 47 30
24 42 10
33 4 25
40 28 9
36 10 35
28 46 22
10 8 30
7 51 40
22 54 40
11 9 29
38 3 11
11 41 29
24 8 38
4 5 26
39 54 9
23 56 22
39 5 33
20 60 2
9 3 9
2 15 11
2 34 17
29 13 27
40 30 35
6 2 34
26 5 4
5 43 21
35 43 16
35 17 23
18 4 14
2 45 34
29 51 1
25 27 25
31 14 35
15 57 25
29 48 40
9 7 35
15 1 38
35 28 22
14 56 7
11 54 1
1 6 7
2 30 25
22 47 26
13 57 1
4 50 1
11 46 20
40 56 17
24 23 6
33 17 29
19 54 7
21 32 8
7 27 4
12 49 38
11 27 27
2 61 1
8 34 38
30 16 1
30 29 37
20 43 18
29 31 37
2 39 39
18 31 7
33 54 17
21 7 23
14 52 17
29 15 6
4 16 25
27 49 36
39 51 37
25 61 2
33 12 40
11 58 13
18 20 16
37 11 26
30 56 4
1 52 24
3 50 7
18 39 31
7 25 34
20 11 4
16 24 32
13 34 35
21 44 9
28 55 20
17 26 35
13 19 35
14 33 32
13 2 18
23 38 29
25 32 33
15 52 27
15 45 19
32 10 29
5 21 5
26 57 6
27 13 14
30 57 36
22 58 2
38 21 8
2 18 2
5 14 12
28 8 38
23 14 38
34 22 26
25 16 32
13 24 35
36 35 10
38 29 29
2 22 22
39 36 10
39 47 31
21 39 24
24 39 17
10 44 37
5 28 9
8 48 15
8 61 11
4 36 28
17 26 16
18 40 28
7 1 3
35 29 8
19 41 4
29 42 39
33 4 36
8 14 37
8 26 36
6 11 8
29 55 36
28 17 18
4 33 22
35 34 7
37 47 7
26 40 37
4 46 26
20 21 25
4 25 24
40 53 27
8 28 11
22 51 1
9 54 2
21 51 28
28 13 31
23 16 23
17 21 8
3 21 39
28 37 32
27 52 11
5 38 16
3 15 12
34 5 32
12 26 8
11 32 35
23 59 26
32 38 40
17 61 9
3 59 39
17 48 10
25 4 23
6 13 12
1 14 22
6 23 5
24 38 39
22 43 11
26 61 33
14 4 14
37 1 18
15 9 4
21 51 4
34 11 15
21 17 23
33 13 17
11 45 13
12 54 18
17 36 33
38 14 38
9 43 40
37 22 2
34 15 3
8 58 7
26 33 5
1 51 9
19 40 7
1 61 25
7 56 18
3 47 39
26 7 3
12 13 12
37 58 5
37 4 17
25 21 7
13 24 30
27 42 15
9 43 35
6 23 29
19 21 28
16 32 34
30 35 12
12 1 32
17 34 37
34 13 31
8 33 11
3 23 23
13 44 8
16 7 2
29 57 19
35 26 38
12 9 8
26 29 21
10 37 22
25 10 34
25 3 10
16 50 21
14 3 2
26 51 28
27 41 5
29 24 11
39 55 27
10 42 1
40 61 20
31 10 8
22 18 1
2 8 37
10 3 21
4 54 13
10 30 37
2 46 33
20 4 30
10 25 11
37 20 3
2 57 19
25 29 30
4 10 25
6 30 2
26 41 34
16 8 14
24 20 23
6 21 17
31 10 35
24 60 40
18 16 36
40 58 9
39 32 2
27 16 6
36 27 29
32 34 15
34 60 30
15 43 39
23 25 3
3 15 35
12 35 5
28 32 6
37 38 38
9 7 28
36 40 22
12 25 2
37 58 11
19 39 25
4 6 39
21 9 21
16 51 5
11 50 28
40 54 17
28 54 15
12 49 36
12 8 6
36 40 18
28 61 6
15 12 24
1 25 7
15 49 3
31 21 13
31 45 29
7 49 19
17 48 13
9 19 13
14 32 2
13 10 6
20 28 3
14 51 15
34 56 2
27 13 23
2 28 14
16 16 38
36 23 14
27 61 7
12 34 2
21 20 26
28 35 15
1 44 15
37 49 1
23 40 32
26 1 5
4 42 34
7 53 25
35 1 6
20 34 37
21 29 25
39 57 19
36 56 3
14 46 13
4 26 17
4 36 39
5 58 28
23 22 10
19 46 2
35 58 2
37 10 30
36 53 13
9 3 1
40 15 16
22 8 18
31 48 18
5 50 36
21 29 16
10 52 17
31 47 13
16 54 25
2 26 18
40 33 25
1 10 40
16 20 38
24 5 14
34 39 18
11 18 25
10 39 37
29 4 13
36 46 24
14 9 11
13 3 6
17 44 38
30 9 34
20 19 26
5 56 27
30 3 21
16 22 25
17 13 31
12 32 32
39 58 15
37 52 33
37 45 24
19 28 9
6 47 13
9 1 25
29 29 10
24 53 34
40 25 14
4 23 22
37 2 27
32 3 6
7 24 40
15 57 8
35 29 34
40 38 33
15 1 29
9 43 38
35 37 37
9 39 17
28 11 14
23 21 19
25 60 5
4 50 11
7 49 36
6 27 30
13 33 32
22 13 15
22 23 34
33 57 18
16 5 18
39 11 31
14 24 26
39 45 22
24 54 32
16 30 19
25 2 8
39 30 9
23 59 11
6 28 6
30 19 12
15 46 36
38 11 9
28 18 27
32 2 20
24 11 1
9 13 9
38 10 38
30 57 12
35 45 5
30 3 31
17 26 24
15 21 40
4 17 32
7 40 37
34 14 37
2 40 28
35 3 15
21 61 3
27 14 14
34 55 13
24 9 10
12 53 4
9 32 25
17 28 5
26 45 35
36 47 2
23 13 11
33 58 26
37 50 9
10 55 13
39 46 17
40 11 12
12 28 29
33 1 12
38 24 35
16 36 39
39 38 30
34 7 24
11 55 30
29 59 35
9 57 10
12 53 39
24 13 12
24 55 33
4 29 21
4 48 12
4 42 11
12 49 26
6 11 11
29 50 37
39 28 21
30 51 33
18 58 10
7 11 22
39 47 3
10 9 34
2 7 17
25 9 36
35 60 12
3 57 38
8 13 14
15 7 34
39 1 23
8 60 24
4 30 18
14 31 10
19 39 23
1 21 19
17 20 38
19 8 18
8 37 11
17 50 21
7 4 12
33 32 18
26 42 2
26 48 33
25 43 1
4 2 5
3 4 24
16 28 33
27 27 10
24 44 8
24 17 31
10 25 6
22 38 6
39 14 40
6 35 33
26 41 31
19 18 17
34 51 40
39 4 11
30 46 40
24 55 16
15 13 22
21 47 18
18 56 6
31 36 21
36 22 24
16 53 13
4 17 11
38 28 9
2 59 15
31 18 26
34 55 9
20 59 20
22 9 21
26 9 18
39 57 39
20 16 6
8 25 1
3 42 31
11 27 9
35 46 22
7 9 30
9 30 8
16 7 35
30 41 40
23 54 30
4 6 25
32 11 8
22 1 32
19 41 36
35 27 36
39 42 9
23 28 33
34 31 21
22 22 27
12 56 10
34 38 9
10 54 39
19 33 3
8 60 8
21 58 22
17 49 16
28 11 34
35 35 1
18 23 4
31 9 13
1 2 34
23 60 32
35 53 15
24 53 35
8 22 22
24 15 40
17 24 23
13 46 8
6 4 19
33 12 10
35 6 7
39 7 7
37 32 26
26 43 20
18 42 24
4 54 9
36 59 2
19 48 40
19 20 20
37 17 20
29 42 38
28 26 25
21 22 40
35 2 28
34 10 16
10 51 12
39 16 40
3 18 21
17 37 23
27 50 8
32 52 16
20 10 21
8 41 4
15 19 17
5 53 12
35 5 32
6 51 22
17 28 6
39 21 28
27 7 39
23 12 22
24 33 21
15 54 25
29 33 35
12 46 40
6 19 32
22 6 30
12 30 40
26 39 15
23 31 9
39 38 35
7 6 11
7 13 9
10 20 21
5 22 36
12 47 17
39 58 26
37 28 25
17 35 22
13 46 23
22 28 23
3 59 38
39 5 5
4 7 14
6 8 30
38 13 27
35 40 10
14 31 11
22 21 4
38 26 13
3 51 12
24 43 24
10 37 23
5 38 17
13 45 17
29 22 7
14 16 23
4 39 18
7 17 35
29 14 8
23 12 36
22 38 1
30 8 8
24 36 23
1 12 24
25 21 9
22 14 11
33 37 40
30 45 23
7 17 20
27 6 9
25 45 12
14 39 38
24 49 40
18 27 33
12 42 33
25 36 14
18 25 22
16 18 14
30 38 20
7 32 26
33 3 36
20 12 10
23 7 13
6 2 6
18 49 35
19 1 16
3 25 32
39 23 7
34 29 5
27 35 18
1 25 30
19 4 6
9 14 36
21 43 7
35 20 40
28 13 39
16 24 32
13 4 35
18 32 26
3 6 7
12 31 29
39 43 22
4 46 26
29 60 1
11 56 29
20 42 31
19 60 9
11 41 7
32 46 34
6 30 22
4 38 4
32 35 9
11 61 14
29 57 16
27 27 31
27 61 26
34 59 2
26 4 14
18 34 35
13 39 35
30 48 29
27 10 11
19 20 20
19 18 12
32 9 2
8 44 30
39 61 15
40 52 17
38 28 2
21 7 35
5 60 20
18 50 26
38 20 14
6 46 2
20 11 17
6 12 9
3 11 18
2 61 40
8 21 34
7 14 39
10 10 10
23 47 10
38 4 37
39 32 8
36 3 34
26 4 18
20 4 6
37 56 37
18 10 21
18 36 3
16 20 1
16 34 21
11 55 4
29 34 5
10 42 26
3 2 28
36 31 33
14 55 5
32 51 7
31 49 16
30 33 28
13 47 22
1 16 3
36 28 30
21 14 19
33 15 9
8 37 40
10 17 11
16 42 36
37 15 20
33 34 38
24 19 5
36 58 14
13 50 35
28 3 11
10 60 14
16 43 3
22 39 4
4 38 15
11 19 12
15 46 38
5 26 2
9 45 38
6 30 22
39 54 13
40 37 25
30 29 12
23 1 27
37 40 27
37 24 6
16 20 12
26 2 21
32 54 35
20 45 33
17 7 16
14 22 15
37 45 14
35 10 28
24 18 20
5 1 27
36 45 2
8 31 32
27 15 40
1 23 3
32 14 6
16 17 33
10 26 7
23 56 2
31 9 13
16 40 15
15 9 31
5 19 26
37 41 23
28 37 4
33 26 1
28 52 9
4 21 1
18 36 18
8 52 17
28 31 15
25 8 5
8 60 36
3 8 7
3 17 16
17 37 36
13 35 18
22 31 2
32 43 12
11 19 32
14 3 21
27 54 4
17 49 18
23 11 6
38 52 33
6 29 6
18 45 32
6 39 31
36 34 30
40 26 8
39 49 37
26 18 33
14 5 6
26 34 32
6 33 38
7 56 18
16 27 17
39 4 12
29 33 33
7 17 4
39 35 30
24 32 34
20 21 4
36 10 4
2 46 16
2 14 36
23 54 31
8 17 6
28 14 40
28 47 23
11 2 11
7 29 35
13 57 34
33 27 22
14 45 2
36 60 37
7 17 34
12 45 2
29 17 33
24 19 15
32 2 37
35 24 7
17 3 20
34 12 17
14 11 6
16 26 3
15 3 33
26 25 21
11 8 36
30 55 30
12 41 11
34 19 23
7 7 31
30 16 28
17 14 36
38 9 22
13 48 33
5 22 33
16 42 39
7 5 12
19 10 21
33 55 10
23 46 14
5 16 25
12 21 35
2 38 3
2 55 24
23 3 10
37 6 33
22 60 27
20 30 11
5 9 13
40 32 36
36 57 17
2 32 11
13 42 13
13 6 38
15 52 29
37 40 23
14 59 12
6 27 20
12 40 24
29 27 40
10 11 32
39 5 30
27 37 38
32 26 2
20 34 5
22 16 29
34 47 13
8 22 22
18 61 33
6 28 8
3 10 37
23 10 14
40 55 13
27 47 33
4 14 16
6 57 14
7 18 31
29 21 35
30 7 29
6 37 10
36 17 25
29 54 25
25 7 4
23 34 1
8 18 7
12 45 12
37 44 34
33 27 13
4 41 15
28 43 4
31 41 6
38 22 39
9 19 30
28 55 7
12 59 13
15 32 12
18 6 15
40 43 23
26 2 33
3 51 3
31 21 30
25 17 13
34 57 9
27 36 31
6 41 31
20 12 18
13 59 5
27 50 14
12 59 3
16 36 5
12 38 39
40 5 15
21 43 28
1 59 16
11 4 37
35 55 10
6 17 21
36 43 33
21 9 17
40 31 15
40 18 27
35 2 20
22 13 26
34 42 5
4 54 36
21 48 4
9 52 15
8 34 1
27 55 40
32 37 29
18 18 39
39 8 18
27 29 19
18 36 22
35 46 38
16 45 31
14 5 39
23 60 27
12 23 8
4 60 18
31 14 34
31 57 30
31 25 4
37 23 33
18 26 7
29 50 21
28 48 37
39 17 2
1 6 13
4 50 32
22 12 12
24 7 3
6 14 19
22 49 26
30 8 23
4 6 32
26 59 34
33 35 35
36 24 35
33 22 24
5 18 16
18 8 13
19 41 11
3 17 7
22 51 8
2 8 11
31 41 31
18 25 19
13 19 37
24 61 15
1 4 38
29 37 23
10 55 20
40 19 9
24 1 25
1 51 10
26 33 7
16 2 36
38 15 28
9 53 40
29 3 31
10 31 11
18 50 19
25 49 21
30 22 5
19 27 8
33 45 40
1 39 29
5 60 29
5 24 40
40 7 16
27 8 13
5 32 21
17 14 29
8 60 30
27 36 2
10 15 7
20 34 21
25 55 6
34 21 23
13 54 36
33 57 24
10 17 36
12 9 40
40 40 36
1 59 36
5 60 5
25 61 12
28 46 29
32 29 37
31 33 31
25 17 23
9 3 17
10 48 16
39 7 24
30 5 36
12 31 22
14 21 6
27 53 13
39 53 40
32 23 16
6 2 13
2 61 8
24 20 14
39 59 36
14 56 40
28 36 2
9 12 2
31 20 24
8 58 31
38 31 20
15 27 3
39 31 26
30 57 36
1 36 12
32 10 9
39 13 17
3 13 30
30 31 31
24 58 6
32 7 17
12 12 34
27 39 8
24 36 24
1 54 23
6 13 4
30 45 38
12 6 34
9 53 20
7 7 1
33 19 10
26 25 21
24 36 12
40 7 19
11 41 10
33 41 34
28 23 39
38 50 34
4 42 26
21 46 21
12 20 20
7 29 12
37 39 23
11 8 16
23 19 5
6 28 1
27 54 26
26 26 36
40 2 9
34 30 18
23 21 2
33 12 15
17 2 17
39 34 2
38 2 20
33 47 39
29 31 31
31 20 34
3 38 10
26 43 5
16 51 25
3 7 40
31 22 39
38 29 19
39 14 9
33 57 19
31 2 29
4 35 25
13 33 25
30 56 21
19 38 15
17 29 22
11 6 37
13 23 22
32 47 9
9 61 27
12 14 12
15 25 28
27 37 18
36 9 38
20 60 30
17 36 24
40 57 26
40 27 4
34 25 24
15 44 32
4 51 31
16 19 34
35 44 29
29 7 30
1 58 4
33 45 24
20 3 1
1 5 17
36 47 26
33 56 8
7 32 18
25 11 28
32 58 21
2 41 28
37 9 40
23 43 13
31 40 9
17 21 20
5 21 19
3 8 38
22 22 9
19 48 11
36 40 15
34 27 34
8 17 14
40 37 8
5 36 21
36 11 14
35 51 34
22 59 15
9 11 37
6 17 9
25 10 4
13 6 28
4 3 14
29 56 40
30 21 22
9 35 15
37 40 2
3 15 26
13 45 2
24 25 13
23 3 11
10 12 39
21 18 5
30 46 19
17 50 27
26 22 40
6 49 10
37 39 7
30 10 40
11 59 33
34 36 20
14 27 25
29 24 2
34 37 39
23 12 21
23 58 35
36 12 10
39 35 6
23 19 36
39 3 29
26 3 10
17 11 19
29 35 6
4 29 40
16 51 7
40 30 16
1 24 31
28 52 7
23 53 8
30 29 38
3 26 21
18 50 1
16 36 24
27 17 5
31 16 29
28 44 35
15 33 29
32 23 28
19 8 39
11 40 26
28 48 23
10 30 25
10 34 20
36 34 10
25 45 9
21 12 29
10 30 5
18 13 31
19 37 39
35 47 31
27 20 32
13 38 4
32 25 7
31 56 7
24 56 7
27 43 36
35 41 34
4 20 8
1 15 8
39 34 8
20 44 17
27 46 32
27 27 11
3 58 26
25 26 30
29 24 18
9 49 25
38 4 35
36 12 23
32 21 39
5 4 34
20 46 38
12 33 26
9 42 18
26 31 39
34 5 4
21 1 33
9 53 32
31 16 7
7 42 12
28 55 28
23 40 23
24 35 10
37 19 35
20 38 12
7 56 5
34 25 38
23 33 15
19 60 1
33 11 10
20 41 32
5 18 31
35 11 28
20 59 18
33 49 28
27 28 24
5 44 33
25 1 32
32 30 29
15 21 7
9 29 24
10 59 2
40 12 39
40 34 19
7 12 26
35 7 30
36 30 31
34 9 4
1 7 38
36 60 6
6 10 27
19 27 40
15 32 4
8 36 5
24 60 36
18 38 15
27 27 24
20 14 8
40 57 17
14 7 13
5 58 21
20 61 14
37 13 25
18 48 34
16 22 25
38 54 25
12 60 9
8 3 12
8 15 38
11 19 26
8 31 22
20 9 11
5 56 11
16 22 22
33 3 5
26 30 3
38 25 23
13 20 12
32 13 3
33 15 38
9 30 10
40 13 11
22 8 35
6 11 14
14 33 27
27 6 38
4 17 34
5 27 13
25 48 3
38 27 24
24 34 4
9 3 9
8 40 22
17 57 31
9 43 22
18 40 7
26 3 21
16 19 20
11 21 2
35 54 26
3 18 37
17 27 20
35 53 7
6 3 27
30 18 17
15 40 6
27 27 5
40 30 2
10 27 39
2 40 15
12 1 30
29 42 7
38 18 22
16 27 34
38 20 36
7 13 23
32 16 34
30 57 20
4 58 13
11 43 36
18 44 33
1 55 13
7 21 4
39 54 34
38 23 14
29 40 8
18 54 18
11 32 3
39 37 27
14 41 2
27 42 26
31 19 21
37 54 10
12 19 26
4 2 31
30 5 16
31 14 37
29 44 30
30 45 7
36 2 25
40 19 11
19 2 14
35 19 8
20 10 16
1 48 28
29 48 29
17 25 21
4 53 35
29 4 26
2 23 22
38 21 29
39 23 24
28 37 5
18 2 31
34 27 11
8 36 13
18 20 2
9 60 33
38 29 15
8 12 17
19 54 31
18 42 16
40 9 36
40 47 26
4 15 7
13 26 39
14 38 2
27 15 26
27 61 13
3 14 30
16 41 32
8 24 25
30 54 4
17 19 10
11 9 1
10 47 38
4 61 29
37 4 35
17 1 10
23 1 2
33 25 17
24 39 26
18 6 35
10 43 36
16 41 36
27 5 28
31 23 21
23 35 14
31 28 32
29 39 24
24 18 4
19 15 27
9 34 31
22 24 32
10 19 3
30 60 29
17 27 7
12 57 6
37 26 9
32 24 38
12 42 2
1 60 26
15 12 29
36 5 12
24 28 5
2 42 36
17 1 16
25 61 27
14 39 6
35 19 38
11 35 30
7 52 39
21 14 36
20 45 1
36 46 15
6 41 24
8 40 15
15 2 21
9 36 20
26 44 31
9 38 39
21 25 40
16 46 1
16 49 21
31 42 31
7 19 19
4 38 21
33 25 25
38 22 20
23 12 6
35 44 2
21 16 8
29 29 27
20 27 32
18 41 10
13 42 20
1 35 38
38 20 3
23 57 17
26 21 35
28 19 31
25 43 33
5 8 10
27 60 30
8 26 17
30 27 18
32 42 19
15 40 35
34 54 3
11 46 25
26 13 19
29 46 13
2 60 37
5 27 26
12 37 4
26 33 14
2 29 13
3 1 35
17 56 6
17 55 7
32 55 9
26 15 28
1 48 11
31 56 13
13 18 17
4 31 24
4 19 26
30 48 4
7 55 12
21 28 38
35 50 31
22 47 32
9 50 11
17 38 20
1 48 22
7 48 33
33 46 21
24 37 26
18 16 2
38 30 13
38 22 38
10 29 6
3 12 19
40 58 26
7 36 29
9 46 28
8 51 9
32 60 11
9 18 37
11 48 12
2 19 25
1 40 32
18 28 12
2 50 16
17 39 5
16 17 37
3 41 4
33 35 26
25 52 2
4 16 26
16 36 25
26 26 32
36 3 26
38 46 1
30 58 26
21 1 7
11 1 38
34 52 17
27 53 27
32 34 35
1 10 29
10 39 13
32 21 35
27 21 36
32 35 27
37 56 25
21 17 12
40 10 38
15 55 28
8 5 13
39 2 31
3 41 22
24 25 9
29 27 30
2 30 39
10 23 31
39 5 11
37 56 13
8 48 2
3 52 19
13 29 15
5 46 6
36 43 28
15 15 6
25 18 38
17 21 14
33 18 13
26 2 29
37 34 27
31 55 14
19 36 13
16 3 22
34 8 17
13 39 26
25 5 9
1 29 20
14 60 3
40 46 32
4 52 30
21 19 21
35 12 3
1 53 34
7 34 31
21 40 38
33 33 30
23 59 14
6 38 19
3 36 28
9 60 36
11 17 30
34 52 20
32 54 9
4 2 25
21 27 17
31 6 24
11 17 30
29 38 25
4 39 34
28 28 36
12 55 12
30 17 16
38 50 34
24 36 8
26 4 17
33 50 6
13 52 16
6 41 39
27 2 38
18 32 13
24 27 10
34 22 40
24 61 31
20 47 8
22 39 7
17 34 28
40 9 26
1 26 29
16 36 25
25 45 37
9 57 6
24 49 40
40 56 36
16 47 5
3 20 33
10 23 15
24 61 11
7 16 38
24 9 11
35 47 19
23 24 4
36 29 3
33 57 8
10 31 5
32 59 38
25 7 34
7 17 33
7 54 36
12 27 1
6 27 30
39 43 7
27 48 36
5 28 20
13 53 20
28 46 13
30 17 20
33 6 23
11 35 34
10 48 5
30 6 34
32 17 5
30 28 18
3 36 38
29 20 6
26 7 24
22 51 35
26 2 12
17 8 25
1 55 14
36 43 17
2 61 35
20 51 38
9 58 34
31 28 25
1 1 38
3 28 6
23 42 31
10 3 14
13 25 8
20 31 36
7 32 30
18 18 12
25 21 4
36 9 19
20 39 38
38 12 20
6 42 16
9 10 21
15 61 18
12 15 27
14 19 35
32 58 27
10 47 39
33 49 23
30 34 3
39 43 6
15 44 34
3 1 40
1 21 10
40 37 28
32 54 33
2 24 16
21 56 12
27 2 16
22 22 29
13 30 36
36 8 32
19 2 22
17 13 12
7 19 15
2 6 37
3 58 7
2 44 6
6 31 9
8 53 32
12 22 26
29 18 9
11 10 11
30 31 21
3 10 31
14 52 28
31 55 32
9 56 19
19 6 26
28 1 13
23 12 40
15 5 1
21 48 12
33 20 2
21 10 17
25 36 29
21 56 22
28 43 31
1 36 39
15 37 40
16 47 19
36 54 14
19 51 16
30 15 10
13 46 26
11 41 15
20 23 20
24 53 10
7 27 5
27 53 4
4 42 35
4 32 34
21 18 25
34 39 2
25 56 31
16 58 10
36 61 27
32 60 18
15 21 13
13 39 34
37 2 7
10 55 30
12 38 14
28 17 18
12 34 29
11 27 21
16 42 9
11 59 15
23 29 12
25 9 15
30 44 3
24 26 27
36 4 29
17 30 24
16 18 27
13 25 39
3 3 33
14 24 36
8 6 31
35 25 28
40 25 27
8 54 30
21 61 21
21 12 7
2 4 25
7 20 11
36 33 15
7 15 12
32 20 38
10 49 39
6 51 9
15 8 30
40 31 8
6 6 12
39 4 16
33 2 6
18 56 36
40 14 7
18 21 19
36 31 25
26 39 40
21 15 25
9 47 6
23 29 40
18 2 26
12 54 8
5 58 15
18 8 40
7 45 30
29 29 10
2 45 13
29 3 24
21 49 15
8 6 1
1 38 34
32 8 37
33 17 2
22 25 4
32 1 5
19 2 1
26 58 6
24 21 36
34 27 10
27 38 20
6 36 33
38 21 15
23 13 20
13 7 4
38 47 25
39 20 23
8 27 14
17 24 13
27 41 26
17 50 14
6 43 24
37 10 21
7 48 32
2 40 19
20 59 29
27 58 38
26 46 18
4 39 39
20 25 24
31 35 32
37 47 1
38 42 8
31 31 24
2 52 24
10 37 10
7 26 26
4 16 38
26 23 34
28 20 14
1 4 22
17 32 29
16 14 1
26 3 11
4 50 8
35 24 8
22 35 1
18 14 2
26 53 5
32 5 16
5 34 22
13 54 16
26 12 5
40 18 1
23 50 40
15 30 5
17 38 19
10 54 4
20 21 36
35 8 8
1 13 35
4 29 20
8 16 29
37 32 9
36 24 30
1 20 19
1 21 26
11 37 15
17 44 25
9 36 11
23 8 6
14 10 16
19 51 29
30 36 40
12 18 5
2 1 8
21 53 15
14 48 7
4 25 37
18 12 1
5 55 26
9 49 4
37 23 29
35 3 5
15 13 36
7 2 10
7 42 33
34 44 33
7 31 8
17 55 35
16 49 39
30 16 1
7 31 3
40 32 40
40 3 28
22 35 20
17 26 17
27 44 17
3 28 40
33 45 18
40 12 22
10 18 38
31 29 19
10 32 1
6 14 21
29 16 32
23 17 38
38 48 37
31 56 28
10 52 15
28 26 4
23 6 33
23 57 40
14 27 28
9 49 34
11 9 8
19 31 19
23 29 33
27 9 29
26 2 3
14 54 9
1 40 23
22 12 31
3 24 3
36 23 22
29 21 34
16 7 21
11 1 22
35 50 29
13 46 1
24 35 5
16 42 37
17 5 33
33 34 9
25 50 31
23 57 17
11 4 27
16 38 2
1 39 30
37 61 14
3 39 11
6 3 16
11 24 8
14 54 35
33 49 6
32 15 8
34 41 5
17 15 20
20 57 20
13 44 32
8 7 30
40 49 15
29 18 17
36 3 11
20 23 20
40 23 29
10 58 32
10 16 27
23 41 4
3 15 23
31 45 17
19 40 4
25 33 6
3 58 7
25 3 14
26 33 8
31 48 1
25 52 7
13 13 33
28 42 35
18 6 37
28 56 33
38 28 31
21 44 7
6 26 31
36 21 36
10 46 16
22 11 33
7 9 30
23 41 24
39 23 24
24 8 28
8 46 21
19 16 32
18 40 5
34 27 8
9 4 31
39 37 12
34 49 37
12 44 9
18 56 28
4 52 6
16 20 19
38 48 31
21 51 16
25 36 15
34 43 12
5 52 12
2 38 4
24 27 4
5 34 8
38 18 31
12 8 11
30 9 12
34 9 6
28 24 36
29 37 30
11 39 13
38 48 36
8 33 16
26 37 1
12 30 16
40 46 30
5 23 26
31 31 28
16 59 32
2 55 13
4 6 22
14 56 16
35 20 32
19 13 25
35 7 35
1 19 40
11 44 9
18 38 4
24 53 25
11 1 38
34 17 33
38 4 4
2 4 11
10 42 34
28 28 29
27 21 29
3 61 10
22 40 16
35 26 35
6 52 14
3 5 5
8 57 23
25 2 34
1 17 12
4 51 12
23 40 25
15 7 33
37 12 37
15 43 37
12 12 29
25 12 3
23 59 12
31 47 29
31 56 24
8 4 2
19 42 34
3 50 20
29 8 36
17 30 9
6 46 8
11 27 3
25 19 29
15 42 3
24 34 31
35 43 4
21 23 21
14 31 29
30 42 40
30 33 17
37 7 26
10 49 17
16 13 18
17 6 9
26 24 6
37 56 13
12 45 35
5 53 17
34 27 8
6 17 33
19 39 40
24 26 26
12 30 29
16 59 28
4 50 15
1 43 25
13 58 11
34 25 39
27 54 18
3 35 15
5 11 1
17 10 25
17 28 37
40 39 3
34 38 24
15 56 31
5 1 15
40 17 21
33 7 11
37 29 29
2 18 33
40 12 3
6 35 39
25 55 23
32 50 1
29 59 1
13 23 18
34 8 31
9 2 26
14 3 22
19 10 9
2 14 27
1 31 38
21 40 29
22 42 33
23 61 28
12 60 39
36 45 11
34 43 28
31 1 9
22 32 3
22 60 22
32 52 39
31 1 28
18 45 23
18 7 6
16 41 33
37 26 20
13 13 33
14 46 19
25 47 1
15 16 18
23 38 33
37 43 40
31 21 10
30 41 38
36 57 26
36 36 27
8 21 40
37 27 36
36 37 39
8 3 37
29 55 38
13 6 20
4 46 6
30 20 6
21 34 24
2 6 19
24 5 39
1 46 30
21 45 20
11 50 39
20 50 19
4 21 15
23 24 21
12 46 16
16 55 28
27 17 16
6 26 32
10 61 33
27 20 37
15 8 40
38 7 25
17 44 33
5 2 20
26 14 14
36 38 29
9 10 22
23 22 34
7 44 34
34 41 37
31 19 24
22 7 7
31 41 40
3 41 35
4 40 40
9 3 5
11 29 14
34 40 29
16 43 38
6 53 7
38 18 10
11 53 22
4 29 40
17 61 36
2 46 9
39 21 7
6 53 31
18 43 18
37 47 7
24 45 39
19 5 34
28 57 24
38 22 16
23 47 7
33 54 30
4 22 9
30 43 17
19 29 36
10 39 20
11 42 2
13 39 7
14 49 3
36 58 32
4 20 26
16 53 21
2 40 8
28 10 19
35 21 14
1 45 39
13 41 2
37 50 26
15 17 9
11 32 20
23 47 25
13 14 40
28 8 33
24 27 22
31 25 38
4 21 10
40 54 10
2 13 20
24 18 2
19 19 27
28 3 18
36 27 19
23 14 22
35 25 29
27 46 33
23 20 30
25 8 14
2 61 39
20 41 1
20 6 33
29 40 15
17 34 27
6 7 1
20 9 36
19 50 29
5 38 6
35 36 18
3 6 36
37 11 34
28 59 2
30 52 21
26 23 14
23 50 32
38 49 7
4 7 38
2 17 10
5 24 16
1 30 19
12 52 24
32 10 9
2 47 17
2 22 17
25 33 20
22 49 6
39 9 17
14 20 39
40 38 7
8 20 11
9 25 8
10 23 17
19 1 16
40 34 16
18 17 25
15 55 35
37 54 28
24 10 28
34 42 33
32 7 22
33 47 26
30 52 13
12 38 4
7 37 18
21 27 26
8 57 27
9 15 20
4 40 5
14 8 14
12 36 1
20 31 37
21 11 12
2 38 8
24 21 4
4 18 32
13 60 13
9 47 9
23 61 13
34 61 8
19 56 28
33 58 7
10 6 32
40 31 18
23 58 2
8 13 22
23 33 10
9 41 8
34 61 8
35 7 22
29 34 18
10 23 36
30 37 17
39 4 12
3 59 16
10 28 20
26 42 25
6 6 35
10 10 19
36 26 21
14 32 32
21 2 37
31 20 13
14 53 14
8 9 40
21 6 14
18 7 9
14 4 14
18 16 4
18 27 36
4 30 1
20 52 18
9 1 27
14 52 36
13 24 36
16 56 31
36 9 17
26 45 26
31 26 25
3 61 20
33 14 20
7 14 39
36 5 30
3 54 34
28 45 27
9 28 34
24 30 32
27 38 6
18 32 11
23 9 36
1 45 12
6 32 19
15 4 35
2 20 8
12 17 10
24 15 24
24 42 28
29 30 22
6 11 33
24 17 27
17 15 26
9 43 39
3 52 25
37 28 18
38 25 39
10 19 1
18 53 29
11 43 26
13 57 21
7 35 1
25 20 24
25 56 2
36 34 27
25 41 1
5 57 24
15 42 34
28 8 25
16 24 40
16 21 32
25 15 39
36 51 7
39 45 3
40 18 31
27 23 17
27 61 17
29 5 8
23 43 37
29 9 33
37 34 8
2 3 14
33 37 40
22 21 15
13 42 34
8 36 39
38 8 21
25 36 7
6 36 6
38 14 20
34 59 16
13 60 17
32 29 36
16 47 28
22 21 30
27 16 18
22 2 6
30 15 1
11 22 35
12 28 23
38 43 21
32 52 4
7 23 15
31 39 8
37 6 4
31 23 19
5 48 24
26 35 29
32 10 24
5 22 28
24 6 40
31 59 27
28 6 37
34 4 21
20 3 4
38 15 28
25 7 31
2 34 17
15 30 40
22 35 6
21 41 14
12 42 22
35 49 17
2 39 39
31 61 4
39 31 13
23 57 18
40 58 2
14 39 17
12 45 11
20 30 9
32 11 16
28 26 16
2 33 30
34 32 33
37 24 36
24 8 21
27 52 27
23 9 23
10 50 5
22 10 33
6 45 27
20 19 18
40 37 34
31 40 5
23 1 15
5 10 3
36 16 21
40 11 4
30 27 10
18 4 8
14 12 4
12 38 39
14 33 30
19 37 19
38 21 14
5 56 18
39 10 6
29 40 9
13 2 12
28 16 35
31 44 38
34 28 2
22 25 38
26 15 36
40 25 28
12 23 13
38 58 7
7 56 40
12 29 17
23 12 40
15 31 12
28 2 39
36 3 40
23 52 20
11 11 35
23 13 16
40 6 13
30 25 6
19 52 21
2 9 26
18 32 6
1 6 25
36 43 12
33 45 19
15 6 20
19 9 17
36 44 35
17 7 37
14 54 16
26 5 16
33 12 1
28 59 39
13 41 20
2 47 35
8 49 3
17 12 32
7 27 3
10 59 1
35 14 11
12 44 14
29 22 28
23 55 13
29 39 11
30 16 8
31 35 17
25 28 1
13 3 2
24 19 17
29 56 35
1 57 32
23 53 25
23 44 15
5 56 18
13 22 24
38 11 23
13 19 14
11 14 30
20 36 21
28 56 15
18 43 16
22 7 35
26 4 2
17 20 7
9 32 23
35 20 40
22 53 38
34 58 28
13 57 9
6 34 30
25 43 8
10 37 4
12 23 23
20 13 3
26 38 1
1 57 20
5 59 20
34 14 32
17 55 4
24 7 38
9 9 37
35 27 26
34 57 37
36 55 27
38 6 16
38 15 6
33 44 10
9 6 11
39 40 19
3 39 33
38 31 38
6 17 25
30 47 2
24 40 33
30 6 5
33 24 29
13 12 24
24 13 39
38 59 36
28 27 12
19 18 28
20 60 34
37 40 29
30 7 35
40 57 23
34 6 9
1 56 25
24 7 34
14 31 36
17 15 18
26 4 25
39 16 28
24 2 35
10 16 33
14 60 10
15 4 17
32 20 23
24 26 6
10 6 16
24 8 33
9 14 25
30 22 27
9 8 21
1 20 9
31 34 6
13 50 37
7 1 32
16 41 30
34 45 31
16 35 15
19 13 1
4 6 19
37 21 39
29 40 36
1 5 34
2 54 8
27 27 19
2 42 31
6 24 11
3 35 2
32 6 35
35 52 1
28 17 20
9 11 39
39 61 3
16 2 26
4 51 5
32 48 27
34 45 35
39 51 30
4 33 4
25 19 4
16 11 13
14 34 14
11 58 30
23 3 18
2 47 37
31 50 28
38 1 10
25 3 40
13 41 32
38 24 29
33 61 15
27 33 27
16 29 15
22 1 30
6 10 1
40 52 12
3 3 37
8 41 12
29 54 6
19 14 13
19 53 29
34 28 14
11 52 35
2 23 39
7 43 32
11 10 17
19 27 10
20 6 33
5 53 22
3 45 21
6 38 6
9 15 16
17 1 33
11 33 21
15 32 2
7 19 26
23 18 33
36 34 3
38 47 18
20 41 17
2 51 31
25 49 33
13 35 18
31 1 11
33 51 9
21 59 4
4 2 13
35 44 14
4 20 33
6 19 25
4 52 19
20 38 10
4 7 24
20 53 26
28 58 26
12 24 26
14 36 31
37 53 20
20 5 5
22 58 16
13 27 3
6 48 8
12 4 36
28 47 22
37 32 16
33 6 24
5 23 8
6 40 28
24 58 35
29 26 9
39 56 16
18 54 5
22 7 27
5 36 10
6 54 40
11 24 1
25 4 30
30 13 4
29 1 28
4 10 15
11 55 10
26 31 18
35 2 25
36 15 36
18 46 17
5 56 2
31 36 8
11 23 13
38 17 19
21 16 30
28 53 10
5 61 6
22 44 24
6 2 3
33 40 17
2 45 9
25 6 39
4 56 30
27 29 7
40 14 29
25 40 21
14 37 27
5 43 19
15 21 22
1 32 15
37 7 21
39 42 2
19 32 18
30 10 1
37 40 11
27 7 36
2 16 3
30 14 27
35 48 4
37 27 15
19 14 10
39 4 14
2 14 12
37 2 24
18 52 15
2 12 25
24 59 4
14 31 39
38 25 7
4 2 25
15 57 16
19 21 32
14 8 21
29 3 34
39 32 19
13 37 5
30 3 7
20 51 19
22 27 23
25 1 5
37 24 35
20 26 21
9 24 11
31 53 8
13 45 32
17 45 6
27 11 25
14 49 10
8 12 8
23 43 9
40 49 24
17 24 31
37 7 31
27 44 9
28 19 25
13 17 26
21 39 18
30 32 32
22 44 21
36 16 13
11 5 13
29 34 34
15 51 12
14 39 29
22 21 35
35 28 30
19 10 5
9 16 23
23 30 1
2 58 39
20 12 13
24 30 30
40 43 26
25 3 7
3 25 29
36 5 10
36 38 2
31 21 37
3 42 2
6 2 40
19 15 36
1 2 21
11 1 36
9 2 30
7 1 13
2 60 19
39 52 2
25 60 26
17 15 22
40 16 22
17 23 38
26 10 13
37 7 1
39 26 12
8 31 26
24 13 14
17 50 5
8 61 5
13 9 38
16 39 37
33 60 13
26 27 7
28 53 18
13 61 36
28 12 33
15 18 8
30 42 19
16 38 38
1 9 9
36 13 20
15 18 2
1 28 30
35 58 19
13 44 23
6 30 23
24 57 15
36 58 12
24 14 9
30 17 32
25 27 38
32 18 28
23 43 23
36 9 34
33 30 11
21 23 4
34 60 31
24 2 18
23 51 16
36 50 33
22 17 31
31 24 10
40 58 13
38 4 35
12 49 36
8 32 23
26 20 23
7 9 28
15 47 8
16 15 17
25 27 5
14 54 40
9 14 17
5 53 20
5 59 7
12 33 19
24 1 32
27 10 21
40 5 11
13 30 39
14 41 20
37 36 4
12 55 7
31 18 30
11 5 6
22 3 28
23 29 20
11 33 40
31 22 17
39 59 13
8 28 19
18 31 38
3 12 19
28 11 32
37 56 18
7 32 14
31 58 24
6 37 35
22 10 1
8 37 23
40 61 25
37 32 5
40 35 36
20 36 19
36 60 39
16 46 37
30 26 38
31 45 28
4 59 27
12 12 2
14 55 5
9 35 8
29 20 37
12 24 38
8 14 15
29 45 11
20 23 40
14 39 37
26 20 14
24 9 10
27 18 27
40 44 11
23 38 27
36 19 26
6 43 8
33 12 20
15 37 40
35 58 19
5 53 20
18 42 25
11 12 22
16 61 9
16 1 6
3 55 6
7 42 13
22 59 12
30 20 21
17 48 33
28 44 4
26 36 35
19 41 9
31 36 7
10 52 26
5 36 9
23 21 19
5 13 21
38 39 27
26 14 1
39 35 6
18 57 38
37 26 11
15 5 7
15 9 14
2 8 28
30 7 19
16 30 14
12 47 12
16 49 14
3 28 40
27 27 22
14 26 6
30 25 39
11 41 28
15 3 38
33 5 10
35 10 37
12 60 7
30 47 39
4 60 16
10 32 13
29 58 9
16 45 13
28 59 1
12 12 5
32 57 26
39 51 34
23 23 26
20 6 22
2 48 36
17 8 15
29 60 10
7 41 27
18 50 17
8 17 33
15 15 4
17 21 27
2 45 27
26 57 7
21 35 5
40 35 23
17 35 24
20 36 10
18 34 39
27 40 5
32 1 26
20 55 25
16 46 4
10 21 26
25 16 40
17 3 14
9 29 39
33 47 3
7 61 20
15 52 34
31 14 15
1 48 10
16 41 19
32 3 32
33 26 25
18 21 40
34 5 29
22 14 2
15 59 40
9 50 38
26 54 3
39 34 6
25 22 39
3 60 21
7 37 37
15 17 20
38 57 31
21 4 6
4 12 8
38 45 22
23 33 17
12 59 23
18 48 36
16 32 8
33 6 24
35 58 24
12 16 19
9 44 21
33 22 30
14 19 19
1 14 17
36 20 3
4 28 27
28 28 1
33 19 21
30 15 17
24 48 2
32 42 3
39 19 38
4 50 15
22 43 34
12 10 24
27 24 35
29 53 16
28 39 15
21 30 19
38 23 8
6 12 32
24 5 5
24 54 13
27 36 21
3 26 2
20 45 38
37 16 32
8 54 5
16 20 14
26 18 33
13 8 24
19 21 36
25 21 38
30 36 1
31 55 38
9 34 7
29 18 34
32 37 6
28 22 11
31 8 9
16 56 16
25 17 27
29 28 18
30 22 38
36 57 14
29 32 5
30 25 15
10 42 31
30 40 38
11 33 6
3 46 33
8 1 29
12 61 32
16 36 8
3 55 28
30 3 8
6 8 16
14 19 26
36 46 40
19 1 15
16 6 12
22 19 23
19 24 29
26 12 40
23 11 26
5 12 23
20 31 26
39 40 40
23 42 3
19 8 28
3 31 36
14 12 4
10 20 5
9 45 22
9 18 26
4 24 21
36 52 11
9 6 6
24 19 17
22 9 23
36 35 7
29 12 1
4 61 5
33 33 37
8 27 28
21 35 25
35 52 14
10 8 19
32 18 9
23 28 35
3 9 10
27 21 20
33 5 5
39 1 12
6 25 15
8 4 5
18 32 32
24 19 28
23 54 14
25 30 37
3 53 20
2 56 7
8 2 20
3 15 8
20 6 35
1 49 13
40 51 33
20 4 37
36 54 21
14 16 27
35 13 36
14 59 27
7 23 23
3 58 8
33 54 26
2 18 39
29 50 37
1 9 21
6 4 10
31 17 13
22 28 36
9 47 9
3 5 31
29 27 27
4 23 1
2 24 4
36 6 15
9 3 16
14 9 26
31 13 19
36 13 27
23 4 32
33 11 6
3 17 27
10 29 22
38 52 26
4 8 20
31 52 33
22 51 30
14 11 4
20 24 24
2 50 32
1 43 32
24 2 35
23 9 13
1 10 10
7 53 14
11 12 9
40 20 36
22 12 18
17 32 36
23 32 22
13 55 1
10 44 27
5 46 23
4 31 20
2 40 6
26 7 7
10 57 27
26 44 15
19 13 20
6 51 12
29 9 12
23 25 20
29 60 26
4 20 13
12 34 26
35 49 23
38 41 16
16 17 33
23 32 35
20 29 10
8 1 18
22 42 31
30 37 4
40 18 25
7 37 37
23 17 12
38 55 28
28 28 3
17 34 8
17 13 31
14 7 14
15 37 15
17 12 30
16 44 5
40 59 13
37 50 40
28 58 13
34 14 18
1 39 36
20 57 31
32 15 40
2 27 25
21 6 33
4 54 11
28 51 40
13 36 6
18 1 3
10 50 9
21 43 21
17 60 10
20 2 39
38 39 24
37 14 37
13 22 11
36 11 3
4 6 20
18 54 5
20 6 16
12 13 2
23 28 6
35 22 30
39 39 9
13 14 15
30 12 4
26 20 28
5 6 2
12 15 10
17 23 5
20 52 14
18 17 12
1 58 16
22 61 25
8 28 33
38 32 38
38 43 19
9 40 25
19 57 24
24 45 10
11 47 24
39 26 12
22 30 33
20 3 15
17 20 29
3 44 19
24 5 23
21 29 40
35 40 1
13 60 33
35 26 8
12 22 5
10 30 5
18 51 22
8 59 27
7 15 24
31 25 31
26 30 12
27 54 34
29 30 17
33 15 29
26 54 12
17 53 16
36 31 33
34 43 22
4 58 23
20 18 16
38 2 6
8 33 18
19 27 7
30 52 16
25 51 6
21 20 24
17 10 25
3 33 35
10 53 18
3 15 29
31 41 17
8 14 33
10 48 11
1 52 40
23 40 25
29 7 11
16 33 20
31 15 32
37 55 20
1 16 37
10 54 37
12 34 9
3 58 31
30 31 33
37 31 40
15 32 26
10 60 18
26 6 24
20 26 4
3 13 7
1 12 15
39 12 1
24 44 38
20 10 4
5 34 37
19 27 16
12 30 26
5 28 8
1 57 1
30 36 30
16 13 22
12 48 29
3 7 40
32 11 2
18 15 2
20 14 40
34 12 34
10 45 4
20 54 4
32 26 7
15 16 5
25 23 19
38 25 26
16 2 3
6 20 15
23 41 16
21 34 27
29 25 16
33 35 4
12 7 2
25 35 31
22 54 12
7 22 28
4 43 5
39 56 28
37 25 29
29 7 29
24 3 17
20 37 22
11 5 2
28 45 17
14 5 7
3 54 25
24 39 38
37 29 13
5 50 12
35 26 8
4 3 15
10 35 30
36 39 39
11 46 22
32 17 30
4 43 25
10 31 28
31 54 10
4 19 23
16 4 18
15 38 14
17 59 12
33 13 35
9 39 31
24 4 36
18 29 1
7 60 7
37 25 14
19 43 37
32 23 15
17 45 19
29 37 38
35 1 1
37 5 37
38 24 36
36 29 8
19 40 35
19 21 34
39 5 2
10 16 7
4 11 39
15 12 38
28 55 13
4 18 25
39 39 38
10 7 2
11 32 40
30 20 23
25 3 37
18 8 3
9 45 14
9 41 3
18 42 11
30 22 21
11 40 33
8 9 26
39 6 32
31 1 25
28 49 20
39 57 14
2 61 6
7 32 34
4 10 15
21 35 20
35 20 30
16 60 24
22 23 33
28 17 36
27 8 8
24 47 7
4 59 33
9 40 16
37 26 36
11 36 25
28 21 35
19 27 28
17 13 11
39 27 10
32 39 8
33 55 22
26 49 10
38 19 9
22 32 39
29 40 7
27 40 40
17 15 1
3 34 19
19 11 19
34 60 24
8 57 8
32 57 35
18 49 28
23 5 9
9 51 17
29 8 35
29 42 2
21 34 24
9 53 26
37 18 19
7 47 39
28 32 3
16 16 5
21 5 23
31 20 8
5 12 26
9 57 27
29 56 38
36 56 16
39 56 1
16 40 21
4 37 13
25 33 36
16 41 31
13 59 2
19 1 1
24 28 3
19 37 3
33 58 40
22 48 13
30 31 28
10 4 7
19 32 1
24 58 26
9 2 1
14 13 18
5 32 23
25 48 14
24 60 17
26 8 30
33 21 19
20 46 23
2 47 40
37 25 2
7 21 40
17 41 20
21 30 5
2 1 38
8 18 34
29 24 29
11 51 26
18 2 7
23 30 9
21 42 17
11 35 35
14 28 32
7 14 21
34 20 5
24 48 8
39 49 17
30 38 35
27 27 8
9 9 39
1 16 27
3 46 28
5 9 29
20 49 32
2 44 28
21 31 39
24 33 6
31 20 17
31 43 23
33 54 35
29 46 31
25 18 3
11 37 30
2 42 2
16 17 18
28 15 1
21 6 28
29 5 27
4 12 11
2 19 29
12 31 28
22 4 15
27 33 5
7 38 1
38 54 20
7 14 6
37 60 19
33 11 7
13 1 19
27 45 7
17 16 26
8 24 25
39 38 35
6 29 14
14 44 1
26 56 21
6 29 7
35 33 30
11 45 24
10 16 29
15 56 32
6 60 22
32 8 31
33 35 13
6 57 18
37 11 7
22 47 34
16 7 12
32 26 30
14 60 9
15 5 16
30 27 1
21 10 40
17 40 25
14 44 15
21 6 29
9 61 32
32 53 39
32 3 21
25 44 37
18 58 14
6 36 31
25 22 22
3 61 31
23 51 35
25 60 2
11 5 33
10 19 15
9 47 17
15 40 40
25 41 20
27 54 4
5 22 1
16 25 30
25 15 19
27 36 38
26 24 39
20 1 25
33 44 35
13 57 19
30 56 17
17 5 5
35 14 32
24 31 16
28 1 28
38 43 9
27 7 18
10 42 1
35 41 17
21 44 36
39 23 33
25 11 13
36 60 16
25 14 17
31 7 35
19 36 12
26 11 40
23 46 11
10 25 21
18 58 36
27 20 32
36 52 23
31 55 29
30 16 36
23 42 18
28 54 5
37 50 26
36 41 5
10 31 35
27 22 8
27 54 3
16 50 38
7 61 34
4 16 29
26 21 15
23 26 19
15 2 18
40 15 23
20 1 12
2 21 31
22 31 10
1 19 6
1 6 12
36 11 34
37 10 36
13 34 13
18 23 30
26 23 16
20 41 40
31 29 33
27 34 29
21 56 10
31 38 37
13 2 2
40 40 7
2 48 31
40 10 32
18 49 38
31 9 29
34 24 25
18 56 29
2 60 22
34 3 34
36 34 2
27 21 37
25 53 24
35 10 35
18 32 17
21 4 12
23 21 31
5 4 40
32 25 37
7 52 39
32 30 7
37 30 25
23 50 24
2 28 7
19 44 5
25 56 36
8 7 4
8 26 14
28 23 2
33 5 12
28 47 15
30 22 21
3 8 2
4 38 33
36 1 27
19 20 26
26 27 24
11 26 30
24 52 8
35 16 34
36 15 26
22 8 24
27 10 14
17 57 10
28 36 14
12 11 31
18 30 34
21 57 37
37 58 24
8 46 24
6 57 6
34 10 34
38 14 26
5 56 35
20 28 22
21 11 30
34 40 7
21 5 8
37 17 13
3 19 3
23 40 40
3 42 3
11 8 24
14 21 20
34 38 29
33 61 8
29 42 39
14 58 31
12 11 4
17 33 34
13 55 27
17 14 5
4 25 33
29 26 33
33 41 2
17 14 15
14 37 19
38 39 16
31 38 40
8 56 22
40 58 21
31 61 1
15 22 28
32 34 37
10 32 30
12 12 21
14 44 2
14 47 35
16 1 36
20 47 16
4 31 35
26 49 20
30 20 7
7 41 17
36 35 17
23 32 11
28 9 20
29 39 1
16 57 1
30 14 40
3 10 7
17 52 27
40 60 36
37 61 6
27 5 22
26 12 25
14 15 39
36 48 21
39 61 28
8 41 8
25 14 8
5 25 28
1 28 8
37 61 19
19 24 18
22 42 9
20 36 29
39 2 25
36 49 25
15 48 14
9 18 24
11 34 16
31 18 40
22 12 23
15 12 15
37 54 16
6 39 25
18 12 15
11 26 6
8 38 3
7 49 34
21 15 4
8 7 13
2 24 8
10 58 9
36 50 25
7 57 4
37 31 18
12 29 17
1 59 8
15 24 15
3 52 22
18 29 20
9 50 22
18 23 2
8 26 34
23 7 12
20 45 22
40 25 27
34 55 6
16 59 34
29 6 19
35 10 11
21 15 16
21 58 37
36 58 5
7 11 31
5 49 32
16 17 24
20 43 6
16 31 40
30 1 14
17 1 3
12 39 39
32 25 11
15 17 34
20 14 5
20 49 39
28 48 34
16 14 38
1 58 21
30 59 10
21 52 12
23 54 16
12 16 29
24 49 8
5 13 7
26 42 25
18 25 29
25 51 7
18 22 26
36 59 29
21 27 30
16 24 10
30 4 37
15 24 24
16 50 32
35 18 27
27 46 9
22 51 32
34 26 32
39 3 38
31 6 18
22 48 20
3 61 10
36 39 12
6 25 26
29 21 29
15 17 38
31 8 10
35 45 11
25 24 13
30 4 31
5 4 11
5 61 26
27 32 22
24 28 18
26 35 21
27 6 20
1 41 30
19 33 24
19 34 39
37 12 33
40 29 24
10 20 5
9 56 40
31 9 40
27 24 40
38 39 36
18 12 9
21 51 1
20 55 26
35 49 25
28 8 16
4 21 33
7 10 17
40 6 6
36 10 2
20 4 36
31 6 9
11 13 10
14 23 8
10 43 36
16 48 26
12 7 31
23 11 40
25 30 8
5 52 37
4 28 28
14 41 4
6 8 7
3 33 1
29 4 15
18 50 33
12 16 9
34 12 30
7 60 21
39 27 4
20 19 1
38 35 19
33 18 39
19 27 19
5 43 23
12 24 26
25 5 23
40 55 39
12 42 9
30 2 6
29 8 27
24 23 26
37 45 19
7 48 32
15 44 38
1 4 31
34 12 32
27 41 28
9 36 14
29 34 9
24 35 33
33 47 11
1 49 17
36 53 10
40 56 7
11 54 24
9 59 13
7 55 7
27 59 13
37 16 15
3 29 40
30 30 36
8 39 25
2 42 5
14 49 36
40 2 9
20 18 28
12 5 17
33 13 13
35 56 34
3 4 37
5 48 3
20 4 26
40 17 2
23 19 9
3 56 40
28 16 5
34 36 25
4 15 38
25 55 32
4 48 29
9 54 28
5 2 13
12 37 38
24 13 21
21 19 28
4 21 8
30 6 26
28 2 8
16 49 37
13 28 10
32 10 19
21 30 21
27 52 3
17 58 28
33 34 36
16 26 25
34 52 4
20 48 32
36 39 14
32 61 23
22 16 34
25 22 36
19 14 12
18 9 7
11 47 12
1 28 4
6 49 34
19 27 31
19 20 2
31 41 11
39 16 5
40 33 2
37 29 23
21 21 7
18 12 3
27 50 3
23 56 3
11 41 34
17 60 22
14 29 1
36 52 18
26 39 1
31 2 37
4 14 19
30 19 4
23 43 36
2 61 12
28 7 12
13 34 15
39 18 24
38 7 15
38 60 23
2 28 39
31 3 19
1 54 9
6 3 2
14 45 10
5 19 40
32 33 12
34 41 1
23 58 5
21 38 23
26 59 6
14 24 13
18 49 32
19 3 1
21 2 37
29 37 26
31 9 40
36 51 40
16 39 3
40 49 11
28 26 2
21 19 1
28 13 22
20 49 12
1 35 1
4 6 11
29 7 26
6 19 28
15 40 6
25 57 40
19 50 40
6 33 16
11 47 31
8 9 18
9 29 24
10 26 18
30 39 20
28 15 4
21 7 5
30 8 17
25 2 3
13 13 36
24 32 13
37 53 11
25 18 40
5 24 1
20 48 19
3 10 5
38 49 8
32 61 14
28 36 35
15 1 5
24 9 19
36 41 37
39 59 21
5 43 22
38 37 16
20 30 12
22 34 10
21 48 34
35 59 32
31 6 3
19 26 16
29 14 8
6 54 10
38 23 10
36 40 19
19 41 37
31 5 27
39 58 3
29 52 37
40 53 25
40 61 37
14 37 6
35 46 39
9 3 27
27 20 20
28 17 24
17 58 13
12 39 21
32 17 1
19 18 21
4 11 13
34 54 2
39 8 31
22 2 28
37 35 8
34 41 8
3 61 25
37 55 39
22 24 4
15 51 38
3 14 25
18 57 23
1 17 5
18 22 29
5 32 37
9 37 22
31 4 31
1 55 26
30 52 34
33 52 37
23 4 17
30 16 9
8 6 13
4 15 35
3 8 29
38 21 38
7 30 22
8 19 15
11 54 33
37 1 10
37 59 1
15 60 39
