28 14 1869 8726
4368 3049 4876 875 3673 2232 1859 2160 1976 2552 2015 3815 2293 1207 
4844 1328 1274 4184 968 1574 4384 807 2454 881 3419 4024 3798 4282 
299 1486 1286 2124 2097 678 2713 2238 4470 1283 2807 1306 850 2791 
762 624 2750 1599 1080 1258 1026 1162 3547 3190 3538 3316 2728 347 
1580 3805 1418 4320 4202 4006 1036 4055 4139 3189 2043 1153 4056 3276 
3866 2877 3300 946 2966 4327 354 59 742 3520 2156 942 794 2666 
3014 1147 636 730 1139 434 2586 26 2074 2714 3752 3680 2629 467 
1327 3676 4441 880 2091 1802 1487 3988 1102 1574 2906 420 1954 1145 
1496 773 2419 1463 1309 1716 3899 3886 917 3190 1445 109 492 1202 
4368 834 4291 2062 4235 2139 2782 2553 1064 3900 1268 2185 4390 3361 
863 2818 112 4620 1414 4324 1164 1677 1463 2197 4658 859 4535 2588 
4001 1911 3148 4115 93 4735 2843 3659 89 1721 685 2841 1289 4832 
4712 2032 4840 861 1455 1250 3085 3998 2430 3470 2849 3821 1387 4537 
4783 446 3542 3915 4588 1750 1468 621 1317 1603 1620 3775 4333 4148 
47 2900 1610 4576 3630 1597 3330 878 320 1953 3547 828 1961 497 
3763 937 99 2291 3209 182 954 3192 2752 1584 771 3002 4558 1905 
3135 2074 2221 2412 104 2847 1866 3529 3739 1406 2603 3723 3372 3808 
1526 2112 4084 2138 3559 3330 301 2981 4091 2655 1733 3572 1764 2202 
3537 3170 922 623 4753 3820 1543 1219 618 232 1851 4728 1046 1837 
1490 1917 886 4470 3681 784 1129 127 4694 827 2367 2684 1691 3640 
4484 3543 3455 2542 3713 3912 499 2445 498 1040 3261 4363 1384 4436 
1519 2602 3558 1752 164 4622 1612 2823 4208 1518 595 1985 3280 4661 
4468 1041 783 1065 4176 1075 4281 226 1837 2356 4072 4090 3679 3926 
2779 3320 2960 3296 2402 2349 317 3244 1711 4492 4414 2661 1263 3661 
4293 4229 763 2381 3915 2797 3992 297 991 3881 2407 3135 1788 4061 
558 2345 2149 4851 2239 1371 3726 4452 454 1333 264 2918 229 4553 
531 2890 4817 86 3409 1099 2132 2187 4628 958 347 1054 594 1708 
1121 2989 3866 4039 4877 3340 2979 2414 4435 4650 3064 4424 4625 1112 
20 10 37
12 4 30
9 5 35
23 2 1
8 1 34
2 3 29
20 10 33
18 10 30
26 6 25
25 3 25
15 3 37
2 10 32
1 10 39
26 3 4
16 6 34
18 4 8
26 7 36
23 10 17
10 5 10
22 9 8
17 11 18
17 8 2
23 4 2
2 4 23
24 6 15
22 3 12
11 8 33
6 3 10
17 11 22
13 10 6
7 3 37
20 8 25
6 11 15
26 12 11
26 1 16
20 8 8
18 7 20
23 11 21
10 4 13
16 11 30
23 3 34
10 3 15
12 5 24
6 3 40
24 1 38
16 9 2
9 9 22
5 2 38
16 11 24
16 10 22
15 2 6
14 12 6
22 9 23
5 6 12
5 11 20
4 4 38
23 9 3
12 8 12
11 8 38
14 5 25
4 5 31
2 1 16
21 11 24
26 4 37
2 10 9
17 11 18
23 11 31
9 9 32
24 5 13
5 6 10
8 8 27
13 2 2
21 11 7
20 12 32
7 8 12
22 1 14
16 10 25
24 12 3
23 11 34
8 5 2
7 1 15
15 9 8
5 9 19
13 1 36
23 1 33
23 8 37
24 9 32
5 9 20
3 2 34
22 3 21
13 11 14
19 4 31
11 1 35
22 5 21
14 11 18
24 7 11
17 2 26
6 7 23
10 2 13
16 9 39
3 9 12
6 2 12
11 2 35
12 3 32
17 3 13
5 5 32
5 9 32
14 2 12
25 4 20
24 1 17
22 1 14
20 6 21
8 8 18
14 3 19
6 2 7
19 1 17
2 12 16
13 3 2
17 10 24
7 12 15
24 11 10
26 10 18
7 7 29
17 11 9
18 1 12
12 9 29
25 5 25
4 6 19
24 3 38
23 3 3
21 4 3
16 11 16
6 3 30
2 12 24
2 1 34
14 6 31
7 10 11
6 5 21
10 3 14
19 1 24
20 9 3
10 8 7
8 12 17
10 8 13
16 3 19
5 3 33
10 7 20
17 1 24
5 12 40
20 11 18
25 8 23
1 3 8
14 3 22
9 4 3
21 6 17
24 12 29
9 10 2
20 11 38
25 3 2
6 9 26
23 8 26
14 9 3
23 7 12
16 4 5
17 3 7
22 12 27
17 4 14
4 4 12
19 2 33
3 5 39
8 9 33
10 6 12
26 1 17
24 6 7
6 3 25
4 4 12
5 2 29
19 12 29
2 6 19
17 11 7
2 6 29
14 10 19
23 9 19
23 5 12
3 2 23
7 12 25
20 5 37
3 10 15
11 4 7
11 5 5
23 8 35
25 9 18
2 2 34
7 2 6
16 3 15
17 1 27
7 4 18
3 9 34
3 5 37
12 4 16
8 5 22
6 4 32
1 11 6
10 6 35
3 11 34
22 9 22
8 6 17
4 4 20
19 5 21
8 2 20
10 1 2
25 6 2
22 6 19
14 10 22
22 6 14
23 9 30
25 4 25
15 6 15
4 1 11
23 3 36
4 1 26
11 5 27
3 4 14
12 10 16
19 11 32
25 9 8
19 5 35
13 4 22
13 5 3
18 3 35
2 5 17
18 1 9
2 9 35
22 6 11
4 6 37
14 9 27
3 12 27
16 11 6
23 2 5
6 6 23
22 1 37
20 2 22
9 8 10
10 11 35
4 12 12
4 11 34
18 7 40
11 3 4
6 8 34
15 10 40
4 10 34
20 6 9
25 9 12
3 12 4
12 7 35
24 10 18
18 10 26
7 1 33
21 10 33
17 7 25
22 9 32
15 9 20
26 4 23
17 3 24
12 6 18
4 1 29
18 12 13
18 3 26
6 6 23
3 2 19
8 5 2
15 7 21
7 11 31
22 2 20
16 11 23
16 3 26
18 3 7
15 8 5
2 6 31
26 12 3
20 8 25
24 6 33
3 4 16
14 5 12
7 3 6
5 10 3
6 11 12
6 10 35
22 3 24
20 11 29
4 6 17
15 2 11
12 10 24
5 3 30
13 6 35
19 11 5
12 6 34
15 2 39
9 7 10
5 9 12
11 8 36
23 3 26
7 12 37
14 4 24
9 9 28
10 11 1
1 10 34
19 5 31
4 2 40
26 3 34
22 11 23
3 10 24
5 6 17
8 12 26
3 12 14
19 10 7
8 2 3
9 1 23
6 8 18
2 7 13
26 9 9
13 7 17
14 6 34
15 5 14
6 12 23
20 9 38
7 9 27
21 5 8
17 2 18
3 4 8
22 8 31
11 8 31
16 1 14
15 6 34
25 11 26
26 10 28
22 12 31
26 7 24
25 6 3
20 7 17
2 8 30
11 9 25
3 9 1
14 2 5
3 11 31
23 12 21
11 8 11
9 6 11
9 5 13
17 9 14
9 3 38
9 1 8
11 5 38
16 12 15
13 11 9
7 7 24
21 12 19
4 5 16
20 11 20
23 11 17
18 8 20
8 2 39
23 7 28
19 3 18
19 8 36
19 4 32
12 12 5
17 2 26
1 5 4
21 10 24
5 11 26
22 10 33
9 8 2
10 4 36
4 5 3
19 6 5
25 8 21
4 7 3
8 9 31
23 7 2
20 11 36
20 12 26
24 1 13
13 1 8
9 1 1
4 2 3
20 5 5
26 11 11
3 1 9
23 1 4
17 10 34
13 7 13
1 5 23
1 10 20
26 12 22
17 4 20
11 3 38
26 7 30
17 7 22
20 2 1
22 2 31
12 3 31
24 12 37
6 8 10
17 11 35
1 1 29
20 3 25
21 2 36
15 10 15
7 4 32
7 11 13
18 6 27
5 1 21
20 2 5
22 6 11
13 3 11
3 12 17
13 7 22
20 5 3
21 9 2
1 12 33
3 2 30
3 5 35
15 3 10
2 7 7
23 4 11
19 7 29
5 12 36
14 5 34
6 9 14
5 9 30
1 8 3
12 11 2
16 12 28
6 10 32
21 4 32
8 7 18
15 7 40
25 3 25
5 10 26
12 2 24
5 5 33
11 6 30
10 7 7
20 9 17
22 4 3
16 12 10
23 1 24
26 12 14
18 7 8
19 2 15
11 1 5
10 5 14
11 6 1
14 7 25
20 10 22
25 7 26
17 8 32
5 10 32
14 10 23
12 4 15
1 6 6
21 12 39
22 6 1
4 8 35
8 6 31
5 9 32
24 2 35
8 4 25
20 7 34
15 10 11
4 8 26
1 7 4
11 3 32
22 9 25
19 9 31
20 12 1
23 10 36
17 9 7
24 11 39
24 2 27
2 1 28
19 6 9
20 5 25
23 10 18
6 10 4
14 5 11
14 1 34
14 5 10
1 7 26
23 1 12
25 2 36
23 12 31
17 8 4
15 5 27
14 11 19
4 3 21
26 10 11
6 3 7
4 8 18
16 10 9
20 11 8
13 4 21
1 1 35
8 1 27
23 10 4
20 2 4
12 5 16
15 1 39
4 4 34
4 5 25
7 2 20
22 9 32
9 1 10
6 4 5
4 9 7
24 4 35
1 1 19
4 4 39
23 10 36
18 1 25
18 4 33
12 12 20
23 7 13
23 9 39
23 3 15
2 9 32
7 3 5
4 5 24
9 11 29
18 9 17
18 10 1
21 1 35
10 5 31
25 11 32
8 10 31
15 8 17
26 12 7
10 6 36
21 6 21
20 4 19
23 4 33
17 1 3
21 8 9
24 3 31
15 9 4
14 3 13
16 9 34
25 6 13
12 5 34
6 10 19
8 9 14
11 6 15
13 6 8
1 2 25
9 10 14
2 3 33
14 9 23
3 6 11
22 3 31
14 3 5
21 12 20
12 1 3
15 2 21
22 1 35
6 8 7
4 12 2
4 10 12
18 11 27
5 4 13
13 9 24
20 4 10
10 10 31
7 12 33
13 7 18
16 5 20
9 10 21
22 8 9
24 1 29
15 4 8
16 6 23
21 1 22
3 1 16
18 11 1
5 11 38
25 7 17
22 7 11
15 10 31
4 12 39
19 9 34
25 6 20
24 4 20
13 5 5
26 11 28
6 5 20
18 7 21
25 7 22
11 4 11
22 6 35
3 8 6
6 5 33
10 10 22
20 5 9
4 10 23
18 7 2
8 6 7
26 8 39
5 9 2
5 3 21
23 3 14
20 11 2
13 3 30
19 12 32
17 7 38
18 3 24
24 1 6
6 1 35
3 6 37
18 5 1
1 2 38
15 10 24
23 10 26
4 3 19
10 1 9
19 1 8
16 11 10
15 3 11
11 3 36
8 3 26
11 5 36
21 7 9
8 7 15
6 4 31
22 5 30
25 2 36
6 11 1
24 10 15
22 8 15
3 7 6
5 4 34
13 1 23
23 8 10
21 8 1
1 6 24
26 10 10
2 7 11
14 9 27
9 9 9
6 6 39
10 2 8
2 8 15
10 3 29
20 7 28
17 8 20
24 12 34
2 8 12
25 1 24
12 2 11
16 2 20
3 7 14
5 5 2
1 12 27
21 6 37
5 11 2
24 3 12
13 12 7
18 7 39
10 3 16
14 12 1
11 2 39
12 11 8
4 11 28
18 7 35
21 8 2
26 6 5
14 3 7
9 5 1
17 3 23
9 5 38
16 11 32
13 3 6
24 12 15
13 3 34
25 9 6
25 7 20
4 2 2
10 7 19
16 10 25
8 11 12
21 2 30
24 2 25
9 9 26
26 11 35
25 12 7
8 12 33
18 9 19
23 8 33
4 8 2
2 1 11
10 4 35
12 10 40
25 2 34
6 11 18
12 9 22
10 6 13
22 11 8
10 4 13
8 3 22
6 11 8
24 8 4
16 11 25
23 7 25
25 10 7
4 10 1
19 8 17
11 2 35
5 5 40
19 2 20
20 4 37
21 6 30
6 4 22
23 10 10
5 10 18
18 5 29
10 10 21
4 5 16
10 8 37
8 11 12
8 11 20
4 11 22
3 6 25
6 3 14
21 3 36
6 10 24
20 4 11
19 8 28
26 5 6
26 4 12
4 2 6
18 2 27
12 4 9
8 9 27
17 7 38
5 1 7
19 9 35
8 6 9
20 1 8
16 3 16
16 11 4
11 7 3
24 1 25
20 6 15
9 5 20
20 8 7
26 3 6
21 3 9
9 1 15
23 11 12
17 4 2
16 11 7
16 3 19
8 6 36
18 7 24
5 7 36
16 4 34
24 6 12
3 5 5
11 6 20
7 8 28
4 2 14
5 5 5
2 10 2
24 8 20
22 12 25
19 5 4
22 4 7
22 5 22
20 12 30
16 6 10
20 9 35
19 9 23
6 11 35
2 9 34
22 12 5
23 12 9
9 10 3
26 6 37
10 8 10
25 11 11
16 1 28
18 8 14
4 8 16
12 6 13
25 4 38
14 4 24
26 1 30
3 1 36
18 8 16
25 11 31
12 4 3
7 6 20
3 7 12
17 3 13
6 1 27
2 2 7
18 3 26
15 3 33
18 2 24
4 4 21
26 12 33
18 11 34
21 2 3
15 12 22
8 12 40
21 7 11
12 10 19
2 6 32
22 1 10
22 7 26
22 6 16
3 8 30
17 9 21
12 8 19
3 10 5
12 7 33
10 9 25
21 9 3
12 2 9
1 12 20
15 7 39
18 4 37
11 4 21
9 9 25
6 3 32
26 4 5
21 12 1
24 8 13
5 9 6
1 11 30
21 5 32
15 9 2
6 8 28
4 5 31
3 9 18
6 3 9
15 7 37
12 4 26
3 11 40
2 1 35
2 5 25
6 11 32
23 3 39
14 10 2
8 9 4
10 5 33
23 2 22
24 3 2
13 10 3
11 10 3
4 7 3
6 9 11
18 1 8
21 3 3
22 8 9
24 11 9
25 8 2
25 3 16
8 9 24
8 3 13
3 2 31
25 12 24
3 7 37
15 12 20
5 11 34
18 11 3
6 9 30
13 9 29
10 11 36
11 6 25
4 11 31
22 9 12
13 5 33
4 8 29
13 7 20
5 4 31
6 7 32
6 11 37
9 2 15
5 6 20
15 12 29
4 11 3
14 10 4
14 9 6
6 4 40
16 5 17
15 11 19
16 6 13
19 12 10
5 3 34
2 8 17
6 3 15
2 5 8
15 4 35
24 7 20
22 11 29
2 4 10
16 3 35
7 4 20
1 2 13
16 2 40
1 3 3
3 10 9
13 11 5
8 4 24
13 2 3
6 7 20
19 12 18
3 1 2
10 11 9
18 12 32
13 2 30
12 2 26
12 11 37
3 5 36
23 8 23
9 2 1
26 3 14
25 3 10
18 12 40
11 9 34
20 1 21
16 4 39
13 2 16
6 5 1
20 6 32
22 11 21
7 8 28
19 2 35
22 6 23
26 1 5
12 9 32
25 5 3
16 7 20
24 3 39
22 2 31
13 10 17
21 9 22
13 4 17
11 8 26
7 1 12
17 9 7
11 7 12
5 10 5
25 10 18
6 12 5
25 6 1
19 6 4
23 4 35
18 11 32
11 4 16
17 6 25
12 7 20
4 12 28
7 2 13
20 6 7
12 10 9
22 9 11
21 9 17
4 4 13
9 9 22
16 6 7
21 1 4
23 2 6
12 6 2
16 8 23
22 8 5
4 4 17
18 2 12
7 3 31
12 2 1
4 9 6
3 9 22
23 4 12
13 3 4
25 8 28
15 6 38
25 1 18
14 4 7
14 2 4
21 9 22
15 9 11
5 5 35
7 10 18
20 4 36
11 2 1
25 4 18
17 2 23
5 8 19
12 10 17
10 6 23
18 7 28
26 11 39
2 2 4
9 4 12
18 10 17
9 9 26
5 8 11
25 4 28
3 7 33
21 8 38
5 7 26
21 10 31
17 2 18
2 1 39
4 7 36
24 2 28
11 1 26
2 4 20
24 3 24
21 5 34
23 8 38
7 9 6
8 11 29
15 5 20
14 12 16
15 12 3
16 7 28
7 6 39
7 6 14
9 8 5
23 8 2
18 11 37
19 11 16
23 10 40
9 5 36
19 6 31
14 2 3
23 2 5
1 2 38
1 7 18
6 4 7
5 9 4
6 9 29
4 8 22
4 1 17
17 3 30
25 5 24
10 4 20
1 1 26
23 2 17
3 12 12
7 7 5
9 11 7
16 11 33
7 11 39
21 4 26
7 12 10
16 7 36
10 4 10
21 3 37
18 2 33
15 1 40
10 5 28
22 7 38
16 3 6
8 3 11
17 6 21
1 5 27
14 6 6
23 7 12
7 10 30
4 7 27
7 7 13
22 1 7
12 12 36
7 7 35
6 8 17
20 10 10
25 8 21
10 10 1
4 2 28
12 5 22
18 6 23
17 4 30
24 1 4
23 1 40
17 3 9
5 1 16
17 5 33
16 6 32
24 2 11
22 8 38
4 3 3
21 8 35
23 11 23
10 8 30
11 2 31
10 5 36
24 1 29
22 2 17
23 2 5
3 5 2
19 6 13
3 2 24
26 12 11
4 8 3
10 2 19
1 4 34
19 1 14
11 7 17
19 1 15
7 1 3
7 3 6
20 1 13
13 7 11
15 12 19
20 5 21
15 5 32
23 3 33
8 6 38
3 9 25
1 10 28
6 1 20
26 10 26
26 1 13
19 1 32
1 1 40
13 5 20
14 10 7
18 2 24
12 11 24
5 11 7
9 8 30
2 5 29
13 8 33
18 8 30
8 7 30
13 11 15
2 5 10
4 11 39
5 11 12
11 4 20
19 6 1
26 7 13
20 5 36
8 10 34
26 3 33
20 12 21
26 1 36
6 2 31
4 8 18
17 6 4
15 10 28
20 5 15
11 11 9
11 1 8
7 9 17
2 2 3
9 12 5
18 9 2
9 7 35
9 2 39
22 7 26
17 8 19
15 10 7
3 11 3
20 10 39
13 8 28
13 7 13
13 12 25
20 12 4
14 8 25
8 7 7
16 1 30
20 2 11
15 11 5
17 1 38
1 3 13
8 9 9
1 10 21
20 11 22
26 10 36
13 10 11
9 7 6
18 5 26
17 6 32
11 7 33
3 2 13
9 3 33
16 2 3
15 5 25
15 3 39
26 8 23
5 5 2
8 12 31
20 9 11
3 3 21
18 9 11
16 1 23
18 4 1
17 11 19
7 8 39
21 7 24
19 2 11
21 2 29
2 7 30
15 5 32
6 10 18
19 12 8
1 12 32
14 9 17
1 7 20
17 5 9
20 11 27
20 10 25
6 9 3
20 11 38
18 4 1
23 4 22
15 11 9
23 7 24
19 2 25
13 10 38
2 11 21
23 1 3
9 4 2
4 12 32
18 9 1
26 4 15
19 7 13
13 11 6
9 5 23
14 6 4
23 8 1
13 8 2
13 3 24
14 9 28
24 8 29
13 9 15
17 7 12
21 3 14
25 3 40
16 10 31
24 9 9
9 9 33
22 2 27
2 12 28
3 11 28
11 11 23
21 2 1
8 12 31
10 8 8
24 7 35
3 11 20
22 5 26
17 2 10
26 12 15
23 5 23
11 11 2
1 7 7
14 7 31
19 10 21
15 7 35
20 3 36
18 2 8
8 3 39
12 12 25
24 4 3
18 12 19
23 4 8
18 1 18
9 10 3
11 10 11
22 1 23
20 2 33
11 11 29
10 12 24
1 12 9
10 6 30
12 11 18
19 2 31
21 8 2
17 4 7
17 6 2
10 12 15
17 12 9
15 4 40
3 10 19
15 11 1
25 11 27
24 6 12
5 3 34
3 2 17
14 7 19
16 2 34
3 3 40
14 8 32
13 7 40
6 10 38
15 5 24
9 7 24
18 1 36
11 11 35
14 3 23
14 9 19
11 11 19
24 7 13
25 2 8
13 12 11
16 8 14
12 12 11
1 4 6
22 7 7
14 1 3
18 3 16
1 7 6
21 7 11
23 9 40
4 1 33
9 5 14
5 7 37
26 11 24
15 8 35
12 9 32
18 3 40
20 5 38
25 4 16
15 3 10
25 10 7
15 12 32
25 9 27
24 4 29
11 4 38
4 10 34
15 4 31
1 12 32
20 6 33
12 5 28
25 7 22
12 8 40
18 12 27
21 3 40
26 9 26
26 8 4
12 8 4
9 5 19
5 2 37
12 5 16
4 3 15
5 4 2
9 11 29
10 12 37
21 11 40
3 10 22
16 5 3
22 11 23
4 10 37
5 1 15
19 5 34
5 8 28
5 4 14
14 2 18
13 4 22
1 6 27
15 10 31
25 2 33
15 7 39
13 10 18
19 6 27
4 8 4
10 1 31
20 10 40
3 1 23
14 11 19
26 5 33
7 11 15
21 4 6
20 1 4
25 4 1
24 11 30
4 3 15
19 9 5
5 2 13
23 12 23
12 2 18
26 10 25
15 11 36
25 11 39
1 9 11
20 7 15
11 2 16
14 6 19
18 11 27
23 1 26
19 8 23
17 12 38
15 10 16
12 7 1
11 7 16
25 2 11
12 10 39
10 7 27
25 12 4
26 12 3
20 11 23
5 9 5
9 8 23
26 2 23
17 7 38
11 5 21
8 8 12
16 3 30
15 7 20
7 10 11
4 1 1
18 2 27
19 5 8
21 7 11
6 7 31
3 11 28
17 4 33
9 12 23
15 6 14
8 6 20
13 4 36
25 8 35
2 5 18
7 3 4
23 1 28
19 6 34
23 4 33
14 7 40
10 10 34
14 11 36
2 3 17
15 11 2
19 4 22
21 8 16
20 2 24
10 12 21
24 9 14
8 9 16
18 2 2
6 10 17
24 6 16
12 7 33
17 3 29
18 1 21
24 2 13
16 5 29
17 2 36
20 7 17
4 7 26
9 11 29
22 11 21
7 12 22
21 7 10
1 11 9
5 7 17
14 11 29
10 10 12
22 8 6
8 5 33
12 2 11
10 6 19
26 4 21
1 9 31
22 10 25
12 12 5
15 3 37
25 11 9
21 1 18
6 11 27
3 9 14
16 6 13
12 5 18
15 12 8
11 4 28
15 4 2
24 11 20
3 6 7
16 7 36
23 1 21
2 4 30
5 12 26
23 12 40
9 3 37
11 8 14
16 2 1
23 4 2
6 7 2
6 1 25
16 10 27
19 7 21
7 1 7
4 1 40
5 3 34
23 1 13
15 5 31
20 6 33
11 8 19
11 3 2
25 6 7
25 1 10
19 4 10
26 9 34
21 2 35
25 5 20
17 2 34
5 1 37
12 2 28
26 11 14
19 3 14
2 9 13
16 11 25
23 10 38
15 4 19
22 11 22
24 1 29
10 10 8
22 5 5
21 6 12
24 2 23
25 6 20
20 2 29
19 11 3
20 5 6
25 10 32
21 6 9
18 3 17
19 3 21
3 11 18
1 8 14
24 8 19
19 5 22
15 2 7
11 11 15
15 9 21
17 10 19
9 1 34
19 2 32
25 2 15
14 2 1
16 10 3
5 1 6
10 12 20
1 6 32
21 3 14
7 8 33
22 2 16
4 1 15
3 4 20
14 1 6
11 1 26
6 12 12
10 5 18
16 11 15
23 1 10
9 9 16
19 9 37
15 10 26
14 5 27
1 11 19
13 10 37
17 2 15
12 11 13
4 4 11
2 5 26
10 5 9
23 2 25
24 9 25
15 8 12
8 10 32
4 7 33
6 9 39
12 6 26
23 10 8
2 8 22
9 9 21
19 3 20
18 3 28
11 11 21
7 5 3
21 8 37
14 9 20
5 9 12
3 3 13
22 3 9
26 10 27
4 2 38
25 3 36
21 8 7
1 8 22
18 9 11
20 4 33
1 8 17
2 5 27
19 3 9
2 10 22
20 3 14
13 10 12
4 1 30
13 8 14
13 1 11
25 7 39
26 6 6
20 3 5
10 8 11
12 11 13
16 10 32
22 2 14
5 3 11
3 7 7
18 1 5
9 11 19
5 6 20
1 1 35
24 6 30
14 5 23
25 1 12
3 10 39
2 2 38
14 3 9
8 5 9
11 1 37
24 10 33
17 10 40
4 10 5
1 7 19
5 7 34
20 10 27
1 12 21
12 3 36
5 12 31
20 10 8
16 5 10
8 3 11
3 3 39
10 1 4
17 11 28
4 10 28
25 8 2
3 3 29
17 3 11
14 6 11
1 5 10
23 9 23
18 11 5
23 4 38
12 9 37
21 8 36
12 5 20
17 7 17
19 2 23
4 11 39
17 10 5
7 7 19
15 10 13
17 2 17
13 12 32
7 3 15
4 2 23
11 4 5
23 4 28
18 5 1
13 2 11
23 2 27
9 4 11
15 3 37
17 11 11
4 8 10
17 2 2
15 7 10
14 7 29
14 10 35
9 10 25
15 11 5
8 5 24
17 6 38
9 9 14
15 3 11
26 6 21
4 2 23
17 8 27
13 10 26
14 2 22
11 1 26
4 2 8
2 4 8
16 10 31
2 2 25
6 2 23
9 11 17
25 4 19
7 2 36
21 6 15
25 2 18
11 1 31
14 11 34
5 11 38
4 5 20
8 3 22
19 7 15
20 9 21
20 3 8
18 11 20
23 5 35
19 10 31
20 1 17
21 1 25
13 1 4
17 3 10
26 7 26
4 2 27
10 8 5
18 2 27
13 5 33
23 1 6
24 9 18
3 10 35
14 1 6
26 10 28
25 5 13
16 12 3
8 1 34
4 5 19
13 10 40
23 8 10
24 6 39
15 3 28
20 4 4
10 5 22
19 7 33
25 5 39
24 9 39
9 10 28
6 1 5
26 4 2
17 4 3
6 6 34
25 3 3
3 12 37
22 12 9
20 7 27
1 6 13
17 4 30
3 6 4
8 11 28
9 12 33
17 6 26
5 1 29
4 3 9
23 4 14
11 3 8
17 1 9
16 9 30
4 2 29
13 9 36
18 2 11
22 11 19
26 9 2
14 2 6
4 10 11
18 11 14
9 3 18
10 6 1
18 1 23
5 12 36
12 7 36
3 7 5
20 6 33
1 8 38
7 3 4
19 6 26
24 7 4
20 7 30
20 1 35
6 9 21
22 9 19
23 8 32
4 12 29
24 8 34
16 6 13
12 9 10
11 6 7
26 6 3
17 5 20
6 2 12
19 11 2
14 7 2
15 1 19
25 7 14
18 9 25
21 4 15
10 3 39
15 6 10
19 7 6
4 12 6
7 4 14
4 9 35
21 2 9
20 1 36
15 2 12
9 5 36
21 5 31
4 6 21
21 11 11
15 7 24
15 11 5
12 2 20
18 6 37
12 9 20
23 4 21
8 6 4
23 5 18
19 10 35
10 10 32
15 1 7
20 10 5
11 4 26
23 10 2
25 4 10
21 7 23
12 8 3
20 9 6
25 3 2
17 3 11
9 4 28
6 4 37
23 5 32
18 11 37
1 10 25
5 7 7
24 3 17
4 1 26
15 11 8
5 2 7
3 2 33
7 12 21
20 1 12
22 10 12
6 4 20
1 10 30
10 10 38
4 10 8
1 11 13
15 6 22
1 7 31
1 9 37
1 9 9
11 2 33
21 9 37
19 7 28
25 12 4
2 10 12
25 7 34
26 1 38
4 9 6
23 3 13
25 2 33
14 8 39
17 8 31
11 9 26
14 7 26
13 2 7
13 4 20
17 10 20
6 5 9
22 11 27
6 4 29
2 3 21
17 10 4
15 10 17
10 5 24
19 3 25
22 2 3
8 11 33
20 11 22
22 12 24
5 10 36
25 4 37
21 7 24
7 12 37
10 4 34
11 6 22
24 9 30
14 12 38
13 12 13
5 4 32
19 1 34
15 6 28
19 4 31
24 5 4
23 12 27
11 1 34
21 1 16
25 9 1
21 5 26
6 5 18
17 9 25
21 5 38
14 1 35
13 7 28
24 9 34
13 4 8
9 7 8
5 4 39
1 8 5
18 3 3
11 12 17
16 7 26
1 5 30
19 7 38
26 3 24
2 5 35
16 1 8
24 3 30
7 2 32
15 8 20
4 6 4
3 1 28
7 3 34
13 1 22
11 6 15
19 4 14
4 7 28
4 1 17
25 3 30
24 6 14
23 1 23
21 11 4
3 9 2
19 5 7
22 5 11
1 4 24
2 5 34
9 10 30
6 12 15
3 11 16
4 12 17
6 10 1
1 6 6
24 3 21
10 2 16
17 8 20
8 7 35
20 3 16
17 6 26
5 5 12
16 3 7
10 3 33
25 6 23
1 1 2
16 5 31
4 10 11
13 11 37
26 12 33
13 4 26
7 2 34
25 11 4
20 2 10
13 6 20
10 2 5
12 11 40
4 11 15
22 1 12
15 1 5
13 5 28
9 8 40
9 11 19
4 6 13
24 2 17
9 4 3
11 12 26
8 6 32
24 1 14
1 4 8
12 9 1
21 11 31
19 11 38
12 4 27
9 12 11
10 7 13
19 4 4
10 3 32
12 9 38
24 9 15
25 3 19
11 5 29
21 2 5
3 1 5
19 12 18
3 4 6
21 6 5
14 3 29
13 11 8
24 7 5
15 4 2
11 4 13
18 6 22
1 11 37
12 9 4
1 8 1
11 8 32
20 7 6
16 1 39
24 7 3
10 9 37
6 4 33
24 10 22
23 12 11
4 4 4
23 2 21
25 11 22
15 2 26
14 1 12
15 1 10
1 3 17
24 4 18
24 12 4
12 10 35
17 10 10
18 7 13
14 11 32
9 7 38
25 7 24
7 12 10
24 7 35
2 11 18
11 9 39
25 11 12
11 6 25
7 8 20
24 3 1
19 12 33
21 1 6
4 4 10
17 11 36
7 8 19
4 2 29
12 5 20
17 6 5
16 3 2
6 12 38
13 4 32
8 3 5
24 4 36
8 12 25
5 10 25
25 2 5
19 9 25
18 7 22
24 3 5
5 9 8
26 4 3
13 9 34
7 12 16
7 3 36
17 10 6
17 6 19
16 7 1
23 7 24
11 12 15
21 10 34
14 7 14
12 9 28
7 4 23
21 6 25
8 7 7
22 11 32
23 2 15
25 4 20
17 4 11
8 9 33
21 1 4
13 2 3
7 1 40
15 12 31
16 10 31
9 9 10
11 1 16
12 5 18
20 3 6
9 10 4
13 11 16
10 9 16
10 9 20
15 10 34
2 8 31
9 4 9
11 12 40
25 2 28
26 3 22
4 8 29
21 3 24
21 11 37
9 11 9
16 10 35
3 7 12
23 3 36
7 7 16
25 5 37
16 5 16
20 9 4
10 1 34
15 4 1
17 1 20
5 11 32
10 5 28
18 8 4
22 5 11
18 3 8
18 10 16
23 5 35
15 2 6
2 1 29
21 7 26
13 10 26
5 5 12
19 7 33
17 10 27
17 3 1
6 11 3
10 4 23
11 7 18
10 2 27
8 12 11
20 2 20
5 11 11
11 5 13
16 8 10
3 8 24
7 3 18
25 3 24
15 11 27
4 6 33
9 8 22
23 1 6
11 9 3
5 7 19
2 2 15
1 6 2
13 11 13
7 8 24
13 7 21
6 9 3
13 10 32
3 6 18
12 5 10
21 12 32
22 11 5
2 6 39
21 12 11
5 8 32
13 6 35
8 4 37
20 5 31
16 8 38
13 3 4
15 12 25
13 8 34
1 5 4
2 7 5
4 8 24
25 6 11
18 8 1
5 2 14
21 3 34
22 10 27
4 6 39
11 5 39
24 11 5
7 2 19
9 11 25
14 5 3
11 7 14
19 8 21
8 10 3
17 11 24
19 5 2
15 8 27
16 3 15
23 11 11
16 3 10
9 7 25
18 1 25
8 4 2
12 9 7
10 5 15
22 10 38
14 12 6
14 4 18
21 7 12
21 7 35
8 12 16
9 12 37
2 10 1
2 4 5
15 2 12
2 1 9
18 1 39
2 10 37
22 3 37
15 12 9
23 3 23
22 4 28
3 1 40
20 7 38
21 11 40
19 4 30
2 9 39
20 2 30
12 11 10
10 6 26
14 4 18
5 8 15
18 2 12
14 12 21
16 7 24
1 8 3
14 6 12
3 1 8
20 11 18
2 1 15
12 8 16
19 8 17
12 8 8
8 11 27
7 9 40
14 2 24
1 4 3
5 5 25
8 1 14
7 2 34
9 4 11
20 1 28
2 11 5
18 11 17
13 7 22
7 10 22
16 6 36
12 8 24
26 5 9
24 3 23
14 7 13
5 10 39
11 6 39
9 11 38
7 12 13
17 3 15
24 5 9
10 10 6
18 3 19
8 12 21
7 4 23
5 11 39
8 1 23
25 9 27
3 5 7
11 3 12
26 7 38
11 3 21
22 2 11
7 8 35
2 4 39
5 1 37
15 5 29
5 9 16
24 2 3
15 4 22
15 12 38
12 2 18
5 3 35
14 1 28
24 9 16
24 4 22
14 7 25
18 5 7
10 8 1
1 5 35
26 10 12
23 7 38
19 6 40
2 8 34
12 7 27
20 5 30
6 4 27
16 8 30
17 1 29
15 2 27
12 5 28
1 10 4
1 9 17
25 7 29
14 7 39
2 11 15
20 9 16
22 11 32
25 4 39
19 6 19
7 5 39
18 5 6
13 6 9
26 4 18
1 11 12
23 3 38
23 2 34
7 12 18
20 2 32
20 4 17
20 1 18
23 2 38
23 8 28
10 4 6
18 1 10
21 2 22
13 12 23
7 1 21
17 10 22
17 4 27
18 9 7
18 7 1
25 5 17
15 3 39
22 4 26
9 7 38
26 5 17
11 8 35
17 2 11
22 12 3
25 2 32
14 5 14
23 7 11
23 6 26
13 7 23
14 4 38
9 10 9
14 1 22
10 12 28
20 3 23
4 1 13
24 3 10
25 9 20
8 1 36
2 11 26
12 8 24
23 8 31
25 4 9
20 5 11
15 4 11
15 9 4
3 11 9
24 9 32
18 3 20
25 7 36
23 5 19
16 11 16
1 9 31
2 11 6
14 3 22
9 12 35
25 11 34
7 4 11
22 12 26
21 6 34
2 1 38
3 9 34
19 5 34
22 9 30
5 3 30
2 7 26
3 11 38
21 1 24
20 5 27
21 11 38
12 12 17
1 3 29
11 8 20
2 11 4
5 10 31
26 1 35
17 8 29
2 4 4
8 3 25
24 12 22
24 3 33
1 3 24
3 2 39
26 8 12
10 5 7
15 9 2
25 12 10
6 7 13
17 7 35
14 3 16
12 6 28
22 4 32
21 4 35
13 8 18
14 8 1
14 1 21
22 7 35
1 6 10
17 5 29
11 9 12
17 10 39
25 7 20
19 8 27
2 9 3
3 3 22
17 8 14
8 6 19
12 12 19
17 5 12
1 7 2
19 11 12
12 5 2
12 1 36
24 3 4
15 4 9
20 8 9
14 5 1
2 6 2
6 12 3
4 6 29
26 2 19
4 10 32
26 2 35
20 8 21
8 12 39
1 5 10
21 8 35
25 3 29
16 6 18
6 12 39
11 8 27
15 11 40
19 1 7
17 6 19
7 2 36
23 4 35
2 6 16
15 5 37
12 9 25
25 1 14
24 11 5
17 10 15
11 12 22
17 2 28
3 7 5
8 1 22
26 5 3
4 12 5
12 2 4
12 7 30
14 12 5
2 10 28
19 3 6
9 7 31
25 2 23
1 6 37
15 10 17
9 11 3
25 8 5
13 4 39
2 9 33
26 5 3
17 7 10
14 7 39
3 11 11
13 10 22
22 12 12
20 9 36
16 1 2
13 8 33
12 11 17
4 2 9
5 10 38
17 9 35
7 2 24
15 5 29
22 12 37
16 9 16
22 4 21
15 7 36
7 9 7
11 3 19
22 10 22
8 4 5
18 4 6
16 10 22
12 7 9
12 9 3
21 11 7
8 7 4
4 5 40
3 12 28
18 9 33
5 1 8
4 4 23
5 7 14
10 1 18
25 11 37
25 8 11
17 11 18
14 5 30
10 12 37
14 4 14
22 11 4
6 11 23
12 11 13
23 11 31
2 7 27
6 7 30
22 10 14
8 2 37
2 10 30
23 7 17
7 7 17
22 3 32
20 5 10
12 1 20
7 3 33
19 4 23
18 5 35
26 6 19
12 9 32
16 2 23
6 6 31
11 10 30
5 11 26
7 5 34
26 9 19
6 12 21
12 7 30
9 8 31
15 2 17
17 2 1
2 1 27
2 11 16
24 2 5
14 7 17
18 5 23
3 6 38
18 4 7
9 10 3
2 2 24
24 8 22
4 5 21
23 12 2
25 5 13
20 3 11
17 5 32
4 4 2
7 4 24
10 9 14
2 1 9
24 8 26
19 3 34
26 10 10
22 5 13
18 4 26
10 6 24
23 2 1
21 8 17
15 2 32
10 12 27
9 11 39
13 3 34
25 4 39
11 1 3
24 6 35
10 1 28
12 12 13
25 7 23
19 6 14
25 2 31
21 9 35
26 8 8
26 6 9
17 7 23
13 1 8
15 2 40
23 6 36
2 3 26
18 6 40
10 7 3
15 4 38
24 9 7
7 12 33
5 7 23
13 6 30
25 10 26
16 6 30
23 10 30
22 8 26
5 12 39
17 7 3
20 8 30
25 4 7
5 6 13
22 11 32
12 12 27
18 9 14
8 4 40
10 10 26
23 5 36
10 1 19
26 5 11
2 7 5
13 10 39
2 12 18
13 8 24
4 5 4
18 1 19
18 9 15
13 2 17
2 6 22
14 10 3
13 9 24
18 11 24
1 7 17
8 4 19
13 4 7
6 6 33
11 6 10
6 6 6
13 7 40
15 7 28
15 4 35
20 12 23
22 3 39
12 9 1
14 7 25
23 11 5
10 2 30
17 8 20
10 4 25
8 5 14
20 1 11
6 11 2
2 7 27
25 8 9
11 3 26
17 10 1
20 2 19
10 6 10
25 3 13
19 11 26
1 2 31
8 4 18
6 9 26
17 7 37
7 2 15
5 2 38
6 3 9
22 11 40
4 1 11
23 10 12
11 6 17
9 5 7
26 6 38
22 7 23
20 3 27
16 4 35
25 11 23
19 12 30
8 7 39
22 6 3
22 4 36
22 12 39
24 2 28
11 5 32
24 2 20
11 10 7
8 4 23
14 9 16
25 9 4
3 11 26
7 3 35
20 12 37
21 1 34
1 11 37
18 12 3
23 1 7
22 8 40
10 1 17
3 3 40
18 11 16
15 8 4
8 8 18
18 7 3
7 6 32
3 9 6
18 2 30
5 4 38
4 6 31
17 5 1
13 5 16
9 6 15
22 2 1
18 7 15
18 7 8
4 11 16
25 4 20
2 5 34
1 2 12
23 5 6
12 6 3
21 12 33
8 6 30
22 1 19
10 5 17
14 6 20
15 8 5
24 6 17
6 10 11
17 8 33
17 2 28
18 12 28
21 12 12
10 5 28
24 7 8
2 12 26
8 12 19
22 1 12
24 7 17
2 8 30
21 7 17
1 6 5
4 6 30
2 2 33
7 11 19
12 9 12
12 4 10
18 9 26
10 1 24
15 4 1
2 2 4
23 12 17
17 12 12
13 8 24
17 7 8
12 4 33
12 3 30
10 5 23
25 3 31
15 6 29
21 3 23
3 11 35
4 11 16
14 7 30
25 5 19
16 8 16
22 1 17
16 5 24
8 7 32
9 1 25
16 4 19
1 2 16
18 3 2
24 12 30
22 4 22
19 5 37
1 4 9
2 3 24
17 1 37
2 6 26
4 4 19
19 4 8
22 11 39
7 8 35
2 9 16
16 2 38
2 11 24
19 12 12
7 10 36
6 1 5
22 4 14
21 2 37
13 9 27
20 11 6
21 8 35
17 4 8
15 2 22
12 4 38
2 11 8
15 6 21
12 2 16
20 11 6
9 11 23
20 10 4
19 4 26
8 3 13
12 10 15
21 1 14
26 4 17
11 10 19
1 4 14
10 10 38
19 6 5
19 7 19
25 4 23
26 12 33
22 2 7
6 1 25
23 7 38
13 6 14
23 2 17
16 7 16
12 5 30
2 3 16
24 2 17
3 11 10
25 7 8
26 12 11
22 6 4
1 6 28
25 5 13
10 4 30
14 12 22
4 11 18
9 8 37
12 9 24
12 12 14
7 4 13
20 12 20
10 9 26
2 2 38
11 1 8
13 9 15
3 2 5
19 8 3
24 2 13
24 9 8
16 7 13
21 1 32
25 9 15
22 7 15
17 6 15
6 7 5
22 12 16
13 8 16
18 7 33
13 6 10
24 1 15
6 1 20
7 7 8
7 9 19
17 10 4
23 9 30
3 7 9
17 6 39
16 6 33
25 10 4
25 8 38
26 6 39
11 12 29
12 12 40
14 2 2
9 3 28
13 2 7
24 8 34
26 9 34
15 1 27
25 11 5
24 2 18
8 6 40
8 11 26
4 5 10
26 6 6
4 11 30
3 2 26
9 4 21
22 4 16
2 4 3
22 6 27
13 12 20
16 1 22
26 8 15
4 10 11
7 3 20
2 12 20
22 7 26
3 12 1
26 2 15
8 1 6
17 3 35
3 1 1
4 11 31
19 3 9
21 9 32
14 1 9
21 12 16
15 3 15
4 1 3
4 6 16
15 1 5
21 4 12
21 12 19
7 11 24
18 12 35
10 5 37
3 5 3
13 4 25
6 1 19
19 11 10
18 10 33
10 1 5
12 7 38
1 4 21
20 8 26
13 7 36
6 11 39
25 2 30
19 10 33
19 3 40
10 7 28
9 9 37
20 1 39
23 2 32
14 4 8
2 3 17
6 7 20
26 10 33
8 10 33
16 2 8
14 6 18
25 12 30
4 8 16
15 1 9
11 1 29
13 5 20
18 10 7
3 1 8
12 3 27
5 11 33
7 10 18
1 2 18
25 7 32
5 4 39
13 7 36
19 2 2
22 10 38
9 3 13
1 7 32
9 2 7
24 3 15
5 3 29
6 3 21
25 10 33
9 5 22
7 1 28
11 9 10
2 5 27
13 4 32
10 4 22
16 3 17
18 6 18
18 12 5
10 2 39
24 6 17
16 8 29
2 3 35
5 8 36
18 3 7
18 5 5
15 10 21
15 7 30
3 4 21
26 11 24
16 12 35
5 6 32
19 3 21
11 10 23
25 12 4
26 12 8
18 2 28
5 9 21
26 12 20
18 9 17
13 5 30
10 1 19
17 2 18
3 4 38
10 1 21
22 11 36
7 8 18
4 2 27
8 7 5
6 9 20
14 3 26
1 10 17
6 5 18
19 1 39
21 2 10
21 2 40
25 2 12
15 2 20
9 4 4
19 1 12
9 7 15
24 5 28
4 8 35
12 7 39
24 7 4
4 2 35
9 1 39
17 9 8
4 1 29
18 12 19
13 10 7
26 5 36
4 8 32
1 3 3
17 12 6
10 12 20
16 1 22
11 5 20
23 6 14
24 4 13
16 8 5
10 4 29
16 3 11
21 4 39
7 2 23
4 6 36
14 10 25
2 2 38
2 8 23
2 10 37
8 8 32
22 1 37
13 3 10
11 7 23
18 1 6
22 7 18
8 1 19
24 8 35
25 2 31
13 6 21
22 10 11
4 5 25
17 6 22
12 5 29
21 11 2
9 9 24
4 5 14
16 7 1
9 6 40
9 5 31
4 6 2
6 2 21
25 6 24
20 4 15
15 5 14
16 10 28
15 9 28
18 12 10
26 3 26
12 5 10
20 2 17
9 12 15
5 6 18
21 3 29
16 3 40
16 1 32
23 7 36
22 10 30
10 8 32
5 11 28
6 9 27
18 8 33
22 8 6
15 6 1
19 5 20
14 10 40
24 1 25
1 3 19
13 11 17
16 7 19
1 3 32
25 1 40
17 6 18
15 10 6
4 3 18
6 12 32
18 3 3
23 4 30
10 8 1
13 4 6
24 5 27
10 4 21
3 3 18
18 6 39
19 11 2
22 5 5
15 2 25
26 10 25
7 8 8
20 7 13
2 11 18
20 9 1
17 2 27
20 8 8
23 7 10
8 9 24
1 6 24
14 1 6
18 7 19
12 11 17
12 7 19
13 4 24
15 6 37
8 6 19
25 3 30
17 11 23
17 10 13
16 4 34
26 3 19
1 12 30
21 4 22
15 3 32
13 2 28
10 6 20
20 3 27
6 3 36
11 9 31
23 11 19
11 8 36
23 9 10
17 1 37
1 10 2
6 9 11
1 3 22
25 3 26
10 10 20
20 9 8
25 10 1
22 6 5
12 1 40
22 11 21
11 10 27
7 10 18
19 10 37
19 9 39
23 11 39
12 6 23
22 9 7
2 4 4
9 11 22
6 9 26
5 11 40
12 4 39
3 7 18
3 4 27
26 7 9
15 8 34
19 5 26
2 12 17
18 12 6
24 6 12
1 8 15
4 1 4
23 8 2
6 7 2
5 8 35
9 7 28
5 7 40
9 7 13
14 9 36
22 3 22
4 6 8
4 1 12
2 3 8
26 6 20
21 12 32
1 4 14
5 4 13
1 6 20
23 5 11
1 10 15
17 3 4
13 12 5
6 6 16
5 4 33
16 5 22
6 10 1
2 11 22
12 6 9
13 1 25
1 3 31
15 8 33
13 2 11
12 8 40
22 9 19
5 2 28
22 1 3
1 9 23
2 5 34
23 8 5
2 11 38
23 6 38
16 6 5
23 9 29
13 4 24
2 10 17
7 2 29
22 12 31
17 7 21
19 6 17
13 6 29
1 5 17
1 8 9
15 12 40
18 4 32
3 7 8
7 5 34
11 6 11
18 10 12
10 12 34
14 10 9
24 3 31
2 12 17
5 12 39
11 6 17
13 5 18
10 9 15
14 6 39
12 6 13
20 2 16
8 4 29
20 2 24
13 9 33
9 4 30
17 11 32
22 2 34
25 5 27
3 2 2
26 8 2
12 1 15
19 7 24
8 8 12
16 5 36
3 1 25
25 8 19
20 5 18
16 4 26
8 12 15
13 8 21
16 9 11
2 1 11
10 10 2
10 11 34
23 2 24
9 7 34
14 4 22
2 1 19
8 11 22
7 6 28
17 7 37
12 12 20
4 2 39
1 10 31
8 12 28
14 9 37
18 12 18
2 11 8
7 7 6
14 2 11
15 7 11
14 9 13
6 6 34
22 8 1
14 4 22
2 1 20
4 11 7
10 7 34
24 7 5
2 9 6
20 9 38
2 5 1
24 5 22
15 6 7
7 10 30
19 1 34
19 4 19
13 5 29
14 7 3
16 9 1
9 7 13
21 10 12
1 2 20
26 8 20
23 10 20
13 6 25
25 3 34
5 3 15
8 1 38
12 3 9
12 9 38
17 4 14
11 5 40
4 5 34
25 11 13
18 8 32
11 7 40
6 7 5
2 7 21
15 3 25
4 4 1
10 8 27
16 8 29
5 8 11
5 1 27
18 4 6
9 2 33
4 4 21
5 11 3
10 2 13
8 9 38
24 2 28
4 3 25
24 12 18
22 1 27
16 10 9
6 1 33
17 1 22
14 6 21
14 9 30
14 3 7
25 3 21
8 6 34
5 7 31
13 2 23
9 12 37
10 4 10
7 3 26
12 2 22
7 7 10
19 7 14
10 4 21
23 8 29
23 11 8
22 3 10
2 3 14
19 11 14
17 10 2
13 5 5
12 10 20
21 10 6
17 1 18
6 1 34
16 8 27
20 1 9
16 12 33
22 2 21
19 3 18
23 5 33
26 12 19
11 9 6
25 1 21
9 8 29
12 7 17
25 9 25
19 8 10
25 10 24
3 9 32
8 5 39
25 5 24
22 1 17
16 5 7
2 10 5
14 12 27
17 5 30
1 7 13
11 7 2
13 11 1
6 9 40
21 11 19
2 12 13
16 12 40
12 8 18
19 7 16
1 5 21
12 8 14
17 7 3
10 10 14
2 11 40
23 6 40
7 6 35
18 3 39
8 8 25
11 3 31
11 10 26
10 4 1
18 1 10
26 12 30
24 4 6
19 5 35
16 12 28
5 1 33
24 10 17
12 3 6
18 10 28
6 3 1
18 12 12
10 10 17
10 4 38
4 3 30
19 8 33
8 12 36
24 6 15
21 6 3
7 6 4
4 6 9
25 10 34
4 9 8
18 4 34
1 4 30
4 8 25
9 10 12
16 12 28
18 12 26
26 6 30
9 8 11
2 7 22
9 6 25
5 3 18
17 8 37
10 11 40
7 10 2
23 6 22
1 9 27
24 10 32
25 11 36
16 6 8
24 10 35
3 9 5
8 1 8
20 3 38
15 12 24
2 2 39
2 4 13
17 3 32
22 8 17
13 4 39
23 10 13
14 2 2
24 10 38
21 8 28
15 12 37
12 9 18
5 10 2
24 5 17
14 3 27
20 11 5
9 12 24
23 7 1
11 11 13
23 2 1
3 1 36
15 10 12
4 8 15
26 4 38
5 12 36
1 6 35
25 11 10
5 5 12
7 5 31
23 12 31
10 5 13
20 12 1
3 6 32
4 8 2
26 8 37
6 2 20
17 4 5
1 3 22
8 7 9
8 7 8
23 7 3
3 4 12
19 5 34
24 6 20
8 11 5
16 11 36
23 12 30
12 10 6
17 1 28
4 7 2
7 9 36
21 1 38
26 5 14
6 1 22
2 4 3
6 8 14
13 10 14
11 4 19
19 4 4
11 7 19
12 10 21
18 2 2
10 11 21
11 2 15
11 10 10
26 3 29
12 6 6
21 3 31
8 4 36
26 1 32
25 11 21
25 5 1
9 2 17
7 5 5
6 4 26
19 8 10
22 10 34
20 5 7
20 1 5
12 5 18
11 4 26
2 3 2
21 9 39
6 2 15
9 2 24
10 7 22
2 4 22
8 3 39
4 10 24
23 11 4
13 4 25
11 5 33
23 8 22
9 1 22
17 12 27
9 9 35
22 1 16
18 5 33
25 4 32
19 12 17
22 1 19
8 10 18
24 7 12
18 2 37
9 12 7
6 11 37
17 8 35
16 2 15
26 12 18
13 8 19
21 3 37
9 12 15
10 11 23
18 6 31
2 4 12
4 10 38
15 1 15
7 11 35
23 10 35
25 9 6
14 9 7
17 1 28
7 1 26
4 1 36
17 3 20
5 6 29
7 12 12
18 9 33
7 8 14
15 3 19
1 3 32
24 5 14
24 10 6
2 1 24
7 9 23
19 12 5
18 12 37
21 2 24
13 4 4
26 5 33
17 11 26
16 5 2
20 3 33
4 9 34
23 9 35
9 2 33
7 2 19
13 2 19
6 9 16
15 3 19
14 8 18
17 2 19
10 4 29
1 1 25
1 1 17
13 7 36
22 5 3
24 5 3
21 11 15
13 9 32
6 11 10
25 11 23
17 4 26
9 10 11
4 3 33
17 2 11
20 8 5
5 1 12
26 5 11
1 5 6
10 7 29
25 3 7
22 2 33
10 8 27
8 3 32
21 1 17
26 7 34
12 4 4
4 10 31
25 4 30
11 3 17
23 1 21
9 11 36
13 5 25
21 5 23
1 6 24
5 11 20
9 3 4
18 3 40
13 7 20
10 9 8
5 6 36
8 8 36
21 3 20
12 8 27
21 6 24
6 3 40
13 5 23
24 11 17
8 10 12
26 7 13
11 5 37
16 3 40
19 6 1
26 10 40
22 11 2
4 11 13
19 6 24
2 11 11
9 6 29
11 1 13
23 12 29
3 7 24
8 12 24
21 7 10
13 6 5
23 12 26
16 9 10
4 6 40
8 12 20
4 4 21
16 6 40
16 6 30
9 12 8
12 5 22
21 8 4
14 6 5
6 8 31
16 5 13
17 5 35
6 1 6
12 4 6
10 12 28
14 3 11
25 6 19
3 2 39
13 3 20
2 8 30
8 12 25
17 2 19
9 9 18
10 10 2
23 10 18
10 2 28
26 5 38
12 6 39
4 11 13
26 7 22
12 4 15
11 5 32
5 1 37
5 11 28
19 9 36
23 6 25
7 4 38
19 11 18
3 7 6
19 6 36
12 5 31
15 11 30
9 3 3
2 10 11
12 12 17
4 4 13
12 6 31
24 12 7
14 11 15
14 12 21
22 1 19
23 12 5
16 8 14
24 8 17
20 5 18
12 5 5
4 11 11
22 5 4
8 1 1
18 11 11
23 6 14
11 6 36
4 12 2
23 4 32
18 5 39
8 7 7
10 3 9
25 11 28
18 9 23
15 9 1
25 3 22
20 12 22
11 5 25
22 9 26
7 8 8
25 1 15
20 10 33
12 5 11
9 6 37
4 8 16
8 6 22
2 7 17
17 4 39
16 1 30
15 2 15
21 3 14
11 1 25
19 10 5
8 4 25
17 2 12
6 1 6
14 5 15
17 10 39
6 5 9
13 6 17
8 7 19
13 11 18
11 2 23
23 5 23
7 3 7
1 2 5
3 11 4
13 4 9
15 6 22
19 1 35
12 4 31
5 2 13
2 12 13
9 6 15
11 1 5
10 12 16
5 5 26
9 2 20
25 11 6
1 1 6
10 7 38
10 5 36
6 4 33
23 8 12
8 12 14
6 2 7
24 12 24
4 2 18
11 11 17
6 12 14
2 10 21
15 7 16
12 12 39
13 2 15
11 10 20
12 3 9
11 5 15
5 2 5
11 9 4
13 8 4
5 12 7
9 7 10
17 7 33
16 10 12
22 11 39
21 8 28
7 7 29
21 1 4
26 1 8
22 9 30
24 11 34
11 11 25
11 3 20
5 10 33
13 9 31
21 8 31
17 12 7
18 10 34
1 4 30
16 6 21
12 4 15
5 1 22
9 7 34
17 4 7
6 4 4
15 12 3
1 8 13
10 3 14
16 4 36
6 2 20
5 6 16
21 12 27
7 3 30
5 5 19
15 4 19
13 9 27
9 5 17
16 8 29
24 6 39
13 7 33
11 9 25
26 5 10
10 3 9
6 1 11
17 5 33
20 10 13
19 4 14
25 8 22
22 6 19
3 6 14
16 4 18
2 6 8
25 11 18
6 12 11
21 9 30
7 6 21
18 9 9
20 4 27
21 5 16
3 2 31
15 2 32
5 10 14
9 3 15
12 9 14
19 7 5
24 3 40
26 2 37
12 9 30
13 3 31
24 6 16
2 1 7
6 12 27
7 11 34
6 4 15
9 4 36
7 6 8
19 3 10
5 4 28
25 2 34
11 5 34
9 6 8
4 11 5
17 2 9
9 4 19
12 6 4
2 4 27
17 12 32
13 3 13
6 2 13
16 8 11
10 11 20
15 8 6
10 9 1
26 12 37
10 4 15
22 11 3
14 12 13
21 9 1
26 10 1
25 1 23
23 9 4
13 8 26
25 3 39
25 9 31
16 7 13
21 9 35
23 1 36
26 7 34
1 11 22
25 12 18
26 10 4
26 12 13
21 6 7
5 6 18
3 4 22
20 1 34
23 8 2
20 1 23
18 6 26
10 8 14
2 7 22
22 6 37
22 7 18
18 7 5
19 9 4
14 2 35
2 6 16
16 7 8
19 8 19
2 1 31
1 10 19
3 11 19
8 12 27
22 11 31
25 9 9
12 6 3
15 12 29
18 1 12
18 12 24
6 6 21
1 2 29
4 12 27
6 5 6
23 7 3
11 3 10
4 7 34
9 5 6
7 11 34
3 8 32
21 8 37
18 4 39
18 11 14
26 5 31
6 4 8
20 11 3
4 2 4
17 9 3
4 8 25
19 4 26
2 11 25
16 7 8
3 7 40
8 1 10
8 5 24
2 8 22
25 9 40
2 1 15
8 1 27
23 8 24
6 5 16
26 6 22
26 8 6
2 11 5
8 6 25
22 11 37
17 7 33
4 7 23
18 7 28
8 11 29
3 9 30
10 7 4
25 1 13
8 11 2
1 8 13
11 8 18
18 5 33
22 11 11
11 9 37
26 5 27
6 4 8
6 3 24
14 3 2
11 3 35
15 1 24
10 12 15
13 6 35
6 9 7
20 4 4
19 8 34
23 12 5
7 3 18
22 1 4
19 8 37
21 4 3
5 3 31
21 5 22
3 10 16
12 6 20
11 2 9
8 5 3
12 6 25
5 9 24
17 2 37
25 10 2
22 7 9
24 7 5
11 10 36
23 6 26
11 9 24
3 4 3
17 3 32
8 7 6
18 1 1
15 11 30
4 5 20
21 4 36
19 9 36
10 10 3
2 2 21
9 10 24
25 2 36
21 12 10
17 3 37
6 11 20
18 12 1
25 7 18
4 12 32
5 6 33
5 2 33
10 4 34
4 1 2
3 9 36
13 5 6
13 10 23
9 7 19
19 2 6
16 10 35
12 12 6
10 2 24
15 2 33
22 11 32
10 2 37
19 9 4
3 10 29
7 4 25
14 3 11
11 8 20
17 6 23
4 2 5
3 11 13
4 9 9
26 6 38
18 10 23
14 4 34
22 5 21
7 1 6
13 7 1
8 10 21
25 9 14
13 9 12
24 5 19
5 10 22
23 12 30
17 12 16
19 2 30
22 5 14
8 4 28
16 8 38
9 12 22
26 5 21
19 9 36
19 9 9
8 2 31
23 6 14
1 12 39
24 2 18
26 11 25
9 3 28
24 9 7
8 3 18
19 11 4
5 6 25
4 5 6
24 10 8
9 10 2
8 7 4
7 8 6
1 10 27
3 3 3
25 8 20
13 1 28
14 10 32
26 1 11
9 6 15
3 6 7
23 3 25
8 5 28
21 4 1
24 8 33
6 2 21
21 4 14
3 11 11
19 7 34
14 1 8
18 5 30
18 10 22
24 4 32
11 11 32
9 5 28
19 7 36
23 1 35
16 8 2
18 2 12
9 1 33
8 4 3
18 10 22
17 8 1
6 3 35
5 4 12
25 10 25
4 8 23
18 5 14
8 2 15
1 9 6
11 6 1
2 1 29
25 6 39
15 6 12
3 3 37
25 6 40
18 3 9
26 6 33
24 2 24
1 12 39
25 6 18
25 5 18
25 3 25
14 11 6
6 3 9
14 12 5
13 1 12
7 7 6
25 5 39
11 8 27
26 6 25
4 1 31
25 2 31
13 9 25
21 3 22
15 4 15
2 7 13
15 8 15
9 6 28
7 1 6
22 6 35
9 6 4
26 2 24
20 10 11
7 2 17
23 1 6
14 4 8
11 9 14
20 9 23
15 1 28
26 3 23
22 12 20
16 9 39
5 5 9
16 8 32
14 8 20
15 7 1
13 4 38
6 6 39
5 7 3
3 6 27
10 9 27
13 5 29
10 9 26
11 7 7
7 5 25
17 8 2
15 7 5
2 8 34
1 4 28
23 5 6
25 9 19
19 7 16
1 9 30
13 6 25
24 7 3
15 8 20
5 7 1
18 12 12
11 4 11
3 12 7
1 5 13
25 10 36
13 4 5
9 4 26
16 5 32
10 10 37
19 12 11
21 3 35
13 3 15
24 3 4
3 11 29
1 6 10
22 11 37
7 8 12
26 9 25
25 6 34
2 6 36
12 9 23
4 3 7
25 5 27
8 6 2
13 5 15
17 10 1
14 9 39
7 7 8
14 10 11
21 12 28
15 11 7
3 11 30
24 10 34
12 6 37
11 6 24
13 6 35
8 1 26
20 1 29
2 12 23
1 1 6
7 2 5
9 9 12
22 6 27
4 4 34
24 3 34
2 11 35
16 1 25
3 8 23
26 6 40
8 9 31
6 8 34
2 10 28
19 8 11
3 9 18
7 11 28
8 4 24
14 5 23
24 10 31
14 2 27
18 7 9
6 4 11
20 3 34
21 7 3
26 3 32
10 11 40
9 1 15
23 9 25
1 6 19
25 9 10
9 10 15
12 3 32
25 3 34
20 4 18
23 11 25
18 4 34
16 11 6
23 7 15
23 3 28
22 8 34
22 4 2
3 10 11
2 2 11
20 4 26
9 7 10
4 8 8
15 4 17
15 1 12
15 2 9
9 3 22
10 5 39
25 12 9
10 7 23
15 7 14
19 3 37
17 5 14
7 9 25
1 6 23
21 6 37
17 1 9
21 7 11
14 3 6
15 4 10
6 12 34
9 12 15
12 11 22
20 8 37
16 6 5
14 9 20
19 3 12
18 1 26
18 8 13
22 11 13
11 12 29
9 8 27
21 12 15
2 4 40
1 1 12
12 1 4
4 1 29
22 4 30
20 9 9
13 6 31
8 11 32
7 10 8
15 1 25
19 6 5
8 9 25
13 7 34
23 2 20
4 3 23
21 11 1
7 7 38
19 9 4
1 9 21
22 7 10
8 8 15
14 1 20
5 10 37
19 8 16
18 5 9
14 11 14
18 8 20
13 12 34
22 11 17
21 12 17
5 1 25
12 11 12
6 1 10
23 10 26
12 10 7
20 10 2
8 9 25
6 1 36
8 10 32
25 10 6
15 2 34
7 5 26
26 2 28
11 2 20
7 3 3
6 5 13
7 2 33
18 8 36
25 10 10
2 10 17
15 8 28
17 3 21
13 1 20
1 8 2
24 12 17
19 9 1
13 3 11
25 12 13
11 6 31
15 7 5
25 4 6
16 8 34
21 8 30
22 2 25
6 12 30
9 11 3
6 11 17
22 4 2
17 6 29
17 12 16
20 7 8
5 3 30
18 6 40
6 9 13
4 12 14
15 12 39
19 8 23
14 3 2
19 7 29
7 11 35
10 1 2
25 10 32
17 3 10
2 9 12
10 8 13
25 4 40
21 1 8
23 8 4
3 7 13
16 7 13
24 11 14
21 8 19
25 3 5
8 5 26
24 4 32
22 8 18
20 8 37
2 3 30
16 9 16
21 5 20
17 10 12
25 7 27
26 5 30
2 9 21
6 5 34
3 2 11
13 7 2
9 9 17
26 11 23
6 11 15
12 12 3
20 9 8
23 12 15
19 3 38
18 2 13
23 11 27
21 1 19
20 10 39
7 7 19
8 11 10
9 11 39
23 7 6
5 2 10
24 1 35
25 3 39
23 5 3
7 5 40
25 11 2
7 5 3
6 9 12
9 6 16
16 8 31
3 5 20
17 5 26
1 6 19
5 4 22
6 3 28
15 5 18
21 8 38
9 9 27
26 7 23
2 7 36
9 4 40
21 10 30
7 7 36
7 6 40
26 6 34
7 3 38
2 2 5
4 3 4
25 10 16
14 1 22
11 5 7
1 9 2
8 5 35
15 1 40
15 7 38
22 1 11
16 8 32
2 5 10
8 11 36
26 7 5
1 9 22
21 11 22
14 9 27
15 7 4
21 5 8
24 8 7
22 4 25
14 6 35
8 3 28
18 8 9
18 6 36
7 12 33
5 10 26
10 2 24
7 11 21
16 9 27
18 5 32
13 11 18
24 8 26
1 7 19
25 9 38
5 9 26
8 3 1
11 7 26
5 11 9
2 12 34
23 10 20
25 11 6
16 12 26
4 9 15
7 6 10
15 11 29
1 8 11
9 3 37
19 10 19
8 9 6
1 3 21
16 3 9
1 6 8
11 4 31
21 4 36
21 11 38
6 12 30
14 12 29
26 5 12
11 12 38
12 3 15
24 4 1
21 2 31
10 3 32
1 12 24
23 1 13
24 2 39
1 9 12
25 1 25
1 5 6
3 11 25
2 11 17
2 12 21
25 4 13
12 7 7
16 8 3
11 9 12
26 8 27
3 4 2
4 2 21
4 2 26
5 9 26
25 3 5
14 7 30
16 9 27
24 5 38
4 2 32
1 8 37
19 5 6
18 11 31
10 1 24
13 4 11
10 4 37
22 12 13
3 6 30
17 12 6
14 8 34
25 10 32
18 8 23
5 5 37
6 10 19
5 4 29
4 7 22
14 4 24
1 6 13
18 10 11
4 7 25
4 6 26
4 6 27
18 6 19
22 7 6
17 4 10
17 11 22
7 10 2
20 4 6
9 11 25
17 3 13
22 2 7
23 10 15
3 3 18
22 1 19
3 9 37
9 10 1
20 5 22
22 12 16
19 9 6
16 2 7
16 2 38
3 10 4
10 4 38
4 6 24
20 2 27
12 3 31
19 7 12
2 9 30
6 7 19
8 3 17
7 9 37
16 12 19
23 1 19
10 11 3
26 5 35
17 2 1
18 10 33
18 3 26
24 9 17
18 2 35
18 6 29
24 5 40
7 5 10
6 11 18
11 6 20
2 1 37
25 10 30
5 6 30
4 3 1
16 9 16
15 7 33
16 11 11
9 2 33
24 7 20
23 9 28
2 1 22
13 7 19
3 8 8
5 9 21
11 7 22
2 12 30
11 12 2
23 9 13
18 2 11
16 7 35
9 11 1
26 10 16
23 11 22
12 7 2
9 4 12
3 11 30
24 4 30
5 3 8
20 9 40
1 9 36
9 6 11
19 2 6
2 6 22
25 5 1
21 4 23
19 6 1
4 12 35
23 4 40
1 1 22
17 12 29
4 7 26
6 9 19
13 11 23
20 3 25
17 10 38
6 1 31
17 1 22
2 10 17
5 6 11
10 5 25
10 7 37
11 5 39
17 12 38
16 1 4
2 2 32
2 3 36
25 12 34
17 8 19
8 10 23
9 4 3
3 4 6
6 8 6
14 7 10
24 7 25
1 1 12
10 6 3
3 12 9
14 8 2
24 4 11
20 12 24
21 5 26
20 4 12
15 12 30
15 5 27
10 12 38
25 6 10
19 1 34
17 9 36
1 2 17
7 11 33
15 3 11
9 6 13
17 11 36
15 2 40
10 10 16
25 10 20
21 8 40
2 11 4
26 1 37
26 9 11
19 11 36
6 3 39
20 8 8
7 8 37
5 3 36
14 12 7
21 12 17
2 2 38
19 12 37
12 8 11
15 12 36
18 9 34
19 3 14
26 5 24
12 11 1
6 6 31
4 9 21
22 7 21
18 12 37
5 1 25
1 4 3
3 2 33
11 3 32
14 5 29
3 10 2
11 10 34
18 12 23
23 1 38
9 7 22
7 8 39
22 9 4
24 6 7
6 8 34
22 1 10
25 3 14
23 5 36
18 11 3
21 6 22
18 10 4
1 9 5
1 3 2
13 12 37
18 8 24
25 9 34
12 9 35
17 8 37
20 9 19
19 1 15
24 8 24
12 1 23
5 9 2
26 12 29
21 7 38
21 5 8
24 3 35
11 2 28
6 5 14
22 3 28
12 7 10
22 12 5
25 5 27
23 9 15
7 4 21
19 8 28
3 9 38
5 1 11
4 8 6
15 10 17
10 7 19
13 12 24
1 7 10
2 10 15
9 6 12
3 1 15
13 6 29
18 3 1
17 5 20
12 10 1
11 5 31
2 1 25
20 4 40
2 5 5
2 4 39
24 11 3
6 8 29
12 8 19
22 2 37
21 11 26
13 10 7
22 7 5
9 8 24
2 5 28
4 4 35
21 6 40
24 2 7
18 12 23
6 4 15
8 2 38
6 10 22
11 5 1
7 11 16
23 6 39
15 7 32
16 11 31
11 11 31
25 5 8
2 7 8
5 3 2
16 8 11
19 6 17
3 2 20
3 3 38
2 7 17
9 10 40
15 6 20
14 5 9
13 12 2
21 10 33
13 8 36
3 3 29
7 11 24
6 7 10
1 8 27
18 7 19
11 1 39
9 1 38
25 1 1
13 8 15
22 3 20
19 3 24
12 3 14
19 12 35
15 11 30
20 7 14
12 12 37
2 10 7
2 9 28
22 7 19
22 3 40
6 11 5
25 8 4
10 5 9
2 11 18
12 8 37
16 3 1
1 8 10
23 8 37
1 2 38
3 10 33
15 7 10
9 11 37
15 3 12
12 4 4
23 8 11
17 10 30
15 6 20
2 4 13
26 1 18
5 3 29
8 2 28
10 8 19
2 2 38
10 1 26
8 7 27
20 7 6
26 5 30
5 12 31
5 11 26
8 4 40
25 4 20
21 12 30
22 2 7
17 8 2
21 8 32
8 11 21
7 11 17
7 7 8
15 5 6
14 10 37
13 8 12
20 10 15
2 2 4
14 11 33
21 4 29
17 1 16
24 2 11
14 4 14
25 7 32
6 12 5
14 7 35
9 5 15
19 6 13
16 5 9
24 7 21
13 11 32
23 5 26
15 12 25
3 4 3
3 9 10
16 9 23
11 8 20
8 5 23
23 7 30
9 10 23
7 3 37
1 4 5
21 4 21
18 12 2
16 6 29
6 6 30
16 3 13
12 10 33
19 3 10
3 10 33
4 11 17
16 9 12
13 10 26
8 3 6
5 7 40
19 5 34
13 12 6
13 12 5
13 10 22
7 6 36
5 6 27
24 3 2
5 11 17
21 9 38
19 2 6
6 8 39
20 4 11
3 3 21
14 4 2
9 1 9
15 1 37
12 4 2
11 8 39
9 5 4
13 8 17
8 3 36
6 12 3
7 2 21
21 4 17
18 1 37
11 3 37
18 9 32
26 11 22
2 12 21
5 7 33
22 10 31
18 1 29
16 12 33
8 2 28
14 5 1
26 11 25
25 7 23
2 8 9
9 5 18
6 6 35
19 8 8
7 3 29
8 11 36
25 2 40
10 9 28
5 1 4
1 7 17
19 9 20
20 3 30
16 6 1
24 9 6
21 10 27
19 9 12
14 2 37
11 9 13
20 10 17
3 6 25
4 9 40
18 5 28
16 6 25
22 6 21
13 7 13
23 7 30
23 10 20
20 10 32
24 4 30
13 3 5
7 7 18
3 3 9
19 7 16
12 11 31
4 12 29
1 1 11
22 6 28
9 8 22
18 1 24
23 1 25
15 1 20
23 1 16
21 6 17
15 2 28
5 3 33
20 7 12
1 12 5
21 4 5
23 2 5
23 8 18
23 11 11
9 9 18
9 8 23
2 7 32
7 12 19
16 1 31
19 6 36
1 7 33
11 8 3
20 8 6
16 12 13
13 12 33
8 11 40
16 7 22
26 9 32
18 8 23
5 7 26
2 9 18
18 12 2
9 6 12
13 8 1
3 1 32
13 9 19
17 5 14
25 3 16
18 3 18
17 5 17
3 12 3
19 10 29
20 1 4
23 7 28
25 5 12
6 2 18
23 3 29
17 1 32
26 5 35
19 3 10
3 7 9
3 6 32
12 1 6
12 9 36
12 4 18
23 7 12
5 12 21
26 1 22
5 5 31
18 5 16
13 4 14
5 5 22
20 9 27
2 2 11
26 7 9
3 10 7
24 7 1
25 11 34
19 1 25
3 10 3
17 3 32
26 1 6
18 8 6
3 5 35
20 6 24
19 1 5
18 4 34
16 3 11
5 9 37
19 7 32
14 2 40
17 7 28
26 3 11
10 6 5
24 12 16
5 8 24
15 10 16
8 12 8
10 4 10
2 9 38
25 11 14
7 8 37
24 9 22
4 8 33
19 1 7
3 1 16
25 8 1
7 4 12
11 3 24
24 10 28
9 8 3
6 1 14
11 7 8
18 1 23
17 4 33
8 9 32
11 5 17
5 5 40
2 9 25
3 9 18
11 12 18
23 5 28
6 3 33
20 3 29
5 10 21
16 5 23
17 7 12
3 7 11
2 4 7
4 2 16
25 1 14
23 2 10
13 8 40
14 11 23
7 6 17
10 2 3
4 6 8
17 5 3
6 7 17
19 1 24
14 6 39
5 2 40
16 1 29
26 12 2
21 11 35
13 2 32
11 10 1
4 11 11
5 1 4
16 11 35
1 2 40
19 12 27
26 1 21
4 4 3
13 11 4
25 3 2
15 12 13
10 1 7
21 7 14
22 8 20
5 5 32
19 12 27
25 7 23
1 4 16
22 5 3
3 1 38
20 12 20
18 9 36
12 11 10
9 11 8
22 6 32
15 1 4
17 10 27
16 2 29
3 4 24
19 3 38
14 11 24
21 8 1
23 9 15
24 6 19
7 1 6
2 8 10
8 3 20
6 4 26
23 2 15
20 8 24
11 7 11
22 11 11
15 6 31
2 9 24
24 3 34
3 7 9
8 4 2
19 7 27
22 8 13
12 5 16
20 10 2
14 9 13
25 12 1
7 2 37
19 5 8
7 7 22
18 12 39
1 3 32
15 12 9
19 3 40
11 8 32
11 5 30
17 12 26
4 3 16
3 3 29
16 1 11
6 1 37
2 3 1
19 3 22
12 3 13
16 8 31
15 5 29
22 12 22
7 5 5
10 10 2
12 7 16
24 8 5
25 9 5
12 3 14
17 7 38
8 1 8
15 5 24
14 10 12
4 11 2
23 6 33
23 7 10
20 1 3
13 2 36
25 9 12
25 12 1
18 9 30
8 9 30
6 9 40
1 2 29
15 8 29
24 1 1
20 3 25
5 1 28
22 6 14
6 3 38
20 8 17
17 2 15
1 5 26
23 5 39
18 5 2
13 7 39
4 9 31
15 8 32
26 9 2
8 12 3
24 7 5
26 1 8
23 11 31
2 2 12
23 7 7
22 4 12
24 5 14
17 8 40
5 12 29
3 6 5
3 3 1
7 3 4
12 10 14
9 1 18
9 10 38
8 6 4
6 1 21
10 12 7
8 10 15
11 8 19
22 7 11
8 1 23
9 2 12
5 11 33
21 1 1
14 8 9
11 8 12
7 2 21
20 10 32
20 4 19
2 11 28
15 9 40
23 10 10
4 2 22
5 3 25
8 9 20
20 6 11
10 5 40
11 5 38
19 12 8
19 4 38
8 5 29
26 11 36
24 9 6
24 3 5
12 10 2
11 2 15
11 7 7
21 6 12
25 3 2
4 7 5
14 6 5
11 4 28
16 2 9
17 5 35
12 6 7
21 12 13
7 12 14
21 4 37
8 5 35
9 4 7
3 4 29
8 5 21
20 9 34
20 12 33
23 7 14
8 6 21
17 5 38
3 9 40
17 7 40
2 4 22
6 10 33
4 6 34
26 11 25
13 2 38
21 8 12
23 6 6
2 4 12
8 2 6
7 12 18
23 6 32
16 10 14
4 8 10
18 9 1
16 5 24
9 9 18
16 11 38
26 10 19
26 6 29
5 8 2
3 2 26
1 4 31
13 9 17
25 5 37
24 9 14
18 9 38
9 10 8
24 9 40
8 10 4
13 9 23
6 10 14
12 5 24
3 8 12
20 2 7
22 3 12
6 6 4
19 2 25
10 1 1
23 2 37
10 7 13
9 3 23
18 5 37
5 12 12
20 4 20
8 11 1
24 7 40
25 7 30
13 10 18
8 3 13
2 9 38
8 8 33
18 12 39
7 6 19
13 7 4
17 12 36
21 7 5
6 2 6
12 4 18
14 4 9
22 8 8
4 12 22
3 5 38
19 5 36
7 2 9
4 4 29
24 10 19
5 11 38
11 4 2
14 8 3
21 3 32
19 3 38
6 12 12
8 1 2
4 3 35
25 9 2
7 6 33
20 11 22
7 4 33
18 10 38
25 10 4
18 3 3
6 5 22
4 1 28
12 3 5
11 9 5
16 12 23
12 12 27
9 8 34
2 2 22
2 3 9
2 11 32
6 10 14
18 1 26
25 7 5
18 3 9
15 3 15
23 7 1
23 1 29
22 6 4
10 11 17
4 10 34
8 9 36
6 10 21
8 12 20
24 5 1
16 11 28
5 1 40
13 3 7
3 1 36
5 10 14
22 6 14
17 6 35
20 9 36
5 2 2
17 9 3
19 5 15
22 9 36
14 7 35
19 4 14
24 8 19
10 10 39
18 4 30
17 10 20
25 3 7
8 12 3
4 10 29
26 10 14
4 7 33
7 3 24
20 4 31
13 11 8
19 4 1
1 5 24
20 1 26
26 1 39
17 3 24
17 8 38
15 8 4
19 11 20
2 3 30
18 11 16
6 3 22
18 12 9
2 10 8
17 5 35
4 10 8
17 12 27
1 5 18
19 12 15
12 6 32
11 7 20
25 2 16
23 2 31
16 6 21
9 10 33
1 2 32
2 7 33
8 7 10
22 2 20
21 4 5
25 6 37
18 11 27
16 8 9
20 10 20
3 11 11
12 3 27
18 3 34
11 9 8
14 2 30
14 9 20
17 11 24
11 12 40
12 9 21
23 3 3
18 2 34
7 8 5
4 1 14
2 6 12
18 6 2
20 5 37
21 8 36
16 7 30
2 3 35
1 5 30
5 12 35
22 2 23
1 4 7
4 6 28
1 12 7
15 5 25
22 10 10
4 11 10
25 2 20
10 8 11
21 1 29
3 8 20
4 6 16
5 12 27
12 3 26
20 7 19
13 1 17
14 10 27
5 8 13
24 3 5
25 5 21
19 11 34
9 7 27
15 12 2
16 8 5
13 3 31
4 2 17
14 3 27
16 11 34
7 7 24
4 8 17
20 8 14
7 8 15
25 11 7
12 7 25
3 9 14
3 8 22
22 8 1
24 2 29
24 1 22
10 3 11
3 1 6
26 11 30
8 11 11
11 9 28
19 12 6
16 4 27
2 3 16
16 7 39
2 11 28
14 1 15
3 8 20
15 6 33
20 4 2
10 9 28
5 2 36
21 4 35
8 4 8
1 10 40
5 12 19
10 8 19
12 10 23
1 6 1
5 11 32
24 4 25
23 9 37
3 12 20
2 6 29
10 8 33
6 8 37
23 8 11
10 9 2
20 6 5
13 5 20
7 1 6
20 11 11
18 7 36
4 3 25
15 10 1
14 2 31
1 3 17
3 1 3
1 6 40
4 1 18
22 6 8
6 7 13
13 6 6
13 5 14
8 12 35
1 5 26
11 2 10
16 8 32
3 8 33
10 6 23
25 1 35
12 6 33
14 5 16
7 5 5
16 7 19
5 6 12
23 3 38
25 7 19
21 4 1
20 12 32
7 10 28
3 1 30
16 3 12
25 4 11
7 11 35
24 9 39
2 7 3
20 11 38
20 2 9
16 6 5
22 7 5
17 5 16
10 8 25
9 6 7
19 8 19
26 10 20
22 7 36
8 4 37
19 9 32
11 12 39
24 4 35
18 9 25
11 5 36
18 2 3
7 4 21
24 4 3
11 9 32
11 6 11
8 2 23
7 2 39
3 12 9
13 11 26
12 1 16
18 6 37
5 8 31
25 7 23
15 3 36
21 1 5
12 1 40
21 4 21
25 5 36
25 9 29
10 4 27
15 11 6
20 9 2
12 7 27
22 3 17
5 8 26
5 4 16
8 11 22
1 2 10
1 7 24
10 3 5
10 8 29
17 12 22
24 8 32
10 5 18
16 12 5
14 8 33
23 3 36
4 1 10
21 4 31
17 10 11
3 1 5
4 11 35
6 3 24
18 5 19
23 3 16
18 1 13
8 10 33
16 8 28
8 8 12
7 4 37
25 5 5
13 2 16
16 12 14
21 11 23
15 6 18
9 7 20
1 9 18
7 8 39
26 9 19
8 3 15
1 11 1
12 12 10
15 10 29
15 5 25
16 2 8
18 12 16
24 8 20
17 4 32
24 4 9
4 6 21
26 11 13
24 6 16
19 7 29
13 4 14
22 11 2
26 8 38
4 7 29
6 8 17
4 10 36
15 7 31
3 7 25
17 9 31
23 7 7
16 5 20
14 10 15
26 5 36
20 9 32
25 10 24
8 5 4
2 10 1
1 3 20
12 4 28
19 1 14
16 12 2
23 11 27
15 6 28
2 6 28
12 11 21
18 6 31
13 1 31
26 3 38
19 7 25
24 4 15
23 8 17
22 1 14
10 10 23
4 9 18
1 4 1
9 11 11
18 4 13
5 6 20
1 2 4
23 4 36
7 9 16
22 5 27
3 12 40
3 1 15
6 10 36
10 11 8
14 6 40
14 4 3
15 11 27
10 7 28
7 4 39
23 9 17
24 6 27
16 4 12
2 6 19
14 8 23
13 4 17
6 4 8
11 12 40
9 6 27
25 5 4
7 7 30
19 2 34
26 7 40
4 4 35
21 5 24
1 3 21
26 7 28
18 3 22
11 12 32
16 4 6
1 3 14
17 12 30
13 12 5
6 7 38
26 2 20
21 4 25
22 7 36
24 11 17
25 1 35
5 8 39
22 9 2
19 8 15
23 10 14
18 1 5
23 8 29
1 1 23
1 6 39
14 5 35
9 5 26
5 12 12
10 9 12
19 6 38
19 2 38
25 11 1
4 1 27
10 4 16
8 3 30
19 10 16
25 6 3
20 5 21
12 5 37
11 12 5
4 8 1
6 5 27
17 11 21
22 4 8
2 8 21
18 3 14
7 11 40
5 12 22
20 11 5
25 7 12
1 10 20
11 6 20
2 11 36
11 7 37
1 1 21
17 2 17
23 1 37
15 10 34
3 2 24
3 3 39
21 11 28
24 2 34
7 12 16
25 4 33
24 12 28
3 10 28
26 8 24
8 11 3
17 1 28
5 1 13
23 5 38
8 6 34
4 11 1
25 1 4
20 4 24
20 12 8
20 1 26
23 1 1
4 11 21
6 11 25
20 7 36
18 4 5
19 4 7
10 2 37
4 12 23
12 6 3
13 8 37
15 4 25
6 12 32
25 9 32
7 4 15
10 11 27
9 10 25
3 3 29
5 6 25
8 10 15
12 5 2
3 2 23
12 9 31
1 1 38
21 11 39
4 4 38
8 11 15
20 1 10
9 4 6
7 10 13
24 10 8
6 11 6
2 1 19
7 5 38
26 5 37
11 12 16
1 4 13
15 4 34
24 5 33
6 2 36
6 11 23
19 6 12
13 6 14
1 8 14
23 4 37
9 3 1
13 5 30
18 5 31
16 9 35
14 6 18
24 3 35
24 11 2
1 4 8
17 6 5
26 11 14
14 9 11
15 3 31
8 8 20
7 11 30
12 12 36
3 2 20
10 4 26
18 6 39
15 9 17
10 8 17
14 4 24
20 12 28
19 3 11
26 12 15
24 8 1
22 3 22
6 12 9
17 5 9
26 11 20
13 9 7
14 7 1
12 6 21
1 4 22
11 10 27
26 4 32
9 2 32
23 8 37
11 6 38
26 12 37
16 7 37
7 11 38
11 9 28
5 3 11
11 6 32
6 1 33
18 2 20
24 9 36
9 3 27
14 11 12
24 2 8
5 11 8
19 10 5
12 12 35
26 9 19
19 3 31
21 8 40
2 2 32
18 8 33
26 6 20
12 3 24
17 12 20
13 4 26
17 8 17
18 5 32
12 12 2
11 6 16
18 1 10
16 4 36
1 10 15
17 3 11
13 2 4
21 8 26
1 9 36
4 8 26
21 3 12
22 10 17
14 6 17
11 5 3
14 4 39
21 11 35
23 10 19
21 2 2
18 7 10
11 2 15
8 7 18
19 12 1
10 1 5
18 3 15
22 11 22
23 1 24
6 5 24
26 3 13
25 2 36
24 11 12
26 5 33
1 2 15
6 12 6
22 1 24
21 9 21
13 4 29
10 8 31
7 5 7
20 3 28
25 12 31
20 1 27
11 8 30
10 2 25
24 2 23
22 2 16
2 12 15
13 10 33
22 2 20
10 2 31
8 4 38
14 1 9
15 5 5
16 2 14
4 3 33
14 3 9
23 12 25
22 8 37
13 5 36
16 12 13
14 4 30
4 2 17
8 5 12
18 12 20
13 8 35
23 2 32
17 9 2
20 9 13
1 1 5
21 5 32
21 2 16
6 2 30
18 5 19
22 3 3
1 11 35
12 7 4
6 9 5
10 6 36
26 4 13
16 8 28
11 6 38
25 2 32
19 9 10
16 2 38
9 12 30
3 3 2
22 3 29
3 9 36
15 8 20
8 11 36
23 6 20
9 2 14
14 3 12
2 3 14
20 10 11
18 4 19
22 6 38
15 6 9
1 2 16
5 5 40
8 10 27
20 7 27
21 9 4
19 10 22
11 10 26
25 3 6
23 12 6
11 9 11
3 1 8
14 12 29
21 8 29
15 7 15
8 8 24
24 10 1
18 7 3
5 8 1
4 3 24
1 6 17
6 10 34
5 3 3
9 8 21
7 11 10
15 10 34
9 10 18
22 5 2
23 11 5
6 10 10
21 2 16
18 5 10
9 5 26
10 5 5
23 8 17
21 12 10
17 5 21
11 5 29
21 7 9
10 4 4
10 7 35
6 8 38
2 8 30
4 2 1
23 10 2
22 12 18
7 12 2
15 4 40
22 9 35
26 5 24
6 9 34
25 12 34
15 3 9
2 6 33
17 7 30
12 12 14
12 1 13
16 3 15
9 2 38
9 11 26
7 12 19
9 12 3
18 1 39
11 8 39
4 2 33
17 6 36
7 11 40
1 12 4
9 2 38
4 6 17
8 7 21
16 12 37
4 2 34
24 11 14
18 11 30
17 4 36
4 12 25
25 7 34
18 10 37
6 10 23
7 12 7
6 1 13
20 10 25
7 6 23
14 8 32
15 12 8
21 5 25
21 8 13
6 8 32
19 1 36
19 9 16
18 2 13
14 9 20
8 3 26
1 11 10
20 8 14
19 4 14
19 4 1
25 11 33
12 1 35
3 12 28
20 3 23
8 1 30
18 1 15
23 8 19
23 12 25
2 4 35
23 5 18
23 4 3
19 12 9
11 4 26
8 3 9
1 9 30
8 1 35
16 2 31
1 10 36
12 5 35
8 6 7
11 4 20
26 5 11
25 7 1
7 8 15
21 2 20
11 12 17
6 11 9
3 6 39
9 9 18
2 1 27
4 3 16
6 1 13
13 11 14
16 6 5
20 9 32
20 11 25
2 1 8
25 11 28
17 9 5
25 4 6
26 8 10
26 2 1
24 6 18
19 6 34
13 4 9
1 6 15
21 6 9
6 8 32
13 6 24
25 8 29
19 10 30
19 3 18
26 1 22
11 12 26
10 7 16
25 7 35
11 6 15
5 8 33
26 12 10
25 5 37
13 8 36
15 3 17
6 5 34
9 11 5
17 7 38
11 6 40
23 4 30
20 2 6
19 1 26
22 5 14
1 7 34
3 8 18
22 3 33
16 4 23
11 4 7
1 4 3
2 6 5
9 4 14
15 3 9
11 6 30
25 12 6
22 8 17
2 1 32
22 4 22
8 11 2
26 12 33
13 6 1
3 12 29
17 11 38
15 12 37
15 6 30
3 8 25
3 11 11
26 12 23
12 11 18
11 10 23
14 3 6
23 9 4
13 2 3
9 2 7
14 4 4
18 1 21
13 6 4
11 6 25
10 3 39
15 5 18
25 2 39
4 11 27
21 3 25
11 6 30
19 4 27
20 9 38
2 6 18
16 10 37
8 1 38
25 5 5
24 6 12
24 9 28
12 1 27
3 3 7
25 5 29
14 3 30
26 10 27
16 2 35
13 8 5
10 4 14
25 1 10
1 11 4
10 12 28
24 12 31
2 9 5
24 12 29
1 2 36
11 8 31
4 10 30
23 3 35
6 3 10
16 11 36
25 10 15
2 1 19
6 7 18
25 2 12
8 7 22
15 2 30
5 2 26
26 10 38
9 12 28
26 4 31
14 10 28
14 12 18
1 7 39
26 9 34
8 5 24
21 1 9
7 12 8
19 2 39
12 4 23
7 11 39
25 5 19
26 11 10
7 5 9
14 2 14
7 11 4
5 4 25
26 6 37
1 6 39
12 12 19
3 4 15
24 5 20
24 9 11
12 8 7
16 4 9
9 1 23
4 12 36
6 4 22
5 12 28
16 9 39
2 4 29
12 8 9
21 4 34
25 5 12
22 8 31
19 5 32
11 12 40
20 12 8
24 5 38
3 7 20
4 4 29
1 10 8
25 9 1
4 11 18
7 4 30
4 3 34
4 5 40
16 11 11
14 6 25
23 10 12
15 11 25
16 6 12
11 6 14
20 12 8
6 3 40
24 8 14
25 5 31
19 7 14
8 1 31
8 11 15
5 3 19
3 10 12
15 12 23
14 7 33
20 12 31
16 10 17
22 4 2
2 10 39
24 11 19
9 2 10
3 10 33
25 11 25
1 8 24
15 10 18
3 11 23
19 3 34
4 2 29
10 11 15
8 5 22
2 6 24
23 6 26
11 5 39
7 11 7
16 7 16
2 6 21
17 11 2
19 1 16
8 1 5
14 10 16
14 10 34
12 11 4
23 9 4
20 5 22
7 2 22
19 6 5
4 9 21
21 8 16
14 6 20
13 9 39
5 2 11
4 10 15
22 8 13
21 6 17
9 7 31
16 4 14
26 10 38
18 3 2
10 8 7
23 3 12
4 3 15
11 7 30
18 8 16
16 7 15
13 2 37
1 5 33
5 1 4
22 1 21
6 8 27
24 3 40
21 5 12
1 2 19
3 3 20
11 6 30
6 9 25
9 12 26
2 10 36
7 8 22
7 6 39
10 11 30
26 7 14
16 7 20
7 2 19
20 7 28
10 6 29
22 6 7
9 7 31
17 10 26
9 4 16
22 9 2
15 11 23
7 5 12
12 4 33
2 3 22
23 3 20
24 12 6
8 12 17
23 1 18
14 3 12
23 12 36
9 6 36
23 10 3
3 11 33
22 1 11
13 1 37
23 7 11
25 10 30
9 10 29
4 12 21
16 6 3
15 9 27
1 8 35
3 3 21
6 12 29
25 10 35
4 6 11
18 4 30
21 7 1
11 4 28
20 3 7
19 8 16
14 9 16
5 4 30
18 5 15
25 8 32
5 4 37
21 6 14
8 8 34
15 12 19
5 12 33
11 12 36
19 3 6
17 7 35
16 8 9
18 8 29
13 1 8
12 2 2
4 9 8
17 11 7
12 3 7
21 1 16
12 4 34
26 7 11
22 6 6
1 1 1
1 10 15
11 11 1
20 12 3
1 9 5
15 12 13
13 12 39
4 1 36
4 1 28
25 9 27
7 5 9
10 9 10
17 7 19
23 11 30
21 5 28
8 10 16
10 2 31
13 4 39
19 7 29
14 5 2
11 1 29
19 5 22
19 3 3
17 11 4
18 2 16
14 2 21
23 6 37
23 5 5
10 9 21
13 5 1
9 2 11
15 2 26
25 2 6
7 3 14
21 4 21
11 9 25
3 8 25
2 6 36
3 6 17
17 10 19
26 1 33
11 1 32
5 5 36
24 9 8
3 1 18
5 3 37
11 4 14
14 12 9
25 1 23
7 5 3
23 2 21
21 8 12
26 7 19
12 8 30
16 2 16
1 2 36
5 10 32
15 6 23
9 7 36
23 7 11
7 6 8
9 12 36
10 3 38
16 11 35
22 7 29
19 7 20
2 5 12
3 1 30
14 5 6
10 11 19
4 12 37
20 5 2
16 9 24
10 4 37
23 2 28
23 11 36
16 5 10
4 6 34
11 3 4
25 12 3
18 3 4
4 8 9
25 12 9
23 4 14
20 7 36
23 6 27
15 6 10
23 8 20
24 12 7
3 1 35
10 10 34
24 8 23
17 3 33
25 11 25
26 2 20
10 4 25
24 12 21
1 1 31
3 8 40
20 5 21
2 1 33
2 7 9
14 5 38
7 7 11
23 2 13
25 9 23
14 8 27
24 2 21
1 5 40
11 4 6
3 9 2
13 11 8
18 3 3
10 6 30
15 5 25
10 8 19
5 9 4
6 2 2
18 7 3
11 12 35
23 12 27
22 11 20
18 6 14
12 10 24
17 4 22
24 5 38
17 8 14
3 8 13
1 10 35
3 4 19
21 7 29
15 7 22
20 11 21
19 2 26
5 5 25
22 3 23
15 5 32
10 5 1
6 12 5
26 10 33
8 3 22
16 8 17
4 6 7
16 1 17
7 8 17
9 6 27
15 10 4
5 9 6
13 7 35
18 3 17
25 12 9
21 3 18
3 6 40
25 9 27
2 6 15
12 11 33
4 11 27
12 1 11
5 1 39
16 8 10
10 5 26
3 12 38
17 7 35
9 3 13
16 2 19
23 2 28
14 7 36
3 9 24
12 12 2
23 10 1
5 7 9
21 7 36
24 4 25
10 1 26
2 12 5
13 7 1
21 4 19
16 11 13
8 9 27
5 7 26
23 2 26
6 10 20
19 12 15
1 2 33
8 4 40
8 8 13
26 11 29
2 3 12
1 1 33
5 6 35
21 4 25
11 9 18
17 8 14
9 10 13
13 9 18
4 9 2
2 1 12
22 11 7
21 11 4
18 6 40
25 8 31
20 6 23
1 6 26
14 6 32
23 11 17
13 2 18
18 10 6
5 1 11
25 3 4
26 4 15
22 6 14
23 12 33
24 7 20
24 11 22
11 10 4
14 1 20
6 6 25
8 12 14
16 1 39
8 9 25
13 8 27
15 4 25
5 12 24
8 5 22
2 6 25
12 6 25
15 1 14
8 8 23
14 3 6
7 2 9
2 3 20
21 11 18
22 6 23
22 10 6
9 4 27
24 10 27
15 12 15
4 4 30
7 4 15
6 9 27
26 5 12
2 9 2
24 11 27
17 11 13
6 1 21
9 1 6
10 10 27
14 8 4
25 11 34
18 3 26
22 10 24
9 1 2
5 7 35
7 6 26
2 8 25
20 5 38
1 1 34
8 6 5
18 9 7
14 5 25
1 12 6
14 4 14
1 5 15
23 10 35
12 9 1
25 4 5
13 10 14
9 10 40
11 7 4
18 3 35
5 7 20
11 4 7
10 4 2
19 10 22
9 4 20
25 8 33
9 12 15
6 11 7
3 12 9
23 8 30
24 11 10
3 5 36
3 5 14
20 3 37
15 4 4
24 2 15
1 6 18
2 1 14
22 9 2
10 7 33
24 12 3
9 7 11
10 1 8
17 2 16
13 2 10
15 2 40
22 6 10
21 9 11
19 7 40
13 1 4
5 9 26
10 9 22
23 9 14
18 7 32
18 7 11
4 12 29
19 11 2
21 11 29
23 1 4
11 9 3
16 9 38
9 12 26
7 1 17
5 4 2
13 11 34
6 7 11
19 1 18
7 9 38
7 3 31
6 12 12
16 2 6
26 7 20
2 4 39
21 4 27
9 2 32
10 6 2
23 11 10
25 4 40
13 9 23
2 1 32
12 12 1
24 8 40
25 3 6
18 10 16
20 4 2
13 4 18
18 11 9
24 7 6
7 12 13
18 6 36
23 5 8
26 4 13
2 4 35
19 7 40
16 8 36
13 11 23
11 7 20
6 5 35
7 12 7
7 12 26
2 1 19
14 8 11
16 1 12
16 6 20
26 7 40
10 8 39
7 5 11
10 8 10
25 12 36
26 7 24
25 9 22
21 3 18
23 3 32
7 2 17
6 6 16
12 4 23
19 2 11
11 10 38
20 8 36
11 6 6
24 12 21
16 11 34
16 1 39
25 9 7
23 3 21
12 7 4
2 9 13
11 6 23
2 10 20
12 8 7
15 7 18
18 5 32
2 1 35
4 8 32
18 3 24
8 8 12
16 7 6
1 8 23
18 8 12
25 5 10
24 10 3
5 6 14
1 6 6
1 6 34
21 12 2
4 3 1
5 6 39
20 12 33
17 3 29
19 5 15
12 5 36
16 11 19
21 5 36
7 2 2
8 5 5
15 3 24
17 9 7
16 6 33
6 1 27
14 8 15
16 4 16
21 4 38
8 3 22
21 4 29
4 9 21
1 10 35
3 11 38
15 3 1
16 3 10
24 4 28
16 6 19
19 12 25
18 1 8
15 2 39
2 5 14
11 5 10
18 10 8
26 1 1
8 5 20
15 7 16
11 10 39
13 12 24
11 8 22
20 9 31
19 10 35
20 4 21
11 5 18
15 6 26
19 1 1
21 5 2
19 12 39
20 8 13
3 2 21
8 1 31
2 6 12
10 5 5
9 3 39
26 4 30
12 1 13
9 2 8
2 10 3
20 2 36
14 1 16
19 6 28
10 11 29
23 12 11
12 9 27
17 10 13
23 7 9
16 7 35
7 9 3
2 4 32
21 2 16
23 2 7
13 3 1
22 8 31
9 10 10
8 12 28
25 1 3
5 1 30
20 7 36
14 6 29
25 8 4
13 12 30
5 7 38
20 9 2
8 1 23
26 2 24
2 10 3
5 8 30
23 5 2
8 9 38
14 12 36
26 7 9
3 8 32
23 9 2
8 10 33
4 1 6
13 7 14
14 9 13
12 12 25
5 2 17
24 7 6
23 9 7
24 1 23
19 11 13
1 4 2
17 12 12
24 4 35
5 7 20
5 12 27
21 2 26
22 11 5
24 12 35
23 1 37
4 7 7
18 7 27
2 12 3
17 4 13
14 5 16
17 8 8
19 6 21
17 10 25
11 3 9
6 2 2
20 9 14
26 9 38
7 10 18
19 5 16
5 5 26
10 4 19
19 5 21
19 10 26
14 7 3
21 5 16
20 2 17
24 10 28
3 5 9
18 5 22
18 5 34
2 12 13
9 11 30
12 8 4
9 9 10
9 1 17
9 7 5
8 5 24
23 1 1
13 2 32
9 5 23
9 11 24
23 11 22
24 4 3
13 6 22
23 5 21
16 7 19
17 12 37
12 12 3
16 2 17
7 3 1
10 7 8
20 10 29
16 10 18
14 8 34
13 8 31
15 5 18
13 7 6
12 6 11
18 7 17
15 3 30
26 10 33
25 4 10
2 1 3
16 11 26
14 5 7
12 9 35
16 3 20
16 11 4
7 6 9
12 2 9
25 9 15
19 11 8
23 12 1
24 3 4
9 8 24
11 3 27
13 2 16
2 6 16
8 9 4
11 8 2
18 11 3
9 6 21
22 12 17
16 2 32
12 2 30
3 9 29
10 9 20
2 10 2
17 9 29
25 1 30
3 7 36
7 8 1
22 2 30
6 9 25
2 2 29
18 6 30
20 11 30
15 5 33
15 12 17
10 1 22
19 11 27
15 10 10
2 4 4
5 1 22
1 2 16
25 7 30
6 7 36
22 10 7
14 7 19
5 11 3
16 6 36
19 2 27
18 7 6
13 7 37
12 10 11
1 9 35
21 12 37
15 11 12
10 8 13
18 1 14
25 11 12
15 11 34
5 3 39
14 2 31
15 4 15
7 10 23
25 1 27
5 1 37
22 1 3
12 1 3
12 4 23
13 1 11
14 10 29
9 8 17
10 9 23
14 3 12
2 10 22
25 4 21
4 12 39
1 10 37
15 6 12
10 4 12
7 9 36
13 9 18
16 6 30
22 11 16
9 4 4
15 8 29
7 4 32
22 1 30
13 11 38
3 6 3
17 3 38
25 12 17
25 9 31
17 10 15
17 6 26
19 6 29
22 4 29
22 5 35
19 2 14
21 5 8
7 6 31
3 8 27
15 3 15
23 10 20
23 6 20
25 3 27
6 5 19
13 3 36
17 12 2
7 12 33
14 7 22
18 12 5
21 10 39
8 3 14
23 3 25
11 4 13
17 4 19
23 3 18
10 9 39
10 8 39
5 6 33
16 8 30
23 9 30
17 1 17
3 7 21
23 7 24
17 7 23
23 9 11
20 2 14
4 4 23
21 12 21
5 4 31
26 6 18
14 2 8
6 4 18
13 3 12
4 12 20
14 12 37
8 9 34
19 11 5
9 8 30
21 8 18
16 10 11
23 10 28
6 9 20
20 12 24
22 8 38
5 7 28
3 6 26
2 6 6
6 4 20
7 8 20
9 12 36
19 11 19
17 5 18
9 9 11
4 9 18
16 1 16
7 10 13
22 6 4
14 3 36
3 8 6
5 3 16
7 10 25
8 4 17
18 11 17
26 2 20
18 4 30
22 4 34
2 5 18
22 9 17
13 12 30
1 3 2
10 3 3
15 12 11
20 8 16
1 7 27
14 12 22
5 2 30
11 9 30
23 1 16
2 3 3
7 12 37
15 3 23
1 9 24
9 7 38
26 6 9
9 3 22
20 9 6
2 9 36
20 6 39
24 2 36
19 12 6
7 4 3
13 6 39
7 3 31
15 2 26
18 9 39
13 6 35
20 12 12
10 2 26
7 4 33
5 3 7
3 4 14
5 12 33
23 12 31
7 1 31
17 10 4
17 7 12
11 10 2
16 4 4
4 6 30
13 7 36
8 11 27
8 10 19
26 1 25
8 4 40
23 9 29
4 4 21
26 3 37
12 2 4
25 6 30
11 5 7
11 5 25
8 4 5
4 12 16
18 10 37
18 9 14
23 10 10
16 9 3
16 4 5
12 5 10
26 4 6
2 3 11
23 7 9
22 11 29
21 8 14
3 7 39
9 10 15
7 5 31
18 10 28
23 2 32
3 6 1
6 10 9
6 5 35
19 5 11
23 7 24
17 10 32
7 10 19
17 4 32
9 6 21
20 5 14
11 4 19
14 11 30
19 9 9
11 1 10
2 12 9
15 10 16
6 4 22
1 6 32
14 11 1
16 1 4
25 10 18
1 10 25
18 7 18
7 8 10
17 7 14
26 11 3
5 7 15
1 2 40
5 1 6
15 7 15
22 5 33
19 5 5
25 12 13
2 7 7
17 9 9
2 2 30
23 5 25
5 7 1
8 6 12
23 6 17
10 12 21
6 3 16
13 6 2
22 3 24
4 2 16
25 5 27
19 1 15
19 3 18
11 6 30
9 9 17
20 1 34
7 7 15
13 3 31
11 10 9
24 2 12
9 12 20
2 9 25
7 9 23
11 8 4
4 1 7
7 10 7
7 10 33
1 1 33
24 12 37
11 1 35
7 2 35
8 5 24
4 7 21
3 10 31
3 9 38
23 5 29
11 8 1
25 5 32
12 5 2
18 10 25
6 10 38
18 4 15
11 8 38
19 9 31
24 5 2
4 1 17
9 12 2
15 6 25
1 12 21
16 12 28
16 1 29
7 4 11
18 8 40
25 9 8
4 5 8
16 11 28
3 10 35
15 7 1
4 8 16
8 12 23
20 10 37
14 11 38
23 3 21
25 11 16
18 10 35
18 9 14
13 6 21
1 1 8
4 11 23
23 4 18
22 12 24
18 12 16
3 1 31
14 3 8
9 6 29
1 1 21
4 8 9
22 6 38
6 12 5
24 12 14
10 9 23
1 6 36
16 11 17
5 7 3
20 12 24
21 12 21
18 10 33
18 8 39
17 7 40
10 5 36
3 3 12
19 4 29
13 7 3
2 12 1
15 11 20
15 6 3
5 3 15
1 5 12
16 10 21
21 1 35
11 7 3
19 10 34
16 5 30
21 8 37
1 10 36
21 4 8
3 2 39
12 9 34
12 12 4
12 12 4
18 7 34
2 2 18
14 3 33
15 10 31
2 7 34
12 11 7
25 7 18
11 10 29
13 1 15
14 8 6
18 7 32
6 7 23
25 9 20
23 9 33
22 10 15
20 3 27
8 2 30
7 4 17
6 2 26
17 7 36
6 6 20
8 2 13
19 2 18
15 6 2
8 3 4
23 12 38
25 5 34
20 5 12
6 9 37
17 11 11
24 4 30
23 4 3
26 9 27
13 3 14
25 10 22
16 5 6
25 1 32
13 8 31
5 9 6
26 4 9
1 12 21
26 4 5
20 11 22
5 2 1
19 5 32
2 3 32
21 12 31
25 4 31
26 4 10
18 9 18
23 7 18
20 7 28
22 7 34
10 2 22
22 9 18
6 1 22
24 2 33
25 1 34
18 2 34
4 3 23
21 5 12
6 8 10
12 6 12
21 11 32
13 9 5
12 6 16
25 4 10
3 9 25
13 5 28
1 10 31
7 7 28
6 7 26
4 8 18
13 8 33
18 11 1
9 2 36
10 7 8
9 8 23
3 10 18
7 3 40
22 3 39
10 7 11
10 4 34
14 1 31
10 12 12
11 9 11
22 1 38
12 7 14
19 11 23
15 4 2
18 12 9
22 11 4
26 6 30
7 5 37
10 3 12
11 5 23
6 9 29
12 9 31
13 12 37
17 11 28
11 5 40
3 8 11
2 7 2
23 2 35
16 2 32
20 5 36
9 12 30
14 5 25
11 8 16
8 2 3
13 9 7
20 8 18
7 12 1
22 4 15
3 11 30
8 11 11
24 8 22
13 10 13
21 7 23
16 7 6
26 6 25
21 4 35
2 7 37
16 10 33
4 1 20
17 6 10
19 12 10
15 10 32
26 7 7
13 10 2
6 5 33
5 7 21
13 8 1
10 5 4
7 4 27
10 3 23
11 12 5
19 2 23
25 10 30
8 9 16
25 6 29
15 6 13
9 3 6
1 10 25
24 6 38
7 2 38
24 2 25
3 8 2
23 5 3
14 9 20
13 10 18
13 1 37
4 4 16
6 7 19
25 1 11
11 9 4
22 4 19
9 9 9
5 1 22
9 6 6
11 5 40
21 4 23
23 6 6
8 11 27
2 4 40
8 7 29
2 9 21
23 1 29
23 6 14
20 4 32
10 6 20
8 11 29
3 5 6
2 6 38
17 3 37
23 8 25
1 2 13
4 12 32
7 2 21
13 10 27
8 4 13
2 3 21
5 3 5
11 9 26
5 5 2
13 11 9
25 4 7
17 5 2
6 12 13
5 9 22
4 7 18
12 7 32
11 7 4
20 12 20
21 7 15
15 7 10
8 8 8
2 1 16
14 1 7
12 12 20
3 12 23
9 9 28
21 1 4
15 2 2
10 11 26
26 12 34
6 2 26
2 5 25
26 9 27
12 6 5
9 9 16
17 5 26
13 8 6
25 1 9
3 1 1
15 9 11
10 8 16
19 10 6
21 10 13
19 8 14
23 4 38
13 5 12
26 2 22
10 6 1
1 5 36
25 1 28
21 7 21
11 11 14
4 10 27
14 8 19
18 9 9
13 5 20
22 2 6
12 8 8
17 11 30
13 1 25
13 5 31
16 3 6
4 12 19
7 7 22
1 3 25
23 6 34
16 3 19
18 5 40
23 7 15
12 7 5
23 3 35
13 2 2
23 9 5
10 5 31
15 12 32
4 9 17
13 8 10
16 12 3
14 9 12
9 2 6
3 6 20
20 6 10
7 7 32
17 10 21
26 3 32
4 2 2
8 12 40
13 6 1
11 4 39
23 5 36
17 9 15
14 8 32
14 5 19
22 11 10
7 5 15
10 6 40
15 7 4
10 3 2
11 8 6
2 7 33
1 4 31
14 9 5
4 2 22
2 9 2
6 10 9
14 1 5
22 5 35
9 4 23
7 9 1
20 6 14
1 1 36
21 11 15
20 6 6
26 5 36
11 6 18
5 5 29
5 1 19
22 1 34
20 10 16
1 10 32
26 12 1
8 9 12
9 1 24
21 2 11
1 12 7
7 9 18
10 10 2
4 1 19
4 12 4
26 10 27
2 1 35
17 9 17
3 7 4
14 3 23
18 4 1
16 6 33
11 1 26
2 12 39
5 3 4
8 8 26
2 6 7
7 8 35
26 9 15
4 9 14
15 4 40
16 10 40
24 12 38
1 1 13
9 11 9
9 5 14
26 8 3
23 6 30
3 7 7
18 11 4
17 12 39
8 1 37
19 2 6
14 9 22
4 11 5
19 12 34
10 2 20
20 7 19
22 6 18
15 5 15
10 3 25
25 1 15
16 11 29
2 10 22
17 8 7
8 2 15
2 10 25
2 4 29
9 2 9
24 9 26
19 10 34
13 5 23
12 8 8
3 12 22
22 1 13
8 1 24
4 3 36
8 5 3
4 5 35
14 10 13
11 7 9
5 4 37
20 7 15
20 4 24
3 8 3
18 2 28
19 8 30
24 8 40
13 11 7
7 10 11
19 4 22
14 7 9
3 2 26
11 10 25
21 4 4
17 12 8
7 9 27
24 11 20
20 9 27
13 3 8
19 11 37
13 9 34
16 3 14
23 10 13
13 10 37
25 4 23
13 4 34
20 10 8
5 9 12
14 7 13
21 6 19
26 6 26
16 9 9
26 7 8
6 3 27
16 11 13
17 4 33
3 8 28
10 1 5
10 1 32
14 12 13
22 7 16
20 10 19
15 9 2
18 5 19
4 6 12
19 5 10
21 5 1
20 4 21
25 10 24
14 10 22
18 5 6
14 6 13
23 4 10
4 4 15
16 7 26
7 7 2
26 1 23
26 10 33
13 8 5
10 5 9
7 5 1
7 12 11
16 8 15
23 11 40
18 3 13
15 11 29
7 7 31
1 4 25
8 2 17
9 5 28
3 4 14
14 7 5
20 10 15
12 5 5
15 2 18
21 9 21
11 5 9
9 2 7
4 11 18
6 4 10
8 1 12
10 12 20
1 9 30
24 3 35
24 12 29
25 3 8
1 12 30
2 9 32
18 4 25
16 11 32
22 9 28
8 1 31
1 11 29
8 10 23
10 5 15
3 4 39
14 7 3
18 9 22
16 6 35
16 6 11
11 8 17
1 3 6
7 8 14
9 12 24
23 12 37
12 3 9
15 5 34
9 11 28
14 11 15
12 9 34
23 6 38
25 4 17
5 11 5
17 5 4
1 4 5
18 2 39
2 6 39
23 5 7
11 4 21
22 11 29
1 6 7
22 9 35
14 2 2
23 4 37
16 4 6
20 2 39
8 5 1
25 4 9
11 9 6
22 10 29
18 1 29
7 5 36
13 5 36
13 6 4
4 12 34
5 12 26
5 6 7
15 1 38
24 3 39
23 2 6
18 3 12
1 5 36
8 7 15
8 11 36
2 1 11
3 1 36
1 4 17
2 7 23
21 10 31
22 6 11
24 9 16
23 3 40
4 3 25
10 7 16
6 3 25
15 5 5
2 4 27
1 4 3
7 11 22
15 11 29
19 11 11
21 5 7
19 12 32
11 8 24
14 4 37
3 10 24
12 12 8
21 1 23
8 7 5
23 8 20
24 10 19
4 8 39
13 11 39
3 3 14
20 12 18
24 8 8
20 4 28
3 3 6
14 4 1
26 7 10
17 1 4
9 9 38
7 7 17
6 8 34
20 8 30
9 10 32
1 10 3
8 7 18
9 10 11
25 2 12
22 2 25
3 3 39
13 4 6
7 11 40
13 1 14
10 9 26
4 3 33
11 2 13
1 5 7
21 1 20
6 9 14
8 8 13
15 5 1
26 8 21
10 5 25
19 5 26
19 5 20
25 6 10
21 1 11
7 9 35
9 3 7
13 4 11
9 10 31
19 1 13
5 9 22
26 4 14
9 11 25
1 6 27
17 2 16
4 4 35
24 11 25
2 7 7
16 4 11
1 6 30
1 7 39
12 11 29
16 4 1
19 11 31
4 6 35
9 9 24
8 5 21
7 1 15
8 11 38
5 10 5
19 9 21
10 5 29
15 4 8
1 9 37
26 8 23
22 12 8
23 4 16
5 10 8
8 7 29
5 1 9
1 2 12
12 8 15
11 1 9
2 3 12
3 9 28
19 5 13
10 4 9
25 11 28
19 4 18
17 11 24
16 11 40
22 5 6
17 3 3
26 8 30
10 3 34
7 2 31
21 4 10
18 1 40
13 6 26
12 7 1
19 3 30
11 5 22
6 2 20
22 8 31
2 4 27
1 11 22
10 11 21
3 2 26
2 1 31
9 10 37
6 9 8
13 6 23
3 4 32
14 6 28
21 7 9
5 11 26
14 3 5
17 5 8
14 4 19
12 3 17
10 8 8
18 1 26
24 12 11
10 7 38
13 8 30
3 3 39
20 10 17
25 10 11
21 9 8
17 1 3
26 7 20
25 10 21
23 9 35
12 8 35
18 12 38
24 5 37
26 10 34
3 12 38
17 4 28
14 2 6
12 6 17
14 11 15
23 4 1
14 10 27
26 9 19
11 9 8
19 4 29
22 5 32
24 9 14
9 7 34
9 12 7
5 6 26
17 11 34
13 12 13
23 1 38
17 1 2
22 3 21
1 11 34
19 2 9
5 7 37
3 12 18
25 2 8
17 12 31
23 2 33
8 1 13
24 11 40
1 8 9
6 6 29
3 5 17
1 1 24
10 12 23
11 10 30
25 12 36
9 10 15
11 6 7
17 3 40
9 12 1
26 5 14
20 3 25
26 6 16
11 7 37
11 11 5
18 12 23
8 3 20
2 3 2
25 9 35
26 11 16
19 10 16
18 4 18
15 9 19
15 7 13
10 5 25
10 3 37
21 8 37
18 5 17
18 5 24
13 12 1
6 6 29
22 6 13
8 2 18
21 12 5
8 1 13
13 10 33
9 8 39
14 10 37
20 2 26
1 7 35
1 7 21
9 10 24
26 3 15
17 1 3
16 12 16
3 10 26
3 6 16
7 7 22
3 6 39
2 4 19
20 1 4
18 11 18
7 4 38
10 8 32
1 4 2
20 5 16
20 11 6
6 1 27
13 4 14
20 2 13
18 9 13
12 2 38
14 4 10
12 4 15
5 2 23
25 9 11
16 2 32
21 11 25
1 12 2
9 7 3
13 9 13
21 2 27
17 7 23
9 7 27
10 4 39
6 12 17
19 2 10
12 10 36
15 7 13
5 8 5
1 10 34
23 2 23
4 4 1
22 5 35
12 3 40
13 1 1
12 10 25
1 2 28
10 11 1
7 8 1
25 3 39
5 8 9
7 10 28
4 10 29
1 4 36
16 6 11
21 8 35
10 12 21
11 8 17
19 3 1
12 7 9
16 9 36
24 9 33
19 9 31
11 9 24
23 1 21
9 1 5
2 3 4
12 10 12
1 10 6
3 7 28
14 9 16
25 3 24
7 3 7
20 4 35
21 6 1
15 10 28
9 9 30
22 5 38
9 8 29
9 6 20
24 5 2
21 10 20
11 3 37
6 11 12
3 2 10
8 9 6
6 5 32
2 8 16
11 4 33
6 6 9
14 6 33
2 11 22
4 11 2
21 11 33
7 5 20
14 9 20
18 1 28
4 6 5
26 9 5
17 4 27
9 5 38
21 10 20
9 8 22
15 2 29
2 10 37
17 8 4
15 9 27
4 8 38
5 8 15
22 12 31
19 4 25
10 9 39
22 10 10
8 4 9
22 3 30
8 2 10
23 9 24
3 7 36
12 10 30
16 10 38
19 1 28
14 3 10
17 11 23
20 5 30
24 5 40
3 6 27
21 4 4
8 9 2
2 12 35
15 7 2
1 7 22
9 5 7
1 11 33
8 1 15
19 9 14
3 9 11
7 6 15
18 7 38
9 10 8
24 8 14
2 9 23
23 5 6
18 5 11
19 4 20
7 7 18
3 3 14
23 2 9
1 4 23
21 10 17
8 8 37
2 9 16
16 3 30
6 2 30
14 1 2
5 11 33
11 9 15
22 12 26
20 1 35
16 10 37
21 7 25
17 1 34
11 1 9
16 5 16
26 8 22
7 6 32
24 10 8
11 5 24
12 4 22
25 10 31
7 2 40
3 7 36
22 9 21
21 4 10
23 4 10
13 5 19
26 2 30
21 2 40
17 8 33
7 2 3
16 8 15
2 9 10
25 10 26
22 5 14
22 8 10
18 8 13
18 8 19
22 6 22
6 12 11
24 7 17
5 9 40
25 2 21
8 6 4
5 12 35
7 6 8
20 9 25
10 11 39
12 7 34
25 3 40
8 11 4
4 7 10
2 9 36
26 10 5
20 11 28
3 12 28
5 8 28
1 11 11
7 9 9
15 11 37
16 3 9
5 5 11
12 11 13
15 10 23
3 7 9
26 2 9
14 11 15
2 9 14
3 5 25
23 1 30
24 3 3
26 3 10
16 2 23
19 9 26
11 1 10
11 5 4
17 6 11
15 5 31
2 2 20
6 10 31
5 11 32
8 1 1
13 8 30
1 10 22
24 7 6
25 9 27
4 8 1
1 9 20
14 11 39
7 10 24
11 12 20
3 5 7
12 5 4
26 7 9
12 8 36
1 8 27
21 3 5
21 9 26
24 3 30
17 10 30
16 12 35
12 6 26
19 2 39
20 2 39
12 1 26
8 10 33
15 5 7
1 8 20
19 7 6
1 9 11
8 3 6
20 1 17
8 5 18
9 10 8
12 3 31
25 12 32
3 11 38
1 8 32
18 11 35
12 4 38
7 10 24
3 9 9
17 9 4
9 9 7
8 10 8
18 1 23
23 5 5
16 2 36
23 3 23
4 5 14
26 6 26
7 11 24
10 3 32
24 9 6
4 2 13
19 2 8
22 1 14
18 8 19
21 1 39
26 2 1
10 9 22
25 7 12
20 4 17
22 6 31
9 6 34
21 6 25
11 3 20
15 9 9
24 12 12
11 8 8
26 5 14
24 8 34
2 8 17
26 10 20
17 6 36
1 3 1
1 1 32
3 5 11
8 5 35
16 3 26
5 5 18
10 12 37
16 8 39
7 8 16
7 12 19
13 2 6
13 9 11
9 9 5
7 3 18
12 6 14
12 10 10
9 1 10
21 3 26
8 4 20
14 8 39
26 9 24
9 7 35
8 3 26
1 4 4
22 5 35
15 3 32
18 4 40
21 1 3
23 9 9
26 6 29
11 4 2
13 1 8
10 8 5
16 2 16
25 10 16
14 12 25
4 11 37
20 7 25
2 9 6
7 12 10
20 11 6
2 4 8
6 12 20
16 5 31
20 10 4
12 12 6
21 2 40
6 12 5
20 11 36
10 1 17
11 6 24
6 6 20
21 10 9
14 11 6
24 3 32
11 6 29
7 1 1
24 2 22
17 8 35
7 5 12
6 6 11
25 10 29
22 2 39
3 11 17
13 11 31
4 2 16
5 8 11
18 8 38
21 5 17
17 2 38
12 10 9
6 10 33
8 12 29
15 5 32
5 5 13
2 5 23
8 7 24
5 9 22
2 2 5
21 10 2
6 11 6
9 11 17
18 10 37
23 6 15
22 2 24
16 7 2
24 1 12
7 4 37
17 7 25
16 3 29
25 3 21
13 3 35
1 5 9
14 3 7
10 8 11
2 10 39
4 1 20
14 4 39
11 1 40
26 12 10
13 2 18
10 9 19
15 4 12
18 11 20
22 5 22
11 8 7
25 9 23
1 5 20
12 7 12
2 6 21
26 3 8
15 7 31
22 12 17
4 5 30
21 3 31
2 10 21
9 11 21
8 11 5
21 4 26
6 3 4
7 5 40
1 6 4
14 2 11
26 3 30
15 8 33
23 3 10
1 8 20
14 2 20
22 1 4
2 8 11
11 6 5
6 10 27
11 5 14
10 2 33
9 4 6
13 10 4
16 12 19
18 11 37
7 9 28
20 7 1
2 9 22
17 1 24
20 2 6
25 4 25
3 2 12
15 7 20
19 10 18
9 9 14
16 4 3
19 8 24
23 4 19
18 2 20
21 3 1
24 11 35
15 4 1
24 2 21
13 11 31
25 2 29
3 11 31
13 10 9
4 5 23
18 6 38
8 6 26
3 4 12
12 6 6
22 4 2
5 4 11
21 1 21
18 1 35
5 7 17
6 4 32
1 11 36
16 4 5
18 11 16
15 3 23
17 9 7
5 8 34
19 8 7
18 10 10
20 8 8
7 10 18
14 5 10
15 9 27
18 8 11
1 11 10
25 2 36
14 1 16
5 11 16
11 7 22
1 10 14
21 5 39
6 10 27
2 6 21
1 3 26
14 2 13
4 5 25
21 1 17
17 1 19
16 11 4
6 9 40
11 10 6
13 3 3
8 7 36
6 11 9
18 4 40
22 1 40
16 3 38
9 4 36
20 1 35
10 11 27
12 4 35
2 5 36
2 5 34
2 9 20
11 9 33
1 9 32
12 11 19
23 9 39
15 5 5
22 7 10
17 5 19
12 9 22
3 7 3
5 3 24
1 8 30
1 7 6
9 7 38
17 12 8
13 12 15
23 4 38
4 4 20
5 4 21
12 2 9
24 1 29
26 8 14
1 6 32
8 3 26
16 4 33
20 1 9
10 4 11
20 11 31
21 5 7
25 12 40
13 3 20
22 6 31
17 6 33
1 4 30
20 11 14
5 9 24
11 7 19
4 5 30
23 4 4
5 6 39
13 5 10
25 1 38
22 10 2
22 12 39
18 11 17
12 12 9
26 5 27
23 6 6
2 5 15
16 4 22
8 7 23
16 11 24
