85 37 1511 5464
2588 358 233 2095 2107 4691 4750 356 2298 3126 1279 2574 3287 4228 3426 3777 753 4379 2478 1006 1137 3729 3056 1703 190 604 1429 1508 2358 4765 3361 4086 4577 1554 4598 3591 3861 
1362 80 1681 4277 3632 3896 2551 3983 4048 724 1431 2799 4638 165 4560 3921 825 1832 3476 604 4431 4745 28 720 3537 4083 3627 4033 911 548 1767 3753 1041 739 3500 1285 1792 
2068 888 67 4383 3518 1906 453 366 2205 3316 991 2961 4632 1125 502 1840 1677 2295 4718 4615 336 4130 2458 1915 4445 3216 4825 670 1665 4526 2713 1743 994 2706 4384 1940 3360 
1628 4693 2565 1715 1538 1465 3841 821 787 3034 2925 2602 4772 1259 4602 4018 4437 3453 3018 1860 2922 3459 856 3459 530 632 2311 1078 2717 2963 3744 1300 375 4230 2339 4211 792 
4019 2277 1439 2700 3495 3279 4388 743 103 2834 627 2104 2258 3745 3638 3615 498 489 4294 4467 2508 4655 4078 1213 4433 3696 3776 3333 2196 4568 3440 2766 1278 4779 4777 4793 608 
4498 4507 4262 3028 600 2119 3414 1007 2233 293 2050 3803 2401 2851 4115 1445 1538 886 1679 2448 4457 126 4771 174 4009 2535 3512 128 4868 2367 2590 4123 1606 1665 1827 3628 1582 
2977 321 716 3786 922 1017 2619 637 2472 4254 1548 2113 4616 4728 3048 1352 132 2341 3041 1814 2098 3615 4055 2814 907 149 4450 1116 2569 3283 3034 3732 1220 2512 4293 1267 4753 
2969 1987 3258 1846 1459 419 4042 1640 3265 4239 1805 4180 2814 543 3681 4197 4884 1606 2102 1307 2616 2310 1101 515 842 2353 2162 1025 2100 1170 804 3309 4880 4460 2469 1618 4220 
2268 1141 1827 3372 1297 1897 4053 4523 3989 4527 2907 3377 179 2217 3454 214 414 1908 4191 2834 1240 3065 1883 3238 2166 4627 3401 4124 2857 4767 2421 391 2858 2042 1823 2323 3105 
3346 4544 650 879 3786 557 3236 2235 2463 2417 2448 1268 3379 4023 85 2594 4563 3675 3957 2070 30 2346 681 3640 3520 4137 4263 169 1088 3447 2119 707 2317 2194 3321 3844 2333 
712 2363 2335 2098 560 40 1299 3311 3431 2113 3774 3272 3170 3738 2252 3455 3611 570 2512 1766 1476 1957 1390 4348 3915 4651 788 3953 4461 340 2825 631 2381 3809 105 1697 1292 
1591 911 2033 2316 1054 3746 2101 1560 2495 196 2903 4279 904 444 1942 386 948 1734 2962 1993 3189 1586 3833 1105 1337 1767 3003 345 3892 4625 845 4035 2863 1062 3310 1372 512 
1648 4570 3403 794 4763 4470 3341 669 1326 1733 1389 2410 3680 1603 463 4489 4317 56 506 1849 2640 3532 1412 1143 837 1946 423 1385 1069 1774 2725 1534 1491 557 2108 1294 3673 
1709 1417 2934 1038 948 3735 4190 3140 4074 31 3136 1337 1646 3499 2523 492 2586 2696 1576 487 566 1121 2493 2536 976 1988 4507 3372 2265 931 1611 815 111 1696 3577 2258 4723 
990 100 1349 122 4244 1205 4722 3884 2945 140 4214 60 528 674 1189 1494 169 2085 4707 3269 1154 2488 820 3021 908 3107 884 3622 2302 845 1081 3449 2338 45 3280 2480 1142 
4645 2573 4070 4115 4373 4644 4557 578 917 608 1731 4256 4907 1046 909 3105 249 3868 991 4699 1307 140 2374 4593 1234 4274 2916 1221 2364 2587 1834 31 1293 4751 3802 2206 1862 
2684 4580 4715 1119 2079 4104 4415 4860 1539 2686 2447 251 4544 4531 2075 2042 2891 847 3070 2093 3646 1798 3992 1704 2071 1417 883 3813 1632 2682 284 4815 4352 4656 3988 1697 1841 
2708 2843 837 2324 2977 2072 4550 2391 4450 710 4507 4905 3154 1028 4859 656 4648 1004 3019 1071 3823 4159 756 2488 3053 3942 2840 2350 3888 2228 1368 1999 3862 1747 3979 643 1030 
1548 3216 1813 1413 4315 259 2546 4455 2919 106 2831 1829 2611 2484 3677 3949 2258 1949 1594 1254 2497 4196 2965 225 1679 4865 217 4208 3215 2062 1224 1860 1423 3183 840 253 1790 
2829 3128 3186 3044 2834 1823 4561 2908 3950 3678 2766 1591 1803 4362 4602 397 4771 289 859 4556 2479 227 4315 511 3503 4278 3687 3871 4426 728 623 1694 160 2208 4728 4875 771 
1678 2799 3485 2312 120 2704 1781 2656 795 600 867 2381 669 4452 1121 4730 3967 3924 4897 4197 4537 1286 4745 1862 2074 3561 4257 1378 1290 1786 2392 1903 4243 2736 4112 2405 4303 
4276 584 133 3871 871 571 2506 4275 4181 3092 4760 46 3310 179 4575 1298 365 1566 3168 2162 4586 3999 1476 2260 101 1855 4831 686 1825 4447 4824 3894 3915 42 4031 946 3013 
199 735 2601 1812 4770 751 2431 971 1376 3387 4809 3774 2740 3740 3330 2723 3386 1136 3051 1288 697 4654 3450 4237 2071 2778 1772 2843 4053 1633 4390 2683 1586 749 1687 3398 4196 
4869 2160 2341 1918 2513 4668 3831 3683 2059 2968 939 3205 3263 4323 1597 1937 71 1028 3230 1542 4650 2189 2462 2473 646 543 2007 1150 4121 2466 1504 1030 4430 3579 328 464 3194 
3155 376 3395 1597 4336 2922 3970 953 2672 1692 428 1715 2161 3955 183 3907 3062 973 537 4763 2793 4505 4155 1343 1934 2752 558 2697 3008 1182 4452 3496 783 454 2637 4139 4104 
1270 3644 985 4671 2972 4621 2508 2867 3379 4487 4108 4195 1013 512 247 2988 1457 1001 3283 452 2696 4221 2097 2924 2579 565 1889 2676 4515 3346 4332 728 1212 1494 4435 2922 197 
761 3143 3689 840 3654 1061 2012 3828 4166 2548 2464 3580 3541 360 463 1121 1369 3365 2880 2335 4831 2060 1677 3647 4373 161 4039 1456 3166 3214 2349 4756 1599 4488 3671 21 3143 
490 228 4662 1771 1237 203 440 4217 1346 1545 3864 1445 1009 1437 3449 1241 4244 1871 2527 3343 4650 1965 757 2491 2338 3599 546 3242 1216 460 2351 662 2632 2140 4071 1526 4171 
1815 4379 128 4795 1578 1363 3684 4509 4233 763 4094 2684 4144 4404 4638 4883 1976 810 3707 4214 2386 3989 2015 1167 1428 1632 2574 2759 4140 871 1402 4475 343 2577 3616 1098 4045 
2330 2349 1931 3865 3152 3974 3919 2758 2200 4115 658 248 576 816 3957 4744 2764 2757 1822 1728 4389 2327 2724 260 1000 1422 2661 2400 3432 184 255 2054 52 2984 3173 206 3037 
3136 2186 2754 244 4437 257 1064 1618 2256 632 4315 3568 3837 2311 2764 2451 4218 4135 2635 3112 2457 559 1616 870 733 2085 2783 3607 695 1134 2342 1025 3137 158 4285 2919 2237 
2750 3128 4880 2906 4817 57 2703 2997 1948 2494 645 4272 2746 4396 94 1350 1383 2332 3575 1929 1948 4155 1722 3751 2703 2336 2373 3473 1506 2864 4550 1005 1118 1814 3776 1415 3293 
481 1983 4418 4881 1654 1626 1751 3687 2587 1407 1963 1219 395 1747 1689 2601 2135 1337 4520 2183 4112 4875 1456 4675 647 101 697 1302 2431 3014 4049 3363 4611 1376 2519 1476 1414 
1732 2090 3601 2701 2752 2955 1334 4399 3687 1198 2775 4149 3709 622 31 4574 2675 3107 2803 4236 2010 3272 3279 417 4339 373 4886 3766 2658 1265 4823 2244 2751 1451 3423 4852 1065 
1478 2112 4236 99 3249 1679 4537 1331 2608 3227 439 1111 977 4447 4104 4339 4756 2961 1964 3300 3848 2950 4171 4504 417 268 4023 433 1910 2774 965 932 3002 3124 4578 3131 2007 
4724 421 586 3665 2370 1201 3373 2193 1645 4255 2058 3226 219 1756 1953 563 1556 1795 3695 2600 3964 2460 3607 3364 482 2589 2630 2964 4406 790 3323 3397 1080 3904 1512 4449 3891 
4122 3294 3830 2901 4094 1743 3122 3236 1140 3173 2085 4037 2507 2453 1988 160 1446 638 1564 1230 1341 1195 3940 4077 153 1297 2620 1253 1592 3309 4837 4704 4742 3866 3804 3695 1141 
4112 1183 4675 3023 1303 1536 4696 4261 2309 3630 2198 2129 602 2074 3824 4070 1414 4647 2075 225 1461 2095 2385 3542 1255 1809 2366 3716 2672 3197 2312 4749 2476 3008 3186 3086 3423 
4392 1274 109 4077 4790 2051 3015 2186 1151 496 651 4641 4866 216 2726 2041 1216 3787 333 4456 3254 1578 181 3060 4898 2207 2066 2019 1646 1628 1836 2847 1718 3737 2033 4174 2013 
4376 1292 3016 2160 1920 1598 1741 1789 3486 4137 1041 2051 4086 4664 924 3797 2298 1042 2021 3677 886 3610 1103 1502 1617 3165 2839 3411 194 2305 1953 4318 2995 283 405 3802 4660 
3408 1555 2295 2952 2238 3424 1549 4507 1079 2268 1056 3789 2082 3812 1980 4514 1872 3194 4277 4201 4353 2362 4083 2437 4675 3362 3518 2701 3419 3135 4272 3944 4124 1791 2147 3996 3863 
120 4584 3575 4709 1420 3323 83 4605 488 2450 4554 4646 622 1030 1964 1984 2645 4062 4504 2877 1331 4561 3091 4542 353 1746 2755 529 343 719 1880 4482 2156 3919 2840 3649 185 
4170 1176 3897 2669 1672 4619 982 3657 4660 1744 3990 282 2216 1273 4464 1482 3197 3217 3927 298 987 2560 1260 2933 2242 2634 3305 2520 593 4036 554 3713 2374 1551 3412 2928 4744 
4464 1864 2213 324 4489 3719 1146 4708 3374 1972 66 4073 2572 1037 1656 1577 150 1951 2575 3579 1066 19 2935 1037 2550 1558 1496 3479 3813 788 4107 1874 4786 3717 2280 4867 1027 
4232 1239 675 4332 4100 2322 847 3294 3194 433 2081 418 798 4372 2824 4100 2538 2673 715 1734 1529 3491 2972 4364 4483 4750 100 3468 2131 4774 87 3369 4621 3060 2823 2831 4423 
2863 1636 3798 1183 2955 521 948 648 2526 4227 1439 1693 3285 3287 3927 4834 3970 87 4795 2638 474 2335 2830 1917 321 4422 3730 2253 3803 1063 1702 325 1589 1778 3430 4874 899 
992 2341 2520 2687 4740 1149 1029 4759 1798 2709 3238 493 3040 4903 1768 1252 2339 3416 3885 4460 3758 3384 1140 4370 654 3245 3361 1218 1928 3447 1677 1439 1895 165 342 1414 1393 
2778 3747 2903 295 880 4031 4303 1181 1834 2971 930 514 3907 2648 971 1070 3533 1931 24 2789 861 1840 1150 2874 4329 4415 4727 88 2618 1420 1172 4794 1086 852 2649 2365 262 
570 2954 2074 255 3867 1864 1326 2246 351 4031 3577 2312 2935 1654 1089 1323 3034 2354 1584 4302 2421 2191 1179 432 4027 2044 4851 810 4640 3192 896 2527 2851 2556 1203 4144 1762 
1587 2149 2906 2024 3990 1338 2809 2362 4372 3835 4167 3116 3674 3166 4001 2071 562 1628 1691 717 4477 1420 3254 104 3942 3375 1450 713 2647 1901 11 2938 291 2936 870 2359 2583 
952 2718 1792 1433 3521 1900 2419 4269 4667 2546 4829 3026 1482 4178 2474 3446 1882 3894 462 1909 4494 886 1753 1696 2209 138 3760 4649 2418 1141 3119 350 1706 4811 1074 4278 1524 
1051 2316 2370 4590 4649 1223 1401 3633 3248 369 3449 339 1025 1019 109 4095 4574 1876 3819 2549 3751 2420 3449 421 274 2359 4897 2325 4142 4239 108 4615 327 3339 170 3832 4449 
348 3834 4501 923 1956 418 2142 714 2845 2499 1833 2264 1170 2236 4838 3513 2096 3256 1412 3438 4486 1173 4068 966 2149 3773 3080 4308 4504 129 2957 4860 1789 34 646 1515 289 
4069 634 3394 3386 332 2863 1170 1399 3135 3012 3038 643 1608 4573 3498 2134 1374 334 194 463 3100 3974 4063 3880 2516 688 3861 3073 1218 1495 3571 2959 2663 4129 1470 2989 3841 
259 4749 4729 1778 4181 1343 1104 621 4892 527 3370 2974 1801 2264 4732 3431 1899 3085 366 4164 3420 1594 3443 2887 4104 2845 3565 2500 407 2663 2864 1645 2751 2500 3872 3917 2013 
3007 3848 2234 391 2935 1320 1879 3984 142 1822 4796 4904 365 1605 3360 1669 3801 3960 2734 3442 1395 3399 34 844 668 4265 4684 4889 199 2861 4350 338 171 4834 4670 563 434 
3824 1904 127 2047 1351 4808 2813 4073 3721 1052 1634 1978 3929 161 3898 3207 69 4219 2452 940 3995 3175 2535 2343 4747 986 3675 4754 4899 127 1748 1917 616 980 210 1502 4864 
2782 477 2380 1671 3288 4096 3752 3446 1937 2614 1235 1835 1272 162 3610 941 3193 4675 735 520 350 4091 3497 669 3088 2931 1071 325 3083 2184 2505 728 182 3253 4096 840 374 
4128 793 2277 4571 3443 4879 3978 3965 315 2321 3825 781 2358 3484 3358 4702 3580 2430 1200 1464 3156 2008 106 1988 3640 1833 4344 2288 3702 2136 443 1161 1844 1642 4859 2415 2734 
80 689 4145 1092 3888 993 1383 2566 1532 798 385 3368 3969 1740 2054 177 2026 590 549 4886 1961 1600 1496 3820 1907 2662 4854 4565 2068 2022 1889 839 3740 3087 4874 3561 187 
14 1297 4497 107 1234 1303 4242 4831 2813 3737 128 93 2469 1801 3466 719 1334 1031 4186 1929 3409 3452 808 747 2940 2634 147 1768 4558 4795 4349 68 4819 4665 1582 2404 3240 
512 3206 77 1140 1284 3918 1654 4292 1292 4592 1763 832 698 4145 170 3906 103 4111 1469 4612 4386 4342 1055 1224 3324 4243 3692 3854 2472 4326 4284 415 1449 1164 3085 1370 196 
4650 168 1498 239 3406 1771 1544 3449 3203 1617 3899 4192 68 1871 1754 377 4185 4268 3832 2170 3314 2589 3561 1786 671 4903 2158 1377 2019 3038 4545 3371 972 3966 1372 301 2768 
3376 1531 3579 3658 2560 990 3155 2402 2989 2831 1366 3725 573 1869 3173 2164 553 4286 2309 886 3865 1766 560 3211 2047 2689 3889 1841 634 17 4490 2869 4808 3834 646 4654 611 
999 4107 2454 442 3206 2085 3629 1678 2407 2472 4402 1446 1911 3566 380 4502 4553 2859 2165 4492 4021 3528 3125 1023 4661 4598 1860 573 1565 4817 2353 1045 146 3212 3204 1338 3612 
2816 445 710 1566 599 743 3143 512 3507 2546 3672 3298 2857 3974 2689 593 3101 4621 1184 3289 4149 2624 2951 3432 4235 1142 4762 2765 359 611 3203 459 2796 1780 908 1305 3993 
3328 2487 1738 3242 3619 2392 3921 3607 905 2988 849 3824 3800 4325 4091 3383 1152 1023 1677 2216 1554 2383 1034 382 484 3538 1852 4639 3511 1446 2940 3244 2881 1480 317 3200 3272 
2986 3377 1304 2131 4087 4621 97 578 4797 2642 156 663 4216 50 1770 4127 3857 39 789 2270 801 747 390 2519 4079 1884 1559 573 4896 392 509 1726 2567 3078 584 979 1079 
3834 2928 3315 2700 4210 1873 2434 3784 3800 1146 4677 709 4858 323 3675 1509 3226 2899 847 1413 3213 352 1929 4417 3675 2303 2992 2438 3943 1647 2219 517 4048 861 1731 123 3178 
4340 2767 4102 1096 398 601 3002 3969 3852 1605 4075 4094 24 1279 707 4157 766 2147 3193 3729 1057 4634 4019 2669 3305 1563 2409 3122 550 4755 3497 2902 1244 970 1294 4472 4285 
3303 4028 2885 3977 4137 3460 2907 3157 4157 4786 2318 1509 2050 2434 1075 144 3459 1101 3927 2355 696 3040 498 4838 1196 2682 2488 4658 3673 2281 394 1889 2848 123 217 3066 4507 
1953 1625 3876 505 3995 209 2826 757 3918 4823 1416 2434 2725 4386 3978 3936 3907 2818 1880 36 275 4398 3070 960 958 2956 1360 2436 1905 4155 2218 429 1582 3480 418 693 3670 
1219 1887 4285 3929 1230 3812 4121 3382 2462 3962 1408 2297 1359 4473 3353 2947 3674 3937 2537 4590 997 2185 209 2645 1182 1246 4842 2638 3285 885 620 3829 1908 4105 1072 3122 1879 
3193 444 3442 4386 1548 2451 2674 4600 2428 69 4196 2895 3964 1609 2642 4449 2985 1673 1753 4402 4788 3971 3437 3454 3167 3021 4598 221 1380 2424 2906 4892 3194 2882 1408 2105 3705 
1651 4799 3403 4352 113 2638 3856 4712 3702 523 3703 735 3953 93 210 245 4824 1299 1855 593 797 3059 27 562 890 3060 1454 2814 374 2093 1402 1230 4894 2875 1133 2267 1227 
1911 469 20 2791 665 3704 1005 868 1427 3966 639 608 4550 483 3511 782 1116 2188 4148 3362 568 3174 4817 1771 1521 2246 4867 2744 614 893 1145 1079 2012 2294 3869 2764 4419 
470 37 3936 375 4213 500 1074 1662 665 3283 4617 4798 1751 1994 1699 4382 2068 868 1090 2460 4862 4259 3853 3032 3788 673 811 1656 493 1052 912 483 2940 2333 899 1013 1209 
1574 381 199 4379 1219 663 276 1061 3458 3375 2409 360 1987 2808 1768 2329 1618 987 4564 3511 2743 14 1856 3604 1985 2035 3552 2136 281 3674 2378 2585 565 91 3303 2111 4421 
1237 4610 4502 2171 4550 3222 2321 1639 4277 3476 3803 2524 1984 2911 1756 563 2716 939 1051 734 4381 1088 363 3995 4432 4819 633 2588 3987 2102 1126 3264 2662 123 4668 822 3576 
599 2421 3732 3865 3688 163 3051 3132 4308 360 3300 109 573 1368 2868 1509 4226 2427 3788 1501 2855 4714 1558 4314 3635 1071 3996 458 2297 4049 2882 1015 2986 4112 2857 514 1211 
4387 2611 2975 615 4462 3139 3493 3232 3054 643 73 1893 3178 2466 1989 3768 1394 1005 3549 1214 199 3763 847 1492 3647 639 890 481 634 41 4338 4507 43 3330 2644 1539 2391 
2375 45 1077 953 3299 4533 4361 779 4748 1139 3317 4002 1800 3090 4801 2821 1161 4088 3896 2623 3672 3358 1649 1149 131 4329 669 3717 844 2512 4374 683 2526 2919 363 3656 4898 
3093 4723 1404 3013 2108 1882 517 924 2978 4014 3478 3115 3732 194 4055 4836 3511 2958 4194 604 1006 4027 1259 824 72 4172 1513 4472 4561 2979 3130 2371 3863 388 652 3466 2664 
2224 676 1252 2837 963 1748 3576 1809 4065 2336 1384 1198 3541 1767 1193 1072 3073 2854 2423 3745 235 963 16 4761 3902 4370 102 3644 1109 494 4538 2718 3579 1012 2958 4042 197 
3564 2648 735 3706 1187 2607 2275 1585 4232 54 3504 1716 1319 2551 3810 3834 3207 3878 718 4584 2382 1030 2039 3933 2943 999 3270 1874 109 1059 3312 4793 4169 2442 1343 2775 3496 
75 11 15
47 7 13
50 2 12
57 22 14
61 21 25
76 28 17
63 1 33
29 7 4
64 16 32
29 30 18
64 18 35
14 30 13
34 6 30
69 30 12
40 3 32
47 35 40
28 17 38
73 26 24
10 10 26
56 4 18
25 34 20
50 20 39
78 17 5
63 35 38
78 16 38
46 22 12
17 31 6
82 29 16
16 19 3
63 4 18
27 9 37
12 21 8
26 12 4
82 28 9
79 24 33
80 29 8
21 28 5
35 18 39
25 3 22
5 33 2
78 9 37
21 12 34
82 15 18
16 24 28
38 22 7
73 14 7
83 10 30
20 14 27
6 4 34
62 13 4
76 16 2
67 25 6
4 13 13
59 11 17
54 34 12
56 5 5
49 8 21
31 9 13
51 26 21
24 34 30
61 23 3
45 19 10
65 28 7
39 26 4
58 33 28
36 26 26
30 29 1
13 32 39
23 1 32
63 21 2
63 13 38
44 1 8
77 24 9
46 11 35
5 31 13
76 11 9
49 19 37
65 26 31
57 14 12
52 4 11
11 19 33
44 8 40
15 21 27
60 16 28
54 25 5
60 20 13
38 6 21
34 2 36
43 2 12
72 14 34
78 25 27
58 15 36
70 33 33
51 32 24
56 11 20
35 13 25
60 21 13
32 28 9
1 6 5
54 2 2
35 13 1
25 1 23
68 31 22
79 27 17
33 6 21
20 27 36
56 15 5
63 7 10
20 17 16
76 31 35
53 19 7
50 34 39
15 31 40
14 2 6
14 14 35
47 35 14
5 26 22
45 27 24
74 11 17
59 14 14
62 17 21
71 34 23
78 28 26
9 17 23
76 24 21
14 15 27
61 4 26
79 14 33
17 7 8
58 6 23
51 6 9
25 29 24
38 6 30
38 26 16
39 26 25
80 33 3
27 9 18
21 34 30
17 25 18
54 22 29
20 26 35
54 29 23
39 26 23
56 35 2
23 2 11
44 34 35
64 24 1
3 19 39
25 22 12
61 14 6
33 25 13
54 15 37
58 29 16
31 30 18
47 7 25
16 31 19
48 10 13
56 13 7
11 1 25
62 18 8
32 5 32
81 7 33
33 10 20
2 8 23
83 30 15
23 26 21
82 14 32
72 31 2
3 34 13
22 26 22
50 34 36
77 21 14
24 6 17
15 17 32
3 18 23
45 11 2
59 20 37
33 27 7
14 12 18
62 16 24
64 19 30
66 27 14
74 21 13
52 19 40
74 2 19
78 4 39
46 12 16
1 8 6
63 30 27
29 22 7
81 25 29
39 14 30
30 29 2
26 10 7
38 13 24
59 35 29
28 35 39
24 13 13
12 8 32
15 20 39
38 20 14
52 15 24
44 25 10
48 33 1
52 32 35
57 32 37
46 27 30
77 32 17
8 21 28
72 16 37
63 11 11
53 7 1
59 13 34
45 32 7
53 15 34
40 5 34
68 10 16
23 11 32
6 12 14
67 20 40
82 12 5
80 17 20
71 4 30
18 16 5
72 10 38
13 1 32
25 7 9
27 2 39
49 26 37
45 34 3
58 11 25
34 2 33
57 24 39
48 27 26
57 26 39
49 20 17
79 30 6
62 24 23
66 30 39
61 35 16
59 10 36
67 7 18
30 27 33
66 17 39
78 23 11
72 32 10
23 6 10
77 23 32
12 13 3
6 7 25
62 15 19
5 20 21
82 29 6
67 25 4
71 3 21
19 21 4
14 4 21
40 29 2
55 18 9
23 16 3
7 12 19
82 25 35
4 15 31
9 8 23
66 14 21
67 8 12
36 7 36
64 4 2
58 20 34
81 17 30
52 33 28
24 19 39
12 10 37
54 9 8
50 26 7
32 19 7
79 27 27
54 12 13
17 2 34
12 28 21
6 28 31
13 19 8
76 30 28
67 20 39
39 35 15
1 26 37
49 19 26
72 17 11
29 28 30
20 16 34
43 1 23
6 5 16
81 35 35
83 23 24
18 17 36
10 20 10
68 31 7
11 15 32
57 7 11
44 26 13
34 20 40
72 7 13
66 24 10
3 32 13
9 23 38
45 11 38
54 28 33
77 34 38
5 17 15
80 31 2
13 15 1
64 9 30
4 28 32
70 11 28
8 32 25
17 5 3
19 33 39
83 10 35
58 19 22
69 24 1
64 33 39
3 34 12
34 34 35
12 16 4
13 33 20
19 8 13
7 31 21
10 19 12
6 1 39
40 1 37
1 14 38
17 10 2
36 20 6
83 29 20
80 35 17
27 31 13
45 28 37
42 6 37
9 4 37
69 16 34
83 23 11
47 17 30
82 2 31
83 12 6
55 25 5
40 2 14
62 15 9
26 24 3
36 6 18
26 5 40
34 31 27
53 20 28
67 3 19
82 35 27
4 18 1
3 20 18
31 28 20
58 24 30
66 18 8
35 32 36
58 17 15
11 21 12
83 35 32
33 19 40
77 8 25
30 7 33
77 6 18
39 35 16
80 31 26
6 15 17
15 24 14
7 1 29
51 4 34
45 17 31
71 13 11
81 4 18
67 23 22
33 16 10
19 2 1
19 17 2
20 35 16
49 7 2
42 27 1
26 31 1
65 23 13
81 7 19
2 31 5
58 7 16
49 8 14
5 35 7
45 20 31
80 13 36
37 1 32
19 33 31
72 34 24
60 30 38
81 35 5
3 11 8
18 12 2
17 30 23
9 12 19
5 23 23
11 32 16
24 15 38
75 33 26
27 3 31
37 9 39
44 25 35
6 11 34
81 11 18
7 13 16
24 32 19
45 30 33
68 24 8
35 29 38
29 2 36
21 2 17
1 30 38
77 11 23
15 25 23
54 23 40
24 2 14
38 4 1
51 20 32
58 29 22
38 21 7
29 16 32
57 32 30
6 14 22
7 18 13
66 33 37
12 1 33
58 24 30
48 21 12
81 11 21
76 25 33
23 35 32
69 2 22
52 34 25
80 29 28
39 3 15
81 22 13
42 27 12
63 29 40
11 12 19
76 26 5
56 11 4
83 20 14
37 5 37
77 30 24
53 20 25
40 15 8
11 18 39
33 29 40
72 13 16
60 10 36
64 15 40
6 21 12
64 18 37
78 33 35
70 9 40
56 18 14
11 24 10
60 35 28
53 20 39
35 30 30
27 19 14
63 9 16
3 19 37
79 29 34
25 8 34
26 21 8
22 20 34
16 34 5
8 34 36
43 12 19
76 1 25
32 11 5
40 23 27
54 15 23
80 35 27
23 32 10
73 18 35
56 34 25
42 13 2
46 4 12
58 24 4
70 26 40
38 19 36
10 18 5
41 35 37
55 34 36
77 18 2
39 31 27
37 20 26
20 12 2
22 5 36
40 24 26
57 22 1
61 27 18
12 7 11
20 19 27
33 27 34
59 22 33
17 2 10
25 4 35
67 12 35
19 26 12
48 30 35
38 33 27
58 2 39
49 6 24
70 25 9
45 2 3
83 2 13
21 9 33
43 26 33
38 14 24
23 18 18
68 16 40
65 18 4
76 20 8
35 32 1
24 12 25
19 34 18
21 21 2
19 13 12
19 10 6
6 21 1
54 33 10
67 20 25
72 27 26
22 11 2
74 25 23
26 29 8
1 8 20
74 16 12
78 34 16
22 1 27
46 26 36
28 22 19
20 12 9
77 23 8
81 31 35
57 25 30
46 7 2
5 7 19
68 12 12
64 29 29
69 30 25
16 25 18
3 35 1
9 21 18
65 12 19
79 24 22
33 24 4
25 23 30
74 4 4
4 3 12
2 15 3
34 32 15
70 21 9
31 1 6
43 8 2
79 9 3
73 28 20
35 9 9
63 3 13
38 14 29
8 24 28
15 25 7
67 32 23
4 29 23
27 25 7
77 21 11
3 25 6
16 5 20
7 6 26
9 18 28
73 30 7
55 23 16
25 25 30
47 3 23
79 10 24
28 32 37
3 12 7
8 34 12
79 35 5
10 34 18
30 13 31
44 31 16
51 26 9
62 34 13
20 7 40
78 15 14
75 17 38
18 6 24
42 9 24
80 19 13
24 34 16
41 22 13
60 33 24
11 9 16
57 13 21
42 20 5
39 22 3
23 23 14
47 9 36
71 16 13
75 32 27
63 26 1
3 13 23
43 10 1
38 34 20
43 8 31
75 35 12
42 10 40
17 8 5
63 21 37
57 28 35
79 21 12
18 12 13
55 10 26
62 28 4
72 32 36
75 24 13
10 2 8
69 12 29
23 1 17
1 26 19
6 12 27
14 28 5
17 23 29
46 27 20
48 1 31
34 28 7
2 35 23
57 2 5
21 29 4
50 23 23
80 19 22
66 30 19
81 24 37
27 8 8
76 21 7
17 3 16
67 17 1
7 6 12
49 19 13
44 27 4
38 26 27
69 32 34
50 9 35
20 20 17
26 12 34
21 10 21
50 22 9
45 15 38
83 26 9
60 17 4
42 28 15
48 21 26
14 3 11
69 2 15
66 19 31
22 10 19
2 30 17
79 22 25
19 24 10
38 24 40
81 17 26
34 20 13
67 26 1
11 26 12
11 15 22
69 22 8
31 35 28
25 8 1
74 12 23
74 10 26
38 2 25
56 24 24
9 14 16
2 9 3
68 29 11
22 8 20
81 15 26
55 23 34
49 20 8
44 23 33
68 20 22
68 4 28
64 31 30
41 22 4
43 31 40
40 7 11
14 4 5
66 29 28
50 2 30
54 17 25
15 18 25
22 14 33
69 13 16
60 20 4
14 15 18
35 14 39
27 19 4
52 28 12
18 21 4
18 18 17
3 31 2
33 8 12
22 16 33
63 4 34
18 3 30
43 29 16
1 33 12
30 5 15
67 33 13
1 10 22
34 30 20
22 33 7
75 31 27
62 31 27
74 31 11
56 32 17
3 27 6
22 16 3
68 11 34
79 14 40
61 30 10
3 30 16
54 22 5
32 2 14
8 12 18
15 28 27
2 20 2
24 3 34
77 31 23
65 21 6
58 17 38
16 21 17
72 22 13
14 33 30
76 22 20
45 29 38
13 27 28
49 5 14
18 14 28
18 9 5
76 19 26
81 19 4
79 19 32
55 2 7
72 18 39
16 2 32
33 18 10
24 8 34
37 3 2
55 3 9
2 29 26
25 12 25
16 27 28
68 7 6
56 30 38
69 23 22
69 34 1
5 28 8
46 24 10
53 30 35
30 15 23
72 8 36
32 11 22
47 25 30
1 23 40
22 33 34
72 35 18
75 12 15
71 3 6
23 30 35
18 10 29
65 12 11
73 15 39
15 15 1
81 9 7
79 35 28
81 13 4
79 29 25
46 32 35
62 15 28
45 3 6
14 15 35
18 31 37
23 1 18
24 23 20
24 33 17
37 35 13
57 14 11
4 16 10
21 22 34
27 4 37
7 8 2
15 16 20
39 11 5
66 8 4
32 19 33
7 25 34
47 12 27
17 34 26
52 20 28
54 28 2
19 14 26
6 33 37
12 28 3
41 33 28
69 6 7
83 30 32
65 13 12
75 6 33
14 1 39
50 34 34
75 5 7
66 34 2
13 21 17
54 17 19
40 8 11
32 22 8
68 7 3
25 30 36
50 19 14
8 2 6
38 10 36
68 14 27
48 9 5
32 31 39
12 5 35
24 32 33
15 22 11
75 33 26
20 34 35
72 24 15
27 14 23
32 18 22
82 10 15
63 21 9
57 35 8
68 19 32
40 12 16
32 25 1
36 31 23
50 14 3
67 35 29
24 6 10
41 28 6
20 1 40
3 9 16
31 26 7
29 11 14
52 17 15
58 6 7
8 4 19
44 28 30
27 14 35
55 7 28
10 33 13
32 20 15
79 30 23
40 5 1
13 31 18
5 4 14
77 21 15
47 29 8
20 3 23
60 29 36
63 21 20
29 11 24
12 25 8
39 17 22
37 26 30
20 2 13
54 28 19
36 9 25
43 24 9
36 27 28
48 20 26
72 30 19
39 33 27
60 24 28
25 16 40
1 34 15
80 8 31
15 15 15
62 24 32
65 27 5
77 8 11
72 8 16
72 1 35
20 33 36
52 29 25
44 28 39
6 6 40
7 13 32
1 3 13
81 28 9
77 4 24
10 9 13
82 14 4
11 10 20
12 8 27
70 29 18
83 20 28
83 14 17
14 14 21
24 7 34
82 7 24
18 15 40
60 29 23
74 8 14
4 23 1
19 2 35
59 2 13
30 3 16
30 32 27
68 29 18
5 6 38
21 33 23
16 19 26
4 24 15
46 30 23
61 31 38
2 16 16
30 16 15
54 3 32
64 11 39
26 8 34
24 18 17
63 7 1
8 29 40
55 23 1
83 21 4
19 16 20
33 12 40
81 7 32
8 10 13
75 31 3
51 27 39
79 20 13
13 27 16
38 33 36
17 2 2
4 5 18
46 1 32
71 24 19
35 29 15
22 24 15
1 7 3
66 25 23
82 12 22
63 22 26
30 28 16
79 7 7
83 23 23
74 6 23
1 28 14
32 13 25
79 20 3
44 34 4
22 19 14
12 2 32
44 12 19
69 11 20
64 20 30
4 22 24
3 17 27
54 25 34
12 12 18
49 25 17
28 35 17
70 24 13
48 7 9
46 26 39
52 24 33
76 22 14
76 17 25
73 21 17
1 4 20
35 7 6
66 34 34
83 2 27
72 11 11
35 23 27
53 7 31
69 30 23
58 15 24
56 28 36
48 10 32
64 17 13
74 8 27
29 33 6
33 31 8
44 21 28
70 7 38
33 13 35
62 25 27
33 15 10
36 1 8
39 11 7
9 7 32
5 30 21
27 21 26
69 6 22
76 31 4
45 34 21
75 31 5
43 35 30
9 22 32
1 26 35
41 5 14
67 4 14
78 2 28
45 22 19
60 21 2
74 15 13
6 31 29
81 27 28
6 28 27
25 12 1
46 32 40
52 10 17
43 20 26
16 25 8
77 19 23
22 11 36
38 22 30
59 2 11
40 9 2
39 3 28
49 32 28
41 22 32
56 1 1
68 10 19
8 5 6
13 26 27
55 6 16
61 16 7
50 10 38
43 17 10
12 12 24
80 24 20
1 11 27
73 32 26
22 5 11
83 13 27
43 17 6
2 10 3
18 11 6
29 5 17
38 12 32
25 6 29
42 8 20
68 25 8
10 10 7
10 32 10
12 20 21
48 22 39
43 9 40
38 15 27
56 34 40
17 11 37
68 1 4
19 10 31
68 6 32
79 25 7
80 9 11
75 3 29
56 6 26
42 24 38
32 3 28
79 20 9
15 21 25
47 25 20
62 15 1
6 2 33
12 8 34
53 10 32
73 20 31
17 14 18
15 26 24
54 29 6
77 25 34
2 18 12
78 23 10
8 4 39
5 23 40
6 33 38
72 6 30
74 27 37
74 29 28
66 32 39
30 12 8
4 33 28
66 17 25
48 30 32
53 7 14
14 29 10
20 12 29
72 29 8
51 25 10
62 12 8
31 7 37
4 9 11
57 14 32
59 8 12
48 32 3
47 9 16
32 5 14
67 18 38
76 10 9
79 9 5
9 33 18
79 3 6
17 24 24
21 34 13
33 33 33
16 12 17
79 14 3
28 23 20
24 5 6
31 24 26
37 8 32
52 14 28
30 32 15
73 11 35
83 33 34
14 30 8
40 8 10
15 17 17
70 9 35
62 26 14
63 17 17
54 15 30
79 10 26
26 9 36
68 27 19
45 10 27
76 22 28
19 2 36
20 22 23
39 25 26
14 6 21
72 10 20
74 31 13
62 17 22
71 28 33
80 14 14
71 2 7
22 19 21
74 10 14
20 15 9
79 19 24
58 11 24
35 25 30
29 10 18
81 25 15
17 15 1
31 11 27
72 9 37
24 7 26
25 9 30
6 18 27
48 12 28
77 13 23
61 12 7
52 8 30
73 32 20
7 3 31
64 21 39
68 24 37
72 24 6
64 21 35
3 16 4
74 35 4
65 2 20
10 35 35
11 5 15
55 28 27
37 6 11
27 2 20
42 29 16
9 12 31
8 16 33
7 24 37
9 4 25
24 16 11
50 4 4
73 9 7
50 34 3
11 23 31
45 33 1
12 30 16
23 13 21
54 17 29
37 23 34
69 7 25
7 19 18
24 3 25
6 34 18
23 21 12
40 19 24
32 16 12
65 2 33
28 16 34
34 4 24
48 15 32
9 10 19
30 19 24
26 3 36
28 28 16
43 15 27
64 17 7
83 19 26
64 8 28
40 12 21
5 8 8
55 28 7
55 10 7
39 3 38
28 21 20
34 25 21
83 12 10
7 22 12
13 21 31
37 21 5
1 35 16
27 7 20
36 21 35
69 2 36
54 27 7
24 28 27
49 9 40
74 23 34
26 7 20
33 7 16
39 30 17
30 28 6
62 24 5
44 16 23
44 4 9
25 34 8
39 13 8
12 29 19
15 27 13
74 18 31
4 28 16
50 30 37
20 23 12
69 11 25
43 23 29
64 6 6
55 20 12
56 7 27
42 18 15
56 35 2
44 25 10
82 25 12
74 8 19
31 6 29
70 4 34
80 21 8
77 17 40
1 29 12
5 26 13
52 3 37
62 16 7
31 28 8
77 28 5
2 26 18
76 23 30
72 19 5
59 21 1
74 1 39
50 1 16
20 13 32
80 5 12
61 21 38
38 32 34
6 34 13
81 33 22
22 3 1
61 35 39
62 7 19
71 17 34
30 25 8
59 23 34
27 35 16
77 34 23
53 33 21
5 23 37
20 5 24
17 20 27
23 24 31
67 3 30
18 6 23
13 27 21
8 25 7
38 3 3
61 34 29
79 22 25
65 27 4
71 7 9
21 31 20
4 11 22
76 7 28
63 30 36
56 20 12
50 21 23
14 21 2
35 23 34
70 6 18
75 17 33
65 19 37
66 2 25
74 14 13
48 32 29
64 11 38
2 22 6
54 17 19
3 10 4
36 30 32
34 19 38
72 25 34
2 31 18
57 7 18
55 31 36
74 19 3
66 26 17
14 34 23
12 11 12
37 15 11
75 21 26
25 2 38
14 24 1
44 20 5
82 10 25
58 24 38
2 19 27
52 29 14
39 2 34
61 14 34
8 19 11
36 35 5
37 10 35
61 31 21
63 32 35
5 35 37
28 26 16
21 10 37
34 24 4
72 5 8
38 24 16
76 14 25
20 9 7
26 16 39
50 26 4
58 1 12
82 21 26
76 18 5
32 14 9
2 17 27
4 4 38
9 26 34
2 21 32
69 7 34
83 24 34
73 30 23
64 30 18
65 18 34
45 17 37
10 1 36
1 4 16
7 4 18
41 9 28
31 30 16
51 13 26
41 1 4
44 24 29
71 10 29
72 21 33
11 30 31
58 1 32
7 16 3
60 22 40
32 6 5
66 12 11
83 12 23
69 34 7
14 2 30
8 19 6
14 29 23
24 33 26
35 20 17
70 34 1
82 33 5
43 5 4
68 16 19
6 5 38
58 29 14
9 25 9
75 19 6
52 12 1
66 19 10
5 20 29
25 34 8
61 12 5
75 1 33
4 17 10
21 30 24
26 2 15
18 26 12
76 11 15
78 1 5
26 14 27
67 5 16
60 17 24
46 3 22
7 17 28
7 5 31
15 25 12
27 13 38
9 3 33
63 7 24
40 13 17
1 3 20
57 19 15
16 10 38
72 14 13
61 13 28
79 20 2
68 19 14
15 28 25
20 22 3
18 22 39
3 10 14
43 23 15
46 30 19
58 18 7
80 2 4
23 34 34
6 28 26
28 19 39
29 19 5
8 33 1
66 25 22
7 35 38
63 29 23
19 6 8
35 2 40
75 28 28
17 8 3
77 9 19
82 29 16
6 17 8
62 1 4
36 34 30
6 24 38
53 1 7
20 18 34
30 32 38
5 15 32
45 21 11
70 2 4
70 30 40
69 1 34
45 25 5
17 3 4
15 5 2
82 22 4
66 28 10
33 5 33
20 2 39
14 17 23
73 17 24
63 6 39
6 20 28
15 10 22
37 21 8
70 27 28
67 11 36
24 6 16
10 14 28
29 22 18
57 30 37
12 20 33
45 28 31
72 29 38
23 7 13
33 35 31
20 10 19
63 33 36
78 3 4
60 6 10
72 29 16
66 5 35
9 30 14
31 7 4
2 34 3
19 14 40
75 1 38
68 12 28
4 9 8
33 2 24
10 6 1
36 29 34
37 30 19
54 16 11
8 33 3
67 1 33
65 2 12
36 2 25
68 11 23
17 31 25
22 12 28
7 5 21
11 29 1
54 8 10
12 2 7
58 14 30
17 22 19
35 15 4
31 26 40
37 6 32
23 10 38
46 15 29
8 27 14
4 29 11
67 1 37
12 20 35
40 10 27
32 5 7
79 5 18
66 32 23
40 30 3
17 7 13
25 22 3
19 5 32
27 23 15
49 28 35
46 29 17
72 7 38
7 33 16
78 33 37
71 35 40
42 24 4
25 17 5
78 3 5
2 2 23
20 33 16
52 29 27
75 26 34
12 13 19
58 34 14
30 4 13
32 32 14
2 33 5
15 31 2
65 10 38
37 17 38
54 34 35
20 30 23
43 25 27
31 30 18
52 10 35
60 30 21
52 14 9
9 27 33
58 23 32
37 28 16
19 11 19
23 17 4
2 1 29
38 4 1
71 16 20
43 16 12
22 7 7
56 32 13
54 1 33
9 29 9
36 21 10
66 33 12
1 31 31
76 26 19
52 19 10
44 9 35
29 17 5
41 3 34
34 6 25
8 29 36
34 31 37
61 34 25
31 30 9
7 16 16
18 13 7
52 3 33
12 15 27
37 19 11
30 4 25
52 16 22
23 18 32
64 31 18
31 18 5
62 18 31
30 10 9
20 20 33
20 17 36
9 9 11
3 32 37
40 23 2
42 32 17
31 34 29
21 17 12
72 8 7
8 7 10
60 18 6
81 3 9
73 3 24
75 31 34
21 35 5
8 10 33
76 9 12
8 27 7
13 11 13
19 7 40
9 5 34
3 27 24
70 35 2
62 11 29
74 13 34
2 3 14
80 4 31
69 30 5
19 9 3
54 6 12
59 19 36
19 27 40
39 17 4
31 6 6
63 26 3
73 16 27
22 11 12
35 26 31
24 19 38
77 2 27
35 20 21
6 7 11
78 25 17
60 30 19
44 31 6
71 26 20
60 5 21
11 31 29
1 1 22
59 24 9
32 4 37
58 24 32
61 33 24
2 5 38
64 12 25
8 6 39
46 17 12
59 6 20
61 32 34
83 19 40
82 24 8
9 26 34
11 1 13
60 20 37
8 30 5
9 19 9
6 14 26
45 30 23
49 33 38
1 27 29
51 19 5
40 8 2
67 22 21
48 7 33
13 11 34
17 32 6
42 24 2
35 28 32
65 29 13
31 35 25
26 17 22
1 12 1
56 32 36
40 11 18
52 15 26
15 4 40
27 18 37
75 25 13
83 18 31
71 1 8
78 21 31
47 15 35
29 16 24
61 23 16
14 25 26
26 19 32
22 29 17
67 11 32
2 16 8
38 29 32
8 6 13
8 12 11
80 21 5
63 4 21
8 20 23
68 5 18
46 16 5
43 1 3
63 8 12
48 14 16
49 14 12
82 23 29
30 8 3
24 29 35
21 2 11
56 22 34
13 3 19
14 28 7
69 35 24
62 18 27
71 26 28
5 21 34
9 34 3
82 25 28
8 4 37
31 3 5
16 11 21
4 18 34
83 6 39
47 6 36
83 23 28
43 20 6
46 9 12
77 10 27
63 5 22
75 1 6
41 24 11
4 18 6
58 21 20
56 19 25
1 11 5
54 21 27
32 17 23
23 16 14
52 5 22
1 18 31
77 17 38
23 19 15
8 1 34
20 29 12
51 34 10
25 15 12
75 17 14
16 22 34
71 26 29
14 6 14
83 13 9
2 35 8
22 18 3
1 13 12
11 33 14
46 5 34
83 17 34
21 2 33
22 13 17
64 33 5
36 21 1
12 21 4
14 12 17
25 26 25
52 33 25
82 16 39
2 15 39
12 3 16
35 19 30
60 21 8
9 20 35
79 35 33
5 10 8
72 1 6
55 29 18
31 31 32
65 7 16
48 14 20
38 19 18
55 16 10
43 21 28
40 34 20
50 18 19
23 14 2
55 3 29
78 31 16
43 9 16
53 10 10
20 14 6
6 21 25
52 7 15
58 2 17
66 32 27
62 3 30
20 11 21
25 17 24
17 9 14
60 20 11
74 25 35
76 27 34
18 28 10
28 3 32
11 2 30
29 17 4
54 25 16
53 11 34
55 33 6
60 14 7
26 7 20
55 16 17
82 6 12
4 9 37
10 17 10
7 21 23
22 25 21
6 28 8
65 15 2
20 17 19
39 24 40
29 18 21
72 17 14
78 16 3
83 23 29
50 6 4
64 8 39
26 6 11
2 3 8
57 15 23
59 19 36
1 10 21
68 31 33
41 7 11
6 10 35
16 7 17
35 34 40
42 7 19
63 17 1
44 10 25
2 31 7
24 15 22
24 20 23
45 2 6
1 4 39
75 10 32
53 5 2
32 32 3
39 32 12
55 35 8
22 8 1
8 7 18
37 15 2
77 30 16
2 15 40
15 33 8
68 3 32
45 7 25
25 2 32
20 24 13
44 26 12
36 10 34
54 14 20
3 4 13
78 29 28
57 25 14
68 3 29
21 6 2
35 19 10
41 11 1
13 4 39
64 35 12
43 2 32
66 34 24
43 27 26
19 20 6
20 33 30
70 17 19
33 29 38
75 26 39
27 27 5
74 5 33
27 15 24
83 6 19
1 3 37
66 30 36
8 14 16
49 22 12
75 17 1
21 8 39
41 14 25
41 33 1
20 29 32
50 35 22
72 12 35
32 2 1
45 2 7
37 9 4
61 35 8
33 6 29
69 6 37
16 31 18
18 31 38
45 21 33
58 25 7
78 8 31
28 27 32
10 1 30
79 26 39
70 14 1
69 18 22
19 16 25
32 32 13
50 30 25
37 13 12
28 6 34
1 18 35
11 7 15
17 22 28
61 28 36
10 2 10
80 22 16
11 14 8
48 33 6
11 19 12
22 7 6
70 21 11
60 21 8
38 24 2
81 4 38
75 12 19
64 18 3
43 1 14
48 6 33
6 20 16
81 17 40
14 1 14
61 18 27
49 17 13
55 4 4
49 28 36
71 7 40
31 2 24
29 31 27
55 17 12
36 31 20
10 13 13
33 15 8
2 2 38
67 22 36
6 30 13
52 9 9
14 3 24
34 11 19
23 34 6
69 7 30
73 11 25
59 34 7
27 29 29
60 17 6
58 19 31
7 3 3
48 35 1
29 4 3
39 25 10
17 8 27
80 30 14
32 22 15
2 20 26
20 1 25
3 32 2
16 21 10
59 28 3
52 4 33
63 29 37
12 21 15
79 29 20
66 27 33
7 9 25
43 26 36
7 30 36
41 4 36
78 10 20
39 10 31
61 33 11
15 11 13
18 32 9
73 18 29
35 16 25
73 28 2
10 17 13
17 14 37
37 17 8
68 34 2
3 29 19
61 7 5
17 12 14
79 22 3
81 27 29
56 5 20
50 4 12
35 3 28
69 32 5
7 22 20
5 5 30
62 34 13
36 16 18
16 7 3
26 16 36
5 29 22
53 17 20
47 26 30
46 21 29
5 11 4
76 24 9
68 30 2
66 14 36
17 24 8
55 3 17
35 6 36
54 5 16
10 28 18
17 6 5
43 4 16
11 2 22
24 2 24
42 6 28
15 9 15
24 30 16
8 15 13
72 13 36
10 9 16
38 14 6
34 23 33
28 1 34
8 25 1
81 19 26
82 35 21
19 30 18
67 5 1
76 16 25
8 20 28
20 9 12
48 21 33
35 12 37
20 6 19
37 23 17
76 6 27
22 10 36
50 15 12
15 1 25
17 13 10
42 19 20
4 6 20
4 7 35
19 24 26
75 14 33
66 35 30
33 23 10
82 10 9
14 16 11
45 24 23
19 27 17
25 11 6
46 15 36
67 34 6
18 25 34
83 22 28
83 31 36
78 4 28
34 20 11
25 18 12
3 28 35
82 34 5
34 32 15
58 25 32
52 24 23
39 30 34
10 14 11
19 13 31
67 4 10
57 32 27
69 23 13
22 26 14
12 17 30
71 1 29
20 26 16
1 3 25
20 11 8
15 6 7
71 11 33
81 8 6
22 18 15
27 26 34
75 13 40
29 8 2
65 28 11
39 17 31
57 20 19
42 23 9
68 10 16
60 1 29
66 12 3
40 13 6
31 7 1
82 16 19
68 28 10
34 33 8
72 9 7
8 31 13
57 13 32
32 19 20
80 11 17
25 18 26
13 9 27
38 14 5
43 35 38
56 7 32
20 28 37
67 35 1
78 25 36
36 25 29
37 34 8
31 21 27
21 19 19
33 7 13
50 11 29
30 4 22
56 21 32
30 1 22
9 7 22
25 8 20
27 15 6
15 2 26
24 29 34
43 1 22
47 4 2
66 24 13
55 2 10
78 29 8
38 7 6
58 23 9
26 21 35
16 33 34
40 17 25
28 8 9
23 30 33
15 1 35
6 12 2
30 21 29
44 23 33
19 30 18
17 4 4
47 17 16
13 25 15
69 22 33
55 14 18
53 29 33
69 9 29
15 1 38
29 2 17
61 12 16
66 30 7
41 22 11
2 7 6
9 29 16
46 24 31
75 30 34
1 33 10
83 2 31
26 33 3
77 9 18
48 10 7
62 34 12
10 32 8
82 19 30
78 31 6
43 31 40
35 21 17
33 10 17
65 8 22
29 23 19
77 25 21
19 5 32
8 24 13
59 24 11
55 26 31
61 11 18
55 34 22
10 34 20
2 14 29
27 7 39
65 33 33
47 25 22
1 28 38
16 1 34
58 17 12
78 16 40
80 32 34
60 2 33
70 19 39
71 35 1
10 5 35
34 8 12
57 32 8
46 1 38
79 19 35
22 25 19
47 14 11
40 18 3
44 22 16
71 13 27
37 10 1
78 35 16
16 7 31
79 31 33
15 8 34
38 6 39
65 18 2
65 32 12
15 28 35
52 34 39
78 18 10
18 14 29
21 34 21
18 34 11
29 19 16
35 24 16
19 12 25
37 30 30
69 10 26
23 2 40
25 2 36
19 29 19
47 22 16
79 34 11
19 20 13
24 19 38
34 3 34
41 6 1
31 16 1
5 25 14
16 34 38
50 2 13
7 26 5
59 17 16
68 14 38
80 23 6
39 21 24
42 27 8
23 35 29
66 27 30
14 7 36
31 1 17
26 25 27
53 16 36
7 15 26
31 19 33
19 19 23
17 23 4
64 8 34
76 15 34
73 10 16
61 24 4
17 26 16
69 26 35
53 21 21
11 11 25
49 17 9
42 6 13
6 18 35
18 14 7
40 14 22
66 24 6
73 35 40
62 27 32
68 17 22
18 16 39
13 6 37
51 13 13
46 13 3
41 31 23
62 10 17
65 1 16
20 20 24
9 8 8
63 34 38
40 8 12
51 3 28
14 4 18
61 3 1
80 11 40
12 24 1
37 27 10
75 1 10
23 4 34
63 14 8
63 4 31
34 16 40
18 6 10
22 20 26
58 9 17
10 20 28
34 31 16
61 1 17
67 7 35
24 27 22
36 33 23
68 5 21
82 3 27
60 19 36
58 27 11
1 23 26
9 13 33
81 14 9
19 5 15
33 29 20
24 29 21
75 7 7
56 23 18
32 17 23
55 5 1
53 15 37
10 22 24
35 5 27
41 30 23
67 23 40
25 19 40
50 27 9
11 30 13
81 22 14
6 19 3
27 16 10
15 21 13
81 13 14
1 4 11
46 18 21
63 31 6
8 28 21
8 27 24
45 26 14
55 9 35
68 22 24
30 33 33
10 7 6
36 27 38
28 13 7
57 4 13
14 9 3
55 25 19
65 14 29
36 6 24
59 12 1
40 30 19
61 8 21
2 6 8
70 1 35
64 15 23
61 27 28
81 21 20
8 9 33
14 13 4
38 31 4
31 14 6
8 2 23
24 26 19
39 9 32
72 13 40
2 8 34
17 32 2
70 7 36
82 1 2
24 6 11
39 15 23
26 27 30
21 2 30
58 32 20
51 19 39
52 22 10
46 9 11
77 18 24
83 14 12
42 10 16
59 9 35
25 7 6
62 17 34
31 2 31
83 33 4
78 1 34
19 17 25
48 13 37
5 18 7
70 2 3
31 16 20
41 22 16
2 6 25
8 4 19
62 9 20
80 32 35
61 3 11
20 11 32
10 24 23
13 30 35
72 7 11
75 14 27
80 32 30
66 2 33
79 16 32
28 10 35
52 31 30
78 18 13
15 9 5
35 31 34
7 28 33
13 32 3
76 14 33
25 11 11
18 23 16
22 17 10
64 30 11
75 31 27
39 9 24
55 28 39
70 4 13
42 9 22
1 20 4
64 29 22
72 8 18
23 5 24
21 19 16
2 27 14
55 9 15
77 4 25
58 34 22
8 33 17
7 34 3
71 19 14
77 11 24
70 31 33
50 1 4
64 15 37
39 13 38
83 1 26
11 7 39
52 32 20
5 25 12
75 23 13
74 3 40
40 1 40
65 6 38
46 34 14
7 32 11
20 35 10
23 7 31
60 35 17
43 16 34
66 15 4
72 10 13
75 23 4
50 30 27
35 20 5
37 24 35
5 17 16
49 9 17
26 33 6
32 9 21
78 23 7
62 26 8
34 13 5
50 11 15
53 1 26
65 23 35
45 2 11
39 10 24
52 5 16
66 7 7
67 2 14
69 10 12
38 17 19
11 11 40
61 35 23
4 27 26
7 18 26
45 17 7
53 23 24
37 15 14
11 9 3
55 5 17
69 14 1
18 6 22
50 3 1
83 6 33
68 7 40
1 21 39
36 34 5
13 29 2
12 9 27
16 9 8
3 14 14
22 25 1
17 1 32
10 21 13
69 20 18
64 1 9
78 35 11
76 34 19
39 31 20
13 1 3
68 27 8
78 27 4
52 17 37
18 3 27
68 35 18
25 20 33
1 4 24
66 28 5
10 13 12
74 9 33
25 26 35
3 29 6
50 4 23
6 24 10
79 31 9
23 20 23
26 24 1
5 15 1
58 12 19
70 8 5
11 32 11
21 25 33
82 28 4
6 28 23
81 34 8
19 4 29
45 22 15
67 29 13
11 26 7
73 13 2
1 1 29
71 2 25
58 28 24
41 24 40
28 15 20
48 11 20
23 30 6
58 10 5
44 26 16
70 24 34
32 14 12
77 4 38
37 26 13
48 25 6
69 1 18
54 18 19
9 29 11
70 8 26
29 26 23
65 9 23
11 13 18
24 28 38
40 25 7
48 20 1
12 13 1
56 9 29
46 11 23
20 16 20
68 25 16
72 29 32
50 11 6
34 34 23
64 33 5
47 20 28
40 25 7
41 32 10
56 35 15
38 34 13
59 20 13
52 4 38
82 15 11
60 21 21
38 25 32
74 18 28
43 30 1
62 22 28
77 20 32
7 35 20
10 4 12
19 3 1
44 1 15
30 35 40
42 4 14
71 25 17
67 8 21
10 7 35
15 10 39
69 4 30
12 3 8
17 26 32
7 31 27
43 23 17
68 15 3
64 32 19
71 21 23
37 3 38
21 23 37
25 15 38
28 28 40
7 14 15
20 29 3
38 18 2
16 24 30
27 35 36
51 32 23
79 21 26
36 22 21
83 3 20
29 28 13
40 33 37
6 3 13
19 25 15
24 22 17
2 21 37
7 24 24
44 33 34
15 31 12
10 34 5
10 12 4
10 10 38
70 4 10
33 16 39
7 30 35
4 14 35
9 30 4
13 17 31
54 34 23
5 6 36
42 13 1
36 33 11
20 34 15
16 34 15
19 21 24
33 18 23
75 6 14
47 25 26
36 27 19
12 20 19
42 8 11
49 29 4
10 20 27
6 24 32
35 6 27
34 29 25
66 29 19
47 12 12
79 14 15
80 16 19
40 9 24
45 5 30
37 9 4
52 20 29
28 33 34
2 27 28
75 11 37
77 30 2
70 35 31
41 19 6
71 17 18
30 11 10
54 19 27
46 2 4
40 31 19
60 35 39
21 6 38
55 3 1
59 18 25
61 28 38
20 23 3
66 21 30
15 21 5
50 17 28
48 22 6
63 5 4
53 5 30
60 30 2
15 28 20
72 23 11
39 6 38
71 29 35
4 21 40
82 30 28
50 4 32
82 2 33
82 1 24
9 33 22
28 26 37
36 23 11
74 28 13
47 19 34
56 3 24
5 8 12
75 9 12
62 15 24
35 5 8
62 23 25
28 9 7
79 30 34
1 18 4
9 22 17
59 17 32
83 1 6
83 26 31
18 13 10
41 6 20
65 20 20
4 17 36
40 23 12
81 34 20
72 31 33
8 3 1
43 30 1
40 26 13
55 19 40
47 9 35
52 29 29
2 8 40
65 4 22
39 9 15
46 33 3
16 34 5
29 22 6
29 35 9
12 9 36
24 30 38
6 16 15
10 26 6
64 22 12
37 19 25
7 6 38
34 17 36
73 34 5
65 26 1
42 18 23
66 6 23
23 31 23
21 22 5
65 6 10
81 5 31
45 25 34
68 12 21
52 20 7
34 8 10
59 22 40
63 2 23
58 13 40
73 5 1
20 30 17
7 18 20
58 7 6
39 28 22
11 4 40
64 5 21
57 3 36
72 12 3
56 4 16
83 29 3
22 32 22
79 24 3
11 17 35
14 7 22
75 1 27
13 32 12
16 27 40
62 31 28
64 28 33
11 28 29
1 24 39
42 21 23
80 5 19
9 16 30
63 15 30
29 2 2
67 29 34
28 31 11
66 26 32
48 29 10
60 4 33
63 27 4
47 4 19
81 33 16
59 7 19
63 18 13
27 30 33
67 24 30
4 30 13
83 19 20
78 28 37
81 9 14
63 3 20
47 20 10
62 24 21
59 34 37
39 28 39
6 13 26
51 22 20
53 30 39
26 17 16
4 35 19
10 22 40
72 6 38
53 30 24
6 13 26
51 24 16
40 16 21
20 32 26
60 27 29
82 26 17
82 27 23
51 12 12
50 3 29
30 34 5
53 32 19
70 21 26
21 18 38
16 20 34
10 17 16
59 16 10
40 6 40
55 29 2
58 10 34
1 2 13
77 25 13
6 22 14
13 10 23
42 25 30
40 22 22
57 3 12
75 3 11
19 6 22
3 28 27
1 17 17
1 11 3
75 20 5
29 32 26
19 27 37
66 5 4
71 11 3
6 28 30
3 34 6
16 32 19
46 20 34
45 26 3
57 31 34
39 18 15
44 6 24
83 25 17
53 28 25
67 3 30
10 6 12
46 4 26
50 24 19
20 30 23
79 7 3
70 8 9
26 1 18
74 25 16
1 34 22
52 1 12
68 26 24
20 12 19
9 27 22
14 19 28
31 8 20
75 26 17
54 32 18
31 31 28
40 13 16
17 15 30
64 27 39
49 26 17
81 18 6
58 19 14
29 30 34
43 7 39
29 9 4
64 14 24
1 32 35
3 35 30
46 2 31
10 4 24
36 12 21
56 28 39
31 21 3
54 26 2
65 34 36
41 25 22
76 22 2
29 24 6
19 28 19
12 7 19
37 29 14
62 11 19
3 5 13
55 20 20
76 16 20
35 30 28
68 5 12
74 26 30
40 32 24
82 34 20
63 26 16
38 20 37
28 13 13
52 23 15
80 25 7
28 32 40
58 21 10
43 21 24
4 7 38
33 26 33
19 31 7
58 29 15
38 4 15
45 28 6
44 14 11
38 33 11
81 35 21
34 26 38
22 31 40
82 13 40
64 33 12
75 28 36
28 35 36
25 1 34
78 31 9
42 14 33
36 1 22
4 1 11
69 7 1
49 32 28
21 7 38
77 22 6
69 3 30
27 21 15
30 2 14
28 15 36
26 5 36
16 31 11
53 32 33
35 31 3
74 16 24
43 12 9
2 7 14
78 1 12
59 6 22
24 25 8
67 28 22
44 2 37
45 11 4
48 2 37
54 8 16
45 30 37
9 16 38
3 30 33
23 11 35
18 28 36
18 19 4
39 31 36
4 2 19
82 35 13
31 13 14
77 6 8
57 8 26
59 25 34
11 32 5
10 7 16
56 8 2
22 35 9
24 29 15
21 15 1
67 13 2
7 6 28
42 23 21
67 11 19
20 29 3
54 6 36
64 1 22
1 7 30
61 30 8
9 6 30
46 33 3
72 23 37
42 12 25
36 25 32
14 15 3
25 34 12
78 17 10
6 9 34
39 30 23
23 30 6
65 34 9
34 27 32
30 32 17
27 12 40
55 8 5
61 12 14
8 28 36
3 25 30
11 28 37
2 25 20
9 34 23
57 6 30
12 7 21
50 5 37
79 15 18
37 9 20
24 9 12
82 26 36
77 10 10
42 9 32
38 20 16
14 30 10
75 22 21
53 14 16
70 32 22
46 17 5
25 16 39
44 3 34
79 17 28
73 27 16
55 14 26
10 30 16
26 5 11
82 18 35
12 7 39
37 10 13
46 2 28
80 3 5
69 8 29
71 14 4
72 3 40
65 5 39
67 28 18
64 10 21
50 28 8
23 14 5
13 8 6
42 14 10
9 26 11
51 32 5
1 11 22
19 31 31
64 35 23
81 15 24
27 32 25
57 22 22
1 11 36
19 27 30
38 28 33
46 10 16
29 10 11
40 32 16
35 15 22
23 9 1
82 10 19
61 30 25
5 30 31
73 4 29
76 27 18
11 32 6
62 4 22
34 32 10
55 13 36
69 32 19
6 31 37
29 2 16
13 6 25
52 19 36
68 33 38
23 11 30
67 23 38
8 12 34
42 5 30
49 32 40
34 16 33
73 17 36
53 16 18
28 8 36
52 30 40
35 13 3
46 11 40
13 35 17
9 30 8
11 16 37
48 34 27
17 17 28
12 25 1
79 11 35
7 11 13
79 21 37
29 15 18
19 10 18
38 32 39
32 33 18
43 20 8
35 12 1
21 11 31
40 23 15
6 18 20
51 25 31
53 13 19
73 25 8
48 30 24
51 15 11
74 20 27
34 34 7
56 27 32
35 26 20
24 17 35
75 29 14
68 2 32
20 26 13
17 10 28
36 12 15
11 14 40
35 11 16
6 9 40
50 20 2
52 7 30
52 5 16
72 20 38
74 29 4
65 7 9
13 22 16
78 23 1
30 33 5
45 10 39
77 24 36
57 11 36
37 4 11
30 10 10
20 9 40
65 15 19
1 23 19
69 27 27
67 19 13
24 19 13
53 33 15
16 9 29
50 34 29
8 23 36
23 10 19
55 13 37
52 20 5
50 22 1
27 29 12
23 35 34
33 35 6
78 5 25
82 2 34
44 23 24
72 10 10
79 8 35
13 12 16
67 26 12
59 33 32
71 13 32
3 12 26
82 33 23
12 6 32
19 4 40
68 21 4
48 3 8
17 26 29
44 10 3
13 2 32
54 5 3
81 24 26
26 29 32
35 16 39
83 18 29
43 14 34
22 2 7
73 15 2
78 35 13
31 33 14
60 10 36
36 5 33
63 9 9
78 6 10
59 5 23
30 30 10
24 23 16
65 20 21
23 24 30
9 5 24
38 23 8
59 24 24
23 27 34
67 31 22
54 17 34
74 29 13
5 32 9
80 31 25
65 10 27
80 4 12
23 27 6
66 10 28
31 22 14
41 15 36
10 30 11
21 26 4
70 25 11
10 2 8
57 19 24
62 1 28
6 32 31
26 8 9
59 3 26
7 15 11
66 16 26
34 16 11
79 16 34
11 25 17
77 16 38
35 12 5
72 23 15
65 6 3
8 17 25
44 2 26
43 7 13
40 6 34
34 32 13
73 6 25
60 9 9
60 9 5
68 20 20
82 7 38
62 8 7
9 1 6
47 5 22
40 1 12
72 30 16
43 26 10
61 34 6
28 27 26
33 6 21
81 3 1
32 13 39
67 29 25
48 17 26
48 20 4
38 22 38
39 22 30
10 11 28
32 22 14
48 3 6
15 1 37
71 34 28
8 5 4
51 24 35
58 7 29
25 25 28
30 22 29
7 13 35
69 9 18
35 22 18
23 13 14
63 29 31
19 18 25
30 16 37
60 20 5
12 24 36
55 25 13
18 8 37
21 12 4
66 6 12
29 2 7
31 4 34
31 5 29
41 18 26
41 20 28
9 32 3
66 28 21
68 11 22
28 27 24
49 19 13
28 27 34
23 30 26
17 12 13
58 20 39
14 13 11
71 35 18
77 1 35
10 19 29
38 19 16
48 13 20
63 2 13
47 8 28
35 20 38
62 12 35
76 35 4
3 30 35
68 8 8
65 19 4
52 13 33
24 9 19
6 4 23
23 29 12
13 14 40
47 22 23
26 11 11
10 3 3
18 32 27
3 4 10
1 25 18
25 6 39
2 5 31
2 19 22
83 16 40
83 2 22
26 13 27
55 25 8
78 1 9
26 1 2
23 2 36
76 28 16
5 15 8
11 9 17
54 34 39
47 3 36
74 16 37
75 7 23
49 17 12
9 34 18
41 30 20
47 15 25
12 15 9
58 29 28
38 32 10
75 13 31
38 32 22
10 12 23
76 34 22
80 26 30
24 32 38
38 32 37
74 13 27
25 2 38
7 26 17
80 7 35
15 13 21
76 25 17
78 5 14
47 19 39
5 19 27
7 4 30
45 21 10
78 9 16
40 23 3
82 35 16
23 21 2
74 11 3
9 21 18
52 30 27
21 2 3
40 7 36
26 33 37
74 4 19
73 34 3
78 27 22
21 7 40
35 18 11
53 32 1
77 28 23
38 5 35
1 9 14
79 28 19
44 6 1
69 20 10
8 10 11
36 20 38
49 14 39
55 11 36
81 1 21
36 13 30
62 29 13
81 13 21
1 13 12
4 3 2
74 25 31
7 10 2
18 5 13
24 34 5
28 25 26
9 18 34
7 3 24
1 25 34
14 29 4
15 24 26
56 7 35
23 3 32
1 2 38
29 6 29
34 3 12
13 4 40
29 10 13
79 34 11
77 9 38
10 21 10
28 30 16
45 23 6
76 5 10
41 33 25
72 20 40
60 27 3
51 19 18
55 15 35
25 32 40
27 32 19
14 35 40
45 29 14
28 6 29
46 6 10
66 4 1
49 21 35
50 21 4
58 1 1
78 5 20
59 15 37
76 4 30
31 17 26
55 7 24
66 19 32
21 17 24
64 16 21
27 31 22
7 31 17
25 28 11
12 14 40
69 2 18
28 3 8
11 23 8
64 9 9
31 25 16
47 1 14
70 19 22
63 5 5
69 2 29
60 24 32
50 4 36
43 25 26
42 34 15
30 29 29
27 24 31
36 14 40
77 21 15
76 11 21
6 32 20
71 25 31
32 6 17
2 11 28
17 31 36
76 17 33
15 29 12
16 20 23
37 24 1
67 32 2
72 33 21
76 26 30
36 14 6
48 8 11
17 24 9
81 34 12
58 18 3
36 21 12
3 30 8
43 27 20
18 19 31
25 32 23
39 14 39
1 29 26
79 2 32
53 33 24
67 26 25
76 1 5
22 8 6
75 27 7
60 13 24
57 29 25
71 16 31
40 24 33
31 28 31
56 4 17
35 11 21
15 24 4
79 20 4
28 5 17
17 1 40
50 22 5
39 34 14
54 3 14
59 25 2
3 10 11
15 14 10
66 13 34
5 26 39
73 24 26
30 14 7
46 31 13
16 28 22
19 10 13
60 21 3
44 29 30
53 18 15
46 35 23
74 15 31
33 22 31
8 27 15
62 25 33
77 9 35
10 35 35
8 16 35
24 20 27
8 2 5
80 33 38
28 22 23
54 32 35
28 17 20
82 5 4
46 7 5
68 14 19
13 2 30
11 11 9
13 25 26
13 33 17
78 5 3
48 14 4
29 1 39
37 5 26
62 31 15
40 12 13
43 28 2
18 32 29
79 15 30
33 27 2
14 16 13
21 23 38
2 3 20
55 28 28
55 28 6
57 18 5
9 13 2
49 1 19
42 18 11
78 30 1
65 19 5
42 6 36
65 25 40
6 14 32
57 6 23
4 6 33
67 26 24
58 6 1
51 24 13
47 4 38
70 28 29
30 28 36
41 21 19
12 7 3
5 2 18
23 32 26
81 3 36
81 28 4
71 18 30
35 34 34
54 35 10
52 6 28
57 9 36
40 1 36
50 14 3
42 20 3
29 33 20
74 14 17
79 23 38
16 1 23
14 17 35
47 13 7
54 28 30
18 27 1
52 8 16
66 13 21
1 7 13
78 12 26
55 34 17
19 32 4
36 28 7
33 31 33
15 1 35
1 27 14
50 5 40
50 3 25
32 2 21
32 21 7
63 7 30
25 19 9
28 4 8
38 16 6
67 27 17
17 18 39
64 5 26
53 7 22
8 11 15
2 33 6
82 30 6
60 15 28
69 18 17
52 31 34
50 1 35
30 35 39
14 34 34
53 22 33
81 22 20
23 34 6
72 23 13
22 12 36
48 2 25
59 26 40
65 16 29
29 21 11
37 25 23
62 8 38
2 8 2
65 1 32
79 29 25
75 24 13
60 1 40
10 20 24
32 24 24
54 25 6
31 19 2
29 31 17
32 4 11
69 32 39
22 12 21
30 13 9
81 15 3
66 6 5
62 33 6
23 10 25
83 32 9
47 25 27
49 24 32
32 14 17
48 31 11
2 16 19
46 28 22
62 35 40
27 16 37
35 7 2
9 15 25
59 31 24
42 7 14
15 16 24
78 4 1
80 9 19
59 33 20
58 9 16
35 21 4
57 31 34
65 19 8
36 9 24
5 4 6
5 3 14
11 26 38
25 12 35
45 26 15
55 15 1
55 6 21
17 31 40
24 23 14
50 35 39
70 2 39
52 33 17
54 9 19
76 14 27
51 32 39
49 22 31
39 11 24
31 23 17
79 18 23
56 28 19
21 5 6
83 5 34
73 28 13
67 20 21
60 23 29
74 9 3
8 6 12
12 29 38
63 30 19
15 7 4
4 9 5
6 30 31
34 29 40
75 30 12
61 22 32
80 20 7
64 7 21
18 19 10
3 31 38
7 32 34
8 21 35
55 19 8
53 17 10
51 33 25
49 34 24
45 29 20
46 34 26
80 16 29
69 16 4
64 8 3
64 13 18
3 32 35
65 34 31
55 9 40
80 10 1
8 8 37
76 14 5
78 33 29
39 4 40
17 22 30
53 23 17
30 22 39
78 24 22
54 24 2
83 19 37
4 11 3
61 26 20
33 29 40
8 20 17
79 13 12
45 20 23
33 6 32
31 28 23
5 29 25
3 24 2
76 22 34
34 32 4
59 11 22
36 11 34
9 2 24
41 24 10
80 10 28
68 4 15
67 29 31
41 20 34
22 7 17
47 7 7
79 3 3
29 33 14
56 3 24
65 9 4
56 28 14
65 4 9
38 31 36
31 10 33
22 1 30
2 27 28
44 27 34
43 11 16
68 10 1
15 3 37
7 3 17
23 20 34
72 4 12
62 5 32
78 14 17
2 6 31
13 20 30
30 22 38
38 17 2
22 11 20
72 28 30
16 16 31
15 13 30
34 2 27
62 2 22
22 27 32
58 7 22
55 28 9
27 6 18
61 22 29
39 2 20
44 3 17
66 5 26
74 5 19
24 20 18
33 28 10
40 1 5
7 6 3
71 23 22
45 26 24
45 33 33
54 19 31
10 3 37
30 3 19
32 29 35
33 29 14
37 23 37
48 8 22
33 11 19
58 18 40
18 2 37
63 20 4
81 28 8
72 11 1
9 24 13
81 18 5
10 35 16
10 11 10
69 1 30
35 2 24
9 25 17
24 14 18
49 22 26
68 20 17
4 1 37
2 5 28
53 29 8
50 3 29
5 22 30
14 6 17
60 33 23
66 31 21
49 34 25
62 3 27
82 27 33
48 25 16
34 10 13
30 27 16
20 14 2
33 7 8
45 28 6
54 34 16
65 3 7
21 14 9
35 18 29
33 1 19
20 34 20
21 20 38
75 20 34
42 11 30
25 14 25
39 33 26
24 33 35
64 27 5
27 11 32
78 29 17
14 17 34
16 1 10
74 5 28
54 6 34
72 2 4
81 31 34
7 13 22
45 22 22
41 33 12
23 27 17
43 31 24
22 12 11
67 6 4
12 12 39
33 22 40
79 17 1
1 8 27
62 11 39
50 8 16
80 22 6
4 26 38
37 14 7
48 18 33
46 8 9
21 20 8
75 16 16
47 30 11
31 33 20
30 18 9
54 15 30
45 25 25
75 4 17
42 21 40
21 22 13
77 15 27
10 23 12
15 8 13
36 15 17
38 15 26
27 17 3
40 27 24
67 32 10
12 28 10
37 17 1
70 17 38
45 10 16
39 25 10
66 15 15
57 35 30
18 16 37
24 25 33
30 19 31
31 25 31
53 30 34
42 24 5
37 31 17
24 24 20
49 32 1
19 26 5
38 29 14
80 33 29
48 22 39
29 9 7
36 32 36
44 5 21
3 1 15
21 12 22
50 8 11
2 19 13
40 4 29
36 9 33
14 29 26
69 17 25
10 10 25
69 7 22
18 19 32
42 29 31
63 6 9
74 21 29
9 31 38
8 34 5
67 6 35
26 5 13
79 1 35
56 21 7
80 22 34
83 16 18
45 29 13
6 12 23
60 7 18
55 20 32
65 28 40
64 8 39
11 7 20
10 1 35
10 20 40
56 18 40
58 16 33
29 1 9
81 23 18
83 2 3
7 11 23
38 32 24
8 31 19
36 19 22
70 25 2
21 35 29
34 17 40
78 24 30
62 21 10
42 14 11
42 17 26
68 3 10
63 13 6
8 26 30
14 5 19
27 2 4
38 34 27
2 12 19
56 8 39
70 14 17
56 16 38
62 17 10
34 22 25
52 35 25
64 22 32
56 4 18
69 27 39
29 28 25
32 12 28
29 26 38
4 27 37
13 22 10
44 14 40
74 29 35
68 17 5
62 8 22
36 32 13
23 17 5
40 29 29
26 4 30
65 8 34
41 7 15
5 28 28
15 35 39
6 34 4
17 32 25
50 30 23
30 12 23
3 27 22
13 16 35
18 8 9
42 7 30
45 26 5
82 34 11
79 11 25
83 22 16
5 13 3
66 31 15
35 23 29
22 8 26
3 14 36
75 2 29
27 30 22
22 19 38
79 26 26
25 22 3
64 24 20
67 11 4
30 22 36
51 24 15
49 27 14
64 15 39
25 19 23
35 6 6
48 35 32
16 5 23
80 20 1
73 29 39
39 33 2
32 9 12
61 13 14
48 32 9
57 9 5
32 35 37
83 1 1
67 2 5
23 30 2
46 27 15
10 19 17
77 30 17
49 31 34
1 29 40
50 15 23
25 11 26
10 8 21
18 12 33
10 11 6
82 5 25
23 27 5
59 4 18
44 30 26
69 6 25
9 20 17
62 19 31
4 8 39
50 28 20
18 23 27
58 2 5
55 23 40
67 16 19
24 9 36
45 25 10
6 19 29
13 16 37
53 28 36
15 17 38
28 30 9
14 17 19
47 7 1
9 3 21
29 26 14
13 16 19
8 6 30
67 6 10
29 29 23
71 33 31
73 5 9
65 26 15
37 10 39
63 18 21
10 21 17
10 23 11
78 22 24
37 25 4
9 7 32
39 4 33
27 22 27
59 18 21
18 29 38
68 27 37
31 4 9
8 28 29
67 6 25
78 15 23
58 29 16
75 13 22
60 6 40
23 19 37
67 27 24
25 8 24
50 21 20
62 7 14
34 7 17
38 8 25
16 35 40
50 27 27
42 26 21
44 20 38
63 29 9
46 3 21
26 1 16
83 29 10
16 35 28
18 2 29
59 20 14
39 24 38
32 12 1
61 11 21
58 13 26
52 16 16
80 11 2
54 24 17
47 25 15
46 12 40
22 13 35
19 25 39
26 5 1
53 17 11
8 24 17
14 17 25
11 23 40
74 11 31
17 7 7
19 34 40
35 4 10
12 15 22
20 14 40
30 6 33
11 12 28
70 35 11
35 30 23
14 26 21
44 6 32
78 32 38
46 21 33
64 10 23
12 9 11
3 10 11
45 18 36
77 20 24
61 22 37
44 18 8
25 10 25
13 19 5
37 4 22
15 25 39
68 27 22
31 25 35
69 17 35
74 26 30
83 2 16
20 8 10
29 18 12
22 29 39
5 24 38
53 34 20
38 10 25
48 18 1
57 13 36
51 29 1
20 11 23
82 18 15
15 30 18
61 2 32
15 4 6
16 4 31
48 29 29
41 5 32
24 12 13
31 12 16
29 15 15
25 25 39
14 2 11
19 28 5
6 4 36
32 25 37
56 35 39
79 28 40
19 27 33
67 32 17
62 4 1
5 21 5
50 35 2
59 35 27
74 12 29
8 10 31
60 18 7
24 7 11
19 32 4
17 8 32
16 5 33
22 31 15
15 23 15
18 18 13
21 3 36
47 9 22
53 26 32
45 27 23
44 6 25
61 15 10
43 9 36
82 4 20
36 24 30
42 15 39
16 17 15
70 34 1
73 12 27
72 21 29
38 14 20
66 28 13
69 25 25
60 24 8
70 25 33
68 4 7
13 4 27
80 35 27
71 16 16
9 34 24
73 34 25
70 2 32
7 29 23
61 25 28
8 35 7
52 12 39
24 23 33
38 15 19
31 30 38
12 28 3
67 8 18
82 21 33
20 23 38
18 13 23
44 1 1
10 16 12
14 27 38
29 24 25
8 20 3
45 6 40
15 5 6
25 22 2
56 16 36
71 28 30
61 20 15
58 7 19
7 2 18
69 30 1
27 1 39
77 22 27
48 30 5
17 33 3
69 32 13
62 21 33
17 30 11
50 32 38
4 3 11
65 13 6
56 8 19
16 23 33
52 23 34
27 33 31
59 13 19
4 17 27
8 20 4
25 13 22
44 12 31
35 9 9
64 4 8
66 26 11
7 30 3
61 6 18
47 29 12
41 35 12
42 7 27
1 15 22
21 2 34
40 26 29
59 25 34
47 16 30
65 27 29
76 29 15
39 1 16
66 30 31
26 15 35
70 2 14
6 9 39
63 13 27
78 27 17
5 4 12
38 12 34
53 3 19
43 30 28
66 19 5
18 29 16
21 16 16
22 21 34
20 33 18
53 31 38
77 4 29
59 16 35
24 6 22
30 33 23
30 17 13
23 20 17
44 6 33
5 27 4
53 31 22
53 24 15
10 34 10
62 9 33
49 7 22
9 14 22
45 17 3
3 25 31
28 14 2
40 34 39
24 16 14
18 28 18
48 2 35
7 33 34
75 15 29
3 32 5
5 17 11
24 19 10
64 1 38
10 1 29
80 34 4
20 33 29
68 32 36
49 32 40
19 6 27
30 25 26
22 10 20
41 34 24
46 4 18
4 24 35
18 7 26
40 30 13
49 2 19
3 12 16
21 24 5
47 11 19
70 28 33
69 33 40
2 14 36
20 15 16
12 26 12
12 19 5
59 27 20
12 28 8
8 22 19
54 28 12
73 4 32
67 26 4
39 19 39
42 21 38
83 28 6
32 31 32
36 10 21
42 32 28
24 28 28
57 6 5
75 10 13
76 24 35
72 25 34
82 16 3
34 7 12
11 25 7
59 24 4
8 7 37
39 5 25
54 35 38
62 26 19
70 16 33
33 22 38
72 14 1
50 13 17
1 21 29
41 12 17
30 11 26
48 35 4
47 15 12
45 29 21
24 24 23
2 7 15
81 29 6
38 30 14
73 2 9
76 23 15
56 4 9
2 15 9
43 22 11
30 25 7
80 28 35
21 20 13
37 11 6
4 7 31
13 8 23
14 8 1
48 6 5
44 21 40
83 23 27
11 7 25
18 23 31
41 6 31
58 23 27
30 1 32
7 11 16
30 16 24
9 18 26
78 35 14
9 13 38
72 24 13
74 14 29
83 6 39
8 16 19
28 26 20
56 29 24
28 8 30
29 25 5
10 26 6
13 21 14
70 2 39
83 3 21
59 3 22
53 30 23
17 27 38
30 5 10
66 29 27
14 21 3
43 9 21
67 11 22
55 24 32
63 7 17
38 10 28
60 22 15
42 22 26
8 21 33
82 33 39
13 6 28
15 19 27
9 4 32
70 3 5
32 28 37
78 26 35
77 29 30
33 32 15
63 27 38
55 19 9
33 32 18
44 14 32
36 35 2
10 15 8
43 5 40
36 22 19
30 12 29
39 34 32
64 30 18
44 18 31
3 29 10
54 9 16
36 34 2
16 19 3
33 4 37
1 33 9
36 14 20
28 17 37
26 34 23
20 4 34
44 30 14
11 30 37
57 17 12
79 8 29
68 13 1
21 2 40
32 32 35
61 11 22
68 12 26
62 6 3
82 30 21
54 14 36
47 28 5
18 27 17
61 35 33
20 26 2
21 8 17
73 4 4
41 4 40
16 19 20
22 18 29
23 5 14
55 7 33
42 17 21
14 19 32
71 7 33
10 27 17
10 10 3
64 3 40
77 18 34
46 7 4
19 27 12
71 18 14
77 30 21
45 28 31
9 32 8
63 20 9
74 12 37
10 28 15
8 4 18
28 15 25
52 16 16
17 13 36
14 17 18
36 30 26
15 20 3
71 32 4
74 28 28
15 14 29
5 19 7
56 15 10
73 26 6
80 31 1
41 12 17
37 12 1
50 19 6
23 9 2
13 17 1
20 2 12
2 27 5
67 8 26
17 15 17
69 9 23
69 6 28
46 31 30
53 34 36
43 7 19
31 2 28
81 6 16
48 10 6
6 5 22
42 28 1
21 2 3
73 10 16
35 27 37
63 33 6
17 29 37
82 5 8
33 20 32
79 27 37
20 21 11
16 6 13
73 25 19
37 6 21
14 27 40
9 24 40
79 3 39
71 23 21
32 3 27
12 33 38
7 13 12
39 23 24
41 34 29
52 19 3
5 30 28
33 26 5
3 22 20
74 31 15
10 27 15
59 27 8
14 23 37
59 16 8
24 10 24
74 29 29
12 20 39
51 4 24
37 19 30
41 29 20
31 19 17
25 20 1
30 12 38
46 24 14
42 28 17
53 20 7
18 1 6
19 14 22
22 6 17
17 20 7
63 19 3
24 25 19
19 18 38
67 1 24
65 19 20
31 35 21
68 9 13
21 23 3
57 28 26
48 12 40
30 3 37
4 28 31
62 22 5
49 23 12
76 27 7
10 4 4
52 14 21
70 12 30
26 26 26
35 20 3
24 4 5
1 6 14
35 30 1
48 17 21
56 6 34
83 33 9
40 35 26
77 9 6
56 19 39
79 15 9
58 9 7
33 15 28
31 5 19
73 24 22
19 7 29
76 32 11
32 15 13
37 16 28
79 10 34
77 19 6
69 27 34
73 7 12
9 26 17
71 15 38
82 34 19
41 35 34
27 3 7
12 4 26
20 7 6
82 14 38
83 8 26
68 31 33
68 19 8
70 16 15
53 35 3
78 8 27
83 34 10
82 26 5
52 14 28
5 13 27
10 12 35
65 9 29
12 11 29
48 35 8
25 26 19
47 22 29
28 7 3
18 17 23
8 10 34
12 9 24
66 15 30
65 23 15
64 12 31
46 7 38
45 3 12
35 19 21
23 17 32
50 29 35
62 18 31
79 29 13
31 19 14
52 20 8
75 5 40
5 20 14
61 34 13
77 8 27
18 5 31
21 4 36
73 10 38
5 32 1
9 29 9
82 24 24
41 14 4
58 34 5
79 8 35
67 3 14
43 1 25
39 28 16
11 30 4
56 29 23
73 23 10
71 16 28
62 18 16
4 4 10
52 5 12
51 6 24
3 23 36
26 18 37
58 35 38
72 26 22
78 16 36
6 17 39
31 22 21
52 19 34
69 30 27
1 10 19
58 32 12
37 32 30
61 1 34
49 4 36
3 33 26
27 34 28
75 13 16
41 30 32
28 28 36
11 30 34
68 32 21
47 17 23
6 8 28
43 29 15
14 23 2
10 21 14
15 15 29
27 15 2
55 2 20
1 31 4
26 13 38
21 21 20
58 12 1
83 8 30
13 11 15
15 23 26
24 32 3
23 24 8
79 5 18
50 6 20
57 8 10
36 5 17
60 34 26
71 4 25
53 5 12
64 20 21
74 14 40
35 14 8
83 11 2
14 34 4
42 14 1
70 33 35
61 9 2
13 2 29
78 33 4
10 20 10
45 24 21
11 32 26
3 7 15
25 26 1
9 35 18
25 10 29
64 17 32
30 20 28
25 34 25
43 3 5
59 14 17
75 28 3
35 31 11
49 5 26
56 32 6
24 25 1
62 32 34
37 3 8
76 29 17
18 28 12
21 32 23
28 15 6
41 33 36
59 6 30
81 16 37
58 8 18
11 12 33
80 19 32
14 7 22
34 5 6
20 14 23
19 28 7
63 27 11
5 15 34
28 26 24
44 3 14
73 23 3
30 23 5
33 9 9
31 33 24
34 35 22
29 19 22
13 25 1
49 7 32
3 11 36
53 28 28
64 24 9
15 10 29
2 35 17
22 18 4
31 13 39
62 6 13
67 7 37
52 16 2
42 11 1
61 21 28
62 10 3
36 32 9
75 11 17
39 15 17
43 35 21
54 11 2
47 29 39
51 14 23
68 25 31
37 22 6
34 34 22
73 18 17
63 24 28
22 14 31
60 30 8
32 26 17
67 26 34
54 24 1
76 31 15
83 3 35
73 26 5
18 35 22
10 3 12
39 21 40
7 28 4
13 14 25
25 8 8
47 11 33
71 5 40
12 33 8
50 21 29
79 12 39
52 31 33
14 29 39
42 22 10
60 30 17
64 33 39
72 4 1
53 4 17
32 23 18
48 24 20
49 14 4
61 30 39
66 1 35
39 23 11
55 4 38
36 18 25
38 30 16
13 18 40
49 34 4
11 18 8
25 30 32
12 26 17
10 5 5
43 33 34
10 33 38
80 2 38
55 9 20
43 13 36
70 19 23
72 6 29
22 17 12
82 8 39
57 26 26
50 27 23
13 17 10
32 26 24
28 4 12
37 34 12
11 15 34
18 23 27
64 34 24
25 3 6
35 29 9
9 30 7
79 10 12
82 23 37
5 6 10
41 2 8
18 31 33
74 10 28
8 19 26
3 16 39
51 3 8
83 11 16
14 12 31
15 29 4
30 16 22
31 12 37
9 26 2
6 3 20
2 23 21
13 6 15
2 3 35
22 17 31
27 9 23
69 1 8
35 7 33
59 4 31
28 4 29
66 34 1
32 23 21
15 24 31
10 20 14
43 16 8
47 8 1
68 15 13
17 22 11
79 4 28
28 10 24
53 2 5
55 15 20
30 15 27
56 18 17
46 1 23
60 30 22
33 19 31
48 19 32
47 33 15
19 20 27
17 17 4
23 7 33
14 8 34
35 22 11
78 7 38
27 17 38
41 34 29
65 15 28
39 30 23
22 28 2
51 7 8
43 19 33
20 2 7
21 20 25
2 18 37
15 26 15
13 27 35
61 19 9
23 32 2
65 15 30
44 1 19
42 22 10
7 32 21
26 15 21
22 27 32
54 21 9
13 27 5
3 12 17
10 22 27
42 25 15
25 33 19
47 26 34
19 25 1
38 27 11
29 20 19
1 18 8
64 3 33
23 27 26
43 18 28
18 28 10
57 4 8
10 1 17
57 20 38
83 28 3
3 3 16
29 3 32
31 12 22
53 5 37
69 32 3
26 30 6
64 16 3
56 15 22
26 13 11
56 33 9
39 14 26
40 30 4
25 1 22
44 33 3
80 9 2
74 25 27
13 3 12
72 18 33
43 14 24
9 16 35
6 16 21
47 15 1
77 22 36
40 19 18
11 18 20
69 9 12
46 11 4
82 8 10
75 11 16
43 2 27
57 20 16
15 24 9
20 18 4
57 15 23
79 35 30
72 13 3
38 12 29
14 5 21
44 20 18
28 25 1
50 22 28
32 3 37
2 13 31
72 23 35
3 3 24
58 12 34
12 8 19
1 35 8
13 4 23
34 34 38
27 11 7
73 16 32
34 1 25
62 17 4
52 13 15
45 19 19
24 12 34
57 17 23
1 5 1
73 18 19
32 31 19
34 5 29
46 34 11
66 34 19
70 20 30
28 23 19
60 9 35
81 33 19
10 9 18
70 17 13
2 16 25
53 18 13
79 29 26
1 22 37
8 27 39
35 31 11
9 5 29
27 19 38
37 3 28
20 25 27
29 18 11
4 16 31
51 30 8
73 7 12
38 34 27
81 8 23
43 26 30
40 21 24
38 2 14
34 22 40
46 4 34
44 4 20
82 14 7
57 23 7
50 4 31
25 14 1
25 16 29
34 5 10
20 7 18
5 8 7
9 21 13
66 7 4
40 33 3
81 24 19
69 22 15
53 2 8
65 28 18
35 4 9
50 16 37
40 31 13
11 10 10
46 5 28
44 13 11
32 5 18
2 15 27
77 23 3
59 5 38
11 35 12
18 28 27
79 30 40
14 18 32
65 4 31
38 15 4
13 5 34
17 15 24
2 13 40
5 34 6
41 32 29
9 2 4
21 23 20
26 31 8
60 34 29
27 28 37
9 18 15
59 20 7
64 2 3
59 25 27
79 23 15
75 17 32
65 6 5
60 29 34
54 7 35
6 19 29
23 13 6
36 16 7
50 14 17
19 32 18
71 8 27
70 22 9
14 5 6
19 20 34
4 27 33
71 4 4
43 14 28
14 19 20
45 29 34
34 14 4
69 33 12
62 28 12
30 33 4
69 24 35
71 14 16
73 8 21
73 29 27
67 12 29
19 14 14
12 31 1
9 9 40
20 15 13
49 10 17
21 9 35
55 35 3
55 5 17
24 32 31
3 22 15
49 11 32
18 25 39
39 20 36
41 10 6
75 34 19
83 10 32
50 24 7
59 1 37
50 16 27
64 33 16
3 3 14
11 16 9
15 32 6
37 29 26
50 23 23
7 32 33
18 14 25
18 7 15
51 14 33
13 6 5
61 6 2
52 28 25
14 18 37
10 34 36
59 26 16
66 25 36
50 33 21
79 3 25
25 31 6
70 2 29
66 13 17
33 1 18
24 33 5
30 28 9
57 4 19
29 13 16
27 6 37
18 10 26
22 29 13
29 4 6
59 9 7
9 11 16
56 11 31
73 13 19
69 18 1
29 22 8
36 14 5
28 18 10
5 12 2
59 13 37
15 9 24
3 5 29
7 10 13
82 3 32
67 23 32
37 13 28
3 1 4
17 7 28
16 27 7
20 21 10
9 27 13
17 8 3
56 21 15
76 13 12
61 1 15
54 6 12
37 25 4
57 29 19
28 35 5
13 32 37
18 1 11
43 14 31
50 25 37
27 19 3
4 9 40
27 16 15
9 6 24
35 32 24
69 33 23
5 8 17
16 12 11
4 15 32
62 34 3
60 24 17
68 26 25
43 33 32
40 6 3
15 35 31
66 7 3
63 23 2
64 7 19
33 21 29
79 3 11
78 17 22
76 35 25
76 16 11
10 28 3
45 9 36
22 34 11
82 20 32
19 16 18
5 28 24
3 2 16
60 20 10
52 25 29
71 1 16
56 1 6
33 1 38
47 4 15
40 30 21
58 15 36
73 10 12
6 31 10
23 30 15
36 6 38
50 13 36
62 32 37
73 26 32
71 34 32
57 22 34
47 27 10
36 24 25
16 19 36
77 27 18
69 18 23
34 14 21
58 21 5
48 11 5
80 7 17
59 33 36
6 5 15
70 4 8
64 27 27
1 7 20
22 21 9
20 19 40
48 29 34
72 15 22
69 27 28
68 33 17
68 28 5
34 32 31
58 5 20
38 19 34
38 4 10
74 20 20
83 16 12
35 32 4
44 30 32
54 12 11
3 12 4
76 11 20
63 20 19
37 15 17
19 22 1
2 23 8
50 9 8
18 4 25
23 16 24
46 20 25
69 35 13
69 8 13
38 3 18
61 19 39
73 24 7
27 25 16
12 27 38
9 19 11
21 34 34
43 11 9
63 1 36
15 1 34
3 26 38
79 9 31
61 16 26
59 13 14
61 24 10
25 8 10
68 2 36
52 26 3
2 17 13
31 15 29
72 16 9
82 13 21
64 2 37
77 33 21
32 29 28
25 33 9
14 14 6
58 15 30
11 4 22
75 6 17
30 21 14
59 10 31
26 23 7
83 15 20
40 12 19
30 2 25
47 4 14
17 23 13
23 11 16
18 26 11
81 9 22
26 4 36
55 21 22
55 11 15
61 5 5
24 33 31
48 4 31
40 25 32
83 27 29
3 17 6
66 30 6
76 1 35
52 30 6
77 9 28
36 31 24
1 16 19
71 6 18
57 30 34
62 24 21
43 2 26
36 22 17
9 4 1
39 23 8
41 18 32
52 3 33
14 8 36
57 5 38
33 4 23
27 30 29
61 13 33
9 14 19
26 18 21
76 26 1
69 1 36
27 11 34
26 33 31
62 28 2
29 25 23
65 2 32
79 4 25
75 3 33
61 33 13
71 31 36
4 4 35
64 9 9
66 1 39
57 20 2
81 1 26
68 33 1
56 31 39
40 10 22
53 7 15
55 23 15
38 27 11
71 12 7
28 6 34
45 35 38
33 24 4
16 3 35
77 19 33
51 10 16
74 24 20
34 17 30
79 9 37
72 21 16
81 34 5
12 31 32
26 14 36
13 25 5
43 6 25
32 6 1
76 27 34
66 23 15
16 10 32
60 34 32
27 27 39
7 23 3
72 31 24
42 21 19
70 19 6
77 9 11
64 29 8
22 3 5
32 10 12
