76 23 3503 2264
194 3309 1400 671 2568 4652 1450 1385 4444 3984 2781 2983 3756 269 3571 1091 3953 2284 3767 253 1989 2527 2087 
2609 3770 643 3903 2402 177 2586 3443 2712 127 455 3489 725 4477 4486 4027 4098 83 3258 3585 2637 258 881 
1539 4621 3301 1501 1779 1285 4060 1129 4669 1505 2500 3937 3777 3797 3683 611 2941 2591 1506 4684 3549 3019 1578 
1848 1970 3593 2090 2268 3520 4248 607 3214 251 4278 183 4641 601 4063 2791 4571 457 493 3898 1520 2205 918 
4686 1978 2431 2912 3688 4212 470 751 3634 3652 4697 2257 2643 4403 712 1708 983 2572 3322 2932 488 3543 463 
2106 4287 4062 2692 3171 2532 1037 2868 3473 2308 2099 111 1985 3504 2234 2453 1329 599 219 420 1665 342 582 
84 1722 837 2627 482 365 1050 2267 2273 4716 4320 327 2207 4785 2824 1180 416 182 3668 2836 1300 1122 2112 
4368 256 2876 1484 649 3047 58 2472 3555 1605 3072 2854 4546 89 3305 2022 257 1080 4290 3307 391 242 122 
2317 2117 3633 2354 4866 2252 2550 581 3282 2429 464 1352 936 823 2305 847 3988 138 4469 1591 4345 2252 4055 
2384 870 1225 357 3663 2906 900 3275 2423 687 2426 1025 476 2579 276 1495 1640 3103 3530 1187 3805 954 1632 
3293 2739 2037 2665 2698 1274 4565 3406 3602 4225 2287 3664 3006 566 3838 2052 4392 4726 156 2166 1135 433 2000 
702 3017 95 514 1602 3281 3647 4418 3928 3551 894 1886 3669 1568 2108 3455 2615 743 1050 4847 2382 3596 2716 
36 3170 164 1230 2254 2268 585 2154 1482 4609 2137 577 4161 4045 3194 1252 56 4698 764 3998 4493 385 963 
3829 1603 4865 1589 314 3566 1064 1422 26 3415 4385 3869 88 888 255 2340 3975 2926 103 2437 2704 1281 802 
1734 1281 2523 4269 1683 3573 191 881 4451 1101 1444 1178 1077 1666 3501 1559 83 1745 1275 4650 1119 3119 1148 
1880 897 3342 3776 2294 1399 3153 1306 3253 4272 1438 616 34 2876 3299 2805 2012 186 4426 4770 4296 3227 4533 
269 4187 3398 1320 3118 983 4731 1454 126 4597 3001 3619 57 1384 1477 3853 2300 1046 2556 2034 4707 1002 2102 
569 1686 2903 1839 3472 1674 2291 3423 2227 992 4382 2735 1283 500 3630 3008 1794 3275 1849 584 2542 423 193 
2785 1809 2710 3438 1864 2100 2303 4376 1109 3570 3179 49 2545 230 4814 1590 1317 1785 2366 347 4769 164 1603 
3452 2350 10 2778 3290 3731 1481 2237 3902 1922 4651 4552 3474 368 1601 3032 2754 4763 583 4709 3248 3586 4199 
1611 2645 262 921 4255 1941 1671 230 3328 4240 2495 52 1254 2327 1369 1236 3177 1224 1808 3304 3119 2184 4035 
4894 1555 2357 1790 4013 4393 3753 189 4287 758 1304 3066 518 10 1594 1312 1743 3827 2358 2381 4692 2379 3681 
1583 3958 4263 698 3157 4683 2411 4603 3549 896 496 3278 655 2540 2081 2456 2856 745 1565 1227 4071 3633 2319 
338 4796 3353 1540 1899 2326 2589 2742 3188 4555 1587 4312 4511 2067 1919 2390 2326 1453 3292 309 562 2964 2701 
1618 89 1115 4025 3725 3016 2061 1032 1668 771 4824 3709 378 1683 2549 681 4518 3111 1230 4730 518 3143 3542 
4605 2168 1376 1323 3753 158 1206 2579 3089 4533 3355 2000 556 3607 4372 4592 2049 4444 1242 4873 4295 1413 3065 
2899 3901 4868 4181 2604 4145 52 639 1929 1664 4409 2306 3064 4792 30 3183 679 4084 52 2884 1148 3057 1570 
1480 4148 2975 3647 1063 404 3692 703 4277 3822 1014 1266 3771 1640 2066 3495 1901 1793 3852 1365 1120 4329 4833 
4068 201 2424 4106 437 1410 4134 4065 706 1416 4520 759 4743 2042 502 2871 3044 893 3647 688 2952 180 110 
646 4193 1210 803 4176 1329 1224 3171 4117 635 2370 161 1992 4047 3980 17 4189 1905 1477 4314 3052 3725 1450 
1726 1898 2636 2214 1994 181 4405 3057 2356 1423 3530 1373 3256 3241 2420 2096 1906 2023 2396 4212 1945 599 3731 
4480 4721 2396 150 4046 1277 259 715 901 2401 2778 4185 4787 4415 4258 4144 938 483 1118 2938 4691 518 1524 
1890 3888 2415 520 4327 2883 2491 1837 1336 2789 2735 2215 1629 3268 2759 2526 76 1764 3420 3712 1125 1441 3755 
1232 254 3519 4873 3352 2025 255 1691 2671 1755 3451 2664 3942 1756 2926 4345 2912 3849 3565 2743 4468 2880 2362 
3088 4453 1967 1805 482 4391 4064 1352 1937 3928 1841 1843 2424 2187 2824 1470 1807 3315 953 1376 4250 388 4717 
2649 1086 3617 1160 1541 1375 1228 555 2749 1379 22 4901 2840 2049 2704 1860 2333 3577 3677 2501 3219 4217 1199 
579 1492 244 3729 3425 476 1570 3144 4539 1322 948 125 3849 2364 2085 397 2414 4219 963 3662 4649 24 4429 
2474 2317 3546 1017 3928 4026 3666 1304 4372 245 3409 775 92 2924 579 1622 240 456 2710 2674 4521 3801 543 
951 2516 340 1403 243 3928 4153 1766 2388 2828 605 4746 4689 1192 2127 779 124 3312 4816 2627 3030 2492 3346 
4355 920 3218 2940 221 1983 1857 4641 2729 3107 3296 3378 1089 4373 1718 176 1858 978 3476 2814 1837 1203 1505 
2787 2921 343 4896 4885 4797 89 242 1085 4761 2847 4037 3963 2482 4175 1528 4403 3226 1192 2273 3408 1551 3868 
701 568 1841 4102 1431 1720 3271 855 3821 635 439 3316 1338 3714 856 1806 1930 2920 3119 1920 1796 2383 1343 
3654 1674 3913 4814 4029 2886 831 2509 3428 3877 3562 291 4293 3639 2790 3553 3069 4225 2650 1811 2184 285 4346 
2102 546 3194 1019 3909 3590 1282 1152 4803 3878 3812 1707 1606 2826 3993 2087 1609 3001 1566 2792 2928 3124 1650 
2395 2086 2252 1378 4082 2406 2580 2234 2830 2984 1855 4712 3071 999 1163 2951 853 2560 4228 4186 4864 2329 2305 
2392 3696 1936 4557 4713 3342 4550 3444 1398 1570 3634 4690 3178 4807 3485 477 3674 2274 3927 2456 2028 4843 4288 
2942 3921 4260 1390 2817 1047 1874 928 4052 1482 2027 1141 497 1025 4709 1601 2833 319 1375 409 2549 354 2401 
3010 447 1460 3630 1074 3761 1101 3164 3882 1807 203 2522 2946 505 3155 426 2296 900 1547 4287 1401 2483 528 
4605 1050 2988 4885 4400 4390 3022 79 1142 2392 854 3304 2588 1759 2120 774 331 4093 4800 4849 1776 2387 1254 
307 2717 228 1922 1056 1537 1006 2894 3955 3969 1106 731 371 2786 2454 4784 2013 2634 4656 4769 294 2417 2002 
4786 969 4839 4760 255 3625 1978 2931 3900 3694 1597 701 4770 4100 1737 1860 1205 1752 3419 2552 4743 235 1772 
949 181 70 2561 4032 2707 4335 3509 4426 3008 2315 3944 3400 4540 114 1468 2226 52 4173 2426 2279 3518 4544 
308 3520 2194 3714 916 1709 4524 3641 369 2877 3143 103 3358 1275 696 3524 3962 3109 250 2090 1138 3483 2230 
3239 2752 4458 2619 375 2068 2244 2644 813 926 3349 672 1245 461 4217 4271 3185 2655 1013 4819 4527 3618 608 
565 2039 1385 3948 2435 1194 961 4325 203 1315 4813 4273 2057 3531 3398 3949 2830 2093 3240 2802 1740 4342 2416 
851 4096 3668 903 1639 3939 3054 3413 2984 1059 2460 825 2157 4510 2547 4831 2017 4558 1024 1547 1331 2241 4326 
1648 897 2693 1468 1610 234 3065 1404 4846 3354 2051 2878 4022 512 4102 3861 1048 583 177 4010 4324 188 2741 
912 3202 1370 3667 3912 1023 1382 3672 4679 1365 1249 1733 4171 4675 4531 2893 3567 1189 3100 2293 3003 3535 4151 
2487 2282 832 1929 3642 2029 1692 2378 3334 3338 3246 4592 1440 3719 1866 3870 2592 1741 299 4553 4516 3170 2247 
969 4372 2063 3651 4479 4861 3668 4477 3353 4289 4621 2487 4330 285 3364 1718 1013 2871 1835 3859 1183 2827 4525 
274 554 1140 2529 3920 4194 1569 69 2023 1598 1513 305 4128 707 1594 1103 3611 1831 4085 4195 1566 1848 2364 
3788 895 2831 4285 1171 1297 3160 534 925 3142 4765 4024 576 1954 881 515 2747 3830 3746 668 3096 48 4764 
2654 3223 3184 1977 2713 2698 908 4287 3803 944 2374 2837 4649 3795 926 3105 2173 3535 3234 3482 1719 2811 48 
2647 4520 4606 4489 3658 4035 2164 1839 3155 595 1845 1396 1655 892 3392 3714 3517 3356 3616 1845 3452 3795 878 
812 2041 4732 2009 4561 3730 3895 3759 3656 1580 1773 4257 3908 1548 4192 2122 2428 3993 4237 25 3697 2010 3853 
625 2946 4708 4498 3020 4040 581 4357 3794 1022 4227 4571 2794 4894 1811 561 173 3154 779 289 1928 2599 2986 
4348 3550 1858 3015 284 1420 1012 1813 2705 4869 1353 4906 1839 4125 1260 310 3242 3309 4360 3385 3741 4404 3996 
2753 2846 1987 4279 3331 235 1989 419 1902 626 2007 3733 4712 4349 877 3086 2819 1118 386 3324 2218 3064 4296 
2133 2524 3917 3509 3624 4443 2834 3321 3289 1787 1690 390 989 2518 1780 2016 1436 4026 4771 2965 3087 598 520 
742 4459 1660 4037 2121 3061 1334 3101 2562 2790 456 533 3040 4383 2416 4854 1118 1831 1350 1277 834 3457 2648 
4380 2666 419 2536 4375 3668 4880 2586 4639 3903 663 2560 2720 1114 3384 666 3605 312 3370 1056 2465 2089 4892 
1700 709 3011 3334 4811 4679 3360 3578 1907 2372 4088 4859 3949 2735 716 4517 4108 1412 3148 746 1870 196 4244 
1451 318 4279 3209 1249 2483 1279 773 1718 2294 36 2931 4792 1621 730 3752 514 938 1406 3550 4306 1325 1138 
3775 3893 1246 344 1154 1817 3236 3657 1694 215 1476 309 4743 193 2231 2629 3666 1500 1954 4447 4131 1047 2692 
1130 813 2952 2849 1798 4099 4638 2602 1959 1511 4162 397 4695 2301 4020 4587 3363 4242 1496 2128 633 389 1140 
1570 572 1043 4530 4462 1599 1803 372 3499 363 4872 3193 4643 2704 4841 4751 1351 3196 2253 4630 2652 1267 808 
34 5 15
51 2 31
51 13 33
22 10 3
65 20 38
19 9 19
9 15 12
69 12 19
59 12 33
36 13 34
7 19 29
57 21 10
72 21 14
10 4 36
60 1 23
59 19 24
72 21 27
22 9 8
18 11 3
19 8 40
16 10 31
6 7 11
62 11 30
71 5 32
74 14 40
65 12 23
28 15 9
19 10 34
15 8 15
11 6 40
74 1 27
60 12 12
24 1 5
46 15 37
44 5 13
69 19 27
19 18 15
39 13 16
45 5 32
28 8 5
64 2 23
22 2 35
29 18 18
55 16 27
44 18 2
43 21 11
44 5 29
41 16 19
1 12 17
9 7 36
30 6 38
52 5 32
59 9 13
44 13 9
46 19 30
2 11 8
14 12 24
46 18 16
31 5 14
54 21 6
11 2 32
63 18 28
54 11 26
21 16 5
54 11 4
72 8 2
56 19 16
65 9 14
64 21 5
71 12 6
39 10 8
51 13 24
9 2 7
46 12 35
73 20 32
22 12 31
4 17 13
10 9 13
13 5 33
55 21 38
55 12 18
36 17 4
29 10 38
24 18 25
17 1 19
10 4 16
42 21 32
64 6 1
62 3 32
8 12 29
45 1 27
5 4 33
40 2 22
1 10 15
21 21 10
12 15 6
10 15 35
29 20 12
32 15 22
16 2 13
73 19 20
62 8 4
47 12 24
23 9 38
43 8 31
64 7 14
54 20 28
10 19 11
41 6 4
5 15 27
32 14 9
32 10 28
5 12 32
49 2 23
68 18 38
32 19 13
52 3 32
17 15 10
41 17 40
29 10 26
56 16 15
46 9 26
27 8 19
26 8 35
61 19 26
9 4 21
36 9 8
11 5 6
73 12 2
11 17 39
61 14 37
6 16 31
51 14 15
39 2 5
10 11 14
73 14 18
31 20 26
61 21 16
55 20 6
32 3 18
54 15 27
36 15 38
65 10 5
56 21 36
70 3 39
60 21 8
68 2 2
50 7 30
67 8 27
21 4 16
40 3 5
32 5 13
58 2 5
44 7 32
64 6 21
39 13 17
36 7 4
61 14 14
50 16 7
46 16 14
42 5 29
53 11 20
7 20 9
29 12 3
64 18 12
10 20 37
34 2 23
69 4 34
17 2 10
22 19 30
70 12 26
44 16 18
22 19 19
2 15 14
9 21 19
14 10 12
29 20 22
48 21 36
46 2 34
72 20 3
18 6 30
20 3 4
37 12 6
73 1 18
16 5 30
29 19 19
56 18 31
16 21 12
51 2 32
52 4 16
24 20 31
3 10 3
66 3 6
42 21 17
50 18 38
58 19 8
38 3 3
19 15 31
29 1 16
25 12 37
50 20 20
70 17 32
69 19 1
20 17 36
65 3 5
53 7 10
32 8 33
8 19 4
44 6 37
34 3 37
74 20 25
37 16 22
16 20 18
52 4 1
43 17 26
67 20 14
36 7 17
21 10 33
9 11 8
68 3 26
22 15 28
21 18 14
58 6 28
49 18 11
8 11 24
20 1 32
57 7 32
63 13 22
24 6 19
11 5 12
27 11 36
14 21 11
19 17 8
34 15 7
9 8 18
47 13 28
11 4 31
12 17 6
51 16 35
44 21 24
19 14 17
12 20 14
36 17 40
6 19 11
11 7 32
66 17 14
46 5 35
54 8 6
16 4 15
53 20 22
57 14 39
29 5 33
11 21 8
26 13 6
17 2 9
30 3 26
71 8 32
57 16 37
16 12 21
40 3 39
35 15 6
2 12 29
2 13 1
7 7 13
36 3 36
67 5 10
2 2 28
69 15 1
16 13 20
71 7 40
37 7 34
35 19 16
26 14 25
64 19 33
59 9 30
57 10 14
8 10 27
29 5 37
60 19 30
59 7 37
28 2 30
59 2 23
47 11 35
21 21 28
38 5 34
36 3 13
1 11 30
6 2 31
43 5 3
74 11 40
33 19 29
69 9 38
51 16 38
54 19 7
6 13 30
52 17 25
12 10 36
27 19 11
70 3 28
16 21 30
16 9 12
25 19 23
41 2 15
47 3 27
69 2 37
38 10 18
14 6 36
47 1 12
3 11 1
55 2 34
47 5 11
44 5 4
56 6 29
4 7 5
40 4 37
3 19 2
62 3 10
59 9 22
8 18 37
58 6 24
39 10 14
47 21 16
62 2 7
10 16 6
42 12 12
35 3 16
26 20 30
4 7 16
72 1 17
61 16 13
57 9 13
24 4 38
14 1 38
7 5 6
21 7 24
43 19 32
26 9 15
60 11 7
58 18 4
66 14 25
22 5 19
31 9 7
5 15 8
32 8 5
48 4 40
32 6 3
16 19 13
1 20 8
60 18 10
3 5 19
65 14 26
44 9 7
74 1 33
15 15 39
18 10 10
39 14 8
6 5 3
2 9 24
7 14 1
27 15 12
26 20 9
21 13 37
7 11 15
20 15 29
16 5 17
54 21 19
57 19 13
12 9 11
45 9 30
32 11 7
26 6 5
14 7 31
17 11 11
3 20 4
5 6 30
15 7 14
66 6 12
43 21 18
34 19 22
68 5 1
37 19 11
60 20 33
9 13 25
34 16 25
35 21 15
30 9 25
56 21 27
15 13 24
34 2 16
2 3 25
45 5 36
2 14 19
40 10 11
9 17 23
40 4 35
45 7 11
57 14 14
62 2 4
62 4 33
55 20 28
3 20 33
35 13 23
7 17 32
18 7 7
14 15 15
65 15 38
16 2 37
44 17 11
1 20 14
23 3 9
50 21 32
31 8 5
68 2 6
11 12 28
23 6 40
32 6 15
29 13 37
47 6 12
60 16 16
51 10 3
14 1 3
40 19 14
1 8 13
63 7 33
73 14 34
58 21 30
34 8 23
25 11 8
24 6 35
62 16 26
35 19 14
30 6 7
14 6 2
7 7 23
70 5 4
45 1 28
47 4 28
42 12 1
51 14 29
30 14 35
52 14 40
27 14 18
42 18 26
5 9 11
57 19 34
22 8 9
6 3 11
2 9 25
14 15 3
62 14 37
28 7 36
63 8 1
27 14 35
74 4 11
25 5 12
38 15 23
62 2 27
44 13 4
50 11 33
61 1 4
22 8 26
60 2 24
31 13 18
38 10 35
74 7 11
41 21 20
65 18 15
59 1 8
49 7 33
6 16 3
35 5 36
9 6 11
41 12 23
34 12 18
9 4 34
29 16 2
29 14 31
53 21 11
3 5 22
70 18 1
47 21 9
42 13 36
46 6 25
14 21 11
15 2 15
16 17 19
65 19 28
24 19 38
63 3 23
67 20 31
48 17 18
11 7 13
3 14 5
50 14 13
8 18 5
43 21 38
14 8 34
19 5 18
47 6 2
46 3 20
43 17 34
67 9 21
57 5 26
64 18 25
2 3 21
33 19 17
63 10 28
27 17 35
5 16 3
30 19 26
54 12 36
72 13 30
22 2 22
21 15 26
44 12 28
15 17 4
65 6 38
57 19 31
52 4 8
14 2 16
36 20 5
36 5 9
59 3 6
39 14 5
27 12 6
46 12 5
59 6 17
17 14 24
64 1 1
27 12 37
46 20 17
54 1 16
68 19 18
43 18 25
56 2 38
32 14 16
46 20 14
67 3 9
20 17 7
70 21 6
35 1 19
31 15 16
69 1 2
12 9 22
27 5 26
69 13 21
26 15 33
11 16 18
42 15 37
41 21 40
41 4 23
68 20 27
12 12 31
13 21 40
13 1 38
15 9 35
1 17 29
57 13 35
67 9 11
41 9 15
38 5 16
24 12 35
6 9 30
35 5 6
45 2 10
29 16 40
36 8 29
52 10 26
29 5 27
63 15 17
47 17 32
7 8 26
33 14 39
47 8 12
10 13 16
20 8 18
45 19 6
57 5 36
13 17 26
73 4 22
58 20 5
54 10 32
62 1 6
45 8 22
72 4 38
49 2 40
16 17 2
26 6 29
48 10 39
3 17 22
51 20 21
47 16 33
5 14 33
69 1 36
37 8 24
72 16 1
28 5 17
25 15 19
7 4 25
16 11 28
47 21 27
56 18 25
64 6 17
60 16 12
70 1 9
60 1 34
25 15 2
32 13 10
54 1 26
28 8 19
13 19 3
44 19 19
66 1 22
51 6 15
3 18 21
33 8 18
31 13 28
54 3 37
68 20 31
30 1 15
65 17 25
25 19 14
9 9 10
26 2 13
26 9 18
33 10 32
23 10 17
33 10 10
32 10 23
25 19 1
18 9 32
4 9 4
61 1 28
59 14 40
64 12 17
43 1 4
28 21 33
65 7 8
74 15 17
2 18 26
63 20 37
6 21 1
5 17 3
14 14 12
71 11 16
38 15 31
15 13 28
51 5 22
39 8 15
44 2 35
14 1 35
42 16 4
53 18 12
73 16 31
74 13 11
32 11 7
55 2 1
6 19 9
55 19 16
61 18 2
32 18 32
54 5 1
63 21 2
69 9 32
67 11 6
24 5 3
70 9 4
2 17 10
72 8 40
33 4 22
29 21 30
71 21 16
23 5 16
28 7 5
12 18 22
7 14 12
58 20 11
37 14 6
61 5 6
65 20 6
17 13 30
34 12 11
31 14 5
43 13 8
9 21 22
24 1 5
30 19 2
58 15 37
2 11 24
47 17 27
4 8 22
39 9 4
48 17 2
74 13 35
1 10 8
46 4 19
50 13 25
51 10 32
40 4 12
57 21 26
48 17 20
43 11 30
2 20 8
74 14 31
48 6 32
65 20 12
57 3 27
46 13 19
13 21 27
2 18 20
67 12 17
28 18 40
67 10 5
39 9 7
27 12 38
56 12 14
68 16 29
51 3 9
18 8 28
72 8 1
42 11 5
38 6 34
69 15 1
43 20 6
29 8 33
53 10 26
14 17 29
36 6 9
40 12 14
14 17 32
18 3 15
43 6 23
69 10 36
66 8 5
32 9 35
35 2 13
68 11 8
23 21 19
44 19 11
24 13 11
46 5 29
49 16 22
18 17 36
3 13 12
16 13 39
1 17 19
16 2 24
13 21 25
67 19 14
37 12 15
14 5 10
6 9 25
57 9 29
62 17 40
10 2 30
70 13 35
51 1 34
58 9 8
52 11 23
28 8 22
36 15 27
23 2 1
72 21 11
59 21 26
17 12 34
56 4 18
17 6 16
17 4 33
16 6 3
60 1 17
50 4 22
33 17 23
71 10 5
38 6 33
4 9 27
18 5 23
19 3 23
43 6 33
1 2 14
24 15 19
16 18 26
56 2 22
61 17 10
54 21 28
45 18 36
69 14 29
31 18 8
5 14 38
17 7 15
66 9 14
25 19 16
57 12 15
18 3 6
21 4 19
37 19 39
70 3 37
21 14 31
68 8 20
22 8 20
56 20 22
33 20 35
42 15 32
23 17 3
48 19 2
39 10 17
60 21 4
56 19 37
9 15 2
60 12 8
71 5 13
14 15 2
55 21 40
68 7 13
44 18 33
73 5 24
29 3 14
47 3 9
1 4 38
53 16 22
57 20 24
43 12 14
20 1 20
33 15 30
4 18 23
61 6 20
60 6 9
11 7 4
47 17 20
74 12 37
14 9 16
25 12 40
48 20 24
25 20 27
41 20 7
31 8 38
67 21 20
31 10 18
55 11 3
8 20 15
2 11 7
74 8 9
59 15 36
35 14 34
11 5 25
72 3 24
22 1 6
32 20 24
71 9 19
8 9 40
8 17 7
42 20 40
20 3 39
39 14 8
45 19 14
71 15 37
19 19 25
13 18 4
3 19 32
60 13 37
52 12 1
28 4 15
40 12 24
48 5 36
20 10 33
54 11 3
49 10 13
4 18 13
57 18 32
6 11 4
44 4 7
31 21 40
24 12 14
7 6 25
62 3 22
70 16 14
45 12 31
18 7 21
26 3 10
54 2 6
36 21 21
25 8 18
20 16 38
55 17 13
41 19 13
63 4 21
24 11 35
1 4 23
58 4 16
11 2 24
65 15 28
9 9 14
46 9 30
56 17 21
29 9 36
6 16 40
48 1 25
9 10 20
70 2 39
14 3 4
59 4 29
8 12 12
1 20 32
16 19 40
21 8 2
45 7 36
18 13 7
32 12 29
11 15 2
67 12 21
72 12 33
27 6 19
22 13 29
30 6 1
74 13 25
14 10 31
69 7 33
16 4 14
2 7 28
37 16 3
47 3 19
57 8 30
32 3 6
73 16 20
9 21 29
25 11 30
8 12 31
27 10 15
53 12 11
29 20 22
20 20 24
59 19 35
19 5 12
20 4 6
54 12 25
5 17 7
32 13 40
48 16 37
20 8 16
7 9 14
34 6 22
9 15 7
48 3 2
12 14 33
20 10 9
3 20 39
69 10 13
16 2 4
65 19 9
25 8 12
16 18 20
8 10 28
51 19 17
46 10 25
61 14 8
21 18 8
8 13 8
68 3 13
61 5 2
41 17 18
49 5 14
65 21 32
5 6 21
8 21 5
7 17 11
63 3 23
21 18 12
43 8 12
70 10 33
36 11 11
9 10 31
22 12 21
67 6 14
62 14 10
9 5 10
64 2 23
26 12 39
57 4 4
60 20 7
63 19 37
9 6 10
36 9 16
20 11 34
37 21 16
27 19 23
45 2 38
8 15 2
65 13 40
57 20 11
64 1 23
32 8 22
63 14 4
50 17 19
47 20 26
30 4 13
10 12 32
12 8 37
17 15 35
13 11 13
60 7 35
31 18 30
31 17 30
7 11 10
50 16 24
64 14 14
69 12 39
40 20 36
8 12 19
30 21 10
21 11 39
47 1 31
42 20 14
72 16 26
5 21 33
49 1 9
54 6 22
35 1 32
70 13 31
46 18 22
59 5 11
2 20 38
31 9 14
68 6 16
42 21 7
60 10 10
71 4 23
24 17 15
40 19 35
45 7 39
47 17 32
18 21 8
56 18 6
67 10 26
61 17 3
66 3 29
39 19 3
14 6 16
43 21 27
62 11 29
35 4 13
17 19 1
12 20 3
10 9 3
14 14 30
64 12 8
46 2 39
33 17 11
74 11 4
22 18 34
21 17 12
31 17 38
55 2 25
8 19 9
10 15 23
63 19 5
30 14 1
15 10 20
12 3 21
30 12 32
43 5 15
48 16 36
15 10 32
14 11 33
20 20 18
3 3 16
41 17 1
27 7 7
30 21 12
74 6 20
66 17 18
31 1 13
67 21 25
67 3 6
54 5 22
32 20 4
1 4 36
19 19 9
2 19 36
72 17 10
39 18 1
74 5 23
20 7 3
5 8 4
62 14 22
37 11 22
45 12 12
13 15 17
73 17 25
33 8 33
45 14 29
42 21 20
36 21 27
37 7 17
27 20 19
34 14 4
2 4 21
48 15 12
32 14 21
22 19 24
73 9 6
48 8 21
56 17 11
6 11 28
27 7 31
19 20 2
14 3 36
73 8 20
22 7 13
49 13 1
62 13 36
61 10 39
60 1 32
16 1 26
14 2 15
45 19 24
41 1 14
5 18 23
41 12 31
22 21 38
42 16 25
25 3 5
72 9 22
11 9 23
69 2 31
40 8 10
21 10 8
28 18 36
71 11 13
29 13 37
15 4 11
41 18 24
9 8 3
7 12 35
72 20 11
7 20 12
50 5 11
55 21 18
7 3 5
62 6 29
65 8 32
2 16 38
7 12 13
8 7 25
7 18 18
68 5 24
71 17 31
63 11 19
74 11 7
31 20 2
73 12 35
22 19 12
6 3 32
56 4 31
58 16 26
14 7 36
65 17 11
65 4 3
58 13 13
32 9 6
55 15 5
61 9 6
40 1 21
36 1 1
19 14 16
24 1 25
49 15 12
55 19 11
52 5 17
33 8 26
66 10 40
72 11 1
6 14 12
16 20 18
9 17 28
63 21 8
70 18 19
39 5 30
28 3 6
61 9 33
27 7 25
46 17 38
53 6 34
36 6 17
29 11 31
61 17 30
15 15 23
2 5 40
44 10 1
69 18 37
23 21 9
65 12 8
48 10 25
42 20 19
32 20 1
40 4 33
2 10 34
12 13 35
58 13 27
63 2 33
52 8 36
30 10 26
69 21 29
2 10 11
69 16 1
71 4 15
61 13 5
58 9 36
27 12 15
19 5 33
36 17 27
45 11 3
49 17 10
1 19 4
10 18 5
16 8 10
62 10 38
28 11 5
2 2 14
11 1 8
70 13 26
35 21 20
22 18 33
48 20 23
49 11 18
62 2 19
54 17 10
10 20 14
4 20 10
21 18 10
9 4 10
57 13 40
73 11 2
12 6 39
42 17 25
21 1 11
40 15 32
64 16 29
4 11 33
21 13 39
64 16 9
55 6 19
32 3 13
19 20 2
50 17 19
32 16 25
11 19 22
66 20 16
67 3 26
45 8 28
74 7 18
12 3 37
70 12 31
58 20 40
51 5 14
28 4 30
52 21 2
14 14 25
2 9 1
59 7 27
9 4 27
36 21 27
24 1 29
40 17 22
58 15 4
39 16 14
39 15 13
60 6 8
57 10 22
58 13 19
23 8 1
43 2 28
72 21 18
70 1 10
20 14 18
7 10 29
19 3 30
39 11 3
38 18 30
20 13 16
25 16 24
72 10 7
22 1 39
13 4 12
41 1 35
10 5 9
59 6 13
58 20 15
22 7 19
35 15 13
52 6 9
39 13 11
36 10 24
15 17 24
22 5 4
19 21 10
28 21 25
52 14 34
49 6 4
67 3 18
12 19 9
24 19 29
52 1 3
21 5 27
66 10 5
12 9 31
22 2 26
15 14 35
54 11 2
33 8 22
16 7 37
71 12 33
26 11 22
33 21 6
25 20 7
27 19 4
51 20 8
37 21 26
21 17 30
19 17 26
26 20 33
4 14 11
24 16 31
31 21 2
37 17 23
20 17 6
64 17 26
55 21 12
39 11 22
35 10 12
52 20 11
60 11 17
8 13 36
58 13 2
4 14 30
2 8 13
38 21 7
37 15 5
34 13 40
15 7 9
50 16 14
54 11 6
25 18 23
17 2 6
9 15 10
62 1 31
59 10 1
56 6 33
41 14 38
36 1 2
39 20 23
51 20 36
19 15 23
30 5 32
12 2 35
44 21 13
33 9 33
70 15 31
42 18 29
37 5 40
4 14 2
65 15 31
43 6 12
46 5 40
19 6 4
11 14 3
32 20 37
37 7 27
39 8 5
31 15 18
7 4 12
15 10 27
65 17 27
31 2 25
69 20 32
5 1 12
45 3 25
40 6 13
66 18 13
25 18 40
12 8 32
42 20 10
13 8 22
46 13 23
12 2 19
52 6 36
6 10 26
19 11 20
50 4 17
15 3 2
61 7 11
59 21 31
56 11 37
67 6 23
50 17 22
37 19 33
13 5 12
36 2 20
56 2 14
49 8 14
71 3 35
44 13 38
65 10 32
7 7 37
43 15 9
39 15 16
29 6 28
31 18 37
35 15 9
33 8 10
64 6 30
24 8 36
9 15 23
37 9 1
68 12 40
39 3 13
44 2 14
67 20 2
46 10 31
9 6 21
70 3 20
15 11 29
24 16 8
10 14 12
40 16 4
46 6 6
41 16 36
10 8 7
21 6 36
33 15 5
56 10 33
13 18 35
59 20 34
6 7 1
3 12 5
5 15 9
70 4 27
42 15 26
61 5 40
55 8 26
34 8 36
8 18 19
61 13 17
56 13 11
51 18 10
5 21 21
43 5 10
35 1 17
20 2 24
72 21 24
23 5 20
73 15 37
74 15 30
8 8 4
43 12 11
66 12 1
60 12 21
30 20 24
64 6 5
27 21 36
1 13 10
14 15 9
14 20 21
13 20 8
72 2 17
45 21 26
60 6 12
23 8 17
58 21 38
43 7 34
66 10 1
60 11 27
58 3 27
10 6 26
55 20 20
20 12 23
7 9 5
4 18 24
31 8 39
67 6 16
11 1 18
27 14 12
22 21 38
52 3 39
35 20 11
3 14 20
64 21 6
16 2 36
7 20 6
42 21 9
35 20 31
13 11 25
17 3 39
28 15 7
14 4 24
16 19 15
43 11 19
19 17 1
13 16 8
4 1 11
41 18 3
12 10 16
56 5 31
51 11 25
74 11 40
70 11 5
53 18 9
20 19 12
73 21 11
29 18 26
50 1 1
57 6 37
57 17 35
52 9 5
10 6 28
15 11 3
68 14 22
33 11 5
22 8 25
15 13 7
68 2 13
6 19 13
62 2 12
66 20 13
64 3 24
43 3 17
4 13 1
36 15 29
21 13 9
19 2 23
61 18 6
61 8 1
40 11 13
67 6 25
24 5 19
8 2 22
69 4 7
46 9 29
38 6 2
7 6 22
25 19 15
46 5 25
28 16 13
65 9 39
64 21 18
65 4 7
69 3 15
71 10 18
21 11 30
38 7 7
17 8 6
22 3 34
72 8 8
50 18 13
53 21 12
44 2 40
66 19 13
60 11 20
5 15 31
23 12 40
1 15 20
13 11 39
24 8 36
66 6 6
32 7 24
5 11 35
58 8 5
66 4 15
71 18 1
8 14 3
24 12 5
53 12 38
29 18 20
51 20 10
31 3 5
36 10 8
7 21 29
15 17 3
45 21 31
40 2 5
28 19 10
74 14 2
62 11 30
71 1 36
37 1 28
9 10 6
2 20 5
59 10 25
33 14 7
26 10 18
59 2 40
61 13 36
71 12 37
15 15 27
49 6 26
10 10 18
69 8 7
32 14 1
22 8 17
63 17 16
42 5 31
46 17 1
62 16 38
34 14 28
4 9 18
57 15 23
63 12 20
10 17 23
15 18 26
67 14 21
44 21 5
41 4 40
61 20 14
18 21 1
1 5 39
42 17 5
64 17 19
58 7 33
1 12 28
32 18 20
21 6 15
64 13 18
31 2 36
1 21 37
55 6 26
59 1 21
64 18 19
68 5 13
62 18 20
32 9 9
1 19 3
53 18 6
3 15 15
28 14 18
35 21 17
11 5 1
24 4 8
44 20 26
32 7 4
55 6 13
20 19 13
68 10 38
43 14 21
55 11 14
10 7 16
30 4 1
37 17 6
41 12 3
41 20 13
30 5 9
48 10 25
73 10 26
29 7 33
54 14 28
35 20 11
63 2 11
63 2 11
44 11 25
4 14 40
31 13 13
15 15 13
45 17 26
25 11 40
37 19 17
39 15 31
33 20 4
67 8 36
24 17 27
12 11 23
59 12 23
33 19 2
1 18 1
29 11 40
59 17 28
46 13 34
25 21 20
2 14 1
3 12 26
18 19 40
64 6 7
14 12 22
15 20 14
21 5 18
1 20 23
72 4 1
42 7 23
57 10 36
63 21 10
26 4 30
30 6 22
44 13 10
9 12 1
62 9 10
13 2 37
30 10 6
74 9 30
19 15 28
71 2 37
66 21 30
68 5 37
39 9 10
53 1 30
57 11 11
69 19 1
26 20 14
1 21 8
38 19 22
54 17 28
7 17 26
58 2 23
73 21 18
44 14 14
73 2 39
9 8 17
41 10 10
56 2 10
39 17 5
10 14 35
43 10 29
53 13 26
63 15 2
52 3 30
43 16 31
42 13 36
5 1 10
74 1 16
61 6 15
41 15 32
8 7 22
43 7 20
16 2 1
74 7 21
46 18 38
22 19 18
13 17 36
51 15 1
62 10 35
30 7 23
26 19 4
27 9 13
47 15 11
34 17 1
14 8 22
65 21 21
30 18 37
28 10 32
37 6 20
8 10 15
27 8 11
27 8 26
4 17 20
28 2 25
49 21 20
12 4 9
42 2 1
23 13 34
50 15 24
49 12 35
50 17 23
10 1 12
22 15 22
5 4 29
3 16 14
61 10 8
37 18 37
23 6 15
65 2 1
54 18 5
51 21 31
71 13 14
27 8 17
58 8 13
53 6 20
22 11 27
9 5 38
4 8 31
71 11 18
23 1 19
1 18 5
60 10 34
15 8 10
55 19 37
67 12 26
13 16 27
20 7 34
39 19 14
38 5 4
21 18 21
10 2 2
67 14 25
55 7 8
44 1 5
34 3 13
22 17 34
30 9 10
18 6 9
58 11 25
60 16 36
25 12 28
11 7 30
35 13 35
53 9 25
3 19 25
7 11 34
44 15 34
34 15 24
17 20 10
10 5 15
32 15 1
28 5 19
35 7 32
68 10 20
9 18 9
61 21 35
28 7 15
24 3 33
4 13 13
56 14 5
72 4 18
12 6 12
8 9 10
19 3 20
5 6 30
15 4 26
62 20 16
32 3 28
73 6 19
13 5 9
57 14 30
62 18 6
25 17 5
18 15 11
24 11 34
9 11 7
30 7 5
40 8 9
20 18 8
58 19 30
59 16 36
25 1 15
15 4 12
38 15 40
46 1 20
30 12 2
53 1 35
7 12 9
28 3 2
50 1 14
14 10 38
26 19 22
47 16 7
15 3 11
11 5 12
67 9 13
45 15 37
32 12 10
66 13 9
20 16 2
11 4 28
32 2 14
52 3 14
27 15 22
21 14 7
28 7 19
3 7 32
29 15 4
51 15 31
30 17 4
27 1 26
66 17 16
54 14 10
12 5 9
69 21 3
44 14 6
57 15 17
17 18 17
35 19 31
7 10 34
69 3 29
48 7 14
65 13 10
72 5 13
69 16 11
20 17 19
55 4 32
67 14 30
20 10 21
1 5 7
69 3 15
74 8 19
16 5 25
62 1 26
22 2 14
40 11 27
56 3 4
8 3 21
25 9 36
27 9 25
5 4 18
10 3 35
17 20 21
25 8 38
57 8 33
27 8 29
30 2 30
24 10 27
9 10 39
31 21 8
40 11 37
50 21 28
65 19 3
34 11 33
59 5 4
24 7 25
8 2 18
73 14 23
33 5 34
37 20 1
15 9 4
12 6 26
19 15 37
7 12 10
72 17 39
38 8 26
41 16 12
7 17 4
23 20 21
33 12 4
36 16 17
29 1 1
64 15 31
52 1 15
22 19 25
15 10 3
59 20 32
41 16 15
51 18 32
18 8 7
36 6 4
41 21 11
40 21 25
46 6 32
58 18 18
47 21 39
56 3 31
19 6 19
27 7 32
26 13 23
31 17 22
58 1 13
15 17 20
16 11 8
23 11 7
36 4 23
37 4 3
31 9 7
57 8 10
5 21 29
43 19 24
41 14 32
9 12 2
47 10 3
58 3 7
21 5 30
48 6 30
64 4 1
37 3 36
51 21 24
39 6 22
1 9 14
15 9 37
33 1 39
58 10 22
37 1 33
10 19 10
49 21 28
52 11 17
9 1 38
25 3 3
29 13 34
13 13 25
48 20 2
40 3 32
22 9 6
19 1 22
71 20 1
8 4 20
17 14 23
66 4 3
59 8 12
39 14 25
40 8 32
23 16 11
41 12 15
43 11 5
4 21 30
68 8 20
72 7 4
15 8 15
7 2 25
70 7 14
1 15 24
13 16 19
7 18 10
51 4 2
51 14 21
56 5 22
1 10 16
67 6 25
29 7 38
60 13 4
18 7 20
37 4 13
62 9 27
67 2 19
32 1 25
54 3 34
68 12 15
52 10 1
24 20 39
72 2 32
4 4 5
1 21 27
40 10 27
62 8 9
44 2 13
62 16 24
28 5 39
29 2 12
55 21 24
2 19 11
42 12 18
11 1 31
7 20 40
31 10 34
65 5 3
34 10 32
55 7 31
39 18 37
27 11 37
26 19 11
37 14 3
54 3 10
26 7 36
55 10 23
31 15 21
48 16 34
60 10 19
61 19 23
14 7 18
21 6 34
11 7 39
4 21 18
43 1 5
46 17 23
7 2 24
63 1 24
15 2 2
8 8 37
15 12 29
25 13 28
36 13 31
15 2 3
59 20 35
52 17 8
49 21 9
44 15 18
73 14 14
69 21 26
73 16 24
19 14 21
3 17 35
39 18 27
73 12 33
25 4 20
2 7 20
18 12 15
29 14 5
24 3 28
22 7 26
27 12 28
23 2 16
52 13 3
59 17 17
9 21 38
54 12 2
54 18 7
57 5 31
48 6 38
9 21 30
16 13 29
45 14 33
46 5 33
27 3 9
56 21 17
4 10 6
62 19 27
70 2 40
74 2 25
5 8 27
63 4 25
23 14 22
70 5 21
55 10 6
21 1 40
63 3 38
50 12 19
11 17 32
9 19 18
43 4 21
29 20 11
20 16 33
31 10 22
65 3 7
50 9 9
57 10 24
35 10 12
33 4 38
58 13 33
69 19 40
53 5 5
55 11 6
63 17 8
56 5 33
41 16 8
29 9 14
26 8 5
4 2 22
10 21 35
43 19 27
47 16 21
19 15 34
14 9 14
19 2 16
9 18 24
41 19 27
9 15 30
11 19 6
22 20 34
12 17 29
12 12 7
57 13 1
17 10 12
43 8 7
6 10 3
17 18 9
9 2 19
7 19 23
16 7 5
35 11 39
64 3 3
67 1 23
9 14 4
74 11 14
32 17 28
73 13 18
2 21 33
55 2 13
28 13 20
11 15 19
32 15 21
28 21 3
50 5 40
23 8 5
65 11 25
29 8 39
46 9 37
10 6 18
41 10 34
64 18 37
17 11 39
29 18 8
12 18 26
11 14 5
27 18 24
68 12 21
32 15 5
32 1 20
48 5 25
45 15 31
5 20 12
62 7 17
37 10 27
21 1 19
2 1 37
18 3 35
12 1 13
16 5 9
60 6 14
18 4 3
29 7 38
52 10 17
67 2 36
29 16 22
6 7 6
3 8 1
50 9 7
63 18 12
34 6 7
12 20 32
63 15 20
3 13 34
16 20 33
36 11 35
24 4 10
63 9 29
73 14 22
20 7 22
62 6 11
27 1 26
21 17 24
40 12 34
28 16 1
35 14 35
55 5 33
40 5 31
42 21 37
36 5 35
29 11 5
39 18 16
17 13 26
11 15 23
48 15 26
59 15 30
35 18 22
17 3 18
40 2 31
2 20 17
28 10 37
11 12 36
1 11 35
9 8 36
74 20 32
7 4 34
8 11 2
16 16 6
1 5 4
73 18 21
52 11 8
57 16 21
34 12 28
16 11 22
47 2 10
23 1 36
36 15 37
20 8 32
32 6 23
66 4 8
64 5 11
74 1 30
14 21 9
6 6 9
70 18 25
9 18 16
5 12 29
8 16 3
35 13 21
43 21 22
41 8 6
41 17 26
16 11 4
25 6 24
36 1 4
17 15 21
64 20 9
36 11 37
