86 22 2290 3575
833 3805 1536 1218 3538 4486 2880 3337 254 593 2611 4534 330 673 64 4034 2003 1896 4771 1761 3279 443 
3367 3259 4127 2140 2571 2554 2263 1043 2776 3372 3134 1181 4020 779 3013 4047 2040 3017 2395 784 4507 4614 
2592 1503 3964 3148 3958 4606 1249 2033 4695 2443 2732 4462 2566 3858 4864 4639 3502 1720 1745 149 1865 647 
1006 421 3254 122 3141 3412 538 4641 2422 54 4736 4666 4654 3433 222 3595 4706 4882 3787 2884 1426 4382 
68 2636 3270 334 4068 4148 1461 4392 2862 2992 4856 1370 3467 2200 912 2952 30 2814 2448 1360 2914 3372 
3818 3885 2072 1038 1276 442 4333 1632 644 1919 911 1162 3505 1511 4859 3274 2488 867 1753 3254 2562 427 
600 4445 3652 4874 3589 3110 32 3161 4616 2282 1304 3787 4687 4026 542 906 1743 4084 1266 4373 2853 3762 
4902 2015 4194 163 3908 3485 665 3793 3472 366 704 4440 4540 1435 2603 997 2285 1042 4809 3479 4720 3153 
2028 1516 3028 82 2374 3775 2729 20 1291 4681 1279 2456 1503 840 1284 4905 1668 4099 37 1955 2103 3552 
3172 3452 3949 343 2505 4693 2497 3468 1051 4398 2941 1287 3204 2783 4875 506 3130 510 4447 2072 2628 1926 
2259 1649 536 871 1439 1614 3280 2102 4312 3630 3827 2465 4143 1070 35 3291 3807 1203 3006 533 4381 4433 
3523 1537 2353 101 550 1195 769 3424 4137 740 4523 340 3652 1068 1851 3590 1098 3036 3455 20 252 2728 
3904 2742 1738 705 1803 2434 3487 3787 166 682 279 3519 466 690 507 1481 1074 2803 523 4402 1419 3483 
522 2003 2187 964 1081 3097 3628 310 877 519 4355 4472 205 2927 1620 786 4780 1949 755 4132 96 4815 
2443 4711 127 1905 3497 3428 1605 4302 4435 805 1185 315 2381 2261 1061 3462 77 198 1351 3881 4444 1158 
2180 1820 2726 4153 4879 4139 348 2018 3332 207 223 2745 2949 2433 3782 2265 90 3726 4240 4451 723 2406 
2580 123 84 1397 2802 4687 2409 4586 4485 539 4314 4205 2007 3525 4627 4506 4013 2701 3419 3985 1125 2671 
648 1988 1885 347 4294 1004 1341 1270 4159 999 3937 2762 806 4323 2589 1501 4455 323 1135 2282 4445 3360 
2983 1842 1385 1042 2140 1586 2119 3379 1841 1244 87 4105 4908 4528 3479 3270 3653 4332 3590 1919 822 2935 
3318 1020 1965 4328 3377 3412 3183 2791 4302 754 1740 4862 3528 933 16 2161 1514 1422 2850 1004 2590 4199 
1862 1044 3021 2263 799 2760 649 3103 3666 2050 191 2646 3274 4193 2287 1742 4479 1237 3630 4495 3493 3463 
2063 2625 4528 3961 2109 2237 4467 3906 4046 2573 3343 3819 2000 335 3332 995 780 4232 4221 1194 2151 1690 
2891 447 4882 4238 2171 1924 449 4516 1170 1271 2276 3622 2292 1560 2171 2444 4105 1278 1130 3945 4047 1080 
1419 3399 4786 483 3849 2887 850 3181 1273 739 1342 3586 230 4245 1483 3167 2328 2875 4229 4306 2696 4604 
2701 4386 3190 3400 4570 4197 3660 3492 399 1207 3840 392 3750 2186 875 1732 547 1138 4005 3283 4867 97 
2687 2944 2106 2104 4592 1188 90 2056 4694 71 3803 3861 1861 154 3979 1600 4065 3534 4513 1406 4455 2769 
2665 521 1385 2223 2569 2599 1717 830 3695 1823 4834 4592 523 729 4047 3980 97 3680 3700 4517 3509 566 
2895 1041 1602 2911 1990 2031 574 1699 2976 1921 2950 3020 3198 4439 2905 939 1270 464 554 3461 238 3184 
3351 3351 4138 3665 3405 1933 1248 1421 2209 3234 3653 4382 30 3502 721 1910 449 553 2048 1313 1349 2219 
2629 3240 4866 1925 2916 4608 1197 76 2540 4643 2712 581 1723 1052 1292 2011 3544 1270 1736 4459 4509 930 
3667 369 4836 2018 2517 1523 1994 854 2207 2671 1025 349 1496 2494 3920 1830 1259 946 2072 1233 1833 3536 
4480 2574 2294 2629 1663 2800 633 1744 830 2023 3749 4138 4377 3995 730 1523 1680 2090 1567 179 2718 2961 
3316 153 3406 2962 3736 531 2090 1097 2662 876 535 4042 4669 2821 1964 4472 462 162 690 373 3784 3301 
4356 779 4694 4826 604 4816 1897 1463 4406 3973 3584 3613 3530 50 3392 4566 2339 223 4515 366 2814 123 
4378 165 3838 2461 3528 1546 4603 678 2125 3168 1575 630 2181 3981 2216 23 3534 946 466 2646 3589 535 
2080 25 1788 3479 3443 4631 3951 3052 1523 4846 4304 30 3177 4580 2030 4708 1183 2453 257 2346 1880 3381 
1257 1162 3754 3261 2261 2862 4177 1982 4862 13 992 804 3939 938 2714 4786 760 3179 1152 4734 182 1553 
1964 1324 2740 1973 3229 3697 2515 4751 4336 2415 143 1341 2016 1036 2808 500 1583 2433 2617 2774 1404 2910 
1490 4413 994 240 291 4019 4803 1351 2065 4438 4400 1839 3907 1452 1736 872 2332 3434 1326 2567 2402 1782 
346 1320 4171 762 4573 1739 17 2008 4826 2725 1226 2273 914 993 2293 634 4642 1189 3106 2282 4439 2518 
2779 1525 4425 4818 4003 4839 4379 51 3939 2363 2153 1998 865 951 2288 877 4059 116 836 1657 897 908 
1487 683 790 3055 2981 1868 3474 1622 3965 921 4359 863 2012 3988 1574 383 2615 2805 842 2424 752 4633 
95 1082 1952 1450 3095 2196 103 1842 580 4265 3715 4897 4773 1898 279 4068 1186 3012 2781 1118 1979 4763 
4284 2408 3069 2963 830 3078 3336 3737 4729 59 957 2723 2328 4291 4366 938 35 3067 553 4421 2731 1916 
1322 3793 3971 180 3773 2922 4532 665 3207 3316 3912 61 2024 1386 4888 221 1969 4905 832 4198 4261 4152 
2702 4397 4169 1956 653 916 402 2779 762 3271 3252 4343 4223 3390 1963 1762 4246 3289 3067 4698 289 3901 
4157 4225 3448 219 3617 1879 1388 1998 3982 1649 3288 1786 3347 1339 2085 846 4253 3079 1716 2238 4886 1512 
4809 4479 3392 3333 1607 3420 2597 1082 84 888 1366 1602 4818 1742 120 4411 4744 405 4429 1805 1961 3780 
4403 3632 3288 4083 2726 748 2093 2149 2747 429 1316 3355 3844 801 744 1326 4125 4381 4332 844 837 1691 
1529 3019 1841 4720 1033 4154 4349 760 2013 4014 37 1834 2001 4546 214 2865 2728 1831 2780 4728 4669 2607 
3811 3097 1456 4786 2868 4815 1641 2147 1496 4749 4733 140 3845 1291 3665 2582 1848 3867 1534 1863 2116 2729 
811 1695 4189 357 2149 1869 4299 4202 2192 2283 1775 3742 1453 2590 4262 4196 1828 2734 1072 2877 1431 1284 
2312 4295 3643 1775 542 2477 3619 3506 3258 4439 4654 4803 1034 215 966 2298 4758 2888 3179 797 3428 4794 
4724 2952 3312 1449 2177 2540 4387 593 1122 2967 2367 3040 3504 4031 2229 951 3303 4606 3350 4600 4835 4159 
1695 139 2589 1512 845 4278 2401 1955 2700 2827 1734 4559 4373 3847 3929 2258 3482 2344 383 1823 2642 3235 
3487 3254 788 799 211 3615 2988 4867 3480 2283 363 3606 457 1306 604 2653 3636 3613 3224 628 4744 3138 
2945 283 584 3325 3050 1236 2561 2701 655 1796 3620 1170 1805 741 2648 1612 3037 1939 4900 2281 2979 1863 
809 3341 2479 139 318 2253 1826 523 1052 4156 3008 4352 1742 4234 3013 3288 4406 3492 4321 2058 2140 271 
4220 2896 3498 3354 526 4315 3299 2315 3065 1245 2569 1927 89 495 1521 3692 2630 3824 562 2435 1268 675 
4262 2967 1905 3913 3518 782 584 830 32 2877 2800 591 1460 4866 460 1269 1086 1102 2877 2722 2957 2544 
2920 4121 359 704 2998 1708 1283 2200 2037 232 3844 657 1500 4826 2124 1627 3677 1159 1898 1634 1643 1700 
3906 1839 4358 1656 3929 4637 1487 2263 4331 2375 4346 4288 2417 882 290 1613 143 4047 3935 3832 2942 1572 
2845 2775 2277 2255 1703 1834 3342 626 4396 4207 1559 4174 22 436 2327 4742 3688 2230 2647 1474 4776 4204 
1502 1814 4752 965 136 2940 2516 1101 297 4530 3534 3994 2283 2292 2445 2800 4095 3419 804 2392 3201 2729 
1522 331 3403 2937 721 4401 1647 452 1726 993 723 1787 4627 1327 3993 2131 3921 99 1297 429 1098 686 
4149 612 1999 2013 2746 2329 3492 4044 3006 1007 2212 397 232 1240 1238 4208 3774 4291 712 306 496 1916 
1090 4173 4169 3800 553 4259 163 412 2526 2631 2664 2215 3632 3303 2518 3211 2652 4798 2996 3963 2471 535 
1184 3990 4673 908 2309 2884 2872 2754 2470 4602 312 2987 3472 935 1882 352 2559 1550 701 1412 192 1829 
3565 976 3550 2479 377 2895 2421 3137 4367 2312 1698 1293 352 4075 4134 1799 3613 1368 4882 3407 1842 1092 
2599 4717 2770 1580 423 2756 1074 4475 3102 3033 2482 4836 1322 4545 2105 474 3070 2208 2646 1215 1379 2700 
2124 2122 4718 364 2279 4784 4035 3560 2925 1295 3611 4545 2025 3687 1933 2316 555 1807 4719 4310 3564 2727 
988 1287 4392 1180 1099 4582 1444 4633 2722 3500 914 640 3533 388 3251 2851 1904 4487 4032 1662 4824 2781 
2575 1104 3887 1552 1928 2448 3798 1026 1944 2709 3547 1744 3517 4102 4588 2194 2832 2053 1257 1244 1803 3170 
1092 1393 3563 2063 260 3165 925 2323 1828 1718 3073 4311 4516 4808 99 3612 4623 3326 4796 2953 3033 4226 
397 3837 3324 4745 1477 196 1423 3697 3534 2993 2110 1979 1351 3422 929 3603 2443 3688 4433 1578 522 4527 
2816 1062 3857 251 3636 1364 3635 2062 4532 3963 1844 1575 3508 1555 132 562 4264 3706 3744 651 291 2417 
623 1119 2364 3042 512 1005 939 4628 3929 3331 4010 657 73 736 1784 354 1760 818 4219 1968 3435 2714 
4885 3052 1851 2713 1253 4304 516 3091 3546 3558 2555 2046 2358 3888 183 4629 2027 930 179 4294 1732 4666 
2412 4556 3399 2945 3706 255 31 430 3009 994 3604 172 3428 3873 3638 925 59 4432 1625 2073 2912 2427 
1962 2367 1894 2727 2581 4306 4442 950 637 4878 3281 855 1592 2623 1026 953 3551 4229 697 3060 1194 3398 
4762 4658 4416 4062 1119 2258 3584 1620 491 4878 846 2902 4553 3597 3530 1335 3994 284 1037 4603 494 2489 
4086 2836 3407 3560 4130 4081 165 352 78 4612 4747 1328 326 4330 200 436 2972 726 1896 2393 3677 4317 
53 820 621 4476 1275 3351 4358 1514 662 2900 1458 3048 2394 743 2824 105 1292 1014 299 3883 3285 3764 
379 2473 2927 3364 3043 1510 3032 2751 3217 1971 3308 3337 3808 3508 4260 1808 228 1105 4218 2829 323 712 
56 4652 3462 2109 3866 4231 2378 3169 4529 771 1297 1382 2323 1634 3996 11 1226 251 3859 906 211 3046 
3976 1503 3366 191 3785 1976 1451 3943 3830 4274 4563 2122 37 1716 2708 294 1598 1254 1741 107 3392 4245 
42 13 10
39 15 21
39 4 38
42 19 25
60 1 10
34 17 31
55 14 21
72 19 37
62 6 26
79 11 10
55 17 32
18 19 20
48 1 30
33 16 35
11 15 27
16 16 4
78 5 39
61 5 31
42 19 12
76 17 2
30 13 15
71 3 28
70 5 16
83 19 17
62 9 24
78 2 2
21 10 2
75 18 36
43 13 21
75 13 5
15 14 31
73 2 38
39 13 21
14 11 24
37 1 40
48 1 5
44 10 31
52 17 31
31 8 3
53 1 14
56 16 33
57 13 30
8 5 32
75 12 21
67 3 33
15 11 30
75 8 6
40 8 35
55 10 26
62 20 35
78 9 6
69 14 31
70 9 22
65 3 9
51 12 12
65 1 4
73 13 17
60 11 6
30 10 4
9 11 33
42 13 35
51 1 23
75 2 34
23 18 26
2 3 14
61 16 25
2 17 16
84 6 13
51 20 16
17 2 40
20 8 30
4 11 36
22 15 13
77 5 27
2 6 33
67 3 8
6 16 23
74 9 17
3 16 3
51 7 16
3 4 23
47 19 38
84 1 36
23 8 23
55 5 19
25 15 26
30 12 33
5 4 5
22 12 14
62 17 10
3 6 9
39 19 39
48 18 18
7 4 26
27 14 40
16 18 3
76 14 26
18 9 19
58 20 24
32 18 27
73 1 18
21 12 24
2 14 11
57 1 9
23 9 10
57 15 4
71 2 20
40 15 1
23 8 17
77 20 1
15 2 6
14 19 38
45 15 23
57 8 32
10 17 29
5 18 16
64 15 30
20 10 7
7 11 11
53 7 4
13 7 38
57 1 22
81 18 12
3 7 25
18 7 27
68 14 28
40 3 2
25 2 16
34 16 13
14 10 6
71 6 21
37 8 6
69 11 1
6 5 33
31 12 15
16 20 5
15 14 27
72 1 31
80 7 17
77 6 29
10 11 12
6 5 31
80 18 15
73 10 6
48 12 23
20 6 9
40 12 18
83 1 27
75 12 33
80 12 15
13 4 36
11 7 11
9 20 17
9 7 9
29 8 17
48 9 17
17 1 3
79 16 35
39 11 11
55 9 15
45 8 30
64 6 10
77 13 8
45 19 8
25 10 19
51 17 13
6 12 4
62 9 8
52 2 10
8 3 17
8 17 6
75 6 7
30 13 7
69 7 8
43 5 19
64 15 17
25 16 20
65 3 5
68 4 27
75 18 8
1 7 8
41 15 6
15 3 34
9 17 19
84 20 33
5 6 10
75 14 21
38 3 33
26 19 31
19 9 36
56 1 14
35 17 16
26 10 12
13 4 31
58 16 18
32 2 2
46 13 10
31 6 32
48 15 7
45 11 19
6 10 2
3 3 17
2 2 7
34 6 24
4 1 19
84 4 21
26 13 30
52 20 16
45 19 25
19 1 32
28 19 10
4 13 34
78 15 26
1 14 39
9 18 8
15 18 25
32 2 26
74 10 29
9 1 4
65 12 34
23 2 7
22 11 7
13 10 37
76 4 23
38 7 9
11 6 3
72 7 3
78 6 15
35 5 29
27 3 36
57 20 36
64 12 14
65 3 36
61 7 16
31 3 17
42 10 33
14 3 6
49 19 18
16 4 4
57 4 32
10 5 39
17 9 27
79 11 39
60 5 2
19 8 4
37 15 21
49 18 14
51 3 9
2 17 23
21 8 8
67 10 7
67 6 5
4 2 37
80 5 7
31 7 8
80 16 8
20 14 31
84 14 2
73 8 2
56 2 3
84 9 28
27 6 17
43 2 35
57 1 36
81 10 27
27 14 21
67 20 34
26 14 2
40 20 14
71 10 1
57 9 10
42 19 14
25 3 4
40 12 5
56 16 20
80 14 37
33 11 10
31 14 11
47 19 20
82 3 10
59 8 22
46 1 17
69 14 20
48 16 2
18 9 8
20 15 36
2 19 34
35 18 12
51 6 21
58 13 32
1 18 9
5 7 14
26 10 27
42 3 26
70 11 17
80 9 11
23 13 38
5 8 24
33 14 10
23 6 24
48 18 11
56 8 40
39 3 14
16 10 8
46 11 40
62 13 21
30 19 20
65 12 8
23 2 37
20 16 28
14 17 27
18 16 11
28 9 4
32 16 8
12 18 10
69 5 17
61 13 38
10 5 33
22 15 7
1 15 30
49 13 40
15 6 5
60 10 40
17 18 36
34 14 34
18 9 1
35 18 38
27 9 22
35 17 2
34 16 29
25 5 17
59 14 6
24 13 8
13 12 4
23 1 30
67 12 15
47 5 17
54 18 29
57 4 6
32 12 6
56 15 16
64 12 19
67 3 25
70 9 30
14 8 35
38 7 25
6 5 20
10 7 7
75 7 34
65 19 40
12 8 22
27 15 9
68 19 22
6 9 32
12 18 21
72 5 29
49 1 38
79 8 2
73 4 28
37 9 22
11 10 5
44 13 4
50 9 25
44 16 3
16 7 32
41 7 36
74 14 37
4 20 26
39 13 16
1 4 23
21 8 33
72 8 24
23 19 38
47 17 37
42 12 12
34 15 29
40 17 14
48 19 20
63 9 18
24 15 11
50 9 3
12 14 9
20 5 38
14 11 30
45 13 18
45 12 21
2 16 33
50 15 30
82 13 24
55 16 16
46 14 30
83 3 5
32 2 23
82 8 1
38 19 40
28 2 3
47 10 34
2 19 28
35 10 37
19 12 18
30 7 32
30 15 35
15 19 38
78 20 24
70 6 36
6 1 38
44 2 16
26 20 23
23 5 1
2 5 40
81 7 24
83 10 3
59 19 22
50 12 34
51 18 2
6 2 13
55 11 11
33 11 26
61 18 23
26 11 40
24 19 31
29 9 16
73 1 4
4 14 29
65 13 30
56 17 12
45 18 28
53 11 2
29 1 33
54 10 31
74 19 30
28 14 11
3 16 18
55 16 17
58 4 12
5 2 38
46 16 25
63 3 37
23 14 8
61 16 5
37 19 24
11 12 24
12 2 6
58 14 34
73 14 18
79 19 16
77 8 7
14 4 33
9 20 17
44 12 31
48 9 30
75 14 33
71 14 27
64 7 21
59 7 14
61 12 39
21 2 35
84 6 25
50 7 33
32 2 10
49 1 8
30 2 31
84 8 10
50 11 8
83 3 14
29 7 15
7 15 14
69 12 10
58 5 1
39 2 40
27 6 29
75 18 4
80 8 23
2 9 11
52 10 37
66 9 18
36 13 32
49 9 34
77 1 36
13 17 7
43 13 3
40 15 32
37 13 30
20 7 24
74 9 21
44 18 20
15 17 8
83 10 30
2 8 8
33 4 24
34 7 33
63 4 27
1 8 25
12 15 20
16 13 1
6 19 23
58 6 7
48 3 38
83 4 1
37 16 2
49 10 5
11 8 27
70 17 37
47 3 23
47 10 2
66 7 36
11 8 9
84 4 16
56 1 23
8 9 34
7 9 21
57 11 28
2 16 12
32 12 8
46 13 29
31 8 16
6 3 4
31 2 10
54 10 24
68 14 14
66 9 15
75 3 23
75 19 8
13 14 26
69 13 25
6 12 34
80 5 35
49 8 8
2 13 37
61 13 8
67 6 23
55 7 11
57 10 39
56 2 18
10 13 18
65 19 38
41 10 29
59 19 38
53 10 8
84 6 3
22 4 30
75 1 12
43 8 5
71 18 39
41 18 12
6 14 16
49 8 3
82 2 7
23 7 2
56 2 19
73 3 34
46 20 1
7 9 10
16 2 5
42 17 11
44 18 31
70 9 12
52 19 38
26 10 8
82 9 22
9 3 38
14 19 6
26 19 31
66 14 39
1 8 32
11 15 2
47 1 17
70 15 39
48 13 11
75 2 19
19 10 8
29 8 11
1 3 34
15 11 9
12 14 25
2 13 19
65 8 7
36 4 25
1 9 15
11 7 3
51 18 30
23 17 6
49 12 4
44 4 25
8 9 27
65 9 19
71 18 19
70 1 40
69 18 20
26 2 31
60 10 30
35 1 9
20 19 10
20 1 9
63 15 18
6 19 8
72 12 14
12 19 19
56 6 18
47 19 6
44 16 31
5 11 5
43 6 27
51 18 38
66 20 25
19 2 36
14 10 8
76 13 39
36 14 26
5 15 34
52 19 11
13 16 36
59 20 11
42 7 18
14 8 2
75 6 28
40 7 29
30 4 17
54 17 20
70 16 1
6 10 4
44 19 28
83 8 34
16 6 38
13 17 35
44 2 31
82 18 40
25 10 12
48 9 24
48 15 27
36 15 4
62 17 13
43 13 25
54 12 30
7 12 3
65 14 10
64 6 39
70 14 4
55 12 1
69 7 32
44 8 11
15 7 3
34 4 39
78 10 1
20 4 27
38 8 1
56 6 1
67 7 23
52 15 4
54 7 11
64 20 4
13 2 37
23 16 24
56 4 22
59 19 18
49 12 16
49 2 27
31 8 40
73 16 20
45 8 9
73 3 24
31 16 11
83 4 18
77 4 18
82 6 21
5 7 1
19 11 5
74 2 27
75 6 8
4 5 28
45 7 3
23 8 23
69 18 29
59 1 29
49 20 27
26 13 20
62 19 22
45 16 9
83 8 1
58 6 37
3 10 33
15 11 9
59 1 34
40 9 5
47 18 39
34 11 30
57 10 32
2 18 23
76 18 12
54 6 2
7 14 30
28 16 13
7 12 26
71 4 21
35 8 33
33 10 34
59 12 31
27 13 11
3 1 15
78 6 29
51 6 17
11 4 24
62 3 10
66 12 5
10 2 18
56 4 21
83 14 18
71 14 9
48 5 28
22 5 33
36 9 13
83 5 19
5 1 5
54 17 36
15 3 16
13 20 13
75 19 26
34 7 35
67 17 7
49 1 16
17 10 17
57 4 17
84 18 33
83 10 12
79 17 23
83 3 29
75 2 3
35 1 16
7 1 34
70 20 35
49 15 33
2 8 22
67 9 13
67 1 27
49 7 39
73 18 24
71 12 18
71 9 13
49 5 10
60 9 27
22 12 10
24 7 40
30 5 4
76 19 40
70 11 25
16 5 5
3 14 29
77 7 3
55 15 38
5 9 9
2 14 38
50 17 15
44 18 10
54 7 19
75 9 28
11 18 12
33 13 23
15 5 26
84 4 31
57 18 11
63 7 7
41 1 16
43 15 3
66 13 38
2 3 39
57 9 8
45 17 26
35 1 37
2 11 22
50 19 22
28 10 11
83 20 23
1 3 33
58 15 12
20 10 20
49 7 18
34 15 32
21 12 1
33 9 32
76 7 15
38 16 26
57 2 38
64 2 32
52 14 30
28 17 9
80 5 17
35 8 6
52 4 18
69 2 35
6 16 12
32 19 34
11 5 27
26 3 5
78 13 22
62 6 18
81 3 31
84 17 10
7 1 18
4 14 24
16 17 18
23 15 22
8 10 19
21 16 21
3 1 6
37 1 5
42 15 8
73 15 28
39 14 23
19 8 24
32 13 12
83 20 18
81 6 17
22 12 30
66 8 5
27 10 13
51 3 30
27 18 39
4 18 17
24 14 3
43 16 23
33 18 3
65 7 40
49 14 20
72 19 1
40 20 18
17 8 37
44 20 24
33 2 9
23 15 3
78 10 17
63 2 15
59 8 34
26 19 40
49 5 5
63 19 22
21 7 10
59 7 28
43 20 26
68 14 25
76 16 23
69 16 15
43 17 32
74 8 21
15 3 38
61 1 24
62 15 10
65 11 30
28 9 2
28 16 26
36 16 33
22 19 30
46 1 40
63 11 16
25 15 23
14 16 5
35 9 10
28 8 26
42 16 13
58 18 6
4 6 31
19 17 10
81 12 3
76 11 37
13 2 15
39 2 40
9 9 8
17 4 23
4 16 2
56 14 34
28 10 2
17 13 14
2 3 40
62 15 1
32 7 12
25 2 9
47 2 15
66 3 6
49 17 1
81 12 1
6 18 29
57 5 12
75 12 39
25 19 26
50 1 36
77 20 15
11 2 39
4 16 35
25 15 17
77 10 38
22 6 1
13 2 32
45 1 4
25 10 15
25 10 22
4 8 18
73 1 3
52 10 10
30 14 13
67 13 33
2 1 32
45 12 4
51 17 14
56 5 15
70 2 6
60 8 22
20 12 22
67 2 30
17 14 27
39 6 26
14 10 7
71 3 40
44 10 3
50 14 28
4 11 36
4 13 14
49 18 28
37 5 31
19 6 40
11 10 1
54 16 25
1 16 7
43 6 23
59 12 19
60 16 13
36 20 1
7 17 30
75 5 8
62 12 27
27 10 22
66 2 21
48 15 40
35 4 39
46 18 18
52 15 16
48 12 24
51 7 16
10 18 20
63 18 25
53 9 8
36 14 4
3 1 17
36 4 32
82 16 5
1 11 7
1 9 9
4 17 22
44 12 28
44 2 27
67 11 27
13 9 12
11 1 1
22 20 39
21 18 7
33 5 29
82 7 35
45 14 25
67 6 10
41 7 12
45 9 26
6 7 14
12 2 9
1 20 39
63 7 8
72 20 19
6 10 17
5 17 30
46 10 37
44 10 39
53 13 5
21 8 18
36 13 23
33 12 14
28 1 35
7 8 30
28 4 3
72 14 5
47 5 7
54 9 6
7 3 10
75 3 1
4 17 35
41 18 29
64 9 18
73 3 2
32 15 14
1 8 20
66 7 11
23 16 34
63 5 7
80 19 19
75 12 39
58 7 39
26 2 5
38 17 3
30 13 34
27 1 11
72 20 32
6 9 14
14 16 39
38 7 38
17 9 16
11 2 23
3 19 13
69 20 37
26 11 36
34 12 13
32 10 32
13 9 3
65 14 10
31 19 28
52 9 39
16 12 40
64 18 23
40 8 28
81 18 16
48 9 18
71 7 13
42 10 32
47 7 16
74 5 24
6 18 5
54 12 26
24 12 22
12 6 16
48 4 29
16 2 20
2 12 8
23 8 12
47 5 4
41 4 36
82 6 40
12 10 18
19 6 17
48 8 13
57 3 34
4 16 35
78 6 19
32 4 15
30 13 37
49 3 6
56 6 9
13 18 1
84 2 6
65 3 16
11 13 9
83 5 8
55 3 2
50 16 29
48 5 8
27 14 34
16 15 31
52 13 21
38 6 26
14 13 32
40 19 40
27 6 12
29 15 15
11 15 36
4 8 27
20 5 14
45 12 1
40 2 4
56 14 3
49 12 5
83 19 10
41 14 39
31 5 17
21 20 23
20 3 17
84 20 11
66 13 6
58 7 28
34 13 39
81 1 30
66 14 26
80 2 5
35 15 27
51 3 22
41 18 23
26 9 13
9 10 25
72 3 15
80 5 8
83 15 30
11 20 3
49 17 17
61 18 14
22 15 39
7 6 2
29 17 21
60 10 33
35 2 20
73 11 7
16 16 11
54 20 27
49 4 36
25 8 27
59 6 14
43 20 11
4 6 32
61 3 19
77 11 24
27 3 3
22 7 40
28 12 29
75 9 29
13 1 9
27 20 13
50 6 22
11 20 37
84 3 6
38 16 2
69 19 22
19 1 25
72 12 20
75 15 26
79 11 9
49 12 23
27 10 12
14 10 19
71 15 3
62 7 7
78 14 15
56 1 28
53 15 3
79 18 19
56 16 14
55 9 35
44 14 17
31 11 29
69 17 2
16 10 12
73 11 28
22 3 28
63 4 9
84 18 34
22 3 20
30 19 23
14 4 14
29 10 18
21 20 36
14 1 27
80 17 16
51 9 29
47 13 36
29 20 31
8 16 19
81 3 36
43 13 10
1 5 7
14 5 1
62 3 7
23 15 13
76 3 23
83 6 19
65 3 21
39 1 23
32 1 16
77 20 23
13 16 27
57 4 23
61 6 28
37 3 13
53 12 11
3 13 40
64 15 29
28 8 14
40 2 28
76 5 34
57 20 28
13 1 40
15 14 29
61 7 5
7 3 8
83 11 33
80 10 35
35 14 25
21 11 31
73 2 9
23 11 28
60 16 40
47 20 25
61 11 39
59 15 9
53 16 22
24 12 32
57 20 13
68 10 11
24 4 5
10 13 35
15 5 8
50 16 33
78 11 13
2 9 28
29 8 22
66 11 11
45 3 38
6 8 34
26 2 39
26 19 40
56 20 35
65 7 12
36 16 1
66 7 35
47 8 2
11 10 40
34 1 33
24 5 36
66 19 1
56 14 4
29 16 24
19 1 12
33 3 12
64 13 28
18 17 6
56 15 26
16 11 1
44 19 39
51 8 36
79 2 14
32 5 31
37 2 23
27 13 27
28 6 21
21 13 30
57 1 14
82 5 8
5 20 16
82 10 36
34 15 25
60 5 3
47 12 23
54 17 18
14 13 27
23 9 16
21 14 2
9 3 15
77 11 33
28 1 28
17 19 22
57 9 13
69 10 1
81 17 38
56 13 28
28 15 34
17 18 20
2 13 13
9 20 15
77 9 13
10 2 13
64 10 6
26 4 28
56 11 2
34 11 33
6 13 37
30 3 23
29 7 4
63 5 17
12 19 40
52 15 25
75 16 10
28 18 35
36 16 10
39 5 25
69 11 27
24 11 39
10 8 1
29 9 40
39 4 11
1 19 14
7 11 39
53 16 12
27 15 15
46 11 1
77 3 7
26 2 30
38 15 38
84 14 37
28 4 37
60 7 31
21 2 20
26 20 14
32 14 7
25 15 30
16 2 8
7 9 30
81 11 12
39 13 27
74 7 7
53 15 31
11 19 32
32 8 17
41 14 4
80 7 17
39 2 35
27 3 22
55 17 24
80 15 2
83 11 25
35 12 23
51 9 11
76 4 32
61 1 2
48 7 15
77 15 32
45 9 18
79 8 36
33 11 13
29 1 35
46 19 7
8 17 30
78 18 8
25 17 16
13 15 18
80 10 35
81 7 16
83 14 34
12 12 29
49 16 28
50 11 34
74 18 39
84 11 30
11 1 7
29 17 29
72 13 40
16 8 22
41 2 30
56 15 16
64 13 12
9 12 17
17 7 39
35 6 13
68 3 18
10 19 4
81 8 1
7 5 32
62 11 12
82 11 19
29 3 2
45 6 36
75 6 12
37 11 23
16 9 8
63 9 39
17 12 12
84 4 20
53 12 29
63 5 15
84 17 26
51 6 1
3 19 5
41 7 7
37 1 27
83 17 25
72 2 30
7 7 39
19 7 5
33 15 8
57 20 30
61 9 12
79 9 40
73 15 35
31 10 11
22 4 23
27 4 31
56 2 3
24 6 30
43 15 27
36 13 1
28 1 10
18 2 19
79 16 8
28 16 37
65 9 31
69 20 28
69 3 20
61 13 32
4 18 38
63 11 33
37 13 34
38 11 12
75 1 25
61 5 18
40 13 30
53 14 29
55 2 22
36 1 19
43 6 20
50 14 20
20 4 37
60 15 40
8 3 13
33 1 25
63 3 33
44 9 34
36 11 19
17 16 31
60 18 38
19 15 10
83 18 37
46 10 23
36 7 16
83 13 6
63 16 14
34 20 20
46 2 35
20 12 13
57 2 31
13 4 33
21 3 1
57 10 10
35 1 6
29 12 33
10 4 21
24 13 8
55 19 39
61 10 15
57 9 19
44 18 11
76 18 9
49 8 25
65 18 28
8 15 39
56 6 20
23 6 20
15 5 16
51 12 5
64 6 23
49 3 16
38 4 9
5 10 8
14 2 2
35 4 40
63 4 23
16 13 9
59 17 2
70 4 39
38 5 11
48 14 28
26 19 37
36 12 3
38 6 9
74 12 22
3 8 35
19 19 5
52 16 37
70 8 38
23 10 37
50 8 9
22 7 21
64 7 39
17 10 19
40 12 11
67 7 7
57 8 11
64 5 2
33 7 14
23 10 18
19 7 32
51 9 16
80 11 6
26 5 24
54 6 37
21 6 7
13 8 39
4 2 20
39 8 24
3 2 2
8 3 2
67 15 11
8 12 8
2 19 7
40 8 25
66 8 4
22 18 26
33 17 11
19 6 30
63 4 2
38 11 29
22 11 9
37 1 10
32 14 23
32 4 11
40 16 7
53 4 27
38 7 5
42 8 5
53 16 2
19 2 20
68 20 36
40 13 10
6 20 21
76 14 23
28 9 10
40 2 14
14 3 23
84 11 20
11 15 2
68 1 29
54 4 40
26 10 28
64 16 11
52 18 11
36 15 3
76 4 28
20 20 6
63 9 34
26 4 31
32 4 31
75 2 39
80 11 29
16 16 35
57 16 34
17 14 36
3 11 13
64 10 6
1 10 27
5 7 8
65 18 26
8 14 2
17 15 18
42 11 18
24 14 10
56 9 25
1 5 28
71 9 17
11 3 16
10 17 3
73 5 23
78 15 33
10 1 23
38 12 14
44 18 13
73 9 5
9 15 9
66 1 32
67 19 38
54 6 6
7 11 4
38 8 28
7 2 11
69 15 33
66 14 11
28 2 21
15 11 17
63 7 20
4 14 8
4 3 33
9 7 18
22 1 32
19 5 39
40 19 12
11 12 20
44 15 14
64 19 35
12 7 2
81 12 7
32 12 7
67 4 24
26 13 3
14 3 14
69 15 26
79 20 31
6 20 28
10 13 34
59 2 26
56 16 38
43 5 35
77 11 25
58 9 26
79 13 28
74 7 21
77 17 27
12 13 2
30 8 1
4 9 2
54 8 37
77 5 4
59 14 32
47 5 3
77 8 9
28 6 14
54 12 36
65 1 34
1 9 31
19 14 23
80 7 31
45 9 18
84 19 8
73 13 14
16 7 36
75 6 20
73 17 13
21 13 25
43 13 12
60 2 10
51 16 5
73 14 21
58 16 10
4 3 4
84 10 11
33 2 25
17 16 37
61 18 4
58 7 23
13 16 8
38 8 21
31 2 4
31 20 33
51 5 37
80 1 2
23 13 16
32 10 20
67 14 33
52 3 22
8 5 10
2 18 20
17 7 5
64 14 19
45 12 28
46 11 40
83 9 35
52 15 32
24 18 11
64 20 39
37 4 12
80 3 4
26 11 24
43 18 31
23 14 13
24 5 7
72 7 28
37 20 24
60 6 22
53 20 11
12 6 6
57 9 31
72 9 31
84 4 32
79 1 8
8 6 11
16 19 18
23 11 6
57 3 10
80 7 9
24 13 11
58 8 21
29 12 9
61 17 17
39 18 31
17 12 7
6 9 7
12 10 21
72 3 15
31 19 26
51 2 35
11 17 20
48 14 2
74 12 4
78 4 29
55 14 40
46 10 37
78 5 25
64 6 26
11 5 25
33 13 26
47 11 24
42 9 10
16 3 20
19 11 15
5 15 17
5 17 39
23 1 22
17 13 15
69 7 14
71 7 26
35 16 17
51 4 37
43 14 2
14 17 31
52 12 21
2 13 30
66 3 24
9 15 4
47 2 9
81 10 31
26 1 11
36 4 4
36 19 35
3 2 29
7 20 19
36 13 9
47 11 35
65 9 38
35 17 13
40 6 21
51 18 35
10 9 11
9 12 35
76 2 31
29 3 40
67 19 3
2 14 27
6 6 22
36 14 26
24 10 40
69 13 26
53 15 6
1 15 3
12 9 17
44 3 26
4 14 18
74 17 6
51 13 1
21 8 13
65 17 13
19 8 9
26 15 19
62 8 32
66 1 14
37 3 7
3 6 30
51 2 9
28 17 33
21 8 31
42 6 33
82 9 40
36 2 10
34 17 7
78 12 32
34 19 30
72 10 9
7 5 9
34 10 5
9 10 1
84 1 12
77 3 13
32 19 31
14 1 5
21 20 36
62 18 5
33 2 6
56 10 32
71 6 34
27 4 2
57 8 24
45 15 39
58 3 8
77 4 32
71 4 20
42 11 28
32 8 33
48 13 3
30 10 3
81 12 29
84 5 8
12 16 4
78 17 26
65 7 28
68 5 13
60 6 16
65 3 19
19 5 36
19 20 35
36 12 32
21 16 31
12 17 35
31 11 36
69 13 6
16 6 5
31 14 4
5 15 3
1 7 34
74 3 40
38 14 2
35 3 19
58 15 1
59 18 4
80 13 8
44 3 33
50 12 36
7 8 6
30 8 12
11 12 5
30 15 28
43 6 31
58 2 37
84 16 38
26 7 5
36 19 26
43 18 20
72 7 10
17 19 26
41 9 32
67 3 3
37 7 21
7 12 20
14 12 19
38 11 20
33 5 19
10 16 1
72 16 17
57 7 35
44 7 18
35 11 17
20 5 17
23 7 10
45 18 30
12 20 20
53 10 26
55 11 15
73 14 20
52 19 3
6 13 26
47 9 5
71 5 11
30 4 23
2 7 26
6 7 20
66 14 30
78 7 15
17 13 28
32 12 17
37 16 6
16 12 21
70 12 35
74 6 34
1 14 23
14 10 19
15 20 12
16 11 11
22 3 2
15 19 31
74 9 14
38 15 26
44 18 13
75 14 30
43 13 20
77 7 4
9 17 9
82 20 27
56 19 3
28 5 36
24 5 13
10 18 26
45 11 11
63 12 40
22 8 22
13 10 4
80 20 7
16 16 16
46 20 1
83 10 35
28 14 10
21 10 21
71 11 28
82 18 33
81 2 9
6 15 13
14 11 16
19 1 12
26 17 20
63 1 5
69 6 16
33 13 5
32 19 18
67 8 22
75 17 26
1 4 20
71 20 20
33 7 37
47 5 11
57 14 26
24 10 6
15 5 24
56 12 11
54 10 4
20 16 22
3 15 38
25 19 5
57 17 34
66 11 26
16 10 21
36 9 25
26 3 2
79 2 13
2 1 17
69 7 14
43 8 14
84 9 33
36 7 9
71 1 33
48 9 31
45 18 20
47 3 11
32 20 35
10 14 33
40 14 38
41 7 39
13 5 16
50 5 20
20 3 22
81 15 30
45 3 29
10 16 39
40 11 12
4 10 19
69 18 11
10 20 26
63 10 31
30 8 24
39 17 16
67 16 25
40 3 27
63 15 30
72 1 33
57 14 22
61 4 34
33 15 34
76 3 26
21 14 39
76 8 10
22 19 11
77 11 1
63 7 10
16 14 39
84 10 9
75 16 29
78 20 6
1 7 30
8 10 16
47 1 9
47 20 12
62 20 22
38 9 18
73 10 39
8 6 10
20 1 16
82 8 22
24 13 31
78 11 9
23 7 34
11 9 33
60 10 3
8 16 12
62 16 34
76 1 11
19 6 23
34 1 19
53 14 12
57 14 21
81 13 37
22 4 6
57 5 9
19 1 24
53 7 23
30 11 10
33 16 12
56 11 35
23 2 22
80 2 18
41 8 32
29 17 3
31 14 12
83 14 38
59 4 20
64 8 18
56 6 14
5 19 12
32 17 37
69 3 2
36 5 11
32 2 20
68 7 12
3 8 21
28 6 4
80 6 9
56 14 24
84 20 38
68 19 2
81 15 34
72 8 22
7 16 17
84 6 9
51 10 14
57 10 14
54 16 29
26 18 29
6 9 1
78 14 6
76 7 6
2 12 1
52 12 7
23 1 23
68 6 7
31 20 17
44 5 4
40 5 35
59 4 16
68 2 17
10 11 12
40 12 14
20 17 40
67 14 17
29 2 18
55 12 17
15 16 28
22 8 3
70 16 29
44 14 16
3 9 7
70 20 16
1 15 14
7 7 33
3 11 7
17 6 21
84 19 40
22 14 4
6 14 19
28 18 1
76 4 33
18 9 16
37 10 22
10 16 35
50 2 40
3 11 40
62 9 11
54 7 23
75 18 16
16 13 13
1 15 9
53 19 3
22 10 8
14 7 28
77 15 28
55 8 7
12 11 32
80 14 1
39 12 38
45 16 36
74 11 37
66 2 13
8 7 32
82 2 26
50 2 5
78 10 8
76 19 23
21 2 1
53 8 24
59 8 1
11 8 16
29 19 6
66 12 36
53 11 15
38 13 11
8 7 2
80 6 10
36 5 13
22 20 35
50 17 12
68 6 37
75 18 26
56 7 16
69 4 13
78 18 25
52 6 20
81 14 32
73 7 5
59 5 2
58 13 37
12 10 32
5 17 21
60 19 32
44 13 19
13 7 18
80 15 7
50 5 9
59 4 3
78 15 27
74 20 36
26 20 4
25 13 13
53 1 12
59 8 37
23 16 10
4 13 2
63 15 11
39 9 13
52 4 24
6 12 24
60 15 11
17 3 30
1 11 5
74 14 4
37 6 21
49 15 28
56 9 28
28 15 30
55 17 17
82 12 16
83 12 22
69 18 11
61 11 32
47 10 6
41 16 16
79 20 7
9 15 38
34 5 40
40 4 33
29 2 3
28 15 31
56 2 7
72 1 15
61 11 20
69 4 40
16 5 25
53 17 7
51 2 37
25 18 35
21 14 36
3 18 37
58 20 6
29 14 32
49 3 33
55 1 38
25 12 27
55 20 1
11 17 32
17 1 15
10 5 18
32 14 27
42 20 16
53 19 35
57 1 22
3 20 19
73 9 21
16 8 21
14 19 40
83 1 5
7 10 25
18 12 2
57 12 2
68 14 38
7 7 37
60 14 12
61 19 17
84 18 20
84 11 25
8 10 19
64 6 28
77 6 16
79 16 18
12 3 23
50 14 15
12 12 2
60 4 17
76 18 38
1 15 39
24 4 10
25 12 40
55 9 35
29 3 6
70 3 7
49 20 5
73 4 24
56 19 13
53 12 29
31 20 20
20 17 15
31 8 6
46 4 32
19 11 4
49 15 37
74 19 22
15 2 27
70 19 27
68 12 26
80 16 20
31 2 5
74 18 7
35 14 25
48 9 26
24 14 9
45 2 12
45 14 27
32 11 33
2 8 24
43 9 9
59 20 4
59 1 2
16 12 30
42 18 24
4 18 17
40 5 30
39 6 8
62 17 23
55 12 38
12 3 33
31 13 13
67 10 2
21 1 29
4 10 14
80 14 40
18 12 6
45 16 22
17 5 10
22 8 26
30 1 40
58 2 23
9 7 9
6 2 13
58 7 18
52 16 10
21 9 33
14 13 33
81 11 38
74 11 37
71 7 20
15 11 33
4 8 19
81 9 20
15 7 28
61 18 29
79 3 39
5 12 10
68 16 31
16 16 29
4 19 18
8 13 7
50 8 4
26 1 37
14 18 5
12 9 5
52 11 21
71 5 20
39 6 33
84 1 20
78 1 35
10 12 4
56 12 22
76 5 9
28 14 35
45 13 9
2 5 36
4 4 1
76 10 31
75 8 18
56 1 31
54 8 16
19 1 15
62 10 4
10 15 7
72 14 18
2 4 36
41 10 38
80 3 12
84 19 33
40 16 21
31 2 36
33 16 4
7 15 33
4 14 10
62 17 2
6 12 8
35 6 20
17 19 7
48 9 23
49 4 7
66 8 27
56 18 12
34 13 1
34 11 4
50 15 20
70 14 22
6 16 36
17 14 32
54 8 21
55 4 19
8 18 28
40 14 40
2 14 32
50 12 10
58 19 2
82 13 14
33 13 34
37 8 19
32 20 26
66 9 5
7 4 13
61 6 37
79 10 30
7 11 29
20 7 15
63 7 35
51 12 14
9 7 34
60 5 37
64 15 26
63 1 39
62 7 8
70 14 4
61 10 35
8 15 40
10 20 2
36 1 11
63 2 16
54 8 23
43 2 5
38 3 24
70 10 19
59 1 23
61 13 37
7 13 34
47 12 32
79 15 14
32 18 36
27 10 28
28 5 5
79 16 36
38 19 24
78 7 15
34 4 9
78 17 3
60 9 30
1 1 7
3 3 40
12 9 18
57 19 19
58 16 27
27 15 39
83 17 5
30 13 11
57 5 7
77 12 36
33 5 38
70 6 3
56 5 27
28 15 3
1 13 8
51 17 21
39 18 34
51 13 9
12 2 24
54 1 15
23 8 38
21 18 32
66 7 16
74 13 10
13 17 38
55 15 22
67 18 3
80 6 24
25 7 1
60 5 6
12 19 28
18 2 26
12 9 21
46 7 39
51 4 19
82 8 22
81 10 21
54 14 26
75 14 30
80 11 20
16 13 9
44 13 25
72 4 17
74 9 39
47 10 30
21 6 20
84 1 12
22 8 27
49 6 18
57 10 30
73 14 18
76 2 21
2 17 5
41 6 33
43 11 24
24 3 24
48 7 25
3 8 2
47 18 28
55 11 16
8 7 40
21 5 13
9 16 34
16 3 30
23 13 6
52 6 31
47 16 18
15 20 35
47 1 12
80 18 36
33 15 21
30 2 20
40 2 1
41 8 10
74 3 35
74 10 36
82 4 10
26 2 34
11 5 40
28 15 37
77 8 2
33 19 25
5 10 18
49 14 29
66 8 7
17 1 35
22 8 26
42 2 13
80 11 2
52 11 2
70 9 15
5 14 16
51 12 6
17 10 34
23 14 34
45 9 23
74 13 30
78 12 22
4 14 15
82 8 9
29 15 25
7 1 5
14 5 3
4 4 20
15 12 35
76 18 10
29 18 18
11 20 29
22 7 32
22 1 34
34 13 12
79 13 40
28 13 5
2 13 2
50 14 30
16 20 35
9 19 6
15 1 23
21 6 9
41 12 20
23 12 23
12 1 9
40 12 9
53 16 6
2 3 10
78 10 5
39 17 4
18 15 4
36 4 37
35 11 14
31 1 40
28 16 7
79 4 4
61 2 20
43 17 13
68 18 20
74 11 32
63 10 1
42 17 32
7 7 32
33 16 12
81 6 7
35 19 30
79 13 6
20 8 18
21 3 8
30 9 16
7 10 32
12 6 36
79 8 17
5 8 31
52 5 36
16 13 9
27 19 25
19 17 9
2 5 28
16 20 35
55 1 3
50 15 8
34 14 27
63 18 15
42 14 9
68 12 24
34 14 10
61 9 15
7 14 38
21 3 33
56 8 31
72 16 38
74 14 25
19 6 10
18 2 29
25 7 15
65 9 11
53 18 7
54 4 18
49 10 37
84 20 40
51 16 36
8 1 40
28 18 5
1 12 14
29 9 30
8 12 3
27 9 37
36 12 5
34 3 5
45 7 1
48 12 30
44 3 15
52 15 18
67 19 29
62 8 7
32 14 17
70 7 2
74 12 7
14 17 38
49 13 13
7 14 26
1 19 30
2 11 13
18 5 38
28 8 10
4 12 23
47 11 17
15 15 11
2 9 30
65 13 14
12 7 20
41 7 36
69 3 35
29 11 26
28 7 19
27 9 20
60 8 33
69 10 30
79 16 30
14 3 7
1 2 20
62 17 39
44 9 6
69 18 8
60 12 20
17 10 8
17 1 18
69 11 37
33 15 10
31 20 24
31 17 31
5 13 34
4 10 16
81 19 35
14 17 28
18 13 1
29 14 37
36 19 16
17 20 23
54 18 13
71 4 13
55 1 21
7 20 21
39 11 6
50 8 3
34 8 31
13 15 1
74 12 12
72 16 30
28 5 17
62 17 22
59 13 32
4 15 34
34 6 5
68 18 28
40 17 1
64 10 10
28 14 30
7 14 16
82 19 10
48 1 24
20 1 35
76 10 15
82 7 31
27 19 12
7 9 36
36 4 37
55 18 22
29 15 7
12 1 30
74 20 6
66 12 39
64 16 37
61 17 36
60 11 8
67 8 1
79 8 23
54 13 32
57 19 33
66 2 31
76 4 38
14 12 11
79 4 29
12 9 26
1 3 15
64 20 9
26 12 12
74 4 28
84 8 6
81 12 27
69 14 8
51 14 17
33 3 37
44 15 5
74 12 7
6 16 12
16 18 34
19 4 18
82 7 10
47 6 35
16 5 24
56 20 27
18 2 8
61 2 40
10 1 29
14 19 2
42 18 16
19 3 27
60 16 8
72 2 9
25 1 40
28 8 5
12 15 35
24 20 12
57 6 12
84 13 27
58 12 20
69 13 27
4 8 14
69 18 37
4 7 21
21 16 26
1 4 25
38 17 15
84 1 22
18 1 28
17 13 38
9 13 30
31 15 20
59 3 30
1 10 5
36 16 36
76 19 2
20 18 32
38 8 15
62 17 17
48 16 36
79 2 26
34 13 24
35 3 34
33 20 14
9 16 23
73 9 31
47 11 18
69 20 11
79 8 27
44 9 14
10 20 25
21 20 6
9 4 11
37 11 13
65 2 32
4 5 11
19 4 4
26 16 19
78 16 11
80 8 24
64 14 27
17 12 29
1 4 2
39 2 27
56 2 25
82 12 3
62 5 21
30 9 11
14 9 36
25 12 4
12 20 25
74 5 3
79 4 15
28 5 9
22 11 6
3 8 34
73 13 29
73 14 37
70 6 35
31 7 32
52 19 17
34 8 19
65 1 9
44 4 35
52 13 13
65 4 16
33 20 25
12 20 36
66 6 22
52 4 26
2 9 18
72 14 28
63 17 30
34 4 32
12 7 14
66 13 2
65 17 29
2 1 38
53 4 10
16 8 30
32 8 16
5 12 34
32 5 37
84 18 36
43 8 40
1 11 6
32 6 14
44 1 10
33 10 9
74 20 22
75 3 33
59 5 39
30 4 11
52 1 25
84 3 7
44 1 15
77 12 35
83 13 21
25 13 8
16 10 23
53 12 11
38 8 8
37 1 14
19 18 28
82 7 15
49 9 38
72 17 40
27 20 39
8 4 5
60 9 14
78 18 38
84 2 37
21 12 14
4 7 32
39 17 13
33 19 29
9 18 26
77 5 18
80 7 5
2 20 9
24 6 8
19 15 34
81 2 24
80 16 8
23 7 30
19 12 10
16 6 29
21 8 15
55 9 12
54 18 23
5 8 39
55 3 27
59 2 15
50 19 27
7 19 33
50 8 34
51 16 40
10 7 4
33 18 27
1 3 11
17 17 38
84 16 17
28 8 37
62 20 21
49 3 23
11 12 28
49 4 20
53 16 32
22 8 16
53 1 15
60 6 36
64 19 17
37 9 8
80 3 15
21 13 4
24 20 8
26 1 25
56 8 23
82 19 17
64 7 25
14 8 1
14 20 36
36 20 34
76 14 15
58 9 33
5 9 36
52 17 25
73 2 1
62 9 32
43 11 3
73 15 33
25 18 10
55 11 20
40 16 25
75 16 15
31 15 13
84 10 7
60 13 36
83 1 39
17 1 21
69 10 1
29 14 27
23 18 40
82 17 9
5 15 17
82 16 16
53 8 2
6 9 27
20 2 21
44 19 7
24 16 39
37 17 5
41 7 25
35 7 40
77 16 37
49 5 27
80 2 3
13 9 28
40 19 11
78 13 21
8 13 19
18 3 22
52 1 17
70 15 35
48 12 18
66 12 4
65 9 33
69 8 39
39 12 2
62 6 32
7 17 28
50 8 1
32 14 9
53 10 4
54 7 2
13 18 6
12 19 11
48 11 28
49 15 4
22 3 3
1 11 33
57 4 35
61 10 18
48 13 27
36 5 3
27 8 22
41 4 27
30 4 21
44 10 24
81 8 6
80 17 38
41 9 29
4 7 12
60 9 20
67 16 30
46 15 17
46 15 15
32 10 3
17 5 5
15 15 7
3 5 35
13 3 18
74 5 30
52 6 38
1 4 33
42 19 7
3 7 27
46 19 9
84 9 3
83 5 13
30 12 21
4 20 33
17 5 29
53 18 28
16 16 36
7 2 29
10 9 14
82 7 27
47 6 10
70 2 13
40 1 37
83 1 39
55 5 34
20 3 8
69 1 22
66 8 29
14 1 29
72 20 1
72 19 19
38 4 20
55 8 13
1 3 2
1 13 13
42 5 14
50 20 12
1 4 22
18 10 12
53 14 7
73 11 10
70 17 31
12 6 38
37 13 36
39 11 37
63 14 24
69 3 27
10 9 12
56 14 35
55 16 12
47 15 5
70 16 12
28 2 7
67 2 20
45 16 32
1 18 3
14 1 27
11 20 8
2 14 2
10 16 18
12 14 10
20 4 35
64 15 25
17 1 5
35 9 10
14 9 36
15 11 13
65 10 25
40 2 37
19 13 40
9 12 32
80 13 15
8 10 10
14 7 11
38 3 5
23 9 38
32 10 15
78 19 2
28 8 2
75 17 20
32 6 19
83 17 15
57 2 33
21 10 1
19 8 6
55 19 22
72 15 26
25 4 20
78 18 18
6 4 4
30 2 4
7 6 27
17 10 34
81 4 11
18 13 24
23 15 22
21 4 34
48 2 40
28 20 38
51 6 11
5 2 1
42 6 35
78 2 38
36 9 28
61 11 19
34 19 28
39 4 18
35 12 24
34 1 28
67 16 26
74 10 37
76 20 5
10 6 24
28 18 14
36 2 1
15 9 1
56 11 11
7 8 7
14 5 9
81 15 26
38 12 18
60 8 10
53 12 18
69 1 9
28 5 29
8 4 13
62 1 26
39 4 34
31 9 11
43 13 31
15 3 3
46 2 38
36 11 25
21 7 5
59 19 16
2 3 11
49 20 32
46 5 35
5 7 40
3 17 23
82 13 38
73 10 29
78 6 12
48 1 4
72 6 11
26 1 32
18 6 33
17 12 13
6 18 8
8 12 30
5 13 26
56 7 22
57 3 23
52 16 7
84 14 31
45 3 16
81 8 32
66 2 22
50 20 4
60 12 4
60 8 30
81 9 12
24 12 31
66 10 27
77 2 11
48 18 39
22 2 9
3 5 26
35 16 40
43 10 13
24 11 5
44 14 10
84 10 14
67 3 39
73 1 18
35 6 28
48 18 22
81 8 26
52 4 31
67 3 9
14 3 39
10 12 39
50 4 19
42 6 19
57 16 34
46 3 33
36 7 7
5 20 31
81 17 11
66 16 36
13 9 21
28 16 18
29 1 39
26 11 32
39 8 23
79 13 1
80 9 17
10 4 13
31 14 35
53 13 37
9 1 1
10 5 2
40 14 28
51 9 4
52 4 7
52 1 39
17 1 22
72 2 10
32 11 11
84 7 9
25 2 33
67 14 4
32 1 31
45 14 33
13 5 11
11 6 39
48 8 5
13 2 7
39 3 6
56 1 9
82 19 8
17 7 2
46 20 39
35 19 13
22 12 33
24 20 28
23 3 7
21 12 15
19 14 31
15 6 10
21 3 7
50 6 13
21 7 8
22 9 40
54 10 22
74 8 18
13 3 9
84 2 6
59 13 22
31 3 33
74 18 16
35 12 1
16 9 27
14 5 14
62 7 4
27 9 29
40 14 8
19 8 36
53 2 8
65 17 6
19 17 22
14 14 7
1 16 18
41 13 37
50 6 13
53 8 30
24 17 39
7 3 27
70 12 14
75 3 29
5 17 7
78 16 37
22 1 25
31 12 38
81 12 1
42 13 12
5 13 8
35 12 13
20 15 11
1 6 32
82 17 13
66 19 17
61 9 19
20 2 12
73 5 8
82 13 28
64 5 2
6 2 1
4 13 1
7 7 34
66 4 1
46 3 23
53 9 1
12 13 11
19 15 36
63 17 14
77 5 12
10 14 10
32 20 9
68 9 5
77 14 6
56 18 13
84 18 18
10 2 22
76 8 1
31 15 31
73 18 3
58 10 3
12 5 33
60 15 24
29 5 37
79 19 22
22 14 3
76 9 10
42 6 12
50 10 10
29 1 18
58 5 20
64 8 40
10 10 27
53 4 11
48 2 31
16 3 10
68 7 25
75 19 25
48 4 2
4 4 34
21 1 5
27 2 8
64 2 25
5 5 23
13 7 32
17 8 10
67 8 37
64 14 29
70 14 30
80 6 12
36 11 38
34 1 40
1 11 19
50 12 21
79 18 19
34 10 23
38 9 36
33 7 36
24 6 11
69 5 33
81 13 5
73 13 19
51 16 28
31 4 20
4 17 4
14 17 29
21 13 36
19 3 39
56 14 17
20 19 24
52 19 2
36 13 29
13 15 10
44 20 17
53 1 10
8 10 3
29 10 28
70 17 28
12 17 3
26 8 38
47 14 4
82 13 18
58 19 11
33 14 6
18 5 32
60 5 30
24 6 7
67 3 36
81 2 10
11 19 30
36 16 5
57 20 20
69 7 39
16 12 28
58 12 26
22 5 11
32 4 19
66 16 2
67 3 32
49 12 34
73 1 33
81 20 21
61 20 2
39 18 38
47 5 16
79 15 29
59 4 20
50 5 17
20 4 10
22 12 28
39 16 30
24 20 22
49 14 38
4 7 3
46 16 40
67 11 40
7 4 39
4 16 1
60 12 30
46 1 6
26 8 32
53 3 19
5 12 5
4 17 26
26 12 9
81 12 19
40 17 16
15 18 30
42 12 4
17 11 32
56 3 34
62 1 8
77 18 21
51 14 27
71 17 30
17 13 8
64 13 30
77 16 6
71 6 17
10 16 8
69 3 27
23 10 38
14 1 10
49 5 20
40 2 19
55 6 30
82 14 33
63 14 6
14 11 12
22 18 40
73 16 15
62 1 10
52 6 5
24 13 11
60 6 22
60 9 8
32 15 32
35 7 34
33 8 10
13 11 20
77 2 4
23 18 23
82 1 36
50 5 29
34 3 17
39 8 22
8 2 16
58 7 31
63 13 36
10 7 40
84 17 31
18 12 8
69 5 27
23 5 34
7 2 10
25 14 21
84 2 40
82 6 37
2 4 6
73 14 21
64 19 16
20 9 23
23 9 27
19 11 22
39 2 27
55 3 12
51 11 16
34 17 26
4 1 17
26 11 24
19 9 13
8 10 10
54 13 15
70 3 19
57 3 2
30 12 4
55 17 9
30 18 35
43 19 37
29 20 12
84 2 6
10 1 1
58 9 5
11 3 36
56 18 15
75 1 15
53 11 4
67 1 24
10 10 23
24 9 40
54 5 24
67 5 26
16 11 21
38 18 18
63 17 19
48 4 17
19 19 28
68 7 24
62 6 38
11 17 9
79 14 4
6 19 23
74 1 28
38 14 37
79 4 33
66 10 31
79 10 36
64 15 7
48 13 9
48 17 20
12 9 10
36 15 25
40 3 39
31 9 40
58 19 15
64 13 17
53 11 15
62 6 34
16 20 26
12 14 27
33 14 30
57 13 28
55 17 32
80 12 16
16 19 34
50 5 33
10 12 26
23 11 22
62 11 16
73 5 5
17 2 5
64 9 18
9 14 37
22 6 3
31 20 23
25 5 40
24 6 27
36 13 38
71 5 35
39 11 2
59 15 19
12 11 37
27 7 30
84 2 3
74 10 34
24 6 18
4 3 16
79 10 22
26 1 10
40 1 4
61 18 33
58 13 28
41 7 26
5 10 19
8 19 16
50 3 33
63 1 13
34 14 14
13 13 13
12 12 37
19 3 8
56 20 9
65 1 23
78 18 28
4 4 4
18 13 36
6 20 30
43 13 7
44 17 10
5 16 29
20 5 34
55 20 32
58 18 2
28 2 31
23 17 7
70 20 33
17 1 4
58 11 28
23 13 5
70 9 4
16 20 6
10 2 40
55 20 40
1 14 33
4 5 11
28 1 19
59 14 11
12 19 16
2 15 25
70 2 16
60 1 14
6 18 33
31 7 20
77 12 7
67 16 17
4 10 13
2 2 10
2 14 4
19 5 17
30 13 9
31 1 36
65 18 28
80 16 5
4 14 3
66 20 30
30 14 32
74 3 24
75 11 21
38 11 15
38 18 1
68 2 22
64 9 19
56 13 31
51 15 39
81 15 6
83 9 38
66 11 4
69 12 24
60 18 6
52 18 10
50 16 11
32 2 20
19 14 34
78 5 4
64 20 18
30 17 9
21 10 39
65 1 31
50 20 34
57 19 20
56 12 2
16 2 3
7 9 8
50 15 34
13 16 21
1 12 8
63 10 32
33 4 30
67 11 30
64 10 14
57 13 36
29 11 12
62 5 13
5 10 19
14 11 16
50 14 2
52 1 22
18 7 15
63 13 35
5 12 29
74 10 9
47 16 40
79 3 12
61 4 3
33 11 11
63 17 29
41 10 4
29 2 22
7 15 35
42 7 1
34 20 6
40 2 3
73 2 29
43 5 8
34 15 13
65 1 25
84 17 28
80 14 20
83 10 4
70 1 39
60 10 21
48 17 4
21 5 17
22 5 25
65 20 16
34 20 20
49 2 18
40 5 36
12 10 28
52 2 36
79 12 26
57 3 16
66 16 14
80 3 21
17 10 30
48 10 19
4 12 18
20 1 28
6 19 35
53 10 28
68 18 18
22 3 16
21 4 3
64 20 34
12 11 22
13 4 9
69 4 30
34 3 4
50 1 35
3 5 29
71 15 15
