74 96 3 366
1588 2162 1487 801 532 2897 649 3492 1853 1584 2907 1596 4874 1766 352 4581 2454 1569 2283 2729 3459 413 4361 2290 3300 4708 666 4044 3119 1544 1094 2965 657 4588 389 1774 2843 1935 3762 4480 2690 181 3469 2484 1444 339 81 1949 2016 1922 2150 463 399 2238 1656 3244 295 2132 4235 3036 1985 2105 3573 4665 4727 1329 4827 3276 4004 3436 4048 806 828 1836 3458 1748 3467 858 14 1007 202 3868 278 3717 3183 1737 3140 1492 3536 1273 4141 2794 1776 4231 4414 716 
4480 4740 3396 2412 2722 1863 2845 4595 4489 3913 3293 338 880 2616 4354 3775 150 1575 4837 4790 4163 2772 1058 4367 3705 4372 2061 4889 2259 3938 1181 3666 1948 2817 2406 782 1326 1246 4635 4508 4870 3881 2624 3912 4686 4210 1846 1452 3462 4352 836 2505 2117 1080 1144 591 305 138 4121 1239 2114 4124 3018 3713 3416 531 2016 266 658 932 2515 1479 2420 2969 46 538 1723 622 4238 1896 1264 2645 2823 1047 206 2483 1360 3978 1610 4770 4073 3874 866 4904 3568 4142 
3753 3584 2995 17 1095 2152 4103 1583 53 1258 3846 3331 3771 1116 2660 4412 803 3853 1011 219 259 3120 1263 362 1337 1307 2004 2432 2053 73 4125 4087 1361 3381 12 4487 4791 1116 4764 326 2487 3788 4769 1207 4774 4267 3634 280 4260 769 1726 1635 3174 303 2790 3547 638 2698 4664 1275 2914 4200 3699 2110 4559 2443 643 3278 4448 2933 1262 2456 2095 3393 3907 3962 2991 3612 2606 3896 3492 46 480 1428 754 4600 2474 4689 1933 3404 2520 3934 4897 2535 115 1011 
4884 1830 1510 1216 2709 2458 1737 3812 298 3964 2622 378 4772 4327 2809 1850 495 2891 372 3792 3062 4144 4488 1298 3946 817 1939 3679 903 151 2130 4065 618 4499 4844 652 3378 661 2608 3781 771 834 3489 858 158 1925 1040 1216 4602 1681 2308 1441 3304 3665 604 2961 2884 3211 4692 4707 2945 3710 3584 2679 1944 284 1967 4584 3863 2619 998 4292 3877 1586 2656 2877 3408 1385 4073 679 1493 2304 1355 1394 2733 1045 383 4004 4634 4616 3383 468 2439 4447 2867 4477 
3025 1095 2106 1407 3547 2041 3486 231 2331 3992 3047 1767 1645 3203 2188 2079 1837 3630 3911 2993 2484 4305 3794 1460 3883 111 2605 2200 313 1588 4018 3806 4305 3855 3630 4793 3581 1311 1788 482 2580 4575 4271 2720 2738 469 2735 3581 2962 2694 2005 1636 1530 807 4448 4478 3667 2355 2121 107 4050 2485 4340 2476 1741 3646 811 1682 3003 3356 3556 1192 3316 3487 3569 4620 1099 1666 1212 3876 741 1124 2722 3540 761 1194 3869 850 1842 527 869 4144 1445 4384 2854 2312 
1753 3198 1610 4414 984 4743 702 4360 4610 830 2884 4698 3505 797 2576 2699 2711 2975 52 2529 3394 1238 2475 3160 3284 3805 2190 2739 4200 1911 162 3845 3105 3984 2586 1176 296 4700 2658 3352 3571 3983 2446 4417 2258 2638 4575 2575 3215 3998 1861 2145 1905 3732 1600 3069 3908 2762 688 1138 4529 684 4448 1316 4509 3456 4239 776 2205 659 2246 3945 1034 1867 498 1873 3449 213 1909 1996 3864 1733 4194 4688 482 2390 1831 311 418 588 4603 2171 1605 2757 4397 3412 
3650 3297 3064 242 2593 4627 1581 2489 4565 4130 4033 127 2568 2495 1409 4509 934 1925 1096 1474 4410 1285 2572 3524 1277 1441 622 2945 4715 3079 2140 1325 2346 4200 4443 2652 4000 1979 4904 4499 3299 3157 1565 2063 523 4532 4149 4547 3376 1666 561 3524 877 1203 2834 2901 4608 18 3209 2566 3352 1885 3325 1737 3120 1872 2453 1876 4394 4583 2825 367 2800 1006 818 1568 1296 2899 3477 3869 3061 3162 2509 4879 4705 1927 3249 2872 1812 1753 2257 1279 2228 3611 3517 2228 
2107 3865 104 2857 1865 2240 1907 1108 2345 3269 3949 437 1013 2575 3875 4732 147 4225 2481 1034 2407 843 4410 2102 2019 142 168 836 3610 2329 310 2208 2782 3530 1399 3907 547 3555 1567 1821 2834 4357 3586 2006 2748 543 1842 4291 266 4689 1465 3698 371 2576 1537 4121 3858 4289 1163 1195 686 2713 1783 380 1515 4196 4624 4733 3055 4535 1598 281 1224 3411 4598 1105 3147 17 2299 18 3142 4253 2245 2889 761 444 4864 4677 2755 3980 1809 3331 1548 3028 1862 3224 
3747 475 1755 987 4163 2506 1127 2052 891 1837 2986 4643 4782 1392 1929 1251 2235 1549 2074 3739 3157 3241 2454 4813 4355 4583 2371 3483 512 3846 1022 401 2196 4888 3596 4540 394 1458 3692 2332 3612 2069 303 4407 319 4222 3129 2761 303 4229 1273 831 2503 4447 2641 671 4872 4366 4698 3326 4550 3278 3705 193 382 2225 2442 1284 836 3918 3938 3314 2780 2649 4594 104 2026 619 4696 3653 1694 1088 3257 2770 2996 1658 4193 3919 2057 2453 1526 1757 2155 3244 2265 2459 
3087 3122 4564 3252 4894 4040 49 3378 2330 4347 3168 4005 3896 4183 3536 2987 964 4004 1080 4058 3789 2544 1998 4603 2499 3088 1306 2619 2031 2261 1341 2220 3126 863 220 3972 852 1531 2502 2207 2608 2786 283 2733 3794 1750 2494 1521 2118 2901 4414 2315 621 2632 3786 3827 746 1543 363 4044 4402 4153 4252 4266 3657 2912 3492 3640 4872 2091 4837 2227 2152 1912 2173 3570 2339 4369 4717 4688 4771 345 4043 2014 3380 3515 3963 3553 3752 631 372 3717 2952 3494 618 4694 
2505 4867 248 1220 3210 4386 4666 1469 699 4172 3284 3582 2998 1504 4335 2288 1348 3262 1290 4741 979 2880 2775 2533 2649 3962 2567 476 2691 1669 4205 3065 2221 4840 228 2468 3462 2941 1395 2366 3427 1929 3144 4080 3617 4659 2867 3312 4892 1176 4364 685 964 470 2204 3258 4546 613 3168 2025 4738 4566 3795 1086 1752 4359 2155 4684 3733 2063 80 2163 1907 4399 4855 1800 3867 4031 2359 3388 4610 4477 1435 549 1747 366 3073 536 1850 25 4740 4481 2135 1884 3484 2523 
4054 701 4172 2282 2232 1582 1801 4157 393 2106 112 905 4123 4785 4638 2452 1037 616 3534 87 363 4692 3395 697 1614 4430 4268 2541 1389 1579 503 4532 416 43 802 3396 3189 3425 167 768 4130 1174 4444 1723 662 855 1997 4046 3227 4616 476 4666 1449 3648 2831 2821 2211 2094 2067 875 1130 1822 3462 20 112 2442 737 3600 4402 4706 3539 1923 3991 32 583 496 1690 3874 3405 1138 2671 3020 1306 1154 2954 1071 3481 786 625 995 2109 2244 1401 3390 2820 829 
2482 2742 1748 59 703 1853 4587 974 1532 1654 656 168 491 4717 3139 2369 2336 1954 2479 4532 2670 2014 2102 1255 982 18 3781 1748 4371 3681 1383 3342 4538 2501 1121 2004 3356 847 62 640 982 2518 1804 2783 3704 4886 4539 725 2832 2922 1353 2832 1085 1554 3142 3667 4692 579 4661 1886 1576 1749 1926 4323 4887 3545 2418 3232 1872 4193 2003 968 2450 2391 1821 3123 2024 108 897 2235 4503 4319 1117 1296 572 4225 3610 1076 1823 4773 4529 4359 1574 4574 933 3270 
3988 2749 3865 4829 559 4020 1159 3227 1262 640 1326 3158 925 4359 1663 1988 944 4175 2237 4068 888 577 3661 1797 2897 49 791 3081 43 243 3176 1101 731 2742 2665 4823 2384 894 245 325 3218 3568 2254 3234 3612 1618 1075 586 3140 4123 33 2002 811 3755 3714 3285 3313 3906 4738 2925 85 970 3203 68 40 4233 528 3755 3874 4267 4319 2741 1880 3575 2672 4270 96 1743 1922 2211 1135 4789 3075 902 995 4010 2790 1541 2897 2015 226 495 4371 4033 2364 4881 
2100 4468 639 1682 1030 4746 2580 2001 1177 3643 2624 1399 1597 4471 1327 4120 420 2409 3809 1983 3152 2831 2974 1735 2170 271 1580 413 3598 2935 2555 578 2612 1811 942 1297 1375 1489 399 3961 48 3847 1400 3314 2664 3845 2252 2073 751 1374 4303 3156 657 4199 410 662 4748 4563 23 3441 483 4697 1188 202 4073 1543 3351 2486 2922 1425 3571 4524 2793 3789 923 3858 3332 3668 1733 1875 691 3491 4026 1547 4682 2174 2013 4720 1364 1773 4437 726 671 4269 2088 611 
3778 3298 4587 2996 3767 96 3789 882 1263 1363 572 3823 3093 4772 4839 2748 3372 3380 3542 2126 2953 4001 4206 112 4116 800 34 3566 4876 4271 3113 3215 2646 4411 2938 337 3109 2930 4549 3980 2370 2535 3024 4584 997 3327 655 1527 3893 4690 4537 3075 3030 540 2288 2671 3536 1307 1369 901 2242 1652 4602 1632 581 4504 1350 4708 3495 3638 4176 3207 2919 2957 1718 2956 1879 165 3189 2985 2428 3238 1266 1972 3313 1630 1024 1120 393 2895 3666 1339 4133 87 4342 4875 
2842 1483 1932 4145 4490 3028 4576 909 4870 203 3852 1972 4210 1526 408 1976 3875 781 2628 3204 4479 4063 1955 4441 4410 800 3976 2893 743 3982 3568 2957 3152 3475 1696 4397 2466 4555 1612 4034 2423 2328 699 3292 3870 1444 2492 1108 4014 402 1563 2106 2530 4897 1742 2287 4815 2416 3955 3151 2238 3918 4379 2329 2327 2776 4219 1425 1431 1289 1208 2293 4627 3355 2849 831 4049 4538 3124 239 1408 3130 4482 4622 2684 1288 1529 100 912 948 4069 869 2716 2513 3488 3738 
3625 35 3127 4126 561 3310 2376 1451 413 4084 3177 118 1874 1048 789 1899 708 883 3106 4090 174 1346 2832 1572 4476 4176 3925 3693 4196 2312 1891 910 4429 255 1111 4384 2582 2630 1065 3945 3258 4728 4738 4573 760 1878 1718 3239 2502 34 1450 3358 1486 1920 4656 2121 4180 763 3828 2798 2630 4701 1064 60 3849 224 757 2243 3752 3035 144 522 3968 3677 880 3020 4383 1377 4436 3896 4180 2100 4814 3818 2711 1902 1831 3188 4741 1269 2658 2658 4544 241 382 1424 
1751 1670 1511 2911 4690 2157 996 2304 3087 2379 691 2508 2081 139 254 397 2023 364 212 572 3429 2062 4177 3274 3588 2007 1876 3041 797 4340 665 1624 3909 1140 2766 278 2816 4169 1253 581 431 1651 1763 3575 4482 4529 4371 1375 4319 2213 1719 3313 2216 1204 2998 4887 3066 4012 956 1826 371 1034 4050 2144 3886 702 3274 872 719 4302 3542 1322 552 4120 3390 1227 1952 2935 10 4821 1605 3705 3946 4544 3175 3352 2491 3118 4254 3838 3838 3944 1684 706 387 4344 
437 280 1777 28 1054 3997 965 2121 4719 3176 1380 1841 2670 2043 1377 1050 1835 4565 436 2913 4091 1652 3389 4852 2013 285 2109 2152 4329 1022 3857 796 1436 1001 3776 3395 2659 2767 3001 4657 4129 2565 3700 2101 3331 641 242 1400 3069 4795 3291 3270 518 2709 2523 188 859 2346 3510 3124 2433 2996 2624 2137 4532 4881 113 652 2802 1096 3834 3886 3742 2893 3245 3448 269 3840 1951 4455 1687 2524 320 3264 880 3142 3415 3693 2662 4076 2861 866 3750 3777 2797 1457 
3524 1025 682 4165 647 4560 901 2959 3240 4067 828 3266 1811 4232 3855 2690 1836 2867 1613 746 3604 1670 3590 3786 465 4797 3223 364 972 466 133 3608 870 2059 768 658 1952 4670 4872 4860 3715 4051 4899 1985 2648 3462 4370 141 1590 3524 4039 2413 4881 2613 2714 1531 2932 1116 3973 3251 3066 53 1954 1837 1811 3383 2506 2114 482 142 1855 369 874 3758 3090 1615 3538 729 3462 1907 4846 1190 1072 4263 2741 1032 2164 1673 1224 4673 4812 4501 4137 1179 1296 4646 
4826 2451 3269 4797 4761 4694 115 1358 3978 3352 3578 598 2831 2115 4352 4864 135 4103 3638 2692 2367 3381 912 4889 791 2320 1192 146 2519 1628 1275 177 3112 4576 4879 3407 2337 2162 4534 1802 2100 4693 4180 4590 3921 1732 1752 4319 4370 1708 3388 1896 3020 393 2441 1262 499 811 575 1120 1482 2137 1489 216 1985 556 4444 1551 3675 852 2085 3719 208 288 1873 4172 4318 3305 725 1875 4904 4148 901 2916 899 4885 3289 4188 2376 4132 713 4228 1377 1641 333 2134 
3212 4333 1118 3841 3979 902 2433 239 2582 2686 3533 2772 651 3767 2460 4733 828 4582 803 3695 3025 2591 2405 2203 2981 1845 3448 3540 2795 3529 3448 1043 360 3672 4089 4324 136 2082 1361 3991 2338 1583 3603 1729 4695 2586 1092 1712 1383 1529 3221 369 3142 2223 1947 234 706 2762 348 3007 1154 3537 3991 3177 4779 260 2587 627 3982 3014 4229 3221 1597 557 2188 1270 1818 2522 1326 4191 1103 2831 1351 4476 2954 3447 4392 3278 4297 1246 3659 907 2117 3364 3332 1308 
4205 2042 827 4435 2903 1612 1642 2429 3468 1132 4773 2715 3758 1794 3000 89 280 1448 4763 2595 280 397 1075 1306 3400 3529 89 13 3923 1005 3571 372 984 2072 264 4187 45 1661 256 538 352 2764 3561 2112 4624 2191 1564 2154 2158 1471 221 510 2933 1104 1158 4389 4034 1364 3806 4286 556 1920 1289 237 2533 2692 2682 2505 1866 1003 909 4580 2685 4047 4146 4690 1820 3690 4496 4390 1544 1271 1932 4892 4632 4052 3013 652 1589 797 2876 2091 830 2019 2116 4177 
3213 1738 4707 940 2003 561 2466 517 292 253 4403 1340 3498 313 4828 3398 4052 2358 123 1315 1329 465 1144 3652 4049 3166 12 4548 4602 1278 2225 4091 1733 4470 3340 650 664 4787 2000 3676 3376 1690 4005 221 2930 1701 4906 1355 2472 4776 3936 2096 3868 2313 4120 2978 2537 2023 660 1789 4712 3878 457 1230 183 2422 2721 4297 749 3725 1093 2618 1425 4290 469 793 3114 2014 2175 402 3354 3724 2255 2249 2868 2942 4742 4283 1889 881 2298 3764 4843 4866 1865 3659 
4282 2489 2514 4473 295 413 3565 2224 1747 618 1120 3370 3393 3960 687 3174 932 2090 4153 379 3426 2633 435 1935 3451 2791 4572 3849 4311 2548 2882 441 360 3323 2220 2749 843 298 4622 4317 632 1909 1985 304 2008 4845 4234 4739 1258 4624 2168 1194 2251 1086 160 1893 3801 1135 1045 2495 3679 2300 2222 746 2161 2368 1812 550 2337 1883 838 4196 4734 2526 2213 2687 4777 3449 905 476 3475 3527 497 4537 322 926 3151 1713 4499 1054 1584 2696 1792 2004 3196 683 
872 4113 3597 1056 4135 3298 1354 3106 4683 4448 112 4588 689 3225 2770 68 1902 4471 328 554 2068 2636 3386 1175 3455 2895 2059 1781 3843 3220 2560 363 4575 170 602 2524 2361 293 1103 2322 3820 3780 223 2401 2435 2033 3490 3523 4054 4836 1083 377 1073 713 171 4334 2228 1580 4279 4034 1257 3966 189 2580 526 4482 487 2641 3172 160 4269 3374 4056 2990 2009 733 4857 2681 849 2922 881 2582 2890 4340 1314 655 157 3199 4751 1910 2841 234 1808 2537 164 2922 
1962 1546 1677 4096 2950 2576 4855 4578 2755 4766 4474 4807 3420 210 910 93 1936 1435 490 812 410 2861 980 1837 2575 785 2615 2328 2158 2543 3303 702 3024 3675 131 1780 4022 1274 2795 3706 647 2205 2204 4291 4119 4688 3803 1001 3163 2612 2854 564 3508 2472 623 2497 543 51 3148 924 813 4471 900 1321 3516 1671 2220 614 2207 1639 1671 1876 1164 4524 2238 2459 298 1544 531 1578 17 2654 134 3752 4089 222 3109 2770 4486 976 3890 2405 2519 3374 3997 250 
577 35 4546 292 83 328 2772 3768 1193 292 2956 2468 4605 1311 401 4163 1804 2301 438 2430 301 4725 912 3759 348 4849 859 3577 4269 2487 383 2540 1194 4391 4372 863 1881 410 370 4360 2668 295 3602 4663 3764 2408 886 874 3144 1876 4126 3890 2714 1677 2700 4786 3131 97 4108 1835 2145 3566 1010 4354 1622 343 1488 4628 4704 3244 2718 1400 879 3216 322 213 2781 4142 2806 2310 766 2810 3838 1320 4101 2695 3497 4219 4167 4541 2544 1659 4280 3346 4345 227 
2342 2156 1294 4560 773 1570 384 4191 3401 1754 3034 263 1762 1329 2238 3766 1723 577 441 4496 4348 2271 173 1525 2918 1062 3445 2728 943 1037 1132 1354 4637 4657 4417 3363 495 3226 4394 4407 1262 4651 4521 2614 3369 4648 3247 1685 3430 3366 600 3090 2281 4555 3259 549 797 1905 4627 3970 4458 2134 4897 1192 3499 67 2438 4339 2858 2200 2320 2037 120 1158 4648 3733 1894 3419 2448 1526 4338 2967 882 4710 3429 2362 988 4214 1112 1499 2114 3922 2134 3856 363 1101 
1356 955 4264 3489 1348 4794 3771 3147 3680 219 1502 2182 2959 3102 4184 2360 1114 796 2478 659 4499 1505 2957 649 446 4006 3952 2332 3537 1411 897 2896 3424 716 4907 2443 898 3120 3828 4171 3224 2281 3367 3271 341 325 2639 2296 1768 830 2650 1526 3587 2252 1717 4447 846 3092 1132 2973 770 384 4283 2639 4488 3875 4498 3002 1751 3725 1592 1926 2673 1733 2708 446 3025 3232 4369 223 787 3777 2107 496 1810 1612 4189 1137 3652 2131 3449 2985 3491 949 3615 342 
1403 3721 4023 2919 4158 3529 364 4853 770 360 395 1986 4676 4065 3063 3685 4502 2466 3804 1589 1260 1737 603 688 4541 1319 3083 3048 1649 2912 4318 1102 1927 355 2287 2694 4499 1300 4143 1383 3893 2435 1742 142 3342 1958 4520 3675 3782 2967 3163 118 4188 4857 3261 4038 4498 733 3100 4071 2948 2171 3197 2764 469 373 3894 3802 2422 546 659 3026 888 1229 3976 289 2779 2470 3865 4558 1850 2830 4028 3581 3607 4540 3229 249 2418 4595 3087 214 2932 3106 3003 4400 
4073 3072 3967 3243 4317 3838 4416 486 2826 1041 4532 2306 301 3631 3176 1316 4119 4852 1532 4772 4532 2669 1750 4079 3625 2273 703 2529 404 2793 3734 1321 816 2574 3477 4012 3508 3451 2980 4304 695 1266 765 2784 356 2822 949 2124 4366 2672 501 215 2327 3155 3684 1690 218 4409 4262 129 4257 943 49 911 2944 986 1309 2306 872 2637 2473 3420 2701 1275 698 3359 4825 4876 2374 3139 1515 1884 775 32 1492 1967 2372 475 1648 1858 2438 983 2342 1266 4423 486 
3016 3177 2246 440 2185 3823 803 3365 4213 1629 688 661 4550 2001 1446 3728 2958 3182 3357 4725 1370 2890 28 1706 2811 4269 3794 432 155 4257 2909 675 4793 2981 1682 1406 1988 2921 1314 1977 3012 1614 3518 2003 1483 3934 3503 3315 4598 1424 3091 2789 2677 205 4848 3821 2375 1480 4036 4835 1947 1214 339 435 1433 28 956 4640 2986 4485 3168 639 1084 2900 3414 3083 2662 717 4877 4346 1508 625 2154 3853 559 1801 4856 2018 2720 4540 3498 2535 2867 3774 3042 3079 
3924 3100 4317 3027 2362 3773 2742 2048 2727 4629 1690 1212 709 198 3180 1791 4729 777 286 4437 3374 4505 1765 3786 1320 4661 1340 4655 1920 1177 2793 3939 2139 406 2408 721 3825 4343 1156 4301 4086 4623 4014 4877 4560 3057 3917 3266 483 586 937 3945 3700 40 1967 1561 2930 1987 786 3812 1459 2055 1181 3751 609 4592 1078 2799 1480 2578 3227 1114 3511 1824 4202 416 2813 3558 3810 1376 3713 1441 3938 2270 4463 1806 3848 499 3618 1293 873 2669 2994 3948 905 3658 
1631 964 2418 1234 4116 2825 2945 2859 3345 4847 3534 3228 1803 1324 4766 1189 152 2807 4306 3538 2200 4290 1026 3381 505 4011 4134 4492 4235 3239 3197 1450 4297 4748 1723 1295 1934 4367 4476 34 3134 2576 1897 2401 1201 4539 4552 4832 2314 3741 2062 1467 933 2497 1519 1641 2743 1474 1003 53 2250 1420 1564 3723 4745 1967 379 169 3082 4321 284 1448 3858 4564 4853 4568 246 76 3410 2212 3807 731 3483 253 2783 2809 4031 1919 4507 3694 4444 4745 2757 2780 1263 58 
2539 4246 372 1115 2835 1754 4392 139 3594 4278 2533 590 288 3245 2085 2165 3476 1470 3974 2385 4696 765 4869 4838 3321 754 2509 3824 1233 3520 796 2136 3373 1939 28 4338 2977 3029 3551 4216 4200 2352 3653 2062 3668 970 1088 1124 1369 641 1571 2582 1304 4170 1181 4606 4906 3838 314 1780 4457 1689 4026 767 3398 1788 771 3984 3030 3877 2746 321 4526 1678 2158 642 4015 3994 1176 2018 830 1035 1860 2553 3705 3529 321 4547 4749 4173 4446 4327 4268 3452 4130 2554 
4177 2096 412 1070 2495 2089 3324 1621 4646 3713 3886 2107 2276 2299 160 93 2012 1599 4528 2484 668 2500 1038 4451 301 1806 3697 1627 1555 1175 3064 4074 4364 3440 2360 2934 4319 1639 1940 3924 1522 1119 567 2837 4362 163 742 4258 1520 1392 939 3555 4368 583 392 3853 4405 1301 13 1728 2073 1741 2863 1586 2406 992 1554 4304 4892 3328 543 1816 585 1018 3835 1816 428 3433 4868 857 3075 4789 2327 1871 4240 1522 1894 1633 1134 3762 1477 1535 3675 2186 3058 1967 
473 2579 1034 3904 4867 1551 2871 1132 4046 482 2073 4069 4169 3128 4417 1966 4909 3389 629 3227 463 3339 366 1751 871 82 1814 3103 4378 867 4225 574 4711 3857 317 2674 1600 1898 2381 3241 433 2442 1783 812 247 4364 2505 1816 3078 3259 4024 4799 4366 4295 2337 592 3503 4613 322 1758 1855 47 2955 4421 2220 3924 4615 3222 2424 769 799 364 4348 3425 1572 4737 744 2605 1720 3035 902 4405 214 2547 858 265 3553 47 2043 1870 3427 4834 3940 4811 2747 2695 
2960 2539 969 701 4840 520 3401 1515 4353 2110 1677 3217 4835 340 3379 23 35 1057 4221 4762 286 2955 2017 2217 2179 2247 2962 2648 1172 3605 1634 2184 4476 3485 4213 4303 2437 1335 811 863 280 4221 4905 935 3787 486 3116 2750 2555 2793 4509 2721 3319 527 2457 440 3847 973 4671 4390 4255 3895 623 242 1956 4443 1254 1188 1837 4120 1031 1226 2567 4133 4097 42 1890 1012 2382 2973 4477 2976 3436 1379 1350 2758 2411 941 3626 1977 4044 1744 4349 465 3571 3069 
4404 2799 4392 32 1666 4822 3890 4484 3413 2006 227 1140 4300 589 1585 488 297 2321 124 2279 2632 4126 4044 1615 3260 3793 2567 2328 3179 3720 3578 1121 3049 2674 2951 2305 2143 4674 1223 3222 3072 2551 2116 582 1221 569 4248 1195 3459 4291 3964 2388 834 2015 2688 1427 4709 1378 706 665 277 634 4908 4546 4672 3574 4339 4164 1204 2067 2774 2990 3052 312 2874 3708 2302 3287 2788 1702 4342 1909 333 3963 3619 1445 1104 1239 1517 3865 1908 4276 1040 207 2034 1439 
2456 75 2842 4483 1643 345 4521 1700 559 476 1669 99 3664 1784 4729 4540 2981 103 848 1133 3655 1436 475 962 815 4531 3136 2198 1525 1760 4012 631 1972 2324 3525 4304 4786 2120 2329 4536 3750 1711 2223 3760 250 159 1331 316 3805 71 1736 2017 4746 2185 2418 2841 2436 1000 1321 3327 3855 3642 1274 2194 4273 3870 3279 2605 478 4826 1927 898 4124 4726 2721 1422 4299 849 1152 77 1803 4477 2238 3057 188 3674 2424 1247 3768 1962 1044 2488 3460 3374 2249 3477 
33 4617 2474 3106 2410 2379 710 1365 4027 2456 1662 76 1350 2924 1129 312 4217 4260 4627 3781 1349 606 4124 3113 924 825 3837 1629 2043 3910 2609 1467 4091 703 3150 2692 1356 2781 166 2386 1288 873 25 2228 563 1620 2987 3075 4458 985 761 3192 3779 3058 477 585 941 4483 3620 2834 2162 1528 4742 1267 3038 108 3527 661 2949 2833 4829 1196 4481 1821 4658 1981 2973 3785 1475 3026 1344 1002 3957 2277 3540 4468 283 3696 902 4520 2951 2575 3047 4342 4143 1313 
2014 279 3541 4301 2970 3283 2852 2156 409 1778 3498 1941 365 458 3218 205 4871 1044 3687 2849 64 4740 2028 775 2579 3530 1108 1874 2538 3040 1540 4300 4141 1287 1808 1387 3069 699 1717 4717 1210 1641 814 1943 4773 4368 2705 4231 3998 4440 4805 2703 231 276 3243 3370 3813 3465 2994 2997 243 1650 1537 4849 973 606 3606 2508 3212 158 1454 2412 4498 3035 4676 3716 807 464 3598 520 4271 4258 4293 1810 4082 4633 1296 4202 905 110 4765 2476 1936 528 2686 2885 
3378 3815 690 1318 245 4670 3396 2671 3720 953 944 2055 2101 562 2063 1034 2957 1974 3538 4823 1543 1810 306 44 2042 3277 292 50 659 172 3479 3548 139 2232 1327 4605 2391 922 558 3761 4639 2110 1988 1735 1193 1226 726 3152 4613 2860 2227 318 4690 3652 4583 1125 2743 4334 3531 3933 3166 1359 4677 3630 1087 765 2760 4799 872 147 3537 2352 3847 437 3532 1333 3921 1663 4264 3664 3576 2804 3277 56 2825 679 3493 2552 1732 3749 3537 3009 3688 1610 3046 3728 
3047 2891 4088 2687 1548 1823 3939 2305 2798 2783 1518 2793 1350 3256 1505 4199 1983 850 4278 1067 2084 2353 1645 1071 3332 663 3990 3949 3013 2681 1035 2035 1123 1763 785 1972 3889 2688 2732 192 3469 1958 402 2601 1724 510 2665 3164 4507 3166 4869 2868 2570 151 1310 3237 1495 3293 251 957 4307 4572 2969 4042 1200 1938 32 141 768 2086 622 1430 344 4887 3070 3793 4840 2633 4309 3620 4525 3737 638 1394 1208 478 755 523 4240 1348 1741 633 349 771 2670 4079 
4271 3131 2979 170 3984 3640 4356 3353 3024 3202 1980 4685 2148 2431 4527 2779 911 577 2744 3763 728 4898 3613 4445 532 3383 1649 3974 1192 4112 1702 2369 1794 4794 2932 3843 2401 3444 4849 3998 1262 3849 934 3532 2577 340 4651 2321 1350 3379 4868 166 272 1391 70 4514 1879 1867 1759 4286 4254 370 4344 3715 1666 2123 4365 1407 4620 3986 634 2319 4723 2122 3764 4404 787 276 2380 348 2378 3173 385 674 1924 937 3176 916 1849 3189 4209 1032 4830 1070 3985 2706 
1530 2885 3954 1643 4474 4790 2944 4533 669 31 4255 4696 543 1809 847 4148 52 2025 766 4677 3769 1821 3094 4113 524 71 4466 196 2929 4429 142 4456 2503 1371 2243 4367 1644 4086 2807 2282 1067 1377 1784 3458 114 3367 4192 98 1837 4750 1296 950 3973 4170 953 1372 769 4024 235 1181 1539 1615 2010 2457 4529 2580 1826 3556 3907 1707 3079 1021 2729 3171 3493 1148 3403 1759 4581 3178 526 2054 1930 3234 1190 1203 4747 2918 828 618 1588 4525 1213 3843 3831 1769 
2958 3520 1858 1496 1204 3210 2694 638 2565 2968 3173 619 2892 2730 4731 4827 3277 3905 4862 3752 1095 1122 1945 1112 2849 3980 3121 1243 783 2083 689 4224 1050 238 3598 4556 4631 718 1741 1791 4272 2525 592 4419 3020 3336 2474 407 3082 617 3526 1446 4539 1215 1930 4350 3032 4720 1431 2600 4197 1499 631 4664 4101 974 2461 592 3365 3989 2865 3675 1744 2887 2430 3526 688 43 1034 3203 458 3577 2219 2039 1831 2389 1267 3597 2598 2374 4022 2500 4083 3217 3715 3098 
101 1341 913 1264 1202 4118 4096 3011 2905 702 4847 1600 1274 2956 943 844 1862 3877 2650 4620 2548 425 4088 3836 389 4782 238 4806 839 2010 1878 3386 410 4832 2976 2296 428 2148 2699 4063 870 451 1783 1269 1594 2270 2969 1149 4631 787 1517 4161 2860 2968 4511 2845 1389 4183 2014 2886 3340 4813 4533 3349 3262 442 170 3739 1615 4622 253 477 230 3413 4266 1430 3471 4544 2475 800 2752 2047 3999 149 3094 3625 4578 606 1974 3539 2560 4476 1483 1461 1689 803 
2592 332 2769 2082 4638 749 4054 2446 461 2745 2162 683 4040 1606 4603 4236 3650 880 4187 1551 2011 1406 4017 122 879 4886 4863 3878 3645 354 1800 818 2992 300 3691 3169 1121 4501 336 1403 159 4302 638 1988 1967 4376 1484 4578 2104 3238 1031 3601 2115 1776 1034 4581 1601 3802 2420 4378 1872 1645 2230 4601 1591 291 2408 2050 2407 4832 2230 4533 2502 4563 3957 3841 4908 4418 4568 73 4390 2364 809 112 1484 4239 4130 1027 1319 4708 389 2687 1995 1054 156 4506 
553 1622 684 3260 146 424 939 1915 2332 4096 497 2486 3876 417 4685 1965 4646 3590 1233 1912 1524 947 1034 4066 641 3092 3676 4012 1064 4707 4681 4768 1212 542 4434 3114 1625 1356 1439 3488 3865 2646 2888 241 2750 1380 1926 4396 1661 1349 1270 2609 1259 1031 2374 2790 4775 3256 1332 4047 313 1099 1186 4265 4320 2606 2312 2631 2601 2600 605 3737 428 341 1189 356 4891 1664 2454 4521 2198 1520 2390 4375 2626 2257 3262 2036 1432 2989 1191 1594 4648 2883 198 94 
1729 3982 4322 2091 578 2839 865 1517 4417 128 570 3095 1002 1322 1833 4262 1025 893 1239 861 2317 3112 12 1157 3640 3964 2019 2605 3758 1685 4186 2189 3596 3380 3256 1700 4399 15 578 1485 84 1639 1438 3041 2296 3185 3893 3472 1391 2161 3143 532 4431 1411 3177 3431 700 3765 1198 951 3458 2541 84 151 3107 505 1051 3497 964 2798 333 2068 444 1171 376 2327 1401 1362 1607 4138 2411 737 2527 2231 56 3927 2815 2184 3452 3830 3627 4515 4346 763 2033 4807 
1234 640 2082 4676 1575 4078 679 4254 2511 2698 2111 589 3084 364 3302 1099 2382 2198 3764 1364 1975 2949 3578 2445 2574 3929 2460 3711 1293 4123 2253 2793 3312 846 2767 1934 1306 4691 1075 2009 2560 709 3307 855 2301 1155 1292 3391 3329 1750 4052 2216 2200 3067 2226 4624 1606 2759 251 27 3760 2374 1542 567 2145 1895 2007 1950 3295 4057 67 3314 2808 3464 2083 1940 2673 3133 537 2926 2066 4117 2011 2082 4229 177 668 4116 2198 4667 1944 1492 3428 1683 1793 1039 
1532 1823 3047 3680 169 1856 1593 3432 4626 3585 3854 1887 1886 2426 4425 3180 2089 565 2609 1136 2623 916 626 1924 377 3101 4169 4674 1870 1496 4641 1033 1820 507 1862 1487 779 919 2906 3497 2976 3765 3902 2618 2817 1222 1780 118 2194 1037 3705 3715 3019 4116 4423 1818 3650 4480 480 2393 231 2028 1534 4670 1387 574 1269 4183 4277 1553 3327 931 1666 4499 565 1113 1387 3617 4100 3543 1015 3824 3431 1231 4158 3090 2299 3808 325 4295 2505 2469 4847 3178 4229 3675 
4241 4628 1762 1413 4807 1977 4427 686 439 2852 4757 1420 130 2893 706 864 2792 757 3886 407 743 3837 152 3750 3557 3629 3530 3586 4680 4663 3013 3014 4350 3903 3375 4748 2327 4904 1621 3203 2880 2240 1710 3387 3399 4321 3335 494 4760 3218 1359 3742 2217 376 4399 3972 3521 2408 2101 1791 3880 2485 4547 3654 598 2445 3868 1810 4846 824 1500 3410 1054 3841 2142 2412 3991 184 3742 2971 468 792 2283 999 3779 304 3169 628 4110 3672 2354 3107 1676 1323 2340 1243 
3159 3314 3037 4728 2504 1534 1184 731 562 4131 1549 229 396 4831 1138 2707 3920 4425 1204 1112 2705 2576 2615 1676 2056 4375 874 3079 2887 3640 2342 721 1906 917 3353 1804 1657 1376 3195 532 2730 3447 4423 2212 570 2749 1441 756 1438 2619 4082 1627 1211 1015 755 1977 1579 2106 4172 1843 262 24 764 2756 4634 3957 2021 3519 1400 3412 2163 2080 2714 1070 694 1207 2444 772 3070 4112 2756 2151 3814 3466 733 3743 1735 3729 859 3039 3291 819 2138 4857 2329 1200 
3020 818 3868 1555 712 2714 2149 2440 3541 1335 2201 1787 138 3098 3542 1732 234 1412 1086 2409 2336 4841 1923 3816 4231 1707 3534 627 2536 96 537 1376 3493 4565 1156 2545 1925 289 902 1585 1964 1369 1978 1632 1220 2248 2414 582 2801 4174 1940 1411 3440 1326 1716 1986 1312 1196 1525 236 1465 2791 3264 384 548 1177 3611 4249 715 3522 4732 3839 47 4551 3379 3539 1080 637 536 4105 2521 284 1883 4536 684 1567 3886 455 1243 273 2682 2226 1968 1525 781 2937 
267 1898 1096 2352 1826 3344 512 941 3278 896 1416 4147 2628 3978 538 1725 1183 1481 601 2322 3802 608 3342 4734 4467 1330 729 4587 3478 1874 3602 4122 973 3719 988 3389 1711 1629 2410 437 301 2568 4530 3498 2920 1210 3634 3660 3817 33 3215 2464 1733 834 2621 1183 220 4860 2519 3532 1313 4497 3153 2779 4514 81 3091 4597 1801 617 1834 1395 2678 2213 3678 1117 610 4442 2762 3475 3636 2111 3150 2932 3451 4448 4099 4386 4459 255 196 2447 2084 4053 2268 1413 
4260 2605 278 4385 3404 3351 1915 744 2573 1125 1458 3115 4625 1939 1433 651 2503 3574 538 603 1624 2280 3436 2858 1007 1928 3371 2454 1133 4035 2811 2430 3738 345 4845 4240 3816 656 4205 838 259 4322 3247 1123 4866 516 4423 4781 3219 1293 2239 1125 1192 3020 3834 3969 1524 3361 3928 4005 399 3438 4320 693 2179 3571 2604 2045 3474 3429 1507 3552 3460 2168 4669 1447 2931 567 4777 1795 3042 787 3491 607 177 4876 2134 1698 3808 978 855 4805 3004 4242 3879 1807 
903 570 1289 1333 4519 2658 1325 692 3402 2199 4789 1548 4869 1716 1442 4701 3127 591 186 2825 1114 2756 623 4414 315 4546 1800 3851 4166 533 2115 2429 1117 3874 1795 2162 793 4171 1543 4837 1105 3391 931 2051 452 4793 3427 2662 4493 2351 2363 3367 4107 1573 480 173 2604 4693 1347 1800 2938 3138 615 1200 2948 4620 40 3012 3357 903 1623 3004 590 1040 4318 371 2479 336 887 4388 312 2539 4839 4389 1110 1383 1335 1651 3314 463 4625 2566 470 1787 576 1106 
793 1625 4750 3912 3537 292 338 4639 3311 2676 3043 274 3997 2418 1127 4363 3728 93 3153 1202 837 3338 2065 4093 3059 3581 3140 1436 4396 2006 2672 3263 4403 2291 2572 988 891 3900 4520 2632 3823 1097 4659 3055 459 394 2141 4184 3395 386 942 4392 991 2170 2801 3295 4251 4758 823 3815 152 4427 3255 1922 2378 236 2809 1839 3005 2957 4736 4160 1357 2532 1601 4846 3289 83 1665 842 3546 819 3841 4346 919 4398 3274 102 1247 11 2117 1093 1905 29 1569 308 
405 3147 81 2936 2010 4529 1195 3944 2838 2123 1520 42 791 2466 2566 711 1583 2135 4803 725 799 3661 2375 1240 1120 3512 1280 1639 1827 901 3301 3175 1906 3059 1914 2546 1332 117 1470 2851 2613 4739 61 665 3574 3211 4744 470 1192 1363 53 3742 2043 1376 3849 1765 1560 2860 2315 4218 3873 3631 852 793 4615 1761 3647 185 4452 4075 4753 3200 2618 2911 3849 3038 2995 3230 3171 3557 2184 683 1356 2380 4029 4119 3605 3046 4292 3780 923 2039 4899 2919 3826 3155 
3289 3123 3774 2188 4908 154 2032 406 4357 88 809 4694 4344 847 1844 3530 1366 2822 523 2429 2059 2636 2757 2562 327 2547 1987 2718 1502 1518 2162 1912 3429 1755 901 4013 2011 1975 1991 346 2115 832 307 2907 2437 4806 4474 2972 4424 2764 3728 2045 1239 1070 2292 4534 532 3733 3976 475 2977 1794 3968 2134 1939 2281 1735 3161 3091 2020 4238 3647 1890 2219 1021 4247 2547 4396 1489 4209 4746 300 3362 2838 2188 3324 3854 2376 3729 4879 4173 3451 1409 3419 1100 1390 
3300 646 895 3531 2462 256 3158 1005 2357 1180 4129 1062 3351 4499 2371 1258 2660 3987 105 2589 2668 638 1963 1573 315 1997 233 3451 1787 2281 4557 4359 2677 945 1144 1392 823 4577 2791 4021 1549 3062 3232 3082 707 3070 613 2394 1400 2046 1725 3879 440 4503 1952 4585 1613 1189 2761 814 4337 426 2696 4367 4547 4078 560 1982 1371 3076 3529 3770 4771 2011 4892 1653 2453 4135 3600 54 4298 3077 3499 4358 2248 2388 4831 1872 1841 2096 119 1107 2793 2519 3984 440 
3351 2528 512 3033 2247 1238 4749 4087 4329 1782 1403 3791 335 2622 24 754 3400 4498 4170 2930 4627 2901 3181 3351 110 2176 2854 3239 3474 3735 2566 893 4576 869 179 4023 4909 1563 3762 2187 4596 3480 3580 3761 1955 4706 2007 2336 3608 1417 3510 2264 428 3768 2763 2471 4049 2192 1157 3509 1509 3372 3863 3639 2954 3189 2081 1947 4120 4009 891 4804 4192 4315 1282 4889 249 390 271 1839 3943 1619 1131 2733 1283 244 1261 315 350 3147 1939 876 2366 88 2388 2220 
1094 1750 4147 3020 3674 2760 871 1455 3897 2489 3549 3386 2984 1006 3811 4598 4540 2588 1396 2475 2481 4546 2545 1531 39 4423 3437 3444 518 3068 4898 2867 4834 1165 2793 1300 3932 3827 780 2630 1086 3309 1574 2808 4686 4439 2411 263 161 4042 4879 3579 2977 2806 2762 1682 1676 3158 446 1891 3432 310 859 3587 222 4605 2141 2640 401 4661 3687 810 84 2020 1494 338 3892 778 3871 3749 4338 2109 1034 4803 2123 1456 2148 325 4777 4645 575 2904 2881 1641 2748 3869 
317 1222 4850 857 3119 4403 4131 1304 4159 2167 4506 3686 2022 3696 3870 4302 1239 4309 1291 403 2526 1338 3372 614 4862 4554 2521 153 1383 4553 4268 917 116 3811 4182 4138 3381 652 4225 418 3825 881 2912 228 3479 4647 1149 4001 1658 1678 4789 4702 4329 2433 1294 328 4423 1777 83 380 662 471 3496 1815 1314 4386 1784 3862 479 2161 1577 4042 679 4787 1888 856 2281 1797 4115 3577 2231 909 4513 4371 717 20 3362 3722 627 2708 2086 1723 1137 1836 2755 2603 
3976 4482 2203 3450 273 3556 2950 3366 3062 3044 3272 1761 4202 769 4379 4161 4680 3814 4479 150 4049 1658 2221 309 3635 2234 4536 2654 2636 1824 4808 2893 4345 2590 3720 4340 288 481 4831 823 3342 401 387 1339 1157 1924 513 452 1975 2724 3825 774 4617 1293 3454 3656 2251 265 3206 2350 1431 3882 481 2100 3668 2406 214 2984 526 1069 4642 2952 526 2486 3477 3621 695 3563 3431 4520 28 1596 1740 3446 4122 3595 647 3219 4293 4774 2533 2286 3206 3494 1605 1799 
3550 2713 3844 3779 817 4336 3357 4686 4494 2316 2683 3332 2829 1448 3801 2220 1409 4065 3609 16 1390 506 681 693 4691 1779 1257 4155 2940 566 1692 4416 2534 3185 366 3809 4286 4301 4462 4274 2257 2331 829 1568 2582 4258 4376 3945 85 2703 3892 3998 3793 2934 1240 3487 3810 34 3767 4108 323 3243 1525 3328 3704 1617 3665 3325 2446 234 4330 4715 3844 3356 3344 3103 3570 1265 4552 3494 1887 3815 4515 406 715 152 3858 4731 2497 3457 3288 2927 1692 3548 1684 3604 
3913 2180 3720 2744 719 3221 3419 1726 1213 4588 4499 223 3394 4732 853 1870 2103 4455 204 4614 1927 3733 3679 3702 3251 4374 586 2714 3597 3243 1189 4760 3836 396 3986 872 1079 4763 4006 2332 1881 4803 4283 1877 4772 443 3337 2900 3492 69 4224 4847 3698 4510 47 2977 2825 2497 4291 4811 2084 1719 2271 4348 4551 3648 1209 4155 623 493 4232 582 90 4795 1988 363 3385 2351 4233 284 1226 3158 1860 3891 226 4254 3423 1912 744 616 3063 4047 3214 4712 1669 2760 
442 3907 763 2852 1162 424 3185 3487 3087 1235 831 2929 1454 657 1694 165 3355 4374 3114 3231 1193 4487 4320 1142 4157 1530 2663 3800 495 4839 2749 4361 2724 684 3808 2339 444 1216 2299 4289 4737 1356 3995 909 2944 4210 286 825 3501 3436 3527 3110 1546 1408 2273 3411 4502 1286 562 2895 2551 2561 4351 257 501 716 578 1726 4196 3776 3080 1048 4456 4567 2098 3774 183 834 2891 3008 3771 2070 129 3822 1509 1657 1725 925 4412 3260 971 3323 3205 3877 660 1268 
1443 4162 4093 3116 193 2671 1161 1761 2870 4885 1083 918 917 2177 3846 1868 4598 3079 3714 3321 3309 93 4242 3128 1731 4051 1697 4479 1795 4530 1901 3546 191 1839 1797 2474 2155 1278 1178 1296 3606 4396 2339 3059 2685 1590 2894 4634 709 833 3340 956 4235 2903 1955 2008 4166 205 1822 3539 209 4854 2360 4402 1882 3073 1515 1325 1760 3654 3469 3664 1591 3444 3642 1574 2718 1828 776 516 2818 2383 647 2437 721 2935 1619 2322 1054 1065 807 1943 1153 1330 3532 4670 
2806 1080 242 85 298 2727 1807 1407 1998 1836 1323 2551 4165 4773 932 419 1736 810 1313 1522 3450 356 909 4048 64 3639 3724 3325 2734 3882 4187 2489 1683 3270 3157 2406 2331 4021 1948 312 1199 1285 3459 3275 3945 2392 2637 4393 2317 3685 2826 2127 4688 31 231 768 1418 3005 3212 2846 4073 485 1469 3015 2369 3974 4654 1152 791 1598 2206 1252 3251 4162 194 4229 1419 3204 261 4605 4724 3965 3077 2462 740 336 1063 3763 2738 3929 1855 2269 2350 1406 3019 4848 
46 48 40
71 48 35
69 55 27
55 75 23
50 23 28
63 31 9
6 94 8
41 12 30
4 83 13
26 17 12
17 46 13
42 61 11
15 77 26
7 32 39
33 48 8
70 78 27
16 74 38
38 68 27
36 35 7
65 68 22
53 34 16
62 27 39
30 37 38
72 29 10
63 35 8
70 27 25
66 7 14
68 4 12
33 82 30
58 27 20
11 35 11
67 43 27
3 15 27
32 33 30
66 10 1
33 74 7
38 44 11
8 66 38
62 85 31
50 64 40
50 23 37
25 52 23
19 58 25
69 88 31
18 26 34
2 63 14
58 89 25
71 23 39
66 6 17
27 48 26
25 78 33
27 89 17
52 30 37
69 65 12
45 58 3
17 32 14
51 93 2
57 52 25
35 13 39
17 65 15
10 49 10
43 74 21
62 61 5
10 77 10
59 48 33
69 53 24
36 40 6
57 27 40
23 7 24
53 17 32
67 67 39
53 66 25
7 85 12
65 41 31
54 27 2
55 41 27
59 65 5
2 43 7
11 4 19
46 90 6
19 57 22
15 81 5
43 16 25
53 41 1
15 66 19
33 62 26
45 90 16
43 5 31
18 66 14
33 31 34
62 73 34
22 9 24
67 84 8
51 82 31
61 12 12
39 33 5
19 22 16
65 72 29
56 92 2
24 8 25
8 41 33
25 8 37
36 72 30
60 30 7
33 21 24
14 86 17
32 29 5
15 43 17
10 56 6
50 47 33
57 3 21
30 16 2
48 56 22
32 57 32
61 71 35
62 40 34
52 76 25
60 54 11
28 34 13
3 35 40
47 52 2
53 51 22
68 28 37
57 66 31
9 35 10
59 37 17
38 44 10
48 7 17
2 81 1
68 85 18
32 50 26
36 71 2
26 86 38
37 24 18
4 35 2
65 54 40
32 18 8
39 41 21
6 18 35
7 4 14
62 35 23
20 44 20
45 44 30
68 12 10
62 59 25
51 36 26
45 62 38
64 85 7
53 11 36
34 76 38
63 59 3
32 87 27
16 63 33
66 49 18
10 50 25
21 74 19
51 32 13
42 18 33
55 89 2
17 2 27
32 60 34
58 38 15
60 77 15
22 85 7
23 7 10
36 27 16
9 35 30
56 33 34
54 15 37
72 23 23
53 57 1
29 48 13
66 31 36
4 35 29
9 54 25
70 31 10
66 15 15
17 19 35
11 2 28
51 44 14
54 16 28
66 52 14
24 58 11
37 59 32
42 55 28
68 5 27
26 86 20
46 62 6
61 81 1
43 17 26
35 41 19
62 2 33
5 63 22
8 37 2
15 47 14
28 61 34
60 22 36
3 93 21
7 1 35
54 47 24
6 66 16
2 88 2
32 11 7
9 26 8
44 94 20
3 34 9
47 90 26
49 93 9
27 25 18
29 41 1
10 55 2
40 40 8
49 69 33
27 82 25
65 69 27
56 37 6
20 67 11
62 49 26
16 84 6
21 10 16
37 58 11
54 69 15
42 68 36
64 80 18
42 25 30
50 27 27
21 33 24
25 35 36
22 18 6
36 2 24
37 1 40
13 27 15
18 76 24
44 31 34
3 19 20
31 85 39
60 70 35
63 69 36
65 44 38
10 72 32
56 57 20
43 92 19
72 44 38
70 23 39
32 14 37
34 5 12
27 56 13
66 21 1
34 20 28
28 46 13
38 50 19
11 5 27
30 9 11
55 35 38
1 1 32
41 51 12
59 44 19
3 51 9
3 61 19
16 70 27
65 23 11
15 88 34
33 83 35
36 94 31
40 26 33
36 58 16
14 45 20
68 39 39
46 53 7
5 18 5
49 34 19
7 67 10
23 58 16
22 62 6
17 28 17
71 10 7
63 90 15
13 18 11
19 94 28
27 42 40
1 91 15
66 30 32
67 34 5
36 49 39
12 4 24
2 59 22
13 66 11
28 91 40
6 93 40
69 72 33
49 82 23
23 87 19
6 40 12
8 31 30
16 50 17
25 83 22
32 38 30
50 61 26
60 17 3
27 82 8
4 12 40
29 34 13
64 64 1
67 47 32
60 4 25
31 85 19
9 38 3
32 74 1
54 79 16
8 93 10
12 18 16
10 23 15
48 83 26
39 26 39
72 50 6
16 74 40
52 15 24
44 14 40
39 38 39
52 68 1
53 28 37
41 89 8
72 61 25
18 12 29
23 4 20
47 26 36
22 11 33
6 28 11
27 81 35
20 57 19
49 88 39
28 16 5
10 14 16
40 52 27
57 85 34
1 85 11
69 60 40
61 62 18
43 46 26
55 80 32
14 64 18
3 80 15
19 21 35
60 47 13
47 42 31
40 62 24
25 13 1
19 83 22
1 5 7
42 15 37
38 19 8
54 17 39
5 84 21
37 5 22
61 86 33
14 28 34
5 41 23
58 10 14
39 7 2
29 8 19
1 84 2
29 78 12
8 68 8
50 9 28
15 86 10
9 73 10
