35 94 644 7211
4447 795 451 3724 588 2094 2813 259 2035 1464 860 620 214 2809 617 3566 149 813 906 2603 2485 3741 2312 3763 2305 1101 317 1340 760 152 3938 931 4876 1512 3506 551 2786 354 2990 2058 118 1887 3422 4432 1118 298 2590 2818 1355 1913 710 3409 357 623 659 3401 1935 3080 730 2802 1163 3003 2755 4124 1245 2322 754 3985 3919 2282 503 1307 2052 1774 530 781 3051 1900 840 170 2207 1523 2000 1130 3028 2944 1436 3988 126 2240 4390 2009 93 1665 
4871 3629 345 1714 2132 3601 2405 2163 3682 2634 1795 4828 4072 2937 792 3123 1915 1530 1669 4048 566 1558 4444 2049 2820 3493 4851 1410 2291 4178 2292 2842 1410 1776 742 2132 1406 1236 1161 4002 2146 3696 2811 4290 943 2971 3886 4767 27 135 2438 420 4713 2760 2528 4010 1705 1481 3436 3248 3366 3501 4237 2249 2832 2453 1079 1160 3224 1936 740 3663 739 4052 949 155 3685 3432 4358 1501 281 1639 2701 1547 1676 3783 275 129 1304 1248 2401 1118 4881 3190 
4111 758 1521 66 4684 3523 2389 1236 3485 1646 802 548 2839 2905 4342 1261 4455 1065 3917 1446 3816 4381 3652 4798 3175 2377 382 3372 4819 589 3249 2444 3214 2161 4191 4025 920 21 3562 3059 4217 2381 2260 3537 1418 4177 3036 2316 1507 598 4585 2449 4516 3309 1969 3562 3156 1648 3305 494 3601 2959 1182 4248 3682 2356 1827 752 1648 1585 2982 4542 1741 49 2041 423 1677 2542 3483 2837 3420 3390 540 4611 1239 2774 871 2907 2957 748 1922 2720 512 4704 
1354 4791 2543 4271 4538 223 522 1054 826 1692 1779 4832 3516 3726 3536 1126 4816 1524 1289 2563 3168 656 4385 1716 3530 4755 2523 4501 2766 555 1903 3055 1299 3710 1694 4596 4145 420 2106 4786 74 1153 1528 1779 2663 2370 644 1539 4447 3045 2037 270 2630 2401 1894 3743 4188 453 1326 1283 1586 2552 976 2795 4228 864 4400 1355 1693 2026 3218 1789 1718 3819 4846 4008 4862 2409 4901 3945 2148 3171 3482 3626 3335 4593 2451 4023 1117 1542 1910 4583 3196 695 
465 4688 1675 4124 3227 2691 1883 4726 4894 2670 1182 4349 4357 4227 3710 360 3606 3443 456 4530 21 2257 1840 3893 1518 1903 1005 3142 4863 2686 3358 703 2255 23 1462 4097 3487 2584 3830 4752 1085 1425 674 1726 3986 974 258 1874 1136 2383 1407 4192 4252 982 270 4365 2489 51 76 2467 111 2682 1284 4559 3113 693 3002 3966 3820 1893 2853 3435 2872 2139 3163 1231 3517 1599 3883 2428 3038 4299 4490 2075 1209 4714 1363 4608 4768 4827 719 3863 3542 2201 
3561 4062 1449 1893 3209 1569 2495 1216 3283 2299 211 2818 2679 2942 3976 1952 77 3541 1359 4178 932 780 1825 4588 4748 795 2877 3374 4859 573 1748 1570 4813 111 406 4845 3646 2082 34 4786 3094 4265 3297 49 336 1263 4440 1608 2760 816 391 4440 3501 1745 4527 4511 4440 753 1485 738 3638 1826 898 2499 3871 3606 2370 1548 4196 2552 3071 1083 4270 1388 1859 4673 1986 376 70 714 27 2608 4447 2756 4042 2629 2147 4847 2258 59 2263 4313 2636 2349 
3336 3089 1581 3278 4706 4851 2854 2130 20 3476 4782 3021 4079 4799 2391 1513 970 2960 4008 913 1958 681 829 823 4760 2011 2881 3462 1761 4603 4200 2106 94 3868 4731 3345 1619 1356 1646 3749 1684 3888 1605 1498 3233 3531 27 1262 3266 176 3963 2289 4699 3717 2652 3075 53 4005 311 3433 322 1325 815 2765 3849 348 1809 3587 1940 3540 3974 2316 4681 1183 4747 2745 4358 4023 3308 892 622 2250 3898 1194 39 3004 4718 2056 3110 3063 4778 4036 2402 1318 
3985 483 4682 1308 3673 259 4040 205 3387 3534 191 1389 3513 4213 3146 664 3735 2200 1868 4582 2604 3556 2409 2327 89 3135 4531 3436 2259 1929 3433 2994 852 4419 584 4208 2164 2909 1365 1254 2970 4742 3542 4428 2588 3447 360 880 4173 4595 857 849 4326 2562 3107 2255 2132 3392 3067 1390 3425 2883 2396 1601 231 2577 4671 1217 3427 3442 3895 390 1671 1492 1701 1893 546 2960 2779 4065 4252 3392 1453 1903 1250 4677 4621 205 4507 1247 288 737 712 335 
934 621 1472 2369 4631 1176 3670 296 2037 2741 1437 239 13 528 3889 1653 866 1340 1692 4043 4537 1995 1324 2987 2275 1529 1169 2421 1372 185 124 4159 3677 4784 3752 3799 1794 3782 440 4243 326 4708 889 2863 1542 2848 3102 2146 1557 1034 4652 3286 1139 119 3394 761 1405 2422 2704 2614 2417 1517 350 2062 197 4516 1883 3282 2432 4396 226 1325 3374 4442 16 2214 2355 3681 3839 4641 3481 1484 1207 922 1100 2985 2976 1949 1458 3465 4880 817 3485 4294 
2514 609 2092 802 2952 3581 473 74 2790 303 3019 3742 1188 3379 2724 2630 534 2006 2803 4275 3550 3017 4149 4715 4141 2894 915 4783 2535 4042 3261 1785 1543 3775 2886 1886 88 470 652 1735 1419 2938 1022 1382 1611 2084 4847 3065 237 585 293 4187 313 1825 1619 2065 3236 4878 3442 2434 4680 3879 4748 2615 3273 2510 2866 1585 1342 24 3681 3434 4003 4898 3571 2358 1684 3507 2009 2537 3572 3037 4715 4883 3223 1045 3874 1071 3222 3384 760 721 1831 3280 
2579 4646 3563 4743 828 2931 1007 2832 2442 1880 1442 2781 2322 3865 4804 3125 3250 4020 1620 2193 3146 1511 1871 3092 372 421 4741 3092 848 1229 3167 468 954 4381 2945 2905 1767 3845 1151 4136 3913 2465 969 2378 758 2093 3679 3086 474 3876 3434 643 1121 3736 3021 2499 4243 552 3309 4696 3465 2889 1410 3464 3411 2688 2899 1474 1274 3626 86 94 3308 2024 1910 3645 2575 257 2173 403 472 644 1070 2148 299 1196 2527 148 104 4169 2429 2743 1398 3261 
2636 1751 3809 1956 3348 1651 573 872 1649 171 3550 2222 2055 1611 1296 3143 4076 874 4276 157 4447 4274 1854 3683 2588 4014 886 3296 3434 4300 2539 1049 3400 2852 3045 4472 1379 1957 3170 2420 1220 1551 1669 4559 372 3208 506 3084 3101 4824 2435 2281 3933 2051 1295 4149 824 1749 2996 1844 1453 4750 4182 4740 3397 1541 2497 2223 994 55 2937 4121 2357 3974 921 1707 924 1221 1011 1459 3497 3882 919 3582 2755 2664 4109 1738 173 3075 1500 210 2200 4005 
2844 3263 4645 4172 3583 2225 4478 701 2817 2224 361 1304 4533 4366 3332 3374 3930 2019 2699 3468 4142 1214 1634 2159 3427 1539 421 119 1629 696 795 4348 419 1576 2088 339 3653 4075 101 416 452 1104 1363 3716 874 752 4247 3829 301 534 4595 2419 4119 2937 4243 2578 3017 870 747 2456 2116 4357 999 4602 1752 3582 4829 4356 2903 3229 37 2781 4441 2598 3438 2308 3753 604 59 16 1122 172 4619 3231 240 4054 4293 925 2302 1282 3505 4791 4249 4174 
1386 421 3631 1163 4690 4870 2718 406 1112 666 2818 1479 3441 3540 838 2017 622 892 4906 3595 572 3930 671 4779 3244 3846 2204 2191 4520 4859 2561 3947 2330 507 4619 3642 4788 3885 330 2414 679 3773 1357 1746 172 1202 1300 3603 108 2114 775 1385 4667 968 486 4329 4739 4342 2408 634 4212 2949 1234 4120 4420 4850 1398 4771 346 3127 4314 4603 3910 3711 4304 4743 3664 3498 1389 3174 2988 1648 2167 893 2895 3139 212 1133 464 3806 4759 2050 353 2658 
2330 3528 3208 3798 1047 4846 4824 1425 2298 3944 2925 3995 1232 3405 1593 2561 225 2553 2232 1896 3373 2415 3822 2631 1114 4079 1330 982 3178 2884 1636 3066 157 2362 4767 2846 234 4638 3774 3115 3404 3532 1232 2269 4120 2222 420 3993 2119 3805 2840 3252 999 1092 409 1189 1689 875 1289 1748 4202 3821 3279 1938 1345 1476 3287 4557 4849 562 3025 3175 3514 3613 206 3152 2358 4137 4052 3727 523 1797 2497 3780 1952 4733 1652 3213 300 1142 1163 734 4657 4640 
3049 148 2057 2900 3990 1498 1845 659 4585 2983 759 3636 1484 2915 2278 3560 3528 418 2397 2485 2848 119 3252 3864 1755 279 3923 2328 4306 3350 4846 295 3815 2434 723 1789 3171 4711 916 2612 3376 2799 2430 632 785 4773 4208 216 2238 4156 4804 3218 2402 4314 2468 1808 4424 983 3827 949 3692 50 3369 2723 2617 4672 2198 4097 3764 4806 3897 2379 4793 371 3724 3518 2560 1116 356 4409 3154 2302 2135 3678 466 3066 4478 1876 4285 3211 1475 153 4518 619 
2964 171 577 1976 3544 1371 2732 2874 4784 4059 4279 572 2003 4521 1565 1051 3310 4322 2197 55 4352 3333 2290 1517 59 701 3829 1932 1351 3811 3945 1081 2877 1057 4213 2927 639 674 4185 3431 785 1579 2439 1752 2485 836 4856 378 2270 3126 2424 3442 2559 126 954 4548 4496 2382 2179 3124 112 2033 1456 836 2253 646 3498 924 913 1830 4322 3684 4595 803 1766 2922 661 2799 1112 1786 3806 3431 43 3526 4398 181 4566 4217 4317 4458 4687 4612 1467 2010 
639 1419 4756 2860 133 657 3000 397 2094 3625 3992 3673 4600 2366 231 4093 4684 1981 334 2754 1045 1051 2069 4239 992 2704 3258 4711 4355 2641 2875 1274 2400 1590 4806 4105 2744 1713 2128 1662 1295 2645 1066 3367 2512 2365 2872 2174 2865 4526 3523 4907 4775 2902 377 216 2212 2197 847 4292 3674 4574 3076 1393 4294 3439 4453 2832 3713 2998 1624 1567 4083 2280 3662 293 1207 465 4123 327 2389 4524 527 3220 3415 196 1905 1087 1695 893 1616 2264 3394 3606 
1039 3285 1089 125 2067 512 1326 3491 1146 3148 816 371 3357 4591 2558 1550 306 1138 3654 3905 4536 4186 2296 1493 3203 695 1604 30 1037 1183 2325 3713 1045 3758 1249 4036 1857 3848 3546 4221 845 4815 320 1165 3659 682 2562 1755 1559 1202 667 3461 3660 3324 2240 3537 2017 4287 2025 2339 2085 4097 3247 1723 4284 3076 543 2676 108 3702 3618 1663 1845 4540 2581 2122 431 1220 321 2997 2004 1750 1817 985 4133 1477 2722 2421 827 1471 1223 1923 3621 2966 
462 4906 1681 3949 981 3972 2059 4250 992 1971 3054 386 2058 1566 2737 4286 3350 4233 137 899 2875 448 1242 2727 1355 1072 1825 4100 2016 4766 4710 2616 2855 800 2256 1947 1573 4413 786 4368 3874 2126 4094 2051 2029 2647 1022 796 4709 3741 841 1833 412 2796 483 3743 4404 3266 3106 2082 4679 1457 348 1816 4299 1751 3890 1643 115 2510 1424 4734 3601 1712 4564 4437 753 3831 204 2742 558 2630 3925 2605 1551 2876 741 3945 4229 3971 990 3715 1078 4846 
2933 69 4264 2489 4537 4576 1098 3679 2511 1458 4141 1216 4517 1650 3363 423 102 4049 4040 4669 3692 1864 636 2279 3197 2198 2041 503 3368 3744 4318 726 1243 746 267 2614 4845 3343 344 1857 3053 542 3822 1560 1274 2221 681 2004 1586 1469 1589 2649 4423 907 1231 3819 1856 4535 2493 23 175 1645 1223 2633 3955 731 1140 925 2210 1412 264 1532 1016 4158 2777 4845 2156 1451 3160 2099 4147 1987 3558 262 2798 2059 139 2324 4702 3695 4594 3744 3680 1538 
4041 79 1076 896 2322 760 752 4766 1843 1807 2848 3055 1823 1631 4139 3983 2549 2970 4699 2061 2978 910 930 3377 2057 1167 2179 3994 3646 2173 1813 3514 472 1106 106 3100 1584 1869 2919 65 2754 1284 4816 4489 2563 3539 4142 3500 3388 2432 2500 2386 4143 2638 1033 4372 1140 610 597 3317 4205 977 907 1103 2922 2563 4626 3519 1265 3304 2314 2638 1586 4178 79 2580 3806 3577 731 2846 1818 1496 404 4276 3409 4088 1309 3169 3003 2076 2860 839 4874 3966 
1073 4449 980 813 3907 1886 1950 2645 2244 2797 3309 3146 1677 3793 4123 1387 1956 1072 4827 3433 2436 2382 633 1887 2866 4679 3841 3850 224 1067 3910 2211 2188 1027 3321 3659 2949 2177 2256 1343 1199 1580 1458 2555 3050 4644 720 328 107 1306 1712 4269 2785 3124 2027 3950 3154 605 181 2899 4475 4407 1166 3582 1324 870 2440 4303 4738 4700 4758 1486 4057 3613 740 3763 3482 28 4238 873 1596 254 475 4100 532 260 4638 4817 432 4571 4748 2825 2935 3859 
1255 4710 1189 4635 4300 624 3540 4329 3530 3802 205 1402 1674 1431 466 2580 879 135 4172 3418 1735 38 902 664 1657 1405 4356 269 4765 3433 2891 2538 3232 3381 202 2282 411 978 3903 4646 2313 1969 1695 49 1146 658 2897 4452 3959 2421 4745 2344 3271 4869 3031 2347 3651 194 3693 3545 4778 1332 3753 3011 1313 2341 3382 2384 4837 1834 1701 3923 4512 2671 4222 3991 3996 1043 1393 4023 3779 1605 3550 2091 890 3255 3668 3088 2219 1134 3864 3194 2099 1558 
4730 2772 1511 4544 175 3864 4223 924 693 1913 4415 2759 3223 66 1528 1571 3534 4424 2027 3934 4631 934 311 2244 2102 500 3472 2379 2005 994 2683 1019 3940 732 299 4708 2298 3250 2146 1823 907 2985 4134 1951 1405 603 243 1820 1730 3498 3308 3048 2845 677 890 4615 1407 3116 3942 1340 2457 3955 3920 2575 3636 36 3697 1710 4409 3161 999 156 2956 863 2380 2049 2797 4439 2804 4401 1117 4582 2986 336 1500 3506 157 3045 1116 3499 2014 1871 4083 3099 
3161 928 1964 2312 3485 2396 4802 2418 4689 424 3770 3810 4051 2487 3130 3255 13 3917 4571 4010 767 2013 1808 259 4479 4898 923 1584 782 3079 3506 2460 2565 4052 641 3135 3644 2121 2832 2074 2969 4659 3361 2222 1655 2000 1035 3847 3227 1648 3852 4345 798 2714 3374 4021 1759 4346 703 4735 2329 4050 4470 316 472 1935 4061 3420 3916 813 2455 2876 1091 2307 3006 1155 2053 1516 670 2612 4492 1860 1372 4336 3187 4630 1001 1646 3942 4707 1764 4537 3235 11 
3939 1039 3596 259 28 2444 4192 659 2303 3949 1685 527 4662 174 530 3381 877 466 1600 4448 3787 4797 1660 3553 2324 4507 2567 2814 4421 3803 1112 4212 3899 3673 1254 1391 506 1885 326 126 1679 2704 2560 1824 1799 3826 185 2001 253 4282 4776 3685 2116 1014 2036 653 2567 2462 3924 4009 1890 717 2356 2433 4809 1537 4509 1312 303 1295 773 3889 2875 872 637 2503 865 3945 3156 213 3456 158 489 2919 2081 878 2722 781 4629 2354 1750 4054 4820 3591 
1729 1815 258 2653 3242 2463 673 4592 352 4606 23 1965 1999 2148 4769 2371 3059 2379 4229 1403 4683 1077 1778 137 944 2196 1190 4033 144 1680 3335 2756 2370 2521 2259 2399 2852 3314 4751 3275 4233 198 3460 155 3770 4524 2494 602 3162 3806 3958 4659 4542 4902 4868 2978 196 2212 2147 2102 3408 2546 3812 2472 2722 16 4060 1489 3377 3872 4404 72 4152 2567 1629 4692 1721 111 4035 470 1474 993 2040 1135 4371 3214 693 4638 4214 4078 4467 3585 2213 4839 
3177 166 4293 3275 2986 670 4340 2593 2611 4408 4847 3435 2597 1829 3997 3755 3056 1137 1568 3100 2193 3775 4105 1196 4424 4625 2379 579 2476 2731 190 785 3631 1193 1032 315 4904 1556 1026 4339 2772 4594 2721 206 3300 1286 1968 448 4482 2224 125 542 379 2150 3548 2004 420 1586 439 2961 4266 1128 2546 3894 4099 527 4242 3354 509 3776 1573 144 4135 51 31 3456 4116 634 1115 135 4307 3259 203 3409 3357 1870 2931 4304 4431 4076 3462 2482 324 4554 
1007 3925 2702 4869 109 2091 1644 3357 1198 2119 3351 450 702 1545 160 4801 4124 637 28 4351 1228 2713 4360 1525 4696 1030 4507 3374 14 1791 1998 1449 4082 1480 458 2084 1557 1518 433 2122 1746 1170 2157 1583 2461 4860 3205 2709 123 815 2315 3188 18 1456 4099 254 1806 3873 1145 1408 1453 3426 2772 1407 4853 4618 1305 467 3332 2148 3151 3619 3058 4349 1577 1653 4906 3071 1126 3933 4131 239 3787 3068 2825 2826 3585 1630 1581 387 4557 712 4059 4440 
4481 1403 3895 2200 3550 628 2009 1073 1613 477 471 4823 2258 4096 4088 2030 1874 3085 4638 100 2931 2542 4304 4519 3087 4079 1756 530 3760 508 1384 2058 639 2237 4014 2154 2342 2905 2523 4050 4585 2179 3142 2079 1117 2022 3028 3075 268 4219 606 437 4735 991 2007 4077 2305 2319 2068 1122 595 3812 2728 546 203 1705 1313 2367 3174 1298 1424 4505 1825 368 4590 3742 3931 3085 3853 3176 4820 2372 504 3489 2951 527 2306 568 1772 4726 2365 529 871 1265 
3835 4615 3550 3697 1987 2002 2303 3136 762 2968 2851 3976 3474 4124 4832 1676 1160 1195 2078 618 2954 3579 2779 4217 3029 2373 586 2922 1941 4778 1831 286 2926 4251 4191 4017 1134 4241 2701 961 3592 3227 3426 2071 1089 3197 1347 1341 1102 476 597 3854 3116 2715 680 833 1840 1909 256 1395 95 589 446 1559 3243 4859 1499 1931 1998 650 1828 4441 904 4814 2275 1443 84 2294 844 4124 2506 2857 2636 4009 288 2920 4616 4723 922 575 4882 4235 2816 3134 
2930 1231 2128 4746 4874 3140 2137 874 234 4909 3884 1612 4323 1699 4415 1028 3721 1136 3704 3912 1577 776 1833 4686 1603 3817 3107 621 2955 3100 1294 2131 1187 4152 922 3218 4818 4372 412 4749 1578 4822 3893 1286 662 997 916 343 2503 3552 801 4112 173 3975 3838 1757 4906 1948 4312 3142 4289 708 655 2243 4373 4023 1390 109 4051 3708 303 148 4081 4349 2272 1843 3638 2995 894 1886 1777 1321 1863 1615 617 2834 2389 1627 4446 3602 1911 2398 4667 1253 
919 1025 3095 3981 3376 1429 840 2326 4652 1247 2997 3887 2178 3709 4765 530 4553 3705 148 1519 3126 980 738 200 1174 3176 1734 4792 4332 964 722 2041 3685 2375 3423 4104 3669 1746 2956 2573 1828 4717 4113 2892 1637 3445 2470 4621 942 2072 2814 4211 738 3506 1224 3871 715 19 1941 4759 2672 1591 1136 1061 445 1827 3338 4844 1016 2079 3663 2364 2117 1038 4176 4846 2530 3372 1650 1196 3425 4334 1078 4047 3720 3692 4265 4457 3517 4689 2275 4199 2344 311 
4771 871 1313 2456 4696 1878 2335 4531 3021 600 1839 1746 1936 3843 1193 2832 4668 2148 3083 3781 2072 2878 4054 1631 3625 3462 851 539 1198 4705 2043 348 4518 3914 1288 2618 1919 1794 775 3240 1021 3817 2590 4195 625 1800 4757 470 3562 4508 1731 4749 916 4005 1899 1923 436 3397 4855 2674 3960 4553 3346 2768 2174 4161 1638 4510 1318 4696 3987 1050 1745 4656 2309 1653 1853 2395 4597 2643 2890 4751 2067 4840 3096 2741 2623 4010 624 4008 3463 2503 4862 590 
13 61 1
31 59 36
17 52 40
20 76 7
16 83 6
9 1 30
31 85 33
20 75 23
3 67 31
32 90 14
1 22 37
33 68 8
3 64 2
30 43 6
22 4 5
23 35 19
24 28 32
20 36 26
26 75 17
33 54 24
28 64 17
8 54 18
5 47 18
4 57 8
27 66 33
25 31 27
14 92 29
1 20 37
23 26 36
15 67 39
3 84 15
30 9 16
22 39 10
22 69 9
22 67 6
1 83 19
16 68 34
22 13 27
32 87 35
8 41 28
10 62 4
30 30 28
25 73 21
2 73 39
29 29 18
13 11 12
15 36 32
33 34 9
24 81 16
30 91 19
12 35 10
29 54 37
12 16 19
31 9 33
27 86 16
8 56 27
8 27 3
25 9 12
7 50 24
14 63 27
15 6 15
11 31 31
19 37 6
32 61 21
23 34 16
17 65 34
27 91 15
11 23 6
23 8 22
11 78 27
4 45 30
12 28 12
7 59 15
27 15 24
7 72 31
23 70 7
15 70 28
32 42 29
1 20 21
17 16 24
33 24 36
27 45 9
21 88 27
33 6 38
9 27 27
23 32 15
17 56 2
12 92 8
22 38 7
17 60 23
24 84 33
4 84 19
22 74 12
12 42 31
8 29 35
28 17 27
10 19 8
16 50 39
4 24 19
33 52 21
32 77 27
20 45 26
1 16 38
12 70 15
3 80 35
33 18 31
4 47 4
3 2 18
28 45 29
27 39 27
24 7 38
7 8 7
29 19 15
4 68 13
13 53 36
33 69 19
29 77 10
15 80 39
1 38 39
2 66 6
22 75 27
32 1 37
6 20 2
27 13 35
30 67 38
11 61 25
24 2 30
21 27 25
17 40 9
6 65 1
14 67 3
20 7 29
29 87 18
9 30 3
12 56 4
29 38 4
1 25 24
2 71 24
11 57 6
1 21 8
16 25 2
13 54 33
19 77 9
16 74 9
5 47 6
18 23 2
5 88 19
3 87 38
19 13 33
15 80 10
33 49 17
21 31 11
20 11 13
2 59 31
8 68 19
31 9 20
12 76 2
19 50 22
17 88 32
5 58 24
23 57 37
9 78 28
19 42 34
12 88 40
27 19 18
2 36 5
31 82 16
11 23 6
6 52 23
16 89 23
18 51 30
1 3 1
24 74 28
21 30 13
19 91 36
20 81 37
32 86 15
32 51 36
31 68 10
25 59 23
20 42 30
10 69 12
20 62 25
8 76 37
21 46 5
6 24 30
33 4 10
13 38 3
28 85 13
31 61 34
18 56 15
2 75 8
23 92 35
17 76 31
30 26 19
14 6 37
13 21 30
13 60 7
22 41 26
1 91 25
13 60 21
10 79 13
28 29 35
21 17 16
23 40 23
27 34 36
5 30 3
17 36 2
20 36 37
2 82 12
19 1 34
32 76 36
5 49 29
19 85 36
6 45 9
15 52 18
28 68 19
8 68 7
15 24 8
16 24 34
7 16 16
3 53 35
12 71 1
10 80 23
18 26 12
29 91 20
31 1 17
23 87 7
10 56 37
22 46 19
3 4 14
1 65 40
5 24 26
1 14 25
2 30 36
32 70 25
7 23 35
12 44 21
28 72 38
23 82 30
23 37 23
33 8 19
29 10 11
21 11 19
27 45 25
18 81 32
12 21 6
4 52 31
24 42 24
16 30 34
8 66 31
4 23 37
3 61 40
30 23 6
18 3 19
16 61 36
2 69 37
1 59 5
17 69 16
29 90 7
3 46 22
14 30 3
3 14 4
30 68 16
18 73 30
33 92 28
30 69 13
17 67 38
4 31 33
31 41 3
13 48 18
16 52 28
22 74 18
20 61 25
13 55 29
3 54 37
32 81 18
32 40 7
14 64 21
10 91 13
4 59 18
7 8 37
17 67 4
5 59 12
21 31 7
18 57 27
7 46 3
2 76 6
6 47 35
33 81 26
29 53 26
21 86 22
16 22 38
2 48 3
19 42 8
5 71 4
23 45 21
30 6 38
20 80 13
8 64 1
24 30 30
33 32 17
26 32 8
19 66 13
12 61 24
19 23 14
9 52 28
33 76 5
25 10 30
17 30 23
19 38 3
22 84 8
30 35 18
2 54 7
9 68 19
9 62 32
25 18 1
2 47 27
30 76 13
3 69 37
30 12 5
3 49 38
9 45 30
10 55 3
26 36 2
17 56 40
29 62 22
6 21 16
14 75 9
11 76 28
19 76 40
33 89 27
21 14 12
8 92 22
28 29 31
20 38 22
33 45 38
3 21 12
9 15 15
21 31 28
3 88 6
32 90 40
33 3 19
32 25 24
14 84 35
8 84 22
17 55 3
26 24 13
19 62 25
3 62 16
22 38 27
27 83 33
6 40 34
2 46 38
23 43 26
12 76 28
19 88 23
15 60 22
33 54 33
17 84 20
32 6 20
32 20 16
25 55 22
28 74 26
26 14 36
22 67 11
31 51 3
9 40 18
10 62 19
20 56 5
11 29 9
3 9 35
33 44 6
7 49 2
24 7 9
26 17 16
32 75 8
4 72 31
9 17 32
28 83 24
27 29 38
33 21 11
12 85 27
6 40 31
16 52 15
18 19 10
27 85 33
22 64 1
24 76 22
22 91 20
10 36 35
4 79 36
9 24 15
24 38 32
21 17 35
6 90 37
19 29 22
21 26 30
28 40 2
17 43 19
1 18 21
30 17 22
33 78 35
32 39 10
6 9 6
2 18 29
32 72 24
24 34 1
12 54 36
9 7 15
8 21 19
31 76 30
33 62 20
33 17 12
11 1 8
23 86 32
29 28 3
26 36 35
11 33 32
19 92 35
16 47 37
17 7 37
16 19 10
7 41 34
4 25 30
8 83 31
33 5 14
17 48 5
19 75 33
9 16 28
4 83 28
30 49 28
16 50 24
12 83 35
14 58 9
10 3 10
29 86 34
12 68 3
22 33 1
17 90 29
4 31 17
13 45 37
5 36 13
19 37 21
12 45 30
29 31 26
5 30 5
18 48 37
13 60 29
16 12 13
14 18 36
20 90 4
3 15 20
26 63 26
21 83 11
32 73 5
1 21 36
22 76 39
21 82 37
1 72 7
2 74 3
7 4 20
15 11 8
18 62 20
17 86 5
19 47 26
16 20 28
23 37 20
29 41 31
22 30 13
7 33 17
21 49 35
20 77 14
27 46 21
7 56 22
6 71 20
12 11 3
14 39 25
28 69 5
29 14 21
20 59 39
1 6 35
13 3 6
31 23 31
10 68 7
29 35 36
24 14 1
29 37 5
26 10 14
21 50 4
16 50 12
33 64 9
10 45 39
11 46 34
16 28 18
28 84 11
26 67 29
2 42 20
1 50 1
19 34 25
32 21 2
26 50 8
16 35 5
4 17 26
14 71 36
33 53 18
20 64 12
12 72 27
8 13 35
33 35 27
2 80 26
17 16 23
9 38 10
29 91 1
30 84 25
24 6 22
15 48 14
3 7 11
6 65 32
1 91 40
28 61 37
15 47 2
28 20 24
21 30 33
18 31 10
33 2 14
19 80 27
31 35 24
32 15 21
14 3 13
24 91 39
32 88 9
12 14 19
28 61 21
7 92 33
20 24 35
12 20 24
18 58 10
22 10 33
8 13 12
32 31 38
5 5 34
26 71 18
23 14 24
16 48 24
12 48 19
1 9 34
3 70 10
22 74 22
4 8 40
29 1 28
28 57 13
17 46 5
23 24 31
1 87 4
8 55 15
25 65 27
18 23 27
10 72 17
33 75 21
22 24 35
20 68 29
23 57 21
11 45 1
21 66 35
14 25 38
15 86 32
17 85 11
6 40 14
4 65 35
31 13 38
10 74 34
14 74 4
24 91 19
8 87 39
8 85 16
31 46 5
13 18 37
25 79 22
28 44 29
7 83 22
1 17 10
7 86 26
1 9 33
19 48 31
29 77 35
6 28 12
14 38 32
9 53 14
23 38 28
24 15 33
3 22 11
3 5 11
15 85 29
27 66 7
23 84 22
26 56 25
1 91 5
11 46 21
25 24 32
31 78 21
2 87 8
19 14 25
6 58 17
21 38 4
5 51 36
27 57 12
30 82 17
19 67 18
30 64 24
30 64 27
2 12 1
12 35 12
7 9 38
19 81 13
18 54 11
8 47 29
13 26 35
7 35 7
23 77 20
26 53 7
23 11 4
6 16 35
1 79 36
16 91 18
15 67 22
33 55 23
31 37 27
15 55 19
28 49 39
3 23 15
11 45 10
16 30 23
24 72 28
6 20 2
33 30 9
18 40 27
33 30 32
15 16 7
32 57 7
6 39 20
1 32 23
30 64 23
5 54 27
4 46 24
29 12 24
31 5 31
7 45 1
4 3 4
29 48 21
9 86 31
11 66 19
23 31 23
9 29 2
6 13 15
24 24 19
10 61 31
29 12 35
28 51 17
22 17 32
22 57 26
21 5 9
15 87 25
19 41 9
3 62 24
19 36 19
17 86 24
24 49 16
31 40 38
19 62 14
12 87 12
1 57 36
19 3 24
33 86 29
8 20 20
9 22 16
23 86 25
16 13 26
27 3 35
13 48 10
25 52 22
22 39 13
6 85 1
14 35 30
21 88 22
7 46 11
25 81 26
17 83 17
2 68 39
3 41 10
17 17 19
26 62 36
20 13 1
1 58 12
2 64 32
7 35 10
20 35 16
8 37 20
30 50 16
28 27 4
13 47 4
7 56 4
24 16 40
5 38 24
31 69 24
30 61 28
27 67 15
17 54 37
23 75 37
21 59 31
14 55 13
23 17 36
1 81 33
14 11 21
11 16 28
5 66 5
3 78 35
28 22 11
27 34 38
4 66 4
5 16 1
33 80 30
28 84 40
31 71 7
19 66 36
31 8 13
9 38 1
3 82 9
18 61 28
25 78 2
20 18 1
13 62 30
28 59 6
8 85 26
28 23 40
9 80 7
7 35 23
32 43 8
25 3 29
32 29 2
33 80 26
5 26 26
1 65 30
12 25 27
7 61 27
9 53 5
24 33 31
13 43 3
19 68 27
33 81 32
30 52 29
9 11 25
2 56 11
32 39 32
26 68 15
19 43 29
15 81 23
6 3 20
5 45 40
31 20 39
20 61 22
11 33 14
14 57 12
2 63 24
8 35 8
27 48 35
18 22 20
25 66 37
1 32 21
31 46 19
13 54 37
18 41 6
23 89 35
15 44 34
23 83 3
17 77 11
30 40 39
33 42 7
6 16 1
19 65 36
28 88 3
7 49 28
5 49 20
11 13 36
27 10 34
27 7 20
30 24 36
29 63 21
9 24 25
21 18 26
30 64 34
8 70 8
16 2 6
7 58 31
22 82 20
25 40 25
6 67 28
14 3 13
19 53 19
4 39 12
23 8 15
25 81 11
19 18 29
10 78 25
5 74 17
4 32 6
1 70 10
31 26 38
19 58 38
17 15 21
5 79 27
22 60 6
10 1 9
2 30 35
17 78 26
16 84 4
19 10 13
5 13 37
12 89 36
14 37 27
32 80 3
10 83 1
9 37 19
26 70 25
22 54 29
22 8 34
16 49 36
5 48 17
15 33 4
4 65 32
22 8 14
13 16 31
15 52 13
18 70 27
1 85 37
32 85 37
21 82 28
22 83 32
17 72 39
32 67 11
30 92 34
20 14 23
7 78 22
18 65 15
33 29 26
27 81 20
9 14 31
17 28 4
20 52 27
27 83 32
32 69 7
17 87 37
17 69 40
25 85 14
9 92 40
31 33 16
31 40 31
15 83 33
1 82 10
23 64 26
33 91 32
20 41 11
18 22 27
9 25 4
5 10 14
24 50 20
9 18 17
20 54 21
30 70 37
24 40 16
28 37 40
18 58 5
1 25 32
30 53 14
12 68 17
20 64 38
13 27 25
10 92 24
22 7 1
30 81 16
15 42 12
30 47 17
21 63 19
10 57 16
6 77 15
32 44 10
12 50 25
21 75 29
21 12 21
15 13 16
14 62 33
28 71 20
29 5 6
31 23 39
8 53 16
23 58 30
30 46 40
15 39 35
16 20 14
26 44 17
7 46 21
10 18 27
19 28 19
26 63 40
7 90 34
7 4 39
9 52 15
16 43 13
25 58 38
6 69 31
29 30 33
30 12 5
12 38 23
20 14 36
30 3 19
23 50 22
9 1 2
5 56 27
21 66 23
11 2 32
14 23 28
15 20 29
16 73 24
16 72 22
2 55 37
6 69 34
24 50 39
30 56 28
6 22 13
10 13 36
27 57 26
20 42 25
16 36 36
13 31 31
31 88 20
19 84 22
18 60 13
29 67 5
26 15 31
5 55 18
24 74 40
6 53 7
11 3 36
5 76 20
30 68 17
22 34 15
31 48 34
1 67 20
24 45 6
3 57 35
14 91 14
9 23 36
13 8 16
12 60 20
2 42 24
20 34 31
14 45 36
15 11 5
23 37 6
12 8 9
7 17 13
9 92 32
30 35 31
16 27 6
27 89 11
28 7 29
8 41 6
13 7 12
13 13 19
21 63 40
26 87 11
11 42 18
31 81 38
29 81 33
4 37 16
10 69 13
32 48 10
25 71 36
16 82 22
11 40 14
12 37 24
14 87 11
31 7 13
3 12 32
5 66 17
15 86 26
13 48 23
6 44 36
13 72 30
5 14 9
24 48 24
3 70 14
11 29 14
27 10 5
19 86 27
20 57 1
2 17 39
14 7 4
32 47 21
23 24 28
9 26 8
18 39 14
9 77 40
32 45 21
4 54 8
16 66 4
21 55 15
32 60 32
28 13 3
17 81 10
13 58 21
20 68 6
6 60 36
18 18 40
16 53 17
17 87 18
15 21 25
4 74 34
25 3 40
19 18 35
11 37 5
22 60 35
21 77 6
14 64 2
30 75 39
12 88 15
27 53 1
8 18 27
30 85 29
3 16 35
23 78 5
3 72 17
1 73 13
7 71 32
20 45 11
1 71 5
13 49 11
2 70 17
23 72 20
2 37 29
26 88 38
13 29 3
8 1 23
18 40 28
28 2 10
16 39 12
18 84 8
16 6 35
26 20 31
20 63 26
18 11 7
25 88 33
23 5 3
29 92 20
32 57 3
24 16 7
13 39 37
1 9 30
4 13 27
25 31 26
2 65 21
21 26 31
27 64 22
5 27 33
3 34 28
12 83 25
5 70 10
23 65 17
21 74 27
32 52 15
20 50 38
8 39 26
17 19 27
3 10 12
1 36 14
13 5 36
21 49 35
1 61 18
17 51 1
15 71 9
14 53 14
9 31 25
8 3 28
2 89 36
29 37 27
14 3 36
31 40 22
18 66 10
19 90 17
15 22 4
32 80 18
8 61 13
20 63 16
19 50 25
27 52 17
8 15 32
4 6 2
18 63 13
2 34 3
18 15 40
16 68 10
12 4 36
24 48 30
17 39 27
7 22 22
1 38 36
19 64 33
1 26 8
14 92 18
12 71 31
10 35 28
26 17 13
22 43 36
25 81 35
4 45 2
8 73 30
27 42 35
25 15 40
18 39 29
31 38 33
4 18 30
2 41 16
16 52 5
7 3 5
27 76 28
4 70 3
19 34 15
26 10 28
31 90 24
33 24 40
8 86 5
6 61 27
4 86 22
7 18 31
7 20 3
13 24 5
25 90 27
5 33 27
20 18 33
13 43 13
4 87 4
20 39 37
15 36 5
25 51 9
10 56 17
29 86 30
23 24 24
17 28 1
20 23 24
29 66 7
24 71 21
5 44 31
13 77 36
14 65 5
17 90 23
24 72 35
2 40 20
20 6 22
5 64 25
19 3 29
18 6 13
5 80 20
27 10 22
4 90 34
21 54 31
14 8 19
28 14 40
1 19 27
33 52 12
4 21 19
21 50 37
4 49 13
4 58 12
30 42 25
14 58 17
12 69 2
14 68 6
6 13 31
26 1 32
3 79 5
8 68 8
32 52 18
7 38 7
10 6 8
16 85 32
32 60 5
28 46 15
15 17 15
33 80 14
33 80 14
18 33 18
15 19 12
15 29 7
27 87 6
20 8 5
23 80 30
20 90 22
7 8 1
13 22 21
20 31 29
21 29 20
14 72 25
21 6 25
13 5 31
5 44 12
19 34 10
4 35 4
27 3 13
7 41 19
9 72 39
21 37 18
29 60 14
33 92 39
14 89 9
6 11 29
23 31 7
19 36 16
31 57 23
25 91 18
12 17 14
1 46 2
26 90 12
31 18 7
11 56 2
16 11 31
8 36 19
32 28 7
19 13 9
24 28 14
25 33 17
32 34 26
9 20 39
30 88 3
2 87 22
11 22 22
3 53 10
15 58 24
17 14 3
20 54 23
30 90 7
13 8 7
5 74 12
15 35 21
12 35 4
18 56 7
7 61 7
14 58 32
32 71 7
10 78 12
17 79 17
22 91 2
12 32 17
33 86 2
2 6 8
4 14 14
5 48 24
11 83 8
26 20 19
26 35 2
4 82 28
30 64 37
3 54 2
30 26 39
31 79 8
29 2 25
8 65 31
13 44 6
7 22 5
1 73 35
2 28 22
8 45 1
30 77 5
19 10 35
25 89 11
32 73 3
27 19 21
27 28 39
8 24 11
22 21 31
28 65 15
27 62 22
8 9 30
8 7 5
13 7 26
6 48 27
27 28 39
1 49 40
17 45 40
32 92 2
15 30 33
30 33 20
13 9 9
18 44 1
12 87 15
17 65 9
18 81 15
31 53 3
19 21 37
8 17 25
13 54 19
7 33 36
27 16 32
29 57 12
22 86 34
4 49 31
29 32 4
15 21 13
27 78 10
27 85 39
12 77 14
6 39 3
31 16 16
20 32 26
28 26 26
19 47 23
19 9 2
14 4 1
19 29 29
26 58 16
7 31 8
26 74 34
4 56 22
19 12 23
5 29 1
33 73 18
32 35 5
14 65 16
20 92 3
11 11 13
8 22 12
27 92 36
30 63 16
17 69 37
29 41 22
13 86 11
20 44 19
29 65 24
10 91 34
30 7 4
29 91 20
22 51 30
4 73 21
20 91 30
25 86 14
29 91 31
30 55 10
25 17 8
28 15 16
23 65 27
6 31 11
28 41 34
5 58 32
11 13 26
16 26 32
12 16 25
4 73 5
11 26 13
17 3 16
3 29 32
27 59 37
3 78 2
22 63 20
24 28 3
25 43 20
23 3 11
13 91 4
19 26 11
22 49 36
25 31 36
4 83 35
13 83 25
11 91 13
7 86 31
8 87 10
3 16 11
7 78 35
3 17 16
10 67 2
15 65 21
20 1 20
22 34 4
31 56 30
7 73 37
18 24 4
3 80 31
33 39 4
4 48 26
21 66 12
14 18 19
16 91 8
14 34 23
5 85 23
11 4 37
6 57 9
18 4 40
2 29 24
4 66 5
4 81 28
33 4 38
26 26 16
30 64 14
10 20 24
31 90 11
23 66 10
13 14 20
4 86 14
18 18 26
6 32 33
28 7 2
14 35 15
5 76 8
27 57 19
25 1 37
28 9 27
12 57 31
12 29 15
21 77 40
32 78 21
11 85 29
13 64 8
6 60 12
17 28 12
25 60 17
33 77 26
18 71 2
8 31 24
21 64 4
20 81 29
9 85 20
17 62 6
13 5 6
1 46 23
21 18 27
26 63 18
6 16 35
31 70 38
12 46 30
13 70 17
11 92 29
7 31 32
24 62 11
1 3 7
8 8 11
5 57 13
8 42 29
12 35 2
33 44 34
30 21 17
33 86 36
9 15 15
25 32 38
21 57 34
32 19 29
23 17 3
4 25 21
25 63 7
12 80 22
20 70 20
27 54 23
29 20 14
23 65 30
30 1 20
6 78 13
30 33 23
10 6 17
9 31 5
27 91 40
10 75 19
17 65 13
10 65 20
2 21 32
27 17 4
27 38 1
2 89 5
18 66 5
20 6 35
29 35 37
1 76 32
5 41 28
26 11 8
6 47 16
32 7 5
3 64 17
11 60 12
17 55 18
9 45 35
24 20 29
11 69 7
12 7 20
30 9 9
19 36 27
2 12 39
29 58 35
31 33 10
8 1 38
31 32 13
20 40 14
29 45 1
29 85 30
5 29 15
30 27 38
22 38 35
20 43 16
23 6 6
2 89 3
27 47 36
1 71 12
7 36 36
12 45 38
24 2 21
26 6 8
2 40 3
6 2 24
9 2 14
5 66 19
26 47 24
29 73 17
20 45 21
20 28 40
12 24 17
12 48 5
17 65 15
16 82 14
17 65 27
28 61 25
7 8 24
30 83 13
12 55 13
3 50 28
18 80 2
17 6 27
9 34 15
28 24 13
17 23 14
21 71 17
15 51 26
7 33 36
15 56 25
32 51 34
1 53 17
16 1 28
30 40 16
7 68 33
22 78 36
32 81 39
30 86 8
3 26 12
18 90 32
21 28 27
6 74 1
19 22 9
11 49 25
26 40 6
18 23 4
23 4 3
10 21 13
14 22 11
14 68 1
10 53 25
5 30 16
23 24 7
2 13 19
28 84 35
6 86 4
28 2 18
32 83 16
1 32 14
9 33 22
26 20 25
21 45 32
32 19 29
13 63 15
9 39 11
7 31 18
8 19 17
1 31 24
28 55 21
14 33 36
2 71 31
12 67 26
17 66 8
4 60 26
19 91 39
32 44 26
11 3 19
6 7 19
32 19 1
8 19 26
13 59 5
13 55 5
28 86 2
16 58 3
1 79 25
2 52 9
7 40 16
31 13 10
26 47 17
1 25 4
27 54 40
7 41 35
12 38 17
15 72 9
22 64 25
16 51 18
13 42 33
10 89 34
2 38 1
1 53 38
4 16 24
5 70 28
31 78 17
19 31 3
2 42 12
24 35 4
1 39 35
6 18 8
28 69 3
6 81 5
22 63 14
26 72 33
10 53 2
22 44 25
32 20 19
1 40 27
11 90 19
14 91 17
18 41 3
2 4 30
6 60 5
3 49 28
8 27 6
13 31 37
6 76 35
19 65 13
10 79 33
2 70 8
30 25 32
31 90 29
31 49 1
7 52 27
32 69 24
33 13 39
15 35 29
22 48 6
25 77 1
17 11 3
17 14 1
27 92 24
21 64 7
25 51 6
8 46 33
22 24 7
31 4 6
4 72 32
11 55 5
31 72 11
6 86 5
32 89 38
7 18 9
23 43 15
31 91 19
9 50 40
4 15 33
23 61 34
30 40 37
25 58 28
28 83 22
14 75 19
7 90 14
13 8 4
20 24 20
2 49 22
15 39 1
27 72 19
16 62 28
1 69 14
4 34 39
8 75 1
31 61 24
32 50 37
23 28 24
20 34 14
25 38 29
12 92 6
27 38 1
30 71 37
27 18 26
25 30 13
1 17 26
7 31 24
23 14 40
33 16 25
6 58 29
11 37 24
11 52 17
22 90 8
20 60 29
13 75 37
6 88 16
22 62 37
7 28 1
29 91 2
13 36 36
27 90 2
32 42 39
27 40 39
17 84 28
4 87 35
14 26 10
11 43 4
18 62 37
17 27 11
20 30 20
5 32 24
26 17 34
33 46 26
5 75 39
28 11 10
13 17 13
27 6 40
11 10 29
17 74 7
33 12 28
1 24 24
14 33 5
18 33 23
28 44 18
13 74 1
7 78 5
21 41 22
23 4 2
8 41 40
27 60 30
18 49 5
6 55 40
7 13 6
28 54 25
13 50 9
20 81 17
23 52 16
11 28 29
20 52 21
14 70 23
25 18 16
7 91 10
6 81 18
21 10 2
19 63 15
23 63 22
22 66 34
19 25 24
23 31 20
23 92 38
17 88 40
33 58 21
17 80 20
33 9 33
6 80 14
22 71 10
4 92 40
29 21 2
11 79 17
30 18 12
25 30 37
20 23 37
13 16 5
33 50 37
28 51 7
3 69 4
1 82 34
14 84 10
17 79 39
30 64 21
2 83 39
12 19 39
15 56 21
32 44 21
19 60 6
18 73 26
7 54 29
12 63 16
27 67 7
22 31 35
1 10 29
15 32 12
20 43 29
4 36 16
1 1 3
18 51 35
27 91 34
9 63 5
22 22 38
32 78 13
22 11 8
16 77 11
28 79 8
28 62 39
28 55 39
17 7 23
14 88 12
24 78 23
20 35 35
12 11 30
32 38 10
30 53 33
2 42 16
22 12 37
32 46 20
10 54 32
14 71 28
16 17 17
28 12 27
19 68 13
14 78 18
33 36 21
17 38 6
9 28 28
31 47 5
10 22 9
20 70 17
4 10 31
7 92 32
4 53 26
12 82 19
29 91 28
25 67 6
19 44 37
15 34 4
19 50 36
2 61 37
1 83 12
16 37 35
28 89 23
27 15 12
15 76 20
9 84 32
12 38 31
26 66 2
13 80 26
29 82 38
10 61 38
10 13 16
30 72 26
7 21 1
3 37 24
17 83 23
14 70 3
9 15 40
7 44 9
18 48 21
6 18 11
9 62 2
3 4 39
11 18 21
17 81 11
4 4 40
19 61 6
17 60 7
9 50 28
18 65 25
7 47 13
33 53 3
21 29 30
12 58 13
19 69 25
32 83 32
27 29 5
27 17 37
7 78 33
26 11 28
30 51 40
17 50 3
19 81 7
29 12 15
31 24 20
26 14 40
11 45 18
15 54 8
3 44 34
11 9 25
33 86 3
18 7 5
17 71 34
4 40 10
25 80 30
19 7 24
25 37 5
26 78 36
31 44 16
31 56 5
10 55 25
17 19 24
1 47 27
11 29 36
19 24 3
8 64 5
19 91 4
32 37 2
32 68 23
21 44 20
15 67 7
32 73 5
17 92 35
5 78 14
17 51 6
18 40 23
24 15 25
9 10 34
12 82 3
20 52 40
16 90 27
15 6 8
13 38 10
29 13 34
28 53 9
12 68 22
27 5 15
12 58 9
15 71 2
25 2 2
21 66 28
17 52 13
3 63 18
17 83 39
14 17 22
31 26 16
31 61 10
22 79 2
13 48 10
20 40 37
1 36 30
9 91 6
9 33 21
23 47 38
16 77 38
33 9 28
22 89 17
24 19 34
33 87 1
7 5 37
25 64 16
13 65 10
25 6 31
4 47 21
1 82 5
7 50 6
18 16 32
29 43 22
13 83 21
28 2 16
2 18 40
27 69 18
9 54 32
26 45 14
2 92 9
17 89 21
27 58 16
10 21 7
17 88 29
4 64 31
26 36 24
29 70 5
11 8 6
28 60 30
22 8 5
6 92 22
8 79 25
31 77 30
12 20 5
31 47 22
4 24 6
31 78 36
9 49 29
15 64 27
7 1 13
28 18 11
13 30 21
32 55 18
27 10 21
28 10 40
2 69 32
33 33 29
27 40 25
8 59 10
15 82 14
16 38 4
30 73 36
30 47 29
10 38 24
18 42 32
1 83 13
3 40 21
6 18 21
31 49 2
5 87 4
13 13 1
5 6 38
6 31 15
26 56 7
33 55 16
23 42 30
18 81 37
1 44 11
20 51 9
30 16 39
3 72 21
1 7 25
24 25 11
31 57 32
24 13 17
10 28 23
27 35 6
9 31 28
26 83 6
24 7 1
5 11 37
18 70 14
17 57 40
22 44 17
7 42 29
6 67 19
13 16 29
16 60 16
33 61 10
25 68 3
32 74 36
29 31 34
14 18 21
28 28 9
26 68 18
17 30 12
16 78 33
25 29 18
14 24 10
24 41 5
19 3 38
13 34 29
33 79 34
14 9 5
9 42 14
23 85 19
27 63 34
22 54 11
24 13 6
1 45 26
26 29 8
1 91 34
2 90 29
12 69 36
15 22 28
15 8 39
3 74 37
5 83 34
16 24 2
28 92 8
27 10 29
11 82 3
14 37 1
7 3 14
24 9 32
19 87 9
25 48 4
4 89 31
7 11 14
29 58 15
3 12 36
25 47 25
4 72 26
18 90 9
9 66 4
28 47 14
9 51 39
32 12 34
7 82 23
21 55 10
14 52 1
25 5 18
30 35 11
23 9 28
29 12 16
9 17 14
10 87 27
27 80 15
21 10 16
8 15 26
2 8 31
29 2 23
22 79 9
30 69 20
20 92 19
28 70 31
13 48 33
20 73 9
22 33 1
27 61 14
28 47 35
15 32 12
30 82 32
11 75 6
9 8 27
11 27 23
15 58 38
17 42 4
11 20 24
10 58 37
22 24 24
1 72 36
14 50 24
13 2 36
15 70 14
9 33 24
28 69 10
13 64 17
11 4 14
9 20 34
28 16 35
15 49 35
24 70 9
15 72 28
22 59 10
5 92 3
9 37 39
7 77 34
9 44 26
7 14 28
27 66 17
27 22 1
25 29 20
27 68 24
27 48 39
7 72 33
32 25 26
23 61 20
7 12 12
6 20 2
8 87 40
24 28 32
1 7 32
12 76 39
24 29 36
28 89 26
11 17 33
2 91 36
30 48 4
10 6 36
8 59 19
32 75 1
13 1 34
14 11 33
19 48 30
25 44 17
5 47 19
10 50 1
25 18 34
17 14 37
14 62 14
27 73 39
30 59 27
2 17 21
32 2 14
12 79 14
32 40 27
5 86 5
12 33 10
4 28 39
29 7 29
8 86 20
24 29 34
9 75 36
28 59 16
13 13 24
5 38 25
22 66 11
22 70 27
13 90 12
14 22 2
21 25 11
22 23 20
25 1 8
20 10 36
10 52 20
16 36 31
5 62 20
5 65 5
11 38 10
4 46 21
2 36 25
31 90 9
9 27 32
12 66 39
5 64 35
12 39 22
2 18 30
29 61 13
21 81 27
18 80 5
2 42 15
17 84 37
30 47 15
23 46 32
19 8 38
12 63 5
5 73 15
21 71 40
25 21 29
16 54 33
7 76 8
30 55 37
10 76 33
25 46 19
12 43 28
27 76 12
33 70 10
23 13 31
30 83 14
31 71 17
6 79 27
23 9 3
30 45 26
4 23 8
6 51 19
20 27 14
19 4 21
3 12 27
3 60 31
21 18 2
20 54 22
13 89 6
25 64 33
3 22 24
26 72 20
11 1 15
3 4 28
15 10 13
3 47 34
3 15 33
24 73 38
25 59 30
31 47 13
6 25 18
23 29 39
9 16 1
32 10 32
24 17 38
23 80 31
24 37 36
14 39 32
32 86 17
16 70 32
26 67 1
17 30 31
21 33 21
31 55 40
25 90 38
7 21 15
17 20 14
21 69 4
19 61 14
20 84 16
22 69 1
15 49 26
29 56 21
25 91 3
22 63 24
2 62 14
3 85 22
17 6 4
6 79 31
6 38 28
24 79 17
19 70 18
24 18 12
8 26 28
19 43 27
31 17 20
9 71 18
16 45 12
11 15 24
23 30 16
3 65 39
10 23 22
24 65 23
33 64 8
7 41 27
16 54 29
18 35 22
2 78 15
28 12 39
11 2 9
33 19 37
10 38 7
15 81 35
18 27 12
9 53 34
25 34 21
15 87 21
8 21 33
32 38 5
11 78 32
20 46 37
12 45 29
12 46 14
1 50 23
9 16 26
7 19 15
5 46 17
25 70 37
19 92 19
9 16 38
1 33 25
27 73 27
32 74 2
13 55 15
1 63 30
7 50 2
15 41 22
27 13 35
12 5 13
3 15 5
25 87 35
13 71 36
9 57 38
29 26 2
26 36 11
12 18 11
23 90 26
12 19 16
4 29 6
14 70 28
11 59 13
30 63 10
19 28 25
32 69 5
6 69 2
23 71 8
20 60 34
25 85 32
10 7 17
13 27 30
9 54 14
4 13 20
14 77 5
4 63 32
21 20 9
16 30 24
32 74 11
18 35 6
27 85 36
9 79 32
27 73 32
19 46 37
17 70 27
16 89 31
2 67 15
3 64 14
14 74 22
25 63 24
24 43 31
3 81 29
3 13 22
20 83 39
5 13 17
7 88 34
16 37 17
16 34 38
7 56 27
13 31 36
25 71 16
8 8 17
33 68 5
21 50 36
29 19 40
19 22 13
9 51 6
1 29 21
17 60 18
27 58 2
7 88 6
19 92 7
33 4 40
15 10 40
8 7 5
19 79 34
31 35 32
17 41 13
33 7 28
11 30 4
7 45 9
12 8 11
26 34 36
8 37 21
12 54 14
2 72 17
11 78 9
14 83 33
23 53 23
14 36 3
12 87 32
10 31 6
9 68 5
25 9 40
4 88 20
2 68 23
25 47 1
14 19 21
16 86 14
25 50 12
19 8 4
3 89 31
30 39 37
5 45 34
18 82 24
7 5 30
23 71 26
18 74 13
8 24 15
31 35 38
12 67 31
33 7 19
5 19 32
29 37 6
20 59 37
33 2 21
6 85 10
31 38 40
19 27 33
17 19 1
2 7 15
31 40 16
28 85 26
13 51 19
28 30 28
30 7 10
32 65 25
26 92 19
29 34 39
21 10 17
13 53 37
25 1 26
23 61 11
19 88 11
32 60 39
25 34 20
18 88 3
26 88 35
1 19 23
12 49 30
10 64 11
1 88 17
7 45 2
3 12 33
11 91 26
19 41 36
9 23 15
21 19 8
7 91 2
32 7 23
2 11 24
3 80 9
2 79 3
29 52 4
33 51 18
1 19 26
7 66 12
27 22 36
23 20 16
30 83 10
9 24 7
18 7 7
14 16 32
24 71 32
11 79 8
15 49 32
11 31 7
3 8 36
28 90 34
17 67 26
10 29 2
20 25 19
7 24 19
22 29 23
24 26 38
5 21 25
21 20 15
9 16 17
17 62 15
1 72 1
24 86 27
14 15 34
19 64 12
27 21 19
21 85 40
23 41 14
10 53 3
28 85 17
6 49 24
20 42 3
17 91 29
31 42 13
17 6 15
12 26 31
31 62 1
25 4 25
16 72 7
12 26 36
1 73 26
25 69 11
8 84 4
17 62 2
16 14 14
30 83 1
29 45 26
7 71 5
19 67 22
11 16 35
29 92 9
6 27 15
2 63 26
19 36 39
6 26 29
10 13 29
31 12 29
19 34 30
5 2 27
4 74 7
22 51 34
22 4 7
33 18 38
22 7 26
22 2 23
18 20 30
11 89 1
26 19 10
7 65 23
23 28 29
26 81 16
12 9 14
30 44 38
16 5 25
6 23 28
21 54 17
10 59 19
24 73 20
33 74 37
23 18 35
32 10 21
26 56 31
10 65 35
17 11 39
14 40 36
33 13 17
1 8 38
32 75 24
21 42 12
14 59 37
16 49 22
16 6 21
29 25 33
2 3 7
33 42 34
24 90 8
32 37 31
18 63 23
25 68 20
2 2 1
32 25 9
27 50 33
32 67 19
33 9 4
32 79 15
8 44 11
13 51 13
25 90 39
11 52 33
12 87 13
16 68 5
5 73 6
17 44 7
11 6 22
3 76 16
28 62 1
27 68 10
28 50 36
24 45 11
23 78 5
22 8 2
9 51 39
20 56 27
29 21 28
16 26 2
29 23 30
12 18 27
22 81 38
16 91 23
5 88 8
12 15 34
2 37 26
23 57 29
25 78 19
18 21 27
19 61 33
29 41 22
1 73 24
6 18 39
13 62 38
18 68 9
3 32 8
21 29 36
16 91 14
22 3 1
8 18 21
8 11 20
33 92 14
10 54 8
29 68 25
1 45 35
28 46 13
17 46 39
10 73 9
5 57 36
4 9 39
25 76 8
30 89 40
11 48 25
32 89 1
12 44 34
17 58 7
24 70 25
29 42 31
24 43 12
22 20 34
21 86 36
31 86 13
24 17 14
17 66 6
20 39 23
11 50 36
29 53 8
22 56 11
5 71 22
4 59 1
4 71 15
15 28 20
28 80 3
6 77 7
13 92 26
31 76 33
16 80 25
29 59 22
25 18 12
8 58 11
16 71 39
9 61 19
31 81 21
10 53 20
15 6 37
7 59 3
4 61 13
14 85 10
7 70 37
12 90 10
6 34 13
17 54 39
7 64 27
7 33 19
31 89 37
6 87 39
1 58 38
25 54 1
1 69 20
1 72 23
30 47 24
15 45 33
26 37 8
28 14 16
11 52 31
7 36 5
24 3 6
31 61 25
10 47 28
2 3 7
19 86 17
5 42 28
24 1 14
6 68 9
28 54 37
21 8 17
10 46 11
28 58 38
1 84 2
12 12 19
32 30 33
9 83 27
11 41 10
30 15 1
16 49 13
29 55 12
18 45 3
20 27 1
1 82 40
13 18 2
26 20 32
11 48 33
9 23 5
2 75 3
24 40 15
1 86 1
4 59 11
8 46 5
29 6 23
2 62 38
13 78 20
1 73 8
17 13 30
8 56 14
14 21 29
11 87 25
18 74 17
20 83 39
5 41 25
10 28 31
26 1 13
21 17 29
5 1 40
10 2 37
7 22 32
30 85 2
19 70 25
8 62 11
25 32 34
33 16 5
15 67 3
5 65 9
10 43 32
3 41 10
18 42 35
16 43 13
17 56 4
32 54 14
18 64 9
13 87 32
25 35 37
16 12 37
18 59 34
29 17 11
26 58 38
7 49 29
1 57 12
6 71 2
14 89 25
30 69 30
8 40 1
7 22 13
16 7 25
2 60 22
19 43 22
19 2 11
15 89 18
6 47 34
12 32 17
33 31 39
18 30 19
4 29 34
21 15 31
25 17 18
26 86 13
22 67 35
24 7 3
3 88 13
24 50 18
13 28 26
32 66 39
1 6 4
32 86 12
33 47 11
3 92 9
10 54 34
15 52 18
20 1 24
31 29 39
12 8 26
17 21 31
8 89 32
3 26 38
32 3 14
22 82 36
16 72 38
9 42 7
14 55 17
11 78 4
12 16 1
26 50 35
33 65 37
27 91 10
6 70 38
4 89 30
31 40 37
14 75 40
32 91 38
15 40 1
10 90 5
28 52 16
32 26 11
4 69 5
29 55 36
20 38 13
3 19 6
20 51 24
7 75 29
9 57 7
14 76 3
24 35 39
13 70 22
30 74 31
24 89 19
33 58 28
20 33 21
30 37 8
1 90 33
19 1 20
8 5 3
5 78 39
29 17 20
3 73 19
19 11 23
18 47 6
9 91 35
11 21 36
15 32 34
15 92 38
16 36 25
9 41 17
32 4 21
8 84 40
30 71 18
28 64 27
29 72 11
1 50 29
7 43 3
31 5 10
11 52 28
9 46 18
7 52 24
18 79 22
18 50 10
20 53 27
17 3 39
2 69 2
23 30 17
17 45 14
5 38 11
16 86 25
27 86 20
25 53 36
20 28 1
21 73 30
21 29 32
6 71 11
31 41 20
26 8 36
29 34 15
20 30 28
14 2 38
33 2 19
1 44 27
15 9 27
3 33 17
28 42 7
22 69 29
10 55 40
11 50 14
22 1 35
8 17 22
5 54 14
5 65 21
25 24 7
33 27 5
17 88 7
18 19 31
4 58 16
28 3 32
6 87 2
8 88 18
33 48 8
19 5 21
16 41 28
10 58 9
24 84 39
15 72 16
22 61 27
29 22 10
9 76 32
5 33 35
26 3 25
8 46 1
19 71 27
17 54 3
27 51 38
27 41 30
30 19 10
32 4 29
17 20 27
23 13 15
13 74 2
20 66 13
13 82 1
18 88 26
33 17 27
9 34 18
23 89 23
22 59 20
7 23 30
33 33 5
18 75 8
8 23 20
33 48 10
17 64 29
4 8 35
24 58 24
26 76 8
16 38 39
2 59 24
3 7 13
18 8 37
24 51 20
30 51 11
10 79 22
2 88 20
21 11 23
7 47 16
18 5 37
6 3 13
25 51 23
18 43 21
29 7 23
23 79 34
22 9 27
4 28 22
15 78 10
11 20 37
25 22 17
31 61 39
1 2 1
3 17 13
14 6 14
10 74 14
30 18 32
5 30 32
32 9 34
10 5 24
18 45 37
26 30 20
15 31 39
5 55 27
6 46 12
1 40 4
23 86 33
2 41 12
31 59 16
21 59 23
6 86 40
7 14 32
8 79 13
33 74 24
27 50 15
30 11 5
1 22 14
4 13 31
32 66 29
27 1 33
20 51 7
20 10 26
23 45 21
18 62 18
21 31 29
4 34 8
24 9 37
3 15 21
25 50 17
10 45 15
32 16 21
4 67 35
2 53 1
30 48 21
25 11 4
21 87 25
30 32 38
33 13 5
16 64 38
30 58 11
17 24 26
13 16 38
10 87 23
6 91 18
14 38 8
18 16 13
24 6 19
6 18 31
15 69 13
15 90 33
12 13 37
12 16 34
25 90 12
10 14 12
12 82 10
9 8 39
6 79 7
15 18 14
1 16 7
10 55 10
25 74 37
28 39 33
19 45 6
29 43 38
15 32 21
14 16 10
31 9 35
1 81 4
33 39 8
26 19 15
15 6 27
14 82 4
2 60 29
27 77 29
12 34 39
2 48 38
7 66 5
4 2 13
24 48 37
9 70 17
11 34 36
9 89 39
6 13 11
23 88 8
29 8 8
11 79 26
9 82 34
21 54 1
6 35 34
6 76 30
23 53 28
10 54 37
33 38 10
19 31 22
20 45 6
10 6 5
8 32 40
30 28 2
24 3 18
23 2 30
7 47 18
17 59 29
2 32 3
21 58 19
30 9 40
28 71 37
3 9 18
1 8 3
22 91 19
17 91 26
7 48 14
8 90 3
26 22 40
25 26 31
26 86 36
2 58 26
2 49 2
11 80 1
33 21 25
16 69 35
8 65 12
6 66 36
32 24 7
28 83 10
26 9 1
20 46 31
20 90 13
25 35 22
24 44 18
22 10 37
3 89 32
31 18 22
20 51 8
22 90 32
32 19 6
27 73 24
22 35 10
4 21 19
33 41 9
20 7 36
18 59 20
18 28 25
7 91 38
4 38 16
5 66 3
22 16 12
9 65 25
6 11 12
10 37 34
2 8 17
33 79 3
23 66 38
25 40 16
24 45 21
3 10 21
26 33 1
24 51 1
25 61 9
3 78 25
28 28 21
4 60 36
10 5 40
16 37 36
18 53 19
7 11 32
14 9 14
21 18 37
32 13 10
14 11 35
15 86 25
6 5 5
32 20 10
2 55 9
1 88 2
9 47 34
12 50 17
18 61 16
24 62 8
14 30 2
8 58 29
26 38 29
4 8 11
25 13 29
9 92 18
22 79 40
26 84 21
21 54 1
1 74 12
11 29 37
30 78 38
31 2 2
11 81 36
21 47 8
23 25 15
20 58 19
20 85 13
23 10 16
27 19 37
6 50 23
14 68 39
8 36 35
17 75 19
2 11 21
15 29 17
32 75 37
30 87 30
17 87 28
33 57 30
19 72 21
2 59 8
1 39 28
5 59 17
8 15 30
28 74 40
4 18 36
19 59 6
20 30 29
9 27 8
30 45 37
18 39 20
27 85 10
28 21 20
1 67 32
4 72 32
26 45 13
6 14 2
5 37 31
14 20 30
19 66 15
10 15 35
6 20 3
22 62 26
29 58 19
27 86 35
20 75 20
14 7 37
3 3 26
21 87 12
32 21 16
22 58 30
14 30 5
1 91 29
9 54 24
14 11 25
23 67 31
19 35 15
3 57 34
26 46 28
5 56 40
20 92 29
32 4 7
2 24 3
1 30 23
10 37 7
14 87 30
21 86 20
7 14 25
32 22 11
1 71 27
27 45 29
12 59 35
23 88 15
5 16 34
20 2 10
23 64 26
33 60 19
27 1 7
8 26 33
27 73 8
23 10 40
4 51 9
11 61 7
2 6 39
10 17 30
17 83 31
26 84 6
14 51 24
2 35 17
16 36 6
28 88 36
18 69 17
24 23 30
16 21 21
15 85 12
20 47 5
4 78 31
10 12 5
16 41 28
15 69 24
23 34 3
18 26 39
18 81 2
10 51 21
3 50 3
29 86 32
29 11 31
32 24 12
7 9 1
14 16 19
22 14 2
3 69 5
23 14 2
25 60 5
18 38 1
30 38 6
3 92 39
10 63 20
15 48 31
1 44 18
4 13 19
11 1 14
9 62 10
15 89 16
32 23 23
2 30 31
32 62 10
23 36 17
27 59 15
19 18 20
4 75 37
6 89 26
17 1 38
8 27 4
2 89 12
3 73 19
9 77 23
12 30 21
17 3 23
11 40 10
30 77 2
20 56 38
12 2 6
12 13 5
9 69 7
2 40 11
32 1 22
15 79 28
21 48 10
17 47 12
14 91 22
33 6 23
22 44 18
1 85 30
20 72 3
3 90 34
21 37 4
29 69 12
5 56 2
17 1 10
11 38 21
18 70 35
3 27 11
17 4 10
2 84 38
17 59 34
18 30 31
28 31 33
11 2 18
21 55 35
30 25 33
13 58 32
27 72 23
13 82 38
22 17 3
3 57 28
20 7 12
32 74 34
4 2 25
15 63 8
6 34 7
31 42 18
4 16 29
10 23 9
27 51 15
5 19 27
28 18 16
18 38 14
14 88 22
14 13 31
14 24 22
15 78 40
33 55 19
27 52 5
9 55 11
27 2 18
2 90 40
31 49 20
4 38 1
22 1 1
11 3 16
8 55 26
28 74 12
28 60 17
4 42 11
33 48 3
23 6 17
14 19 37
3 59 22
20 76 8
5 73 9
2 80 40
27 22 40
32 56 35
7 10 19
14 10 31
14 5 10
7 39 26
7 20 20
12 56 20
14 71 37
15 59 13
22 29 1
9 52 39
29 78 40
20 25 34
15 77 5
15 33 15
29 32 10
16 58 7
12 54 12
30 86 31
17 36 31
18 40 25
33 23 17
20 9 28
33 30 34
15 85 30
22 56 36
28 58 24
1 42 16
11 89 1
9 89 17
13 25 10
29 57 33
18 77 33
27 74 15
13 92 9
23 54 3
32 79 10
6 39 17
15 52 17
33 36 6
17 46 29
8 57 8
19 76 12
7 75 2
3 35 3
10 60 5
1 60 8
14 78 2
6 46 18
33 41 20
7 23 39
18 19 2
20 16 32
18 39 16
9 89 19
8 53 20
17 57 8
11 82 35
19 75 24
1 26 14
19 76 2
33 26 9
13 3 26
13 73 39
16 72 14
27 12 27
14 77 31
5 29 7
19 82 32
28 71 39
3 21 25
15 33 9
8 79 36
4 43 22
23 44 32
5 5 40
5 45 24
9 59 19
26 73 9
11 51 34
30 16 6
31 40 11
16 6 4
3 42 40
9 82 36
1 92 33
30 46 19
14 1 34
32 61 23
33 5 13
24 58 22
3 28 21
12 79 30
3 59 4
25 28 1
1 10 25
29 9 24
15 4 8
15 68 31
28 84 29
16 59 22
10 86 30
10 86 3
12 70 28
11 78 33
11 10 36
16 90 12
28 28 39
10 69 15
1 4 40
9 16 14
15 63 20
22 7 19
17 59 10
6 64 30
25 47 25
8 92 2
18 50 19
31 29 31
30 21 40
31 32 14
11 37 1
1 90 23
17 83 29
27 55 19
11 34 17
11 14 17
31 40 26
27 2 26
8 3 6
3 74 38
26 61 20
4 86 5
16 83 23
15 17 22
18 8 11
16 84 18
20 47 5
26 88 1
21 83 19
31 55 7
2 63 22
5 27 24
14 68 32
24 14 14
29 82 33
29 7 14
30 88 32
23 71 38
5 66 6
13 74 37
15 7 35
17 13 40
27 75 1
24 92 18
19 75 23
31 84 28
27 71 14
17 65 16
7 89 38
17 4 17
33 75 19
29 22 32
23 85 3
6 39 40
7 83 8
6 58 7
3 20 38
24 32 39
10 35 10
24 18 17
19 50 9
24 69 26
15 7 14
17 51 6
20 78 8
13 21 39
31 4 33
6 46 12
8 50 34
5 9 37
15 74 5
14 62 4
30 30 31
28 81 37
11 34 6
21 59 40
26 39 8
25 58 26
13 90 33
2 60 19
8 17 24
10 91 35
13 31 9
21 63 7
28 66 40
28 92 20
12 40 39
10 27 10
27 73 5
1 14 18
21 37 27
22 69 3
6 19 14
12 36 12
32 85 28
6 30 14
7 36 37
26 63 28
6 58 32
20 55 10
7 52 19
8 50 22
20 35 21
31 82 21
5 58 10
3 20 20
26 25 2
18 37 27
6 35 30
20 39 4
13 83 40
8 80 38
23 12 29
12 22 20
10 81 17
9 72 13
11 64 17
21 45 35
20 62 9
9 8 15
27 70 39
32 6 22
5 73 33
32 31 39
15 38 24
17 63 5
17 66 39
10 20 6
26 84 7
1 24 4
32 56 6
2 45 22
29 27 37
7 60 14
10 32 5
21 69 10
13 62 7
2 32 26
11 87 11
27 35 14
3 39 24
26 81 16
18 56 30
32 31 35
16 78 10
10 21 4
31 57 36
19 3 40
15 22 34
4 50 28
29 4 19
27 49 30
9 17 16
30 85 20
6 5 32
17 91 40
6 61 7
33 43 6
16 65 28
15 61 33
29 19 26
15 27 16
1 46 37
11 28 9
1 79 19
11 45 32
13 14 15
5 23 40
20 61 3
23 80 13
23 41 30
11 48 24
27 46 15
9 78 30
9 76 16
12 34 14
31 21 4
5 21 26
25 23 23
15 78 37
17 84 9
6 73 19
22 11 5
23 70 29
19 27 29
6 19 21
2 89 20
31 86 26
10 17 16
8 25 19
27 5 4
18 64 27
29 66 14
13 91 37
6 63 24
30 80 33
13 15 4
22 34 26
9 24 24
20 67 19
8 86 28
5 8 22
17 8 19
18 14 34
31 9 27
27 6 37
33 69 40
20 1 2
17 85 25
24 32 22
31 90 39
17 86 16
20 9 9
10 27 18
5 65 14
25 72 26
24 75 3
23 77 9
3 79 36
19 73 40
28 79 37
32 45 16
1 24 33
17 3 15
7 12 25
30 14 1
13 90 5
33 59 36
11 26 12
33 89 11
32 83 24
9 64 28
7 89 36
27 32 19
12 33 11
28 68 4
20 76 23
13 89 36
2 9 18
30 66 36
18 58 7
30 70 5
33 64 34
15 78 10
33 82 33
9 15 34
26 19 8
15 83 39
30 47 31
24 28 18
3 13 23
11 84 39
26 45 4
7 83 36
14 76 29
22 33 8
26 27 13
32 92 7
30 44 15
29 89 15
18 82 17
12 54 21
10 5 12
20 90 34
4 51 27
28 76 36
24 4 6
10 87 34
8 24 33
21 77 1
17 35 8
27 28 10
5 55 2
17 25 14
20 42 11
9 75 2
15 26 2
1 44 9
32 20 1
8 50 21
8 3 4
1 87 10
33 6 19
2 6 32
14 19 25
15 32 11
27 15 10
28 82 32
20 26 20
25 28 12
29 58 26
18 46 19
8 10 1
7 59 31
4 60 34
10 8 3
24 17 21
26 38 30
9 56 23
12 80 1
12 6 40
23 11 11
13 44 40
22 6 38
22 32 27
9 92 30
25 16 32
10 78 17
29 48 6
30 44 40
6 38 2
18 18 6
3 85 6
30 45 11
28 68 2
31 29 31
25 24 10
3 72 3
12 75 29
15 15 38
24 76 39
11 76 15
31 49 23
11 86 31
12 48 22
15 49 1
1 11 32
33 73 34
25 73 40
18 86 8
14 78 7
3 54 19
22 26 36
15 3 35
6 39 38
16 28 1
5 66 36
1 41 28
1 53 38
25 6 35
14 76 30
29 89 16
7 56 12
27 61 19
6 89 7
2 89 6
32 32 15
8 17 9
11 85 4
6 38 14
19 74 5
28 9 32
12 83 24
14 79 10
11 52 11
5 88 14
9 39 10
12 58 20
13 4 28
27 4 11
23 63 24
15 53 26
7 70 28
18 82 22
19 90 20
19 38 2
16 39 37
31 83 15
5 6 30
7 66 32
12 33 38
9 26 22
18 21 20
8 89 25
23 17 30
27 50 1
14 71 37
5 61 18
11 70 33
15 1 28
9 69 38
10 22 3
21 34 3
2 29 9
12 58 11
19 19 30
4 17 22
23 43 19
13 37 15
27 52 17
10 19 29
12 5 33
6 63 33
26 55 8
9 67 4
12 35 38
23 4 30
13 78 4
1 20 40
22 31 30
24 72 10
19 6 27
27 68 25
32 77 21
18 73 36
21 56 5
27 58 25
11 1 22
18 47 19
33 50 20
10 19 35
11 63 22
16 1 31
27 69 28
3 78 35
23 62 18
29 35 28
19 22 2
20 89 26
33 1 16
17 6 25
28 73 37
3 73 33
33 62 16
15 55 19
13 25 13
5 79 2
20 60 32
26 32 38
15 90 31
28 49 17
24 74 3
26 5 25
9 54 38
23 4 32
20 62 6
4 88 9
31 31 11
16 42 4
30 69 22
12 6 1
23 68 35
16 31 39
18 40 23
4 41 30
13 82 14
21 79 7
1 7 40
6 13 39
30 27 8
8 2 40
13 49 11
29 12 30
13 33 13
31 83 36
9 1 16
32 86 12
22 7 31
29 60 19
33 81 4
31 90 5
29 11 28
27 90 22
15 61 38
18 78 26
30 27 14
31 69 24
32 65 31
18 23 40
30 30 10
14 22 7
1 23 7
3 24 12
14 38 30
2 43 2
13 5 3
14 20 10
18 30 29
6 67 16
15 47 30
31 16 28
24 33 1
12 44 15
11 27 23
30 59 25
13 87 29
28 20 13
21 27 8
17 70 32
20 12 26
26 80 22
5 53 9
27 86 34
13 12 15
7 2 9
17 11 16
14 15 14
7 29 12
24 59 10
20 33 26
20 13 17
21 8 8
27 6 32
12 25 11
28 45 34
31 78 33
1 9 35
25 25 1
24 9 12
24 80 31
5 12 38
5 35 14
18 79 11
32 80 9
21 35 10
31 8 25
32 50 10
29 13 23
20 6 28
13 90 38
11 90 13
12 83 37
18 65 37
10 55 35
13 86 10
5 45 3
26 27 16
3 16 36
1 51 33
20 43 23
11 25 4
26 39 4
7 22 8
19 40 18
33 5 9
14 51 29
22 45 35
29 62 9
1 65 37
14 36 23
21 91 5
15 23 7
6 7 10
32 5 37
27 75 14
21 82 27
19 67 13
13 69 15
14 41 13
21 2 33
13 56 35
33 12 15
23 63 14
28 15 2
15 15 37
4 39 4
26 45 6
15 59 7
33 16 32
15 68 27
13 75 20
11 85 13
10 61 30
20 16 37
1 61 26
18 58 15
21 25 28
14 81 38
13 37 4
31 52 37
5 67 18
18 19 32
19 57 3
26 5 19
28 91 7
19 59 35
32 29 26
15 49 1
1 74 20
28 73 15
32 61 33
30 83 6
10 32 8
14 3 4
16 83 6
21 12 34
32 62 19
29 64 30
17 23 26
26 58 35
11 51 8
25 13 3
19 5 16
20 29 7
23 24 23
16 58 3
15 66 38
7 73 2
24 75 11
11 24 35
10 12 2
12 87 6
7 75 27
11 14 27
20 44 28
1 89 6
26 21 35
28 6 3
22 78 39
23 44 22
15 71 33
14 39 8
8 43 2
16 34 15
8 75 39
32 5 3
12 47 24
6 91 25
21 91 32
28 88 40
21 58 34
7 85 30
5 80 23
2 70 23
16 84 36
2 85 32
29 14 18
29 20 24
25 75 30
23 54 19
13 16 40
6 42 36
13 75 17
30 13 7
6 35 17
6 60 13
12 10 5
23 24 40
4 62 24
21 36 9
14 5 20
13 90 11
1 45 39
19 67 38
20 60 26
28 56 12
6 56 12
3 70 9
27 39 9
6 47 28
32 35 30
26 67 9
20 59 33
33 47 3
21 41 29
20 87 23
26 4 24
21 19 27
6 46 29
4 50 32
21 53 34
18 8 39
17 79 12
25 62 9
18 68 38
23 59 19
26 33 35
26 77 18
9 44 26
21 46 39
27 63 37
15 30 21
16 74 9
19 83 11
4 54 32
20 12 39
4 29 6
24 83 25
15 55 3
26 28 18
23 3 25
11 5 38
29 86 3
32 66 8
2 85 35
10 24 38
31 91 5
13 21 30
12 80 16
11 53 36
7 20 19
22 50 26
25 27 16
22 90 32
25 21 21
11 59 19
11 30 7
22 64 34
15 17 22
25 38 5
6 72 28
20 48 1
27 26 8
29 7 21
15 55 34
28 16 11
3 74 7
17 11 1
3 78 25
32 41 13
13 39 6
32 90 33
33 79 36
6 66 30
5 25 7
8 35 12
30 18 39
12 50 39
20 38 38
28 68 23
22 58 40
24 32 20
3 91 37
19 68 20
27 51 7
32 88 36
30 56 38
30 68 22
20 44 33
1 13 2
18 10 28
9 72 31
33 35 32
31 60 11
27 51 12
27 33 12
20 17 29
15 33 21
8 48 5
1 16 19
13 23 26
12 33 39
9 18 39
7 16 1
27 53 28
11 77 7
12 36 40
14 62 11
29 71 24
24 3 37
15 83 18
32 80 3
23 51 19
5 6 38
3 37 7
3 83 35
22 15 1
28 39 10
11 62 34
13 54 24
31 11 5
3 41 20
26 62 30
5 43 15
27 92 3
13 20 22
28 29 18
4 67 34
12 38 5
6 54 34
3 63 6
32 3 37
16 61 14
3 1 27
18 48 8
23 39 4
14 8 3
26 56 12
24 76 7
29 11 37
30 36 26
33 79 39
12 14 18
17 21 35
28 37 8
21 90 31
20 44 11
23 75 34
27 23 31
2 30 1
25 1 33
8 69 18
19 3 24
10 6 15
28 46 6
2 71 37
33 19 32
15 21 37
25 4 20
21 12 28
25 38 33
26 59 39
27 70 32
24 9 37
13 10 1
5 47 37
33 66 34
15 72 11
1 5 1
26 10 38
22 3 19
14 2 17
8 36 30
15 85 38
19 88 7
22 73 14
12 21 1
30 71 24
3 25 13
6 39 11
3 71 12
32 36 15
10 3 23
13 64 6
17 83 4
20 87 36
14 27 16
1 59 10
29 14 10
26 34 32
2 7 17
8 63 31
19 82 33
20 37 9
2 16 24
4 14 3
31 52 26
2 50 36
22 27 18
25 44 13
8 48 37
17 37 23
5 2 17
15 92 20
16 90 25
10 47 33
4 2 17
21 33 12
25 32 25
13 58 15
19 84 39
6 11 23
19 6 29
30 47 6
27 2 25
9 10 32
24 59 32
27 40 32
9 9 12
5 78 36
13 47 34
31 23 38
31 88 34
10 72 25
10 76 15
16 37 11
30 74 3
16 33 14
17 23 37
1 34 40
17 63 24
33 68 37
5 82 19
16 8 15
18 24 11
12 75 3
29 77 40
28 13 23
17 86 30
27 19 24
23 54 6
1 41 29
6 70 10
27 33 23
28 75 3
22 37 9
9 51 22
5 27 22
1 86 34
21 25 4
22 76 23
22 32 19
4 64 24
7 77 4
26 16 6
9 31 29
23 27 11
23 70 8
1 78 7
32 39 21
24 9 15
3 13 22
25 21 29
17 85 15
20 9 29
26 84 32
27 75 4
1 29 10
5 92 19
7 63 13
26 51 5
1 4 10
31 75 6
22 31 34
4 82 16
20 45 32
11 17 40
22 49 25
22 6 15
23 92 3
21 5 1
17 87 9
7 4 20
7 90 40
18 33 20
30 19 21
18 7 23
24 34 6
15 58 15
19 29 38
10 85 33
1 8 4
19 55 34
22 40 33
4 38 1
27 83 24
20 1 14
28 67 1
20 66 9
29 71 10
6 83 31
2 61 19
21 46 27
1 13 26
24 60 28
10 39 13
20 70 8
22 75 29
5 20 37
26 24 15
29 66 4
30 33 3
16 85 26
3 24 10
19 85 6
5 29 31
19 7 26
30 47 39
23 91 29
12 74 19
30 69 13
27 88 36
17 30 29
11 77 12
22 72 4
11 92 10
20 34 34
4 58 8
33 18 16
12 68 3
31 58 39
27 32 34
10 70 13
26 84 18
27 87 34
12 78 2
8 47 33
8 76 18
13 15 16
8 88 23
28 48 10
2 25 10
7 48 29
7 14 2
14 41 35
20 12 14
27 53 20
20 76 10
8 32 8
3 19 39
12 66 8
16 49 37
17 77 27
19 29 23
9 61 24
26 74 14
29 49 35
28 79 39
10 52 2
2 7 6
21 71 40
12 82 34
32 66 19
24 84 2
19 13 35
23 37 17
2 64 28
10 17 18
12 73 6
16 83 24
14 43 18
7 40 11
28 14 40
33 22 37
19 61 8
21 25 18
31 3 4
28 65 27
23 48 6
6 25 14
26 69 33
21 51 3
17 13 23
23 65 29
1 17 2
16 58 35
14 61 16
28 8 2
6 11 35
11 53 22
17 77 35
21 25 11
11 60 18
27 52 19
1 73 33
4 6 31
14 73 25
22 30 13
26 42 16
5 73 20
30 41 29
20 71 1
14 5 20
7 44 17
21 70 21
25 67 14
19 15 1
21 48 1
32 42 25
33 58 15
16 42 35
12 35 35
28 46 8
30 26 29
21 16 25
23 25 29
6 28 31
1 79 18
11 24 40
1 10 21
21 85 15
30 69 40
8 53 36
11 67 11
20 89 24
2 51 6
1 66 25
28 34 7
21 72 13
1 43 12
17 37 4
27 14 31
21 62 10
20 7 33
12 90 24
23 13 38
20 92 27
4 32 17
11 63 28
25 47 12
32 79 29
5 58 34
26 28 36
1 65 12
1 9 3
3 59 4
19 87 29
16 76 15
25 31 21
4 7 4
25 84 40
27 33 14
23 51 34
14 80 40
28 22 13
26 4 40
6 68 17
33 24 33
29 3 19
14 82 32
10 74 33
17 75 4
7 86 3
20 90 14
1 86 18
9 91 4
19 90 6
13 57 25
2 19 39
32 19 29
26 61 28
26 2 19
8 11 33
23 33 9
26 40 40
4 72 30
21 29 6
28 50 12
20 16 19
29 57 32
18 59 19
31 8 32
27 15 33
22 37 30
31 5 33
13 28 16
28 10 16
11 67 32
5 74 36
33 8 24
10 75 1
8 91 15
12 70 37
23 34 2
33 74 35
5 81 19
29 19 30
19 41 17
17 59 29
1 79 3
6 26 10
26 48 33
10 62 24
5 35 20
21 34 34
6 40 11
20 20 9
22 50 8
21 39 26
10 11 32
25 82 35
32 81 8
32 64 19
5 32 30
8 48 3
11 92 10
22 42 5
11 56 1
2 18 13
3 37 12
3 6 37
17 18 35
33 83 3
10 31 19
6 60 5
16 28 39
7 26 1
25 32 27
18 46 3
13 63 26
18 81 35
9 31 34
25 80 20
24 52 21
12 3 15
15 24 17
10 77 6
11 72 13
33 70 20
2 87 38
31 60 33
4 37 7
13 30 8
6 34 19
18 18 25
6 5 27
26 43 9
13 58 15
5 55 14
10 6 24
4 51 5
4 6 12
17 77 35
22 38 8
28 17 40
1 15 34
13 58 4
1 23 25
16 79 35
33 80 1
33 53 6
18 88 33
1 56 24
29 19 40
20 65 30
22 76 21
21 59 7
9 63 34
30 82 8
14 17 22
14 85 32
17 83 17
33 84 35
5 27 39
2 10 30
11 18 6
30 44 2
26 52 18
3 77 11
5 20 30
29 7 17
18 43 40
2 68 39
28 72 1
23 56 1
7 40 3
19 29 15
13 75 24
4 33 4
23 88 7
10 83 19
11 39 21
19 86 28
1 56 13
27 66 22
4 56 22
24 32 24
19 37 13
8 10 4
13 22 38
26 33 2
23 9 25
33 55 12
30 33 4
13 70 39
32 76 36
20 60 14
4 76 20
32 5 35
2 90 36
19 35 2
18 1 16
3 55 24
22 15 34
6 47 27
29 49 20
19 86 20
20 25 7
12 52 40
10 45 34
8 54 25
17 7 1
21 72 6
9 7 1
21 12 13
16 25 19
26 24 39
18 23 25
12 4 22
6 65 11
6 11 14
32 50 15
24 8 26
8 70 12
1 21 5
20 72 29
32 57 29
30 55 15
14 79 13
23 42 37
11 54 21
11 8 38
25 53 18
21 80 10
23 45 28
25 29 5
8 79 17
31 27 15
1 61 9
20 86 29
2 88 36
9 27 25
3 1 21
23 32 36
32 14 35
22 90 7
21 17 9
29 34 8
22 85 24
27 23 18
18 80 40
29 29 1
9 1 24
9 5 26
27 69 22
2 42 25
25 50 36
31 68 36
2 21 32
7 49 40
3 1 31
21 45 25
30 87 11
25 39 40
22 66 40
1 64 39
8 41 16
1 44 11
27 19 32
33 43 31
8 29 17
24 36 3
17 65 35
7 45 39
13 34 9
13 81 6
17 45 6
3 50 26
14 38 17
19 87 36
7 65 32
32 19 35
24 16 7
27 18 5
3 61 28
15 1 33
13 83 38
8 13 4
7 56 39
15 76 27
1 36 28
18 76 29
9 88 37
2 38 16
29 57 40
23 69 14
20 24 35
27 13 1
10 57 1
15 34 17
32 84 5
30 41 21
19 75 2
12 71 32
32 72 4
20 4 11
9 71 4
32 71 11
19 81 5
27 75 30
26 34 4
17 53 33
19 80 7
27 51 39
23 18 17
11 8 36
6 56 18
22 62 5
18 30 34
24 18 11
12 5 25
30 73 25
29 86 38
22 19 36
23 50 35
3 72 38
26 26 7
26 51 11
7 32 33
16 51 34
32 77 18
29 84 33
7 91 31
32 46 24
17 39 30
26 70 25
33 80 3
29 32 34
23 27 16
1 89 34
13 7 34
22 19 4
8 10 14
23 64 19
30 18 12
22 13 4
28 92 37
20 13 20
23 32 34
13 77 9
20 51 20
28 52 20
20 59 22
2 90 2
16 84 17
12 33 29
17 26 21
13 54 5
3 70 7
28 6 36
22 66 25
11 21 25
26 15 9
8 46 29
16 10 5
33 81 34
25 83 33
26 33 40
16 43 29
32 30 34
6 76 3
11 34 17
31 75 35
15 37 27
33 66 39
31 7 11
8 33 21
7 6 33
20 56 11
15 83 17
2 92 14
1 54 16
4 64 5
17 4 39
14 87 31
1 84 21
20 6 40
22 67 38
30 21 31
6 70 22
21 7 31
14 28 29
1 64 24
1 77 34
24 65 4
5 54 9
24 74 17
15 20 38
29 89 27
1 72 28
33 27 36
11 56 15
16 16 5
12 14 38
11 28 2
11 52 3
11 1 28
29 53 25
17 62 15
24 68 25
2 41 29
21 36 1
4 15 25
25 20 10
26 44 37
20 75 40
11 44 24
26 23 20
22 54 17
10 36 35
31 20 39
12 1 28
26 78 39
10 45 2
9 51 23
12 13 20
17 54 24
16 36 26
15 91 7
32 8 25
30 90 13
9 63 28
10 83 37
30 14 32
33 35 1
17 38 11
4 7 25
25 64 1
5 52 20
4 17 40
2 4 39
20 24 13
33 86 14
1 54 17
8 91 13
20 53 17
33 57 9
8 30 22
1 79 38
30 83 16
8 2 14
15 36 16
20 23 24
31 79 32
12 86 37
10 61 38
1 12 35
12 87 12
8 25 1
21 4 37
20 62 21
2 85 39
13 79 11
12 52 16
3 56 25
19 86 15
27 31 21
13 88 1
2 2 23
14 37 8
21 90 13
27 21 22
6 15 30
27 88 8
2 41 28
17 5 24
1 52 11
28 41 30
9 30 38
28 32 40
28 33 32
16 39 32
9 51 33
20 11 25
7 14 9
20 88 16
8 24 14
18 52 14
31 55 30
19 31 12
7 6 24
19 71 20
26 84 3
4 9 14
19 27 23
26 47 37
8 57 17
27 92 5
23 57 23
16 44 26
3 61 3
18 70 7
15 30 38
12 84 31
32 89 16
4 25 38
4 39 22
20 77 35
31 48 36
16 37 22
7 10 15
3 23 8
11 63 5
18 64 37
5 40 33
26 11 14
28 49 26
24 56 36
29 92 34
23 74 10
4 52 37
22 10 24
30 86 38
17 46 6
21 11 36
19 31 7
31 16 7
6 8 36
29 37 33
16 70 37
21 51 26
25 76 24
17 65 18
14 48 26
30 86 7
11 6 17
17 29 5
2 74 15
4 77 40
28 63 15
12 81 28
7 63 8
18 83 2
3 56 29
14 91 33
12 71 17
12 63 6
3 91 8
13 84 18
14 56 21
12 84 38
20 19 20
31 35 21
6 46 18
11 44 27
18 57 13
13 43 31
12 24 11
27 24 21
11 55 11
2 30 38
33 45 36
10 58 4
33 64 6
16 79 8
5 50 4
19 38 3
27 13 32
6 89 8
15 60 32
30 71 29
32 37 1
31 17 14
15 50 39
17 27 38
5 3 18
11 10 1
12 6 10
8 10 19
9 62 27
16 17 24
2 27 15
14 89 34
5 39 19
30 72 2
21 12 23
24 25 16
26 3 29
30 63 27
24 29 7
15 13 13
15 42 20
21 53 22
24 7 39
5 1 5
33 35 39
23 79 10
24 42 17
33 76 35
26 47 8
8 72 21
2 1 5
13 38 20
22 49 25
2 75 25
24 61 6
15 14 4
13 18 10
6 10 27
32 70 1
28 44 33
25 82 26
27 24 17
29 76 35
33 23 35
12 80 12
1 56 33
28 22 24
5 34 34
17 40 34
25 91 25
1 81 36
9 38 30
14 86 38
5 27 8
19 12 30
6 40 19
5 88 11
12 70 25
11 55 40
27 24 27
31 85 25
27 16 29
21 1 1
5 10 6
16 28 9
17 61 38
5 84 9
21 38 5
30 16 6
18 2 9
1 36 15
11 92 7
28 81 3
30 91 31
27 70 18
23 2 39
28 76 2
10 92 25
14 9 1
25 4 15
25 77 8
19 34 21
7 55 37
6 10 26
18 7 22
7 85 22
29 12 26
27 27 38
8 54 6
12 47 6
25 17 37
2 50 25
19 23 28
28 72 15
30 72 9
32 78 18
30 69 31
23 84 36
13 35 28
13 13 11
33 5 20
17 81 32
5 74 34
15 7 8
6 37 33
23 31 23
27 78 11
33 15 16
8 75 21
10 58 15
22 72 3
33 82 21
3 35 17
27 2 25
32 1 14
17 37 8
16 84 28
4 82 9
16 4 9
2 86 29
21 13 6
26 66 27
12 70 24
17 24 15
31 54 40
22 44 15
6 75 14
29 82 20
26 11 39
27 19 7
26 52 26
15 76 24
23 63 20
25 91 15
19 26 28
9 19 21
13 82 40
27 76 15
1 7 25
5 72 34
6 23 37
12 30 18
19 8 6
8 7 4
17 35 31
17 11 35
24 42 15
26 47 32
14 84 16
20 46 20
8 8 33
27 32 7
17 2 40
21 66 10
29 78 16
24 90 29
21 36 17
12 48 33
33 47 27
8 61 11
31 54 17
12 92 26
17 81 1
19 91 21
22 72 4
33 38 16
1 87 10
5 23 40
1 91 10
27 15 14
23 92 1
22 3 26
13 28 2
23 82 35
5 69 12
18 77 8
30 53 39
19 70 28
13 12 38
6 86 39
15 57 30
26 4 24
14 64 15
16 81 32
14 28 30
23 76 30
31 84 30
31 71 17
12 5 40
30 1 35
1 4 20
13 87 16
3 10 37
30 11 34
11 38 34
10 87 17
4 23 36
24 70 21
7 36 15
3 81 16
31 27 24
29 18 23
29 24 4
2 29 12
3 4 23
32 17 39
33 84 3
27 29 29
13 65 7
1 24 3
27 46 32
24 76 36
9 63 18
23 17 5
29 79 23
1 42 23
7 6 2
30 87 30
12 45 16
14 86 17
30 63 29
2 58 39
8 43 13
3 22 10
31 58 7
7 63 20
14 82 32
7 81 23
8 69 19
1 19 26
1 56 7
6 29 8
17 23 9
15 7 13
22 40 14
24 56 12
15 74 28
30 39 9
5 75 17
33 50 3
3 25 4
27 51 29
33 80 23
9 68 35
5 91 35
21 59 26
28 53 7
29 76 13
2 88 28
20 31 19
4 61 35
30 2 10
13 3 36
29 53 17
14 89 28
21 39 8
22 45 28
10 16 19
13 88 5
3 17 21
20 47 38
30 66 10
17 9 38
13 23 30
15 42 30
17 60 36
23 2 11
33 10 4
21 79 37
17 75 16
2 74 8
26 69 2
11 53 28
20 1 27
33 30 14
10 49 9
31 11 2
2 5 25
20 65 26
15 19 21
25 11 20
14 60 8
11 68 12
16 7 25
24 75 23
7 66 39
27 51 5
33 65 10
15 5 31
9 75 35
23 57 25
24 92 15
2 37 29
20 56 33
25 26 20
16 12 27
27 9 26
27 18 19
18 76 33
23 6 16
25 22 10
1 30 32
30 43 23
10 82 40
23 5 33
31 33 38
26 69 11
9 53 12
25 6 9
21 9 25
31 86 40
26 10 10
10 20 11
5 20 34
14 11 15
21 12 15
13 18 9
22 13 39
33 75 6
10 66 29
14 61 2
24 15 16
6 2 1
20 92 24
25 23 20
8 29 34
5 18 25
14 53 14
1 61 38
18 26 14
30 41 3
26 90 27
13 85 15
23 71 40
10 15 34
9 36 11
21 68 9
22 86 26
18 26 20
33 13 37
11 12 18
17 86 28
32 5 36
10 40 19
27 77 8
1 59 28
26 51 28
15 89 22
13 50 28
24 70 17
7 2 33
14 91 17
25 71 38
5 89 3
31 39 22
2 47 39
14 38 25
30 31 24
33 26 30
25 9 38
20 90 6
1 88 15
21 11 40
4 83 39
1 17 16
8 16 24
31 63 20
9 23 37
6 11 32
19 17 5
4 80 22
15 15 35
10 16 18
32 71 40
16 47 3
4 76 22
15 6 16
2 49 24
18 48 7
8 7 36
15 40 23
33 30 20
21 46 17
3 47 36
6 35 28
28 26 40
15 40 30
22 71 31
31 55 22
23 54 26
1 60 38
13 9 16
18 34 15
31 17 26
2 68 26
29 9 36
1 21 27
4 28 14
23 24 21
15 22 26
2 11 4
8 36 22
22 15 21
22 9 31
32 3 33
3 76 33
3 13 32
9 22 36
30 31 27
30 56 5
18 86 36
8 89 19
19 87 19
32 56 14
8 15 11
31 68 38
15 64 15
25 78 25
29 49 22
25 49 9
3 86 26
7 79 9
23 39 10
22 5 36
17 14 36
19 45 18
29 19 26
23 86 35
22 8 31
18 50 20
1 67 38
2 46 34
28 41 4
9 57 27
22 59 40
1 15 8
4 19 20
27 38 25
33 23 38
14 73 3
29 51 25
23 88 12
22 5 5
24 58 19
23 9 32
26 77 2
18 35 40
1 63 22
12 2 14
33 62 39
19 71 25
12 77 11
23 27 9
6 55 6
5 31 3
19 2 15
32 36 31
17 84 18
25 87 27
18 88 29
21 69 40
5 85 17
13 91 24
27 24 9
19 6 6
21 2 32
8 86 36
24 70 35
14 74 11
15 34 21
26 73 36
25 82 36
30 39 39
10 55 13
8 61 18
11 25 20
25 61 32
13 41 29
32 4 38
15 29 31
28 88 32
1 80 17
6 73 39
8 10 19
25 77 33
15 87 32
31 69 36
7 30 20
20 77 29
10 13 5
24 65 18
17 28 14
13 46 33
18 44 18
7 71 7
2 86 15
14 3 11
11 23 2
13 47 28
15 14 20
14 71 32
31 63 39
20 92 40
33 48 4
15 4 4
27 24 26
2 46 20
15 33 33
30 14 29
31 89 5
4 84 31
15 26 6
10 72 27
28 76 20
13 6 26
10 40 9
7 80 29
4 86 13
21 64 15
21 47 27
1 15 17
24 88 22
17 60 34
2 28 35
9 59 34
17 75 39
27 48 23
13 32 26
25 49 25
9 21 35
33 42 36
14 37 13
24 26 27
28 32 22
16 7 9
33 81 37
12 73 31
8 41 15
7 89 21
4 75 8
29 8 12
10 25 15
21 20 18
14 68 10
14 12 31
19 47 1
20 33 39
3 14 11
16 80 32
33 9 16
30 28 17
26 56 21
25 42 37
32 85 6
4 57 12
11 34 33
16 26 33
3 85 30
27 62 16
13 26 20
13 11 11
14 12 33
16 62 28
19 53 19
17 43 39
14 53 13
32 24 36
6 17 7
5 36 17
12 67 27
13 92 21
3 52 23
29 42 15
3 1 35
33 42 16
15 51 17
26 82 8
6 9 19
8 48 33
26 60 14
25 80 15
9 13 30
24 45 33
27 54 14
15 85 9
11 23 6
30 65 16
31 11 27
15 49 2
4 28 25
19 6 29
28 25 29
5 29 8
10 57 21
11 17 38
33 15 2
33 33 30
25 12 3
4 8 35
16 73 20
3 25 9
5 25 31
18 27 17
33 23 16
17 52 2
20 31 19
24 44 37
2 62 37
11 37 34
17 78 29
28 39 4
7 41 5
6 87 30
14 2 16
29 72 37
18 4 8
10 81 14
32 1 29
17 7 35
26 68 26
16 77 36
1 22 8
7 64 10
31 58 13
18 34 19
14 27 38
11 73 17
26 69 35
18 6 2
17 87 3
13 82 39
17 51 31
9 17 32
2 60 36
16 66 28
1 26 36
32 88 29
10 76 7
31 81 35
1 76 7
17 76 17
20 16 31
31 24 29
4 43 23
10 9 19
12 17 33
22 48 23
6 17 32
22 89 20
1 52 40
16 89 23
7 57 29
20 60 29
23 35 5
15 56 18
29 65 12
29 27 36
13 44 39
14 84 6
30 92 14
24 22 40
19 10 37
7 57 17
30 33 39
23 3 39
26 85 26
1 92 2
20 91 34
20 63 28
14 62 23
30 49 22
22 36 10
32 78 16
4 3 38
18 88 24
32 56 8
2 27 15
2 9 25
2 24 16
15 6 2
9 56 16
2 17 30
25 5 1
16 20 34
19 28 36
29 56 14
2 18 11
23 40 34
14 15 23
31 16 1
18 66 10
16 72 15
27 69 10
8 83 33
19 75 34
33 3 3
5 90 34
8 77 25
9 58 17
17 21 12
18 81 32
25 17 2
32 37 37
8 51 36
16 52 24
8 47 14
23 92 38
22 56 37
24 73 16
30 90 5
24 33 12
25 3 23
3 74 3
13 2 29
22 89 40
15 18 23
14 11 9
18 8 26
12 53 32
10 12 33
1 58 4
13 25 7
33 44 30
5 62 33
12 59 25
12 23 34
28 84 13
21 36 10
27 73 6
24 44 2
3 8 14
4 6 38
27 38 16
30 44 35
29 66 40
22 68 12
5 60 26
18 65 15
9 35 40
20 3 40
6 67 37
31 79 24
25 87 4
22 43 22
2 1 33
6 25 1
3 10 14
14 71 28
32 74 18
22 53 27
2 34 16
29 43 19
26 68 26
9 8 16
28 19 36
33 54 4
8 30 1
3 31 29
28 69 31
12 54 22
16 44 29
15 91 4
31 19 16
31 72 12
14 92 24
16 34 30
3 19 22
16 21 25
21 71 36
14 75 26
4 76 24
6 57 7
17 83 17
27 73 17
6 3 27
26 66 38
22 42 10
12 54 36
26 64 10
10 34 18
19 10 5
7 4 35
10 56 37
10 77 9
5 87 22
5 5 1
18 45 22
10 68 38
24 1 24
17 46 27
15 33 21
25 66 17
27 6 14
8 63 2
27 83 35
13 15 21
32 35 30
30 60 19
17 71 38
32 10 17
31 24 24
18 47 5
13 29 21
9 80 7
27 80 2
12 40 29
7 82 3
22 31 32
28 50 35
1 65 22
5 7 22
3 45 24
15 60 32
16 42 38
33 89 15
6 72 40
3 41 1
30 67 21
3 59 37
33 75 21
31 39 5
28 34 25
31 87 7
5 63 34
30 72 36
12 25 34
23 9 1
30 88 6
10 79 3
4 47 1
15 22 18
23 36 22
5 1 9
18 49 23
6 76 27
2 73 19
5 23 33
6 70 3
8 70 1
1 52 34
11 57 28
2 43 16
1 25 13
14 75 3
30 11 8
12 83 13
13 20 22
24 81 21
24 59 7
2 92 22
3 2 19
30 42 32
18 68 24
21 23 22
33 20 31
14 21 22
5 31 21
31 42 1
30 80 5
6 56 17
19 4 31
26 22 24
24 46 20
4 38 4
26 61 3
7 51 3
8 28 26
10 2 7
32 28 33
22 6 23
19 63 25
14 1 14
32 86 7
29 82 24
31 72 37
21 54 29
31 52 39
12 79 8
27 90 9
4 64 4
32 91 12
13 56 4
8 67 8
22 79 4
19 71 13
9 74 10
31 79 3
4 30 18
11 54 13
8 64 28
31 84 1
21 30 23
12 83 4
20 16 13
8 78 19
19 51 32
1 92 9
20 27 39
7 84 25
16 10 9
19 71 30
33 27 6
1 64 20
27 60 13
16 82 19
19 60 23
13 61 40
27 23 10
4 13 16
10 75 19
26 55 17
5 8 21
20 1 10
30 77 6
6 35 39
19 74 36
26 38 36
33 79 7
29 31 8
30 71 17
28 30 1
17 28 37
19 19 2
13 25 17
10 88 36
32 84 30
17 49 24
18 5 20
11 56 24
22 80 1
29 48 18
17 7 38
29 81 30
29 47 1
33 18 31
25 4 32
16 44 30
7 68 4
23 74 37
7 29 27
25 82 23
28 9 8
12 38 34
32 69 9
21 54 14
32 48 12
10 26 14
29 73 39
30 32 27
24 58 23
16 83 22
8 91 12
16 40 9
28 61 9
1 85 32
3 7 17
21 75 15
28 69 1
24 55 5
29 21 3
15 73 13
33 38 27
27 42 33
20 24 27
20 68 12
29 59 26
20 55 32
15 72 20
16 2 39
17 32 18
23 42 18
1 45 26
4 86 30
26 84 4
20 21 32
8 89 28
19 47 9
21 28 33
1 71 20
9 43 29
11 89 17
18 5 39
27 82 32
2 14 6
33 17 20
15 78 16
20 59 24
11 53 29
13 87 38
26 37 40
27 92 27
24 78 14
17 71 17
28 82 34
6 44 4
11 28 29
14 80 27
19 51 22
12 24 28
15 19 25
20 15 34
19 9 30
2 11 22
6 1 14
7 75 34
29 65 20
17 89 10
10 62 8
14 23 8
12 5 38
10 78 12
16 32 29
6 57 10
1 43 34
15 17 13
3 51 26
13 81 8
4 34 29
13 68 36
5 80 21
16 60 22
16 88 27
2 83 1
14 77 20
13 3 24
11 26 29
29 4 38
31 53 27
18 1 13
22 25 31
27 53 21
10 39 4
2 8 38
32 40 36
17 46 24
16 31 20
16 16 16
25 68 14
33 63 39
31 65 28
21 91 28
30 61 15
9 3 38
16 67 24
9 91 28
12 43 16
30 5 32
8 12 40
5 65 39
27 23 3
10 11 3
27 45 34
8 33 2
7 3 4
19 27 37
18 8 22
11 3 19
2 82 34
26 71 19
1 56 29
19 19 32
15 45 14
18 41 12
19 41 32
8 89 7
4 25 10
26 82 31
5 90 22
3 55 24
10 82 28
7 70 10
33 33 40
9 87 3
14 91 36
9 45 24
16 82 4
23 75 8
3 4 37
5 15 2
2 32 30
28 72 5
27 28 26
13 9 21
31 85 11
3 8 1
23 27 6
14 72 15
19 66 8
31 12 34
30 88 27
16 19 22
11 1 18
17 15 24
12 35 4
14 77 26
3 66 12
27 69 17
30 89 40
5 63 26
15 57 14
3 69 25
1 70 5
2 30 24
20 13 8
22 81 21
30 12 25
2 35 9
18 47 16
13 79 31
20 3 3
19 72 7
26 29 4
31 52 28
27 64 29
14 53 30
18 39 10
22 24 26
14 11 35
22 69 37
12 38 35
7 62 14
32 48 37
33 73 16
31 44 33
1 67 24
4 51 27
4 68 20
16 74 25
9 4 23
15 40 21
31 15 4
16 48 30
4 71 9
27 91 29
6 5 33
16 77 17
4 81 15
29 77 1
7 45 1
8 36 29
6 5 32
20 61 21
4 38 35
15 6 18
28 39 7
12 67 29
16 46 1
31 83 16
29 60 1
25 49 37
30 56 17
8 9 4
30 47 17
25 48 31
32 10 17
14 11 10
33 73 23
23 33 33
30 30 40
32 37 17
21 40 25
7 56 5
21 57 21
16 10 31
10 84 25
33 76 6
26 1 13
12 69 25
28 40 23
5 32 25
31 9 25
23 30 6
25 1 12
1 48 40
18 44 6
4 19 3
12 48 8
21 81 23
6 51 5
6 24 6
19 63 20
24 43 12
30 39 37
7 77 35
12 53 10
32 17 29
30 37 11
24 92 12
13 31 35
29 37 39
17 26 35
10 44 13
10 83 7
11 10 39
24 52 1
7 81 31
10 36 23
17 88 38
5 89 24
1 22 36
13 61 21
2 25 25
33 7 40
24 35 31
11 59 10
30 60 13
6 33 40
26 67 6
3 78 28
13 11 7
29 1 12
10 81 27
3 85 21
28 15 11
17 69 37
10 2 26
6 77 13
2 55 6
28 27 8
23 92 4
7 65 22
28 25 39
18 49 31
1 75 23
11 54 3
7 13 10
20 35 14
20 46 2
23 50 27
14 56 11
2 74 5
6 50 33
33 84 36
32 82 38
31 26 12
13 21 35
3 14 14
29 89 36
25 66 26
32 12 36
12 59 7
6 41 16
7 2 23
19 31 3
13 75 22
5 81 29
30 66 23
8 65 12
15 43 38
10 55 36
6 68 21
17 74 23
30 25 24
8 54 7
29 7 4
33 64 34
29 66 14
11 63 26
18 5 18
19 20 22
20 19 1
22 76 21
23 21 12
30 70 5
17 49 4
22 55 21
16 12 3
24 85 29
8 21 31
18 81 11
15 88 37
1 65 10
12 89 12
24 61 38
27 86 12
33 36 27
5 68 10
24 80 20
1 34 25
19 33 20
7 20 6
2 77 5
24 33 27
26 27 19
26 13 21
6 25 25
13 15 37
6 80 18
29 81 18
14 83 2
13 22 36
13 38 36
15 31 40
2 9 27
22 67 34
7 14 29
8 80 23
16 62 32
14 47 30
20 72 10
6 43 20
16 15 9
14 1 30
18 19 17
10 49 24
23 43 35
16 4 32
4 29 31
13 20 40
6 50 7
8 18 5
22 60 6
31 12 32
12 18 16
4 78 1
8 3 36
29 29 1
28 4 31
2 63 12
20 70 24
1 43 25
21 75 20
30 55 6
30 53 31
7 85 17
17 15 18
8 75 11
23 59 32
12 55 28
11 21 16
13 81 14
2 55 6
29 8 23
2 15 31
8 36 5
27 58 3
5 79 27
25 65 38
11 47 21
2 29 18
4 42 23
18 91 4
7 7 29
9 68 11
19 37 39
22 32 10
12 69 15
21 12 3
32 89 6
2 15 4
5 77 26
21 89 2
33 38 24
11 22 12
30 29 7
12 29 10
24 6 32
16 7 3
4 40 27
29 61 9
10 25 28
6 43 10
6 57 14
26 5 12
18 78 32
33 10 26
31 42 7
29 30 14
12 50 19
20 87 27
13 48 8
27 26 31
11 7 8
16 54 21
7 22 2
6 53 2
19 56 26
26 58 24
23 41 21
24 26 6
31 1 21
6 47 10
22 92 25
16 88 2
28 17 25
23 86 24
12 86 13
5 78 30
6 38 40
26 52 38
33 69 35
11 11 13
22 6 38
18 15 34
7 63 40
27 41 11
19 25 27
24 74 36
33 82 18
19 35 21
1 87 30
17 22 9
11 65 17
27 79 9
9 13 24
16 1 4
17 65 15
3 54 8
11 5 18
10 15 31
20 37 1
25 9 22
9 85 33
13 72 9
7 81 37
32 2 14
24 88 20
2 3 37
23 36 25
3 47 36
8 68 4
21 53 38
27 92 23
10 65 29
3 76 16
21 34 24
8 37 29
15 52 9
23 7 24
7 45 39
28 49 27
31 12 27
4 90 1
2 19 32
19 79 16
21 57 10
29 36 27
21 42 26
32 73 21
1 56 13
28 43 35
30 20 22
11 60 12
32 59 16
27 77 25
2 4 3
29 86 28
17 51 24
28 15 6
32 66 12
19 27 40
28 69 38
27 83 17
23 10 24
32 73 1
17 38 24
20 37 17
8 41 31
10 63 30
18 87 35
14 81 5
5 91 26
12 31 21
28 7 30
4 21 21
3 30 8
16 78 37
3 54 9
17 71 1
14 3 5
5 91 3
16 92 37
19 84 26
14 71 25
11 47 39
16 23 7
29 77 19
16 46 21
20 90 36
14 40 1
22 14 9
2 12 13
26 49 37
16 12 9
23 81 35
25 30 31
29 49 30
9 31 1
4 12 30
10 21 15
32 29 9
1 24 39
23 11 30
5 12 26
28 67 27
30 86 26
28 29 21
28 41 26
33 71 29
18 1 24
33 18 2
28 45 33
13 5 32
12 7 15
17 88 12
20 41 8
4 59 16
12 54 30
18 49 1
22 43 4
18 11 4
10 74 8
14 19 3
22 50 23
9 5 18
17 72 35
2 21 27
13 76 21
29 14 26
25 63 28
6 58 29
16 56 20
26 54 11
16 2 33
29 25 29
8 29 5
3 5 13
17 1 37
18 46 1
18 58 36
10 38 35
14 30 10
27 46 6
27 17 32
6 29 9
26 71 7
26 6 4
17 48 32
14 21 25
2 92 22
5 78 28
24 65 17
32 83 17
1 92 9
21 69 36
32 73 19
24 83 8
31 3 39
9 63 38
32 24 8
6 1 7
21 6 35
33 81 32
5 15 29
33 17 21
10 46 3
24 25 14
27 45 30
24 34 23
11 70 13
5 44 13
32 15 18
30 84 27
31 38 8
18 72 4
23 25 28
1 23 29
12 46 26
33 25 6
33 36 23
17 43 12
30 92 2
4 16 18
2 78 28
4 62 31
15 75 3
11 76 11
13 88 3
3 49 33
25 21 27
4 4 4
28 15 29
8 19 3
26 92 21
23 43 12
12 18 40
17 28 30
26 86 37
2 23 7
21 20 29
33 45 22
30 60 38
31 51 14
18 79 9
32 64 22
9 11 20
23 77 35
8 15 29
9 35 21
19 33 21
15 9 31
17 9 19
25 34 2
1 15 17
1 55 27
9 22 21
18 23 17
32 86 9
1 74 29
4 21 14
19 36 25
20 81 36
2 27 37
32 90 12
9 85 40
15 70 32
28 13 17
14 90 22
5 90 35
22 89 13
10 39 34
1 11 14
13 21 12
15 24 15
12 89 31
15 56 12
25 60 14
23 1 11
20 87 22
24 19 30
8 28 10
17 47 10
31 68 4
4 21 3
18 62 7
15 10 23
28 49 27
30 86 39
20 79 23
25 60 20
9 39 28
32 13 20
24 62 18
20 6 37
28 2 14
17 42 7
5 21 25
19 31 26
8 56 21
15 18 7
2 69 9
25 29 26
14 29 36
19 43 20
32 87 9
5 54 7
32 42 27
4 19 1
14 52 40
9 27 10
23 81 24
9 62 38
26 1 19
26 78 2
14 37 40
24 1 11
7 15 13
11 81 11
18 45 3
26 85 31
4 16 20
22 76 8
11 84 34
15 90 36
28 37 34
20 92 22
17 92 8
30 17 32
13 91 40
8 66 31
28 50 19
12 65 31
15 44 32
3 66 19
1 21 38
31 11 27
22 29 28
10 63 29
33 13 11
33 29 16
4 73 40
17 17 13
2 14 10
13 85 15
31 50 32
25 81 27
18 6 7
23 62 25
21 8 24
27 43 29
28 18 22
11 63 39
17 78 26
10 15 19
5 53 12
3 38 29
23 69 16
18 90 11
9 10 13
3 38 5
15 10 40
23 44 36
5 85 25
28 47 40
22 47 7
32 10 29
32 81 6
23 57 6
31 30 39
8 46 5
23 60 2
12 79 19
7 16 27
16 29 23
31 49 12
2 82 1
26 71 35
32 83 3
15 29 20
17 6 20
18 88 40
19 57 6
11 79 3
7 86 27
32 6 11
4 55 36
20 40 18
3 43 18
14 50 18
7 39 37
1 41 37
31 16 11
13 87 6
6 47 40
21 46 24
31 1 19
6 92 15
20 8 39
28 36 27
30 57 14
18 54 7
33 83 16
9 39 4
24 45 15
28 22 14
1 48 7
33 74 40
19 70 2
24 46 35
27 38 21
5 50 28
28 45 37
20 46 34
5 85 33
20 75 36
15 62 2
30 42 40
32 7 17
26 21 36
2 60 2
19 10 36
32 30 12
31 66 6
4 52 12
18 5 30
16 5 8
18 60 27
19 40 31
9 53 40
23 51 40
32 42 35
17 46 20
26 75 28
16 12 6
1 30 23
5 42 8
22 58 34
15 76 3
14 68 15
5 86 10
29 71 9
17 70 37
21 35 10
30 76 13
13 85 28
6 10 12
33 23 14
13 35 24
27 25 39
32 44 16
30 62 25
5 38 33
21 30 17
4 76 11
9 78 39
1 31 14
25 15 1
11 3 21
28 37 9
17 61 8
21 14 32
15 63 27
20 75 7
6 24 23
28 58 36
31 27 5
17 47 22
32 51 17
28 72 11
4 66 16
10 38 22
12 22 30
25 48 16
9 1 11
24 26 15
27 83 28
24 37 16
2 54 31
9 33 18
10 55 32
9 72 37
11 80 40
5 83 14
15 72 15
22 83 34
7 9 2
18 85 8
30 67 2
15 31 31
9 46 8
21 62 21
16 10 14
13 7 13
28 11 2
10 85 29
13 60 18
13 53 35
15 25 11
11 47 7
27 49 19
18 74 40
20 55 23
19 62 27
5 32 39
9 31 9
27 16 23
28 50 22
16 7 40
10 74 16
24 30 38
22 54 1
29 62 33
32 81 31
27 89 32
28 15 15
15 29 26
6 86 29
22 45 28
25 21 37
20 51 40
17 44 8
27 43 1
16 81 25
20 5 7
9 45 34
5 34 25
19 82 34
20 57 15
15 38 22
33 72 3
23 54 32
27 51 22
6 70 2
1 54 11
29 81 25
27 47 38
27 53 9
30 50 35
7 35 4
20 10 32
18 64 17
28 75 32
9 24 37
11 70 22
18 1 15
3 75 27
33 82 14
31 24 21
8 69 11
27 81 36
7 68 40
1 46 29
25 91 33
20 88 3
12 62 31
32 2 12
4 89 27
15 48 40
29 65 2
2 77 19
18 52 5
13 65 33
26 32 29
32 3 24
13 90 16
14 44 36
27 89 20
16 48 29
25 67 12
18 38 19
7 37 40
32 25 5
20 54 4
3 43 39
14 37 25
17 7 38
1 31 15
18 75 37
31 76 24
5 87 18
33 83 23
33 28 40
7 59 40
12 67 27
8 73 35
4 21 23
17 91 32
20 57 18
21 29 15
30 17 26
25 60 8
11 66 33
3 92 23
27 69 24
27 52 35
32 62 30
31 76 39
23 2 12
13 60 33
21 81 1
5 86 26
30 83 23
2 20 3
28 67 23
30 38 11
26 13 4
23 67 37
10 43 19
3 8 25
7 82 23
8 51 18
31 47 15
8 48 32
29 76 9
6 27 8
6 64 28
17 46 34
14 31 6
27 35 33
19 40 9
6 71 31
24 61 4
8 2 34
18 43 22
32 14 26
12 18 4
29 28 37
4 69 35
5 53 19
19 36 21
29 87 20
2 24 16
21 81 38
30 18 5
22 37 14
32 6 31
16 26 5
22 86 26
26 7 2
12 11 40
2 23 18
8 91 4
3 19 40
19 72 39
13 77 2
9 63 11
5 31 1
32 21 21
4 83 9
8 85 8
7 43 17
16 30 7
8 28 27
26 36 7
18 3 36
18 46 10
14 24 32
31 7 39
16 25 26
17 61 12
8 57 31
30 89 3
19 88 24
29 19 13
20 80 33
31 83 27
26 56 27
13 25 38
33 41 36
6 25 29
29 81 36
32 55 30
21 41 23
5 72 7
17 42 1
11 40 3
18 1 3
33 59 3
5 7 23
29 78 29
13 57 23
11 21 27
20 74 29
30 81 37
25 27 7
10 56 25
31 6 26
21 9 25
7 80 28
15 41 10
29 37 14
16 71 1
11 83 14
7 28 11
10 78 29
1 12 26
22 11 15
25 64 37
12 4 24
26 67 33
27 54 26
19 22 15
6 4 23
9 8 27
15 7 40
25 59 34
7 66 7
28 44 15
31 15 20
33 56 30
9 7 20
23 33 28
21 12 35
32 34 33
23 82 38
17 14 32
25 29 2
27 32 38
1 7 29
6 24 18
30 55 31
4 2 4
8 65 33
14 33 37
9 50 5
17 36 38
23 7 12
24 39 18
12 38 10
21 26 3
8 6 19
1 58 30
9 23 14
25 7 4
23 91 6
22 89 35
7 68 12
2 78 37
16 59 13
7 78 13
21 63 11
26 49 39
22 10 1
4 61 5
13 89 39
27 81 23
15 41 8
3 58 23
17 31 22
16 51 18
1 26 25
26 81 28
21 15 3
3 4 33
11 38 12
20 1 14
33 78 13
8 15 8
1 91 19
17 1 36
3 80 29
29 45 33
1 12 35
32 56 5
10 58 9
31 4 16
12 92 30
19 45 22
30 77 40
21 6 22
16 76 17
24 34 16
13 75 5
5 48 17
32 23 16
8 77 21
30 12 18
