71 96 2357 6080
4764 4826 748 404 1136 1742 326 3553 3614 493 4803 1764 834 3806 1646 2386 3340 1973 2141 2295 1194 538 3449 3649 2007 4289 3589 2275 3367 1654 1407 2204 1672 507 3015 441 2904 669 3735 3432 4220 3911 4342 664 4465 4166 4528 4643 2467 1335 1696 916 2105 266 726 81 2996 1053 3334 3317 1402 923 1891 4775 799 1757 168 1924 4126 4776 2799 638 3461 4381 1386 4173 4784 2935 2782 3452 2896 3539 1230 1028 580 4275 176 4659 4630 4397 1884 2976 2875 4183 4156 3753 
386 4181 3078 557 239 3161 4563 363 1308 1308 2527 3350 824 1686 3260 2541 453 3193 3539 3838 3718 1794 1065 1221 3913 141 2875 2915 32 3020 2155 4098 1656 1362 1737 4722 2846 1119 1032 2944 298 54 731 2419 3423 4154 1697 4375 1150 332 4512 2231 2246 3325 2281 512 4092 4811 4320 2023 59 3756 2115 2215 1474 68 863 3593 1897 1198 1251 3992 943 2941 3903 1892 155 2495 2851 786 4649 1538 4853 3405 1914 2709 730 1713 880 3360 3287 4648 437 4526 4094 1698 
926 2377 2831 179 2598 184 918 625 3270 1488 972 2519 4801 3973 2672 4021 3658 2673 3421 3721 2214 4123 760 4203 4204 814 1795 657 4717 2978 4353 890 419 3729 1627 1489 4740 1999 2218 3849 4675 4169 2706 654 235 71 1088 617 4145 2251 1603 3984 829 1296 309 936 2380 1641 4145 621 326 292 3866 1275 918 2007 2537 124 2861 2438 582 3144 3918 1697 448 4464 139 533 1322 4505 2682 1322 4006 1446 4199 2053 2770 2448 1012 150 762 3627 1287 1536 3344 2387 
1495 2934 3843 1194 2330 4523 2070 888 1427 2131 4479 2339 4143 18 637 3534 4212 4590 774 2636 120 180 699 3294 4312 1511 2279 611 3976 2537 4390 2851 3011 2205 4264 1461 2349 779 2784 3899 836 3515 305 1149 3187 4793 1897 321 1842 3154 136 3112 161 2421 4826 3601 2552 4801 1330 3419 2894 2478 2077 2647 3222 3138 1804 3999 4692 848 3797 1510 1949 2027 4170 2015 811 1843 1856 429 1957 2570 3371 2742 14 2795 810 2451 4837 1975 4180 1594 2775 3028 3248 1696 
2906 1249 3642 4696 4059 1512 2820 3655 4721 1373 2196 1804 1372 2705 283 1767 1568 3143 605 2608 4759 2238 307 2291 4503 2566 4770 3682 2507 3786 1950 4575 3421 4360 2929 4460 4161 2052 1780 1797 4674 3790 3441 752 4377 336 490 4815 1174 1039 2125 3134 1464 71 167 4758 4539 798 4099 1374 4785 3859 185 1955 580 20 926 3068 728 1229 931 4568 4229 2281 1090 1514 55 692 1309 4476 4156 431 2330 3440 1603 1395 1659 2845 139 2741 1416 3458 2490 4660 484 2266 
4263 2563 960 4030 39 386 3991 1139 768 3471 3468 4538 438 1648 77 2751 2696 2357 3693 1921 1402 1207 1514 3678 1673 776 1354 2412 588 4132 4616 882 438 3381 3601 1077 4383 2885 4898 4216 424 2698 2572 4657 3082 2527 1750 3043 4117 4615 2759 2952 2210 4042 3799 3521 85 3194 2670 1009 58 1995 3715 4435 2626 829 3072 185 3643 55 297 1158 3685 4412 2643 3617 103 167 4751 775 4552 2874 1863 318 2692 748 3614 3215 2118 1317 2930 954 2643 1327 3929 2459 
1669 1954 4481 3608 2399 2479 3250 4325 2036 4618 945 4224 3139 908 2726 4652 3034 2819 2472 1062 2052 367 1414 329 3064 1544 4402 2544 2126 1555 4305 3944 46 941 3072 54 4165 3896 4268 4642 317 3926 4082 814 946 4399 2245 326 2116 4109 4657 1574 4479 4467 3857 2146 4834 4722 1586 656 1335 2488 386 1633 3296 2899 3915 165 1745 232 2169 4799 1111 2244 1434 353 1504 3340 2510 3506 4813 274 2884 4084 315 2273 1371 667 958 1441 4258 1551 965 4657 3742 1229 
2873 4757 3603 4645 3118 57 1870 4667 152 4477 3522 660 1861 4043 797 1577 2965 4326 2634 100 2351 1342 859 2744 2011 2859 2953 1717 4334 1097 3926 2839 4329 1893 2591 2994 4644 1963 3588 2646 2565 2968 3192 4154 3298 4114 4025 4255 1135 2099 3947 4057 48 655 813 2641 3456 4142 4258 2222 3756 4643 245 3231 2818 890 4047 2876 4696 2572 3078 3132 1123 354 1730 3425 3214 771 2346 2361 2525 4816 892 4897 3183 4133 1968 4810 3724 3043 3641 4704 2444 2955 470 4228 
3923 4107 4137 1913 3822 865 2896 710 4737 4248 1899 2336 2943 378 2756 1322 1014 4875 1857 2176 3418 1081 4468 3802 3907 90 3602 3681 3339 2965 1163 2720 1613 387 3129 4799 1222 3741 376 4780 4464 3552 2201 4042 2094 4708 243 1998 3831 1469 2073 4186 796 1759 1366 4598 3786 14 3643 4582 4057 3056 3525 1500 1524 1082 3024 2443 2261 3392 1344 1695 4444 4786 2166 239 3912 3325 4045 2332 1544 2923 1454 2818 2062 670 2747 66 3977 4591 1274 3812 2871 757 1083 1729 
1360 3805 1517 1332 2701 12 754 1433 160 1050 3963 838 2269 1505 1449 227 2978 859 4066 3533 607 4781 2272 3545 4403 1816 4033 4337 1007 1670 2884 1524 1928 1511 1872 230 3557 1227 3745 2193 2029 1007 540 1160 4181 363 1199 2544 2757 4387 4124 2671 1740 4166 3751 4249 3997 395 3541 3092 1275 217 4030 675 4686 2593 4433 2386 2679 3150 3823 313 1404 289 4183 4262 4539 2722 4641 1031 3972 2018 2608 278 183 2674 4844 2300 1622 1772 4674 4114 3019 816 1529 1676 
731 3215 4250 4481 2265 2065 1477 1416 1520 3136 2806 380 1284 596 2588 3372 2872 3207 607 4360 2890 820 1574 888 3121 2770 2062 3510 3196 1082 1572 2194 195 64 4644 1491 2889 2425 4407 3377 646 1149 765 1509 1987 3104 2812 1764 4185 2714 3688 2065 4096 4409 3884 4549 189 4366 1919 135 3571 746 3538 3456 4082 4323 2580 2583 3661 1592 4488 122 979 2277 2091 3694 2267 1904 4856 1518 3353 99 2993 680 781 69 3401 3975 4375 2085 986 2605 4453 2009 4822 263 
1820 2979 4677 4127 3608 283 52 1341 4049 2227 4758 4456 4632 1559 578 1884 4308 832 1653 1268 4473 630 1240 1246 3901 2120 1014 3232 4538 1316 1986 1627 4340 4646 340 3140 4287 4460 4698 4441 2459 1193 1065 1839 4240 2119 417 2601 4157 3935 3234 2917 363 3510 2720 1984 114 4382 4857 2186 1992 1952 2941 3635 4881 3322 4715 2150 3810 3928 3428 2008 2242 2218 3754 4482 388 2536 2079 1875 3604 648 1407 3322 752 4234 3513 3840 1058 1469 4003 3477 1649 3371 1147 2737 
4721 2160 4869 593 1910 1169 3103 307 2353 979 4745 3719 4328 402 4560 480 3890 3717 239 584 1722 1380 1516 897 1572 3361 1618 2366 3840 1541 42 459 932 4178 301 2123 1318 2197 832 4699 4772 1291 3697 800 4207 2706 3781 2182 61 4411 1416 1145 4731 2745 150 4004 3815 4544 2528 3403 4242 320 4397 4445 4757 4181 568 3557 573 3741 2576 1385 1348 2444 3500 1039 4729 3525 4156 689 4860 4260 2482 4441 235 3337 3080 3533 4715 1353 4413 486 4756 4457 3092 1315 
2418 1514 4545 4641 2757 1244 3790 4077 1056 2464 2082 4286 4343 2135 1981 2131 345 3919 1211 3476 1528 3795 361 1960 4240 747 35 2242 1111 4013 2120 4257 443 4243 504 4340 948 3000 674 3895 4583 2591 152 1527 3061 2746 4354 4658 3430 3064 1201 1331 1420 633 4811 3576 199 900 290 4745 1087 4114 16 3839 3626 254 1722 3259 4109 1409 2663 3781 4639 3190 358 2105 1695 766 310 3765 354 1498 3991 4391 3627 2203 1410 513 3862 2429 4577 4645 4768 2022 3709 3347 
3998 3080 12 2378 489 4252 2035 247 2194 888 2779 3368 2322 4587 1792 3746 4871 1499 2407 2102 1492 1795 817 4106 2915 1233 1805 3730 719 4635 1500 1450 440 957 3778 3023 663 3504 3547 646 4339 1627 1634 741 170 4696 2536 967 69 1579 4528 1843 2034 951 1024 3973 4026 2171 2013 13 2587 3115 968 588 4810 199 3799 3158 3385 4160 1389 2464 3773 654 2821 3925 1236 2814 1893 2668 3913 1279 82 1339 2214 4606 4121 1823 3150 4551 625 4539 3630 2631 4395 1882 
294 1199 3933 4698 1873 390 1477 3240 3611 2922 3480 421 1926 3055 465 2890 3710 2278 1565 1482 732 2761 4897 2387 1147 3558 2718 625 1065 4339 120 1279 3894 161 4049 2452 1115 1923 854 1912 4221 632 2179 3575 4213 4314 1874 3723 4503 940 3284 790 1250 2375 262 676 1035 2696 4430 2314 2047 3278 4118 1609 2724 1847 3784 3691 2104 2850 2631 1385 1088 985 530 3851 2634 3681 1049 3484 288 1672 426 885 2132 1679 4791 4764 1561 2961 80 1367 1469 2195 4803 1376 
4245 4158 2623 4839 1997 655 2743 2528 3497 1270 1121 4631 1897 1074 3144 820 354 2120 4452 3395 2120 24 3798 993 1801 3036 318 3668 192 2096 2156 4372 4420 3537 1207 3686 393 1772 2434 4290 544 4369 1786 436 1426 203 4482 28 2955 4078 914 3186 2325 4046 736 3708 2082 713 2505 3161 4892 3817 3978 1115 1190 1593 3862 3037 1947 3864 2367 148 1875 1196 885 473 721 957 4112 2910 4499 1135 1603 2414 4551 761 2113 3309 1231 439 1507 1110 4642 1027 3769 512 
4282 3157 2761 868 597 3828 2858 275 1242 3350 3821 4412 1049 2815 1910 1850 164 1833 4815 1303 1038 481 3642 3740 4850 2486 1724 2087 2608 3850 3932 3947 2139 856 2495 1329 4227 2127 436 1035 96 3501 1379 3876 3460 4582 2786 3512 444 161 944 4854 4633 2559 2113 2391 512 3152 937 1378 4879 14 996 195 3572 120 1791 2452 1746 3445 328 4703 2989 701 3183 4774 3120 455 2531 4766 4814 1168 3803 1367 1786 1556 3591 632 2787 1074 4788 3020 719 528 1479 759 
2243 1303 935 4695 4899 3870 765 1208 4420 2412 3790 1837 4484 1803 4279 4140 1123 3706 4767 1000 4769 4434 3437 870 1489 4781 3275 4763 2842 3278 4654 2937 1166 2643 633 1111 3099 3794 3023 105 1388 3272 3896 3403 3376 1385 1898 4697 510 3991 1641 2047 2224 4875 1852 4830 4251 2263 2380 3852 715 1953 1264 3107 4142 4434 2089 3035 2783 2447 3074 68 2282 4273 3380 3505 4612 2484 3809 3434 49 395 4257 2541 4029 2924 1054 3266 1921 368 3018 4039 3283 1095 2842 1439 
3509 4630 3413 3304 4297 3456 4080 3711 2692 3771 463 4197 1631 269 4123 1507 512 4360 2087 3283 4100 1356 3672 1187 3788 1719 812 4221 4523 2971 3668 2941 3424 571 2155 4398 4502 2018 694 4229 1642 4421 1897 4805 1464 3581 4008 985 868 3541 1694 2297 3205 3269 2569 219 529 2467 1794 2993 4118 576 2746 111 267 1741 3954 3705 611 2711 3800 2675 4356 1736 74 2194 1924 4047 4879 2824 3791 4566 1694 308 3612 1102 1288 1786 1884 1058 130 4442 4862 1254 2508 936 
3471 4537 3029 4514 142 4223 2768 1945 1739 3269 369 2072 4316 315 2816 1166 2812 3530 3255 2549 61 1182 1426 1716 2053 3327 1170 649 1482 2546 3841 4199 3678 2579 3077 3731 2704 4909 2445 2005 92 20 700 2106 2878 3918 3804 3371 78 1808 2213 2184 1357 486 1028 773 219 4327 1619 4432 95 3572 2342 520 917 3133 209 420 2602 4668 2556 1235 3045 2777 1716 775 4848 2257 995 2259 852 3495 2018 4167 4190 3837 4012 1716 2702 765 347 4898 4580 2920 493 4016 
4611 664 1404 670 2474 3151 2846 3893 4520 1264 3508 2541 2749 1216 2204 3494 4322 4271 3401 1321 2483 3123 1412 2681 1823 4683 603 2638 4182 2678 1471 1897 502 615 94 4085 3647 4093 4535 4316 2516 2935 3548 4647 1805 399 4721 281 552 1094 167 639 2862 1839 2856 1584 110 4447 3672 2028 1539 3880 4166 3270 2113 310 1964 1306 2617 1267 3205 1738 4323 4376 753 4738 4481 3889 756 3191 2940 3108 717 1815 2148 1654 656 1761 1422 472 3748 4770 2734 3181 4343 983 
521 477 2990 2144 3462 4862 2507 1630 3551 3142 769 4811 1144 2837 3697 2616 3519 4590 1789 1496 382 4905 3737 4116 3290 2966 3635 4649 3668 558 1918 3288 3566 3306 2991 1254 2071 493 4597 3578 2499 1013 2887 1688 1156 3375 2111 1038 2970 3212 2630 3666 368 3618 4177 509 299 1503 2271 3122 2166 3329 4558 3028 2779 1923 812 3821 1005 2530 1797 169 1436 3579 2879 3212 1487 1849 3150 2439 2662 4829 786 1844 3543 4046 3785 2664 3382 4418 3076 1623 1502 2008 3113 1950 
338 494 532 3481 1077 851 3775 1618 3815 1452 1962 1568 653 483 3698 2919 2826 99 3822 1715 2172 3438 2693 3695 1543 1030 3934 4904 451 1279 2167 1946 2946 1250 4190 659 3961 1927 2260 2807 3105 1692 2282 1739 4081 4668 1935 2150 1939 1117 3070 887 2172 2336 3883 4570 3210 3484 3084 1092 4162 3191 2817 2414 2237 2543 848 2539 1326 2525 671 557 258 1675 3632 2167 1297 1869 327 1352 2250 884 2490 4166 3054 3390 4230 2589 402 1628 1354 1773 1968 1385 1377 3746 
507 3021 968 4650 4393 3837 882 2324 2789 3369 1383 1160 3142 567 41 2494 1814 2598 4671 861 3594 1600 1474 692 2735 2404 704 4905 305 1045 4005 2243 3365 2133 3418 3090 1217 2340 1001 1816 591 4345 354 4510 1810 1816 1489 3820 2466 1162 2946 2117 3829 288 2420 3291 4038 1873 4005 3053 2965 870 3356 953 3817 1850 2908 3060 3396 1472 4184 4840 1770 4714 494 45 714 1433 1190 1498 4308 232 4138 1060 3377 3786 2958 3529 4108 2558 1339 2648 2376 772 562 2135 
1868 4727 3540 4137 905 41 4166 2468 1105 581 3397 1996 1471 3209 4563 2297 1431 1079 3527 2787 982 1559 3610 1159 2279 2618 1620 372 1500 1004 3933 946 854 3374 4195 1459 1451 1453 1423 4236 3635 3232 438 3498 1921 3946 743 3190 3353 2477 245 1661 187 2545 1801 2053 2022 942 1750 4871 2664 2507 4387 4853 94 557 4736 2849 2460 4570 957 3962 470 741 1338 3814 262 4217 2319 1576 3791 1820 4093 3946 1525 2123 60 4236 2070 3473 1091 885 2507 3586 1103 376 
3472 1133 3640 3049 3479 688 1501 689 4628 4104 250 2481 418 756 3004 1835 4547 2361 4389 2657 843 4208 736 4738 3465 1349 2465 2814 2856 2705 3897 4348 4740 293 1755 3291 215 1144 659 1257 4793 1496 1872 4482 3926 4568 219 3499 1431 2079 3731 2641 3546 469 1950 2780 3131 4181 4579 1701 3236 2518 2529 3702 3452 2449 2381 2690 4289 2448 1260 4495 3604 1961 4683 2146 3049 1465 4218 459 802 3364 3997 2781 868 4668 4565 4181 3375 1044 577 1641 4386 412 929 4290 
2513 2129 2776 654 522 1636 4250 1344 3265 1911 108 2368 4518 2029 4321 984 3032 4340 3359 3924 1268 34 781 2490 3007 1099 2313 3517 3217 4786 3648 2515 2061 406 1588 532 3439 3050 2792 699 2182 1870 2306 1160 594 4600 82 4878 1903 1195 4329 3336 4246 551 3162 540 4392 1943 2151 4662 3689 3547 3542 2298 4374 2954 2611 4678 2305 1846 2109 2580 2620 4822 778 3520 158 3584 4281 1453 4821 1556 3429 182 4795 781 1377 3835 2121 3274 4592 4641 4408 2436 70 3867 
398 4623 166 941 481 3027 1338 1924 4896 1105 2413 435 2226 3895 3040 3027 358 4771 1680 2226 3967 402 3478 455 2310 2193 322 2464 2158 878 4124 3566 1599 4638 4907 4284 2111 2490 1116 3411 2784 3513 1239 997 85 2311 460 1258 523 3028 1629 4364 1071 580 4892 984 3927 4421 290 4820 1548 3355 4884 4698 4450 3435 2256 1625 22 3614 2592 3199 4653 331 3323 2056 1362 4366 791 3086 951 3294 683 2677 1790 1558 2745 1277 933 2447 2405 1238 1392 2604 1592 188 
228 704 253 802 4065 766 2756 1303 1929 2695 3873 3192 310 3260 1622 4215 1119 1479 388 4809 3030 1480 1610 330 364 3902 3562 4172 1910 3245 2259 569 749 4472 242 2367 2069 3224 805 483 2480 77 4783 3310 321 4094 2993 3010 1295 1928 2213 2372 3489 1328 875 4699 2425 2347 3092 2110 3354 2528 3993 4395 1619 2206 3076 1998 424 1542 823 1469 1528 288 3993 3365 3368 334 3040 926 696 3835 4577 3374 752 1293 2947 4723 1412 3204 2539 2111 959 1706 3950 4183 
617 1737 1850 3947 2190 3723 990 4301 2783 2118 774 509 668 497 4660 4157 1788 3582 1089 2175 4310 3269 3067 984 2564 1896 1758 65 721 3937 1714 3372 2600 4814 353 1402 1127 4029 3620 1100 1606 3490 2245 3067 3772 2162 3800 2011 1099 3205 4516 4564 810 4769 4859 2592 937 2419 1141 1177 2097 3608 2898 217 1128 1482 3353 2178 1460 2011 1919 4365 3695 1050 1709 2627 3377 1511 3474 414 863 483 3379 163 3821 3868 2806 2188 698 2839 165 2477 1535 1382 4377 2296 
524 4884 3205 1737 4552 3161 2268 2988 895 766 2313 1272 2868 4084 4502 2734 2286 4754 3071 4657 1931 474 242 1180 1354 1616 2071 1060 2123 876 336 3053 4853 3987 1977 1527 1721 1198 3633 2804 2134 371 2740 820 4078 2471 2379 1630 41 55 4500 348 1168 3717 4073 1896 4794 244 161 3539 4864 1655 4251 3658 3223 839 510 4047 2565 771 2702 4657 1884 2417 3718 3102 4083 4222 63 1531 2482 2586 3561 434 44 1371 1132 969 3971 2227 4525 2435 1182 3263 3490 1798 
420 40 3398 4244 829 2188 241 3296 3750 4058 1061 1657 3012 2183 2392 3137 4087 1800 1626 1811 126 3992 4341 3542 2193 3474 1389 2787 946 667 3345 1292 4658 4350 696 1724 277 2073 3780 2193 1176 2762 4427 4057 3285 4862 1923 3841 3228 719 2563 2807 3134 2094 2115 4405 4250 3520 1893 985 2921 531 3682 3322 1863 1713 4750 4395 2610 147 2123 190 3485 3243 3409 1551 283 4309 300 4284 1560 3573 1184 2529 4355 2933 2081 4644 3862 3271 3886 4032 747 4423 1320 3805 
4673 2510 52 3937 1494 2335 4782 3868 4339 1119 3449 3642 3630 4033 1444 1430 4640 4665 2311 1448 1996 4830 2525 132 1754 3978 3959 1029 4839 3028 3435 1777 4675 4540 2125 1487 2316 591 4236 1939 422 2096 4171 382 913 4037 1068 2464 4169 2962 1867 3199 2849 2117 4266 628 451 2530 887 4486 1815 1006 2987 4106 4251 3316 27 261 3971 2961 3117 4570 1557 3178 3446 4296 1018 1782 1917 723 658 3207 3500 2914 4689 1096 4150 1115 305 2678 309 4655 3345 3864 4375 2031 
664 3597 2980 4293 1470 1158 3416 625 2838 4498 2681 429 295 4169 837 1841 2822 3564 2125 1272 4393 2941 4473 3357 1642 2979 1028 3492 3130 1153 1312 2829 762 2741 33 3703 4469 3070 1822 4335 2091 2780 3530 519 3847 1555 1563 2130 3699 4078 2992 180 2386 2513 4031 4374 3233 670 2132 841 3704 4794 33 3896 2605 4679 4237 387 3129 2789 979 290 3859 722 929 396 3944 1789 4233 2477 2086 1667 2780 4577 3413 3101 187 859 2001 1659 1549 1448 359 429 4519 2367 
2821 820 53 634 3800 869 2369 2366 120 2900 1867 2303 3763 1772 1035 3873 712 1038 1316 963 3830 2992 1971 4604 3732 2352 720 3590 598 2893 2952 1051 289 1178 4685 4066 2228 1304 426 1162 1213 3109 1262 4142 3151 4348 2466 4162 731 2324 4720 850 4631 2864 302 358 736 2096 700 3640 709 212 4393 896 1039 3023 3236 3610 2088 4835 2365 871 4306 2318 3183 4654 315 2111 1126 917 2332 4653 373 2149 1186 4604 3133 2910 4612 2152 4379 1852 2771 1732 3185 4476 
4785 4861 2687 1382 441 3482 246 3481 2280 3351 4084 4908 4537 1642 433 442 1691 1133 1708 764 3618 1551 3226 2697 1849 987 338 4468 3478 4165 3382 1106 2476 2034 3807 1308 3819 794 3057 3985 3639 1902 1767 1228 1111 4876 465 3497 3829 4472 1136 3428 4494 4264 1047 834 3751 602 1822 2558 3791 2962 302 2178 4483 3148 3682 2967 1429 3938 1420 1534 4649 3262 666 3842 807 1485 4624 2048 2413 315 2583 2555 1648 3815 4386 1271 4483 4272 3638 1074 214 17 2503 4227 
1395 3628 4369 1551 3292 2297 2133 2000 1894 1084 3669 2853 2365 1688 3027 1745 4866 4709 1360 1316 2623 4908 4709 4178 4050 820 3982 143 1796 2787 1090 2217 4455 4592 3184 3764 1194 1204 222 2176 1169 1463 243 4036 301 1691 1223 1522 4813 293 4461 749 947 1418 3726 550 3086 4014 2989 2071 4259 143 3941 4058 3912 3555 3802 833 4376 2997 1230 4593 3085 4142 4809 2161 3754 4251 1132 3820 4748 1115 3076 2783 2622 2167 1989 2340 3786 85 2508 4879 4548 3145 2560 2239 
2103 1055 4091 1553 2934 4000 623 4163 4605 4553 3219 4543 2646 1254 2811 1544 725 1069 241 4695 4851 4009 3414 314 2252 4279 2201 1967 1911 3738 3855 595 3655 3609 4770 2852 1060 2530 3630 553 1812 1971 3377 1913 3673 1638 2548 533 2577 1960 501 4586 477 451 1430 1535 1664 1019 1770 2597 193 3283 4345 3097 2017 3386 4585 782 2494 3222 2196 1976 3686 3996 3772 4214 3815 1720 1971 4065 1457 3600 809 3188 3257 1300 645 4373 2184 2911 4407 4602 1571 3098 4783 3860 
1512 3213 1623 2736 2109 2991 2170 813 3021 2867 2439 4128 4282 866 3696 3480 2307 12 2239 1991 859 4524 552 4130 1872 3160 1866 2622 1503 1139 1511 2887 1422 3601 736 1690 3220 2710 2714 4353 2461 1990 2253 621 1172 3671 3289 4331 3646 1381 3337 2600 2177 3650 43 4802 3742 2714 4866 2466 4501 4596 3539 3428 886 796 2602 670 1815 515 1440 3072 2556 4502 2736 4114 1864 3776 2054 4764 3092 3311 4484 2408 2582 1281 3158 2663 4430 4343 1217 2396 1938 4518 1850 771 
136 759 3804 4141 1414 1036 762 3815 854 3052 2895 3687 3432 3200 1457 4514 4105 1420 3691 1307 4289 4237 1562 467 3698 3026 3368 135 72 663 3622 1654 2949 68 3038 827 4650 1351 788 528 2009 207 388 4093 1679 3508 3657 431 4347 2251 3421 4712 3653 328 2334 3283 449 2080 4081 1107 297 3070 3990 806 724 2343 3643 1649 1182 2672 3229 94 4615 691 1709 314 1410 3091 3479 2835 4882 1116 3930 3318 4192 41 3095 850 4687 1100 1933 3394 221 562 3117 2805 
1892 1601 2658 494 921 3643 1826 406 3973 4841 4202 2329 3413 582 1201 4089 991 358 2735 3077 1428 1063 2651 165 1680 4734 3544 3521 868 3969 4899 1073 3744 1133 704 4805 4794 4678 3420 3962 972 3291 3795 2312 2477 4394 1872 2300 3612 4340 211 2502 3259 3019 3071 482 664 3279 2520 3468 402 2373 2196 2184 4683 4207 3288 3699 1221 3708 1228 3282 2400 2279 3969 1858 1332 4276 1149 1745 3209 964 1507 598 2559 3845 3174 3850 1466 3500 3734 4204 3784 3890 2483 2406 
3008 1092 3739 1008 3030 2972 3256 1858 2885 1185 1438 1225 1311 2906 1767 4721 3466 3207 92 1116 4891 2281 3062 2367 1553 1879 4723 448 4242 4162 826 4661 1815 1415 1657 543 2284 2313 3135 2017 2350 685 2470 4514 4039 4601 1829 4624 2302 3690 1722 3328 3556 1584 59 965 4301 3182 2817 1155 278 188 3091 2416 431 4036 3002 2391 4740 3514 1177 3819 203 2336 1216 1561 4549 350 3919 4747 3511 3963 635 3835 4866 4676 586 2213 4001 1062 3482 2222 4090 467 1367 3997 
1763 2450 1795 425 1836 1152 2161 278 545 4488 3379 61 321 3083 944 4006 236 923 1070 4496 733 710 3858 2155 1477 3972 503 4531 2229 2077 4521 4225 1285 1216 2254 650 2692 4080 4544 3204 3910 4314 2099 118 1545 850 2400 3493 3756 3853 810 1979 1297 1863 1506 2060 1336 3519 1478 3801 772 3272 1378 1380 1736 4209 2945 1569 3650 4229 692 1674 222 1067 4066 4316 3410 4340 3066 4449 4904 3690 451 3043 164 2954 2924 1810 641 2827 648 1279 3125 2606 3520 690 
4553 4097 1766 273 3126 542 2844 125 2183 571 2957 4516 3719 2511 1913 2568 411 2309 4097 1840 4583 1089 3039 4304 3311 2043 1944 947 3747 4184 1120 4344 2528 2444 2156 4658 2998 4530 1692 3777 1486 1323 3099 4180 2127 2757 2650 3118 871 3843 1676 2545 3136 1827 311 1493 1444 4648 4060 3060 2706 4537 3288 2732 3081 1635 922 2766 1410 2948 4593 375 4646 1428 259 2720 609 3695 787 2999 736 2321 1488 4011 3263 2074 1254 832 1966 511 1461 3802 1853 317 1258 1204 
3774 2934 1796 1955 1507 105 1503 1957 1465 1859 2850 667 243 3471 1327 3413 3431 4831 270 346 1402 3599 1681 3968 601 4057 1298 1077 2225 2127 1382 3964 3331 855 820 683 1791 2595 737 4553 3318 1141 478 1173 4130 4403 3382 4167 3596 2017 3493 2317 3366 3281 3479 1344 1175 562 2367 1515 2669 565 566 4079 4102 3268 2347 735 2406 346 2253 3002 4261 1058 2295 2930 1927 4141 713 4098 4858 3483 2778 1180 1834 4173 3204 2330 1837 1476 4677 4209 4598 2101 2117 4121 
1035 3727 1978 1053 2846 2811 1560 2096 2171 3790 3093 4120 4620 2751 3096 2726 4515 943 3542 2336 4070 3299 1502 2885 2105 2971 656 373 3262 2479 3427 3725 1286 4020 112 2613 886 2864 4655 4453 1503 465 4517 2688 2102 1231 112 3128 3962 1180 4866 1406 2075 268 3961 3431 1343 4507 1871 3631 4756 535 4471 3084 947 3648 2035 4708 2540 735 81 4508 2581 150 3196 2740 398 1246 4564 1339 726 1440 188 736 2749 2220 3575 3470 3360 4133 3283 3124 141 3451 2839 2759 
2200 329 4520 2472 3847 4665 811 3332 1903 1256 4613 2561 1297 1189 4016 1479 1340 341 3723 2630 494 593 3649 2307 2631 4806 2618 1148 4500 3829 4688 4715 2298 1521 3259 313 3275 3389 4059 181 3481 3374 3889 3470 2818 3268 1762 2701 1129 221 4607 3796 30 3017 2715 1015 1146 2336 1369 3012 4112 2088 2618 4789 3370 2877 1523 2089 657 3534 1315 4863 2003 728 2094 288 899 2221 211 2073 4431 895 665 836 1241 2730 284 711 1984 3963 2120 3222 2854 689 3780 1077 
3847 2225 440 2492 2246 4560 4301 2331 1516 1366 4190 2437 2114 4647 210 3570 1938 4451 4007 1838 4845 3122 3812 2065 4113 4044 2198 2298 1229 4488 399 3544 925 66 305 4168 2501 4308 3559 1808 1038 3465 3487 2364 3309 572 1578 3809 3165 1661 3742 15 4592 4305 2602 1135 3310 182 3246 299 1117 2705 332 767 4036 1303 3105 1756 1392 881 1758 3824 993 2264 1638 3985 1865 4837 4877 3494 1540 3724 3428 2452 282 704 1725 1119 4115 769 2426 1392 1951 1125 41 1397 
557 3496 1583 1460 3335 654 4132 2792 1077 3125 443 3362 2293 1705 4598 492 4421 1727 935 1291 2212 4374 3266 842 3598 4357 4440 35 3017 1626 2902 3344 1141 1034 3813 2634 2648 3001 333 600 4237 1515 4693 4899 4439 3402 3181 3737 643 840 3844 29 2544 946 3494 4061 862 4755 484 2684 2088 2521 4429 3398 2968 345 210 202 4539 952 1424 1830 2288 3416 1733 4465 2734 2075 1754 4255 2778 1827 1962 1851 1803 4795 1063 596 2865 2251 2319 1730 165 141 3229 3157 
3227 2014 360 2998 3205 2672 4581 406 1943 2856 1043 3141 1349 1385 1897 1312 2434 3386 4769 4083 2295 2728 1533 2588 2070 1354 4076 4563 2562 1427 3379 1500 4023 3746 2477 4334 372 269 3133 1758 3081 4772 1558 2593 1190 312 3735 395 268 819 1682 3672 2756 1810 3514 3582 4317 4872 4077 151 1604 3457 3330 2969 3801 4533 3285 2792 552 3521 2716 2123 2728 88 4301 1671 2808 2696 353 2606 2929 613 1956 3886 4019 4899 742 2535 4019 4302 3388 356 4654 3598 737 2887 
4707 264 4220 4636 2623 1336 4362 3358 269 831 1749 4031 741 3496 2837 195 1628 1965 2297 2648 1209 2120 73 4545 4694 855 691 4063 4567 1076 3409 3092 1564 150 4168 2960 2440 2829 3508 4492 3886 2957 2715 2480 3578 781 2840 2707 926 4012 4706 1688 1667 2757 1507 3209 1502 3201 3088 1747 363 4677 2288 4404 1477 276 3217 2150 1565 1231 28 4288 3917 4317 4569 3754 1347 4036 71 658 4656 4506 1253 2222 4894 4668 3931 3409 4229 1938 3821 854 4430 2473 4455 310 
564 2479 2739 4377 2528 2714 4593 145 1341 4233 966 613 2728 4505 1611 3936 3060 4595 4166 1854 3318 4130 2298 1212 2679 4093 428 3412 1953 1368 3655 1282 1112 150 1798 2212 408 2553 2160 2910 3194 4314 618 3962 4896 648 2858 3028 362 144 3649 2510 3894 2009 719 4210 1900 238 4314 4467 4661 4175 1050 1510 552 4460 4577 1871 141 1703 4873 3931 4498 685 3174 2702 3783 330 3986 70 4354 3671 433 4885 1924 1351 2283 4070 4732 1442 2551 1543 2909 2615 2702 769 
1269 3217 4541 3579 752 103 3306 2118 830 1947 837 3202 665 4633 3140 1923 2521 3816 335 4130 198 1298 110 4223 481 3934 4207 426 2276 939 3568 3006 2030 4240 4113 2759 417 1011 2217 2845 2099 4262 800 1394 180 2692 653 4674 3075 4426 260 1449 4870 2036 3920 4664 3817 4009 4592 2577 2592 1581 2139 1456 437 1559 1283 2254 2740 1857 3634 3365 3466 1958 4809 199 4664 2057 4481 3863 3729 1175 4815 2233 2949 1160 4127 2689 1797 4340 4633 3563 2691 1830 1581 4174 
1509 1649 1936 1266 4666 1024 967 3957 1574 4268 4649 3674 4818 1479 2575 1030 884 3501 56 710 4722 1066 866 4653 115 1932 2079 2524 1488 1528 2324 2006 2986 1878 4015 221 311 953 3738 694 2210 4285 3361 2584 995 4125 166 1697 51 3869 1954 127 4100 2872 4839 4646 1975 1787 3519 3050 278 2198 760 1473 1460 4484 2495 1963 721 2673 4742 3938 4694 3046 3373 399 1216 2611 4388 4761 2991 2166 3191 4753 3884 1559 182 3608 2890 2405 3339 598 1366 2491 3869 85 
4627 2379 492 4367 955 1559 2334 4161 2187 540 770 1320 805 4464 311 2930 980 1913 4477 3308 3066 1940 1669 254 1402 2100 3092 522 3014 4659 978 2078 668 477 1999 3986 2291 3910 4337 2689 2827 2647 376 4423 2460 14 1710 3962 3606 2806 2998 2617 46 1554 430 2837 1237 1652 2702 3039 525 2658 437 1083 2356 3947 933 912 1363 658 3774 4469 3093 4788 2668 3933 3236 98 158 4153 184 4277 1677 3689 1980 4180 3997 2925 4873 3274 2684 4110 3237 870 3818 3206 
4183 2785 825 4871 114 1094 4830 2270 1588 1317 1714 525 2362 1503 3539 2227 797 490 76 3519 1045 285 4080 4311 3439 1010 2700 2449 3754 4650 951 2349 4415 1725 1422 3338 2282 4126 1038 1294 4251 1024 3937 4040 480 2626 2287 4670 166 1054 1211 3022 942 2590 4360 4148 2144 1756 1331 2864 2297 2308 469 843 3875 2359 1219 4378 1309 160 3684 928 1393 4671 4001 3139 109 758 557 2878 1538 3958 4895 1482 510 4462 514 4699 2817 3404 1975 1213 2879 2197 2794 1916 
1042 1193 1216 2315 3769 3604 2845 2210 4759 3351 1123 4772 2433 401 4511 529 2609 4044 2310 2034 3075 3235 659 1823 2390 3619 378 4888 910 2449 3734 3377 3087 3625 98 3421 132 3302 3149 1825 2512 2571 1911 1380 417 3200 2037 2992 2263 2692 1197 3667 2520 248 2926 4086 2386 27 2778 630 1421 1116 4214 2331 3823 4844 443 3833 442 2385 1954 2022 3647 3460 4828 3011 2546 4010 2486 3045 3638 4034 3279 4251 4878 2119 3658 4085 54 1444 1184 1961 4215 2648 1629 1118 
2088 1363 1454 2996 2627 553 3066 2163 324 4804 579 2074 3887 2875 4142 2130 3721 2597 2500 4796 2156 3634 1928 12 306 1116 3774 4743 45 1090 2024 4679 1748 3765 2712 3626 1233 2084 2265 1290 31 1404 3122 3009 2480 3548 2109 3431 3765 1568 4100 227 1277 1268 390 3732 4401 194 2822 2768 2318 3710 4093 4437 3126 1685 4259 3108 2280 558 3470 1919 168 3261 3509 4186 2252 3423 2329 1267 1329 2882 801 787 353 3024 2451 1092 4736 3031 2645 4564 1617 1946 4011 2616 
561 3512 3006 803 145 4020 1823 360 3060 2083 3343 624 2458 4300 2523 1127 3149 3435 4135 770 480 306 862 1653 473 3898 4683 2432 4755 2378 1484 3481 781 3813 164 1700 4672 2556 2295 2765 2795 2717 472 2645 3039 4767 3754 1715 25 2330 3480 2372 4056 4707 1848 1447 4586 4336 3594 1504 1553 132 2131 896 3314 990 97 1674 900 797 324 3192 2678 1913 398 1841 1418 3617 3620 2728 1743 4438 4733 1573 4530 2732 1451 859 3138 2323 4182 1034 1439 2502 1485 1415 
1717 1456 607 3382 3130 2655 2873 2103 4525 2604 4414 1977 312 4481 471 4055 4617 687 1601 4637 1869 4838 2302 4135 3974 2272 346 1401 2677 4798 4521 4496 725 533 4038 3978 2396 2175 1714 1585 4069 15 3869 2107 2068 2094 3746 1308 4353 3479 2025 1743 4557 2602 2216 510 3349 1753 4256 2549 2015 1723 2308 3538 338 3789 211 3656 3384 114 1840 1790 2298 3295 153 529 4233 4076 1442 2166 343 30 1917 640 3411 615 3620 472 2773 3939 3253 3646 668 4871 3793 2846 
721 578 4475 715 3757 2153 2096 3509 3315 4481 1414 4852 1237 50 2302 4756 1185 34 4235 2725 532 601 4594 4639 2590 1874 1272 3969 1713 2650 196 1519 3438 2530 3892 2550 4118 3619 1540 2165 3625 2577 890 4100 2012 574 832 1750 2020 1253 73 4846 269 1458 946 3268 1670 3172 2696 114 3821 4734 4145 3061 4102 4845 2643 3570 4489 4848 2129 2631 2247 4364 574 825 4728 3804 2345 394 2304 432 4880 2333 1421 527 4207 1487 3236 2041 2327 4033 1102 4435 1825 1722 
958 2723 59 3538 2022 3260 2826 979 2246 1933 1803 366 2160 2584 219 4560 297 539 2808 3050 451 986 2057 1651 2314 1522 1090 3491 3791 1105 4360 4361 4687 4116 4176 2641 4631 1369 4735 1744 3699 446 1969 1315 2974 2554 3396 2916 3483 4531 73 3477 836 867 3265 1626 3802 2666 3353 2155 1341 4157 2411 4534 435 4508 2418 2676 1748 1310 2762 2123 2777 3018 2258 1914 343 2288 1393 2433 1009 543 1158 309 4036 2898 568 4094 2573 4729 782 2103 255 4015 410 1907 
4168 2112 2104 4571 10 598 2999 1893 1861 1724 1910 2782 586 4056 4042 4308 1057 2200 926 3292 1690 1073 3365 2587 3997 1691 1517 2255 4334 3093 3009 3295 2655 4505 3576 2225 1361 3805 2131 4756 1271 4137 3509 1061 4033 1310 4059 713 832 1965 2464 269 3334 2746 3039 3045 1587 4505 1763 2940 1057 3886 2759 425 2467 2172 3959 2073 1991 1168 2374 1308 2033 2283 4795 488 1813 1699 4534 2177 1880 4095 1853 1866 1649 2944 3202 2495 4877 867 2728 1879 3082 3202 3317 2825 
1812 2090 2141 4680 2292 2319 3133 2233 62 1625 1501 3091 3266 2302 3545 2481 2132 35 3565 4092 2631 4017 2171 3258 4818 4411 4263 1191 2769 2307 4667 3335 2786 3729 79 2257 3336 2641 3685 4126 1175 2275 1215 2119 888 389 4499 3585 3870 3834 2775 1169 3085 2201 1163 3886 4100 2233 4640 936 1438 3601 4281 3649 354 776 430 1901 4591 4746 2191 633 3025 1024 4171 679 189 514 3198 2583 3320 584 3212 4485 3648 4813 3916 1114 4605 1633 1556 3667 638 3616 4391 1877 
1958 3692 509 1063 2849 1984 829 4623 2764 4401 4858 2218 1786 3220 633 4371 1070 3882 1921 3977 3431 4567 2837 2844 976 4592 4152 622 4457 1942 897 932 4241 4687 2169 3438 2185 2372 2353 2985 1027 3760 4657 2217 4317 4781 2293 1258 3909 1827 4664 4229 793 4121 675 3155 4818 3063 2166 3230 3441 1575 2891 3445 406 2721 3306 1784 637 4750 2981 842 2245 584 1209 713 3677 3059 4013 2781 3398 2225 3332 3005 232 2643 4015 2628 1522 4894 11 2348 3852 691 4414 3002 
3495 337 394 1160 2621 661 1197 3301 1480 3622 3495 1348 3286 4594 3533 3067 4660 638 3594 404 910 3202 3305 511 1410 2174 3069 2221 4240 349 1531 1108 2292 1706 2040 4196 3158 1956 2895 3320 1885 2748 4056 1841 1075 3516 3495 3297 2499 3546 4764 4334 1098 1790 3095 2796 3915 4506 321 1769 2646 3609 837 877 1754 2110 4562 2483 2731 1027 3230 201 3993 2842 1426 388 2203 881 953 1119 2841 3732 493 2922 3840 2060 4519 2127 2171 4901 2093 1592 132 1185 4682 1944 
969 3143 3099 3488 3774 858 4009 4615 1124 101 4194 3281 3595 732 2619 865 1300 1007 290 1837 4259 1901 3682 3035 3545 800 638 2412 625 2423 2529 1500 1729 4638 3943 4798 3475 2213 2895 741 527 3670 1996 4359 4205 2487 2124 503 2176 4539 3268 4050 2566 825 1091 4290 2379 1618 526 4728 2204 3791 2728 1463 3640 2718 3792 3887 2510 1833 3447 2739 1632 4606 1424 4878 1807 4350 2611 4320 4363 2127 2506 609 3617 3688 2494 2090 2969 3222 1279 4804 4292 2712 1818 2159 
450 3777 4533 4203 301 1673 1873 4641 47 4855 4364 313 806 3048 1353 2512 3200 4184 452 1843 2972 1130 1359 4262 4556 2817 815 1678 1387 2809 4063 2139 2103 479 4750 2888 1299 4655 4422 78 2559 3365 2259 2676 1683 4593 88 1020 3335 756 1032 1194 3599 249 1765 1595 2260 376 125 499 2516 780 2997 4119 4123 2887 2252 4222 2893 1847 1887 3215 4176 3019 999 365 1452 1971 1891 3573 3416 3064 3003 3968 4391 2588 3328 4101 3920 1282 4272 2386 2907 3899 3404 2539 
2313 2217 2732 4883 4142 72 4142 2329 687 4093 2928 2540 257 3048 4359 4769 1608 2961 4315 3415 4611 2956 2046 93 4068 600 119 410 993 4637 425 1752 3786 4411 248 43 1030 1736 2402 2797 2447 3840 4787 1416 4278 914 3832 3974 2338 2229 2809 2134 4664 4171 2172 4695 3235 2873 3875 1313 1940 615 3983 1144 26 1243 3028 485 2555 587 1306 2722 389 2200 1775 4390 475 4238 829 848 4663 3893 3032 399 3190 3628 4809 1772 3965 3944 2074 4332 2793 1075 737 1062 
4857 1448 1701 1941 3933 3189 3230 4071 1858 3829 2635 3684 1154 261 1818 1895 1656 4757 4688 419 288 690 2637 4688 3171 3402 1573 870 3362 282 558 187 559 4268 2458 4661 230 2635 3617 550 3975 1764 1868 1124 1549 2303 2603 3741 631 3875 2096 2010 1957 410 353 689 403 3551 2376 4773 3614 1147 939 3914 2789 3638 2625 4806 1222 2472 2237 996 2522 1504 2170 4731 2345 502 2341 2132 481 2434 4494 4402 1272 3771 2049 4309 2451 4708 1087 545 2306 877 1614 4573 
60 65 15
25 65 22
14 2 17
32 73 17
57 38 34
31 87 40
52 84 40
57 91 35
66 33 4
9 34 20
12 40 23
60 82 15
32 28 24
60 53 30
1 63 20
51 36 3
6 32 13
7 37 33
39 83 24
19 14 6
55 43 21
17 32 16
48 62 11
48 46 39
44 89 28
34 1 3
45 41 38
30 92 29
38 2 28
35 35 13
22 15 26
66 13 5
8 21 9
39 40 34
27 18 33
33 80 26
65 89 33
22 14 2
16 74 4
27 91 40
67 30 7
24 75 20
43 40 27
17 80 21
12 11 35
12 79 27
58 37 26
43 76 10
21 1 2
57 48 34
45 35 39
46 82 32
25 44 31
30 32 24
38 76 8
43 42 20
19 9 16
29 38 23
41 82 30
49 49 28
60 75 30
63 33 34
23 44 28
58 90 31
3 33 23
45 37 31
41 27 6
22 93 31
55 17 36
35 69 33
58 66 28
62 3 31
8 17 29
24 90 35
64 15 20
19 48 13
66 15 2
62 63 31
29 16 11
44 93 39
59 25 14
69 11 40
41 76 9
66 13 35
58 25 31
21 72 40
38 65 23
52 33 2
27 78 23
47 93 7
57 64 23
31 84 7
21 43 17
60 81 25
40 55 20
29 12 8
66 28 39
3 6 9
48 2 18
30 56 16
62 50 16
2 16 29
44 8 5
48 34 2
55 38 6
11 73 2
52 44 12
57 87 38
4 53 36
12 17 22
10 50 6
42 32 36
57 15 32
7 94 34
21 43 4
3 43 19
50 90 6
16 25 32
33 50 3
6 71 32
61 18 1
52 52 17
56 51 1
33 74 14
9 74 23
3 8 34
29 6 10
14 59 38
16 24 33
6 77 16
38 3 37
39 90 29
42 31 23
48 12 12
50 30 35
37 58 30
34 3 6
62 10 12
35 60 5
18 80 26
49 87 36
17 2 19
51 79 19
30 34 33
26 57 39
62 35 22
65 89 37
12 13 8
13 80 24
30 38 26
62 7 25
30 65 20
59 93 19
30 27 12
36 78 35
34 7 12
35 60 11
6 51 3
56 57 35
28 92 7
31 71 29
23 92 40
40 31 32
26 22 38
61 88 34
55 2 5
60 45 2
63 88 22
1 67 4
53 78 18
64 40 35
44 80 35
69 6 13
52 5 10
60 47 22
64 63 4
11 90 36
61 4 2
45 78 26
47 45 33
68 73 8
50 39 12
2 42 8
64 68 24
67 91 3
57 10 36
18 68 17
18 5 6
32 76 12
65 85 23
13 46 28
4 45 40
63 37 40
11 22 10
42 90 21
23 62 5
23 25 17
67 81 31
31 25 6
53 17 2
5 80 24
9 24 26
9 22 20
4 49 22
63 5 5
3 22 20
19 52 19
8 32 4
59 71 24
3 86 16
34 36 5
61 2 10
43 61 8
39 15 39
48 22 19
52 34 6
12 10 4
45 15 16
49 51 28
12 71 23
3 17 36
25 1 10
39 16 14
19 58 14
32 66 16
41 10 26
3 89 10
51 94 10
30 44 3
19 41 7
42 22 34
22 40 2
5 14 17
65 75 16
49 67 22
30 4 30
51 41 26
68 81 23
57 36 6
44 44 10
9 75 5
50 60 14
57 64 27
31 21 21
49 28 37
16 36 26
48 76 3
15 65 21
42 24 40
56 52 10
17 37 4
5 67 19
59 11 32
53 16 18
61 23 32
62 74 37
23 30 10
29 83 21
18 47 18
11 32 14
6 77 9
42 55 2
44 21 18
16 69 1
12 32 17
29 75 37
15 38 31
20 91 18
37 75 33
56 85 27
10 76 23
32 91 4
46 41 25
65 60 14
47 85 34
50 23 16
44 52 37
27 20 33
18 88 30
64 23 36
54 94 22
3 40 25
37 3 13
19 73 37
47 8 19
17 68 13
39 52 38
17 19 17
34 39 28
35 60 9
13 37 32
66 93 8
28 1 8
21 83 35
47 12 6
67 12 3
40 11 5
65 70 31
60 75 12
3 25 26
4 44 20
22 74 10
16 29 13
55 61 26
39 10 34
57 22 27
41 82 24
40 9 33
31 50 22
54 83 15
62 59 2
26 13 9
67 68 11
7 19 3
21 93 18
59 30 20
35 53 24
63 82 9
29 57 2
16 9 3
8 37 9
26 56 8
13 67 19
17 67 1
45 48 37
1 44 30
40 79 31
33 84 36
6 38 4
9 58 22
30 53 28
24 55 31
57 53 6
23 21 19
30 55 16
24 50 40
67 9 28
20 16 27
40 83 16
24 90 40
69 25 17
15 65 30
24 16 4
47 40 19
65 94 12
62 10 23
30 88 7
15 61 22
48 11 36
31 63 19
48 22 32
48 16 14
17 69 15
5 63 27
18 67 20
62 23 20
42 32 25
56 14 32
8 39 32
2 2 3
63 78 38
25 52 3
34 3 24
52 74 7
27 24 26
23 42 11
51 29 5
50 40 10
61 62 8
2 25 22
27 69 38
4 73 17
23 45 25
61 29 14
68 52 32
39 69 2
59 17 9
9 84 25
19 28 27
57 62 4
30 82 39
64 32 11
32 45 12
65 27 38
60 21 39
19 33 13
20 8 16
63 91 1
1 90 37
40 75 25
23 59 22
26 3 28
47 40 14
22 69 27
56 89 12
48 71 39
69 23 21
31 54 11
14 17 23
10 66 22
22 21 27
50 41 9
2 7 34
60 10 14
24 64 28
53 20 10
17 93 39
44 18 16
29 25 16
68 89 31
15 14 10
23 68 29
31 8 31
55 83 2
12 69 24
41 35 4
9 32 7
37 69 11
55 29 6
7 84 14
27 47 7
42 87 10
18 56 23
10 84 4
54 63 18
66 50 30
5 45 36
41 39 9
26 54 9
41 36 11
44 15 38
27 40 22
45 92 4
35 77 15
32 87 32
61 22 15
47 44 8
30 39 3
31 70 3
65 44 3
23 92 15
15 45 9
34 28 21
56 82 30
67 4 38
21 72 35
36 18 12
45 63 1
54 89 8
68 84 17
52 38 17
58 84 9
1 19 40
35 53 39
54 74 17
31 32 1
64 60 13
45 84 25
57 40 16
20 94 6
56 55 31
66 11 31
45 5 16
69 58 39
15 63 34
49 27 38
47 47 29
4 46 18
57 14 10
4 47 8
59 28 1
45 21 30
67 13 24
27 8 35
15 64 31
19 19 30
66 21 25
66 9 6
38 41 16
56 11 26
68 17 40
8 41 35
49 75 35
16 17 20
15 9 5
18 37 32
58 24 24
54 35 32
60 52 2
37 93 22
43 72 13
49 59 35
35 19 26
40 72 34
57 21 3
50 77 18
14 59 18
51 14 28
64 26 19
34 81 36
40 47 29
38 77 4
64 59 8
8 66 33
19 27 16
29 46 20
52 93 25
37 48 10
33 62 19
26 76 25
2 37 18
3 10 26
15 58 13
60 32 32
13 54 38
31 94 15
62 1 19
47 6 36
55 4 30
12 89 40
39 43 24
16 11 6
36 33 12
56 4 3
8 44 1
28 37 12
14 64 12
16 90 31
51 5 37
27 7 6
13 26 21
57 82 37
44 84 5
15 93 5
57 76 34
9 58 40
69 46 10
23 56 6
19 46 34
17 25 29
35 53 35
24 29 29
65 42 39
29 31 27
40 69 40
67 4 12
23 80 27
23 58 37
20 64 16
64 80 18
9 90 4
38 7 7
25 23 10
49 78 33
50 88 9
49 63 9
45 25 37
28 84 36
69 28 9
1 33 4
19 54 4
17 32 26
64 60 3
5 57 8
34 56 13
26 61 12
21 78 26
28 29 8
4 46 8
22 67 35
37 22 16
7 64 27
58 22 20
8 19 32
31 82 7
13 6 34
19 49 20
37 70 34
51 46 40
18 52 37
65 27 14
34 45 26
20 46 9
27 91 38
45 80 9
32 32 31
39 39 13
8 84 36
34 33 1
68 83 6
39 37 19
44 6 27
10 3 9
30 23 33
10 42 14
34 10 31
43 32 1
28 38 23
43 70 21
28 4 34
13 4 24
1 10 27
66 31 38
33 18 14
20 19 40
67 37 4
66 42 25
6 54 20
19 39 26
64 4 27
42 3 3
15 4 31
5 8 23
14 26 3
64 6 37
40 62 16
42 69 22
59 16 36
46 28 31
1 57 12
52 55 20
51 82 39
45 43 9
11 44 26
35 51 40
37 81 9
42 68 5
62 91 12
58 15 34
66 11 8
61 91 28
17 68 10
69 49 3
67 72 30
66 59 14
12 8 7
10 54 3
69 33 24
28 37 26
65 72 8
28 48 30
55 67 22
8 82 39
15 69 36
1 36 13
47 45 4
18 42 19
39 60 18
15 59 1
59 94 8
26 45 15
36 91 6
57 48 4
23 63 38
58 20 21
60 2 12
28 68 27
59 88 4
23 78 21
8 16 12
65 41 17
36 32 17
40 78 6
5 70 8
69 71 32
35 37 33
37 54 25
34 39 36
62 67 26
16 63 11
64 48 24
30 18 37
37 84 33
30 75 31
5 63 26
57 66 6
69 70 40
64 86 32
52 51 4
54 90 32
44 49 28
59 84 16
35 22 22
11 44 30
20 3 24
47 11 24
19 84 25
10 38 11
9 32 15
59 16 26
25 89 4
47 18 38
41 25 36
5 10 17
25 47 40
32 9 2
9 16 33
47 67 40
1 30 36
31 15 31
13 9 17
58 84 24
48 54 18
16 20 26
3 35 5
28 91 22
51 8 3
4 62 28
13 40 36
13 77 38
69 27 26
16 38 38
51 80 17
62 57 26
14 41 24
11 17 15
63 44 12
27 90 39
44 67 40
51 71 9
60 92 38
60 55 16
51 85 5
61 31 36
37 93 25
12 83 14
6 94 22
21 70 32
23 11 40
39 90 21
12 9 39
30 59 38
1 43 26
56 50 9
66 92 31
21 38 1
42 38 38
22 6 15
2 62 28
34 38 40
66 7 35
7 87 10
62 83 22
24 4 21
59 3 29
1 28 27
13 8 7
14 29 32
69 78 4
33 4 25
26 70 6
16 27 32
35 19 27
5 29 30
55 24 5
64 29 17
61 5 1
7 75 38
3 55 7
47 28 22
43 45 30
56 62 7
38 79 32
63 12 12
11 18 2
45 33 1
31 63 38
31 30 15
10 18 28
68 92 32
55 2 3
42 53 1
25 64 21
1 86 2
5 27 40
15 91 31
61 12 32
62 34 3
13 3 39
22 94 8
1 27 19
17 68 22
11 80 1
44 9 26
55 72 23
50 46 40
43 54 26
32 13 36
59 5 34
32 17 40
41 31 31
17 80 8
7 50 18
29 59 23
68 7 15
35 82 11
66 89 8
36 93 10
66 26 13
12 34 40
5 16 4
47 63 22
41 30 33
26 51 37
66 74 16
47 86 38
36 82 20
63 29 20
37 85 39
58 59 39
44 92 33
2 30 5
26 90 33
35 54 26
41 93 18
30 21 31
49 16 30
40 47 12
61 1 17
18 21 15
40 7 27
57 22 19
58 88 14
44 11 16
35 5 32
51 28 39
30 94 34
18 13 7
11 53 34
33 63 4
13 46 4
51 1 25
54 59 30
56 51 26
27 85 31
12 75 25
55 86 26
3 43 37
35 44 20
8 44 39
67 93 13
57 68 29
38 68 33
55 55 40
37 86 13
68 25 12
17 74 37
52 88 10
1 46 1
41 40 8
49 8 22
18 61 20
23 23 17
57 6 18
53 81 31
22 75 26
57 62 24
51 16 5
6 83 38
14 62 26
18 15 35
6 30 15
59 72 4
34 25 4
29 63 38
48 2 4
57 25 17
54 23 40
48 25 32
29 52 25
51 46 12
3 59 12
34 36 14
67 67 40
56 62 36
47 84 23
23 42 20
3 74 9
55 22 25
54 35 3
12 35 37
69 69 10
4 74 2
53 80 27
60 55 18
22 86 31
29 60 36
36 23 34
15 39 28
40 56 20
42 64 18
10 29 12
59 53 7
15 79 19
67 17 38
28 30 21
55 30 29
48 35 16
38 17 25
60 1 5
52 64 33
58 2 37
55 43 16
37 47 1
46 18 11
9 2 10
38 48 20
17 82 33
37 53 24
37 79 24
39 74 27
37 26 7
31 34 31
25 23 32
11 78 32
62 38 19
5 7 28
63 58 20
37 41 36
39 29 33
16 67 8
24 79 33
52 83 8
50 1 30
24 87 34
4 59 26
39 58 18
67 45 14
47 2 3
35 74 32
57 19 18
33 39 29
9 80 19
50 16 25
52 66 32
34 34 35
42 57 10
62 52 3
59 32 24
51 71 3
50 71 33
7 47 13
12 55 30
49 8 38
17 40 6
11 33 9
20 23 17
25 15 10
62 90 4
51 37 1
19 91 34
22 45 19
11 32 39
7 27 26
13 65 6
44 82 33
68 53 35
34 43 18
29 11 9
14 41 39
21 20 21
56 65 18
29 29 15
65 17 1
4 69 32
43 57 26
6 30 35
32 23 33
35 10 1
44 7 10
48 75 37
35 60 11
23 1 4
34 19 31
42 1 28
68 28 29
52 70 18
32 43 12
53 18 26
29 54 4
29 31 13
28 73 3
16 49 22
1 22 29
56 81 14
10 2 14
35 29 28
19 58 40
69 20 31
43 42 19
13 56 27
1 56 18
2 30 37
4 37 35
53 77 33
1 83 30
8 25 2
35 35 8
60 34 4
40 47 17
32 93 30
66 84 24
10 55 20
45 4 23
1 8 30
22 80 23
23 45 26
26 90 30
55 70 38
61 63 32
13 92 35
7 29 38
22 90 26
16 84 7
56 30 25
13 68 5
24 19 5
39 51 15
40 59 13
32 22 4
5 25 23
37 36 14
57 65 39
50 80 19
26 82 17
38 78 32
19 60 26
11 68 17
50 30 25
68 26 14
12 34 22
45 50 17
36 4 5
23 68 19
54 21 10
66 61 10
11 92 33
67 25 27
59 38 12
69 50 11
64 42 34
55 76 16
68 39 39
49 6 40
33 34 10
57 86 17
44 10 32
1 55 20
35 50 27
66 76 26
10 6 20
33 84 12
5 49 5
30 29 40
3 89 26
66 48 26
20 91 34
60 66 6
3 57 9
13 42 32
66 84 20
1 54 34
48 94 3
38 73 16
66 53 27
3 79 11
29 7 5
4 36 28
56 70 14
54 84 29
26 51 13
68 89 34
56 86 28
56 52 34
8 31 13
38 66 15
62 12 20
51 81 10
32 92 23
52 12 31
68 32 24
36 48 8
39 66 28
28 7 15
65 3 23
63 26 39
20 20 3
47 42 39
40 83 9
24 76 12
46 24 19
7 58 32
36 52 28
53 69 6
47 6 7
62 92 39
58 54 17
18 44 11
1 49 13
58 64 34
46 42 1
32 61 29
56 45 12
49 84 4
57 13 4
35 87 10
5 39 4
60 54 38
57 47 32
34 45 28
8 46 38
40 64 14
13 75 13
21 54 11
64 60 35
43 4 2
68 21 4
35 38 16
53 24 19
36 55 23
46 4 17
68 55 23
26 65 19
16 2 17
3 13 9
48 61 28
9 66 38
61 65 3
58 29 27
35 41 26
59 48 26
10 2 28
34 45 2
58 18 34
1 40 23
14 41 16
66 94 23
21 94 33
14 25 34
9 12 27
10 14 18
57 56 30
55 91 23
35 20 12
4 34 2
50 89 16
24 57 40
44 42 32
21 29 39
34 19 32
56 67 37
23 52 28
41 14 16
36 90 1
32 76 39
37 42 2
40 67 38
65 87 20
8 80 7
31 4 19
17 88 7
22 6 35
3 30 17
45 65 9
43 2 13
47 25 21
12 21 27
60 73 8
59 59 29
57 80 30
10 62 10
32 69 31
3 30 33
14 48 3
46 14 3
50 21 11
22 62 4
24 56 33
40 82 36
6 23 32
30 83 31
68 10 13
30 21 38
4 62 1
16 58 12
52 43 19
59 66 14
18 62 38
27 73 6
68 48 33
36 89 37
44 66 25
23 48 16
3 27 9
10 44 14
3 82 14
56 79 29
69 40 34
44 61 28
30 35 10
17 85 28
15 72 10
40 18 9
30 76 21
58 11 36
38 77 36
39 89 24
5 82 12
62 50 11
63 75 14
52 30 19
5 82 6
27 81 36
15 24 14
19 78 40
52 6 1
54 23 4
10 46 27
2 33 34
52 52 6
68 64 34
30 57 16
65 88 8
20 14 27
57 27 5
10 8 28
9 4 32
30 81 17
26 25 33
26 89 3
58 86 6
9 18 10
34 25 31
67 64 2
19 92 8
66 14 5
18 6 32
16 30 9
5 57 29
56 34 1
38 42 25
44 59 6
33 80 38
45 60 11
58 55 11
5 55 5
43 56 14
67 20 34
37 11 16
47 90 37
6 56 38
41 67 12
22 31 32
16 66 22
53 41 34
58 20 34
53 9 17
31 9 39
42 15 11
4 61 27
31 46 28
51 93 26
32 42 38
12 31 30
36 69 12
55 86 37
22 76 25
40 49 33
47 90 34
23 28 5
56 94 15
44 52 3
58 7 17
48 73 1
12 93 22
47 39 29
37 20 18
66 9 27
50 55 15
16 51 10
56 74 15
62 8 31
14 21 4
63 7 3
26 15 20
65 93 35
49 22 32
37 71 37
35 13 23
64 51 32
15 68 8
10 64 7
41 4 5
14 3 4
3 89 28
30 75 10
62 22 35
64 11 29
42 38 33
67 49 15
60 86 32
7 94 24
66 21 16
63 80 33
19 13 14
2 49 32
45 70 15
57 47 3
4 32 30
55 40 9
35 87 33
68 39 32
17 62 3
19 46 3
15 48 20
5 85 29
64 30 18
32 90 37
25 90 24
53 70 4
6 89 21
35 30 23
22 36 33
8 87 34
44 55 37
24 52 24
39 57 9
27 57 23
12 10 27
35 43 13
44 93 3
42 63 25
58 68 5
51 37 12
69 45 37
16 29 13
52 50 40
25 94 6
58 70 18
60 76 8
53 87 35
27 59 20
21 27 19
40 29 20
15 68 2
57 49 8
34 79 20
28 6 28
36 12 33
56 26 11
11 10 40
51 44 39
48 59 20
19 44 6
67 79 23
68 10 32
51 82 22
39 88 18
34 66 10
24 5 21
36 87 11
24 10 9
31 6 31
51 71 18
1 37 32
26 9 33
59 9 12
9 7 15
17 64 24
33 72 14
65 58 5
16 27 26
66 36 22
63 19 22
69 45 3
41 22 16
47 37 2
63 78 21
7 59 31
30 38 33
55 68 7
21 81 35
36 20 38
23 1 39
36 30 29
59 69 34
8 28 15
4 26 1
51 8 1
55 64 36
68 30 24
58 30 26
43 49 16
60 86 38
66 51 7
49 39 36
40 91 10
24 65 3
5 85 6
7 86 3
48 12 40
52 49 27
50 54 27
55 50 18
26 93 24
55 45 28
28 35 20
32 47 25
3 69 3
23 21 13
9 53 11
10 55 20
65 10 23
60 28 22
18 29 33
18 9 32
56 88 26
3 49 38
67 19 24
55 55 2
49 25 3
30 72 16
25 38 9
26 26 21
50 26 4
24 38 7
24 92 40
23 2 26
15 61 22
44 13 39
27 78 29
64 18 20
13 37 34
63 14 28
5 30 8
63 71 40
63 48 9
50 7 30
54 5 1
19 51 28
33 80 27
45 67 25
26 92 33
44 89 10
36 23 37
51 37 30
17 62 35
29 93 14
10 12 10
53 1 3
54 25 33
1 31 9
58 11 18
37 39 32
59 1 38
27 49 37
2 65 12
22 87 26
66 14 26
48 69 21
61 6 31
44 55 13
37 69 19
5 87 21
30 8 3
5 92 3
56 13 28
51 84 14
39 11 17
65 68 23
54 21 5
57 21 37
26 52 18
58 83 22
11 52 26
67 76 20
32 53 18
18 8 27
24 69 38
40 76 23
67 51 25
13 53 3
50 67 11
21 18 37
32 4 23
15 87 2
34 85 4
26 70 26
20 12 11
24 17 30
12 84 14
6 82 21
1 82 33
14 26 40
18 45 33
36 19 6
24 23 26
4 28 18
53 27 17
48 4 25
39 43 31
61 33 27
31 77 11
66 17 8
8 27 35
6 42 34
36 27 19
16 84 25
23 61 26
2 50 20
34 36 17
16 2 3
32 26 34
6 34 8
7 71 8
48 80 6
27 32 19
27 84 1
30 20 23
28 24 10
51 84 27
69 79 40
51 13 35
17 48 38
65 54 10
53 82 15
41 27 16
56 75 34
6 92 19
56 14 28
5 58 21
27 13 29
68 11 19
62 34 11
43 93 4
8 56 1
68 28 14
57 7 22
37 57 19
65 9 5
58 19 8
20 45 39
14 32 15
48 17 15
36 59 40
41 26 12
54 30 23
39 65 18
38 70 34
43 61 24
27 55 3
56 76 6
6 48 28
68 57 40
17 18 8
61 30 29
33 55 18
1 80 40
28 29 6
14 5 8
9 24 30
20 29 12
52 39 36
36 74 14
19 20 22
23 15 21
37 15 32
17 7 28
36 3 15
12 45 4
68 82 38
44 36 14
46 17 16
36 81 5
11 85 4
41 88 36
4 6 27
68 6 18
63 10 10
55 84 39
50 20 17
26 85 4
21 36 28
7 63 6
1 27 15
49 29 23
61 33 24
23 62 6
60 53 10
32 32 19
14 47 5
19 94 40
51 8 10
31 55 4
40 54 12
19 50 4
25 25 17
61 92 1
44 47 30
51 83 32
62 78 10
33 73 23
14 93 31
50 8 40
26 32 27
22 65 17
11 88 32
28 28 2
42 41 15
64 67 30
59 72 39
17 63 29
51 85 27
30 64 31
27 19 26
13 89 35
45 7 15
61 42 5
30 63 40
41 88 31
60 92 17
37 94 25
8 63 7
44 69 10
44 75 10
35 30 9
1 85 27
56 16 4
53 36 22
4 89 18
49 51 19
61 32 2
50 77 28
10 2 7
17 39 21
40 33 18
54 78 16
34 13 39
18 4 22
26 11 13
6 45 22
57 11 17
21 41 2
22 79 11
47 41 25
39 48 30
23 68 9
56 11 31
39 29 31
43 80 14
37 1 17
34 20 20
14 90 28
56 34 38
14 80 5
68 5 28
66 67 14
32 16 14
45 74 34
4 45 23
6 55 22
8 32 24
13 7 27
23 52 5
69 9 1
49 5 38
16 27 16
62 78 32
30 23 39
34 87 3
13 5 19
47 81 5
58 51 20
35 88 5
59 44 1
68 55 22
42 41 39
30 77 2
51 63 6
20 83 8
52 33 15
37 63 40
14 38 36
19 93 1
12 29 39
34 22 13
1 80 40
21 32 21
25 90 28
63 10 2
50 5 12
54 6 35
50 48 14
68 16 26
53 30 29
69 32 4
25 13 12
17 56 36
67 81 40
24 65 20
25 68 6
68 87 3
68 71 8
52 57 14
67 53 37
4 75 23
41 42 26
61 48 34
17 22 22
59 60 4
60 11 4
28 21 29
9 92 39
17 49 4
36 50 18
14 36 19
39 85 28
12 47 32
25 13 29
28 63 7
34 53 24
2 67 21
63 8 14
59 54 27
56 23 31
47 89 23
20 31 10
8 37 31
42 43 40
60 54 8
60 23 23
24 78 3
8 44 21
50 93 12
67 75 23
1 25 24
59 26 13
6 57 8
6 37 4
52 84 14
11 89 35
12 47 5
44 92 17
45 65 33
2 16 4
7 2 13
51 56 15
44 40 15
53 19 26
55 6 33
22 85 34
50 21 26
45 82 4
62 63 24
30 17 18
56 8 19
28 43 10
55 74 36
55 58 2
36 75 20
24 53 26
46 65 27
2 23 16
16 29 11
4 40 20
48 13 20
56 92 27
43 15 16
65 70 2
1 26 19
35 28 21
8 25 21
3 65 1
65 60 8
55 79 6
43 2 30
9 21 36
11 40 24
29 33 34
16 65 27
14 9 32
67 9 31
37 36 30
18 80 38
51 6 40
67 53 34
25 20 35
43 70 8
69 80 32
23 61 27
59 7 11
19 57 8
7 7 2
47 24 25
45 59 19
38 14 7
56 20 8
30 80 10
2 63 38
51 66 32
59 1 8
53 51 1
14 80 30
12 14 3
25 11 32
61 38 8
28 91 13
53 83 25
38 89 11
24 59 2
2 40 29
25 10 10
65 93 20
26 51 16
53 46 31
62 2 25
28 8 3
62 82 4
10 40 20
53 68 14
13 67 15
54 88 30
16 13 29
32 85 22
29 14 14
24 28 29
44 48 20
51 21 33
8 32 33
51 65 31
40 47 26
60 40 7
44 17 3
50 17 11
16 40 12
67 11 1
4 13 5
4 88 10
42 51 20
24 1 33
13 27 13
66 33 3
46 79 20
66 6 20
43 11 1
40 79 37
47 58 2
61 87 34
33 67 23
36 21 6
35 60 40
34 29 2
42 81 10
25 24 7
45 14 24
19 83 20
32 17 29
1 80 18
34 4 38
65 51 40
55 61 12
30 21 2
56 37 25
30 23 10
22 50 33
54 33 12
30 33 22
59 5 39
54 1 24
19 8 12
36 22 17
39 44 22
28 5 40
25 56 31
69 83 31
27 73 12
39 9 3
67 87 7
58 70 5
42 77 20
43 84 37
13 90 25
28 53 6
26 37 22
14 70 34
47 46 40
66 3 12
22 36 40
50 65 7
56 52 17
31 36 21
5 64 7
69 1 39
39 5 2
40 69 8
54 90 18
49 11 5
58 23 35
36 36 12
7 70 32
9 46 17
57 56 38
38 91 8
5 25 32
53 1 40
69 33 21
44 8 23
52 83 4
12 73 39
7 40 35
2 73 6
40 66 27
22 39 28
16 82 10
30 41 17
7 7 2
42 80 27
30 9 9
30 21 26
14 49 4
66 47 15
52 46 12
55 76 36
18 48 35
57 26 31
52 21 12
51 78 18
13 90 18
33 36 18
26 94 33
40 44 18
56 56 17
14 42 22
26 48 26
52 89 20
44 10 15
22 13 38
36 55 38
38 57 15
22 23 14
41 30 23
4 18 21
53 10 8
52 17 14
69 63 32
54 21 11
25 85 38
37 55 19
62 32 27
37 62 39
28 70 8
25 60 39
33 14 8
4 27 27
42 20 23
27 19 6
65 44 20
55 78 26
48 61 22
25 31 38
28 22 12
30 78 19
53 67 4
9 66 37
38 51 1
12 84 37
46 84 38
9 49 14
53 20 31
23 34 1
55 69 1
20 11 8
41 46 37
20 4 4
8 47 32
67 52 9
31 79 40
53 2 7
65 12 20
65 42 34
39 87 27
29 61 4
6 66 1
8 47 28
43 52 5
49 35 19
36 72 3
65 38 16
52 23 13
37 83 13
26 70 25
68 93 31
68 18 36
46 39 27
13 63 24
46 11 35
10 29 23
30 64 2
15 62 7
46 13 24
17 49 16
17 39 16
45 69 3
51 40 11
51 23 34
41 67 17
48 13 35
51 25 1
37 19 25
16 51 25
65 12 39
45 83 27
47 94 4
38 53 33
46 79 16
69 70 30
35 89 38
24 61 11
64 76 14
11 69 14
37 55 27
69 39 10
29 51 24
46 25 7
12 89 39
57 54 28
10 73 9
8 38 35
52 34 25
6 89 37
66 86 20
7 25 31
5 1 27
33 72 6
49 83 13
62 40 37
49 54 37
24 10 16
64 94 26
20 45 37
6 72 23
55 8 25
38 45 35
50 47 29
23 2 2
19 10 29
47 49 5
26 54 6
65 94 2
22 24 12
20 12 21
24 47 14
6 70 13
55 78 22
34 66 16
2 59 13
33 3 32
28 9 28
39 14 30
11 40 22
35 88 10
47 21 6
36 21 21
49 68 12
65 45 16
60 65 21
34 72 26
39 44 26
1 51 25
67 73 32
48 39 6
54 90 4
8 8 17
35 2 1
59 8 13
3 14 36
29 17 19
60 81 39
38 79 35
12 63 26
56 29 16
5 65 9
59 27 28
36 65 36
25 40 26
44 49 14
2 87 21
11 64 9
16 77 27
33 91 6
45 54 24
52 30 17
54 59 27
38 27 14
26 30 15
9 82 34
16 17 37
23 92 8
11 82 1
63 18 26
62 60 35
52 66 5
66 86 28
56 20 34
12 38 1
55 94 8
49 37 3
46 11 19
37 24 31
59 93 34
36 2 31
3 38 8
27 93 12
44 11 21
33 35 12
15 15 16
42 27 6
23 73 33
7 81 24
10 42 28
12 70 17
63 64 31
63 66 39
26 81 16
13 40 36
17 92 33
53 55 27
41 89 37
41 57 28
37 30 27
37 35 31
27 76 33
27 30 22
53 22 32
64 32 30
15 83 25
6 94 8
56 51 40
52 65 34
16 50 26
12 70 20
35 31 16
47 8 15
42 25 32
17 60 4
42 90 1
50 84 10
44 10 10
39 55 17
57 77 19
42 33 16
4 78 28
14 78 13
53 88 23
17 58 13
57 90 16
67 89 19
19 43 17
69 84 17
21 59 28
65 48 8
65 8 29
21 16 10
69 67 35
55 82 26
11 30 23
20 13 1
6 33 21
61 73 24
62 71 36
54 71 3
62 2 7
15 26 11
52 66 19
24 71 29
9 55 15
5 47 6
6 68 23
21 1 38
67 78 2
67 11 3
39 21 30
44 83 6
3 36 37
33 31 3
61 49 6
31 50 8
7 41 39
40 92 30
66 56 23
54 57 14
14 79 8
26 19 2
65 18 21
41 24 20
55 30 26
20 43 10
44 4 8
51 93 30
66 56 40
64 11 6
29 36 21
18 68 25
19 58 12
44 21 8
9 42 38
44 56 34
16 40 4
3 80 10
10 9 5
47 84 38
1 62 6
29 46 4
13 48 27
14 26 31
47 32 21
47 74 11
62 43 12
61 75 3
36 7 26
34 20 7
45 60 27
7 79 16
63 81 24
51 10 22
28 38 26
47 18 17
38 18 38
58 42 5
13 31 14
53 60 13
27 36 28
23 2 10
53 6 11
14 21 39
54 86 2
30 58 11
11 19 8
23 38 13
3 75 34
17 66 2
23 23 39
65 45 9
2 20 18
18 47 19
23 92 3
2 67 33
48 76 10
39 21 37
17 34 33
30 12 32
16 83 3
20 25 38
13 13 30
6 93 20
62 53 36
4 51 6
19 67 18
67 94 39
53 33 12
20 93 16
10 87 30
48 91 4
49 55 32
50 37 29
41 78 15
10 68 23
11 46 28
59 22 6
62 93 31
67 82 7
33 12 39
30 65 36
38 40 10
64 34 26
58 77 16
67 79 35
54 85 30
59 81 11
52 33 29
55 59 16
49 13 24
47 14 33
52 62 32
69 90 38
36 16 8
18 50 24
64 5 33
37 73 23
46 8 30
24 13 31
64 85 5
57 78 16
22 62 26
67 33 20
69 80 11
4 70 28
28 85 38
39 13 19
18 51 17
58 2 6
50 48 20
14 48 2
58 83 11
1 26 33
8 75 27
42 93 22
14 29 11
43 8 35
55 74 2
52 43 30
48 61 40
67 65 13
66 79 37
23 7 9
3 72 34
45 74 30
50 63 39
3 3 35
55 41 32
41 26 32
68 39 30
37 84 37
66 80 8
42 37 37
42 86 19
49 23 11
28 41 28
60 90 30
21 67 23
24 72 5
7 79 11
52 68 20
27 62 23
26 72 26
44 54 10
17 10 35
11 51 25
49 7 30
25 86 28
43 79 6
56 5 27
53 82 4
57 55 16
62 73 8
36 76 40
66 72 17
36 12 5
10 66 5
5 19 39
28 40 15
15 85 20
17 31 22
30 66 2
68 82 40
64 23 8
41 12 29
47 33 29
30 94 10
40 36 4
45 39 23
1 13 35
48 31 22
12 78 16
19 74 33
25 33 7
26 41 8
45 86 23
56 71 26
9 11 13
43 31 28
69 52 19
57 24 4
15 83 28
65 21 40
41 43 18
13 14 29
63 11 36
60 87 23
40 54 18
22 14 21
40 78 20
65 50 27
7 5 15
51 71 38
48 52 5
54 78 14
6 44 31
54 94 1
66 88 4
10 93 36
34 82 7
41 37 19
12 6 22
8 37 28
65 7 23
50 41 40
23 57 2
51 31 25
16 25 38
33 54 1
49 86 17
33 31 34
15 23 22
48 60 25
40 30 34
23 45 34
35 44 16
2 45 36
1 12 22
25 59 3
16 31 16
19 25 5
43 27 12
67 80 35
65 41 21
24 93 18
64 80 39
66 68 30
3 82 20
38 40 28
64 13 2
43 87 28
32 79 32
28 58 21
59 9 25
53 90 1
45 86 33
26 13 39
6 71 24
69 13 15
65 31 37
8 85 11
57 6 30
39 70 15
69 83 10
63 44 11
61 60 6
36 91 6
16 49 24
19 49 35
51 45 3
8 3 9
68 77 38
64 44 34
60 43 21
7 56 1
37 37 32
41 34 36
68 68 38
67 4 2
18 57 15
18 25 11
38 43 11
63 41 10
23 83 21
40 15 27
21 61 28
4 34 15
27 34 17
19 15 9
36 8 4
18 59 5
21 8 10
63 44 9
5 46 7
65 72 5
52 15 39
4 55 17
19 91 23
17 9 34
66 18 15
45 15 21
68 15 13
63 39 7
6 65 28
62 13 30
36 90 5
64 87 19
64 8 9
35 62 2
56 69 36
30 33 14
57 70 23
18 15 17
5 10 32
10 88 39
5 35 28
56 45 12
3 14 34
26 36 6
27 28 3
9 49 3
65 56 5
4 1 6
64 93 15
63 3 38
18 27 6
21 73 31
12 77 31
49 57 40
59 13 6
18 30 1
6 92 4
29 55 35
48 88 32
41 37 12
58 12 7
40 66 27
45 15 19
66 48 30
42 82 25
20 83 9
18 37 24
13 7 9
23 54 5
64 14 27
1 3 1
37 66 36
33 77 21
40 82 32
4 58 20
19 54 21
36 75 19
39 9 24
44 5 12
33 58 16
55 38 8
47 33 19
15 25 37
10 26 8
26 13 21
47 62 7
58 73 10
41 28 37
5 77 17
7 73 1
21 93 26
13 38 24
27 30 14
28 77 5
66 29 11
64 28 19
66 76 17
10 30 5
66 74 14
33 55 12
16 23 9
7 41 16
25 17 7
50 18 31
16 49 23
15 91 30
30 35 23
46 90 9
7 84 36
37 94 20
50 25 14
33 72 24
61 28 38
27 31 29
66 75 22
9 8 9
16 57 5
35 28 18
63 69 6
61 41 5
43 79 40
39 26 11
29 74 39
28 46 18
37 31 22
37 92 15
49 89 21
12 52 30
66 46 32
31 77 3
42 54 35
33 49 3
15 58 25
50 45 35
9 87 40
18 62 13
6 42 17
66 64 38
69 7 2
31 79 11
66 40 12
4 21 18
8 65 8
32 91 22
63 17 25
64 37 1
66 83 29
45 72 20
65 87 1
18 70 1
56 58 33
1 53 38
66 36 2
21 11 14
46 27 18
22 24 23
64 5 24
40 15 35
58 57 38
28 10 24
9 13 3
4 33 15
26 19 17
7 28 37
69 28 9
54 33 32
4 79 27
28 92 39
32 32 24
29 24 2
32 3 21
24 89 7
49 17 13
10 52 24
63 18 23
15 24 38
34 28 12
34 22 15
52 49 5
58 29 29
67 24 2
39 27 14
21 66 36
8 82 10
43 17 27
68 8 6
61 22 8
19 13 13
37 52 40
53 89 33
33 71 27
47 83 31
51 83 14
63 72 2
44 32 10
63 89 18
18 6 40
23 25 3
45 64 38
10 71 20
13 10 29
21 58 6
44 62 12
63 75 9
22 34 2
3 61 10
64 8 27
60 86 5
28 4 40
20 62 18
57 23 37
37 7 1
4 57 16
57 2 35
11 3 3
46 17 14
13 91 38
20 18 20
35 87 28
9 84 4
17 54 26
16 66 7
40 85 39
42 68 29
16 32 12
67 82 26
66 57 4
30 17 39
63 38 6
69 39 22
24 59 23
38 58 10
30 41 1
18 2 31
68 28 20
62 30 6
58 20 17
45 43 35
34 45 3
25 30 8
14 67 25
35 74 21
42 91 20
57 87 24
43 62 36
55 72 9
45 74 24
62 34 8
38 14 26
62 36 10
13 92 11
45 31 6
58 30 26
40 12 23
60 10 17
58 31 38
66 40 14
17 68 19
20 46 10
45 64 14
39 38 23
41 4 13
9 69 38
13 82 16
6 68 40
5 84 9
25 16 19
53 67 38
37 86 17
19 83 19
36 73 7
67 11 25
68 36 8
41 43 32
65 8 20
37 70 32
27 62 24
21 26 15
8 83 2
31 8 35
13 79 38
57 52 28
53 53 24
17 32 22
6 49 14
52 2 35
69 55 7
52 61 16
4 41 3
14 11 39
29 57 23
52 62 4
17 75 14
69 75 10
10 70 3
69 25 25
13 11 9
10 83 36
7 68 26
39 55 3
6 73 7
36 58 39
55 46 17
15 58 25
36 12 18
48 87 34
35 72 4
12 5 3
14 66 17
21 67 15
55 78 15
22 69 10
61 10 18
69 70 3
25 74 19
58 8 16
16 62 31
8 24 31
4 64 30
33 27 14
53 32 28
25 42 16
50 9 35
9 63 23
26 33 33
20 23 19
55 94 29
23 14 32
49 92 31
8 28 4
16 10 13
66 30 28
13 60 17
40 27 39
38 31 10
60 44 9
40 43 18
29 67 22
57 53 19
6 89 24
9 12 14
8 26 2
2 82 9
68 64 40
39 45 27
69 61 19
55 26 2
10 53 15
43 52 6
52 7 24
10 1 29
5 34 14
52 34 6
12 68 28
7 35 25
42 64 25
1 44 26
12 69 20
64 67 34
11 72 5
40 43 16
53 61 40
2 89 37
37 64 14
24 45 13
40 82 32
21 41 36
27 47 16
31 94 26
57 82 1
16 25 22
54 30 32
57 31 22
67 22 3
41 31 21
57 66 32
32 65 16
10 30 36
19 13 38
3 26 16
45 13 28
5 57 19
27 84 33
1 47 24
61 73 39
8 78 29
11 8 32
2 33 12
23 93 8
41 46 12
25 44 7
47 80 23
62 35 16
19 49 31
55 32 20
26 65 34
60 40 12
28 30 32
58 92 30
33 90 13
55 43 4
45 27 36
19 85 5
37 24 17
12 61 2
54 6 14
18 19 4
56 67 28
32 68 24
55 16 27
15 6 39
21 29 25
62 45 34
44 53 30
7 5 16
65 12 11
11 1 35
4 11 21
53 26 40
62 57 40
26 31 10
44 82 33
43 85 9
4 47 12
37 36 18
40 66 9
63 17 14
64 72 13
14 77 11
39 38 28
40 90 30
63 77 9
51 75 2
56 43 37
19 15 39
26 69 22
6 61 16
7 88 21
54 6 37
22 69 38
56 91 19
61 16 38
33 71 37
34 45 31
40 5 19
16 34 23
14 48 40
40 92 21
61 85 11
62 17 9
46 84 34
32 43 27
65 77 35
50 94 26
64 73 19
33 20 24
55 28 33
4 46 16
2 59 40
68 5 26
32 62 9
32 88 20
8 20 8
47 48 4
10 63 20
9 30 27
11 85 20
6 50 7
43 53 27
34 35 34
64 12 11
28 8 35
63 79 29
49 34 26
47 50 24
16 89 21
10 30 21
13 23 31
63 71 5
68 82 11
10 33 4
26 82 27
36 42 25
66 2 19
66 26 23
62 53 36
30 12 27
32 24 35
35 74 33
33 32 23
49 85 15
2 9 39
17 27 33
54 5 16
2 71 27
20 74 37
18 10 16
22 45 25
42 4 14
48 43 31
25 3 37
66 22 5
60 62 15
10 82 5
36 41 8
4 55 19
67 23 9
38 79 10
21 41 34
1 88 40
46 21 18
2 73 26
36 2 3
16 59 31
5 94 9
5 83 18
56 83 29
38 84 18
51 79 25
21 23 4
13 16 19
9 67 19
6 26 13
57 62 28
42 22 15
18 88 4
64 31 9
28 82 5
32 45 32
16 56 20
22 57 23
69 69 10
1 4 20
51 84 8
56 52 1
22 67 3
9 59 23
25 39 12
55 41 36
43 31 2
5 36 13
12 27 3
24 84 5
8 3 18
69 49 36
38 93 35
43 35 5
49 56 26
14 25 6
22 25 19
44 29 1
67 1 12
47 58 16
21 13 32
69 34 9
15 83 18
30 43 4
43 60 10
54 15 38
44 80 1
26 63 11
22 4 26
43 4 32
37 67 6
15 18 37
26 67 16
61 20 35
21 60 24
39 20 19
29 44 32
10 64 21
50 82 1
22 17 5
13 33 28
45 26 14
9 84 36
12 60 2
25 39 14
53 54 38
2 49 19
3 80 5
12 50 37
7 42 27
5 60 16
55 46 4
66 60 34
13 62 40
15 58 24
63 65 22
54 25 11
32 6 28
50 34 38
15 49 33
29 80 38
24 80 30
45 75 1
49 12 38
63 66 15
15 61 20
17 36 40
64 48 33
3 74 8
62 28 32
28 60 27
21 41 13
65 57 9
55 51 12
46 32 26
50 87 21
36 28 24
23 48 1
46 85 5
49 42 15
59 80 25
35 90 34
9 79 15
29 92 12
39 24 24
59 24 10
16 7 28
28 11 13
18 31 10
37 66 1
53 43 11
19 49 31
48 82 34
60 35 2
60 58 9
45 27 31
29 45 7
23 82 3
32 74 8
45 6 15
15 61 19
38 17 27
62 33 25
47 14 33
23 49 34
35 94 9
38 6 3
5 52 40
57 27 5
41 94 8
17 11 17
38 9 28
34 83 20
13 74 3
12 51 18
49 91 26
28 93 34
30 84 32
53 67 20
27 27 4
67 38 13
26 16 15
64 75 31
60 72 40
62 16 22
34 84 6
41 44 25
17 82 23
56 47 24
52 41 5
8 53 8
68 60 16
23 49 25
69 93 28
59 18 29
43 68 15
69 24 40
7 68 28
34 71 34
25 29 9
24 74 1
52 82 5
8 28 39
40 19 16
37 91 33
8 82 35
32 66 34
42 18 28
62 76 29
45 23 11
9 27 1
59 27 31
9 93 4
28 71 26
17 93 14
19 9 19
58 66 27
69 91 28
62 94 1
39 4 13
58 44 27
63 38 21
7 21 31
38 48 40
53 25 14
55 48 4
20 11 8
20 23 33
36 64 36
68 46 14
6 60 23
47 93 22
6 76 23
43 50 21
27 8 11
31 78 14
58 80 4
63 12 3
41 42 17
45 55 2
22 9 15
49 36 5
36 28 32
52 11 35
31 63 17
48 3 37
47 29 37
14 56 1
11 25 36
33 92 37
49 12 15
47 38 31
24 6 24
16 34 35
15 28 21
18 89 6
47 61 31
35 31 27
48 29 7
28 7 37
43 64 21
24 90 28
3 22 37
30 82 40
55 88 8
44 56 37
10 69 19
51 29 40
7 35 36
10 64 8
46 33 38
64 86 30
50 17 40
64 57 35
29 54 28
60 37 19
42 46 15
51 10 14
37 52 18
16 24 10
18 57 7
34 2 21
13 23 23
1 72 30
56 80 25
35 80 1
41 76 36
33 89 16
5 6 27
25 64 6
43 89 16
19 50 37
60 59 25
3 10 5
43 38 34
8 60 5
9 66 24
2 82 16
68 37 39
25 12 36
36 59 5
51 34 2
65 4 13
24 66 2
8 24 40
31 39 18
3 11 24
54 19 36
68 56 23
39 21 21
69 18 20
48 86 33
42 83 32
24 88 24
20 61 17
63 4 28
5 48 23
35 86 32
19 93 34
22 27 27
4 45 29
11 62 33
13 18 7
62 3 36
30 15 11
56 83 17
30 57 6
13 33 23
65 5 6
21 53 34
52 61 26
24 92 14
44 25 13
55 41 31
40 8 5
16 24 12
60 40 21
19 75 36
15 27 25
17 30 6
40 10 25
67 50 30
4 77 30
55 44 1
12 29 6
45 62 37
51 18 24
38 50 15
29 28 11
60 4 3
17 20 15
27 68 12
29 69 6
29 52 13
14 37 29
25 28 34
13 15 12
48 14 11
23 42 6
25 77 26
69 20 24
67 70 14
37 34 40
53 11 5
35 4 22
38 57 33
43 2 22
63 15 6
27 9 3
38 71 17
31 11 15
46 52 12
14 25 33
12 13 2
33 69 40
58 24 16
11 9 13
19 74 19
6 24 15
1 34 40
54 65 16
18 20 4
35 26 24
42 48 13
31 91 23
56 47 28
14 64 24
40 87 21
2 7 12
49 79 5
44 40 32
67 11 8
51 62 37
32 1 29
67 69 33
3 91 36
7 63 7
41 21 25
26 66 17
63 78 36
7 52 24
6 6 22
16 89 30
62 46 4
69 77 13
35 39 35
20 84 7
59 78 32
3 54 9
21 42 7
8 85 1
44 21 19
23 37 22
43 26 2
35 73 36
26 19 2
65 32 3
52 37 31
69 57 14
11 15 2
33 34 28
58 38 13
46 93 39
49 45 25
31 42 22
26 48 19
44 53 37
25 91 18
63 82 4
32 76 1
59 88 22
8 36 13
35 80 29
11 26 19
42 31 23
23 28 5
6 61 9
39 52 20
19 5 34
31 78 26
53 64 34
33 31 37
31 31 36
44 30 34
10 47 24
63 55 29
55 83 15
63 53 36
36 4 23
24 3 26
23 19 26
38 88 7
35 28 8
7 43 18
29 74 33
40 26 17
42 73 28
68 8 38
64 79 11
27 63 13
63 69 9
18 70 13
42 24 11
18 80 21
52 83 2
34 2 38
67 8 35
8 94 34
37 63 7
34 32 18
61 15 34
57 20 14
18 51 35
50 5 33
32 51 23
64 58 8
23 90 8
66 78 29
65 29 24
66 86 17
16 51 17
36 48 23
53 19 19
36 15 21
43 91 13
8 69 37
38 21 30
5 36 28
36 67 4
58 71 27
68 55 5
24 7 33
45 22 7
50 30 16
55 6 14
53 41 1
12 72 3
38 46 1
11 68 7
55 72 9
42 89 2
34 23 12
20 94 3
8 62 6
9 42 12
1 68 30
27 28 10
19 29 24
16 23 23
33 17 23
48 44 21
42 54 23
16 93 8
30 77 1
68 51 22
55 23 9
11 49 13
47 23 34
42 19 11
43 69 2
7 29 35
58 40 1
67 77 31
9 22 5
45 10 6
34 87 7
25 88 40
49 25 17
22 40 4
8 23 16
51 4 5
68 64 11
11 9 2
50 64 18
51 10 31
68 28 3
47 2 25
32 75 2
48 24 17
43 50 15
65 34 28
40 59 17
27 93 27
32 59 16
65 3 37
10 77 1
8 9 6
66 83 28
63 67 13
53 67 6
30 17 16
22 13 29
8 78 27
27 81 3
39 90 9
60 10 27
3 83 6
35 49 8
45 22 8
6 14 34
4 42 13
67 18 32
42 94 13
35 54 4
24 87 33
18 54 26
12 86 33
29 61 6
11 56 2
44 10 22
50 41 36
48 30 29
10 91 22
21 54 32
42 39 29
3 89 27
22 69 10
31 29 27
34 65 1
42 9 33
65 56 30
47 21 35
2 39 3
58 32 37
29 35 7
61 79 31
50 30 11
41 58 30
35 23 20
61 44 28
16 86 15
22 76 2
3 18 22
1 84 29
54 80 21
45 20 7
46 28 5
32 16 8
4 16 16
58 71 38
16 86 3
12 25 36
37 87 31
59 81 14
3 84 24
36 71 23
4 16 40
25 38 5
27 80 7
9 43 3
41 33 28
58 47 10
47 60 31
32 17 34
25 50 39
43 31 19
44 53 25
29 62 12
47 90 32
20 7 23
25 55 14
53 36 22
54 62 5
69 18 19
25 14 29
32 4 11
33 47 35
49 67 27
3 27 16
37 7 35
35 51 38
25 66 11
48 3 9
42 17 40
6 71 5
14 90 26
45 75 32
3 29 14
55 71 24
60 42 23
2 24 34
19 42 10
13 70 37
59 81 36
14 83 17
45 43 20
50 25 21
28 88 28
69 62 32
52 77 29
13 65 15
1 66 9
67 77 34
49 48 35
37 16 14
67 11 32
34 50 39
31 25 23
27 9 26
53 19 12
26 53 39
20 52 34
38 54 8
31 23 9
36 46 3
33 87 32
41 11 17
66 67 35
26 12 17
68 13 36
41 22 24
41 71 27
7 67 28
65 34 25
56 94 17
61 83 38
60 47 24
10 80 1
7 47 6
57 57 22
35 80 7
34 90 34
4 41 37
36 48 9
31 44 5
6 8 27
49 75 22
34 17 21
31 15 33
51 13 38
22 91 1
53 64 7
14 94 5
17 6 33
57 78 28
47 75 15
1 69 24
42 74 11
8 74 25
2 53 26
49 29 26
28 52 3
40 89 14
30 31 21
43 80 29
9 29 19
31 62 34
27 20 32
10 54 15
27 67 24
67 49 35
27 45 35
14 70 14
44 12 17
61 73 39
60 36 4
30 93 35
58 15 25
24 32 19
58 77 39
14 48 26
53 41 35
64 66 9
52 25 5
46 58 29
63 9 27
27 22 13
57 55 15
27 73 27
55 61 29
35 78 14
62 43 33
18 20 34
11 8 31
12 42 16
64 65 37
31 35 5
57 81 34
35 88 4
29 69 21
46 6 30
59 86 6
15 57 39
51 69 7
60 22 27
12 16 18
69 67 30
32 43 11
23 31 40
36 54 15
22 18 35
68 73 15
27 13 17
66 61 29
60 47 36
33 50 2
49 60 35
26 19 3
54 75 10
13 8 21
30 10 33
37 48 12
34 47 5
47 32 21
6 79 25
2 61 10
20 70 11
3 37 20
68 52 6
33 62 23
64 18 29
25 13 13
38 9 22
47 94 4
28 68 1
68 10 17
56 44 6
12 44 34
59 74 36
17 64 10
47 73 21
35 14 38
42 56 25
47 59 18
15 21 28
14 73 3
2 77 28
10 17 28
38 91 40
6 26 20
29 46 3
12 73 37
38 82 14
14 35 28
2 40 13
36 82 10
7 26 31
8 82 26
44 72 30
23 77 16
18 91 6
43 29 25
47 67 28
52 60 20
1 42 15
43 58 21
12 57 10
37 71 5
3 17 25
61 83 15
27 33 6
15 62 2
54 1 32
32 20 13
61 30 2
45 72 39
42 43 32
46 33 7
9 25 6
34 93 25
27 68 5
60 13 17
11 36 10
8 93 26
65 27 19
23 27 8
69 6 36
15 38 24
66 82 22
26 69 33
34 4 14
24 10 1
16 42 2
55 50 24
33 64 15
39 7 17
16 34 7
15 18 19
6 3 39
63 25 32
44 23 6
20 94 28
60 13 19
10 74 32
41 40 38
11 32 18
16 41 21
11 40 29
48 14 11
55 61 22
40 62 32
1 86 18
23 22 9
24 28 35
12 5 26
23 16 10
11 29 1
18 65 40
4 36 23
69 19 40
69 67 16
42 36 14
37 68 40
18 44 4
24 31 31
48 56 29
44 39 32
35 14 39
23 47 30
18 80 25
30 28 15
3 3 19
18 39 29
52 49 33
58 7 11
37 54 25
64 68 24
29 30 14
14 40 10
52 14 30
29 51 28
40 26 40
32 43 20
40 51 9
43 8 6
28 4 5
2 24 20
33 27 21
54 50 5
61 93 23
50 72 16
48 85 23
37 29 23
33 29 32
2 69 39
49 63 1
21 91 8
35 82 30
26 83 5
53 93 4
54 21 27
29 57 2
43 7 21
49 73 27
11 40 5
2 94 30
29 28 3
60 21 34
50 68 31
26 38 23
9 51 15
16 35 25
37 46 21
10 86 35
63 32 7
13 68 6
8 50 20
69 68 26
2 75 24
6 48 19
30 36 9
59 38 24
56 22 10
6 25 28
25 52 15
65 62 14
17 26 5
1 72 15
10 37 10
46 77 14
9 44 15
65 87 25
67 10 18
17 72 16
37 33 29
11 35 20
12 24 2
30 77 11
54 51 7
7 49 15
58 39 1
66 76 35
44 34 14
69 26 15
47 21 19
30 28 13
45 9 18
2 49 28
66 15 40
18 25 13
56 66 22
28 19 23
1 49 18
56 1 34
2 77 35
31 9 11
39 85 13
59 82 22
6 50 15
35 12 28
37 31 9
49 7 29
25 83 17
8 47 13
1 66 34
19 58 11
20 74 34
11 87 36
8 62 27
27 36 8
61 58 31
24 83 15
57 32 1
45 37 2
29 62 17
32 92 8
64 50 32
22 53 10
57 68 40
51 29 26
35 71 35
55 5 2
15 58 21
33 4 11
13 48 4
3 12 20
61 31 2
35 49 24
33 78 34
56 49 11
4 57 12
10 65 28
21 43 13
26 81 13
28 48 11
25 74 13
61 52 21
36 34 28
15 16 14
9 8 19
31 93 5
1 51 28
37 24 13
62 70 4
9 8 5
32 69 8
19 43 25
62 81 29
24 6 7
56 65 1
3 78 29
66 22 23
44 39 27
14 83 13
26 41 7
32 49 29
9 69 16
23 81 26
53 18 39
30 42 19
1 50 40
23 43 7
24 74 11
32 44 13
19 77 27
7 60 2
50 80 18
26 86 28
48 41 37
11 23 6
3 23 2
40 56 7
3 18 19
14 33 39
39 16 37
32 13 5
34 18 15
15 27 5
28 37 25
25 22 20
68 92 25
46 30 33
49 23 20
12 78 27
7 91 11
64 32 11
1 23 26
14 57 30
35 53 24
66 88 1
24 68 38
21 22 14
10 83 23
10 13 4
20 92 21
48 24 24
20 57 9
42 90 19
22 25 33
28 79 8
18 84 17
29 5 21
31 67 23
61 12 23
27 16 37
53 93 4
29 33 13
40 51 28
38 15 26
69 87 36
66 30 11
5 16 23
4 69 27
5 71 1
41 81 39
48 94 25
19 57 6
19 28 38
10 42 4
2 63 6
46 73 7
8 73 3
17 46 12
41 68 37
45 56 17
61 25 36
1 39 23
6 65 6
35 11 9
57 65 19
30 91 24
26 36 19
69 90 26
53 68 23
47 49 30
10 30 3
62 24 8
66 92 7
57 60 30
30 91 15
53 74 6
65 61 37
53 9 3
54 63 21
22 25 37
49 20 39
44 74 27
65 6 34
9 69 32
53 70 28
55 15 12
62 68 8
17 20 18
36 82 7
57 3 23
10 44 35
15 67 40
63 60 21
24 58 5
44 46 18
66 94 31
3 29 1
32 29 19
26 50 14
68 20 9
27 28 18
42 36 21
31 13 27
37 2 6
6 60 29
59 46 16
52 29 40
39 74 2
13 54 3
30 68 3
44 3 23
54 28 27
4 36 31
1 68 15
3 27 37
28 16 23
45 79 38
13 82 21
43 77 13
53 68 14
10 28 6
29 73 39
13 11 39
41 27 8
34 25 12
68 61 32
61 88 5
25 66 27
20 59 11
13 19 8
20 89 14
17 3 19
57 11 25
62 52 32
20 38 31
47 34 30
41 74 13
11 9 35
8 92 32
49 51 19
10 17 38
40 62 33
12 45 2
42 90 40
61 16 29
32 49 28
42 42 16
5 44 25
52 17 8
5 34 28
38 69 4
51 27 15
28 57 1
44 21 39
50 24 9
15 32 15
4 67 17
59 48 20
10 61 15
10 23 21
1 62 35
14 91 13
46 73 28
27 8 27
65 18 36
36 78 33
18 56 10
16 69 6
15 66 19
31 61 2
25 64 31
67 22 24
1 76 31
28 40 36
37 94 1
23 59 35
3 67 20
57 14 4
50 75 24
4 55 8
36 36 9
21 76 31
19 88 25
55 44 40
33 82 3
67 37 13
10 27 22
63 4 28
66 70 31
60 88 31
56 53 36
53 14 2
67 69 24
38 19 3
68 62 10
27 7 18
4 87 37
29 85 28
69 92 36
68 68 8
31 33 29
20 85 2
26 55 14
69 14 10
32 32 6
32 38 11
1 52 14
17 5 29
34 60 3
62 69 29
23 20 40
14 72 7
19 82 24
48 23 16
54 75 34
20 8 5
58 2 1
55 47 5
3 64 16
65 15 31
16 16 1
49 27 24
1 20 38
18 68 32
27 86 2
54 14 30
69 4 37
49 76 12
30 1 23
38 76 4
31 80 4
16 78 3
17 73 5
5 94 25
2 56 14
33 21 17
49 27 14
45 1 15
57 36 29
4 67 2
39 59 21
32 88 2
46 53 25
29 62 28
59 85 13
8 15 32
54 90 15
63 8 33
13 41 24
25 82 16
27 44 38
19 72 13
54 90 32
8 74 9
37 21 23
3 46 32
24 64 33
1 11 3
29 63 10
44 38 23
65 61 1
4 68 13
14 15 19
42 48 4
2 83 33
19 49 26
30 3 2
36 85 16
46 86 22
42 87 37
7 63 8
61 34 21
35 12 12
43 61 12
11 42 28
14 69 10
27 88 36
58 41 37
16 9 22
55 71 22
30 72 13
16 14 23
56 88 9
5 20 14
50 55 14
14 2 21
63 4 8
65 90 33
31 69 34
32 20 1
59 41 8
55 78 20
67 83 28
51 2 23
20 25 13
19 45 40
57 33 36
68 72 37
27 37 26
21 21 30
38 78 29
7 71 18
9 37 32
24 92 5
16 41 27
26 71 16
25 2 30
23 84 40
24 8 24
11 47 34
13 76 23
47 11 7
11 2 17
65 67 24
15 56 29
35 26 16
69 64 12
10 54 13
58 92 21
34 52 29
47 21 35
6 39 30
64 31 13
5 60 27
43 37 28
56 46 18
4 7 26
12 22 13
58 80 23
42 34 11
12 49 36
66 8 36
35 59 15
65 82 32
64 47 24
5 74 25
26 83 15
26 31 3
23 20 28
54 35 3
57 1 31
13 63 15
61 79 3
28 58 29
4 84 8
54 34 39
50 42 7
49 60 9
18 80 24
7 9 7
55 41 17
37 86 34
45 8 16
39 70 35
52 75 3
42 3 24
11 30 17
58 89 29
31 27 4
50 83 1
4 47 22
62 2 31
31 86 38
52 81 32
50 91 32
65 42 39
62 20 26
19 63 13
39 40 24
7 93 7
12 11 15
68 81 24
12 86 30
69 84 1
2 48 31
47 93 5
64 32 17
4 24 11
43 36 20
10 54 19
69 77 39
25 39 13
65 38 14
67 29 7
61 68 25
31 75 36
40 23 13
15 4 24
47 45 13
68 86 15
24 93 23
46 12 16
21 51 29
17 60 14
37 30 26
29 22 34
40 68 19
14 82 9
67 69 28
55 70 39
64 35 8
3 47 13
50 59 9
16 85 16
49 79 29
67 54 2
27 39 25
1 47 5
44 40 10
23 8 29
60 91 8
1 87 31
60 73 15
52 7 33
16 22 36
56 38 6
38 84 35
42 45 2
46 77 14
61 12 39
4 76 7
32 68 34
27 48 22
9 57 11
25 36 37
7 54 24
61 56 29
60 21 2
12 52 31
49 24 14
53 7 25
11 20 6
61 42 5
27 59 33
51 38 11
29 49 21
61 25 1
22 72 37
47 32 36
3 28 27
38 37 3
10 48 11
43 37 32
7 23 8
27 93 29
21 1 5
57 60 23
34 21 6
23 75 6
66 93 7
36 41 29
44 79 13
4 2 9
19 70 21
56 40 12
4 39 16
37 64 9
55 19 31
57 76 27
69 52 23
9 54 31
1 31 13
9 19 24
8 43 19
13 94 3
53 32 26
5 90 13
2 10 24
32 81 23
4 52 38
33 43 33
63 12 20
3 92 37
60 81 23
5 63 24
54 29 24
49 65 4
12 47 27
50 87 36
31 35 6
41 54 36
24 8 40
18 9 34
46 89 8
63 46 39
10 89 24
48 82 22
55 84 4
19 86 7
36 73 5
33 53 18
64 20 10
32 36 20
25 49 2
63 38 1
15 43 24
10 53 23
20 6 37
20 13 19
16 52 22
15 51 24
67 68 7
51 77 7
7 18 31
29 3 33
57 3 24
42 14 35
16 71 24
58 14 35
51 42 37
44 49 26
59 53 15
52 81 6
54 54 26
23 35 18
38 55 40
58 47 38
56 62 40
31 16 19
65 65 7
15 94 21
39 37 18
5 59 33
23 23 29
66 24 15
66 27 23
67 87 8
53 30 39
14 56 39
68 37 17
29 69 31
31 61 29
43 74 28
6 60 20
16 89 16
25 37 8
64 30 28
45 66 6
11 19 35
3 8 24
64 5 14
9 72 19
8 68 19
50 26 25
67 67 32
62 4 16
25 23 15
67 78 2
8 59 32
30 53 28
29 57 26
31 5 5
23 29 4
58 38 34
24 69 23
9 83 19
39 67 33
30 64 10
28 80 34
5 16 8
49 51 5
15 88 24
68 36 8
1 67 4
68 17 39
10 38 3
26 83 33
67 64 15
9 57 13
67 69 38
52 22 25
63 78 4
64 12 23
51 12 27
65 63 26
13 76 15
2 70 10
38 83 21
26 9 32
28 44 2
9 39 28
24 4 9
63 46 18
3 29 17
30 80 37
43 83 34
24 68 12
21 78 16
14 15 7
50 23 20
8 21 3
50 22 17
64 7 35
43 38 20
26 74 36
9 45 29
49 21 21
37 27 39
29 28 5
15 72 6
36 93 23
16 83 25
28 80 21
47 93 9
32 94 10
17 88 7
56 62 8
2 40 25
34 52 5
60 45 29
13 94 18
21 90 26
64 29 36
69 61 16
27 44 31
52 71 13
60 66 24
39 46 27
26 82 9
10 77 14
52 89 36
4 4 18
37 41 25
28 21 5
21 54 6
5 2 11
19 6 25
7 19 21
60 32 10
26 31 5
44 92 3
10 1 24
22 46 36
58 68 13
16 36 17
44 72 24
67 27 7
51 49 36
10 55 7
37 86 22
6 28 16
24 74 21
8 28 10
30 69 12
58 77 24
17 85 19
59 11 32
59 60 27
35 74 39
66 47 29
13 44 17
37 46 9
16 54 38
14 4 8
43 78 10
53 88 40
2 93 5
6 11 29
37 39 17
50 10 14
1 22 28
58 26 12
66 44 22
34 57 38
39 81 9
38 77 11
54 54 37
68 46 15
68 93 28
8 58 15
19 68 8
35 27 28
27 63 31
25 1 39
55 30 7
24 64 20
30 91 6
50 30 9
43 69 9
65 41 6
64 69 37
12 12 21
36 68 6
48 40 1
29 17 22
5 62 40
11 57 15
39 7 10
54 71 24
22 2 8
13 8 27
5 90 5
19 39 19
51 69 27
54 8 34
3 93 34
34 68 33
8 17 28
46 54 34
43 76 24
60 8 22
50 6 2
56 67 10
38 69 13
49 91 5
59 57 28
33 43 12
23 87 2
45 88 7
46 63 23
16 38 18
19 44 23
60 16 27
36 9 24
55 73 21
69 43 15
31 27 38
34 62 37
16 89 4
11 36 2
53 15 32
29 15 26
53 41 10
28 93 18
38 92 21
29 50 17
7 2 1
66 48 39
4 76 24
8 87 3
27 12 6
16 16 26
42 35 33
24 73 4
18 81 33
45 83 37
14 51 20
13 53 4
23 41 6
29 81 28
21 1 17
56 49 14
43 31 17
29 55 26
2 13 1
10 37 37
10 10 18
13 28 10
65 73 27
12 17 29
3 35 14
7 1 11
68 72 11
6 42 1
54 42 39
26 3 10
15 65 1
57 39 22
48 83 30
46 32 31
60 57 26
6 18 18
32 10 29
29 45 10
66 60 15
17 92 11
67 54 4
66 27 9
24 37 39
31 82 34
13 81 11
54 31 5
50 72 19
43 3 14
45 37 14
7 31 32
62 73 40
25 36 15
38 11 31
47 28 33
10 15 40
7 10 31
57 35 9
11 6 16
54 23 2
27 82 37
40 27 16
36 83 35
55 24 12
59 88 4
60 25 13
51 62 21
12 17 40
66 37 11
52 15 34
24 7 13
58 92 10
48 59 9
14 16 25
58 12 2
38 11 7
57 25 26
28 92 7
16 22 37
48 40 37
56 86 19
49 90 34
23 10 18
5 31 36
6 9 23
29 92 24
19 54 26
35 1 20
66 62 23
15 32 34
29 51 33
42 37 8
21 39 17
25 28 27
63 89 13
7 85 39
65 56 21
11 77 33
12 5 22
19 24 23
43 53 5
6 68 29
31 86 20
61 37 22
37 14 36
37 79 40
14 18 38
3 1 30
21 23 9
8 71 11
7 22 3
44 61 26
2 76 15
52 87 14
50 80 10
49 30 6
47 74 38
16 68 2
4 28 10
25 71 2
68 20 7
46 56 7
48 34 10
1 33 16
38 14 6
33 10 33
13 14 29
38 13 26
64 22 15
29 29 26
62 16 34
4 49 23
59 10 1
9 24 4
32 3 22
26 66 19
10 38 8
37 87 3
2 11 21
4 44 8
44 25 19
35 8 11
23 73 22
3 32 20
57 66 6
29 10 29
12 65 38
12 2 39
57 67 40
40 54 3
34 27 24
67 59 39
68 41 5
21 80 8
21 70 21
69 17 39
47 54 28
65 6 9
45 1 3
44 79 15
9 68 3
15 18 14
31 64 31
63 23 34
28 66 35
33 64 18
46 20 8
24 59 23
41 86 3
41 40 5
8 84 20
15 60 39
32 29 4
43 39 35
54 31 7
12 84 4
62 74 17
37 68 4
46 8 5
5 14 35
64 24 35
26 54 29
56 75 10
50 85 16
44 51 20
58 78 16
60 81 17
33 57 4
25 27 10
19 81 9
58 10 13
58 51 34
51 78 8
21 17 19
4 39 9
49 8 29
25 44 1
67 12 6
33 93 13
67 14 10
1 26 23
6 67 21
17 51 25
12 29 31
59 52 7
15 42 16
56 90 31
65 58 40
36 42 23
55 23 1
27 9 18
31 77 19
34 16 4
23 40 16
52 61 18
47 40 2
67 91 9
62 9 18
40 56 4
5 1 6
65 79 14
34 48 10
12 62 22
42 89 23
23 35 33
38 25 35
52 72 29
17 15 40
60 41 9
24 82 5
7 74 4
7 12 29
22 90 15
52 55 17
26 12 8
36 5 5
64 41 12
63 23 4
8 2 21
13 33 39
22 52 8
47 45 34
11 84 40
15 71 33
66 15 30
48 53 25
24 49 19
19 29 2
14 15 28
34 20 4
41 69 13
11 70 21
19 80 7
31 39 36
62 39 18
49 76 11
55 60 4
62 83 9
66 36 6
54 41 9
63 19 37
7 56 17
48 38 28
16 15 34
2 14 22
23 46 39
17 93 23
67 60 10
55 80 30
45 43 14
57 19 26
68 45 27
15 92 1
51 79 10
66 54 3
64 72 25
44 66 28
14 51 34
7 46 22
24 86 6
53 63 24
58 12 14
47 26 18
6 61 21
56 33 27
24 80 18
23 77 7
53 84 27
27 2 9
53 32 32
15 9 14
60 21 9
32 82 20
38 81 19
34 65 2
42 67 24
37 11 16
34 2 17
12 18 37
48 59 3
54 61 38
24 83 9
54 74 9
32 1 17
44 33 32
64 91 10
56 20 37
48 39 39
2 7 4
24 55 29
27 86 23
23 11 4
40 49 36
19 75 38
15 7 6
55 72 20
58 43 18
36 57 24
20 34 10
5 33 21
8 89 23
45 50 15
7 4 13
32 7 32
61 24 5
15 74 8
28 49 34
38 43 19
30 49 30
59 66 37
7 27 23
4 32 22
57 38 9
54 25 21
14 14 12
41 7 16
3 15 24
27 46 9
66 13 2
27 1 6
19 65 10
57 42 14
9 47 17
59 76 15
39 71 15
44 4 2
18 58 33
35 39 18
11 20 15
35 81 15
55 23 36
45 19 31
17 91 4
57 82 19
38 10 17
19 79 31
40 23 22
30 6 25
56 92 1
5 84 14
12 24 13
36 89 4
58 27 2
28 85 13
16 37 33
57 26 23
30 49 15
36 55 37
37 86 15
26 12 13
8 46 21
12 73 34
66 63 27
20 53 3
42 52 16
23 54 1
32 29 38
44 67 4
4 21 37
55 42 23
54 65 34
23 37 15
4 24 20
38 18 2
19 23 38
37 43 40
19 59 34
22 1 12
53 55 13
10 13 23
34 75 5
57 21 21
4 30 22
40 35 12
52 83 38
25 69 17
38 82 6
53 82 35
6 1 35
61 10 5
67 75 28
30 93 2
14 91 29
11 32 21
4 53 13
23 28 12
48 61 33
8 68 37
61 8 31
51 2 3
49 31 32
60 68 13
6 38 4
2 89 11
45 83 13
31 75 15
65 11 13
18 51 34
38 21 23
54 26 11
53 69 9
9 71 33
67 5 10
10 39 1
19 9 19
7 21 28
26 85 25
5 14 18
55 47 8
6 72 17
22 81 7
36 11 30
4 30 30
61 14 7
8 88 5
26 39 40
15 49 10
47 60 26
14 37 2
45 50 4
35 27 2
9 20 35
4 12 23
4 91 19
6 85 34
31 85 17
69 69 24
25 54 9
40 7 30
22 21 37
13 4 9
8 35 7
14 6 39
14 53 10
68 15 5
30 61 3
31 72 37
13 18 5
44 12 11
1 21 34
60 14 14
21 24 28
32 90 27
32 35 9
65 42 27
32 43 33
59 65 25
69 75 15
19 51 12
49 90 17
35 47 29
67 66 19
51 1 25
66 40 3
61 38 17
43 66 29
1 58 5
21 20 39
3 14 28
57 62 26
53 80 13
45 34 17
52 14 18
22 14 2
53 29 4
66 20 17
21 93 13
57 81 38
10 5 1
29 38 25
4 14 17
51 1 17
19 84 12
9 21 31
58 54 6
2 55 5
56 76 39
25 55 35
64 91 31
57 47 7
68 1 8
10 18 8
33 15 2
33 11 27
26 10 13
59 76 30
22 64 2
52 51 12
9 4 15
32 50 38
15 11 29
8 55 35
7 81 18
64 75 12
6 17 19
44 89 29
4 24 3
37 46 16
48 38 36
68 59 2
65 17 36
30 59 23
21 65 15
12 79 13
4 20 14
65 42 21
56 39 14
23 37 29
66 25 16
22 37 24
64 74 24
65 26 30
2 52 34
4 10 28
44 53 24
64 77 16
49 21 40
51 87 30
38 46 15
63 71 38
54 6 35
33 60 29
47 34 5
56 33 36
23 80 28
59 73 1
69 26 33
20 10 18
45 60 36
53 78 27
17 83 8
20 26 3
30 9 21
61 80 6
4 4 4
62 6 36
66 51 35
31 9 13
10 79 40
63 44 32
66 63 36
10 41 16
29 43 15
51 28 34
20 7 38
9 91 1
32 69 11
45 26 22
56 17 17
50 33 4
49 7 19
19 90 3
51 54 11
26 7 36
50 73 33
45 66 23
52 73 38
54 59 25
20 24 13
42 81 19
40 32 25
34 94 20
55 50 38
13 24 28
52 83 5
34 93 27
66 79 17
61 81 10
61 91 3
35 55 33
43 39 33
48 1 32
11 82 35
28 77 5
69 84 36
7 11 22
21 5 25
5 32 40
12 58 16
6 76 8
3 54 31
36 53 26
7 15 37
37 19 10
50 33 22
50 7 40
35 2 19
37 63 31
48 92 33
33 69 31
69 94 21
28 36 10
59 78 13
15 12 18
58 21 18
53 68 11
14 53 18
36 81 20
1 90 10
24 42 25
43 24 37
31 50 5
54 61 39
12 33 6
27 4 33
24 22 12
50 13 32
60 80 17
4 13 28
24 17 35
34 37 10
34 38 12
57 52 5
57 8 2
36 11 5
67 17 36
20 20 40
62 70 39
2 41 35
63 39 38
32 54 10
13 65 19
58 16 5
34 10 21
31 81 11
64 82 6
28 8 12
49 42 36
7 93 24
21 49 6
5 78 7
63 39 13
49 8 17
24 9 2
6 92 23
57 90 38
64 15 35
7 29 32
47 15 11
39 65 34
69 84 33
16 22 6
58 7 27
66 59 36
50 91 12
10 80 38
5 27 6
46 77 8
56 30 29
44 39 15
19 16 31
15 20 29
28 9 18
4 75 29
69 6 31
40 35 39
22 34 15
13 88 13
29 17 7
24 84 29
3 6 36
18 65 18
45 82 18
1 38 29
49 50 5
54 44 26
15 10 30
55 50 28
53 75 2
10 13 28
60 86 39
23 50 27
17 86 2
66 53 32
53 25 3
44 85 25
48 63 37
53 77 15
67 57 24
5 92 14
58 81 6
58 34 14
52 52 33
55 76 2
15 38 40
41 63 20
4 79 4
22 15 35
61 61 35
38 69 1
12 45 30
2 54 19
17 23 6
63 52 13
68 21 36
39 2 29
39 78 33
51 65 11
43 39 23
60 46 21
69 15 16
1 13 17
22 56 4
14 94 6
8 11 29
18 44 26
36 30 25
20 2 11
42 13 34
6 82 18
55 40 37
54 47 1
46 83 37
39 61 14
8 70 39
62 89 10
42 83 11
38 23 38
20 84 3
48 25 8
39 82 7
7 41 8
10 1 9
55 66 10
15 23 4
24 68 14
23 71 17
57 88 5
25 37 23
49 66 18
31 75 24
40 56 16
44 32 21
14 6 2
28 22 36
33 57 40
62 25 18
4 48 39
1 56 25
64 78 29
5 26 26
3 89 13
59 62 35
36 45 38
10 40 1
28 34 22
14 59 30
67 17 28
7 69 4
69 90 1
10 52 16
38 54 33
50 61 6
23 12 21
65 34 31
15 94 22
44 89 3
57 49 39
36 23 21
40 26 25
16 91 35
14 52 11
34 62 17
50 87 37
35 83 16
29 34 2
36 39 14
37 25 35
56 78 16
30 87 21
63 6 11
65 20 9
31 52 16
62 36 12
63 10 7
33 73 39
51 83 7
64 90 8
11 86 10
21 83 13
12 69 24
43 14 6
62 91 16
34 60 40
54 3 18
18 27 12
43 33 12
35 82 25
43 64 40
45 46 33
49 86 7
37 31 32
37 24 11
25 2 2
44 14 21
68 1 39
36 47 13
67 68 40
63 38 36
49 85 34
19 1 35
63 14 22
4 11 24
15 38 24
9 25 38
22 54 16
7 6 19
54 74 11
58 59 15
39 89 14
66 55 39
51 56 33
37 8 14
20 75 6
54 28 4
64 52 8
39 67 10
52 53 33
16 92 28
61 68 37
68 63 26
23 10 5
36 10 33
66 34 17
25 50 37
61 32 4
26 64 20
61 27 40
9 16 12
35 85 35
54 35 33
38 50 22
31 6 6
63 69 10
6 62 21
50 36 6
5 21 3
35 81 35
5 18 29
21 43 27
24 84 30
40 77 34
7 42 4
53 52 27
54 54 33
65 43 26
6 12 14
28 1 4
65 36 5
12 64 36
34 57 38
15 53 39
1 69 40
66 77 29
18 30 36
39 77 7
8 70 31
13 25 33
47 68 12
68 70 9
2 32 17
69 71 11
47 90 21
22 32 1
65 78 19
29 38 18
26 38 23
15 64 16
42 46 3
59 59 11
29 57 18
48 53 20
32 82 31
29 15 21
35 8 2
58 47 33
15 92 38
40 38 17
51 11 19
19 56 34
53 47 11
14 66 23
63 43 33
63 87 16
23 22 37
59 29 37
34 36 13
52 63 8
39 66 25
59 33 5
1 71 1
19 82 16
11 49 28
57 59 4
5 9 9
41 23 13
55 55 13
5 40 19
7 44 10
15 32 14
30 52 30
39 64 24
29 23 25
43 21 17
54 11 22
12 9 27
57 93 10
65 68 8
67 67 4
43 12 10
69 89 2
29 43 19
61 16 37
66 45 9
1 23 28
66 86 5
4 32 12
30 88 37
62 91 13
60 11 19
66 54 31
16 44 35
53 55 24
62 78 19
63 1 4
25 76 18
18 93 33
25 51 1
57 6 2
21 16 12
49 19 8
22 13 33
64 59 13
54 85 26
59 41 23
24 61 27
41 11 16
34 89 30
55 85 2
25 32 35
22 68 6
36 93 31
31 42 36
30 4 34
44 30 40
23 35 32
56 19 20
25 57 3
14 42 4
23 52 16
14 29 23
69 39 36
35 62 24
31 55 34
51 79 4
5 81 36
41 89 32
38 44 27
29 44 6
9 83 6
1 73 25
62 93 39
37 20 13
44 8 8
48 20 32
54 11 34
19 77 6
31 18 22
29 20 34
33 13 15
69 46 1
53 84 8
20 62 37
34 17 37
16 6 18
61 22 19
28 18 1
43 24 14
45 18 8
55 61 33
25 86 31
59 45 8
41 19 23
52 7 2
2 34 28
34 81 31
2 65 1
17 91 33
12 55 26
65 59 33
4 46 12
33 42 15
24 53 28
42 30 9
49 72 8
36 19 14
20 94 25
34 20 1
25 36 14
62 56 1
63 63 23
7 31 18
57 20 19
36 9 12
35 24 33
48 85 11
40 44 5
69 62 38
34 88 15
24 65 31
15 21 9
24 13 31
43 2 8
36 73 19
14 18 7
34 19 34
67 39 40
46 79 27
8 86 36
40 82 31
16 76 3
58 49 8
35 88 13
48 45 10
54 39 38
19 92 17
15 27 34
45 40 27
22 86 19
20 48 29
46 81 34
20 50 31
56 10 35
49 81 30
44 45 7
16 89 34
23 94 28
32 77 34
32 50 11
26 29 12
23 61 23
30 42 37
50 12 12
53 66 11
48 15 14
1 66 39
65 9 18
50 19 29
34 42 12
19 6 18
8 13 10
41 13 21
13 87 39
53 15 12
64 64 4
53 83 40
35 50 20
64 79 27
31 22 22
13 86 28
49 43 11
66 40 23
31 31 7
28 32 15
23 6 11
52 38 23
19 94 16
39 89 37
8 1 3
64 68 4
47 42 7
15 28 34
51 42 5
30 16 31
38 46 25
54 84 14
21 33 29
21 49 26
36 65 32
47 58 38
69 61 2
33 76 31
34 32 27
6 59 4
54 63 39
14 11 34
20 81 23
43 26 14
30 57 35
25 57 11
47 12 7
20 49 23
15 30 26
68 29 39
66 4 29
67 6 24
50 84 14
63 80 27
49 44 5
19 68 18
62 21 17
59 47 5
1 15 9
38 2 10
46 93 12
19 38 3
63 82 3
48 74 13
65 85 28
3 45 13
53 70 14
23 30 6
54 76 9
37 12 3
54 57 8
25 16 12
54 48 3
30 60 8
55 38 2
39 15 24
67 37 38
57 89 12
5 87 20
62 47 5
16 18 15
4 58 1
52 52 16
48 68 16
4 82 34
24 48 21
4 35 25
39 74 16
12 71 35
46 31 9
51 5 25
60 39 24
67 9 16
69 74 1
65 22 32
21 79 1
46 39 8
10 3 37
13 17 18
31 80 6
66 52 29
11 15 40
47 16 37
45 45 5
65 13 13
58 86 2
36 82 39
69 31 4
1 51 11
66 78 23
55 51 39
48 50 36
54 82 14
58 20 30
31 5 10
37 78 22
22 58 3
19 44 32
52 22 3
40 58 32
2 55 5
55 7 24
29 80 40
67 58 5
44 69 6
66 48 13
63 64 40
69 94 36
22 91 31
52 40 27
50 60 22
3 12 3
49 79 27
15 60 35
30 60 37
51 31 31
19 27 33
22 64 4
16 41 31
26 63 35
12 58 25
8 12 32
27 68 26
25 89 29
61 56 22
67 9 18
41 2 18
15 14 2
49 57 21
48 27 1
67 84 29
19 85 20
35 41 22
17 2 16
55 71 23
1 68 35
5 14 13
7 8 19
56 34 5
8 8 28
64 56 28
21 33 27
58 11 14
69 25 27
44 67 12
44 63 26
28 49 15
68 1 25
34 66 2
66 1 17
32 20 40
29 4 19
24 40 34
52 42 35
29 7 14
4 19 10
1 58 16
22 20 20
64 1 22
2 67 21
14 15 25
34 84 21
29 20 40
30 16 23
11 86 24
33 76 35
6 89 16
64 84 25
56 33 32
42 25 11
3 62 40
40 37 10
25 94 19
68 3 28
58 1 5
2 75 33
38 23 36
40 75 37
59 93 37
31 90 27
47 45 13
3 37 27
69 75 31
44 48 2
28 52 33
18 24 28
29 39 5
12 60 36
62 7 16
33 55 6
45 76 35
58 11 36
26 46 2
49 72 32
16 87 5
68 47 24
61 92 19
24 56 38
34 13 34
64 68 14
22 69 23
52 27 25
33 67 23
53 50 16
18 48 22
21 38 14
24 32 10
51 94 19
23 83 39
59 25 14
4 84 10
23 65 6
26 53 28
11 3 28
25 6 18
63 75 36
14 21 33
55 18 38
65 30 38
25 40 3
40 6 37
42 68 32
21 72 15
26 94 12
34 7 33
7 28 30
10 77 32
40 62 24
8 48 37
40 50 37
59 55 18
25 72 22
12 6 14
67 34 23
53 2 23
43 55 16
9 30 9
69 65 8
12 17 7
5 55 22
12 78 35
41 51 4
44 1 3
45 1 12
48 48 31
52 41 21
51 16 21
41 94 40
62 27 3
47 66 12
3 93 26
49 82 22
47 89 11
23 21 17
33 38 19
51 81 16
53 32 9
60 46 23
5 3 10
26 30 35
3 22 22
17 41 22
51 20 36
60 36 5
30 61 2
18 35 20
52 45 27
3 41 19
57 84 36
12 9 20
24 43 14
1 53 19
67 84 16
9 14 35
11 52 7
15 37 22
58 50 5
51 21 15
7 85 31
47 51 35
23 55 20
52 80 32
59 27 3
22 81 3
65 1 2
6 63 9
13 25 13
14 2 27
67 41 16
55 81 28
46 74 16
6 65 11
22 86 3
41 68 6
40 3 17
43 79 11
17 69 34
53 78 29
24 48 33
34 36 20
12 70 20
48 79 36
28 83 32
26 38 23
4 37 34
15 60 33
62 89 33
52 64 32
58 71 32
35 15 4
35 17 25
14 35 32
63 46 33
9 40 19
38 6 23
68 53 19
1 22 28
40 68 23
9 3 14
15 87 11
16 40 25
33 55 37
26 21 21
23 24 28
58 66 40
12 59 9
