67 10 1197 5748
2957 1294 306 3129 2709 4290 1722 310 508 4342 
1449 4320 3087 2485 3799 4006 4857 175 816 456 
1765 399 945 4689 2776 1973 2540 1988 1981 1658 
2473 2396 373 2358 2288 2821 1527 3934 4098 1747 
3600 4515 4289 786 3565 2829 4765 1792 1919 3274 
459 1503 955 1912 3237 463 2696 641 4847 962 
4317 3712 2112 2216 3410 4254 2594 2206 3970 1842 
4051 4002 698 2601 2176 219 2130 540 917 4542 
4159 215 3581 2627 3073 899 1871 4684 4505 1344 
131 3184 2089 2163 670 2143 3624 3268 560 2590 
565 3899 4164 4785 4693 2884 397 963 2300 1056 
186 4492 3755 1812 4427 179 1230 4305 3978 1905 
954 1373 2324 1622 1398 1688 110 2061 1786 4547 
1671 837 3432 4232 4771 149 4509 4021 3328 1360 
788 915 4142 2358 429 367 1294 2671 873 2379 
1089 590 343 2525 2290 1708 4079 1228 1826 2367 
3617 3180 2654 4514 2360 1361 835 2847 4018 1245 
3511 1720 1455 522 3959 2730 244 2805 4292 4893 
3434 2575 3380 631 4804 1678 4073 1884 221 27 
768 2426 2053 794 2292 4162 511 858 4563 3120 
3385 4498 1354 2628 1100 3449 2104 892 927 1336 
218 2436 986 982 1644 1297 4499 2179 3552 4758 
1108 4886 402 248 4827 3781 3678 690 2344 4541 
637 4210 1232 3888 1556 4470 966 2250 959 259 
2922 4145 1972 2557 1537 3974 3994 608 2458 1964 
2632 104 4798 4354 4382 3197 4483 3144 2974 4597 
2769 885 676 291 2934 65 956 3279 4771 4717 
2453 1648 2060 3600 1182 1958 1644 2090 276 835 
1431 2503 158 2963 2112 2931 4559 715 3515 4577 
3913 2114 2024 767 921 4634 735 1535 2114 2518 
3269 2543 4039 3567 3057 4492 463 93 4351 3935 
1227 519 1768 4264 3652 4791 3457 2603 4505 1981 
1521 959 4113 978 2176 929 4842 589 4090 3582 
3605 1577 4134 24 775 3734 4844 4498 2799 3903 
4054 2710 437 2421 522 3415 3075 4221 3172 306 
171 1286 3197 4884 2226 3922 4848 2569 2879 1597 
2637 2730 1348 201 4263 4779 3346 1816 1809 364 
2150 4371 1994 2764 1256 3098 1585 4432 4616 4747 
3901 1304 963 3442 3045 4006 1403 2999 375 1755 
2394 4627 3884 2622 955 4140 2517 94 3405 3400 
976 222 4683 3305 3365 3270 809 3296 2539 4551 
2006 3845 2984 4400 3045 1408 709 918 4189 4527 
2274 667 62 3636 3530 1527 1910 2627 3873 1800 
3836 682 1201 2825 2227 2148 960 2731 4646 4878 
2334 3931 2953 2904 4581 3072 3069 4146 2837 349 
3746 1355 4552 462 4477 4253 1107 670 2563 977 
310 3662 1248 3385 2995 2508 859 1807 4131 4705 
3416 4067 399 2350 2910 3698 3618 2530 3330 2000 
1668 2489 792 263 3930 263 1192 490 2145 3986 
1463 516 1918 2405 3990 2300 4879 280 1708 3714 
382 259 4662 624 1869 2023 4156 1167 357 3703 
3442 1899 3845 2438 2173 1580 3697 2277 2271 1681 
1972 4405 4801 4231 630 4361 2391 2653 949 1428 
2587 2305 1481 648 2144 3345 4440 1846 1815 1937 
1490 3141 3041 90 1646 685 1058 4526 4085 3431 
3981 1839 123 756 792 4043 3780 3938 3928 4797 
4182 4563 848 3230 2600 2617 286 2481 1148 2664 
492 4854 2863 3959 817 189 4252 101 2455 3988 
3673 2942 4498 4142 1289 1197 3872 3616 286 2517 
1018 832 2359 1676 2369 3584 1480 3926 651 2189 
3978 3962 2735 2352 2822 3487 4566 3061 1628 4170 
961 3211 2012 1306 3244 2544 2779 3373 2123 3175 
1561 4077 3729 1841 3409 3928 2355 2767 4121 508 
4335 308 91 1789 3624 2638 2078 1762 3267 2825 
3138 1733 3824 3218 3479 510 1444 3814 2820 295 
3926 263 343 2238 227 2661 3589 63 1672 4762 
2296 4442 889 3648 2380 2596 1284 4109 4812 1431 
55 7 32
26 3 27
37 1 32
24 1 18
34 3 35
38 3 15
13 7 40
28 3 36
34 1 27
54 7 4
19 7 17
49 3 17
29 5 8
30 5 16
6 1 6
18 4 30
8 5 4
30 8 40
64 1 12
33 6 11
35 3 11
31 8 34
39 8 11
37 6 8
62 5 22
33 4 10
56 8 22
36 8 13
13 5 7
30 2 6
13 1 17
15 6 33
54 2 15
45 6 27
42 4 1
42 6 17
56 1 20
62 6 2
46 1 2
29 6 10
8 8 7
9 1 17
42 3 36
14 2 19
20 1 22
29 2 14
20 4 18
29 4 2
18 3 34
50 1 32
15 2 39
60 8 27
61 8 18
40 2 13
17 6 6
65 5 18
31 2 25
47 5 37
6 6 27
31 8 26
35 7 14
40 8 7
18 1 24
47 8 5
5 7 32
8 4 39
46 2 31
47 8 31
47 4 36
52 1 34
49 6 35
62 5 30
16 3 21
29 1 12
14 5 16
13 1 18
65 7 34
6 4 7
29 7 13
41 4 38
43 1 23
21 5 10
44 5 17
43 6 40
7 3 32
3 2 16
28 6 20
55 4 21
26 1 30
12 1 7
14 2 30
56 2 22
23 2 30
28 6 38
18 4 32
45 2 15
26 5 33
38 2 36
32 4 37
18 4 1
48 5 20
34 2 23
47 4 14
32 5 26
60 5 33
49 8 35
50 4 39
7 2 1
21 2 3
53 3 10
30 2 19
58 8 22
4 5 4
49 8 23
20 5 20
42 2 22
3 4 10
48 1 26
48 2 19
10 2 13
11 4 27
34 3 1
60 4 23
18 3 10
65 7 15
23 5 1
49 8 25
40 4 38
52 5 21
23 7 12
59 8 27
25 7 12
52 1 30
27 3 33
20 5 38
18 5 39
35 7 5
54 3 30
42 5 32
64 3 30
36 7 16
9 2 5
65 7 18
56 4 7
38 7 1
13 8 34
45 2 32
55 6 31
47 2 37
35 4 1
63 7 26
60 5 40
20 8 25
41 4 7
6 4 4
35 4 29
43 2 36
23 5 26
65 1 10
54 5 12
4 5 17
2 3 1
14 7 25
38 4 11
49 5 30
34 8 3
33 3 35
40 8 18
45 5 34
3 2 13
22 3 23
35 6 23
26 4 12
15 4 12
41 2 8
64 8 1
57 1 12
50 6 9
60 6 10
61 8 33
22 5 16
45 2 21
36 1 2
10 8 23
4 4 16
7 2 8
1 4 15
15 5 38
60 3 9
6 1 5
49 8 13
20 5 13
36 6 27
48 6 34
37 8 2
7 1 9
25 8 11
48 6 33
45 5 23
38 5 20
27 8 18
25 6 21
20 7 40
7 8 36
24 3 36
64 8 12
23 2 31
3 6 40
39 4 11
32 7 13
45 6 4
9 3 8
6 3 16
38 1 2
31 3 36
14 7 19
2 7 22
56 1 23
58 6 28
21 8 22
52 3 21
41 1 19
30 6 21
53 1 30
24 6 33
41 7 20
55 6 16
32 5 20
44 7 37
11 6 5
11 4 13
62 5 22
28 4 8
43 1 24
9 8 26
7 7 33
17 1 17
2 3 36
23 2 14
61 8 36
4 1 32
19 1 1
52 3 36
30 5 40
58 1 25
46 1 19
17 2 10
25 8 21
20 3 34
2 3 13
31 7 9
17 3 27
55 5 11
9 5 14
36 5 3
22 3 38
35 3 15
35 1 38
42 6 2
19 5 4
18 7 28
50 3 11
51 7 7
29 5 23
62 3 15
8 3 10
53 6 3
37 6 20
64 3 39
20 5 28
1 6 14
40 1 28
15 8 26
28 2 12
48 5 5
5 5 37
34 5 29
61 2 1
21 2 9
44 1 4
42 7 5
9 3 30
9 4 18
11 2 40
38 7 29
61 3 11
10 1 22
43 1 39
49 7 3
65 1 1
37 7 13
14 7 27
16 6 25
13 6 32
58 2 6
8 4 40
29 1 23
11 4 4
22 6 3
1 2 40
39 8 25
44 8 38
9 3 5
27 6 8
58 5 12
64 1 22
38 5 22
63 5 1
3 7 34
65 1 33
33 8 1
57 2 23
65 8 9
31 8 16
65 4 15
16 8 3
14 5 23
59 4 38
58 3 5
18 6 24
5 8 4
26 1 7
49 2 31
20 8 24
1 1 30
62 7 28
36 6 23
7 5 23
53 7 17
27 7 9
38 4 14
37 1 2
40 4 25
55 6 19
30 6 18
35 5 37
11 2 31
51 2 34
14 6 13
59 4 14
23 1 2
15 4 34
60 3 36
60 5 39
23 2 11
50 8 14
29 5 23
38 6 40
29 1 31
58 1 38
4 6 33
34 8 2
3 5 26
30 4 26
42 4 27
36 3 13
40 5 15
45 1 35
60 5 37
35 5 33
52 2 17
57 5 3
25 4 8
17 5 19
37 2 40
36 2 3
27 4 29
50 2 7
10 4 36
26 4 33
44 2 3
36 3 40
65 2 8
35 3 37
64 6 15
28 5 38
40 3 5
2 6 29
56 8 27
7 3 5
50 6 33
41 3 27
62 3 6
60 6 24
2 8 30
65 3 26
3 8 32
41 4 6
13 2 21
57 1 37
65 3 20
47 6 22
41 3 40
41 5 26
56 5 29
45 1 20
48 8 11
2 6 2
6 7 2
36 4 17
56 7 28
37 5 21
54 3 9
57 7 16
26 6 5
44 7 4
47 6 39
34 6 35
1 6 6
50 4 19
33 8 3
51 5 10
54 6 3
50 6 19
33 3 37
56 3 25
52 3 13
52 4 4
24 1 18
65 3 2
50 2 25
45 4 3
34 3 35
39 6 26
55 7 38
30 8 33
4 1 6
55 8 21
17 4 21
41 8 37
34 1 33
14 6 40
33 8 3
47 2 24
20 7 30
55 5 33
7 5 36
48 7 13
24 6 33
59 3 17
32 4 9
22 3 12
57 5 36
9 3 35
5 4 17
7 7 2
16 1 20
31 3 31
23 4 21
57 7 10
15 1 27
8 6 32
6 8 20
2 2 15
10 2 2
31 8 5
34 5 3
62 5 38
47 5 13
12 5 4
28 1 27
52 1 20
9 5 14
27 1 33
57 2 32
53 6 30
38 5 37
22 1 7
31 1 16
54 6 7
9 2 31
12 3 3
37 7 2
39 6 38
1 2 8
60 5 33
49 1 7
16 6 7
16 4 40
47 2 22
61 3 10
60 5 37
7 7 33
3 1 17
3 5 24
1 8 9
60 6 14
59 8 17
40 7 2
48 6 34
27 7 22
3 4 2
12 5 1
14 3 8
40 8 39
3 5 25
4 3 24
30 6 18
30 1 24
18 7 1
32 8 10
10 8 1
22 6 32
28 6 5
19 6 21
55 1 33
24 4 14
11 2 5
63 3 10
21 7 23
43 8 39
54 5 40
31 8 40
2 8 30
33 8 13
13 8 32
65 5 19
31 8 5
63 4 8
59 2 2
39 5 18
1 6 33
60 5 31
11 1 2
62 1 38
16 6 24
47 3 7
5 1 9
27 5 29
14 7 36
45 3 21
4 1 32
56 7 33
13 3 19
40 6 14
65 1 35
35 2 22
57 2 21
42 6 34
22 2 40
13 8 24
8 1 2
19 5 9
57 2 29
4 3 35
41 4 30
10 5 25
25 7 24
40 3 17
59 4 22
23 1 12
29 7 8
22 4 10
22 2 6
48 6 31
40 4 9
45 4 4
41 1 4
46 2 6
60 3 12
49 6 20
13 7 6
57 6 38
16 7 16
27 6 26
16 8 30
35 1 11
38 3 3
32 1 2
33 2 4
9 6 9
53 8 10
63 2 33
20 3 38
29 2 40
48 1 2
55 1 38
47 1 7
37 7 23
6 1 16
52 2 23
38 7 12
24 8 7
5 4 1
21 6 17
41 7 24
65 4 32
53 4 10
10 1 20
25 4 6
48 8 19
60 2 2
52 4 16
58 7 25
41 4 25
27 1 38
45 8 38
6 6 29
30 6 34
39 8 22
30 6 10
8 6 3
6 7 8
45 3 35
45 2 2
2 1 33
3 7 10
8 8 26
2 5 33
22 7 21
53 5 31
4 6 3
60 7 40
54 8 34
60 4 28
59 1 32
59 4 31
31 2 16
34 6 19
63 8 14
31 8 9
65 1 16
41 4 7
3 6 20
58 6 5
17 1 31
63 2 34
25 8 31
52 4 21
5 5 1
33 6 2
43 6 4
55 5 3
37 2 6
30 8 8
44 1 33
57 2 7
46 3 12
4 4 12
4 5 7
22 2 18
12 1 37
35 6 22
3 1 21
23 7 8
50 1 8
14 8 3
51 1 19
5 8 2
39 1 15
10 7 27
39 5 40
62 8 1
55 4 9
58 3 33
64 2 28
60 6 2
6 7 1
1 6 33
39 8 29
35 8 34
17 7 8
61 2 6
31 8 33
26 3 38
27 5 32
59 7 1
20 5 7
39 7 7
8 3 11
8 5 28
29 7 13
26 6 4
47 1 26
18 8 32
53 8 17
9 5 37
5 4 29
44 5 1
50 2 21
19 4 16
43 5 10
26 1 4
27 7 18
4 8 22
58 2 26
61 1 7
22 4 19
36 1 39
33 8 39
55 6 19
49 7 28
46 5 13
65 4 22
44 5 16
56 6 16
52 6 35
12 6 17
64 3 31
34 6 15
7 8 33
43 6 14
20 5 11
63 5 39
49 4 31
19 8 39
62 7 12
34 5 21
2 4 39
11 8 20
13 6 7
52 8 2
40 8 36
19 5 13
16 4 26
31 3 30
52 3 17
38 1 10
41 8 32
12 2 9
45 6 1
59 1 34
44 6 5
53 7 13
50 1 40
40 4 32
10 8 8
6 2 33
23 8 20
11 3 20
39 7 7
19 1 36
51 2 23
57 5 17
26 2 24
15 3 33
54 4 30
37 7 11
44 5 10
11 4 37
43 5 24
37 8 31
32 2 30
41 4 38
8 6 19
23 6 15
13 7 15
28 1 40
13 8 40
5 2 21
62 4 5
48 2 2
8 8 32
63 4 7
15 2 31
4 7 6
47 3 16
28 3 12
23 6 15
32 8 13
4 8 33
13 5 5
50 5 34
41 5 2
17 1 30
24 5 27
10 3 18
10 3 39
20 2 15
21 8 9
49 7 1
30 5 34
8 5 31
29 7 23
57 1 20
5 1 23
32 5 2
30 1 30
49 8 18
12 5 30
10 1 35
41 5 15
7 4 23
32 8 6
35 8 35
2 8 30
32 4 17
36 4 30
8 4 19
64 8 15
5 1 24
12 8 24
53 3 31
56 2 31
35 2 6
52 4 3
60 2 35
46 8 29
63 1 35
37 2 4
44 8 4
23 5 20
64 8 9
50 3 17
38 8 4
38 2 35
7 3 34
25 7 21
65 8 36
49 8 34
55 1 25
50 4 30
29 1 6
18 3 37
45 7 8
24 1 15
46 6 19
42 5 32
31 6 31
55 2 13
35 7 4
35 7 34
40 8 15
16 3 6
65 5 13
56 5 13
15 5 4
54 4 18
33 4 16
58 1 39
50 2 2
6 8 19
3 4 34
44 2 21
12 8 32
30 5 35
25 4 25
26 3 24
42 1 11
64 6 27
37 2 10
61 8 22
51 7 29
24 4 34
65 1 26
51 5 24
13 4 11
16 4 6
58 6 14
28 4 18
32 5 1
51 5 19
6 4 25
53 8 39
30 4 38
61 3 1
10 2 28
45 3 9
59 3 20
14 7 19
4 6 23
49 6 14
7 7 34
22 5 26
21 3 22
2 5 22
64 5 31
31 2 36
10 6 6
26 7 13
3 4 5
27 2 17
9 7 5
33 8 12
21 4 19
50 8 13
33 1 13
53 1 11
53 5 14
49 6 22
40 3 1
10 1 19
33 8 4
51 8 10
23 5 27
63 7 20
27 2 25
23 4 27
6 1 33
34 6 6
6 4 20
57 3 8
8 3 24
57 6 8
35 6 14
13 2 5
24 5 38
36 4 2
56 7 33
2 1 17
27 8 27
48 1 32
43 1 15
32 4 17
28 1 23
23 8 7
64 7 22
57 5 7
13 7 9
22 5 39
26 4 19
16 6 28
38 4 9
5 2 4
49 1 1
10 6 13
29 6 12
57 2 40
56 8 14
14 3 12
7 5 6
22 5 26
48 6 10
28 6 15
5 4 2
38 3 15
16 4 27
35 5 13
48 3 27
49 2 4
22 1 17
46 7 14
14 8 6
6 4 4
39 7 35
55 2 7
45 4 39
27 6 7
45 8 2
38 4 40
54 2 15
24 4 24
44 8 28
5 1 16
57 8 23
33 5 12
50 8 19
54 2 25
23 4 11
36 8 21
26 5 21
57 2 3
31 4 26
24 1 7
26 6 33
39 7 34
60 3 22
17 6 32
60 6 7
5 5 33
28 6 20
48 8 18
41 6 2
49 1 29
12 2 12
52 8 29
55 7 31
30 1 9
62 7 27
54 7 1
35 5 36
59 8 34
5 4 7
53 1 38
55 1 30
5 5 37
25 5 18
43 2 10
25 2 34
15 8 1
42 4 27
65 6 16
37 6 39
49 2 37
19 1 1
45 5 14
51 7 19
65 8 7
7 4 24
59 2 38
58 6 30
31 7 36
62 6 1
39 2 15
25 3 27
37 2 12
48 5 2
13 5 5
52 2 8
49 7 15
20 6 33
8 7 36
65 1 29
20 5 18
64 5 33
47 4 40
14 4 3
23 5 8
39 4 11
50 7 40
17 5 7
31 5 16
12 2 33
4 1 16
63 2 12
54 2 18
24 1 6
10 4 19
27 2 1
6 5 17
49 6 32
61 5 39
33 6 18
50 3 9
46 6 15
16 5 5
44 5 23
36 8 38
34 2 34
19 8 16
55 1 3
48 4 14
43 6 23
49 3 25
9 7 40
20 8 28
53 1 7
42 6 18
18 8 1
18 8 6
29 6 38
24 6 14
30 3 29
47 5 38
24 7 10
51 6 40
37 1 17
30 8 7
40 8 1
34 7 10
39 1 26
26 8 8
3 3 11
18 2 24
46 1 13
63 1 37
31 8 12
16 5 17
19 8 13
7 1 30
15 2 17
33 2 15
25 8 20
27 1 20
35 3 16
58 7 3
21 4 13
19 8 15
8 2 29
26 5 23
60 5 16
46 3 14
38 4 16
57 1 7
29 6 19
61 3 25
26 4 6
55 4 2
16 4 13
32 1 31
31 4 21
57 7 35
43 2 31
1 3 7
60 7 9
38 7 34
62 8 22
60 2 27
23 6 20
8 6 14
21 3 4
60 1 40
33 8 31
61 5 25
64 3 38
34 6 33
18 8 30
28 2 31
62 8 39
45 4 1
64 6 37
60 7 6
64 2 5
36 3 33
50 5 27
31 6 31
6 1 4
45 3 39
62 8 34
21 4 24
38 5 8
35 3 40
50 5 34
17 2 8
27 3 10
17 3 16
65 2 39
56 8 16
23 2 33
35 6 15
49 8 6
47 6 14
57 3 5
35 5 28
15 6 15
42 3 6
52 3 3
29 4 19
24 7 35
18 3 31
42 7 33
19 1 12
37 5 28
32 2 35
58 2 10
33 3 8
43 6 5
13 3 22
15 6 3
27 7 5
65 6 31
44 7 40
64 2 25
37 2 16
40 1 36
36 1 10
56 4 35
48 8 16
47 2 39
17 7 29
63 4 35
3 5 29
49 1 30
4 1 23
9 7 18
7 2 8
64 6 23
19 8 2
18 2 23
30 8 1
10 4 39
56 4 35
36 2 9
51 5 11
61 2 7
9 1 29
52 8 8
2 4 2
44 2 26
14 2 2
15 7 5
48 6 1
58 3 20
61 4 11
60 7 10
48 1 25
48 3 2
43 6 3
10 4 3
33 2 2
52 2 13
7 3 6
35 4 16
46 8 15
46 2 8
9 1 19
42 8 3
30 7 1
51 2 19
63 5 16
6 3 16
7 1 21
42 6 27
57 8 32
61 3 25
46 2 10
7 3 33
19 1 39
45 4 10
43 3 24
16 7 26
28 7 4
62 7 29
17 6 5
51 3 2
21 3 27
38 1 16
27 7 34
1 5 7
58 7 26
57 5 33
38 8 2
55 1 16
15 6 12
16 5 8
44 6 2
64 1 2
15 3 24
54 6 2
22 1 4
5 7 29
23 7 23
21 8 6
61 5 17
48 5 17
26 3 3
64 1 35
33 4 29
22 3 26
52 4 1
2 4 9
30 6 17
17 7 30
24 6 9
54 6 7
20 7 36
14 5 22
55 2 22
38 2 14
38 7 15
12 8 37
38 4 8
27 4 35
44 6 19
25 4 29
31 1 29
62 8 17
9 4 40
10 4 3
23 4 26
51 3 2
1 5 3
60 3 34
7 4 28
61 7 29
30 4 35
35 3 25
2 5 29
65 6 8
56 3 21
42 2 29
2 8 32
26 4 22
52 2 30
50 6 6
12 1 15
23 7 21
16 4 5
61 8 1
26 1 20
6 5 17
20 8 25
59 2 6
2 1 24
48 2 7
6 1 22
58 2 6
39 2 34
31 2 12
44 7 38
15 1 6
60 7 33
18 8 10
2 6 3
36 7 26
26 8 17
25 4 13
19 6 15
3 4 22
35 5 20
40 6 10
21 1 12
40 2 1
21 4 11
33 7 17
26 1 28
59 3 35
4 1 36
44 6 9
53 3 38
5 4 21
61 2 26
8 8 26
41 7 11
64 1 27
41 7 12
23 4 26
4 4 31
23 6 10
13 7 5
17 3 35
60 2 35
20 5 10
49 6 15
4 5 7
14 8 18
3 3 40
54 7 30
39 3 20
42 8 17
2 8 34
36 3 10
34 3 17
8 1 13
32 2 17
41 7 10
33 8 14
33 1 37
10 8 25
49 3 26
33 4 20
50 3 21
28 7 17
65 7 12
5 3 22
39 6 31
59 8 13
16 8 8
36 1 2
10 1 14
53 4 40
7 1 19
18 4 10
26 2 12
20 2 32
18 1 17
26 3 1
3 3 4
24 4 29
38 8 18
14 8 28
64 5 29
11 3 3
39 8 20
13 5 16
22 1 10
27 6 38
36 8 14
29 7 33
32 5 21
46 2 28
30 3 23
23 3 16
58 7 31
9 3 4
30 1 28
41 1 4
39 2 36
42 6 7
60 1 39
52 7 9
65 1 24
25 8 25
60 6 34
4 6 33
46 3 36
11 6 7
62 1 3
55 5 11
6 1 28
35 6 35
45 3 15
59 7 34
1 1 17
27 2 27
26 4 17
3 6 3
12 2 22
64 2 14
25 5 18
64 3 14
34 3 4
18 8 3
56 8 8
54 2 39
3 7 15
33 6 26
30 4 12
45 4 7
60 2 30
38 5 40
46 8 20
34 5 24
19 1 35
26 7 35
51 4 13
13 7 40
59 4 3
5 2 23
1 3 26
15 8 11
57 1 20
10 2 8
50 4 12
11 4 13
55 6 26
44 5 39
27 5 34
49 4 21
41 6 32
5 8 36
42 6 40
31 3 25
41 8 5
61 2 35
33 6 33
23 4 18
42 1 1
6 7 4
48 3 37
50 2 37
41 6 37
55 4 4
54 5 29
4 2 31
65 6 28
49 1 12
31 8 1
55 7 39
3 6 4
7 1 2
30 4 13
3 8 16
58 1 3
7 7 33
49 3 33
12 6 2
29 1 13
44 4 27
33 7 32
57 6 16
17 5 21
56 5 14
45 4 1
10 7 4
63 6 27
29 4 8
22 2 19
2 6 5
22 2 1
8 1 28
2 2 21
36 6 28
35 2 39
53 4 8
8 1 23
57 5 22
55 4 1
46 7 36
46 3 32
43 2 34
13 4 8
64 5 35
12 6 37
54 6 12
58 2 25
39 3 10
9 6 27
4 5 1
22 3 10
9 1 16
6 2 39
41 7 17
24 1 40
7 4 11
45 3 40
42 4 28
16 3 5
37 2 34
38 7 21
56 6 5
55 7 1
5 7 19
59 4 36
44 1 1
37 8 1
55 6 31
41 6 12
2 3 5
3 2 35
47 2 8
40 4 26
62 4 2
31 1 8
16 4 40
32 1 1
7 5 13
25 4 8
21 7 22
19 4 2
16 7 38
34 5 16
5 3 26
24 3 28
6 5 16
20 4 25
50 2 23
51 1 9
47 6 29
37 8 14
57 3 26
53 5 11
5 2 19
13 2 40
33 3 8
43 1 37
53 4 40
24 2 30
22 5 23
34 2 34
56 1 21
15 5 3
41 2 8
45 1 31
62 4 34
30 6 7
31 3 39
53 2 8
17 4 15
33 7 22
64 7 34
2 7 21
14 1 3
46 3 16
36 4 31
50 4 4
28 6 1
7 7 11
44 5 11
32 3 16
20 5 5
28 8 5
43 5 34
18 2 1
55 3 28
8 7 22
13 7 11
41 8 31
62 1 26
4 8 20
62 5 11
18 7 33
3 3 14
50 1 19
5 2 38
44 2 30
38 2 12
54 2 17
62 4 36
40 3 26
62 5 36
64 2 33
3 8 2
36 2 33
25 2 20
46 4 19
32 7 20
54 6 16
36 8 19
17 7 3
47 8 22
27 7 10
45 6 3
59 1 26
9 3 32
34 8 4
11 3 10
44 2 20
32 3 13
43 6 25
2 2 37
24 3 32
12 2 22
65 7 11
46 8 26
8 8 9
14 8 1
2 1 34
12 3 12
15 1 33
30 5 34
45 4 1
36 4 5
30 3 34
42 3 31
35 6 10
24 7 21
14 1 14
56 3 22
13 4 25
61 5 31
62 2 13
2 3 38
13 4 30
8 8 23
16 4 21
60 3 36
9 7 18
65 2 20
15 5 22
62 1 23
53 1 19
43 7 24
57 6 39
2 6 10
8 3 4
62 6 7
45 5 12
37 7 26
22 7 31
48 4 40
28 8 8
23 7 15
33 4 19
64 6 24
1 6 20
60 8 24
30 5 40
20 3 10
42 1 27
1 3 14
54 4 15
49 8 32
16 1 27
37 1 2
41 3 13
27 8 20
37 2 30
43 4 31
62 6 10
46 4 35
34 6 14
8 5 33
28 5 6
15 6 28
44 4 4
9 1 2
20 1 21
37 4 36
45 2 18
18 7 25
15 6 20
15 7 11
42 7 5
55 1 11
3 8 38
46 1 40
65 7 12
28 6 23
20 3 40
44 8 27
27 3 20
25 8 15
40 6 6
11 7 8
54 7 28
63 8 3
9 5 15
4 7 32
58 8 7
6 4 29
19 4 36
45 1 11
14 1 32
47 7 18
21 2 35
14 7 36
5 5 7
61 1 39
38 4 31
1 6 22
28 8 7
27 1 38
22 1 22
14 6 33
18 5 34
46 1 31
41 5 31
2 3 2
63 1 16
57 8 33
22 5 30
8 7 27
21 2 5
21 7 15
4 1 21
60 3 34
50 5 19
32 6 4
28 6 3
29 5 2
26 3 5
10 3 17
38 4 5
19 4 23
28 8 21
65 2 35
16 3 25
50 3 19
53 4 21
17 2 26
47 8 8
37 4 28
51 1 7
50 1 11
44 4 14
48 4 40
44 4 27
61 4 29
18 6 21
39 5 33
6 5 24
10 3 23
17 5 30
45 6 24
19 8 5
18 5 40
25 3 35
17 5 12
42 3 25
24 8 7
29 8 19
21 3 6
60 4 8
31 8 33
15 2 22
62 5 28
46 7 28
17 6 40
45 8 6
30 7 8
16 4 23
1 2 13
59 2 21
57 4 37
59 6 31
45 2 38
10 7 32
32 7 16
22 5 13
62 5 8
1 8 2
18 8 13
41 2 35
33 7 18
38 3 31
18 8 33
18 8 27
11 3 31
47 4 13
59 3 31
62 5 21
25 7 39
34 3 27
40 2 8
48 8 16
7 3 13
40 2 12
41 8 26
13 4 40
55 2 7
55 7 39
26 7 29
65 7 25
18 3 20
43 1 8
42 5 11
14 2 38
20 2 6
25 7 14
6 2 15
19 6 28
59 3 14
46 6 30
2 6 6
45 3 40
6 7 32
15 1 28
18 5 26
33 2 4
3 5 6
46 1 29
34 2 2
38 4 26
40 5 20
54 5 17
23 8 37
33 2 23
25 2 12
35 1 2
28 7 36
4 2 38
8 5 10
55 5 33
35 4 6
46 7 8
34 4 27
59 6 14
37 2 38
38 3 11
58 4 9
50 4 3
53 2 32
45 8 38
12 1 16
60 6 9
22 4 23
23 3 15
41 6 21
29 6 18
37 4 25
58 3 25
59 3 36
13 4 6
11 6 38
51 5 20
30 7 6
3 2 39
63 2 3
40 1 36
16 6 28
45 1 40
36 1 3
4 2 16
61 4 36
18 6 7
12 2 30
14 3 14
8 5 11
30 2 27
42 3 9
59 2 12
39 5 18
49 1 3
24 2 16
49 6 23
20 5 39
15 3 3
40 8 33
58 2 9
29 5 39
52 1 12
43 7 32
44 6 22
63 2 27
24 8 20
20 6 34
14 6 15
2 3 39
17 8 40
50 7 2
40 1 37
38 1 39
37 1 25
24 4 33
39 5 12
9 1 8
56 2 6
59 5 3
49 7 13
10 5 39
39 6 31
32 5 30
45 3 4
22 1 31
25 2 8
6 6 36
52 5 3
2 4 28
38 7 36
7 7 19
21 1 39
44 5 7
46 5 8
8 5 19
33 2 16
59 1 40
56 5 16
49 1 18
20 8 25
39 8 9
15 3 37
45 8 3
65 8 20
1 6 14
37 6 3
61 1 37
52 3 29
35 3 21
35 6 20
32 2 7
38 3 26
24 6 6
3 3 21
14 5 36
11 7 9
62 2 8
12 6 35
20 2 29
49 8 24
36 4 40
5 7 31
53 2 15
13 6 38
51 5 16
59 1 26
21 4 7
32 2 26
39 6 12
29 5 12
6 4 40
55 5 7
29 4 6
46 3 20
21 8 12
15 5 11
52 3 8
14 3 13
37 6 31
58 1 8
60 5 26
40 5 7
21 5 9
54 7 5
31 1 25
2 7 1
18 5 21
27 7 26
44 3 40
8 1 13
58 3 36
44 8 36
14 2 5
59 1 24
53 8 23
43 8 7
16 2 29
28 6 23
20 6 27
49 1 14
65 1 14
45 8 33
16 1 19
54 8 7
57 5 39
14 1 24
8 6 13
62 1 10
3 2 29
58 7 11
50 8 35
64 4 5
29 4 40
22 6 27
61 2 13
31 8 15
44 2 30
46 3 17
52 4 36
58 5 7
47 7 16
61 7 2
17 7 2
46 7 28
19 8 20
36 6 4
55 7 23
46 4 27
37 2 4
42 8 24
1 3 22
1 6 13
15 4 33
2 7 20
22 6 9
40 6 38
36 4 9
57 1 6
61 1 37
38 3 27
11 6 39
36 8 10
24 5 35
56 6 24
18 6 15
37 3 3
51 6 17
51 7 19
25 6 20
57 4 11
59 4 37
10 3 39
20 7 24
47 4 12
25 3 34
10 4 4
1 5 9
17 3 34
63 3 35
49 4 28
33 6 22
43 4 20
47 7 33
43 1 15
1 2 8
4 4 23
49 4 32
11 5 12
65 5 9
44 2 21
47 2 3
61 3 6
39 6 35
58 3 25
64 2 24
15 3 20
25 5 24
52 1 4
24 2 32
51 1 34
20 1 5
50 1 3
39 8 23
50 8 21
50 8 32
47 6 7
14 7 24
60 1 10
64 1 40
46 4 22
46 8 32
24 6 18
36 4 24
61 3 39
45 7 33
55 4 37
21 5 37
63 8 7
34 1 2
51 4 33
29 2 38
56 5 3
39 2 4
24 6 40
47 1 33
42 5 32
39 6 20
6 2 26
47 4 35
27 3 15
32 8 16
8 2 24
40 8 34
18 5 37
38 7 24
44 7 22
61 3 26
21 3 29
21 2 2
6 1 22
43 1 4
4 7 24
18 6 13
25 7 2
45 3 4
9 3 23
12 5 17
63 2 29
14 5 27
28 4 25
58 3 13
54 1 31
54 7 38
39 5 35
1 8 10
61 8 36
5 2 12
9 2 16
35 7 12
27 1 16
34 5 36
10 6 6
55 6 34
8 5 27
37 3 32
20 6 22
37 4 18
33 3 19
60 8 39
31 1 12
46 8 24
54 6 26
19 6 27
6 5 39
8 5 23
10 3 21
20 6 3
17 8 36
35 5 17
25 4 40
2 3 6
34 5 7
8 2 12
62 7 34
6 3 27
61 1 31
23 8 15
63 2 27
53 5 32
12 4 31
37 6 32
2 6 15
62 1 22
57 7 2
54 4 14
9 5 34
12 4 15
31 3 26
45 8 23
27 3 38
61 8 21
8 6 13
2 2 22
36 1 5
58 8 14
42 7 11
45 3 7
3 5 14
35 1 38
1 1 7
45 2 9
19 6 27
48 4 32
5 7 33
45 6 19
20 3 24
51 4 2
64 3 28
37 8 35
50 6 20
28 2 3
10 6 23
21 5 6
55 8 21
60 4 29
34 6 12
38 3 39
3 4 16
20 7 26
61 7 13
20 2 30
2 6 29
33 6 12
7 1 3
55 7 31
15 4 4
40 4 3
27 6 38
33 1 2
20 1 1
43 1 4
25 4 35
55 8 32
65 5 39
41 3 40
10 5 17
34 1 24
16 2 30
50 2 9
18 7 6
19 3 3
43 8 10
43 4 19
18 7 30
65 1 5
12 6 16
16 7 19
24 7 35
22 7 13
11 1 17
55 7 5
38 7 34
56 4 34
43 6 25
58 6 34
8 4 1
23 2 24
6 8 12
22 5 3
56 3 2
23 5 21
4 5 1
54 6 23
38 7 30
26 1 31
22 8 10
9 6 17
52 2 7
42 1 28
11 8 35
22 3 21
35 6 2
65 2 22
16 3 4
46 8 28
18 2 33
11 8 33
33 3 25
64 6 9
36 6 15
62 1 10
18 1 10
21 7 33
28 3 26
9 7 31
50 2 4
49 6 38
9 8 4
13 1 32
30 5 13
32 1 12
25 2 35
60 7 17
38 4 34
10 4 36
6 6 2
6 2 38
22 7 37
2 1 29
11 3 5
1 7 34
37 1 23
34 2 37
37 1 30
34 5 37
56 1 15
47 2 31
8 5 8
2 7 20
21 6 30
3 6 21
48 6 23
46 1 33
58 2 2
39 2 17
16 3 25
52 5 29
47 5 22
4 6 19
55 5 14
41 1 4
60 1 40
6 3 34
56 8 5
33 8 31
56 8 21
51 2 19
2 6 1
35 6 34
11 2 37
49 6 11
42 4 5
41 4 37
28 4 15
35 5 14
29 1 14
56 2 35
26 5 26
30 4 7
16 8 38
50 8 33
21 8 7
65 1 30
13 5 32
26 1 33
59 1 34
59 1 35
33 6 25
65 2 20
50 4 15
18 8 28
34 1 39
55 8 28
43 1 12
8 4 34
19 4 9
6 3 17
26 2 8
35 3 40
55 2 22
53 8 32
26 8 7
11 2 17
33 8 37
53 3 26
52 3 20
44 1 24
58 5 6
7 5 14
18 3 10
16 1 8
49 6 29
13 2 6
51 3 19
19 3 11
64 6 3
43 2 4
26 5 28
8 3 40
29 4 9
26 3 15
16 2 38
52 7 19
3 2 17
42 5 7
9 8 9
5 1 23
51 8 35
36 5 5
13 3 2
36 3 6
6 1 8
30 3 37
24 8 16
18 1 32
41 2 25
56 6 40
42 1 15
23 4 14
2 6 21
46 6 2
47 6 25
14 4 33
3 3 38
46 6 6
19 4 39
33 5 31
29 2 32
32 5 19
42 5 39
17 1 24
36 4 25
26 4 36
3 8 39
37 4 4
17 4 30
19 3 19
62 1 40
52 1 26
52 7 33
20 3 31
7 2 16
18 6 20
38 5 19
41 5 29
59 4 8
36 2 38
31 4 9
59 4 30
65 2 23
20 3 18
18 3 37
1 8 4
15 4 20
46 1 21
45 5 11
23 5 33
37 4 16
2 2 37
63 2 25
4 2 29
34 2 12
16 4 28
9 7 3
39 2 9
23 6 4
4 6 3
30 8 15
42 8 18
63 2 30
38 8 27
34 3 2
63 8 38
22 3 8
46 6 37
51 6 8
36 6 25
19 6 12
11 2 10
28 2 21
60 7 11
14 6 9
17 4 15
34 4 8
64 2 7
24 6 30
65 4 18
32 6 12
23 1 21
49 6 1
55 7 2
63 2 22
52 1 39
1 5 9
62 1 2
19 6 12
31 2 21
42 7 27
28 5 13
14 8 36
32 6 15
46 7 1
27 8 39
43 5 38
29 2 27
15 5 23
59 8 33
24 1 13
12 6 1
28 8 8
46 1 38
22 3 12
11 6 25
43 6 12
42 5 4
37 7 4
11 3 23
51 4 36
17 8 38
52 6 17
43 8 18
44 6 35
49 6 15
9 4 9
46 1 5
3 1 22
29 5 30
64 7 7
27 4 23
58 7 38
58 6 25
29 8 17
16 1 30
63 2 38
45 5 32
24 6 2
16 1 15
21 8 32
45 4 2
11 7 34
14 5 11
19 6 33
6 8 24
12 8 26
44 7 36
35 8 13
44 1 3
49 6 1
2 6 34
26 4 28
47 2 6
6 5 6
59 7 5
41 4 9
39 7 14
59 1 22
59 6 28
37 5 28
31 6 19
34 6 36
57 4 37
2 1 12
31 7 8
48 5 30
48 1 21
46 2 15
58 4 18
29 6 28
61 1 11
40 8 17
40 6 31
11 8 4
10 2 14
41 7 33
42 7 28
13 7 24
14 8 32
61 5 17
40 1 22
1 6 6
23 4 17
64 6 39
14 2 39
55 8 20
37 8 19
15 2 17
63 2 6
16 6 24
30 6 35
56 6 20
18 1 20
9 2 4
58 2 35
43 1 35
56 2 26
53 5 9
28 1 16
14 3 17
51 8 40
52 1 7
63 2 29
9 4 24
17 7 27
1 5 6
56 6 11
58 3 23
32 8 20
6 8 4
16 3 18
18 2 21
25 5 40
58 2 29
5 1 24
60 5 34
48 6 13
40 2 24
22 6 34
39 6 38
1 1 24
37 6 27
27 6 35
7 8 36
38 8 15
58 1 20
50 4 5
8 1 19
38 3 4
30 4 22
46 2 14
27 3 8
44 6 40
12 7 2
45 7 6
46 7 34
42 2 20
34 3 23
11 3 9
30 5 39
18 5 9
38 7 39
27 3 19
52 1 29
17 5 4
5 6 19
13 1 34
9 5 36
35 3 18
22 3 33
51 2 16
49 6 23
39 7 10
3 1 25
8 1 13
15 5 14
57 5 20
56 4 19
3 2 12
40 4 18
33 7 27
30 7 39
36 5 28
38 7 31
1 7 24
10 8 29
43 8 37
63 1 36
1 7 28
38 2 18
54 4 24
4 7 6
62 3 13
14 5 18
1 5 12
35 3 5
3 1 21
6 2 20
9 6 11
28 8 40
15 5 28
61 6 33
20 5 34
21 3 38
38 8 30
7 7 19
54 7 10
60 6 8
59 2 13
33 5 8
50 3 4
46 8 13
25 2 40
64 2 29
26 6 40
11 1 18
12 3 34
14 7 9
7 8 29
48 6 32
52 2 18
19 8 20
50 1 19
29 2 19
65 2 7
19 4 30
58 4 33
20 3 26
16 7 16
9 1 13
8 8 12
61 6 1
19 7 17
12 6 1
15 1 8
25 1 16
33 2 14
6 7 14
29 5 39
2 3 9
28 8 17
22 2 37
58 4 10
5 5 3
57 6 12
7 6 27
16 4 21
61 2 10
44 8 8
23 8 12
52 5 40
27 3 15
54 1 34
17 7 26
28 4 11
26 1 40
48 3 39
13 7 39
35 6 6
9 7 16
44 4 30
22 4 4
3 2 27
60 4 2
48 2 9
46 2 14
14 8 2
45 1 37
26 8 34
21 6 18
41 4 19
1 4 30
17 8 3
50 1 14
1 5 9
32 3 9
44 5 15
40 8 7
5 6 34
24 1 26
20 5 18
49 8 31
1 1 31
61 8 34
57 4 15
22 3 31
31 3 28
55 2 32
3 6 32
62 1 7
28 6 26
53 6 1
18 6 13
10 1 10
24 1 29
48 7 28
7 6 10
27 4 5
64 7 32
3 2 18
59 3 24
21 6 17
5 4 39
59 6 28
37 3 2
22 8 21
23 6 29
64 6 30
61 3 6
2 6 14
27 3 27
20 2 23
55 3 25
44 2 2
55 6 24
45 8 29
21 6 25
23 8 21
53 4 35
23 3 1
12 5 2
60 6 33
38 1 16
51 5 18
6 7 23
4 2 7
27 2 33
10 4 30
39 8 3
2 6 11
8 1 21
1 7 15
44 7 35
20 4 4
8 4 24
17 3 5
19 4 19
1 5 31
63 3 32
27 6 19
62 7 9
1 1 16
18 3 39
51 1 24
55 4 19
49 2 39
45 3 36
54 1 40
12 8 10
21 6 30
42 4 31
55 2 31
1 1 40
58 8 16
31 3 26
13 3 33
41 3 1
30 8 11
58 4 7
51 4 1
41 5 19
61 6 33
21 8 24
49 6 13
58 1 23
59 5 7
33 4 24
36 6 30
63 5 10
60 7 37
16 3 35
6 6 30
5 3 33
52 5 12
14 1 14
13 7 22
45 4 35
26 2 33
6 4 17
55 3 18
20 5 8
50 4 32
2 7 37
31 1 17
18 7 28
20 8 11
3 1 30
20 4 31
25 1 26
58 8 13
38 8 26
58 7 17
29 5 26
17 8 19
48 1 2
16 2 8
14 5 34
13 2 15
32 2 20
45 1 2
49 2 17
15 5 36
36 4 16
54 5 3
57 6 39
3 1 29
50 8 25
44 4 3
63 8 31
34 4 32
48 2 40
21 2 16
61 8 10
23 1 15
31 6 10
57 3 11
23 6 5
52 2 36
7 7 4
3 6 34
39 3 33
28 3 39
26 6 9
25 6 18
5 7 31
14 8 28
41 6 34
47 3 17
55 2 16
59 7 33
8 5 29
58 8 12
45 3 39
16 3 19
18 3 17
11 6 17
36 4 35
60 2 10
1 3 28
47 5 34
1 2 6
35 2 16
49 8 26
65 2 21
21 4 22
48 5 19
62 4 16
38 8 10
2 7 22
63 7 1
60 2 23
57 3 8
24 2 11
25 5 20
38 5 11
5 8 27
39 1 20
44 3 33
22 2 23
15 6 19
57 5 27
59 2 26
51 7 15
44 8 4
11 5 34
55 1 7
1 6 21
50 3 15
43 6 23
23 3 25
34 2 27
5 1 24
49 6 15
33 8 14
11 6 29
3 6 2
53 5 30
46 1 21
1 3 37
49 7 40
50 7 6
26 8 22
1 4 4
59 8 21
59 2 12
14 7 36
16 4 17
11 1 26
36 1 1
1 4 20
24 5 10
44 4 27
62 4 22
64 8 32
5 8 11
19 4 1
48 4 6
10 2 25
65 6 5
16 4 33
63 5 32
42 6 24
24 4 7
57 8 29
49 5 31
41 3 28
54 6 19
38 6 5
2 5 8
34 1 40
18 5 9
2 3 10
64 8 34
61 5 9
19 2 17
15 6 14
6 5 17
47 1 4
8 7 21
4 7 2
42 1 10
13 2 17
54 1 22
58 7 7
4 2 7
52 7 5
51 2 9
11 5 20
9 1 27
25 5 3
59 1 34
6 6 33
43 3 10
13 8 31
41 3 2
64 2 2
37 8 16
62 6 1
18 5 36
32 2 20
23 4 12
38 6 1
5 8 9
57 2 8
49 3 20
15 4 37
27 4 9
32 6 19
18 2 4
30 1 25
32 5 33
19 5 3
44 1 8
6 6 9
5 1 9
3 3 11
43 1 38
9 8 34
20 2 27
53 1 2
32 7 27
1 4 1
48 2 12
56 2 21
48 2 37
42 3 29
62 3 5
46 1 28
22 3 7
22 5 4
10 7 23
31 8 14
47 3 14
13 1 19
27 2 28
58 1 22
44 7 9
30 6 36
20 8 19
55 6 23
19 2 29
29 2 9
36 6 21
55 7 36
53 3 28
7 6 30
42 7 24
27 6 36
6 6 3
28 2 40
5 7 14
58 3 28
59 4 33
13 5 17
7 1 36
48 6 28
47 1 29
7 2 17
26 5 13
39 2 21
39 5 3
44 4 27
43 6 3
18 7 23
32 4 20
52 8 3
13 5 27
36 2 14
2 6 2
24 6 20
6 4 38
60 6 14
53 1 40
3 6 3
52 6 16
41 7 32
63 8 14
62 6 18
22 1 25
10 1 16
8 1 35
28 5 15
33 7 15
29 4 26
11 3 18
24 6 31
41 8 9
12 5 8
37 5 19
48 6 40
39 6 5
39 7 14
20 8 34
19 6 21
23 6 19
20 7 39
51 1 35
18 7 38
38 1 1
12 7 16
8 4 31
37 7 1
8 6 2
16 5 23
55 7 15
12 5 37
55 4 39
18 6 39
34 5 27
51 3 2
46 5 34
37 2 21
54 7 37
19 5 25
63 2 27
37 7 9
51 5 4
12 3 27
47 7 14
63 1 33
50 1 39
38 2 20
10 6 3
32 4 38
17 6 28
48 3 33
11 1 40
22 6 5
60 5 5
35 1 14
47 4 18
6 5 33
64 6 4
4 5 34
22 8 40
57 3 23
34 6 36
49 4 28
26 7 21
4 5 7
20 7 23
34 7 21
45 5 40
30 5 34
46 1 36
46 1 22
7 2 12
14 5 40
19 8 10
43 1 25
35 6 26
23 4 19
58 7 20
38 1 8
13 8 25
28 4 36
41 1 15
45 3 28
47 1 7
41 1 5
10 5 6
31 2 22
44 1 27
7 1 33
16 1 1
63 7 33
57 1 1
10 2 3
15 3 7
21 2 13
35 1 30
18 6 6
49 5 1
28 4 13
30 2 17
54 1 1
1 1 4
31 7 32
29 5 17
13 8 14
43 5 12
36 2 39
9 2 26
37 4 13
11 7 15
58 7 37
22 3 14
59 6 34
49 8 22
13 8 1
56 2 40
11 4 30
45 5 38
1 7 8
39 8 30
9 5 30
15 7 17
37 6 35
58 7 1
59 3 38
50 8 28
2 7 28
10 2 17
41 2 24
28 4 40
60 1 31
44 7 6
51 3 35
27 7 37
17 7 23
11 5 11
36 6 37
12 2 32
64 6 9
2 7 11
39 1 23
27 6 35
29 3 27
46 7 9
53 3 3
18 3 12
9 8 18
23 7 20
12 8 39
54 2 3
31 7 29
15 3 37
16 5 16
26 2 37
40 3 38
43 1 13
46 5 26
2 5 16
52 1 40
47 2 15
4 4 10
41 1 27
48 2 30
51 2 38
43 7 4
51 2 30
31 1 37
12 8 18
10 1 31
27 1 40
28 6 20
57 2 13
3 3 8
16 4 19
48 5 29
28 1 9
59 5 3
29 8 39
55 3 35
1 1 20
1 6 18
38 4 32
15 6 1
32 5 14
50 1 23
63 1 3
51 5 1
61 3 34
37 5 19
47 1 15
46 4 9
24 7 28
49 2 7
27 8 31
10 6 28
50 6 27
32 5 33
26 1 4
42 3 36
30 8 20
27 5 19
29 4 24
50 3 14
25 6 7
33 3 3
31 4 6
57 1 21
8 1 10
22 7 30
44 8 8
16 5 32
61 6 25
4 5 22
18 1 4
35 1 20
32 7 15
52 1 37
52 6 27
34 3 28
33 8 15
47 1 16
27 3 37
49 6 1
1 6 15
23 8 23
51 4 17
43 8 30
64 8 40
44 4 38
12 6 33
53 8 12
33 7 29
33 1 18
28 6 27
48 6 26
43 2 25
57 1 11
50 5 6
61 3 14
58 6 8
41 2 19
25 4 9
56 4 15
4 8 21
8 3 16
41 4 19
45 5 12
44 4 39
55 5 38
34 2 19
65 5 22
5 3 5
47 5 39
55 6 34
45 7 26
61 4 31
33 6 19
7 5 37
50 1 10
22 7 10
52 2 38
27 4 33
21 7 18
21 5 5
35 2 32
22 5 2
34 2 1
34 6 11
15 8 25
39 8 29
30 8 33
25 4 11
48 4 27
7 6 20
28 8 11
58 5 20
60 4 15
61 5 7
22 2 27
19 7 13
52 5 10
63 1 36
29 5 10
21 7 25
56 5 24
33 3 40
18 3 13
32 2 34
39 3 35
58 7 3
7 8 14
47 2 22
58 6 38
35 8 36
52 2 11
21 8 33
15 8 7
1 7 25
48 4 9
22 8 34
45 5 26
25 4 19
16 8 35
13 3 27
32 2 24
50 1 20
36 2 6
37 7 4
60 5 26
36 8 30
8 5 35
2 6 34
8 1 10
51 6 14
41 5 25
18 1 28
44 5 37
24 7 2
44 1 29
10 3 12
51 7 8
41 4 19
47 2 1
41 2 10
55 8 39
19 1 29
26 2 32
48 6 23
42 7 34
25 8 13
34 3 36
62 7 36
47 2 24
60 2 24
31 4 35
30 8 16
11 7 9
19 5 27
42 5 3
11 1 14
20 3 8
44 8 27
38 7 40
1 1 10
19 6 34
20 1 18
41 7 37
58 2 36
58 6 22
64 2 17
10 6 32
46 3 38
13 1 33
8 6 14
46 8 11
5 8 19
64 1 17
1 6 13
18 1 21
8 7 18
22 1 14
63 2 37
59 7 27
57 2 34
35 7 28
6 4 28
64 5 5
49 6 17
27 7 21
26 4 37
9 8 22
13 3 31
19 2 35
16 5 14
13 3 11
64 2 5
34 8 20
46 7 29
57 5 26
57 4 3
30 5 3
49 5 31
61 4 33
52 2 27
35 2 40
53 3 13
63 2 19
48 6 6
4 7 38
23 7 23
22 6 18
14 5 3
42 1 39
46 7 15
36 2 14
53 4 4
60 4 35
46 6 21
48 4 17
13 8 38
24 5 2
47 1 1
65 5 14
24 2 6
46 6 31
18 2 14
53 4 19
43 1 15
41 6 24
27 2 18
29 8 12
53 8 3
59 7 8
31 6 13
33 1 26
41 8 10
48 8 36
39 1 32
27 8 8
26 7 1
26 2 14
1 3 3
18 7 7
61 8 31
15 6 31
60 8 14
37 6 15
20 3 22
5 2 21
49 8 9
50 6 2
57 4 4
3 5 20
9 5 19
24 6 1
44 2 2
47 7 1
16 4 34
15 7 30
34 8 14
21 4 37
47 3 33
34 7 21
33 2 38
64 4 9
10 1 30
61 8 9
2 2 24
1 4 3
45 8 9
13 2 3
37 5 3
20 4 37
63 8 11
47 1 3
51 5 7
60 5 30
39 6 35
43 7 29
51 7 10
65 2 23
49 8 32
10 2 34
25 7 31
61 8 35
18 6 27
38 5 14
41 2 3
60 3 20
58 8 16
4 8 20
45 2 39
39 2 22
46 6 11
14 5 21
34 8 11
32 2 34
2 6 9
40 4 17
40 1 13
9 8 1
57 3 34
23 6 1
25 4 9
45 8 39
47 8 31
53 1 5
21 5 1
52 8 11
58 7 18
39 3 30
46 1 15
52 7 36
33 5 25
20 7 31
50 2 27
63 5 26
27 5 40
21 5 9
51 5 36
39 3 5
12 6 31
58 4 26
8 2 1
28 7 31
19 4 5
38 3 27
5 3 26
22 5 38
57 4 25
10 1 6
25 6 16
60 5 1
62 3 30
40 8 26
52 4 6
6 3 25
64 8 36
59 6 24
1 5 6
31 5 29
60 8 8
51 7 22
5 3 18
36 3 30
59 2 17
37 3 16
40 3 31
33 5 8
36 1 24
9 8 27
38 8 40
14 1 6
34 5 13
39 8 5
5 7 40
48 1 23
49 7 18
57 3 18
11 7 24
65 2 38
38 7 2
36 3 18
25 5 5
64 3 13
27 7 32
32 1 1
61 1 18
44 1 30
33 4 24
36 6 9
19 5 35
45 4 18
48 6 18
13 2 20
9 4 30
15 6 33
15 2 20
1 5 38
31 8 35
59 4 27
44 6 4
6 1 10
19 7 8
22 2 37
18 3 16
64 8 22
49 4 36
36 1 40
17 8 10
5 7 19
51 7 23
62 8 9
58 8 30
45 4 9
50 1 20
47 6 18
28 1 12
40 1 22
55 8 1
53 2 12
11 7 21
51 1 21
58 3 18
11 7 39
40 7 16
35 2 34
25 3 1
57 6 3
32 8 38
29 8 16
25 2 17
63 6 37
28 5 25
50 4 20
25 2 36
33 6 26
30 8 40
42 4 10
17 8 19
31 8 4
55 3 29
45 4 39
43 4 15
48 5 32
31 3 40
61 3 36
65 8 21
41 2 33
2 1 25
21 8 6
17 7 31
41 2 32
26 1 14
35 4 19
22 2 39
37 4 16
39 2 9
39 2 36
45 2 19
12 1 13
7 6 21
51 5 37
57 2 28
64 2 29
55 3 8
31 7 36
62 1 7
45 6 27
51 5 35
6 1 20
52 3 23
25 3 38
30 5 40
48 5 14
1 6 27
54 1 12
16 7 17
7 1 20
24 1 2
49 1 28
36 3 3
33 5 32
56 5 15
64 2 9
46 5 14
31 5 9
56 8 11
63 8 2
12 8 8
61 5 7
56 8 38
7 3 25
54 3 17
36 3 20
63 5 5
47 6 10
32 7 10
45 4 32
41 8 16
43 7 30
53 6 23
7 3 37
6 8 37
24 4 35
27 3 37
1 3 5
42 2 32
13 8 8
56 7 22
43 7 40
51 7 29
32 1 7
25 7 6
42 7 6
45 6 22
38 3 34
40 4 12
59 4 12
23 6 14
17 1 18
26 3 11
49 8 38
22 6 14
62 1 7
62 5 19
46 7 37
42 1 35
60 8 35
51 6 19
50 8 35
31 7 37
59 1 32
32 1 3
23 1 10
5 1 38
60 4 5
3 3 10
44 2 40
22 1 38
50 5 10
36 5 24
4 7 31
44 5 10
37 8 25
54 1 37
13 3 18
46 7 13
29 8 27
44 7 21
5 3 37
50 3 36
8 1 20
5 1 34
5 6 40
9 8 15
32 2 20
45 1 19
46 1 34
27 8 31
56 6 7
35 3 31
59 5 22
23 8 7
41 2 30
57 5 17
18 3 15
54 8 39
24 8 24
34 6 40
61 8 13
26 7 13
20 2 9
13 5 19
36 5 17
23 1 32
18 5 13
28 2 34
13 1 33
51 7 32
32 7 32
61 5 11
41 1 26
40 6 39
64 5 34
20 8 29
6 6 24
3 7 19
35 3 23
53 3 40
52 1 13
13 6 13
16 4 2
53 8 30
26 7 38
29 7 34
65 3 26
9 4 27
10 4 19
51 3 27
39 2 37
5 1 2
10 4 27
34 8 36
37 7 34
34 1 2
2 2 32
27 3 33
2 8 12
19 4 20
1 4 26
54 6 38
35 7 16
32 7 10
24 2 7
54 3 10
27 7 26
17 2 12
56 8 34
12 8 2
39 4 26
45 4 7
35 1 15
33 8 6
25 4 16
64 3 6
65 3 36
65 2 19
48 5 8
47 6 8
34 3 20
7 3 27
63 7 30
21 2 40
5 8 28
57 1 5
38 7 40
48 7 30
14 6 12
37 8 2
8 1 16
59 2 38
33 2 11
14 2 30
27 4 22
19 6 22
13 2 17
51 7 5
41 4 19
11 2 8
13 4 2
39 1 35
58 6 36
22 1 33
44 1 36
46 2 24
33 4 27
7 8 26
48 4 11
24 1 6
58 5 8
61 5 2
52 5 37
29 7 23
35 8 12
59 8 16
21 6 14
28 3 1
18 3 7
19 2 10
6 3 18
37 6 24
42 3 28
65 2 3
20 8 39
25 2 28
25 2 23
25 1 26
32 2 37
40 3 15
24 5 17
40 2 37
50 2 22
24 4 33
34 1 24
59 3 1
8 4 37
49 8 21
30 5 40
27 4 40
50 2 22
22 6 23
56 2 26
38 5 29
6 8 32
55 3 1
32 7 8
31 8 39
16 8 7
39 7 22
23 7 10
62 7 22
39 4 23
31 6 23
57 3 7
52 6 13
31 1 4
51 6 10
54 5 25
8 6 33
26 3 17
52 4 37
60 7 25
2 4 36
37 7 32
44 8 34
4 2 16
21 4 23
21 6 38
65 3 18
35 3 13
14 7 13
46 6 23
39 4 12
46 6 31
2 2 7
23 2 31
59 8 8
52 8 21
46 2 15
57 4 39
2 7 7
25 6 15
3 4 11
37 6 39
16 3 33
44 6 18
30 1 23
15 8 24
3 2 36
7 7 13
57 6 30
48 6 30
63 4 34
31 6 35
30 2 28
32 1 18
27 7 4
9 3 1
13 5 1
49 5 23
22 6 37
41 7 2
61 3 25
64 2 30
34 7 9
43 4 16
23 4 40
48 6 32
20 1 19
15 1 1
49 1 39
15 1 29
47 8 26
5 8 8
3 4 7
54 7 5
20 1 30
21 7 40
50 5 17
11 6 25
23 7 9
50 5 37
57 1 10
61 4 33
61 7 30
42 3 25
38 3 22
19 7 1
51 3 20
32 3 37
6 3 31
50 5 21
38 3 6
39 4 23
33 4 26
39 1 11
17 2 17
61 4 30
59 6 33
16 1 28
22 2 12
33 3 33
57 3 2
53 3 26
24 6 7
2 3 15
25 4 38
50 6 9
49 8 30
30 3 20
9 2 22
29 6 22
6 7 10
64 1 21
17 6 21
16 2 5
4 8 10
24 7 3
63 5 2
47 2 23
21 4 12
15 8 24
50 5 20
42 7 30
6 3 32
63 1 18
53 5 36
6 8 28
64 7 5
51 4 5
1 3 6
33 2 8
1 7 15
48 5 5
23 6 4
28 2 25
60 2 25
28 6 8
27 8 6
57 6 2
28 1 23
24 2 17
47 5 16
34 3 3
53 6 7
7 2 22
34 3 13
17 1 9
47 2 31
58 8 27
40 6 11
55 8 30
11 3 8
15 8 27
4 3 33
56 4 31
41 2 4
45 4 22
43 3 1
48 4 33
23 2 37
47 3 12
62 4 10
2 3 7
8 6 6
11 6 10
38 2 19
9 5 34
32 1 9
18 5 25
53 6 26
49 8 36
34 7 4
34 7 37
61 2 6
55 2 33
21 6 8
47 3 23
2 2 30
44 4 25
17 4 27
9 3 30
44 8 35
53 8 39
26 8 14
56 1 28
39 5 6
43 7 20
31 6 13
26 2 24
50 1 12
65 7 28
26 6 16
9 1 27
13 7 17
27 5 4
47 4 17
3 8 1
32 5 12
40 6 27
26 6 12
41 7 18
4 5 1
18 4 38
19 3 11
18 8 37
9 4 35
4 3 35
8 8 28
45 6 13
64 3 37
14 2 37
59 5 16
15 1 18
33 2 28
45 4 1
58 8 40
4 6 34
10 7 38
58 6 1
56 8 8
44 2 35
8 4 18
15 4 37
35 5 32
65 4 4
57 3 16
7 6 29
56 1 9
56 4 11
11 8 23
39 4 29
32 8 14
18 7 31
16 5 15
65 6 28
5 8 18
59 3 22
39 1 40
17 3 32
2 7 22
43 2 39
26 7 4
62 4 5
12 4 7
27 3 39
60 1 19
39 1 31
11 5 4
29 4 3
60 8 1
2 5 31
34 5 40
53 8 7
36 3 32
45 2 13
49 5 3
65 1 29
36 3 4
11 8 7
27 1 5
51 6 24
50 5 20
45 7 14
53 6 20
36 6 29
9 2 16
56 4 37
32 6 28
56 3 27
44 2 1
41 5 32
11 5 35
43 3 26
38 3 7
50 7 7
28 4 28
65 8 36
45 1 34
7 8 7
47 5 8
55 1 17
18 2 9
30 6 1
40 7 16
38 4 5
37 4 18
43 1 26
17 1 8
49 1 4
11 4 27
29 2 2
25 2 20
26 5 21
41 3 8
25 8 8
26 7 35
32 1 16
30 4 26
8 6 23
64 2 29
20 3 32
17 4 15
13 2 9
64 5 32
1 6 8
45 3 40
3 1 39
41 6 11
48 3 39
22 4 22
61 6 22
25 1 34
2 6 25
44 7 17
4 4 19
54 6 1
27 2 28
25 5 37
65 1 28
12 6 22
25 6 24
18 4 23
60 8 39
15 8 12
35 4 28
46 7 21
22 1 4
22 4 26
5 6 4
26 5 40
32 6 3
38 8 30
51 6 7
34 4 24
4 6 8
52 4 29
38 6 8
38 1 21
49 1 14
29 6 38
27 3 37
8 8 3
54 3 2
8 1 31
43 3 35
52 4 20
1 5 9
49 6 1
49 4 32
22 8 39
51 1 29
43 8 35
17 8 4
37 7 5
20 8 12
43 8 40
41 6 22
10 1 5
56 1 10
13 5 38
61 3 31
33 2 21
40 8 37
57 6 31
21 4 8
55 3 36
36 3 24
25 1 25
3 8 12
61 6 27
39 6 16
35 3 13
42 1 31
20 7 7
42 8 19
64 4 33
35 2 1
1 1 37
55 6 34
33 2 35
50 6 17
27 8 26
22 2 31
2 2 3
7 2 34
35 8 8
62 2 2
30 2 23
64 1 39
15 6 39
49 6 21
35 6 9
11 6 28
41 2 18
47 6 18
15 8 1
41 1 1
64 6 29
63 4 11
54 3 30
46 4 26
39 3 29
37 5 6
11 1 2
60 2 5
47 4 5
54 8 8
16 6 30
3 4 34
1 7 13
47 2 37
41 1 20
8 3 32
1 4 23
22 3 30
33 4 26
16 2 25
37 1 8
60 6 11
51 6 9
39 8 19
30 7 34
17 2 6
51 7 36
27 3 21
17 3 22
37 8 34
24 7 28
43 8 14
38 6 31
19 4 15
53 7 19
19 4 29
13 4 40
43 5 17
63 7 3
63 6 38
29 1 30
2 1 21
2 4 23
61 4 23
48 1 15
2 7 25
11 7 25
12 8 39
12 6 19
26 1 15
51 5 5
8 1 5
2 3 12
25 8 12
33 1 31
5 3 20
3 4 13
27 3 23
23 6 5
15 7 14
8 7 19
38 6 20
1 6 1
20 4 26
54 2 2
26 8 8
59 1 17
13 5 13
2 7 26
58 7 35
65 2 37
20 2 18
58 7 2
65 8 4
56 6 34
14 5 36
37 3 1
9 3 24
6 2 20
24 2 16
51 8 4
44 3 18
14 1 34
10 1 23
57 4 34
16 4 28
63 2 29
53 2 33
27 6 32
31 7 26
61 3 34
44 5 14
57 8 30
24 5 17
2 6 16
27 3 18
30 5 21
16 7 3
18 7 35
54 3 36
9 5 28
31 7 16
6 1 7
2 5 12
3 2 37
47 4 30
48 5 20
31 2 33
49 1 32
31 7 10
58 8 22
54 5 2
10 5 8
57 5 22
2 5 1
45 7 29
20 4 6
63 1 2
56 6 16
26 2 23
13 5 35
49 2 35
8 6 9
12 5 13
15 7 25
19 5 6
33 4 35
7 5 40
57 5 24
39 8 19
38 2 20
21 7 1
43 5 18
27 4 26
24 6 9
63 6 2
63 2 6
56 1 15
22 6 31
18 2 9
2 7 23
55 2 39
29 5 28
15 4 28
60 4 35
31 8 31
54 2 35
24 2 37
54 1 17
45 8 14
31 4 16
26 5 4
24 2 2
42 8 7
16 5 3
43 3 32
13 3 21
29 1 29
26 1 40
12 1 5
44 2 7
50 6 24
6 8 2
29 4 5
30 4 3
9 7 40
7 8 19
57 4 28
37 3 27
22 5 16
27 6 14
60 2 12
39 4 16
64 5 2
12 2 21
65 1 10
5 7 4
11 6 33
29 1 11
39 2 20
26 5 40
44 1 14
4 5 8
15 4 16
35 8 24
57 7 30
32 4 33
53 3 4
45 6 18
57 7 2
12 5 25
65 6 12
22 6 30
47 5 40
12 4 26
46 6 25
64 3 16
37 4 22
49 6 20
8 7 34
42 2 1
20 8 1
40 6 34
29 5 17
17 7 26
20 1 13
26 1 2
40 8 24
20 4 24
37 5 11
60 1 20
25 6 19
62 8 30
53 7 13
39 1 4
26 8 24
46 7 22
2 5 5
11 1 20
50 4 38
18 6 30
62 8 11
58 6 14
23 2 4
9 6 40
29 6 20
58 8 8
56 2 4
23 8 3
20 8 21
18 6 26
29 1 25
6 5 7
15 2 10
25 5 23
51 1 10
55 6 19
4 5 22
61 8 19
20 2 24
37 5 32
10 6 10
51 2 6
24 8 17
9 8 36
37 1 6
43 2 19
57 8 33
7 5 10
20 3 26
27 6 5
60 1 1
15 3 12
4 3 32
26 7 33
56 1 28
27 1 12
33 5 16
57 6 36
33 8 36
49 3 35
13 6 36
44 1 35
2 5 14
32 2 19
22 2 26
13 2 14
19 7 3
60 5 19
33 5 28
1 8 15
59 2 12
57 5 12
33 6 7
40 6 20
6 4 24
21 5 38
3 4 12
43 5 3
58 3 6
21 7 34
38 7 1
59 1 7
1 6 4
55 3 25
35 6 5
54 6 22
21 7 36
61 3 29
58 7 40
37 7 8
65 3 33
65 7 11
64 4 6
54 1 26
55 5 40
53 3 34
13 4 31
3 1 36
30 6 14
41 7 20
39 5 25
27 4 38
61 1 18
31 8 9
52 5 33
52 7 1
34 8 15
50 2 33
26 6 24
14 2 29
52 5 40
45 4 11
44 7 10
7 8 25
35 5 3
62 1 19
55 3 9
27 5 35
42 4 3
44 3 11
5 8 7
37 8 40
43 8 9
28 7 15
22 5 20
38 3 18
13 3 14
29 3 18
47 8 24
6 2 3
58 4 25
62 3 37
44 8 4
50 5 29
7 2 8
4 2 11
28 1 28
37 1 4
59 6 34
10 7 20
27 2 27
60 1 14
21 4 28
65 4 10
53 6 29
29 6 31
17 2 22
49 3 26
65 6 3
24 5 9
45 2 25
48 8 11
24 8 17
20 7 36
9 4 7
1 7 35
10 3 4
64 3 4
36 2 37
31 2 10
13 1 14
49 2 30
36 7 18
4 6 40
39 1 31
16 3 17
54 4 4
27 4 24
2 6 23
16 6 40
49 7 33
19 5 22
25 2 6
15 6 39
60 8 7
17 6 31
31 4 27
2 7 30
11 1 21
54 2 40
17 1 18
17 7 24
42 3 26
36 7 2
36 3 39
61 8 39
6 6 7
43 4 20
59 4 32
60 7 30
39 2 24
12 7 5
50 3 14
51 7 28
10 8 39
1 8 18
65 2 31
27 7 40
9 6 18
17 5 7
43 1 10
56 2 11
7 3 34
9 4 8
15 1 31
41 2 13
40 3 7
64 7 27
25 8 29
29 1 40
31 6 12
30 3 27
3 8 39
29 5 10
31 6 27
24 2 36
39 2 12
31 1 24
9 2 29
60 3 22
36 7 35
57 7 32
40 3 11
56 1 3
3 5 19
54 4 31
1 7 10
47 2 20
57 1 9
22 2 39
57 4 24
16 8 16
19 1 31
54 3 8
10 5 25
65 3 24
58 3 36
9 1 13
52 4 16
29 3 19
49 1 31
55 6 6
1 3 29
11 1 29
7 6 13
54 8 28
45 8 34
56 4 10
57 4 31
19 5 25
62 5 18
48 7 32
27 8 6
2 6 10
61 2 26
47 4 30
1 5 21
11 5 16
61 8 12
1 7 38
25 7 13
64 4 8
65 7 33
24 1 34
32 8 24
4 6 20
61 3 32
2 8 6
57 7 9
60 1 7
33 2 7
26 4 26
56 7 9
20 2 3
56 8 28
33 7 33
1 8 34
55 7 1
24 8 13
12 2 4
27 7 25
42 4 27
48 3 15
41 7 22
27 6 17
36 6 9
58 4 22
17 8 6
12 3 1
37 8 9
29 5 1
10 8 24
55 7 12
56 5 21
16 3 13
32 2 14
25 2 10
12 1 16
29 5 27
62 3 13
14 4 29
17 7 15
54 6 7
62 5 30
53 1 11
26 2 10
10 1 32
7 6 12
46 1 16
47 3 8
25 6 35
9 3 28
31 7 5
45 1 37
53 3 17
3 6 37
43 6 39
10 8 32
51 6 14
48 1 28
63 3 11
41 6 6
19 8 28
31 7 37
8 6 1
53 8 4
65 1 15
12 4 14
58 3 6
8 5 38
58 5 18
4 3 25
31 1 38
51 2 12
41 8 24
46 3 12
33 5 22
5 5 11
13 5 12
63 5 18
38 8 9
2 4 40
61 4 27
40 6 21
31 3 1
35 7 34
42 1 7
59 7 22
7 8 19
60 6 39
17 1 23
61 7 16
24 4 19
9 7 18
12 4 15
19 3 35
8 1 21
17 4 21
30 7 34
53 4 16
10 8 23
56 2 17
14 6 24
27 3 30
15 7 19
53 2 29
31 8 11
9 1 20
63 8 2
44 8 29
53 1 13
1 2 1
35 3 15
21 6 35
18 1 22
18 6 17
64 5 13
50 5 19
59 1 36
37 1 16
36 4 2
25 7 2
56 4 34
12 7 16
53 3 15
57 6 13
48 7 37
6 1 10
42 4 39
29 7 26
65 8 2
57 8 39
16 1 5
27 1 6
60 8 22
25 4 6
39 7 23
7 2 33
55 3 18
14 2 14
57 7 8
26 1 12
62 2 16
59 1 3
31 8 9
15 2 8
52 8 8
37 3 3
5 8 3
65 3 30
59 1 36
54 3 31
59 8 27
50 2 7
55 7 4
39 4 29
24 3 40
35 3 18
44 3 37
62 2 34
25 5 35
11 2 10
48 8 23
35 5 24
10 4 9
15 1 22
5 2 21
22 1 26
10 8 11
51 8 16
36 8 16
24 3 6
18 6 13
49 4 39
35 8 4
3 8 38
64 1 7
43 1 32
10 6 37
56 2 25
62 1 29
53 4 4
19 6 36
24 4 31
44 7 28
40 1 3
16 1 1
42 3 11
7 1 23
65 5 4
26 1 5
12 7 12
16 1 16
39 4 14
37 6 25
33 2 4
64 1 34
40 2 14
42 1 30
40 3 19
1 1 22
36 5 5
28 6 22
34 4 39
42 7 6
35 5 31
36 7 39
58 4 20
14 4 34
22 7 25
59 7 18
61 5 29
48 1 16
62 7 16
63 3 38
17 1 32
46 8 32
40 8 4
15 2 27
56 4 4
49 6 35
45 8 10
38 5 1
19 3 37
61 3 3
27 1 15
9 7 19
4 4 7
28 6 33
37 7 5
62 6 33
53 4 18
15 8 30
2 8 16
20 5 34
37 4 27
12 2 34
54 7 20
29 4 34
35 3 30
7 7 9
33 5 31
11 7 2
45 2 24
39 8 33
44 4 6
12 6 13
63 5 18
11 6 40
38 6 26
38 4 19
57 6 33
37 5 27
27 2 40
19 4 24
8 4 34
49 8 29
12 4 36
20 3 9
29 4 10
29 5 35
50 4 1
37 4 13
14 4 18
26 2 16
38 3 6
15 4 9
63 4 36
18 8 2
23 3 32
40 7 9
29 5 22
51 2 10
62 5 29
47 8 37
4 3 24
2 2 40
27 5 28
1 2 36
21 6 24
50 2 1
55 1 20
42 8 11
45 8 19
34 4 23
16 8 14
4 2 20
19 2 18
38 3 26
64 1 16
51 1 32
23 7 20
16 5 17
58 6 35
18 8 31
37 6 7
33 7 5
10 1 3
52 3 17
42 7 21
20 7 9
7 3 21
27 1 38
35 6 30
19 8 24
15 1 33
11 3 31
17 1 32
33 7 25
48 8 3
2 5 26
62 3 29
19 6 40
49 1 33
20 1 40
14 4 18
45 5 35
53 2 8
32 2 14
55 6 40
19 6 39
16 2 19
62 4 6
55 5 4
30 4 10
9 5 14
22 2 30
2 4 2
4 2 36
29 7 40
64 3 2
9 7 11
47 3 16
11 5 12
8 8 12
31 8 11
27 1 32
14 1 37
32 7 27
14 2 37
16 4 15
26 1 31
9 2 14
56 6 21
22 2 4
35 7 4
19 3 2
63 5 30
57 1 39
45 8 14
60 3 14
13 7 24
14 1 13
61 6 5
7 2 33
25 8 38
46 5 26
1 4 22
9 2 12
28 7 19
31 5 22
30 7 25
64 3 36
64 2 24
11 6 39
54 2 13
23 5 5
15 7 35
65 5 15
53 4 23
53 2 11
15 8 27
22 8 30
58 1 35
54 5 27
20 5 30
18 5 37
21 1 17
54 5 19
8 5 21
36 8 34
11 4 7
27 2 2
19 3 10
65 7 33
58 2 15
46 4 24
10 1 12
10 1 29
21 3 27
58 5 22
48 2 13
42 6 16
4 4 16
31 3 21
21 4 29
12 1 35
57 4 21
43 5 8
52 3 30
17 8 20
61 5 1
25 8 1
1 1 38
7 4 33
62 6 23
36 2 20
59 4 11
33 5 24
32 5 4
26 7 1
53 6 30
62 7 29
13 2 7
61 5 20
1 6 15
41 8 5
30 3 5
6 1 22
43 3 39
39 3 38
32 3 7
42 7 26
51 7 24
55 6 13
1 8 27
1 2 38
57 6 6
54 3 36
15 3 32
23 2 6
26 8 26
34 5 29
54 4 34
55 1 38
54 6 30
38 2 27
36 6 24
24 6 12
63 1 20
62 6 20
13 5 17
53 4 22
38 7 12
33 3 6
42 8 3
62 4 22
59 8 15
48 5 38
23 4 13
22 3 11
35 2 23
40 6 1
6 2 37
46 2 38
18 2 18
55 6 36
5 8 5
50 2 33
63 3 7
53 8 18
52 5 24
42 1 10
38 7 4
7 3 2
30 3 27
49 6 14
62 1 38
33 1 25
3 5 12
56 3 2
10 8 34
53 2 3
14 6 27
38 7 32
12 5 7
32 5 10
47 6 32
64 7 18
65 6 24
11 4 26
51 4 9
26 6 16
43 5 2
3 5 33
39 4 30
1 5 10
1 4 13
16 7 40
34 3 20
28 6 29
2 2 35
46 1 10
33 1 33
62 3 26
61 1 2
39 4 7
25 2 4
20 7 2
26 3 23
16 2 1
36 5 27
21 5 6
19 6 28
34 7 40
63 2 19
25 2 11
38 5 39
58 6 10
44 6 9
48 2 28
5 5 18
51 8 7
56 7 3
32 6 11
25 7 24
43 4 37
28 1 7
5 6 25
24 4 22
9 8 16
51 8 18
27 1 24
10 6 2
29 6 26
47 8 33
36 5 38
52 7 21
10 1 4
43 6 37
24 2 28
55 4 7
16 4 9
41 8 34
11 7 31
30 1 18
2 8 16
55 3 13
65 4 15
17 6 25
39 2 6
54 7 22
17 5 3
3 2 34
33 1 9
12 1 37
46 8 40
16 6 25
13 6 40
17 8 21
56 1 9
2 2 37
62 7 31
24 5 31
23 5 27
3 7 33
13 6 35
50 8 34
23 6 30
20 1 27
16 2 34
9 2 31
48 7 17
54 8 25
36 8 28
10 1 24
38 6 13
28 6 34
16 7 24
53 6 16
19 7 36
42 5 20
49 5 33
50 8 22
27 2 2
40 6 32
39 7 27
45 5 31
58 6 26
47 8 4
34 5 28
32 1 3
14 2 18
64 7 31
35 4 40
7 1 29
45 2 20
6 4 2
18 8 31
54 4 16
5 2 29
47 4 5
41 6 22
60 5 24
40 5 26
18 4 35
45 3 21
34 4 13
28 2 11
15 4 24
54 8 35
10 5 20
38 6 29
63 6 20
28 5 11
52 1 24
38 3 12
15 8 16
20 3 9
57 4 37
53 8 33
17 4 4
3 8 28
5 8 24
23 5 12
47 4 5
38 7 22
35 1 33
49 4 9
53 5 14
32 4 22
65 8 12
38 5 32
63 1 20
27 8 27
11 1 37
26 4 10
4 3 13
46 2 4
1 2 7
28 8 5
62 8 7
10 1 22
36 7 22
12 4 25
14 8 27
36 4 3
42 5 6
47 4 22
15 6 37
34 7 11
5 2 23
33 2 10
47 7 26
36 3 3
34 7 9
40 4 5
50 5 9
14 5 9
38 6 28
54 7 4
34 2 6
40 6 3
44 5 24
29 3 23
26 4 3
40 4 25
5 1 33
46 6 36
7 4 7
36 5 2
29 2 18
38 8 30
63 1 38
36 8 18
31 8 38
16 3 24
28 3 39
62 7 5
32 3 19
34 7 31
18 5 11
64 6 8
7 8 24
61 7 38
56 5 30
3 8 33
15 5 13
34 8 15
25 2 8
55 1 9
37 2 9
44 4 17
7 1 3
14 1 6
6 2 1
53 2 4
57 6 39
47 6 22
5 7 24
35 7 28
32 6 3
40 2 17
9 7 7
52 8 32
12 8 23
53 3 15
40 2 18
53 5 9
12 8 5
59 5 30
6 1 24
56 2 14
65 6 23
31 3 24
11 8 35
55 3 13
13 2 30
65 4 28
61 8 33
8 7 38
36 1 40
21 4 8
19 7 3
12 2 18
17 6 25
40 1 4
12 4 19
36 5 32
5 5 14
47 7 11
27 5 17
60 1 2
61 2 5
38 3 8
62 7 3
53 8 25
46 3 17
60 3 2
49 4 8
9 6 11
25 6 2
41 4 34
23 7 20
42 1 29
62 1 6
27 7 6
64 3 16
60 7 31
6 6 33
56 2 9
36 2 31
27 4 15
15 5 28
17 8 36
38 1 9
23 2 32
58 4 37
13 7 32
46 6 35
33 8 26
63 8 39
12 7 27
55 8 13
35 7 29
32 4 3
36 5 34
56 8 27
26 1 8
46 3 25
2 3 5
58 8 2
15 1 33
19 2 7
19 3 20
64 8 23
41 6 13
52 2 25
45 1 13
6 7 2
8 7 14
2 7 33
44 2 5
11 2 1
17 4 24
53 5 39
44 8 33
57 8 40
32 4 37
42 1 40
62 3 28
37 1 9
14 1 29
47 8 38
50 6 8
41 2 19
53 1 12
33 6 26
19 8 17
27 4 28
46 5 16
32 1 40
46 8 26
28 7 4
50 2 7
49 2 16
7 2 26
28 2 12
49 5 22
43 3 14
42 7 29
37 3 15
26 8 31
17 7 15
8 4 33
23 2 11
20 4 34
55 4 28
54 8 7
15 1 7
38 7 39
60 6 2
11 2 10
25 5 39
42 7 33
40 7 32
57 5 26
55 3 24
11 7 29
55 7 16
59 6 27
53 8 25
2 8 23
58 1 21
32 2 23
55 1 16
4 7 23
46 1 35
51 4 5
14 8 9
40 5 3
55 6 3
30 1 14
53 7 28
32 8 27
40 7 3
45 8 10
45 2 15
25 6 30
6 6 1
27 2 4
30 4 19
6 6 34
63 4 2
37 1 18
23 4 24
26 6 18
30 8 27
38 8 9
53 2 31
29 7 8
19 2 19
42 3 20
63 8 31
37 1 9
55 4 33
34 8 25
29 6 8
25 6 26
1 3 17
4 7 35
17 2 8
8 4 22
50 8 31
41 3 16
49 4 24
6 3 5
33 7 10
7 6 37
33 1 31
63 2 31
43 6 22
53 5 8
40 3 4
53 6 18
13 1 29
30 3 37
23 4 16
63 5 3
4 5 39
50 1 31
56 4 13
51 3 13
18 7 38
62 8 26
59 5 10
50 8 8
18 4 3
40 2 18
27 6 40
41 1 19
25 5 39
48 6 25
47 8 29
34 5 14
6 1 39
53 2 3
10 5 12
16 3 11
25 8 22
10 4 14
65 5 14
64 6 33
36 3 31
52 5 8
42 3 33
9 2 11
62 2 26
25 8 32
18 2 22
27 6 21
3 6 5
41 2 17
23 5 8
36 7 14
55 1 6
55 7 27
32 6 15
36 7 29
14 7 3
30 8 36
13 1 12
3 7 28
47 3 10
48 2 14
57 7 31
41 4 28
12 2 38
58 2 32
19 3 28
63 7 20
13 7 6
31 5 18
25 6 16
55 8 8
26 2 36
26 5 40
22 5 1
28 7 10
22 7 20
51 3 11
41 7 20
11 2 30
61 2 19
21 6 9
60 3 12
41 8 39
55 4 17
31 6 5
18 7 19
11 7 6
7 4 24
10 6 26
63 8 12
20 1 39
39 2 35
35 5 24
25 7 26
18 5 40
49 8 21
16 6 25
51 6 19
6 8 19
18 2 1
61 8 18
36 1 34
51 1 28
25 5 28
61 5 34
32 3 8
51 7 27
20 2 34
4 4 7
23 1 20
9 3 29
23 3 31
54 5 15
64 7 12
56 5 3
23 8 40
63 5 39
41 7 21
60 8 25
31 7 40
59 2 5
35 1 36
58 8 26
65 8 22
53 5 19
50 6 11
5 1 15
51 3 37
22 4 33
49 1 12
31 2 31
26 2 20
64 2 40
51 5 35
19 8 2
37 3 31
31 4 31
25 8 24
61 4 28
10 8 38
57 1 36
60 7 18
8 6 28
46 5 20
17 4 12
28 4 26
59 5 34
28 1 10
35 1 13
15 7 21
33 8 3
