56 27 1509 8097
2434 4680 2465 3997 3644 986 2906 914 2421 2965 3104 4483 2967 3791 2330 817 3921 1034 3812 3680 3239 3428 2188 2877 949 4893 4056 
3751 805 4023 115 1266 2554 465 4835 3435 4681 2200 2484 2148 247 3514 3934 1000 2669 42 988 1884 4562 2700 1478 3965 4906 416 
459 1986 4741 271 3643 4182 2327 1145 638 2897 803 3344 3793 621 2148 839 2421 3154 3646 1237 4825 1482 4789 1002 2546 2374 2975 
4747 766 2225 3494 82 697 2783 2086 3989 3443 1015 919 840 145 346 4116 1544 419 1594 3902 4640 3843 1905 2248 4479 1070 3850 
2924 1794 4247 3011 3056 2126 644 3128 2831 2618 645 4503 693 1860 2028 1017 1082 3173 588 94 2174 282 1013 2102 2131 1401 2473 
736 4311 3714 3735 1855 962 4187 1635 1099 495 2370 4124 1423 2345 1402 4713 479 3633 4731 2306 3028 1468 1794 4024 605 4187 4671 
4021 4584 4771 1463 2054 2039 3975 90 1163 3592 4383 1806 1049 2460 3016 1761 3351 1989 2139 4037 1262 1392 4156 1692 593 4833 3937 
1612 3684 2419 3386 3864 2894 2076 4445 3011 4493 285 3638 895 120 2241 2975 865 3960 281 2840 1935 228 1905 4397 720 4812 965 
1339 2703 1419 1469 4243 3386 765 4768 1550 513 4870 2548 2526 2701 1236 4675 3270 1551 4452 1925 3782 2926 2317 4199 4266 3206 3753 
3145 1306 2432 1484 1670 2248 4052 4145 4346 3539 4251 2843 3416 454 2253 1978 558 130 2615 163 4209 733 3132 4778 704 1576 3584 
4534 2000 3490 4011 4095 1995 3411 1949 3450 2463 833 4035 623 2801 1513 4365 3916 4431 4345 4621 2073 4034 128 3736 4713 2591 3143 
1709 3698 4187 4451 2174 3886 953 3932 1594 1786 4204 595 4686 1726 2446 2146 263 3464 374 544 75 4869 4874 4036 4587 2292 3484 
585 653 4030 444 249 3416 3035 1170 1843 2909 2042 1765 3406 3695 3837 2147 2672 1964 3479 854 3683 2895 2042 3309 1287 2821 870 
4112 1436 621 2935 1227 4126 1989 3536 3264 2736 1546 2096 4201 2377 2534 4418 3154 2103 2282 1487 2227 2825 4296 1959 3162 2452 88 
3018 480 4383 452 4276 1669 996 3777 2971 2651 4026 3051 2827 1191 3358 3869 2061 3169 4340 3715 2053 2761 2001 2398 3070 4487 1049 
2403 1564 3923 3265 3083 3494 3343 3586 3077 185 1184 2380 1006 1672 3796 922 3811 4197 3907 2990 2374 1794 3415 1673 245 3717 4172 
2602 3238 4409 3064 4335 2958 20 230 3757 4309 4583 3811 4629 1932 1196 907 4170 2994 1468 4660 1157 3608 2785 3260 3612 3038 4683 
1375 993 2678 637 682 2798 45 4536 2552 3566 1849 1196 1498 226 416 1714 1957 1201 2979 501 116 3886 124 2228 4133 1638 1976 
2445 811 2509 2920 2204 640 641 1490 1048 4363 3949 1938 3036 1300 648 2767 4634 1278 4506 1827 653 639 1160 2929 4601 1859 4136 
2961 1669 1052 433 694 3447 2309 2409 2780 2804 4747 348 61 2279 2878 4403 1957 3515 433 2563 2725 1211 4190 3253 4323 461 1352 
63 785 3550 2219 387 669 1888 1390 3680 2168 1199 3587 3228 1321 3222 1394 2337 4787 3248 804 126 2247 3598 4292 1941 3298 4325 
186 1767 1046 2161 1303 26 816 1215 408 4272 3943 2414 2153 4329 4131 889 2186 4859 457 218 1773 3839 1712 3497 3391 1266 1245 
843 2512 2967 3485 3903 3733 435 633 3942 1513 408 2055 2674 281 4403 974 4297 1025 1305 474 3966 404 1374 2010 3542 2740 641 
2984 3443 1539 942 1718 4789 2311 4406 3603 36 1128 1794 2469 2488 1445 4416 3717 2829 3283 1929 2837 708 2313 300 2894 731 4667 
953 725 1122 4102 1656 1447 957 2100 4050 401 1224 3209 3453 602 3539 1927 4131 2569 422 4653 2443 2047 746 2610 3204 1900 3075 
4539 1086 76 3359 1630 2939 3013 3873 2629 619 4842 3866 615 3404 3380 980 2381 816 4202 3439 3414 1194 684 287 1158 721 3093 
521 3105 3891 64 4738 3944 753 1393 1753 4099 622 2823 3538 1995 2907 2647 4486 4258 1194 3488 1751 1216 2112 361 4279 378 2737 
3734 4642 51 2210 2401 3575 3174 3681 3925 4631 4119 3078 3436 3908 176 4839 2833 350 4340 4588 2732 4370 2124 2274 3029 136 3322 
895 4167 957 1029 2389 1058 2691 4519 3402 237 2167 2427 2646 1559 2788 2366 4608 1867 4014 1638 208 2568 2522 3059 2086 645 1091 
432 3777 3430 14 3940 2114 1248 3785 35 646 4604 2232 2795 2154 3334 3533 744 3709 4237 1978 1777 1582 4494 776 431 582 2446 
2456 1317 3084 4021 744 148 644 1015 2532 191 2681 3120 1074 1776 4588 2126 4033 4435 1851 3362 1358 3471 1646 1161 757 43 2965 
1477 2264 4794 2828 4142 3184 2387 4338 4316 2274 348 2190 3603 2226 2546 2679 843 1343 737 4321 4721 1932 4321 2086 727 2362 3331 
2709 3626 2452 3989 614 453 2579 3108 635 2387 1932 1215 128 3666 2631 2791 892 4237 3966 3419 3088 3220 3255 2312 4547 2481 3761 
1782 365 192 218 2771 1376 2206 871 1226 4370 4092 3860 2468 4440 2482 4304 1705 1724 3772 3146 3028 1196 228 1928 892 4736 2706 
1076 747 3455 4678 4501 1353 4849 2821 4593 3227 2422 3569 1526 1640 4868 3572 298 4782 3787 4744 498 938 4187 905 2438 2327 556 
3634 3880 4054 3577 1353 1159 2394 2238 2766 4752 45 4204 4054 2815 515 120 4814 4901 1694 1281 2683 2586 3693 4406 4873 1543 4006 
3387 1746 342 1232 1096 3958 2811 377 1894 3673 457 1199 1138 3216 1038 348 2387 2802 1163 1050 2766 3328 724 3863 881 3956 4794 
2329 2816 448 3263 879 4447 1243 3060 4138 2895 672 3668 2703 1121 927 555 4414 1612 2766 1829 4858 758 1968 3683 84 4524 2981 
2679 2991 232 913 1462 2876 1361 3540 464 3293 2017 891 142 599 3399 2669 2330 4375 804 743 3330 733 4824 4108 695 2329 1007 
394 2028 379 2606 1933 1038 3276 1901 948 1026 2272 4857 662 2345 4463 971 3747 1489 1755 2956 4437 100 4170 3668 4056 2937 3147 
1566 3393 4577 3947 4418 735 829 2692 965 1273 4713 2172 3000 426 1264 3838 3779 2134 142 3721 4021 861 2080 4486 1782 2655 4722 
3080 2326 2871 3520 4839 2596 3457 4492 2432 2546 3852 180 2398 521 180 1244 28 4551 216 267 716 2762 4475 4585 2984 570 3036 
1829 895 3040 4224 3230 2298 1506 3756 3843 4884 1610 3784 1356 968 3433 4434 3858 2028 412 2111 1301 1139 2471 2839 3738 4653 1334 
3025 1288 4436 879 311 2163 3709 2459 1212 4615 2444 2297 3555 2754 896 3131 1481 3636 4147 235 2547 4262 537 466 2615 1117 1335 
4295 1049 4116 2491 370 886 462 4549 2866 1071 3820 4310 3665 930 418 4008 2334 633 967 2478 2630 3286 1721 351 4783 1705 2882 
3395 4898 2866 48 1284 3005 1933 118 2093 4871 4394 4554 4016 4222 3780 986 587 445 3333 50 4120 2092 2433 4074 1815 2166 4503 
2331 4151 3967 3263 2585 4508 2739 4829 4648 1426 1104 3243 2817 1092 3471 205 1609 4218 1060 4244 1142 1518 4335 4144 3640 4344 2621 
4875 2276 4281 2756 3450 435 1936 642 2044 1137 3654 3380 2746 4583 3030 1600 343 3737 963 3068 2221 3958 12 2486 4087 2048 3576 
4826 4100 597 100 4492 2365 349 1476 2865 2448 1402 1659 1863 2782 641 653 4748 349 3656 678 222 4193 2974 2721 975 1732 4831 
3144 2294 871 4240 2652 4305 4734 3709 707 3077 3941 4724 4286 3026 220 281 518 3442 3494 3503 560 1905 4792 3072 469 3360 1748 
4246 3845 2403 2079 4794 3188 887 3919 267 2316 316 469 1163 1656 4651 1633 1998 3671 1881 227 1500 2856 234 4578 4722 479 1774 
2223 609 258 3130 886 1365 1327 4869 656 215 3211 3920 2382 4336 3693 3345 1345 2886 2202 4516 3755 2371 1271 3250 622 587 86 
2542 4434 111 2106 4782 3162 836 506 2661 3063 232 840 3421 1521 2349 2761 2578 3120 4797 1469 1931 3066 4817 4585 658 823 1002 
2046 4824 131 1427 843 4751 1208 632 998 2439 919 2035 1668 3413 1688 2861 2645 1995 4743 3753 1680 4064 1212 1143 718 2506 2381 
3399 4675 3721 1292 4296 3233 2782 258 433 3561 4188 669 3867 1562 638 4726 3964 2797 3513 1328 2427 3405 1496 1872 4721 245 4524 
687 3041 659 1851 3875 1500 3442 4108 4822 3516 4136 2530 3820 1347 4574 1606 800 1007 3874 72 607 2138 1379 2224 3836 4036 4139 
42 11 15
6 13 18
13 22 40
39 5 1
45 7 29
27 7 40
21 13 24
24 24 13
27 9 24
47 4 5
29 24 19
5 9 34
35 9 25
42 23 23
7 5 14
4 19 13
14 23 9
46 13 38
49 2 24
18 4 2
46 2 11
48 16 17
34 6 8
1 8 32
19 22 18
5 7 29
52 23 36
34 17 11
20 3 17
40 20 23
4 17 3
46 8 30
33 12 20
52 1 36
28 21 23
49 1 19
53 10 13
40 19 31
38 23 6
42 18 38
5 11 13
30 17 13
43 13 32
37 16 30
51 5 18
39 13 5
47 16 37
51 15 22
53 12 24
21 18 7
37 17 4
16 22 35
6 9 13
48 14 20
45 18 22
29 9 22
37 6 33
9 9 40
17 16 2
36 13 4
28 9 24
5 18 7
7 12 30
31 14 21
34 4 13
20 14 1
9 23 11
9 11 3
21 3 11
38 15 16
15 16 12
39 14 30
42 9 17
34 14 8
16 6 28
34 1 19
8 10 14
43 15 28
17 4 15
25 3 36
40 14 14
14 11 2
32 17 7
32 23 1
1 7 27
40 3 11
14 11 32
34 22 12
29 20 17
32 7 23
3 25 18
49 4 3
52 10 28
9 23 8
33 25 14
1 17 20
8 2 26
39 6 21
33 25 29
42 23 28
29 8 10
46 7 8
27 25 20
29 12 16
47 16 31
52 20 23
43 21 3
34 5 30
28 20 29
11 9 9
54 4 8
13 24 14
9 17 20
6 23 26
24 15 11
17 10 5
23 22 9
12 24 10
43 21 33
11 17 35
44 14 10
11 1 10
9 3 36
37 11 22
22 2 19
16 24 20
10 11 36
45 22 5
14 4 31
27 21 6
8 8 6
25 24 14
11 4 25
52 8 32
9 4 39
22 9 39
26 17 20
48 19 29
52 16 5
9 21 2
47 9 13
30 1 3
50 4 37
46 18 15
2 21 21
43 22 37
47 19 26
53 20 37
39 24 29
37 13 21
9 6 7
44 15 26
46 21 13
16 16 27
4 5 24
23 5 27
31 5 34
28 7 1
3 2 19
43 12 21
50 23 36
21 7 2
5 10 5
52 2 1
10 19 39
29 9 25
35 2 35
45 17 11
11 23 34
6 13 32
40 3 2
41 19 26
37 16 3
17 2 9
2 15 19
2 8 13
6 23 19
6 2 29
49 15 22
23 6 2
10 25 33
14 24 37
41 13 2
43 25 33
30 15 1
12 2 5
40 11 32
24 22 4
46 8 11
30 5 25
7 21 15
37 13 21
20 11 28
33 4 24
2 15 8
34 14 7
22 18 37
37 10 16
21 19 34
12 19 26
32 14 38
44 23 13
5 16 11
31 7 28
29 25 5
17 19 26
4 25 2
3 7 31
54 19 3
49 22 6
4 7 27
14 9 38
35 17 21
15 17 8
43 24 8
20 19 26
36 13 22
12 3 33
42 11 21
8 14 22
18 22 16
3 5 5
25 21 19
14 1 29
37 9 6
33 14 13
23 8 5
23 25 8
8 1 1
6 5 10
38 19 27
41 6 38
13 7 2
14 21 1
41 4 35
6 22 21
31 14 7
34 1 6
32 3 7
28 18 20
27 25 14
11 10 9
27 2 35
21 4 38
23 6 32
47 20 21
33 10 18
11 7 4
21 9 32
23 24 11
7 17 20
23 8 37
51 17 7
4 7 30
52 11 37
33 10 2
41 2 27
51 4 8
25 11 3
10 20 13
28 10 5
21 4 26
34 25 13
29 20 29
47 11 38
19 10 35
28 14 4
14 1 18
23 4 4
37 14 11
15 19 37
6 4 15
5 23 9
45 11 31
22 19 40
48 25 35
24 8 19
53 5 12
19 15 6
7 19 28
6 21 16
14 9 39
38 7 19
13 12 24
4 7 35
41 13 26
12 11 5
36 25 9
18 8 21
18 15 6
5 19 8
53 21 26
19 13 32
30 7 38
18 19 1
49 2 29
45 9 26
36 17 16
25 24 11
33 5 18
17 10 30
33 1 19
26 6 17
52 1 31
34 17 26
4 9 19
45 12 10
4 9 26
38 3 14
23 12 10
39 20 3
9 21 23
30 13 38
53 19 15
26 2 26
34 14 31
4 4 26
20 8 29
41 11 29
2 1 34
20 23 13
9 2 28
19 25 20
50 17 15
11 20 10
47 6 39
22 21 36
5 24 25
42 22 12
30 17 10
39 12 38
48 10 19
17 12 1
47 19 23
52 22 31
53 24 1
21 14 26
41 11 10
28 11 17
44 4 11
46 14 28
22 13 22
12 20 23
40 10 38
2 24 27
25 24 40
39 22 20
41 4 17
23 13 8
26 9 29
22 14 6
4 21 17
43 19 38
2 3 4
1 19 33
4 18 21
31 10 5
45 6 38
42 5 22
2 20 40
31 6 13
38 11 36
18 2 12
43 14 28
3 16 8
2 8 25
4 23 36
26 18 9
17 16 1
25 25 36
8 14 29
8 24 38
6 24 29
4 20 18
20 23 32
7 14 23
1 9 4
16 21 35
28 2 31
20 5 5
45 22 32
26 25 24
1 13 8
8 1 36
11 6 28
33 20 17
18 25 9
36 22 29
25 5 39
28 11 24
28 16 4
33 10 21
28 2 35
39 10 36
21 19 25
2 17 10
25 7 19
50 23 25
48 12 37
15 1 11
27 22 35
2 16 39
45 11 29
6 25 25
26 19 25
27 18 1
24 10 16
16 7 26
52 24 6
8 9 12
27 9 26
21 8 20
39 15 13
14 5 2
19 14 40
10 10 11
6 13 23
47 25 7
9 13 19
29 7 5
10 11 26
3 2 23
15 20 16
46 21 19
39 23 21
9 5 40
19 22 17
28 17 40
48 5 34
2 10 38
47 24 30
35 3 10
52 1 30
22 16 33
41 16 16
44 13 26
6 14 25
46 5 7
13 3 12
45 13 40
20 10 19
14 24 26
52 21 13
48 21 20
54 20 36
11 6 16
14 5 4
29 15 18
14 15 37
21 23 39
14 25 39
48 8 38
21 7 4
26 18 4
30 12 20
36 15 19
48 16 4
37 9 32
45 1 12
52 21 32
28 25 10
52 25 25
33 12 28
53 23 30
33 5 30
25 17 4
8 3 29
41 18 28
51 15 16
42 16 37
12 11 32
8 10 11
4 13 38
15 22 27
53 3 30
10 13 16
52 8 20
23 24 27
4 17 36
52 9 20
16 1 12
1 3 23
49 20 27
12 3 37
17 19 16
38 21 36
32 1 12
37 5 18
9 8 39
25 16 19
17 18 19
34 13 30
46 25 27
23 2 9
49 24 27
16 1 34
28 8 6
24 24 8
28 21 11
26 9 38
35 25 29
4 21 39
47 5 38
5 6 27
45 4 20
19 5 33
2 5 23
11 23 24
31 9 37
13 5 36
20 2 15
53 22 1
33 12 22
40 11 1
35 17 19
29 19 3
18 22 39
48 9 12
15 8 26
18 18 32
21 9 14
52 9 36
24 15 16
18 21 37
34 2 39
16 5 26
1 22 15
11 17 5
21 6 40
21 1 10
2 1 7
18 4 24
40 21 13
31 18 15
16 10 5
30 17 29
9 15 4
26 17 38
41 22 20
12 19 1
45 21 37
48 16 28
41 8 33
22 13 34
23 25 6
43 13 13
27 25 32
43 9 35
38 7 7
47 21 24
23 12 17
12 21 39
24 20 4
44 1 40
19 1 24
40 22 8
46 23 21
50 12 20
14 22 34
8 2 34
20 21 5
47 23 8
17 5 13
31 3 20
1 3 4
21 14 24
7 12 36
29 12 18
16 20 5
54 1 13
50 2 25
38 22 23
34 9 33
28 11 9
9 21 8
7 15 35
13 1 38
7 3 38
8 23 15
35 24 23
37 17 39
3 16 33
12 8 3
45 2 4
2 23 21
2 7 5
13 14 30
48 1 17
12 16 18
42 1 16
40 25 11
43 17 23
52 6 21
3 25 7
17 13 31
39 6 5
12 1 15
11 3 37
29 12 1
22 5 26
34 7 36
25 15 28
38 24 15
23 22 33
32 10 3
20 16 2
11 4 17
13 14 11
25 5 33
51 5 2
33 8 10
21 24 27
39 22 1
22 11 21
52 21 15
14 3 3
33 25 24
25 2 40
22 21 8
51 17 29
36 9 31
16 24 32
26 24 37
37 6 40
19 18 23
49 19 5
29 23 18
8 8 31
49 15 28
4 18 30
38 1 38
16 11 20
9 23 18
38 2 31
12 14 14
51 19 7
21 13 11
18 15 27
45 19 1
13 10 38
8 18 39
32 1 23
2 4 8
9 12 33
1 24 38
40 25 39
3 23 10
22 17 26
27 13 16
27 1 32
13 23 17
12 22 11
8 8 7
51 6 35
35 17 23
11 18 36
47 10 2
40 12 23
29 15 4
47 7 38
34 7 24
11 14 21
18 20 10
53 23 21
23 9 22
6 10 38
16 12 26
11 2 40
6 3 11
32 15 2
16 12 2
36 6 5
18 25 6
41 7 31
41 4 10
22 7 35
17 18 32
14 3 21
14 10 7
19 7 40
20 11 31
53 3 13
39 15 40
26 16 40
48 25 26
33 4 31
6 3 36
38 10 16
41 12 35
52 2 38
29 16 17
37 14 5
17 7 34
13 10 28
30 1 24
39 8 20
23 6 2
14 6 5
23 3 15
20 19 5
6 7 33
34 18 16
18 18 12
46 9 12
11 5 12
43 21 38
35 13 16
31 22 7
50 7 33
18 25 12
5 6 20
49 15 19
50 19 9
21 13 26
54 2 28
23 4 35
29 19 31
12 18 4
15 9 15
3 17 27
8 16 20
1 8 29
25 7 23
26 18 29
52 19 28
32 8 1
3 14 30
34 23 40
2 4 18
38 11 40
7 18 12
8 6 29
45 18 4
25 5 13
27 8 27
1 3 17
48 10 19
22 17 20
38 5 34
7 15 7
53 2 20
32 12 3
39 2 11
31 21 17
46 9 5
19 21 36
15 21 36
28 13 9
50 11 34
28 18 20
5 1 8
8 15 21
15 18 14
42 12 7
5 17 34
43 8 8
28 7 28
5 2 4
20 21 38
4 20 35
29 8 23
2 17 15
21 2 40
53 13 6
7 12 27
7 21 5
52 12 30
30 13 10
9 21 36
24 18 40
47 2 8
37 10 10
2 4 34
6 4 18
41 1 3
31 13 26
52 4 4
14 12 13
1 20 5
50 14 13
43 13 23
12 14 34
20 15 27
53 25 24
6 13 20
50 22 8
27 23 21
39 8 21
2 18 17
54 6 4
31 9 21
28 2 3
23 4 31
12 20 39
24 4 1
45 16 15
38 4 34
20 12 15
17 20 35
32 19 2
43 11 12
7 10 38
4 17 1
29 11 27
41 7 33
2 2 5
34 17 17
14 7 27
39 9 29
16 10 21
14 23 40
47 21 14
52 3 34
20 17 7
16 13 24
40 18 22
50 24 30
41 24 18
46 4 6
49 6 37
5 9 28
3 22 30
2 7 27
19 13 37
26 7 4
9 18 12
44 9 13
3 16 13
43 3 37
35 6 32
44 24 4
40 5 22
36 14 22
18 4 11
33 1 28
17 7 3
1 23 9
20 3 30
1 6 2
39 5 23
43 2 18
28 19 6
16 15 15
5 5 21
33 17 36
48 25 15
15 25 9
16 3 26
25 16 32
12 8 27
11 6 39
52 23 33
22 1 40
52 15 30
37 7 28
17 10 11
2 19 36
27 6 29
29 17 7
27 6 30
9 10 2
18 12 15
40 4 33
12 11 1
32 2 22
19 8 16
38 16 19
53 3 39
9 25 24
51 13 27
31 4 29
36 6 37
6 4 30
24 9 23
29 18 24
35 4 14
50 19 21
26 24 30
50 15 6
43 21 21
3 6 29
6 12 14
46 6 22
54 13 39
44 22 1
3 10 6
9 21 4
47 13 9
35 13 26
38 19 5
37 6 40
52 8 8
21 2 5
14 8 20
8 8 7
9 16 28
6 14 11
36 2 24
15 24 30
1 8 18
27 7 23
41 11 4
51 22 10
27 22 1
52 7 22
33 23 38
37 21 12
53 23 18
47 18 29
38 9 5
24 14 26
37 21 11
11 16 31
33 9 22
38 17 32
27 15 37
18 25 27
9 7 7
33 9 17
52 14 36
42 2 37
22 5 16
11 1 30
41 5 11
8 2 38
16 8 34
39 3 8
7 10 23
33 23 8
5 3 12
7 25 26
48 7 19
9 12 13
29 7 22
50 20 24
40 5 17
29 6 36
32 18 26
7 12 4
3 13 12
22 8 20
20 20 34
4 20 9
46 17 25
18 23 10
4 7 2
54 11 1
19 14 31
36 12 5
42 17 13
24 24 39
4 17 26
49 13 29
51 10 16
42 3 13
40 14 5
9 20 30
27 12 38
53 10 32
49 9 4
40 25 33
12 20 38
11 1 36
42 8 40
3 5 13
23 16 20
3 13 15
32 22 21
27 18 37
10 13 26
27 24 35
4 1 17
36 25 39
1 2 17
50 23 14
54 25 26
36 20 36
51 8 29
13 14 23
13 10 1
42 22 8
29 13 20
25 11 37
19 8 12
48 14 1
10 15 9
14 19 15
17 8 9
54 10 35
13 8 17
37 25 11
31 13 21
53 21 26
53 10 39
7 24 31
29 5 25
9 19 19
9 24 8
15 10 26
44 21 29
53 19 37
46 19 18
37 5 1
3 5 30
38 17 27
51 7 9
5 11 19
24 6 15
36 7 7
7 15 5
24 18 11
12 10 34
46 15 4
43 4 24
13 4 26
12 6 30
25 7 25
32 7 21
3 1 10
50 22 16
18 25 27
36 8 12
27 16 34
45 15 9
30 18 7
32 24 1
7 8 20
44 13 18
7 11 8
13 4 36
50 8 32
48 21 20
41 6 35
21 22 2
46 21 7
54 11 11
13 17 6
8 15 12
43 13 16
49 19 36
20 17 9
24 4 13
29 9 24
26 16 20
20 21 9
32 24 14
37 16 13
2 25 38
2 16 3
30 1 9
54 15 11
36 15 39
24 14 32
27 17 22
51 2 28
29 16 16
29 20 11
34 15 17
4 3 30
37 11 2
53 20 6
29 22 11
53 16 32
18 13 38
38 24 2
50 2 12
50 21 38
6 20 35
41 3 29
40 17 29
6 16 29
43 1 31
13 12 25
17 20 5
7 19 28
30 2 40
34 13 11
44 19 7
51 5 34
6 7 34
47 12 3
52 2 21
15 19 9
12 14 19
49 11 24
51 6 38
28 14 3
28 23 39
13 23 36
24 10 40
40 18 21
10 1 36
7 10 31
2 9 37
28 10 26
17 12 20
25 9 37
4 2 20
11 22 10
15 9 21
51 8 26
33 9 1
34 20 27
33 4 13
5 25 32
48 8 14
21 20 35
30 11 5
18 16 31
32 18 27
29 16 31
52 24 34
13 18 39
54 15 39
37 17 6
50 15 7
33 19 32
51 17 7
10 16 27
31 3 30
46 13 32
42 22 39
27 18 6
21 5 34
41 22 19
50 8 17
28 1 4
30 20 36
20 6 16
19 13 2
10 13 20
49 24 26
7 11 18
9 5 34
30 18 2
31 17 26
21 24 17
14 3 19
15 7 12
42 3 21
24 21 23
51 16 39
31 14 33
43 3 13
3 20 23
12 14 36
15 24 10
12 9 10
46 14 22
36 22 5
52 23 11
46 15 32
13 24 29
36 9 11
3 13 25
31 12 1
14 21 32
44 11 18
41 23 27
22 19 17
35 22 10
52 1 28
43 5 12
50 20 29
14 17 15
25 20 40
54 13 26
34 14 22
41 7 8
50 19 19
1 5 39
31 7 11
26 5 32
41 4 22
30 15 13
12 5 23
41 13 8
50 22 8
51 14 11
19 24 38
51 17 19
11 16 20
51 10 30
20 5 9
8 4 32
28 5 1
29 21 7
36 20 32
1 14 1
20 12 3
4 12 32
15 20 14
48 12 25
34 6 26
40 18 12
3 19 6
50 8 15
33 25 22
27 10 26
30 12 33
36 10 30
32 25 40
42 25 33
23 5 18
42 6 1
48 12 11
6 8 8
17 21 33
12 22 37
34 12 6
32 15 34
8 17 8
47 9 13
29 16 26
19 20 3
43 1 37
32 2 2
32 7 9
48 13 3
53 8 8
29 12 33
53 11 20
49 10 14
10 16 29
36 16 9
48 9 13
8 23 16
18 20 20
39 9 3
18 10 15
48 21 19
24 5 33
27 13 38
9 24 28
33 18 7
12 5 6
12 10 23
30 2 27
5 18 36
40 14 26
10 5 10
52 24 26
16 20 16
15 22 9
12 11 20
45 17 26
3 11 36
30 15 36
19 3 11
28 4 31
20 17 27
10 3 19
31 6 14
50 5 39
51 5 11
34 21 10
27 5 8
27 15 39
24 15 39
46 7 30
45 5 7
43 5 35
13 23 33
20 15 11
41 9 15
1 17 34
38 3 19
50 9 28
8 8 10
6 2 18
1 17 38
21 20 20
43 21 29
38 11 25
47 25 39
30 8 26
27 22 2
46 24 27
12 25 1
5 8 24
1 25 9
16 20 31
22 1 29
26 8 34
43 22 21
30 3 34
8 22 29
39 10 26
4 9 33
5 9 33
27 12 26
45 3 39
48 16 37
42 10 34
13 18 38
15 12 9
30 25 1
27 20 6
42 10 10
19 16 1
25 23 7
44 10 11
34 4 13
53 9 25
20 18 6
6 10 28
34 22 28
36 15 32
26 3 38
35 23 21
9 19 18
23 23 21
52 17 37
15 4 37
38 16 40
4 5 26
27 1 18
47 5 3
54 2 1
33 19 39
34 23 39
9 3 17
3 25 3
49 20 11
2 1 3
52 21 31
39 9 3
13 22 17
23 1 12
36 11 40
44 12 6
16 13 16
6 5 36
7 15 30
42 24 18
8 23 6
27 7 30
26 2 7
18 2 3
1 20 1
2 3 20
36 3 18
35 3 18
54 16 11
45 20 9
39 17 13
27 11 1
49 2 24
33 25 11
18 4 32
51 4 18
54 1 19
37 2 6
16 1 4
16 16 4
30 16 33
18 25 36
27 25 10
20 24 16
42 15 33
13 24 11
15 14 29
54 14 23
43 14 15
35 18 37
2 13 30
24 11 9
36 22 16
18 19 33
54 1 5
33 11 33
50 19 27
54 12 38
45 10 13
10 4 2
35 3 24
4 21 30
15 4 16
13 18 5
30 15 15
5 8 7
47 1 9
10 23 25
2 10 19
51 1 25
28 12 32
43 24 3
52 15 13
14 24 19
54 19 30
52 22 35
35 25 14
29 21 6
8 10 8
50 16 9
44 5 40
11 4 6
39 12 37
13 23 15
48 10 21
10 17 19
40 23 36
14 16 37
50 22 39
26 18 26
7 7 36
39 21 23
53 22 35
49 12 39
52 22 10
17 4 35
30 10 19
16 3 23
11 21 34
31 2 29
27 22 26
26 6 34
4 1 7
34 21 25
2 21 23
33 3 12
25 8 19
24 11 29
39 23 39
52 6 39
29 25 32
5 21 3
1 3 9
34 25 37
28 21 17
48 17 2
30 19 15
17 11 28
4 8 31
12 18 31
30 25 11
15 23 1
12 21 17
36 20 26
49 23 29
19 23 21
13 22 3
9 15 19
38 21 9
49 13 30
18 20 31
52 13 25
4 5 21
14 14 5
17 13 35
42 17 13
32 5 16
32 22 8
41 17 26
34 18 32
8 3 39
2 7 26
51 13 18
27 7 23
46 15 24
49 16 5
3 8 40
9 25 26
39 25 20
51 9 24
9 7 36
23 13 30
7 24 25
32 15 8
29 11 18
51 4 13
24 20 39
36 20 36
25 13 34
36 23 30
51 24 7
46 8 20
19 6 18
31 14 12
1 1 5
35 2 24
51 15 2
41 9 1
53 5 30
10 6 10
10 4 38
50 13 16
43 14 19
8 4 7
10 4 1
39 17 3
49 3 11
41 18 21
37 3 8
54 17 39
3 14 28
37 23 1
46 20 16
10 13 37
52 11 21
54 22 23
25 25 40
25 2 19
41 11 31
52 5 9
21 12 18
34 24 40
9 24 22
35 22 9
26 10 18
44 3 26
2 12 40
30 18 10
22 3 8
27 22 1
45 24 6
34 12 8
16 5 11
22 19 15
51 9 11
44 17 4
28 18 38
1 5 22
26 9 3
34 17 18
4 23 39
40 12 20
17 15 14
52 2 15
35 11 36
33 21 3
38 14 36
38 18 37
40 10 31
41 16 17
26 20 1
2 24 16
11 17 33
33 2 22
29 14 10
49 9 8
20 25 29
11 25 16
19 19 18
24 13 22
36 12 11
28 16 37
2 19 10
24 6 2
54 7 23
5 25 12
12 18 33
11 4 11
15 10 1
45 7 18
22 10 5
41 11 27
13 6 15
47 6 39
3 2 20
51 5 21
6 13 8
24 15 38
3 25 12
53 18 16
16 6 34
52 4 38
13 11 4
31 24 18
29 19 19
6 16 3
47 24 27
9 3 40
34 9 38
36 10 13
7 2 40
50 20 38
1 6 33
15 22 9
1 11 27
18 17 34
51 14 8
28 10 5
41 5 22
44 17 34
29 16 26
26 22 38
12 24 13
36 18 24
30 4 23
47 17 13
37 15 33
29 20 9
22 9 4
3 7 31
34 24 22
48 21 8
9 18 17
53 13 12
28 8 25
24 7 8
52 14 9
42 20 24
21 17 13
43 9 16
33 13 8
51 12 29
1 25 4
15 23 36
23 3 30
46 8 30
20 13 13
36 3 31
7 2 11
27 15 34
33 5 17
30 11 18
11 10 2
6 24 17
19 9 21
39 1 22
19 4 10
12 7 27
32 25 3
38 22 26
7 19 28
36 20 36
5 25 17
11 13 5
41 20 38
44 23 29
34 25 31
19 21 1
26 2 7
2 19 19
38 4 5
23 4 8
23 21 30
21 19 6
5 18 5
30 21 37
46 23 37
41 1 29
24 24 24
54 13 20
38 22 18
10 3 23
24 22 26
49 7 31
9 16 1
49 7 40
45 3 21
8 12 20
23 5 38
47 8 29
43 13 24
2 10 4
17 21 30
50 4 38
31 9 24
39 4 22
12 18 22
17 23 2
6 3 25
39 24 40
29 10 39
50 2 28
52 25 14
21 12 30
17 19 17
50 22 15
51 22 25
32 15 8
4 8 17
11 17 28
29 24 3
51 20 27
5 19 33
21 23 33
28 23 33
27 20 6
48 2 30
27 7 27
3 10 25
5 9 37
53 1 38
41 7 16
28 4 7
32 20 8
47 25 15
34 6 40
16 13 40
37 16 26
19 14 15
7 10 25
10 22 33
44 19 13
4 6 14
8 5 17
19 23 31
27 22 8
4 16 30
14 15 23
54 12 29
35 6 2
24 4 26
19 20 5
4 2 16
16 19 35
19 22 9
5 7 2
41 1 4
46 8 28
9 24 35
41 10 12
49 7 11
4 10 36
48 2 13
41 13 21
19 6 9
49 8 2
2 9 39
41 19 1
27 17 12
23 4 37
21 9 28
43 6 18
34 25 19
7 22 33
50 10 30
22 9 37
42 20 33
8 19 18
49 5 33
23 4 36
12 2 36
48 19 39
17 13 1
3 16 29
8 13 16
14 21 25
41 4 22
13 21 17
15 9 35
17 8 19
5 15 36
33 10 8
5 12 3
34 24 25
54 25 4
39 4 5
18 6 3
17 20 32
14 2 16
41 17 31
33 1 25
28 11 28
19 3 33
11 22 24
43 24 14
51 15 34
27 15 16
54 15 18
47 21 10
27 20 2
25 24 2
24 14 39
50 8 40
25 16 33
15 21 29
38 24 28
16 22 21
9 17 27
37 2 24
45 20 34
2 4 16
19 5 38
15 12 35
23 8 31
38 5 36
12 15 36
43 1 34
45 5 23
29 20 24
30 10 21
14 5 18
54 14 24
29 20 24
41 3 14
26 10 19
13 7 35
51 5 13
18 1 18
31 17 22
33 7 29
9 9 36
4 16 24
6 24 15
18 14 7
47 12 14
34 4 4
53 11 31
20 4 19
28 24 16
14 5 27
36 21 39
9 17 10
38 24 1
5 1 31
26 8 4
13 5 16
3 10 16
20 21 4
23 8 19
16 21 16
43 2 40
28 8 9
19 22 16
32 14 36
24 19 24
45 5 9
51 20 18
41 3 29
43 21 37
5 21 25
28 22 38
24 15 17
28 9 36
29 20 2
27 19 25
21 14 21
36 14 13
12 14 33
2 24 11
11 22 19
31 18 31
45 19 36
41 14 11
23 25 4
51 20 10
52 20 29
14 19 17
37 13 27
43 5 25
7 10 13
39 9 8
5 6 37
36 12 40
22 15 4
53 7 5
20 9 18
30 1 9
50 2 12
47 3 13
39 8 14
13 17 14
17 17 40
32 9 22
24 9 37
51 17 31
37 22 28
16 17 10
33 21 18
22 10 4
17 19 12
11 10 3
3 9 11
26 23 22
25 19 17
10 24 25
24 11 8
42 18 19
43 19 40
54 19 20
43 12 35
11 12 3
33 5 31
37 4 35
8 6 17
38 5 5
48 10 2
30 13 4
11 10 11
19 1 5
40 14 33
26 11 24
33 16 6
31 5 24
49 13 28
34 5 24
1 4 19
22 6 9
40 22 2
15 8 3
24 5 10
26 5 20
8 2 12
45 7 18
22 17 3
15 12 13
40 9 15
6 2 11
41 2 29
13 11 27
2 25 26
12 25 15
13 24 22
44 21 32
3 5 14
11 4 16
37 17 23
51 14 15
44 13 26
32 3 37
25 15 22
52 18 37
37 9 10
37 12 4
5 15 15
34 23 36
24 17 15
50 9 30
42 20 20
10 17 32
51 3 7
32 9 25
41 13 10
40 6 13
18 11 24
32 24 10
24 17 6
4 12 36
1 10 23
43 8 28
50 25 20
20 13 19
12 15 11
1 15 18
43 7 23
12 22 34
45 2 24
44 18 27
44 15 35
33 5 40
52 2 40
48 6 2
41 22 36
43 2 22
18 12 16
37 13 17
53 21 1
22 5 13
19 14 25
19 3 26
32 18 3
13 25 40
12 20 4
15 12 15
8 24 38
44 16 32
17 16 19
22 11 7
28 14 34
16 4 5
31 15 10
50 23 28
2 3 19
19 14 16
41 11 6
46 2 24
3 12 9
10 8 2
53 5 33
2 17 17
23 24 26
9 18 25
4 10 3
13 23 23
3 11 38
23 18 27
11 9 40
3 2 38
20 9 2
49 1 30
15 8 26
38 14 27
52 25 33
50 19 27
16 17 30
7 16 17
17 1 17
42 21 13
1 21 32
32 3 12
40 8 27
13 9 9
46 7 12
13 7 34
29 7 24
53 19 17
49 23 12
29 15 16
18 24 27
51 3 36
40 3 19
36 6 27
13 14 40
27 11 24
12 8 16
9 11 19
46 1 37
43 3 21
34 20 15
48 4 29
3 8 24
5 4 1
38 22 38
20 13 34
33 9 35
2 8 19
52 23 32
33 13 18
46 8 8
53 22 16
42 17 4
20 1 37
47 22 27
43 5 39
8 22 18
18 25 14
15 13 32
15 12 35
3 9 2
29 10 36
50 22 27
43 23 27
30 23 32
25 1 2
14 2 10
24 11 26
19 15 25
54 10 4
39 6 34
29 16 36
5 10 13
17 22 39
13 1 37
17 14 12
40 6 24
14 16 6
14 15 13
48 8 31
31 9 40
16 10 35
13 25 1
10 2 34
30 24 40
29 5 24
27 4 2
30 18 17
24 25 34
42 19 32
42 15 10
26 16 10
9 24 31
23 15 16
29 13 20
54 15 3
9 7 30
5 17 29
13 15 20
29 4 26
3 17 30
11 12 31
5 15 23
38 3 15
30 2 15
13 23 23
23 2 2
38 22 34
22 22 22
46 16 40
40 4 28
47 16 27
47 20 30
14 1 5
4 1 11
49 4 16
21 11 37
22 9 15
21 13 1
53 4 32
25 18 2
29 18 23
43 25 36
9 14 27
32 2 36
37 24 25
51 4 6
42 11 28
3 5 1
16 5 17
37 24 18
53 14 31
37 12 15
54 23 31
13 11 18
33 13 32
16 3 11
13 15 37
31 17 2
10 16 32
49 20 8
31 25 39
17 22 30
7 6 12
53 22 30
51 1 16
28 9 12
4 6 11
54 24 40
53 19 21
7 7 40
53 7 24
54 24 36
23 4 6
6 20 14
41 19 17
1 11 2
36 11 40
2 20 26
36 24 5
4 14 25
13 1 22
48 1 21
45 7 33
34 23 7
4 21 19
29 5 2
51 2 5
46 3 23
49 23 2
31 15 19
17 3 18
12 6 11
28 21 32
14 6 24
29 15 20
40 23 6
11 3 24
4 10 8
46 11 10
46 15 7
26 13 5
2 23 37
39 25 37
31 10 38
6 1 36
33 1 29
5 17 25
41 25 23
48 7 15
50 19 40
8 18 4
21 15 14
15 2 37
16 14 10
35 15 33
49 1 30
42 7 29
2 1 2
15 8 14
10 13 30
13 6 37
45 23 37
39 20 23
4 3 40
15 23 27
35 18 38
47 5 19
7 24 25
31 6 12
28 19 30
41 12 32
13 18 29
49 18 13
16 23 33
29 3 10
14 7 1
5 9 1
29 10 2
25 15 16
10 13 14
28 1 33
25 18 32
24 16 36
29 18 30
41 3 14
6 13 29
3 18 36
51 24 30
17 25 28
8 13 26
35 17 33
10 24 9
19 18 40
16 8 39
35 2 6
53 14 14
2 24 23
28 5 29
18 10 2
9 12 5
42 4 14
11 9 26
5 17 29
39 3 37
6 10 19
18 12 35
18 16 7
38 20 5
9 6 31
1 22 32
41 24 1
32 2 25
8 9 31
48 21 29
34 5 5
54 12 11
13 9 32
9 24 23
47 11 15
36 16 39
23 21 26
38 18 37
21 5 30
22 13 38
30 10 8
29 10 16
38 3 10
38 14 28
2 9 7
5 2 34
8 8 33
47 20 18
31 1 14
27 15 38
26 7 29
48 20 35
48 4 30
24 23 11
1 23 25
30 11 13
50 18 36
50 24 25
44 22 26
3 6 17
43 6 15
46 10 30
49 8 23
37 25 23
50 12 22
1 21 1
13 22 3
43 8 6
7 8 7
12 13 26
23 14 33
53 10 3
25 9 30
13 14 20
50 23 7
41 5 30
6 23 33
25 3 14
38 9 33
30 4 13
41 20 30
27 22 35
40 15 17
13 19 30
27 14 1
41 18 35
17 11 8
2 24 10
35 6 13
49 23 14
12 23 35
42 19 35
6 16 5
29 10 38
15 4 19
50 10 12
16 15 35
19 24 8
13 16 40
21 19 21
45 9 23
23 1 11
30 4 18
48 18 34
30 2 32
43 20 31
9 21 37
21 16 22
37 25 25
16 1 22
30 13 14
21 21 28
26 21 29
4 9 27
4 2 24
20 25 8
18 9 31
15 18 23
41 13 33
41 1 25
22 25 7
34 7 16
9 3 40
32 12 40
1 23 30
9 14 16
17 9 36
35 19 34
54 16 25
28 13 32
26 1 4
38 2 1
33 6 26
53 16 9
6 22 33
23 19 35
46 6 31
16 25 33
26 4 33
36 24 34
42 22 5
2 22 32
2 10 37
7 16 9
38 2 33
2 24 33
17 22 28
23 24 40
45 7 22
17 10 15
54 15 26
45 23 2
23 4 39
21 20 6
35 4 4
35 12 29
16 2 10
39 14 14
13 10 19
38 1 23
4 1 15
23 21 33
13 22 18
11 16 23
47 1 20
28 17 12
51 11 22
47 2 23
49 15 14
37 7 24
8 23 18
45 15 33
25 5 37
8 2 7
49 1 30
8 12 3
6 5 20
37 18 27
38 12 20
44 2 2
40 21 15
8 18 16
17 11 4
12 13 8
36 9 2
47 12 34
46 25 31
23 13 5
38 19 14
43 12 28
19 8 13
32 9 5
17 17 26
36 24 30
33 1 22
49 10 20
1 1 34
49 3 21
23 19 11
26 14 33
1 5 19
8 19 24
28 4 31
52 17 30
28 2 31
39 11 20
18 11 8
42 12 33
3 4 39
26 2 39
32 20 5
3 15 16
25 12 25
47 22 10
19 18 14
17 10 37
34 16 11
10 19 23
51 17 31
2 14 32
13 24 3
50 17 24
27 15 12
18 19 5
52 20 19
45 25 34
1 16 38
50 4 21
35 13 11
42 19 4
1 24 33
41 18 40
40 18 28
44 12 32
24 7 25
43 4 12
14 23 27
16 10 33
3 23 27
42 22 35
46 24 21
4 23 36
36 25 9
2 14 33
46 3 5
32 14 30
10 3 38
43 19 3
32 9 3
10 9 21
46 2 4
37 21 31
30 10 23
50 13 23
51 9 14
33 19 5
32 13 6
10 11 32
53 12 2
18 11 25
47 22 3
14 4 24
40 22 17
45 10 4
33 9 33
36 16 11
43 16 11
50 5 31
36 25 20
50 22 33
50 24 26
8 20 34
22 14 28
27 6 13
13 14 21
26 11 17
6 18 14
40 7 29
33 4 26
36 14 9
44 15 22
3 18 21
30 11 13
21 22 11
44 23 14
37 19 18
27 20 10
14 14 24
17 13 8
24 20 22
3 10 11
6 9 18
40 19 3
3 19 23
12 22 6
12 15 8
1 13 27
39 22 23
14 12 17
5 7 31
42 20 28
31 23 27
30 10 37
7 16 19
48 5 4
40 20 8
51 8 20
29 10 21
52 1 2
43 3 5
31 18 21
39 1 26
10 19 1
54 13 37
27 22 2
3 21 9
35 8 21
4 1 40
44 21 25
43 6 17
7 19 30
51 14 11
8 9 17
31 22 33
15 19 37
33 2 12
40 18 28
44 13 9
32 5 8
23 7 40
21 2 12
48 21 40
21 4 9
29 21 6
14 10 16
30 2 19
43 22 10
17 7 16
30 24 14
42 6 36
7 2 2
6 16 16
3 15 19
54 14 33
8 6 27
20 15 17
10 23 30
36 11 18
22 1 20
7 12 22
53 24 38
22 12 20
35 18 40
52 3 36
50 7 6
47 6 21
19 2 16
39 5 24
38 24 20
2 2 33
31 9 32
20 24 14
52 3 6
30 22 17
44 1 34
26 17 34
18 11 26
14 9 36
17 3 28
23 6 20
5 20 10
22 15 4
1 7 10
3 24 9
1 10 28
38 13 38
38 18 22
51 18 23
11 18 33
41 13 24
38 20 32
30 21 36
19 14 9
5 4 26
53 16 38
21 11 24
33 13 40
44 19 17
7 15 5
11 16 13
11 6 33
22 12 24
30 13 39
9 13 30
23 6 34
8 5 25
6 3 27
17 14 32
26 16 7
52 15 24
42 23 17
3 1 9
12 16 31
34 3 12
37 8 2
25 6 8
39 12 27
16 13 26
41 3 29
27 11 6
22 8 34
14 10 4
6 15 9
21 14 21
35 6 21
2 15 31
49 10 21
26 9 25
51 11 13
52 14 24
31 3 22
2 9 30
2 4 15
9 24 24
25 21 2
34 11 32
43 5 32
51 12 15
23 8 31
37 23 14
28 5 24
14 15 3
26 1 24
30 4 27
47 1 29
20 4 39
52 20 29
11 9 5
11 17 12
44 1 11
44 15 33
27 24 40
13 25 5
23 4 12
13 23 7
52 8 3
14 13 38
17 17 7
13 2 31
3 20 19
26 4 30
47 4 2
16 24 3
26 3 10
39 4 2
15 2 39
44 7 13
12 15 4
38 16 5
53 24 22
33 14 11
22 6 3
17 12 12
51 15 17
41 14 12
16 15 9
1 18 39
14 13 13
53 16 15
7 20 12
6 12 8
25 1 2
41 25 29
17 17 1
29 7 19
4 11 2
52 5 12
6 21 37
46 17 34
41 14 10
33 8 16
45 17 6
54 16 32
38 12 19
33 18 19
40 23 17
52 23 36
35 24 37
7 23 18
39 11 31
35 19 3
1 25 6
9 24 22
23 13 7
4 13 11
24 13 23
9 12 31
40 21 19
50 6 32
38 15 21
45 9 38
9 19 7
34 4 16
24 24 27
52 2 18
18 17 23
20 17 9
8 5 18
48 14 12
31 17 11
13 3 12
8 11 17
12 14 22
1 9 32
15 3 25
4 23 9
47 6 27
31 20 12
17 15 17
32 24 36
39 19 38
5 4 16
29 23 30
32 11 30
17 2 29
43 1 2
37 1 3
36 13 35
9 22 33
30 14 13
24 4 12
25 18 17
27 19 19
39 15 8
47 22 11
8 25 10
35 21 17
34 12 33
13 6 26
22 20 27
10 17 6
45 15 7
20 14 31
31 12 6
8 19 33
9 7 21
7 14 8
53 5 25
53 25 20
23 22 31
2 21 2
31 12 5
34 16 40
38 22 9
34 8 33
24 12 3
20 16 17
4 24 4
29 7 11
4 13 33
41 25 18
12 4 25
34 21 6
12 19 20
5 21 28
18 16 38
18 21 20
18 16 10
26 24 38
42 5 25
31 19 11
25 18 16
28 6 15
49 2 4
42 21 1
5 8 17
36 3 23
18 22 21
31 13 25
16 11 25
18 14 1
37 20 20
16 12 37
8 5 8
46 9 27
40 18 22
22 11 40
5 13 33
23 7 30
44 15 30
22 11 36
46 3 3
36 23 28
36 4 30
32 7 23
31 20 3
12 23 34
31 22 23
34 5 27
47 8 36
23 19 36
40 19 25
17 22 35
52 19 7
20 4 30
33 20 22
5 20 13
38 11 17
51 12 15
19 16 18
21 9 31
10 21 18
40 9 38
6 25 28
25 25 35
7 9 4
45 7 7
49 11 13
53 5 4
40 18 33
12 15 21
26 17 32
40 1 15
29 24 30
29 4 36
19 21 27
37 16 22
13 12 24
42 1 29
7 4 11
33 16 29
25 10 31
45 5 26
20 15 14
46 20 17
12 9 8
28 8 2
4 23 39
47 12 1
22 3 13
53 10 35
29 13 33
42 7 4
52 5 30
46 19 8
37 17 22
48 23 30
11 8 17
11 18 14
14 20 5
34 18 1
22 5 15
13 17 33
27 25 39
1 24 21
40 24 35
24 19 40
20 12 4
41 6 11
22 3 18
43 17 38
13 20 12
30 16 38
47 13 21
45 4 15
43 10 37
18 18 14
43 12 10
40 19 11
19 3 3
39 15 39
37 10 18
39 24 29
26 16 8
23 4 31
9 2 34
36 7 38
31 20 28
38 12 32
26 14 30
38 5 30
25 24 11
34 3 18
16 2 34
8 12 26
31 7 30
30 8 34
10 1 8
44 14 7
3 12 1
49 18 38
29 10 32
39 16 21
19 25 3
41 19 2
7 1 4
47 25 15
16 6 30
47 8 6
35 25 1
51 17 37
22 4 5
35 24 31
6 9 29
27 13 37
8 1 36
41 8 39
47 18 11
24 7 33
25 9 36
1 20 21
31 18 15
24 13 18
9 3 9
12 20 3
21 9 22
17 19 38
12 5 15
22 20 10
3 4 8
17 15 35
35 22 14
10 13 28
12 5 30
44 4 28
52 23 19
12 10 24
10 18 39
32 10 36
17 19 21
24 11 6
15 16 20
17 24 29
18 12 27
31 19 31
15 19 10
36 24 12
16 22 25
19 13 24
13 21 26
32 11 6
51 24 2
14 22 28
41 24 13
22 25 22
39 15 13
54 17 3
19 4 34
47 6 36
38 19 8
31 6 27
20 8 15
14 22 32
16 1 37
48 14 32
20 15 36
44 7 38
43 20 21
41 9 23
42 19 28
52 13 3
44 22 25
37 7 18
16 11 29
46 23 15
42 8 22
11 11 21
51 21 10
32 25 13
2 21 39
39 8 39
17 3 24
11 5 36
24 13 21
49 6 20
27 14 19
7 14 30
1 21 22
25 23 27
34 11 20
37 21 12
1 25 12
29 8 10
52 5 26
2 11 16
17 22 28
43 7 9
38 8 31
53 17 14
8 8 10
12 7 12
27 1 34
32 1 3
38 13 21
4 11 17
5 7 32
8 6 32
37 23 38
9 6 24
23 7 5
38 21 4
39 20 7
17 20 2
7 3 6
26 15 15
5 12 22
19 17 9
5 23 2
36 7 4
40 1 32
39 19 6
47 13 11
43 8 17
14 16 6
46 21 25
20 16 13
54 14 19
32 21 13
44 17 10
21 8 40
10 10 3
31 8 32
1 19 25
6 16 40
17 2 26
40 19 24
24 15 1
52 1 7
21 6 13
9 22 40
14 24 16
16 14 39
54 24 24
54 13 13
40 2 31
53 20 10
31 6 22
4 20 3
53 1 32
36 12 13
48 19 8
41 19 10
38 19 36
27 8 33
4 2 37
8 11 33
11 18 23
7 15 35
25 8 4
22 16 26
48 23 22
52 10 12
21 2 8
42 18 36
50 3 8
10 12 3
7 17 31
32 3 9
32 5 29
11 9 38
31 6 20
43 2 11
5 16 18
14 13 4
36 9 12
14 25 27
16 18 22
53 14 20
38 16 16
7 21 26
36 18 40
24 5 22
48 16 16
42 20 1
17 1 38
35 10 31
4 9 6
51 8 11
32 19 28
20 14 16
51 4 32
20 23 38
4 25 14
32 17 40
21 8 31
39 17 12
4 4 6
51 13 39
8 2 25
54 2 39
12 14 19
40 15 34
5 9 32
2 11 36
47 23 30
15 5 38
54 20 33
9 18 8
34 22 11
49 9 13
24 17 26
15 23 31
21 25 23
8 4 7
39 1 21
14 14 1
5 1 21
9 20 2
9 12 22
26 2 33
41 7 24
29 15 2
43 4 34
36 4 37
48 15 37
24 13 24
37 9 6
54 22 33
13 8 40
15 19 12
7 23 33
25 24 8
5 25 3
43 18 39
22 13 36
49 7 25
30 12 22
3 21 13
30 15 2
29 9 20
45 22 12
13 7 7
16 12 26
48 9 13
5 20 33
41 12 12
21 19 23
36 7 9
50 9 4
8 12 23
50 11 20
24 5 40
50 10 7
24 9 32
50 1 1
30 4 11
1 10 12
20 12 36
40 2 21
30 11 15
19 24 29
12 20 21
48 21 33
51 24 32
30 9 24
49 24 10
6 15 34
51 21 15
9 14 10
31 4 24
31 9 14
25 16 34
31 4 33
27 3 3
27 8 23
49 24 16
48 17 12
23 7 13
4 8 38
42 25 39
11 24 14
23 14 3
41 20 10
2 25 28
41 25 5
31 21 17
46 19 18
4 8 17
3 14 11
50 20 37
18 23 27
25 16 16
14 4 10
23 18 13
18 9 31
54 13 9
4 25 12
13 11 28
8 21 34
23 21 31
16 24 26
9 24 23
38 4 6
37 10 20
38 3 22
40 14 20
7 1 36
21 6 6
21 2 35
41 6 40
34 10 26
23 5 26
3 10 32
30 13 7
43 19 5
41 23 15
31 16 35
29 16 36
53 9 30
54 14 17
38 6 25
22 20 20
21 13 4
9 3 17
44 7 39
2 23 2
23 19 9
52 21 32
16 13 22
52 21 15
19 19 3
45 15 9
4 7 11
26 23 8
41 22 26
8 2 15
47 19 18
24 25 12
21 11 39
12 14 9
24 17 38
15 2 24
14 13 39
21 5 26
48 16 12
45 17 29
1 14 5
25 4 25
41 1 23
52 7 29
8 20 18
11 7 9
8 18 22
26 25 36
43 7 13
45 7 1
1 10 26
44 9 26
32 14 24
33 18 9
9 3 9
6 22 7
11 22 30
28 5 40
8 5 9
3 17 32
3 21 34
49 8 34
36 24 35
30 13 4
8 7 2
13 23 5
50 10 40
3 10 12
26 2 10
33 14 17
14 23 3
40 3 21
35 23 23
39 14 2
31 8 18
22 25 33
25 6 26
51 12 6
33 15 17
38 21 28
36 7 14
53 1 34
39 10 25
26 5 31
17 2 20
47 16 14
18 7 4
27 10 8
43 3 20
35 23 31
2 8 38
46 1 16
39 19 34
11 19 33
37 15 40
40 1 32
48 23 16
20 7 1
54 3 11
43 1 37
24 11 2
28 20 39
48 18 30
29 12 3
39 1 5
21 16 12
1 3 12
38 16 23
15 17 33
42 14 23
14 4 32
27 9 3
41 8 22
18 16 4
11 19 3
13 9 39
53 2 18
48 1 9
47 5 33
5 7 5
7 6 4
26 3 10
43 22 26
12 16 18
21 20 16
46 8 5
9 7 11
2 22 14
32 2 32
12 6 30
23 1 33
53 2 38
18 10 14
45 4 19
49 10 35
9 11 30
4 15 2
25 24 12
3 11 18
29 21 37
24 13 6
23 20 36
17 1 23
24 13 2
11 14 30
3 22 2
19 7 32
38 15 16
54 1 34
21 23 16
11 5 32
18 2 3
34 11 8
40 1 2
39 1 20
3 18 26
5 23 24
46 11 3
37 25 17
33 8 35
11 23 4
45 14 1
13 3 34
19 18 25
5 22 12
19 2 9
30 16 24
18 4 4
21 3 27
4 19 40
8 1 29
7 10 3
53 18 28
6 12 31
22 10 21
31 6 14
21 25 16
5 11 39
47 6 39
52 21 21
6 8 10
5 18 16
13 16 23
1 11 19
47 13 19
18 3 1
30 11 20
9 2 3
25 12 39
9 21 12
6 12 17
44 18 34
8 6 13
36 15 39
36 22 3
36 4 21
23 21 37
12 12 27
46 11 19
50 25 19
34 17 6
48 19 38
47 23 29
15 25 7
40 21 9
48 3 24
12 21 39
7 6 8
11 10 12
40 17 11
40 23 13
48 11 15
2 19 29
34 6 22
48 16 11
14 7 14
30 22 2
17 10 22
40 15 14
53 14 26
5 8 29
53 6 35
46 5 40
27 15 32
9 3 28
49 4 35
11 7 23
32 12 4
1 11 11
17 11 1
36 5 29
32 15 38
33 12 17
37 9 23
50 4 23
39 6 10
27 20 40
31 1 9
19 1 33
27 20 20
27 13 10
37 10 35
8 21 20
42 4 26
15 14 24
29 2 39
35 20 21
41 13 32
46 4 1
7 8 13
2 23 27
22 12 27
15 14 10
49 17 25
24 7 40
34 3 36
18 13 6
52 8 6
8 2 30
53 7 31
53 16 30
48 5 27
7 4 22
36 5 13
52 5 20
7 21 13
20 23 21
33 14 27
13 13 1
29 1 34
19 13 29
20 18 13
37 9 8
54 3 30
19 25 30
8 25 20
15 5 19
31 5 36
31 2 14
13 25 27
47 23 17
53 19 11
20 3 18
53 10 34
45 7 37
37 20 29
9 23 21
2 24 10
23 13 37
12 5 24
5 6 25
18 2 2
36 16 25
31 10 12
3 25 37
13 1 23
10 7 38
49 2 14
54 21 6
14 24 18
38 19 14
4 12 14
13 7 25
13 20 22
43 2 20
33 11 37
2 18 29
48 14 9
39 22 14
12 16 8
25 10 24
15 16 28
21 14 11
31 2 29
46 4 28
19 7 12
18 23 6
54 10 24
3 23 30
25 24 39
28 12 26
2 20 39
50 14 12
27 9 3
27 25 1
24 8 35
43 20 16
32 6 16
4 9 24
1 8 11
7 9 27
13 12 5
6 15 29
45 10 27
52 11 16
54 11 28
32 16 20
51 19 20
44 4 28
30 9 15
8 2 6
28 20 5
14 18 15
12 19 23
47 13 38
5 18 32
13 11 19
46 18 40
25 8 23
35 12 37
14 15 21
53 15 35
38 14 13
5 14 24
50 23 32
33 12 8
18 19 33
27 21 8
18 1 13
41 19 4
19 8 22
20 10 8
28 23 20
35 5 33
17 22 22
28 6 25
21 6 37
52 9 11
5 2 12
40 2 5
1 22 36
53 21 6
45 7 14
6 11 14
41 5 33
28 19 20
41 21 35
21 23 9
21 9 37
22 16 16
41 16 25
43 7 2
20 19 32
23 11 6
15 13 38
42 16 21
12 7 38
22 8 40
48 21 7
19 5 18
28 3 10
22 17 30
29 8 17
31 23 5
33 10 40
31 10 14
54 22 2
52 11 28
17 2 8
51 17 1
8 25 35
15 7 19
35 17 5
5 2 33
45 2 4
29 14 13
30 22 13
8 3 35
50 21 9
21 15 4
8 14 38
41 20 16
24 25 14
36 17 21
14 2 21
14 17 24
52 21 1
5 24 25
18 6 30
31 14 21
23 21 38
5 8 6
36 24 23
3 20 16
4 1 34
4 1 16
52 4 26
52 25 34
11 7 22
14 10 18
51 10 38
47 12 29
29 25 11
40 12 10
43 17 26
3 6 32
21 12 10
40 2 27
7 6 21
22 8 16
25 1 10
45 19 10
25 11 28
44 4 14
34 23 12
22 20 39
3 18 33
37 4 27
29 22 23
29 1 7
10 21 32
31 22 26
43 22 23
27 2 12
19 22 19
16 8 33
39 10 8
24 4 24
52 20 12
32 6 24
12 16 8
18 24 36
22 17 9
14 1 1
54 19 12
45 16 13
54 18 16
32 23 17
27 12 35
52 22 3
20 13 5
50 12 7
38 11 19
14 21 22
36 21 24
16 25 24
39 4 39
7 24 9
22 1 9
47 18 9
36 11 13
26 7 26
10 11 6
28 20 36
32 20 11
26 6 30
23 17 40
30 21 15
9 9 23
50 3 25
43 19 31
21 16 33
28 16 36
33 17 9
36 6 18
16 24 27
44 6 9
35 17 37
6 25 8
30 24 20
41 22 2
35 4 13
13 13 19
46 21 10
25 23 15
8 9 27
5 19 24
37 15 38
6 2 8
17 17 24
47 20 14
29 12 10
47 14 5
32 19 24
35 1 6
26 7 11
37 14 7
35 3 39
23 6 26
48 19 40
51 23 4
19 13 35
35 14 29
50 2 9
4 24 17
2 17 30
35 15 26
1 4 34
22 20 35
48 8 21
16 23 24
43 12 34
26 9 30
47 2 18
35 16 32
23 20 13
27 1 13
22 4 40
50 20 20
19 21 28
1 17 39
23 6 19
43 9 28
46 16 36
54 14 25
36 18 40
22 15 36
45 2 21
52 3 5
21 1 32
52 22 34
6 17 26
30 16 13
8 7 39
10 21 22
10 9 9
50 6 30
15 19 9
31 16 35
35 3 40
20 7 36
12 22 20
18 3 23
11 25 2
4 18 2
44 10 18
39 5 12
37 22 32
20 24 21
4 8 31
11 8 29
52 13 31
38 14 20
40 4 9
13 9 34
17 10 31
34 8 5
34 18 29
42 2 25
7 22 24
12 2 13
48 15 29
39 10 40
11 6 37
44 3 1
37 17 18
13 6 37
38 19 39
52 9 32
14 11 6
34 20 39
20 14 22
31 11 15
46 13 14
3 23 31
10 1 22
32 13 23
29 19 34
5 21 31
24 8 36
19 16 21
11 22 24
16 9 11
8 11 39
50 13 16
26 4 11
9 15 27
15 7 20
3 17 36
39 24 9
33 1 19
51 6 13
24 3 21
34 12 8
17 7 22
51 3 35
29 21 8
44 3 35
41 20 8
38 25 9
48 22 12
45 16 25
40 8 24
15 7 11
36 13 25
27 15 2
13 21 34
3 22 3
30 20 13
7 20 40
41 9 18
32 13 11
39 10 33
11 9 4
18 10 33
21 3 32
27 21 11
8 5 16
2 24 3
18 9 20
12 13 22
9 19 26
44 7 20
7 1 16
17 7 16
4 6 15
40 22 19
38 7 5
19 7 10
42 19 7
5 11 12
37 14 25
34 23 38
44 7 12
43 7 12
25 5 23
40 10 7
27 12 28
29 16 3
4 8 1
11 8 18
49 22 3
46 18 38
31 6 26
16 12 27
9 23 34
8 13 14
11 11 8
14 15 19
8 2 14
26 18 28
13 5 5
7 12 26
43 12 40
46 23 38
17 1 20
47 17 39
29 18 39
46 8 35
36 14 10
49 7 21
13 3 5
17 22 32
13 22 9
43 25 30
11 13 19
51 7 5
32 19 8
17 9 5
12 1 14
42 4 13
22 7 22
35 17 26
51 22 32
49 7 25
7 8 34
7 4 8
33 13 22
18 23 23
26 22 31
16 10 5
37 20 27
18 8 8
49 19 32
17 9 30
5 8 28
44 12 31
30 19 35
28 15 24
21 8 17
12 3 38
8 11 16
11 14 4
31 16 10
5 12 9
4 4 12
24 8 29
33 20 31
11 18 14
23 10 7
26 23 30
34 12 7
27 24 2
28 25 16
33 24 18
1 5 8
14 9 3
18 12 40
31 23 34
24 8 22
29 13 7
12 16 7
12 25 15
43 14 35
43 3 16
42 11 26
43 19 18
30 20 10
20 14 14
21 15 37
12 10 40
23 19 10
7 14 6
12 23 3
14 16 27
27 3 31
27 18 23
10 6 10
12 10 33
6 10 25
22 7 15
50 12 40
21 2 7
17 2 33
37 17 32
42 22 14
12 12 2
24 2 21
39 23 37
40 19 2
27 20 37
9 12 14
7 25 30
23 8 28
51 18 38
40 25 28
3 8 2
16 20 14
1 15 39
4 6 14
19 10 21
52 7 9
3 4 25
36 25 34
49 22 23
34 1 12
51 25 34
49 23 3
19 14 10
30 24 39
30 16 40
5 7 18
11 17 38
16 9 39
48 15 22
24 9 2
46 2 32
16 13 33
8 1 11
30 5 27
29 19 36
54 11 19
46 10 19
17 4 31
51 17 18
11 17 8
31 17 36
35 9 29
47 13 26
46 2 4
15 12 29
43 14 2
15 1 33
32 8 27
47 9 6
6 11 7
27 2 24
46 3 40
9 3 26
49 12 6
31 13 39
43 8 16
11 11 27
31 1 29
29 12 31
30 16 39
30 19 12
19 16 22
15 25 31
52 23 24
48 24 28
7 16 25
29 13 1
31 6 10
19 12 16
8 17 38
24 8 20
11 16 11
27 8 27
16 8 8
39 2 17
38 6 36
10 15 11
3 8 9
15 8 2
21 2 1
12 17 16
2 11 7
12 17 34
29 20 24
11 13 10
8 9 16
51 11 11
15 7 3
5 11 12
37 1 20
11 8 2
4 23 12
44 8 26
1 12 8
27 23 9
47 23 1
25 21 6
14 16 9
30 11 13
37 15 7
27 14 35
33 25 35
53 13 11
16 19 23
49 13 11
17 19 6
50 3 33
21 3 6
31 17 21
40 23 20
14 15 38
16 15 20
41 7 17
18 21 36
46 25 15
5 23 31
21 4 37
24 5 32
5 23 38
17 18 16
18 23 16
19 5 6
36 15 24
34 12 38
22 11 22
2 21 10
8 9 25
46 2 8
8 9 18
18 4 10
9 23 17
34 13 8
49 25 35
31 13 40
24 19 19
23 14 19
22 13 38
25 23 32
10 13 4
11 25 17
28 9 4
38 7 1
18 7 7
14 7 31
26 8 32
12 2 18
52 11 39
29 18 30
52 22 14
29 1 4
33 20 35
42 14 29
26 18 23
18 12 13
17 19 1
31 11 34
4 10 22
41 1 4
49 20 10
20 12 28
37 4 13
22 10 29
28 19 30
11 8 12
37 2 6
11 25 13
4 13 20
43 13 39
48 10 32
15 20 40
20 7 3
5 3 23
38 13 5
33 14 35
20 2 30
40 9 9
36 12 9
12 9 24
21 1 37
38 16 20
9 14 2
13 3 19
35 2 8
46 9 40
5 1 39
22 25 3
36 16 6
11 1 29
29 23 9
36 8 4
47 22 35
29 2 11
32 12 26
37 15 15
33 3 28
31 19 16
20 16 8
41 17 15
30 18 7
16 24 35
43 16 36
50 18 8
20 1 12
37 23 35
50 10 2
49 4 19
53 20 13
21 17 12
39 23 15
9 22 7
5 16 37
27 17 16
38 17 7
39 13 11
27 20 18
1 15 17
30 22 36
50 10 21
8 12 34
28 7 36
36 9 29
53 9 30
52 17 1
29 7 40
39 9 37
17 2 15
36 10 10
6 14 23
39 16 31
26 2 34
16 9 30
7 13 2
23 1 22
17 9 20
27 22 16
31 25 31
52 4 35
5 3 17
34 11 5
2 25 11
24 15 38
44 23 13
13 20 7
35 21 7
17 8 18
5 10 5
33 11 14
22 3 21
1 9 31
23 2 13
43 7 37
6 20 22
48 18 21
31 8 38
42 7 15
10 12 26
10 17 36
27 15 23
44 17 27
44 23 25
9 7 18
43 7 4
6 14 2
39 14 9
35 20 31
25 18 39
48 16 28
50 16 19
33 19 23
13 12 16
3 6 34
50 5 8
27 16 2
20 12 12
24 5 32
26 3 33
37 5 19
12 5 7
44 11 17
15 21 15
45 15 8
41 5 36
28 21 15
22 19 1
53 2 21
10 23 29
32 19 8
39 6 3
21 5 26
40 23 20
2 24 28
35 14 29
10 25 16
42 7 11
51 14 36
46 3 30
46 25 6
1 15 13
14 21 40
14 15 7
3 20 32
40 6 19
48 6 39
9 24 5
7 24 29
26 11 6
17 10 26
6 4 7
30 21 6
45 10 32
42 25 8
43 14 8
50 18 18
11 17 16
18 8 36
2 11 25
49 6 13
35 24 3
32 4 21
2 9 13
23 18 28
20 15 5
18 6 26
23 17 16
7 7 28
49 1 13
5 7 32
6 19 34
3 1 30
16 5 26
47 16 32
26 25 10
20 24 30
20 9 23
29 4 10
22 18 19
10 6 33
22 9 6
18 14 39
40 23 14
6 12 18
45 8 8
36 3 19
7 9 2
39 25 39
1 5 16
5 17 23
30 16 17
4 15 32
38 20 2
27 24 2
47 13 18
37 22 20
21 4 21
8 7 5
39 14 35
11 22 20
50 23 23
20 21 1
27 3 36
16 17 19
12 24 23
47 12 18
16 14 31
21 13 17
28 24 11
22 3 17
48 14 32
16 4 5
22 18 39
47 19 34
21 20 29
36 15 16
49 3 26
10 23 37
35 17 32
6 11 21
9 1 18
17 3 31
21 14 21
41 11 36
41 12 9
13 14 24
24 24 39
34 20 6
28 5 39
5 1 26
8 2 17
39 10 31
5 15 12
46 17 22
23 7 7
20 3 24
40 21 24
35 4 40
35 25 17
42 25 38
35 24 31
12 1 12
32 21 30
17 20 23
24 6 19
24 8 13
35 22 38
23 7 15
13 9 30
36 3 35
27 11 21
40 11 1
15 15 4
12 16 23
1 25 16
43 5 26
5 19 9
52 7 30
21 12 18
53 4 17
23 6 4
41 24 34
45 16 7
34 23 5
33 20 31
34 15 32
40 15 26
38 7 16
25 14 27
37 5 35
34 23 19
15 11 15
11 19 4
38 2 40
40 14 11
7 8 38
4 20 22
20 10 14
48 11 13
39 9 21
40 10 38
39 23 14
19 13 37
33 24 8
47 14 7
14 3 3
20 11 27
30 3 23
13 13 26
24 8 31
38 15 13
3 14 32
19 7 24
4 5 25
14 7 3
14 23 38
22 17 14
46 5 3
10 22 6
28 15 16
26 5 3
25 10 1
25 13 3
22 9 22
25 10 27
24 12 17
29 12 40
34 22 27
34 4 12
23 20 19
35 18 21
22 3 20
16 7 15
39 25 19
28 10 5
41 14 5
48 25 6
31 14 6
31 23 36
5 7 5
32 12 7
24 8 25
13 6 35
16 1 5
46 1 34
29 23 29
7 5 5
17 17 27
52 9 39
11 12 27
7 11 34
12 18 17
27 6 16
41 18 11
48 25 30
8 14 10
51 20 3
7 8 40
2 25 1
45 23 35
36 8 19
5 11 4
8 24 11
19 1 21
18 23 38
50 19 40
4 1 27
21 1 3
20 25 37
50 9 18
45 17 33
32 15 22
18 2 38
32 19 19
8 6 29
12 24 8
47 6 3
3 10 25
38 7 35
8 12 24
32 10 33
18 25 40
20 1 31
7 20 11
9 15 4
7 7 36
36 22 14
4 20 27
42 7 37
46 23 29
27 19 32
25 9 31
33 19 1
35 9 38
16 15 24
27 25 22
35 13 26
36 25 5
30 4 31
8 5 31
28 10 31
46 4 27
37 6 34
8 10 37
32 18 10
19 23 10
46 12 11
24 24 30
2 1 21
43 18 15
15 24 5
14 15 20
48 1 12
42 18 2
16 6 29
17 18 19
39 25 33
36 18 23
23 22 37
38 20 7
33 9 11
41 8 19
42 24 17
34 17 8
36 11 6
50 14 24
40 24 4
48 14 34
30 21 40
39 17 22
34 17 37
32 17 29
45 18 22
52 20 37
19 22 23
31 24 19
41 2 8
19 23 24
3 4 22
3 8 28
10 4 2
20 6 4
49 13 38
4 2 40
23 7 4
3 18 3
20 20 18
44 19 7
46 15 20
50 19 14
37 17 6
2 14 39
29 19 39
1 23 16
54 13 38
46 12 20
54 11 12
51 21 20
11 22 24
2 16 25
7 11 3
6 20 33
10 5 20
4 11 37
34 12 8
31 10 22
27 2 33
38 8 6
9 20 5
44 6 34
5 4 17
14 15 24
10 15 35
13 2 14
26 10 36
48 1 29
37 11 33
50 16 22
40 21 3
1 14 24
39 23 11
11 3 3
11 8 30
17 22 25
21 18 23
49 13 28
34 2 10
10 21 22
10 9 29
4 1 3
12 19 1
33 4 6
44 14 14
2 23 36
31 5 37
38 1 26
45 20 17
35 24 2
7 13 30
42 18 14
1 9 29
22 3 26
32 22 29
8 8 10
51 4 25
27 19 2
46 20 21
11 2 2
16 18 20
2 20 15
4 9 25
20 4 18
23 1 35
4 12 38
29 13 18
10 3 9
12 16 7
15 16 30
34 7 34
43 18 7
44 16 1
15 6 7
50 22 17
18 8 34
13 12 7
3 14 37
8 1 34
38 13 29
47 24 27
41 23 12
42 23 12
9 19 2
24 10 33
14 16 14
12 4 38
47 2 33
41 2 25
36 10 17
25 17 1
11 3 36
23 11 25
42 6 9
47 6 40
10 9 29
32 18 12
4 21 18
44 11 35
54 8 6
7 17 31
3 21 8
51 12 7
36 18 25
27 9 4
38 14 31
11 22 18
1 23 36
19 5 9
33 4 16
3 10 29
45 10 32
52 12 15
34 6 4
53 14 36
17 3 3
54 23 9
11 13 2
47 16 3
51 21 38
45 14 16
51 20 13
54 22 13
26 4 37
30 25 12
15 2 18
38 23 3
51 9 28
8 10 21
38 3 13
47 16 36
19 9 3
13 22 27
19 12 23
10 17 1
27 22 21
53 25 12
27 24 29
3 14 35
2 21 1
34 8 16
35 21 15
15 1 19
19 21 6
32 13 15
34 13 34
48 23 12
49 13 27
10 4 30
17 22 27
49 3 25
48 15 8
2 4 20
35 4 31
22 9 10
5 18 31
21 14 28
45 11 30
54 4 7
34 18 11
30 18 29
36 25 2
26 8 9
47 12 1
50 14 14
23 23 2
36 11 8
2 25 36
29 25 35
42 11 7
12 22 19
51 2 11
43 22 32
36 25 4
48 18 25
48 6 15
13 5 28
36 12 18
15 6 32
18 20 12
22 6 27
36 12 13
45 8 39
1 1 34
2 24 18
45 16 30
12 3 4
42 5 33
4 16 28
23 3 25
47 6 22
21 9 16
3 24 18
20 22 16
51 18 5
21 8 35
23 15 15
9 10 14
30 11 21
27 25 18
41 17 19
3 9 27
5 6 5
17 15 19
30 3 4
47 17 35
31 5 20
44 22 31
19 9 19
19 17 27
39 23 28
23 10 26
7 17 18
21 19 39
7 25 38
33 18 32
26 3 4
17 12 7
51 22 9
27 15 39
35 3 36
33 20 26
15 23 17
24 24 39
19 4 18
36 11 9
51 22 22
10 13 40
26 13 26
40 20 4
20 1 3
16 15 12
17 12 11
37 6 6
41 1 9
48 22 25
36 17 3
36 12 40
24 25 28
43 2 22
32 19 5
15 10 22
54 16 37
16 24 1
11 10 14
48 24 11
15 2 26
11 8 31
36 17 7
38 8 14
48 10 5
7 11 30
38 13 30
29 16 10
25 11 2
17 17 29
25 24 12
47 24 25
28 14 15
30 9 10
27 8 38
25 8 13
37 25 20
1 8 26
14 10 39
40 9 23
25 10 8
54 9 27
18 20 19
18 10 8
2 20 40
27 6 22
18 3 38
39 25 5
43 1 36
34 6 33
30 20 32
23 10 31
11 1 22
14 5 31
14 20 39
1 13 11
5 16 27
32 3 29
23 11 40
20 19 22
34 23 6
7 23 23
41 10 25
50 8 13
26 12 38
35 5 2
37 21 27
52 8 8
7 21 36
35 15 40
21 18 9
54 5 10
10 3 19
8 12 19
40 2 40
54 9 7
34 10 8
41 13 6
17 19 30
26 3 16
34 15 33
5 7 16
5 8 27
47 4 10
42 24 31
49 5 33
18 21 19
10 4 26
37 17 23
52 6 4
38 6 15
43 7 30
40 20 20
22 11 6
23 25 15
52 1 7
47 20 36
30 2 37
32 7 32
30 20 38
31 2 23
3 6 17
49 22 15
18 16 9
28 5 18
49 12 1
47 4 25
48 18 15
41 1 21
37 13 16
42 8 31
52 16 23
2 12 2
54 19 3
41 21 36
36 22 13
39 4 28
9 21 37
38 3 21
6 22 31
15 10 4
4 10 23
34 3 22
48 8 14
43 16 34
47 23 21
53 5 17
1 12 5
46 19 7
33 1 2
51 25 7
53 15 13
32 21 18
39 5 5
21 18 10
9 17 36
41 1 1
3 25 40
32 2 9
40 22 3
51 19 2
23 6 16
30 17 40
30 12 21
5 6 29
17 21 18
54 25 14
11 24 15
36 20 33
13 11 10
25 15 19
40 6 35
39 19 3
15 5 20
11 5 12
12 17 1
8 8 2
35 8 10
11 25 21
3 17 8
41 17 15
51 4 14
33 14 1
7 9 36
13 18 14
37 9 14
47 23 15
21 8 38
21 12 1
53 15 20
1 6 15
26 14 33
43 25 21
39 9 1
32 11 25
18 21 24
50 3 29
44 17 39
22 20 39
16 17 26
29 25 30
5 19 25
43 2 37
31 6 27
12 4 4
20 7 6
15 3 38
7 8 19
13 4 20
39 23 27
11 20 7
7 24 37
18 5 9
16 6 21
45 25 24
19 10 38
48 24 31
45 20 17
21 16 17
16 16 22
30 15 9
14 13 38
3 11 13
15 23 30
15 15 13
8 21 28
40 3 27
41 16 17
44 24 35
28 3 29
30 18 7
48 5 28
4 22 26
17 22 7
50 10 29
19 23 4
22 2 4
51 25 19
41 20 2
20 7 25
24 14 27
27 10 16
41 15 8
52 25 38
22 17 18
8 12 22
43 9 13
43 24 17
34 18 35
14 8 2
30 14 29
51 8 29
3 5 13
32 22 18
11 9 16
38 7 28
11 2 32
13 10 25
35 5 3
51 8 12
16 8 13
22 14 20
9 15 16
12 1 37
39 9 26
15 2 15
32 2 11
46 17 16
53 23 38
44 2 33
2 5 14
50 25 3
11 22 4
45 5 4
53 8 7
34 8 33
32 23 31
54 15 13
20 12 39
2 19 6
32 20 22
8 22 39
28 1 15
41 3 2
24 5 15
47 23 8
37 23 22
10 19 40
3 20 29
10 22 8
5 24 33
52 16 24
35 19 6
20 25 3
27 8 5
51 11 21
40 15 35
22 10 9
21 4 1
15 5 19
23 6 22
46 14 7
39 20 36
5 14 34
27 8 20
7 7 19
8 10 15
31 19 5
24 6 9
48 1 27
8 3 4
53 14 18
39 11 4
32 21 33
5 13 7
12 22 19
18 10 17
35 19 10
40 11 4
37 9 1
54 22 2
23 5 22
21 20 18
23 22 20
27 15 18
19 20 32
1 6 30
41 14 23
29 4 13
44 24 26
40 5 13
26 6 9
51 5 39
49 23 18
31 24 25
44 12 11
28 9 5
39 17 26
43 19 32
45 9 35
38 12 26
18 14 16
34 3 39
3 10 33
40 11 26
52 24 2
13 6 9
2 17 27
6 14 11
37 25 22
11 12 35
40 8 25
7 3 40
49 25 25
6 18 31
24 14 36
45 10 15
48 18 15
13 7 10
8 5 19
10 4 15
11 25 11
45 15 16
41 6 22
42 24 3
7 18 4
40 13 34
13 16 6
25 8 17
34 25 24
5 24 22
32 8 1
49 16 25
13 24 35
48 23 13
29 13 39
19 15 15
13 21 18
40 5 20
18 2 10
40 17 27
48 1 3
19 8 22
35 15 40
3 24 11
9 7 4
10 2 33
36 18 33
10 10 22
37 16 36
47 1 23
21 14 22
21 24 9
44 18 18
52 5 25
43 8 10
36 24 4
26 8 3
9 1 15
34 7 12
41 1 37
21 13 36
24 12 15
43 10 16
7 11 13
22 2 20
8 14 33
15 3 40
40 4 21
47 16 24
2 8 27
18 23 21
50 11 25
24 7 17
54 12 3
46 18 28
37 5 21
2 14 40
53 15 4
34 7 27
53 17 35
37 20 7
12 3 28
44 11 36
26 13 33
54 18 10
2 5 5
41 19 15
35 16 28
24 14 32
16 22 23
19 16 8
27 25 18
14 24 32
20 9 26
15 16 30
8 12 39
50 7 36
52 13 19
27 24 3
14 22 37
35 1 34
25 24 17
3 4 16
28 3 1
7 20 22
40 17 23
42 19 2
11 11 8
17 25 7
48 18 39
26 23 5
20 20 10
7 3 14
48 23 23
21 15 23
44 21 32
32 14 8
23 25 19
42 6 31
53 6 9
2 11 28
3 14 35
17 14 35
3 18 14
33 8 23
31 4 10
50 21 5
36 6 12
6 18 35
21 25 14
4 9 39
21 25 28
54 11 8
36 13 29
22 24 24
3 11 21
2 4 26
32 22 19
35 19 26
19 2 23
47 24 13
3 23 21
39 20 40
1 14 37
8 1 21
27 12 26
25 7 38
20 19 40
51 14 29
52 17 29
33 19 32
25 3 5
5 2 25
2 20 17
23 8 7
54 5 11
34 24 34
18 1 3
9 2 18
48 15 16
27 6 37
28 16 25
44 11 11
1 18 9
23 8 34
15 11 25
26 3 37
36 24 23
21 11 22
46 16 25
44 2 9
2 17 36
49 17 2
15 15 15
23 2 23
21 5 33
17 3 2
3 15 16
38 1 12
27 23 35
49 19 14
16 16 30
32 15 19
48 22 31
42 23 37
52 3 2
31 22 9
11 16 1
8 1 23
5 5 24
40 14 16
21 17 28
14 11 39
13 2 34
7 16 20
44 18 12
14 24 25
43 10 38
7 19 5
13 14 37
38 18 3
5 15 3
10 10 27
2 1 1
26 8 13
20 2 40
28 21 38
9 16 11
37 13 24
7 8 11
28 2 32
8 2 18
13 12 29
19 5 30
43 16 25
44 10 14
17 7 15
20 9 16
31 9 1
18 20 26
51 3 34
18 10 26
39 17 21
6 17 13
33 24 7
16 5 14
54 9 29
3 1 25
30 11 36
44 17 27
41 3 23
42 5 2
9 13 35
30 16 30
47 15 15
3 4 5
18 7 2
28 21 6
23 14 36
49 2 32
53 2 36
35 17 30
26 8 21
7 10 10
11 14 7
12 20 2
25 21 24
30 6 6
1 22 29
31 25 17
34 13 19
26 23 38
53 1 17
36 23 23
35 11 21
38 1 25
46 21 9
25 8 5
2 1 7
26 7 19
26 17 25
22 24 8
20 20 28
52 25 6
14 20 14
36 14 22
14 4 31
54 4 27
49 16 3
6 1 23
1 4 29
52 21 20
52 12 17
36 8 30
6 5 38
37 10 31
20 10 16
6 9 2
36 23 36
23 8 1
27 4 6
46 25 2
44 23 23
54 14 38
11 23 2
12 16 22
7 20 37
5 25 37
10 13 28
9 15 27
51 8 16
31 22 27
32 2 28
41 7 1
47 25 4
6 10 8
36 23 38
51 21 25
5 17 10
27 5 31
35 20 11
34 4 40
31 2 25
41 15 10
12 9 21
33 1 10
50 13 20
23 21 1
44 25 17
39 19 23
16 14 11
14 22 7
15 24 7
52 16 5
52 22 31
41 8 38
24 20 10
11 15 6
29 21 33
13 7 27
15 19 30
9 4 16
7 15 17
3 19 32
39 25 24
12 2 29
34 9 21
14 22 12
19 24 25
1 25 2
3 17 4
38 5 28
26 17 36
53 7 16
14 25 39
8 10 22
4 9 27
34 23 7
38 11 18
18 2 11
18 4 31
41 17 18
9 14 1
7 11 1
21 15 35
39 20 22
40 3 32
24 20 23
25 25 18
44 8 11
53 10 7
16 3 25
36 24 2
33 20 1
32 18 13
29 4 25
47 21 3
16 20 40
14 17 20
29 12 13
53 14 23
52 10 19
20 15 35
19 10 20
37 21 14
50 1 12
40 5 10
5 13 14
39 20 2
9 1 19
54 23 2
9 9 8
9 3 2
39 18 5
25 7 22
20 10 24
29 1 5
5 13 32
52 4 21
19 3 6
29 5 8
16 24 5
33 23 38
45 7 18
32 16 40
15 10 14
7 23 36
29 23 35
25 5 15
13 12 5
40 4 28
44 1 30
32 9 11
46 15 13
48 3 2
51 7 9
47 24 37
43 7 28
52 21 36
36 5 10
42 21 13
52 14 23
47 9 38
53 17 9
43 10 18
53 15 35
25 14 4
45 13 34
14 10 10
17 15 23
12 12 5
8 4 16
53 9 28
18 8 27
1 14 33
24 18 21
10 6 3
7 14 12
35 3 32
35 13 1
43 6 21
32 20 26
33 18 8
27 8 30
19 14 26
37 11 1
7 19 28
19 19 40
18 19 5
30 21 36
21 19 22
10 19 36
48 24 29
6 16 36
2 9 33
2 23 3
1 20 38
1 24 39
24 15 33
19 25 20
26 15 37
17 17 27
37 14 24
6 16 13
8 7 19
37 6 5
4 10 3
28 4 38
34 4 23
1 5 3
48 11 26
5 25 28
43 11 36
10 5 11
34 18 12
43 15 25
46 21 25
18 22 25
49 15 27
34 15 28
27 18 36
49 12 31
15 12 23
35 22 28
39 15 14
28 1 34
53 22 7
49 18 22
21 17 13
1 23 13
45 8 3
29 10 2
13 8 11
29 9 12
11 10 19
27 2 12
27 3 24
51 5 35
44 3 22
20 3 35
45 3 21
40 19 30
15 20 27
17 19 39
52 13 4
15 6 36
29 18 12
51 11 11
20 5 35
52 14 22
51 10 32
51 2 25
43 16 16
50 5 8
16 7 28
26 6 27
8 1 29
25 16 34
33 16 22
39 9 29
37 17 28
37 6 2
34 20 37
37 7 35
37 7 8
41 19 15
32 1 25
14 3 22
9 8 33
40 8 21
44 20 5
25 4 2
14 12 35
18 10 39
5 3 12
3 13 7
34 16 39
52 13 11
3 20 29
52 18 9
27 19 28
31 6 27
46 20 26
50 1 19
34 23 33
35 18 35
26 20 5
21 7 29
37 13 21
29 13 30
52 17 36
47 5 6
48 9 11
10 19 30
9 4 38
10 17 33
21 20 2
20 5 15
17 15 25
46 23 26
24 17 3
5 10 11
28 23 12
4 5 24
50 6 35
26 14 38
48 6 16
30 22 31
24 20 40
49 11 15
17 20 31
20 23 24
8 19 18
44 21 29
19 25 5
10 21 30
38 8 24
9 5 6
11 14 23
32 10 38
9 19 32
43 24 20
10 5 8
42 23 19
12 7 10
33 19 26
53 9 14
45 1 37
45 5 19
45 5 3
13 12 3
24 7 23
44 18 13
52 6 18
8 22 1
53 10 2
38 24 34
22 19 31
3 19 13
52 20 25
54 13 36
8 13 21
14 25 35
28 12 23
28 2 34
4 7 27
38 8 29
6 25 4
31 2 30
43 9 12
38 2 37
14 5 18
40 12 4
5 24 35
50 18 14
1 14 14
25 12 40
18 25 6
50 19 3
40 11 15
5 5 21
18 19 37
39 17 15
21 10 28
5 11 23
9 10 17
31 9 29
35 25 28
3 2 40
44 15 33
44 12 19
5 13 13
53 23 16
23 15 17
32 1 28
40 22 35
33 17 33
46 4 29
27 15 29
44 21 12
22 2 23
32 13 3
31 25 34
11 4 1
2 10 4
41 21 33
41 10 10
35 3 15
36 21 25
52 15 24
40 9 21
13 21 29
51 17 40
41 16 13
54 12 25
39 6 11
44 1 6
22 1 28
32 8 32
25 15 3
33 9 28
8 4 23
17 14 7
23 19 4
11 16 13
24 24 24
40 1 12
8 9 32
44 10 21
13 24 9
27 4 32
30 5 40
1 10 19
5 11 11
36 14 34
41 7 26
30 10 18
28 4 24
1 17 11
44 6 20
46 25 23
15 12 15
34 18 10
9 22 17
5 15 5
49 9 18
38 11 33
12 7 2
49 2 5
41 25 6
22 23 5
16 12 31
26 19 35
7 8 22
2 16 20
12 23 22
12 13 40
35 20 3
8 1 20
23 10 6
39 6 18
45 10 3
50 13 36
8 24 9
10 25 9
13 17 32
15 6 16
3 12 24
25 20 31
31 24 23
40 2 34
33 8 25
14 8 27
32 20 5
13 22 1
17 19 21
34 9 15
50 23 3
42 13 11
24 25 6
34 23 10
8 7 31
24 24 38
20 14 21
20 14 25
30 19 26
24 12 26
8 20 1
54 3 32
5 19 10
50 12 22
52 3 28
20 16 2
43 22 11
50 4 8
42 4 30
8 19 10
36 25 35
22 20 20
21 14 13
27 4 38
1 2 1
2 11 13
7 13 15
32 10 12
16 25 11
41 21 3
14 7 27
46 22 24
2 5 34
25 13 17
13 7 8
36 7 33
16 14 16
11 12 38
13 4 17
15 8 12
13 23 23
48 12 17
45 11 39
50 22 39
37 6 1
29 8 4
14 3 30
32 23 16
6 16 28
13 15 22
3 23 36
25 17 13
12 8 21
23 12 14
50 3 10
6 4 29
25 22 10
29 1 5
43 13 6
36 10 32
33 16 35
27 17 29
17 6 14
13 25 13
25 11 26
41 16 25
16 10 32
34 3 2
42 3 34
35 12 24
9 7 24
14 19 21
18 8 23
39 21 38
50 6 25
51 24 27
27 3 13
51 24 12
27 11 3
31 7 10
15 11 8
10 15 35
16 4 26
50 11 19
30 8 7
51 7 14
37 5 3
52 18 21
52 1 40
10 12 4
2 3 23
14 25 12
34 21 21
20 19 2
41 8 13
38 16 22
33 18 14
46 16 18
8 18 40
36 20 23
23 2 10
32 1 32
37 25 33
28 9 29
43 24 21
41 17 32
17 9 2
9 25 19
28 16 24
46 20 9
25 24 37
45 24 7
3 10 36
45 21 9
54 23 29
54 5 6
15 7 32
49 25 15
35 11 40
34 8 16
6 24 2
17 10 11
4 3 38
11 10 24
39 20 33
1 12 3
23 17 16
7 17 17
34 8 28
5 20 2
13 14 15
20 10 8
47 15 26
24 18 27
19 8 29
40 10 28
12 8 4
48 17 2
30 7 12
27 16 28
28 18 34
17 20 23
34 18 15
16 8 8
29 3 27
31 14 25
36 19 10
14 10 20
5 24 40
1 19 4
12 8 25
29 21 19
25 24 5
43 13 21
53 23 6
38 17 16
49 18 28
46 12 35
16 6 17
5 1 16
50 15 21
54 10 39
23 4 1
54 10 38
26 15 34
17 24 29
46 24 1
32 6 29
43 6 11
50 13 40
33 17 32
33 14 20
17 6 28
26 7 21
31 22 3
37 17 16
28 22 7
35 19 22
47 9 17
10 6 9
15 25 22
15 16 36
52 23 27
5 9 16
8 23 36
40 5 37
5 14 26
54 8 29
44 17 13
28 10 12
35 3 20
48 16 29
18 17 7
34 10 38
27 24 3
44 13 12
23 18 21
5 3 6
19 17 3
34 23 24
31 7 6
45 7 31
44 14 8
14 11 31
3 22 35
36 8 40
31 17 40
9 1 39
6 14 26
16 10 13
24 16 25
13 25 10
24 6 3
48 20 29
25 14 12
12 8 8
44 11 22
3 21 39
30 21 36
10 25 28
33 5 5
33 13 26
14 5 18
41 25 35
6 3 8
7 10 9
13 6 7
42 21 31
1 8 19
3 10 18
50 19 25
16 23 1
54 5 33
4 5 16
6 16 5
35 18 23
1 2 32
39 22 36
25 17 20
14 5 20
23 2 17
44 24 8
5 16 25
7 23 3
29 16 40
19 8 14
32 2 18
54 22 11
36 19 11
36 21 11
11 1 35
16 19 17
20 14 40
30 17 28
45 2 24
26 3 24
31 20 12
34 19 37
25 20 22
27 6 24
21 22 13
30 8 13
30 15 38
17 2 19
39 21 31
17 16 4
25 24 25
12 2 26
25 25 21
25 14 39
45 6 33
47 3 14
44 25 15
8 5 5
7 8 3
20 3 40
2 5 34
49 4 33
46 25 19
35 17 33
52 6 7
36 17 18
34 9 38
37 3 13
31 20 38
45 19 2
47 6 28
1 2 36
36 8 20
14 24 32
27 6 2
17 22 35
12 20 14
4 3 26
53 19 3
10 1 39
27 3 12
13 9 27
36 17 15
36 10 14
43 8 36
33 12 25
16 12 25
43 13 19
5 5 29
25 10 13
29 20 13
2 22 36
26 6 26
1 9 12
7 4 8
36 18 9
32 2 16
48 10 10
26 7 35
33 21 17
50 19 31
20 23 26
31 7 10
32 16 17
51 8 22
27 11 4
43 24 19
42 6 28
1 24 20
18 16 38
12 2 15
1 15 10
30 4 8
40 23 15
12 8 22
1 24 27
1 14 37
38 12 40
12 1 32
13 17 18
7 7 10
12 9 28
10 20 16
44 2 2
5 24 24
20 11 34
36 15 39
18 11 40
54 5 18
36 25 38
10 10 8
5 16 9
22 7 5
11 15 24
7 21 35
50 9 6
46 7 29
45 11 33
43 25 17
16 3 32
19 5 32
51 13 40
54 9 11
36 18 14
4 5 36
18 13 35
31 24 30
15 24 22
23 8 19
30 10 24
28 16 24
44 13 25
40 17 16
19 4 28
24 7 13
16 2 12
51 2 8
47 3 31
6 17 6
19 5 32
14 9 38
45 11 36
34 7 32
53 7 22
31 24 32
26 13 4
12 6 4
40 17 9
4 13 24
27 1 7
12 15 37
3 4 12
28 12 36
1 9 22
29 18 16
52 9 3
50 25 25
41 22 21
35 2 4
3 25 20
25 9 7
37 17 30
43 9 6
30 1 25
38 7 39
37 21 17
49 9 20
29 15 19
54 24 12
8 8 6
6 6 28
46 21 26
30 17 15
2 16 22
21 22 30
21 21 33
4 21 10
31 18 35
41 19 16
29 13 39
14 8 16
32 19 8
18 12 31
7 5 25
18 14 1
15 11 23
42 25 35
18 19 4
40 1 38
52 16 33
25 4 33
28 6 19
49 25 22
8 12 25
41 13 31
22 20 8
3 11 37
37 16 35
25 15 27
42 24 2
40 20 26
1 8 17
48 9 8
27 19 25
41 4 10
13 25 18
53 23 14
10 8 18
24 11 17
28 10 24
47 1 11
29 19 18
3 13 12
23 6 33
36 23 34
54 12 37
17 25 36
10 9 21
26 12 30
33 4 4
5 22 17
7 12 9
11 2 36
41 14 33
19 22 15
35 16 15
42 17 3
40 22 1
41 23 15
22 23 25
28 5 31
31 18 36
46 3 24
25 6 18
11 4 38
3 23 22
19 19 21
28 23 27
28 15 19
50 11 28
10 6 27
39 8 29
9 17 38
3 17 37
10 4 8
7 24 35
49 14 29
4 13 20
2 25 9
26 10 39
53 19 38
6 10 4
8 15 29
9 11 6
20 6 39
4 18 33
43 23 18
42 25 22
46 23 1
19 20 6
27 7 39
39 4 21
33 3 11
54 7 28
8 15 4
38 17 28
32 19 17
53 7 6
29 8 6
54 14 22
27 19 5
49 16 16
4 2 7
47 4 21
15 3 37
49 13 30
54 12 25
22 16 31
5 23 24
40 14 24
38 4 10
51 14 18
47 6 7
48 24 10
15 15 35
18 4 9
12 7 27
46 13 3
33 10 18
31 7 29
34 11 7
30 2 14
38 12 16
41 11 33
4 8 25
13 23 4
48 1 35
31 18 32
40 21 38
20 11 9
35 7 39
13 4 15
50 21 14
32 14 16
34 4 15
4 15 18
26 22 1
9 15 23
7 4 37
40 12 39
51 17 19
24 8 20
52 20 21
20 7 22
4 3 13
24 10 29
8 16 24
4 24 28
32 25 37
25 6 19
40 13 2
22 19 19
46 4 18
26 16 37
50 21 11
33 13 21
9 18 5
20 2 19
13 15 35
7 4 7
10 25 24
13 17 12
42 2 36
39 4 24
35 18 6
3 10 35
1 23 31
21 21 18
46 23 26
14 12 23
25 20 28
31 25 4
31 24 16
6 15 26
9 1 4
43 7 11
14 16 37
21 16 35
1 2 11
16 12 17
42 11 28
28 5 6
54 4 13
47 12 20
50 22 33
47 20 26
22 22 5
16 7 35
20 24 35
20 23 31
53 8 2
28 22 2
16 17 14
48 24 19
36 6 10
30 1 14
53 4 40
3 22 5
52 11 39
22 11 3
22 4 10
7 10 8
17 16 19
3 19 2
20 17 12
47 17 13
29 20 34
1 15 26
14 15 2
34 23 28
10 16 32
34 3 24
42 2 3
17 1 40
50 13 20
15 19 2
47 12 25
42 5 2
51 24 29
53 4 11
42 15 40
23 21 30
28 22 13
5 16 27
22 10 23
33 7 12
47 12 13
32 25 35
27 23 11
49 4 17
10 1 40
11 5 8
36 15 40
44 3 39
48 11 28
41 20 17
9 17 29
47 12 13
51 7 40
16 22 22
53 21 11
34 23 20
41 22 37
10 11 9
41 20 9
33 9 4
29 18 29
4 14 24
19 14 29
45 9 36
46 18 28
24 25 11
2 14 12
27 19 12
6 16 30
42 24 34
12 19 26
36 15 12
6 25 15
33 4 18
7 1 8
53 8 15
47 2 28
30 14 22
18 7 37
7 17 23
3 23 33
45 18 13
34 11 2
29 11 40
35 13 2
21 2 32
25 14 40
52 17 31
41 10 24
20 24 21
43 10 3
30 20 24
32 22 13
37 17 27
9 25 9
32 25 37
24 24 10
42 1 36
15 21 33
2 4 2
16 20 40
39 8 22
35 9 35
25 11 12
51 11 25
52 23 28
30 5 31
16 22 11
24 25 29
17 4 5
19 20 37
39 21 11
8 25 35
15 18 6
51 16 34
48 25 22
26 8 32
40 3 24
5 4 38
11 14 20
13 5 39
4 2 28
43 23 36
50 2 35
54 2 8
32 15 7
39 6 13
7 5 35
26 19 12
18 5 11
24 11 3
6 17 15
41 2 5
5 16 40
29 10 26
53 7 18
35 11 30
12 12 27
41 16 10
16 10 33
37 17 14
9 8 40
8 23 20
18 10 21
17 18 40
32 4 36
37 14 21
17 5 21
8 10 30
3 3 39
17 23 4
50 17 18
50 24 5
3 8 39
42 24 13
33 14 30
24 4 15
32 4 25
3 7 15
52 5 24
3 19 30
50 18 17
41 9 5
33 23 20
9 6 17
13 1 35
3 24 39
26 18 4
16 1 16
12 20 31
47 24 26
52 21 4
51 24 36
23 11 14
6 9 10
16 23 34
48 2 20
31 1 25
53 24 11
22 15 27
47 18 27
50 16 31
18 17 24
4 4 37
52 5 20
33 22 31
14 7 16
20 21 5
21 24 3
22 1 39
46 12 13
10 23 30
37 22 5
19 22 10
34 9 10
46 7 34
27 7 33
4 18 27
51 3 40
24 10 9
15 3 7
23 17 18
13 13 22
14 18 33
43 14 10
20 23 32
20 5 1
15 22 34
8 7 39
22 6 39
50 3 4
6 6 31
13 2 16
52 6 30
9 20 4
26 7 27
44 24 15
25 5 15
1 17 12
37 18 33
7 18 30
22 14 16
48 3 9
42 14 15
33 1 9
2 2 1
28 10 22
16 7 30
27 17 7
35 2 25
21 17 40
42 18 37
44 20 25
19 3 15
46 22 10
34 17 30
38 1 21
31 22 38
38 24 5
15 14 31
9 8 32
54 6 16
12 4 11
12 9 7
18 4 40
48 10 30
3 8 12
40 4 3
38 8 19
48 5 20
7 2 30
10 10 28
20 22 21
43 2 21
34 12 7
18 7 36
19 10 14
1 2 32
18 13 6
38 3 13
21 19 4
54 10 20
43 2 22
15 2 8
50 17 31
20 22 35
46 11 40
48 10 15
9 2 9
31 23 2
51 14 27
52 22 36
8 14 30
32 25 2
7 13 40
51 14 1
1 12 4
7 13 22
50 9 31
13 7 23
52 20 8
5 6 18
1 25 7
49 22 38
40 23 34
40 4 34
3 6 14
50 12 22
32 15 22
8 18 11
52 7 11
15 11 23
48 15 34
21 7 39
5 6 39
15 5 4
29 18 24
40 9 20
21 14 25
17 10 37
54 6 20
48 1 7
19 24 20
2 18 24
41 21 40
28 5 18
31 21 10
50 4 14
37 23 19
29 7 23
14 2 39
26 21 14
52 6 25
52 21 10
6 23 33
11 20 25
43 16 15
3 7 14
49 18 17
8 1 23
12 10 6
31 9 37
52 24 38
16 4 36
23 24 25
28 21 39
4 2 39
31 23 36
47 22 1
48 20 38
42 20 17
1 17 24
44 16 24
5 23 21
21 11 3
8 8 13
51 13 11
22 18 5
29 25 37
15 20 31
50 4 33
20 4 38
8 10 22
37 18 9
51 22 10
46 5 11
21 14 9
32 2 26
12 11 8
54 19 18
48 25 8
34 22 8
36 14 24
24 10 11
38 8 23
48 21 25
34 15 38
11 18 20
8 3 20
40 23 32
3 16 38
49 12 7
39 9 4
27 3 38
48 1 30
17 13 31
42 24 28
41 4 1
40 5 10
21 2 18
42 8 10
6 10 3
44 22 38
27 9 1
31 6 35
30 6 35
23 10 22
41 10 37
26 13 35
3 10 26
9 6 7
14 21 6
27 16 14
30 24 22
24 20 21
45 3 18
28 14 4
3 7 39
4 17 20
16 16 21
16 3 2
23 1 22
7 24 28
18 12 30
2 20 8
31 5 25
10 3 5
49 19 3
34 22 39
28 13 32
34 7 14
43 14 40
37 10 17
9 5 18
8 12 4
52 20 30
54 2 36
22 21 11
36 20 1
42 12 25
45 1 10
24 11 23
51 6 24
16 2 19
37 5 27
33 4 35
3 10 3
54 13 40
21 9 7
51 1 7
11 15 39
39 2 12
9 11 40
9 16 29
1 11 23
10 11 23
22 1 25
20 7 16
35 7 5
19 13 39
6 17 26
37 9 27
48 23 23
50 9 34
25 12 20
34 3 20
8 21 19
38 13 31
7 16 4
24 5 11
24 24 21
36 23 7
8 10 38
17 17 1
1 7 6
48 3 3
9 12 12
6 21 2
54 15 18
42 2 40
31 13 30
22 15 35
36 2 13
47 6 32
32 3 12
12 4 31
3 18 32
11 16 26
28 18 21
43 18 11
41 1 39
23 1 31
1 10 21
50 1 32
17 10 29
7 22 16
26 25 19
26 14 4
12 18 7
26 5 11
5 20 34
18 7 28
2 17 28
44 12 5
8 21 5
43 8 11
3 4 39
52 10 9
35 16 18
17 6 12
5 13 26
22 17 14
42 11 31
44 15 32
38 4 11
13 6 15
13 16 16
47 4 34
30 6 24
24 14 14
20 12 14
2 13 39
15 14 15
37 8 39
49 16 25
18 16 31
11 11 34
10 15 9
54 10 31
40 25 31
7 19 9
11 24 24
34 20 39
2 5 15
27 3 27
17 2 26
29 18 13
46 11 9
26 6 7
33 8 37
30 22 8
9 12 9
8 4 27
19 24 15
16 6 11
4 6 24
51 1 40
14 13 34
30 16 16
42 10 13
39 23 23
50 4 24
48 23 4
25 4 29
20 17 28
6 20 6
16 16 33
34 13 9
26 1 38
46 20 12
4 3 32
12 7 5
19 13 38
20 12 24
36 18 18
49 19 24
13 5 7
24 4 20
10 19 9
43 9 32
1 18 15
23 19 13
46 24 24
5 13 2
36 1 30
32 24 23
35 18 22
45 4 4
19 15 4
24 15 28
53 3 19
42 5 5
44 15 14
43 3 30
42 10 1
39 15 3
48 13 4
1 16 38
7 20 20
39 23 33
16 12 33
40 21 17
34 2 36
21 2 30
36 24 21
45 10 26
11 6 23
49 14 35
36 11 29
13 24 9
33 21 2
50 13 24
39 12 29
1 15 15
10 16 2
9 15 2
54 10 35
6 18 30
17 25 30
11 8 23
25 10 33
38 1 18
18 17 23
38 6 33
24 7 18
28 14 11
31 11 15
4 16 10
45 10 8
15 18 16
31 2 18
25 23 7
30 7 16
16 14 39
51 23 17
31 8 2
54 24 35
42 20 28
19 14 8
17 6 31
17 25 3
26 11 31
41 17 36
34 6 22
4 18 38
45 16 32
14 11 36
27 19 15
35 9 26
28 13 13
42 2 23
18 9 19
50 4 21
4 16 20
28 4 12
35 9 11
20 20 15
22 18 38
4 3 20
2 12 22
15 21 30
39 7 17
54 7 12
33 20 17
52 4 1
17 24 32
15 5 10
20 3 29
32 7 29
53 23 24
30 15 10
24 3 7
4 22 5
38 6 6
46 4 17
27 25 9
23 15 33
13 20 7
23 14 14
44 20 38
46 22 17
4 2 34
44 18 14
35 1 12
7 1 16
23 20 5
25 9 6
24 18 17
11 21 1
20 10 12
42 19 8
8 11 1
16 21 28
43 18 25
15 19 34
6 8 26
14 5 10
17 3 17
41 1 8
15 25 5
16 17 39
14 15 31
14 10 23
40 20 24
35 18 27
40 21 20
39 12 37
44 19 37
37 5 35
44 10 17
33 10 18
23 5 33
22 5 17
46 2 36
52 20 10
53 23 29
15 12 18
39 9 22
18 8 34
14 5 15
38 25 13
3 21 6
49 4 9
8 5 19
17 16 21
29 12 15
8 6 31
34 14 37
32 8 30
31 8 19
31 21 7
34 6 6
11 8 10
13 4 38
39 1 38
8 10 39
21 4 38
16 24 12
9 21 15
19 23 19
12 16 4
46 21 16
23 22 24
15 16 22
41 8 20
14 2 6
21 13 35
11 13 4
31 5 26
15 11 24
51 13 2
34 4 24
6 5 3
50 21 22
20 14 7
17 22 27
38 5 28
41 11 1
8 1 31
15 22 12
14 4 18
2 13 17
21 10 5
42 7 6
27 9 32
22 7 15
52 7 17
31 17 23
18 9 35
44 15 38
44 11 1
15 22 40
1 18 15
11 15 34
26 7 2
20 9 1
16 24 33
39 10 23
48 8 37
52 11 38
40 13 21
26 18 10
23 12 12
32 3 26
40 11 1
53 5 34
8 5 24
1 21 33
25 15 19
21 9 20
24 11 26
33 2 7
34 19 1
44 1 19
49 4 21
23 25 14
33 20 22
11 20 5
11 2 33
45 14 4
18 23 37
39 17 18
51 10 39
23 13 36
9 9 26
20 5 24
6 7 31
23 9 15
51 14 1
32 12 7
6 15 11
40 21 37
38 17 29
30 22 31
10 16 6
12 5 32
50 15 16
21 4 9
48 7 9
35 8 8
20 5 38
14 17 4
10 7 34
50 22 2
23 2 24
33 11 34
48 21 38
21 10 7
27 17 18
36 16 28
18 23 22
32 2 8
39 13 5
38 13 17
41 7 11
39 13 14
24 18 29
39 17 35
10 4 27
37 4 14
2 18 16
23 14 27
9 1 7
9 9 2
35 23 6
39 5 36
5 9 24
9 7 9
10 18 14
32 9 5
42 14 24
34 14 8
12 7 14
52 12 19
53 24 10
40 18 8
3 6 25
37 17 3
14 3 2
27 10 9
17 13 3
5 5 34
45 10 25
44 7 4
54 21 11
27 5 16
49 15 39
52 25 31
14 7 3
7 7 4
10 11 31
6 6 25
16 20 24
23 6 27
21 23 37
26 24 37
9 2 1
32 18 8
50 10 33
42 21 8
27 8 37
27 25 10
30 25 38
46 4 20
20 18 19
5 20 39
34 12 1
29 16 38
24 13 3
47 15 33
25 21 23
36 2 7
14 19 19
2 3 29
37 12 1
12 11 24
48 11 19
34 7 13
6 17 25
40 16 29
49 12 4
39 6 27
40 14 39
39 19 27
14 16 13
9 17 36
18 23 16
24 5 24
43 6 19
41 5 39
1 8 39
8 19 31
5 1 9
5 2 28
51 24 5
11 14 21
31 6 25
32 5 4
7 24 39
42 13 38
47 25 38
49 13 33
13 5 36
23 21 1
35 20 8
31 19 8
45 11 8
9 20 5
29 2 34
37 21 12
11 24 4
38 15 37
47 3 16
52 1 9
2 21 34
14 4 31
44 23 20
26 23 32
3 22 12
13 18 11
40 24 6
34 18 3
13 12 18
35 10 18
12 18 25
8 2 12
9 3 6
24 22 8
54 16 18
26 9 17
49 5 38
12 14 34
14 2 34
4 6 1
22 9 22
26 10 31
16 3 32
41 15 20
33 10 33
38 3 11
4 9 22
36 20 21
17 2 14
2 6 28
29 14 25
50 17 38
48 25 30
3 14 5
54 5 18
40 7 18
38 5 10
47 4 22
46 4 11
33 11 10
10 1 11
32 6 12
19 9 23
16 21 13
47 8 22
20 24 33
28 8 17
42 7 22
21 14 25
17 24 2
30 18 3
53 3 40
5 5 6
38 2 40
10 15 10
22 9 39
37 2 37
49 21 18
22 9 39
33 3 29
17 17 30
10 14 18
10 20 5
48 10 16
39 11 7
10 21 17
6 18 25
18 7 17
13 2 16
32 22 33
48 2 34
22 8 23
29 7 32
10 9 11
29 15 17
13 14 8
7 1 14
2 20 15
15 5 9
40 11 14
35 3 21
3 24 40
27 11 24
36 16 30
6 11 21
14 18 1
9 5 35
2 16 12
54 21 6
21 10 33
8 19 15
29 21 19
32 7 20
42 6 20
1 24 13
5 13 9
1 1 16
43 9 27
2 5 10
17 18 14
26 7 4
45 10 36
51 15 1
38 15 6
47 7 22
38 8 31
4 13 17
17 7 35
46 13 5
25 22 35
26 19 23
7 7 24
26 4 3
51 25 18
28 23 27
50 21 24
32 21 5
3 4 5
15 19 17
10 20 31
10 15 10
12 16 16
54 3 19
31 24 2
54 6 12
49 24 13
39 22 3
46 16 20
52 8 10
42 18 39
45 24 21
19 18 11
21 25 3
6 21 36
12 17 40
51 25 3
26 15 20
53 12 16
19 9 10
14 10 40
20 22 8
25 5 9
22 7 10
5 3 29
32 18 14
14 4 40
52 18 20
50 13 14
52 23 27
17 19 2
49 8 17
43 1 37
1 15 40
49 17 25
7 11 22
16 14 18
1 9 14
33 13 27
3 6 7
43 25 1
11 15 13
37 24 40
29 7 32
2 16 25
33 5 20
21 19 16
54 4 32
30 16 31
33 13 17
2 4 40
5 18 25
14 17 27
13 23 18
38 8 39
43 15 17
49 24 33
10 14 23
28 25 6
32 3 2
54 4 30
2 13 1
33 11 34
28 6 31
3 13 14
19 1 4
40 21 36
3 23 25
28 10 23
17 5 23
29 21 13
44 15 18
24 25 1
5 13 12
41 22 12
11 21 11
12 15 6
12 19 27
31 25 36
48 16 25
12 20 13
51 8 23
5 16 1
31 4 1
7 3 11
20 8 37
5 10 31
14 15 5
16 25 1
32 6 10
19 10 11
8 14 15
40 14 9
23 5 12
49 13 34
26 2 23
19 6 35
3 22 23
20 4 25
31 23 2
2 17 33
20 6 39
1 20 32
50 23 34
4 9 3
2 24 22
22 13 7
19 21 28
47 16 17
44 13 27
21 25 15
16 1 10
30 9 12
9 21 26
38 17 5
24 14 1
52 13 25
19 7 2
22 4 26
11 17 2
43 23 35
22 13 11
20 21 40
26 24 39
21 7 32
13 3 13
6 12 35
9 7 9
26 17 30
23 7 13
35 14 12
6 11 5
46 22 31
30 20 17
11 6 21
53 5 33
34 24 10
3 21 38
44 3 21
22 22 20
45 23 9
38 21 17
14 8 8
8 17 31
51 23 27
3 7 36
12 24 31
28 7 21
44 23 13
3 3 35
2 10 29
43 20 21
23 18 13
33 2 24
27 22 37
33 13 22
16 20 9
49 24 7
32 5 37
17 11 30
9 23 20
38 20 33
35 25 40
7 13 10
33 6 10
11 12 23
30 17 7
45 13 40
11 13 23
40 12 2
43 4 10
33 12 3
13 11 17
28 1 39
40 11 12
49 12 24
36 20 4
26 10 23
29 8 21
48 5 17
41 18 17
26 9 27
11 5 12
15 3 37
35 21 24
8 10 29
25 19 15
15 15 33
50 14 22
25 14 8
11 4 30
36 16 19
45 24 21
46 12 10
1 5 40
54 24 2
6 23 20
13 19 3
33 21 7
28 2 1
24 24 24
18 6 18
49 20 27
5 12 15
47 16 6
53 17 38
1 15 25
41 16 23
13 22 14
4 19 25
53 15 9
21 5 18
6 11 14
45 24 35
14 4 38
30 21 3
30 7 24
34 20 37
31 13 21
29 2 34
43 7 30
43 23 2
19 6 1
40 1 28
29 7 15
38 8 32
28 5 34
50 14 37
20 25 33
40 23 2
50 15 26
25 21 36
24 12 16
4 3 13
52 7 8
8 4 25
44 15 37
48 10 14
34 6 26
8 1 23
5 20 1
36 9 22
26 7 20
12 18 15
4 10 36
48 17 38
16 1 3
51 6 6
12 5 14
21 24 12
38 6 33
45 19 16
48 21 24
24 16 4
29 13 24
4 22 38
14 20 40
11 24 4
50 15 12
16 7 34
36 8 8
3 1 29
18 7 14
48 1 7
40 16 28
49 22 13
24 24 19
47 25 20
31 5 15
23 16 24
34 8 17
25 16 6
20 9 24
24 11 26
4 22 29
44 22 12
19 1 31
30 2 34
52 11 18
10 2 21
26 16 34
36 15 14
30 7 23
7 2 25
11 5 40
21 10 5
47 8 38
23 10 13
19 19 15
53 20 8
52 15 40
7 20 9
49 20 15
48 12 18
19 21 8
24 7 28
35 18 12
15 7 30
34 6 18
52 8 17
8 20 40
39 24 32
39 4 22
5 12 19
4 8 22
52 14 15
31 6 36
51 9 14
15 2 4
39 7 25
33 25 17
47 1 11
44 14 5
7 4 28
7 6 35
19 3 40
33 7 15
15 19 4
6 18 40
30 12 37
17 2 17
10 22 18
41 21 40
45 5 12
23 21 6
46 12 34
1 23 27
11 14 22
45 10 28
16 17 31
27 3 1
41 20 40
29 25 12
29 12 6
51 13 31
28 9 25
25 9 37
38 24 5
29 5 5
11 1 18
5 9 14
22 6 6
35 17 36
44 15 21
26 3 18
37 6 1
30 20 22
7 20 23
50 17 11
45 6 20
39 3 5
49 1 34
42 4 40
28 20 35
17 21 28
16 7 23
39 3 29
8 22 15
40 11 31
41 23 7
4 18 3
4 16 6
16 13 28
36 7 1
24 14 38
23 10 35
20 16 19
54 8 39
30 3 40
38 4 37
21 11 39
30 14 23
19 9 21
1 8 11
6 7 38
1 5 13
2 2 36
19 18 14
3 23 29
41 9 13
14 8 19
25 14 20
21 3 19
45 4 11
38 11 11
32 23 28
20 10 5
4 15 20
35 14 26
32 12 33
32 24 2
39 23 30
19 24 17
24 2 4
2 10 22
34 21 14
14 21 22
48 4 4
9 24 26
5 4 40
10 20 14
26 18 36
52 22 18
17 6 2
46 18 18
54 25 5
26 6 18
32 9 27
51 21 8
34 16 23
10 12 14
16 4 35
31 5 2
11 8 28
32 14 18
52 22 27
52 13 18
22 21 7
27 10 10
52 25 26
49 13 30
38 5 21
44 2 37
16 19 34
6 10 37
36 14 11
25 15 23
2 6 15
14 9 12
2 11 6
47 18 1
43 25 8
50 24 36
15 11 18
5 17 38
8 8 5
30 6 18
35 23 26
48 18 2
5 12 31
30 1 28
52 23 1
22 19 40
10 13 19
29 16 34
45 18 4
31 3 17
38 25 23
54 17 17
14 1 24
19 23 30
38 15 31
31 10 13
18 21 13
26 5 14
16 11 17
45 16 26
40 18 10
8 10 3
39 13 18
2 11 5
12 16 6
52 25 18
39 11 11
30 3 23
24 13 2
37 8 25
35 5 39
48 18 10
13 24 20
20 25 16
5 12 21
12 7 28
22 16 26
40 13 6
44 1 4
33 21 11
19 13 4
27 16 37
11 8 11
46 7 2
41 25 23
16 10 34
2 18 17
1 5 30
13 21 6
27 7 22
13 1 35
48 17 21
34 3 5
47 23 17
20 18 32
13 11 3
9 16 25
35 25 24
31 21 28
37 8 39
8 10 4
41 4 35
44 9 30
13 17 2
17 21 3
28 23 25
51 22 17
41 7 38
42 9 5
47 9 16
29 3 38
22 7 3
29 15 38
45 6 28
22 19 2
20 13 14
5 5 25
11 6 24
53 1 27
6 16 8
9 12 29
46 6 8
44 18 18
27 25 14
53 6 11
13 4 5
3 4 21
30 22 28
13 13 29
45 12 31
48 18 12
31 10 11
16 9 8
2 22 8
54 1 36
43 14 38
18 24 36
16 18 39
47 7 18
10 20 19
40 19 15
19 22 5
44 12 5
10 24 25
51 5 15
2 8 17
24 11 15
40 19 10
38 19 39
27 17 10
16 10 4
32 8 25
1 3 19
1 4 26
30 9 40
7 21 14
52 19 23
35 23 38
3 16 39
46 2 3
52 25 12
26 15 6
54 16 16
15 19 22
41 18 17
29 15 10
5 11 37
26 25 24
26 4 4
9 2 34
8 20 20
28 15 24
26 14 11
7 16 17
42 10 22
44 7 17
54 25 21
26 25 13
12 25 23
13 18 15
52 1 22
30 14 35
17 10 1
38 6 2
14 25 30
43 7 25
40 23 32
53 3 32
18 24 29
16 6 21
52 2 7
38 24 30
40 18 19
8 21 5
19 25 32
54 6 8
39 3 6
30 21 4
46 8 5
17 15 1
42 5 14
24 15 40
45 21 30
4 20 9
15 18 28
15 2 4
45 19 6
40 17 27
23 1 40
31 18 15
13 8 28
9 23 3
19 16 13
8 21 17
47 11 2
3 13 1
42 23 10
8 13 40
30 22 26
44 1 34
52 19 33
34 24 40
53 13 33
2 2 3
2 22 20
40 7 36
46 14 20
38 9 28
27 5 34
48 4 33
28 10 32
47 11 32
21 2 33
47 3 36
20 8 22
46 8 16
34 19 29
4 16 6
33 15 14
22 3 11
48 24 15
12 25 15
44 9 22
7 19 35
38 15 33
23 1 33
34 3 30
48 10 21
40 13 31
30 4 34
28 22 18
54 9 34
16 12 10
54 13 3
27 23 9
10 22 34
27 7 25
30 1 22
38 20 11
54 22 21
20 7 12
10 11 12
45 13 25
4 18 17
15 20 26
27 17 24
42 21 18
11 15 3
24 11 4
7 9 12
13 21 27
42 4 3
50 19 29
24 21 22
16 7 3
28 11 3
43 23 39
43 1 16
34 19 31
17 11 28
43 14 5
22 19 34
10 17 29
46 19 26
16 8 31
28 5 10
54 20 26
54 8 1
30 12 20
32 4 1
21 16 25
14 6 18
42 15 1
43 7 10
1 14 9
10 14 36
53 12 15
41 13 23
48 9 17
40 18 5
30 17 37
1 13 37
40 4 29
12 2 8
5 8 23
19 19 17
43 20 37
13 8 21
6 3 3
22 2 24
51 25 39
5 1 17
36 11 14
42 8 35
2 9 22
7 13 10
34 16 36
