26 4 4932 110
3322 1858 916 4853 
2437 3833 3827 928 
2121 1712 3523 1531 
2151 914 1543 788 
2050 569 17 3024 
3842 296 1623 2824 
3366 2149 4897 2765 
2220 2926 3253 3926 
714 4227 1385 4184 
970 1361 122 4084 
3651 2271 723 1437 
3059 1641 3869 2954 
57 2895 1616 2894 
1547 4883 4006 3319 
1248 2364 4864 2702 
91 4879 2843 3339 
139 4190 4293 2955 
450 422 560 4760 
3358 4122 3667 4039 
3341 2694 2804 1831 
480 4305 2731 4426 
1595 4599 1887 168 
4335 2076 4530 3445 
4620 2615 1530 3330 
3526 2912 4309 1752 
2078 1301 4380 4127 
14 1 39
2 1 4
2 2 35
4 1 3
24 2 2
15 1 38
5 1 7
7 1 25
14 1 2
2 2 26
20 1 34
13 1 5
15 1 14
14 2 23
19 2 26
2 2 26
11 2 13
2 2 4
16 1 37
17 1 11
3 1 29
12 2 19
7 2 13
13 2 36
6 1 4
18 1 1
12 2 3
23 2 16
21 1 30
4 1 2
12 1 30
4 2 40
14 2 9
1 1 40
5 1 18
11 1 9
7 2 23
6 1 10
12 2 10
17 1 13
8 2 38
11 1 5
3 1 25
8 2 12
2 1 19
12 2 35
19 1 18
18 2 32
14 2 39
21 1 16
22 2 34
22 2 24
22 1 25
3 1 5
3 2 13
20 1 34
11 1 20
12 1 1
8 1 33
18 1 22
12 1 6
22 2 1
23 2 26
14 1 10
10 1 35
13 1 33
16 1 14
5 1 26
8 2 16
16 2 16
16 1 32
19 2 15
3 1 3
16 1 6
15 2 4
2 2 18
22 1 8
19 2 17
23 1 13
24 2 20
21 2 23
1 1 24
7 1 18
24 1 26
10 2 17
5 2 1
5 1 6
10 2 11
14 1 22
3 1 38
5 1 38
12 1 35
1 1 20
5 2 21
17 1 32
12 2 30
7 1 40
24 1 28
8 1 28
20 1 6
21 1 34
8 2 16
11 1 4
21 1 21
24 1 18
23 2 22
23 1 6
1 1 39
18 1 30
17 2 1
