18 82 1555 7378
3092 2344 4070 2419 4127 2992 4833 91 1240 3023 4767 3287 2086 3702 208 77 3152 2503 1473 1364 855 4715 1520 710 1153 2160 4825 2306 1605 4071 3541 2132 1465 962 3831 176 838 122 2379 4585 2459 1327 4737 2864 3985 2719 3974 1106 1970 1626 654 4272 3301 2786 1664 2811 4872 2445 322 1732 4575 1532 2768 4772 3396 1064 542 1559 2237 859 4074 2582 1852 3706 3684 970 4561 4736 3521 4367 1881 3075 
1575 4427 1165 4178 4300 3802 2752 2193 210 1377 1471 2925 3136 3425 3871 185 4140 190 4484 125 4714 2362 2778 3883 3135 3633 1585 4265 2551 1007 2746 2953 33 3526 2563 1993 155 2925 1199 4256 2307 4859 2819 2638 493 361 27 1906 4013 2675 2025 1213 871 4479 1659 780 721 2851 4421 2761 2109 1370 111 1785 2822 2724 771 2279 2944 294 1945 513 4059 643 1834 1835 812 3745 580 3114 551 1854 
3295 743 1776 4557 157 775 4884 4043 3478 3687 4409 3796 145 2188 1091 986 339 4701 2061 300 134 4141 3157 4798 3292 4130 141 1952 2165 2080 3613 270 3541 4250 2214 2214 3879 1598 1801 829 4597 3913 3199 3857 1494 2865 3736 4480 323 4040 4690 1552 3242 4723 4282 2095 4624 2697 68 2814 1212 2870 2831 563 2972 3793 755 1415 2704 1937 1946 31 954 1021 4736 4810 2873 3628 3406 2878 3255 2717 
750 2737 2215 2966 2569 1014 2733 2891 4825 584 2144 1374 2831 1996 1637 889 4505 2241 1338 2482 4564 3800 91 1857 1000 4778 2067 1836 2542 793 826 36 2553 4806 2638 2556 2600 1790 2039 2012 4899 2930 2297 1966 884 3098 423 1276 782 3693 2089 3286 2579 2770 3174 2890 2926 4755 1073 4771 1437 1437 4899 2264 2396 4589 3220 3235 4324 4876 4151 4576 1083 357 2565 1084 76 635 3278 1097 3515 2812 
3574 2353 3424 4735 175 1210 1359 3139 2653 4030 2220 1306 1348 4523 4875 4328 16 4899 4895 1031 3654 4521 347 544 4578 1438 4109 4508 1067 3710 2876 4832 646 353 2092 849 574 1839 2738 1285 3226 144 4272 786 3118 3315 1626 2842 1664 3126 1741 1839 4733 2939 3129 216 4192 2942 3524 4873 740 3421 4330 254 244 1658 4421 1658 1596 1773 2308 486 1669 3924 856 1289 1616 469 1184 2612 1752 624 
1760 2843 4715 2525 1659 2336 916 4671 2349 4188 1838 4751 308 1942 4176 1910 2594 849 1764 4653 2645 179 4457 4730 1483 3610 2623 3414 1279 3394 1407 311 2330 1818 3340 3262 4004 223 3656 3143 1874 1482 3614 3713 1913 152 2919 1301 873 3926 982 2354 4023 2277 2622 3666 1597 2614 4627 2178 1543 1953 3713 4513 2958 3552 3451 4218 535 2097 3391 1628 347 2355 3585 4629 3244 2076 50 4397 3350 4219 
1837 1897 888 2021 3837 3897 2482 2740 2894 1508 2755 2830 4452 691 3444 1369 3116 1683 229 2942 963 1076 3700 796 2209 3860 849 4021 3596 1567 2931 4204 2338 4599 4073 4564 2021 2200 3003 438 4546 322 2402 922 3667 2291 3273 3963 3671 3215 4484 1704 1806 2079 3196 1429 3879 4170 4603 4006 3913 652 936 3761 4567 1134 529 3575 2083 1327 2367 2126 781 1776 1269 4500 3755 2619 2233 4667 4288 3724 
1764 109 2090 3148 3305 3788 4456 911 805 888 1793 1052 3431 4347 59 2123 2478 269 1772 4003 4104 4176 4009 67 1454 644 3881 3447 2259 939 2670 1976 2674 2701 592 226 1797 2509 4513 3729 4709 4509 3487 3339 4086 4601 513 1357 4705 4066 4167 3243 1682 3518 2911 2754 707 301 521 731 698 381 1869 3620 2751 3417 1994 2116 473 3452 4212 706 1577 2971 2260 493 2548 2072 1122 3932 1856 164 
1986 3301 4545 4580 2030 403 2690 1280 3926 970 4401 3478 3631 941 389 2774 1805 3037 2408 1850 4306 2114 1648 4637 371 4672 4452 1070 3926 1720 2080 1655 2316 2635 1668 2942 3783 1165 3973 1453 1913 4474 942 2259 2963 2844 1279 1791 1911 511 625 877 3461 2104 3247 2953 2875 1693 3046 2144 3199 3956 2681 4847 3579 2607 4748 4522 1499 2869 1844 3402 3280 4572 4560 4692 3529 2352 4482 2030 2839 4666 
2296 2046 1707 415 1212 1298 2850 4750 1252 2584 1448 460 1301 4623 3112 2695 4414 1881 3080 647 3349 674 4051 2733 425 1496 4867 4140 4426 1966 2162 4671 266 1728 217 810 1437 4762 2152 1550 637 3049 2153 4474 3432 1222 1078 1845 1160 764 1990 683 1256 4472 3933 418 2832 2784 634 4284 3923 4378 3919 89 4597 3602 2299 934 2361 3337 3993 680 1427 719 3717 3631 1745 3342 701 1037 3212 3751 
3367 882 245 2964 4416 1959 1916 2423 2574 646 3919 467 4757 4065 1846 2923 930 3005 2158 451 1843 788 3729 3272 4447 345 751 3074 4823 2179 1107 45 2361 2171 219 221 3185 3953 4698 2428 2013 4472 4259 4203 909 3628 3762 1418 1798 1214 2273 3510 3858 206 191 4890 3867 4428 3480 1057 3893 3329 2311 579 2897 1421 449 2478 4457 597 3847 4276 1177 4226 787 4586 1291 4524 4108 3810 3485 4672 
2366 976 4638 2880 4179 2679 342 2433 4292 3454 4370 39 3349 851 3359 294 32 724 1154 31 1579 1445 1634 4141 3262 2446 2619 3777 412 862 3361 2762 1395 4364 2297 1040 785 4529 4638 1718 2510 563 4464 2622 2369 3782 3109 616 4486 3509 2388 2718 466 2579 3769 298 609 4357 58 2667 2240 2648 4711 327 4814 3269 2074 3182 1952 3889 803 2239 2576 547 493 752 3128 4600 420 975 4158 2383 
3379 644 387 1981 2570 2031 884 3083 3998 1338 1493 4450 585 181 3601 14 1555 4486 4833 4767 1372 3867 736 687 4264 2778 605 1446 1439 4346 2868 2259 694 2242 1589 323 4253 657 3873 3341 4145 4430 2734 2881 2976 1544 3508 1423 1632 2554 367 3859 900 226 2345 3961 2889 2770 2130 2313 976 2432 3671 3999 3818 4646 4081 2090 4901 3129 4310 4701 3447 3439 830 3427 4615 4600 1639 2023 3977 4571 
2689 3304 4218 3165 1203 2557 3114 2693 753 3801 3716 444 747 2926 3836 1467 3353 4441 4636 3212 1225 399 4240 4395 3933 4721 798 1585 3454 2766 4846 1395 1354 157 2015 4746 4211 1796 3381 1497 3728 500 2556 3897 1913 3258 2158 1589 2017 2004 3415 2892 3612 1880 518 2871 3774 3640 2640 3396 1790 1579 4808 1672 2996 1595 1540 4160 3356 1191 1412 135 3418 502 2269 1730 3368 4375 1251 200 3073 2686 
2942 704 3026 870 832 4316 1088 1623 2544 3727 1217 4740 99 3469 707 2142 4641 1572 2815 1228 3018 2914 3342 2932 290 4554 4848 3001 1513 41 4403 618 17 883 1301 1265 3414 1510 2862 2420 4604 3228 4416 273 4599 1443 3438 1324 1713 2984 3193 1568 2736 461 1325 1207 3030 831 1524 1520 4257 4482 4289 4213 704 4144 300 3252 1919 2248 1209 1263 2332 591 4674 1179 4435 129 2935 2943 1187 1826 
1676 484 4885 2915 3291 2222 4211 2462 1610 2808 1231 2023 3253 1764 1426 4589 2680 3350 2199 4348 2467 4659 1705 4462 4117 1678 2008 3948 689 883 1430 976 3217 408 1750 853 3972 2655 3634 3418 1107 1399 4555 1020 2225 1753 679 2533 4092 578 1104 1279 3620 2417 1339 2471 3761 3289 2452 3551 1818 436 3081 1701 3544 21 1996 928 3143 802 2659 3283 3863 372 4392 1933 1937 893 2182 3858 1299 3852 
796 3721 4251 4588 3296 100 4584 2926 1305 2582 371 1652 3004 3620 2792 2250 1500 3944 3487 4740 926 2628 3663 57 1333 209 3538 2393 4541 994 1519 1396 4705 3549 111 1240 600 1960 33 1823 2815 1561 158 3521 4173 998 758 3905 4408 3747 4773 2503 4084 4511 1847 2680 817 174 637 1149 1947 4122 3603 4892 4892 2737 2419 1853 293 4108 4048 986 272 2604 2506 4472 2274 4763 3190 1230 1325 2045 
4178 2096 3362 2495 1643 3519 3869 766 1972 4455 791 101 23 1744 53 4290 4489 2442 3610 2279 1914 2762 1653 657 134 4102 2939 2047 4791 1588 2617 4856 2712 4129 449 4200 3736 2892 3968 2083 1400 48 3210 827 4594 1672 39 4403 3472 2899 2076 1346 338 3843 2610 463 1666 1229 1003 251 2852 2062 4353 573 3088 171 4213 2175 3057 4671 4734 3356 3013 3771 1655 4606 3023 1231 2201 542 3736 1068 
14 25 3
14 78 4
12 49 2
13 38 30
15 49 32
6 68 40
5 22 38
8 56 6
14 47 22
12 54 7
7 45 40
2 14 21
4 38 15
3 75 13
8 30 5
8 79 16
13 77 19
14 33 38
15 80 13
9 5 36
9 79 19
12 66 11
11 42 7
8 28 12
6 8 36
12 56 8
11 30 13
8 7 16
9 43 25
11 16 17
16 11 16
4 76 9
13 50 25
6 64 28
6 11 2
2 1 9
12 21 19
14 35 9
15 39 15
4 23 23
15 73 19
9 20 39
8 69 1
4 23 33
11 61 9
8 16 5
8 77 7
16 64 26
16 75 38
13 78 20
14 24 6
6 28 4
2 32 18
12 16 28
15 27 37
6 7 31
11 32 11
2 66 13
3 70 15
13 27 40
5 39 10
13 21 8
5 74 33
4 79 18
8 19 23
3 56 13
9 41 17
4 39 4
12 42 13
9 79 11
8 43 27
4 43 31
14 4 26
13 61 39
10 60 23
4 45 38
7 22 11
14 28 35
15 32 21
5 71 7
3 23 15
1 28 13
13 47 24
10 19 30
4 43 27
6 31 25
12 45 29
4 47 23
6 9 12
5 38 28
3 44 36
6 13 16
7 52 23
1 49 7
10 27 32
4 51 31
10 15 9
4 11 21
12 72 19
7 22 5
5 24 3
2 65 13
1 78 38
9 40 32
10 9 15
12 70 31
16 72 26
7 42 32
12 10 29
2 40 33
5 38 26
5 62 11
1 75 10
16 11 9
4 53 24
15 69 11
13 77 29
6 78 9
10 20 7
16 28 4
13 79 7
1 40 39
15 79 24
3 48 7
4 10 22
8 74 8
2 12 35
1 7 8
7 25 15
11 68 35
6 8 3
6 7 17
4 62 21
14 5 9
15 72 6
16 45 37
4 1 37
9 70 25
9 24 34
9 42 9
10 18 4
15 79 21
2 12 7
16 19 9
5 37 35
4 57 33
11 79 36
11 25 34
12 8 35
5 34 20
6 35 1
7 5 9
7 26 15
4 39 11
7 33 23
15 16 17
16 18 3
4 58 13
3 4 16
12 53 10
7 51 2
15 79 11
2 14 10
9 18 31
4 80 30
11 69 13
16 37 30
1 21 26
14 33 9
12 79 21
16 40 37
5 15 37
6 46 21
5 47 6
1 52 19
3 15 38
9 57 6
6 51 9
1 37 29
12 2 30
5 73 15
10 34 6
7 61 35
6 52 18
12 78 20
15 10 13
15 2 38
12 43 36
16 58 18
10 58 11
9 68 19
3 75 29
14 77 13
14 48 29
10 32 39
6 16 4
9 72 21
16 68 17
12 40 16
2 34 3
11 73 31
16 65 21
14 3 27
9 78 18
5 57 11
4 10 3
8 55 22
13 75 36
7 39 27
12 9 37
1 40 30
12 41 40
1 4 1
11 37 26
16 23 39
11 37 14
12 54 10
4 70 35
14 54 39
7 78 3
2 50 34
8 43 3
12 64 32
8 4 27
9 70 22
14 24 19
11 30 5
16 42 12
11 35 3
5 67 5
16 41 4
11 43 16
11 48 34
10 8 12
7 20 40
16 13 24
7 38 17
13 17 31
13 79 5
2 46 3
5 51 34
11 70 35
12 22 7
13 27 10
8 12 35
7 57 33
2 41 26
4 62 8
1 58 35
9 66 20
5 51 4
7 56 27
16 69 11
5 44 5
13 20 40
10 15 27
1 65 25
16 16 2
2 41 33
14 69 3
13 1 35
8 67 11
8 71 21
2 28 29
15 52 1
10 65 38
2 13 13
2 74 36
2 80 39
14 25 33
8 79 5
14 48 17
15 25 21
7 20 35
6 26 8
7 25 40
12 26 15
14 5 12
16 62 21
3 41 37
4 58 28
2 64 13
15 61 23
8 79 11
2 47 26
12 6 12
5 44 5
4 36 8
14 39 31
10 11 37
13 51 1
3 22 18
13 15 36
3 20 32
14 22 18
7 58 3
11 30 33
7 21 2
15 62 5
6 60 20
16 79 35
1 79 14
1 77 5
11 75 19
3 36 30
14 35 9
9 21 26
16 74 31
10 3 27
7 43 22
11 61 14
1 21 9
7 58 38
15 63 17
1 67 2
9 56 15
11 32 8
14 66 22
8 13 14
8 67 21
4 44 14
6 5 7
14 75 7
11 70 1
4 48 2
4 29 31
4 31 32
8 62 30
10 31 28
15 58 38
8 42 31
7 8 9
1 12 28
16 37 19
3 15 18
12 5 4
9 51 31
9 5 21
8 71 37
13 8 2
13 12 3
13 68 40
2 32 33
6 39 4
13 44 33
7 40 4
8 11 26
9 8 19
4 5 1
3 39 20
11 4 2
12 50 19
13 40 1
14 64 19
14 13 14
16 49 37
13 12 33
10 2 23
7 67 19
3 16 31
1 10 9
6 8 13
12 4 27
16 20 38
4 80 13
8 30 13
13 38 3
9 31 31
10 5 9
1 7 33
14 38 3
4 9 34
9 16 39
11 22 17
14 69 39
8 2 13
1 30 35
1 24 25
7 29 6
14 65 24
13 27 39
9 55 17
2 26 1
11 69 36
14 63 7
10 71 14
5 76 19
12 30 31
2 34 9
11 54 20
12 36 33
7 74 29
13 38 22
15 1 3
8 8 23
10 40 1
3 63 35
9 70 37
9 76 9
8 1 31
10 66 34
14 61 2
6 20 12
5 62 3
1 80 32
5 56 22
2 73 14
1 68 23
4 46 21
10 28 8
7 52 18
13 9 40
3 6 31
9 11 21
13 12 40
10 12 39
10 23 18
16 70 30
10 47 37
1 26 33
4 30 36
3 44 19
4 49 6
9 73 34
13 65 4
3 77 9
15 64 10
15 41 10
14 68 40
14 67 30
13 6 32
16 49 34
6 35 2
16 79 23
1 20 22
2 78 34
15 33 12
11 2 3
12 40 38
6 80 19
11 66 39
15 73 3
9 80 13
4 40 2
9 52 15
14 2 14
13 65 13
16 61 39
10 71 33
6 57 27
5 71 8
12 36 27
1 23 26
4 8 9
11 1 21
12 30 10
10 16 24
3 72 14
5 14 6
13 1 37
1 80 16
7 35 5
6 68 16
3 50 3
12 52 2
14 73 40
8 28 19
5 23 4
1 32 8
9 60 28
10 46 38
2 69 39
6 34 9
4 4 1
9 68 13
16 28 19
2 42 25
4 56 22
8 15 3
3 72 13
3 33 23
2 33 9
13 28 5
1 34 34
12 74 3
15 62 13
3 48 35
8 80 20
10 65 6
6 78 4
4 64 31
7 49 3
13 24 19
9 74 7
10 32 16
1 51 40
16 35 3
9 56 20
12 44 22
12 80 20
5 31 38
2 62 25
6 10 4
9 52 6
7 70 16
16 37 1
2 76 3
10 6 32
8 12 1
10 45 30
11 26 12
11 18 29
10 63 31
3 3 33
9 46 38
4 55 36
16 77 18
10 80 39
2 62 12
14 55 14
12 56 32
4 38 40
12 67 31
12 1 5
12 10 14
14 52 36
11 54 12
5 8 36
7 20 39
6 48 39
11 38 20
5 22 23
3 60 30
7 44 6
4 44 39
5 11 2
2 60 16
12 51 6
15 33 29
6 22 2
9 6 35
16 19 34
2 26 15
5 56 28
8 34 38
15 72 33
13 77 1
1 61 27
7 56 38
15 27 21
16 66 23
10 28 34
5 58 9
11 12 20
13 19 26
16 29 29
9 24 5
15 28 19
5 39 16
4 20 17
7 49 34
1 24 30
12 19 38
8 51 3
14 53 33
12 32 22
5 16 33
10 51 33
7 62 25
8 17 33
14 10 24
11 24 27
10 25 27
8 79 18
14 43 38
11 51 12
6 71 33
1 75 2
1 47 21
8 66 31
4 78 3
1 1 30
10 50 4
6 80 28
4 63 26
2 57 14
6 18 25
13 74 28
12 54 16
12 57 34
7 62 26
14 22 22
12 69 7
9 37 19
10 37 15
7 52 27
11 14 3
9 10 11
10 19 14
4 20 8
13 9 6
5 49 9
7 29 13
8 3 33
11 77 32
14 27 24
15 69 34
3 77 5
7 61 28
9 36 39
5 33 18
1 46 16
15 26 11
11 49 36
15 49 31
10 17 23
8 21 2
8 42 1
4 3 29
2 77 21
4 67 36
13 8 25
6 9 33
6 58 21
14 12 3
7 43 10
7 42 7
2 72 31
2 36 32
1 67 15
3 53 3
2 29 5
6 4 1
13 74 35
5 46 36
1 73 28
13 9 5
8 2 29
10 37 13
16 61 18
15 69 25
15 6 34
16 52 1
16 23 8
11 38 38
15 4 16
6 75 21
16 48 5
10 61 26
9 53 26
8 72 2
14 69 33
4 9 24
1 53 5
16 34 31
1 18 13
11 60 32
12 65 36
4 12 8
12 15 28
16 32 30
1 6 2
11 51 26
1 28 28
14 60 34
8 2 31
8 43 9
16 11 10
5 72 18
15 11 34
14 47 24
4 13 32
1 45 8
2 71 12
12 39 2
16 11 31
7 76 22
2 66 22
4 77 28
5 65 38
15 4 27
14 12 3
14 19 19
3 45 8
13 65 32
9 43 28
13 8 10
9 28 8
11 47 17
10 64 28
7 17 12
8 78 3
6 35 19
10 11 26
8 11 25
14 48 12
13 33 24
13 77 14
4 58 33
11 23 9
8 73 23
1 43 3
3 62 22
14 21 28
1 41 14
13 72 38
1 76 37
12 66 37
12 6 2
14 35 21
15 73 38
8 42 35
5 25 5
6 37 40
11 15 18
15 14 12
6 58 33
16 36 14
16 12 23
2 68 25
16 80 2
4 57 8
12 56 10
9 10 16
11 45 31
11 54 33
7 53 11
6 58 3
7 41 28
9 46 4
11 68 34
9 78 11
1 66 6
6 40 9
3 13 32
16 43 21
8 39 22
2 61 21
2 9 17
6 27 24
10 8 24
6 12 28
1 70 13
7 72 19
12 42 7
7 23 31
13 24 4
3 70 6
14 68 22
11 38 22
3 61 37
14 3 11
15 61 37
16 27 14
3 9 1
5 63 3
5 53 25
3 45 32
1 31 38
2 4 21
7 42 17
1 31 4
5 64 9
2 78 19
14 19 13
8 50 39
5 14 37
8 26 35
1 48 9
3 53 3
3 40 9
10 7 34
10 55 20
2 77 7
13 76 22
10 12 36
3 24 22
9 40 1
1 42 22
3 6 30
13 35 19
11 2 14
7 6 27
6 38 19
10 30 39
1 6 34
12 73 2
10 58 15
7 5 7
2 78 9
10 38 16
1 31 19
14 52 14
11 56 2
3 54 8
10 34 37
7 66 2
16 2 35
12 32 38
14 52 38
3 51 12
10 44 15
3 58 9
6 19 2
3 43 12
12 65 21
8 58 23
5 32 38
3 58 8
16 35 33
12 37 23
10 62 33
14 13 2
1 20 30
16 12 37
1 73 31
2 47 26
13 22 33
9 29 38
15 50 36
13 28 40
4 57 35
6 49 21
8 78 10
15 74 13
8 3 18
12 13 1
15 28 31
4 55 14
6 56 37
13 57 4
16 21 14
5 59 8
6 45 33
2 37 19
11 19 20
5 29 10
1 4 34
2 77 18
8 65 13
3 53 14
4 35 36
6 65 16
12 18 1
6 56 1
16 34 7
14 21 22
14 35 31
8 15 35
3 62 25
2 45 19
14 74 11
5 33 27
8 68 38
15 71 10
5 59 40
6 51 19
7 54 39
9 12 36
6 38 18
15 76 35
6 17 9
1 54 33
16 76 40
1 24 37
12 55 12
8 46 7
9 57 2
8 6 39
6 12 2
12 45 12
3 76 4
15 12 25
10 40 12
12 10 32
7 68 3
6 31 8
5 70 16
5 34 6
15 74 12
6 78 13
4 59 40
5 60 22
10 56 37
3 61 26
5 45 17
13 63 31
8 61 20
1 64 19
6 51 6
11 48 11
16 15 38
13 57 35
12 48 2
5 12 2
1 8 16
16 12 19
14 62 20
1 43 38
11 40 11
12 14 19
4 60 12
4 60 31
2 30 26
1 15 18
5 29 3
4 60 18
10 26 22
13 24 22
9 71 28
9 7 23
4 55 27
12 8 39
10 57 19
9 65 34
4 71 11
14 6 8
9 15 27
3 50 40
1 5 39
11 8 13
16 56 15
1 47 10
6 65 31
15 5 11
8 41 37
7 17 27
2 34 5
6 70 20
16 52 15
12 7 12
11 1 23
14 38 6
4 60 36
6 40 18
9 41 26
2 51 39
7 61 20
8 9 23
14 3 20
1 35 12
15 7 40
3 18 18
9 33 16
11 44 33
1 75 36
14 7 11
12 61 7
1 3 31
4 48 16
7 1 10
11 42 12
15 70 38
16 71 3
1 58 14
16 16 26
14 41 1
10 54 7
11 22 12
15 11 21
5 47 5
12 50 38
2 17 24
3 64 32
11 1 14
1 73 10
1 24 31
9 64 10
10 35 32
5 70 7
14 13 29
6 56 27
2 19 19
8 75 27
3 43 5
10 28 36
14 79 1
4 74 15
3 37 2
10 50 17
1 26 22
1 68 32
5 60 3
4 16 17
8 45 17
9 80 40
9 59 16
11 31 34
3 52 27
12 36 25
15 38 11
6 11 29
16 55 9
9 9 8
7 18 36
11 30 39
13 18 1
14 39 8
15 2 4
3 80 33
9 11 11
4 9 31
15 8 36
16 18 31
9 27 27
2 38 11
10 80 29
10 58 32
12 52 38
9 22 16
15 45 27
4 58 29
14 2 7
9 73 38
6 69 26
4 57 39
15 17 12
10 44 6
1 24 36
7 58 25
16 71 14
3 69 20
11 23 37
3 49 35
9 11 28
13 50 16
16 19 14
1 26 13
2 34 24
14 20 18
16 14 39
4 66 24
14 42 40
6 10 31
9 30 35
16 72 40
7 42 40
16 37 22
9 46 26
9 31 5
10 63 37
12 56 6
1 30 22
7 43 34
8 5 36
3 71 18
6 76 2
7 7 12
5 30 4
14 71 19
16 15 14
8 3 37
10 58 29
8 54 31
12 37 1
5 67 20
8 65 5
9 77 25
7 64 26
4 50 18
13 35 8
6 54 18
12 28 27
2 65 29
10 51 17
13 4 19
4 72 33
2 63 38
16 4 14
11 42 38
14 25 3
14 63 38
5 3 33
6 32 8
14 1 20
1 14 38
8 11 34
15 22 11
14 59 40
1 53 19
1 10 10
3 45 9
11 47 3
7 20 10
15 1 19
7 66 20
10 9 25
10 18 19
4 8 31
3 48 16
11 68 39
12 14 40
3 43 1
8 35 14
6 69 4
12 36 25
14 78 37
15 79 15
7 43 8
16 26 27
3 5 33
14 66 6
1 40 35
11 10 11
6 27 9
2 49 13
12 61 26
15 7 10
9 54 20
13 47 3
16 72 34
12 32 35
9 39 3
3 75 11
15 56 6
16 5 39
6 51 34
6 7 25
13 9 40
8 47 29
2 74 22
10 35 29
10 67 33
16 58 9
10 52 5
16 11 12
5 61 33
3 39 20
7 76 36
3 64 26
16 66 30
16 20 37
11 30 23
7 61 32
3 20 31
4 59 6
15 66 23
9 30 25
7 29 29
2 4 37
11 16 25
5 18 18
16 14 28
6 21 30
9 75 7
9 8 34
6 53 23
8 2 27
14 27 25
16 80 33
12 60 37
2 61 27
3 63 23
8 59 18
12 15 16
11 69 9
5 63 7
7 17 39
16 3 15
5 49 5
2 48 12
13 6 3
16 77 37
14 60 34
4 37 28
8 79 28
6 19 28
10 69 37
16 18 32
16 53 38
3 45 15
8 27 7
4 69 8
15 42 24
16 50 34
9 8 6
14 27 1
13 78 19
1 43 34
5 65 38
3 72 2
11 77 35
9 48 6
8 27 24
15 17 29
16 20 22
6 73 7
2 33 40
5 56 32
6 21 17
15 79 31
4 21 35
1 45 12
1 34 40
14 3 16
1 67 27
10 58 19
13 64 8
5 57 18
9 38 40
9 22 39
15 54 18
7 73 31
4 16 30
14 22 31
8 14 12
7 19 23
13 39 3
9 73 30
12 55 5
12 64 26
10 55 11
8 36 13
16 57 1
3 50 8
6 57 17
10 31 24
5 59 3
6 48 25
7 79 3
4 68 36
4 36 36
14 1 18
1 61 1
8 24 11
10 74 24
10 39 3
3 79 36
15 74 37
8 43 25
15 61 20
14 41 23
15 48 16
1 31 19
14 63 28
16 44 16
11 43 1
15 60 40
16 63 37
10 5 1
16 54 11
10 19 27
2 65 30
5 26 9
4 7 8
9 77 28
3 52 11
11 37 27
2 7 21
1 49 39
5 40 10
4 65 10
5 45 14
14 16 15
5 39 8
12 53 15
8 42 40
1 73 25
6 71 38
6 5 24
1 1 21
16 38 9
16 64 7
7 22 32
2 54 36
7 29 29
3 56 20
14 75 37
11 44 21
4 44 9
13 67 2
1 79 17
12 80 23
5 26 24
14 64 14
12 64 37
16 66 34
1 23 20
3 74 28
14 65 28
3 64 6
5 70 21
9 2 36
7 65 22
4 37 38
14 20 36
9 1 24
13 32 34
6 76 3
2 80 39
4 67 29
7 34 37
4 3 6
15 65 12
11 30 3
9 9 3
9 7 11
3 70 23
13 67 25
3 62 8
12 47 33
14 62 10
15 8 22
9 52 32
16 34 13
16 38 34
3 67 17
8 70 33
5 50 37
8 24 17
12 80 8
1 37 6
11 12 36
9 28 24
13 25 12
5 76 22
11 14 23
14 65 18
5 66 18
8 10 29
11 18 27
5 21 38
5 21 6
16 29 38
2 38 13
2 76 16
14 10 22
3 29 29
1 12 5
11 12 29
3 66 10
16 59 26
8 9 29
13 62 1
9 3 9
12 58 31
13 63 27
12 40 3
4 26 21
14 39 19
7 63 40
14 7 12
14 75 33
11 53 29
3 42 40
16 8 27
13 22 34
13 66 37
16 19 23
2 6 36
3 43 30
10 62 34
10 15 20
11 66 19
15 71 2
13 55 35
14 53 30
10 2 1
8 6 31
9 40 34
16 45 31
1 78 1
14 67 9
15 40 31
8 63 35
15 60 11
11 51 37
16 26 20
4 42 16
11 80 2
5 37 31
9 45 36
15 50 2
11 65 21
4 49 34
3 38 5
15 80 21
1 5 23
8 52 22
7 35 2
16 25 22
5 72 17
3 3 24
15 43 7
14 23 39
5 45 24
7 74 14
6 53 5
10 44 1
1 58 18
14 12 30
6 46 15
16 42 27
14 39 26
9 66 6
13 56 6
16 67 19
4 38 34
5 40 36
7 45 18
2 21 8
15 29 17
15 19 38
16 80 37
5 22 20
5 54 39
15 33 3
4 28 15
9 36 36
9 8 35
15 37 18
6 28 7
1 45 5
13 65 34
9 58 25
15 30 23
14 26 25
6 9 16
9 7 16
15 11 4
3 59 23
9 24 32
13 73 27
14 69 17
6 80 34
4 22 19
8 4 33
12 12 21
4 47 17
13 42 22
11 13 2
4 18 6
9 57 8
9 64 19
4 34 7
11 76 38
8 66 6
2 3 13
7 7 12
15 72 6
2 1 16
3 9 14
2 58 3
10 78 24
8 31 11
13 17 22
9 75 21
9 74 35
6 31 39
14 10 3
15 67 26
11 76 38
1 53 40
5 67 13
11 46 27
2 68 37
3 15 26
10 52 25
16 77 38
16 22 5
16 20 22
10 41 34
7 56 30
4 65 20
3 55 37
2 63 19
11 80 16
8 28 34
3 56 29
1 69 16
15 72 5
5 78 24
16 55 9
8 38 30
7 22 10
4 14 10
7 29 25
4 69 18
2 53 33
5 47 4
10 9 13
9 63 2
2 64 17
15 45 23
9 12 18
2 65 5
7 24 23
14 27 22
11 30 31
11 21 15
6 12 39
14 63 18
7 1 11
15 60 7
10 40 31
5 60 5
6 39 11
9 51 3
15 55 22
1 51 10
3 24 11
6 27 39
8 80 37
5 77 14
3 22 19
15 63 28
13 2 4
14 4 13
5 29 9
3 47 12
13 38 1
13 75 5
14 9 39
16 44 31
5 45 40
1 75 4
1 10 18
9 71 36
10 52 2
7 72 26
8 71 25
14 70 14
16 53 13
1 59 39
11 26 9
9 6 9
14 30 16
13 70 2
10 36 36
10 35 36
2 73 28
9 67 33
10 65 10
11 65 27
3 7 2
12 26 26
1 40 25
1 60 3
16 27 16
13 7 17
4 4 17
7 20 5
5 59 35
4 21 14
1 54 33
1 10 15
13 48 3
3 57 12
3 48 33
13 70 39
14 31 3
15 46 30
6 35 28
3 34 31
12 45 28
15 49 19
14 38 18
13 76 25
14 69 39
7 15 24
11 66 32
8 12 24
3 63 21
13 65 6
3 33 19
7 76 8
10 19 19
8 30 37
2 33 6
3 31 15
15 54 1
12 35 30
6 42 39
9 80 8
12 5 38
3 41 34
9 63 37
7 64 31
9 43 10
6 46 20
3 75 38
2 11 34
1 39 19
10 62 4
5 48 17
9 30 6
9 59 33
6 69 9
10 29 25
6 65 36
11 65 20
2 66 24
3 70 3
2 75 37
9 45 39
9 59 23
16 43 20
2 10 35
6 10 13
5 32 18
4 4 19
4 39 24
8 45 31
8 41 26
6 21 26
12 57 32
6 80 17
16 26 21
8 23 19
10 68 38
16 50 35
1 72 24
7 30 13
15 80 22
14 31 33
8 35 21
12 50 7
5 22 6
5 71 16
13 48 31
14 48 28
9 53 22
1 16 25
5 23 31
4 11 4
12 72 11
2 13 15
15 74 17
14 47 13
7 10 8
6 27 6
7 69 15
11 28 40
15 23 5
9 58 17
5 67 14
9 27 28
2 57 30
16 78 7
14 36 33
1 28 3
16 29 24
1 37 10
12 54 20
16 54 5
1 51 23
1 39 22
8 37 22
16 32 22
13 43 27
15 69 3
4 40 31
14 63 23
10 72 20
5 17 32
7 78 15
14 8 31
13 70 12
6 8 21
3 64 20
16 62 8
16 79 39
11 2 38
11 3 38
2 23 23
10 33 39
3 40 40
14 7 37
13 63 39
12 62 30
12 41 7
10 27 16
3 17 4
3 16 33
7 78 33
14 50 21
14 20 16
9 3 2
7 75 16
9 35 30
12 66 33
5 43 11
11 13 5
13 7 6
5 8 9
14 37 28
14 44 32
10 68 9
12 1 9
9 45 33
15 43 11
15 16 27
11 17 28
14 18 17
8 66 30
12 62 39
2 22 7
9 6 14
1 43 11
2 37 28
14 27 37
16 26 9
16 51 34
8 1 6
8 12 22
13 22 10
3 52 39
14 45 14
7 23 6
10 24 38
16 49 38
13 39 13
9 20 34
5 74 30
16 63 32
6 11 16
1 5 39
5 10 4
10 2 12
15 40 28
4 75 18
14 76 3
15 51 6
2 71 37
8 25 5
16 14 28
2 75 18
16 43 22
7 65 30
2 39 17
6 55 25
1 19 23
8 28 5
16 71 16
12 50 6
8 11 24
9 50 33
4 3 11
7 80 26
12 9 3
3 26 35
9 18 28
16 34 23
13 38 40
9 24 37
15 14 3
16 18 22
14 31 14
10 50 3
14 10 29
6 30 37
2 26 13
11 11 23
3 72 5
5 17 13
14 24 21
7 34 6
15 59 21
9 46 28
13 57 1
5 31 11
6 47 6
11 12 40
13 51 39
9 75 39
13 69 20
3 76 15
5 38 16
16 66 1
13 19 31
10 25 25
9 44 20
10 77 14
10 79 6
15 61 21
12 38 5
3 70 6
9 34 15
15 63 37
16 43 37
8 38 19
3 80 5
5 25 13
11 3 13
1 51 4
13 5 20
12 42 40
16 48 19
11 51 25
1 18 10
5 44 7
16 13 11
1 53 14
13 78 30
4 75 9
16 67 28
13 39 19
2 37 11
4 35 27
8 33 4
6 27 19
4 75 30
10 51 30
6 77 29
8 69 21
1 25 19
2 26 12
6 28 38
14 38 38
1 41 18
6 7 6
1 29 15
1 46 37
16 55 1
15 72 29
4 33 23
10 7 20
8 76 7
4 36 26
3 71 7
5 80 27
12 40 2
5 14 6
2 4 6
15 65 26
12 6 40
6 42 21
3 31 9
14 22 25
2 74 36
14 58 21
12 66 8
2 11 9
1 59 17
5 78 26
9 52 39
2 79 35
11 50 26
11 7 15
13 63 14
15 50 32
8 25 13
14 74 28
8 23 26
5 80 7
5 68 7
6 4 23
10 21 31
15 67 1
15 30 31
9 61 35
2 63 17
3 62 8
16 37 13
14 33 7
13 68 10
4 17 38
2 48 5
3 62 15
15 58 14
5 33 25
7 1 32
1 1 22
9 20 18
10 61 11
12 24 25
7 65 18
16 58 26
6 8 30
10 53 38
2 46 37
11 30 25
16 64 10
1 24 5
13 20 10
16 80 38
10 77 23
10 43 23
8 36 17
2 53 34
4 19 34
1 4 36
7 63 17
5 15 23
12 13 10
1 52 19
7 17 5
11 51 33
11 30 8
10 20 28
14 3 17
12 2 29
12 3 29
11 58 4
10 75 23
4 17 16
9 65 22
14 9 10
11 63 38
12 7 27
16 44 9
13 20 34
14 30 2
12 8 22
3 23 10
8 29 9
8 38 31
8 35 29
9 12 39
3 74 34
13 42 10
1 37 27
15 24 13
5 38 39
8 22 10
8 19 40
2 9 5
10 14 33
5 19 18
9 56 2
12 80 36
1 47 37
9 54 36
9 25 3
14 62 2
14 19 2
12 66 1
11 65 6
13 53 19
2 35 5
15 58 38
1 38 1
13 14 2
12 25 5
14 72 5
5 77 32
1 48 23
1 68 20
9 4 3
13 2 29
4 21 23
3 41 33
5 68 30
7 2 35
6 40 25
13 1 1
16 34 6
15 52 32
1 38 14
1 68 34
4 53 24
8 22 21
16 40 34
12 28 5
15 54 40
1 60 12
3 28 31
10 15 35
1 9 15
4 53 18
15 32 26
7 50 1
11 68 34
7 75 28
14 50 35
8 13 5
15 31 18
7 78 24
7 74 27
14 74 7
8 16 12
7 6 18
1 65 17
4 35 24
6 51 7
14 14 4
15 69 20
9 30 36
1 26 13
8 15 30
2 26 3
1 51 29
2 27 37
9 52 38
12 44 36
11 62 21
2 42 33
11 20 5
1 48 25
12 8 30
16 5 1
13 71 38
14 5 34
8 49 3
1 19 20
2 35 21
8 69 30
5 6 15
15 12 5
12 20 16
12 74 27
3 8 19
11 1 38
2 42 27
15 18 33
14 2 20
9 53 5
1 40 17
3 23 20
1 11 33
16 40 20
6 38 19
15 50 27
4 22 34
1 16 21
8 32 7
9 4 9
2 26 8
6 38 13
15 20 29
2 48 19
1 8 2
5 54 17
3 49 32
14 8 4
2 50 7
14 48 11
10 58 31
1 65 34
16 80 20
8 11 4
8 39 7
8 60 24
4 5 34
4 56 39
10 72 22
15 7 7
16 57 25
15 21 34
1 61 39
10 14 5
14 55 35
4 65 5
11 77 36
11 7 25
5 17 39
4 70 25
14 1 14
16 19 25
7 54 11
12 68 25
3 72 33
14 8 12
13 75 40
9 75 8
9 37 13
7 4 12
6 18 36
10 15 19
13 43 21
16 39 19
9 54 7
10 52 29
6 51 27
13 28 38
1 58 13
12 15 12
11 40 19
13 61 3
8 7 17
16 52 26
2 56 33
5 21 20
16 27 3
16 41 28
11 21 1
1 24 25
6 61 15
14 47 1
5 49 18
2 9 9
3 68 23
1 66 19
13 23 38
12 20 14
6 10 10
10 19 39
12 41 9
3 46 34
9 45 20
7 8 34
13 76 23
9 11 12
1 66 24
16 28 6
7 65 2
11 76 16
14 47 4
8 66 11
1 68 28
4 12 23
9 22 26
16 46 22
12 79 12
13 52 11
9 55 23
11 51 26
15 47 29
1 4 38
7 40 11
6 22 32
4 8 1
16 9 12
7 53 9
1 19 6
11 5 37
16 38 24
11 42 6
7 7 38
16 28 27
15 50 22
13 67 10
9 58 20
9 3 20
6 63 34
14 62 40
4 44 17
4 36 29
15 70 38
3 18 18
9 41 31
5 36 32
1 61 28
6 38 17
5 3 11
13 37 8
12 19 22
1 20 36
14 48 12
10 46 3
11 3 40
2 74 25
14 78 16
7 27 6
12 76 21
6 35 26
3 67 17
6 22 25
4 58 15
5 76 32
16 3 6
8 35 3
1 71 38
6 11 2
10 37 37
9 61 39
6 77 8
14 15 20
6 56 19
4 63 18
13 44 40
15 14 36
13 75 13
2 54 28
8 4 13
16 72 31
12 35 17
2 51 26
2 17 13
5 30 37
12 2 39
14 24 31
3 49 12
14 30 39
16 40 34
3 64 25
3 64 11
15 76 38
15 53 33
8 36 40
16 66 12
4 17 28
11 73 25
12 61 29
6 45 26
14 25 3
11 56 17
8 10 15
13 55 40
10 9 7
14 12 22
13 38 30
13 60 3
1 78 17
7 10 16
11 1 27
5 76 6
1 62 6
15 70 37
3 34 33
2 79 2
4 25 21
2 73 23
3 42 32
3 4 20
3 14 32
7 22 11
9 27 21
12 57 13
3 45 11
2 54 12
5 73 12
9 19 20
11 28 20
12 17 2
16 53 33
14 20 4
2 30 40
3 7 28
10 43 21
5 60 30
11 23 18
8 16 33
8 44 16
6 16 16
16 38 10
4 22 9
9 42 35
7 51 1
9 61 15
2 57 26
1 8 14
6 16 17
7 50 37
7 72 10
1 20 14
5 62 30
15 6 35
10 38 25
4 17 35
10 20 27
7 60 23
1 63 31
9 29 27
3 76 40
1 1 2
2 69 21
10 76 35
14 18 22
15 69 10
4 78 25
3 39 34
9 14 8
3 49 26
15 23 10
15 46 16
6 23 3
13 33 24
15 58 23
6 42 33
7 56 21
4 41 34
10 32 18
14 49 19
13 9 20
7 67 5
9 76 17
9 33 7
14 6 14
10 71 1
1 37 29
14 31 26
15 31 33
14 57 26
15 71 16
8 59 32
7 52 14
9 24 24
3 10 29
3 21 6
9 72 9
2 57 21
3 10 15
13 34 27
4 79 7
14 80 35
16 45 32
13 7 1
8 9 11
3 17 36
14 26 40
4 45 18
3 26 31
1 40 35
11 46 14
1 77 38
11 15 1
8 21 20
14 14 35
13 80 33
6 77 25
15 29 3
12 30 16
8 12 39
9 54 39
5 29 15
10 30 30
3 19 2
13 15 26
8 51 16
9 67 4
8 57 21
8 38 32
1 15 25
9 59 34
10 72 31
11 14 19
8 32 40
13 49 27
12 23 7
13 61 29
3 4 4
10 74 9
6 50 2
16 74 14
13 16 14
16 28 36
3 4 31
14 71 3
11 13 32
16 75 19
2 20 19
4 20 38
7 35 4
8 80 9
10 66 26
11 49 34
7 41 8
12 60 14
6 59 25
12 21 26
6 6 20
16 64 19
15 56 21
9 77 4
4 10 21
10 55 7
8 79 9
7 79 7
11 4 4
9 39 4
2 72 38
1 65 23
10 17 11
8 13 30
4 45 34
8 76 31
5 25 26
3 74 38
1 48 20
6 67 28
5 10 13
16 15 23
10 16 35
14 75 9
12 44 34
16 77 40
16 68 36
3 26 21
15 21 33
14 47 18
14 23 3
6 24 9
1 54 26
13 43 36
3 5 20
4 33 2
4 41 27
8 75 22
1 69 18
12 28 4
1 80 1
4 79 2
6 33 26
10 14 14
5 49 24
7 45 34
3 67 21
16 71 37
4 39 31
16 29 19
13 30 22
4 6 9
13 55 11
13 8 11
3 34 19
16 70 16
11 28 19
3 7 37
2 10 11
14 38 21
4 63 14
14 52 5
2 78 7
6 58 1
13 26 28
3 14 28
16 34 15
15 23 35
11 12 22
13 27 18
13 62 24
16 58 24
16 79 9
13 7 20
3 40 26
16 4 7
14 48 13
2 61 28
4 38 4
11 52 38
4 4 31
2 55 39
7 61 37
5 58 19
7 16 25
16 74 19
10 8 38
4 46 15
16 48 19
2 80 33
11 38 35
16 30 10
2 15 12
11 28 17
3 2 32
4 23 14
2 50 3
1 59 32
6 64 10
9 24 26
14 60 20
4 43 33
10 11 40
6 78 15
15 28 34
5 65 30
11 50 38
11 17 18
12 7 10
6 7 28
11 17 6
1 5 6
16 17 17
13 19 28
9 31 6
13 62 13
6 78 33
7 6 14
10 19 34
1 29 4
15 27 38
12 5 25
8 44 39
4 35 27
2 57 16
11 31 5
7 8 10
7 67 16
9 13 22
3 39 10
12 37 21
8 21 32
2 6 29
2 23 32
5 74 7
10 56 39
6 33 2
12 12 40
11 6 28
1 47 16
2 64 12
10 29 13
12 2 3
14 56 18
9 25 2
6 13 17
9 16 15
11 17 24
11 54 6
15 38 8
15 18 24
8 59 38
8 21 1
4 39 5
5 61 22
11 60 7
8 18 1
5 55 11
9 73 31
4 18 29
13 80 13
7 56 2
3 7 10
15 31 12
15 44 24
13 71 21
9 30 29
10 58 2
2 75 24
10 31 15
8 2 1
10 78 11
13 70 16
16 71 32
11 66 35
10 76 36
10 41 28
3 28 18
9 52 33
9 26 5
5 72 3
2 17 10
2 44 23
13 79 14
9 35 25
9 58 37
8 55 18
5 7 26
1 68 16
15 43 16
6 3 12
6 35 31
1 25 8
16 48 12
5 4 22
15 56 27
1 75 14
7 70 6
15 62 29
7 64 8
13 77 31
5 43 36
14 5 9
4 8 23
8 54 25
5 65 18
13 28 37
14 25 16
14 44 25
11 31 27
16 18 20
7 23 3
4 7 37
8 25 40
15 71 29
15 8 23
10 12 13
14 8 34
3 44 18
5 77 40
12 75 32
9 3 28
5 78 16
8 8 37
9 35 9
10 41 14
6 6 19
6 61 24
10 32 29
9 6 15
11 57 14
3 49 38
1 68 13
1 15 38
2 62 40
7 71 20
2 68 21
5 48 1
2 38 6
1 77 33
10 73 32
1 77 6
9 10 2
8 4 21
2 53 34
3 75 26
11 25 6
3 64 39
3 7 29
11 57 11
8 6 36
6 6 29
1 20 39
13 61 24
16 40 28
16 13 26
11 8 14
5 30 22
14 10 2
12 52 21
3 56 2
1 63 34
12 33 26
15 6 40
5 39 38
1 38 35
9 60 7
11 79 31
11 50 31
9 73 13
14 44 17
8 44 12
16 11 40
7 34 26
1 25 37
2 30 12
16 29 1
6 52 32
9 68 2
8 1 8
7 63 28
1 41 39
3 39 11
6 77 33
1 33 39
16 54 24
4 23 10
7 59 34
9 65 24
11 31 38
14 38 21
5 12 26
5 58 27
14 23 6
6 29 23
16 61 26
14 74 32
9 26 35
3 54 21
1 42 27
14 35 2
15 42 10
10 16 5
10 20 31
2 35 29
5 46 30
7 57 33
1 16 1
5 75 2
3 7 20
12 18 1
9 33 37
13 18 14
16 62 4
4 66 14
14 71 34
16 47 5
14 19 7
11 53 12
9 31 28
1 53 6
7 79 15
3 5 40
9 20 7
14 22 15
15 42 31
11 23 15
5 53 25
5 6 12
12 78 5
12 67 31
10 15 11
14 53 5
4 60 31
8 21 8
7 7 31
8 40 32
2 63 35
10 56 16
3 17 21
2 76 25
1 63 14
11 71 16
11 27 25
4 62 33
4 54 17
5 40 11
14 79 21
5 33 9
16 76 8
10 57 16
2 40 16
14 20 4
4 4 30
16 11 4
12 65 27
4 80 10
11 10 23
9 15 7
16 19 40
8 65 14
5 61 5
11 59 4
2 36 38
1 59 9
1 71 19
9 75 3
9 41 20
13 53 38
3 22 36
5 70 5
15 57 15
10 76 19
15 22 3
12 24 39
3 71 31
6 28 21
3 16 35
11 9 4
5 57 5
9 16 5
4 72 15
6 53 22
13 80 17
10 76 1
11 23 29
13 10 7
15 46 34
4 54 29
8 50 14
13 67 29
8 47 17
16 15 21
14 8 16
12 6 27
15 8 8
8 40 28
11 6 6
9 25 9
11 11 4
15 14 27
14 58 26
7 80 16
12 54 26
2 70 24
4 37 9
10 31 40
12 24 6
16 66 24
14 21 11
15 38 22
8 34 23
11 32 15
9 59 3
1 31 32
3 22 39
15 26 6
8 3 16
12 56 15
3 28 21
10 62 39
5 75 25
7 26 22
10 78 28
9 5 31
14 61 12
11 67 20
4 5 24
16 52 35
12 21 31
13 3 29
5 72 9
15 68 17
15 6 40
16 20 4
1 9 6
9 47 27
7 16 4
1 34 13
13 46 17
16 55 30
15 8 11
13 72 37
5 25 18
13 18 13
13 66 16
14 22 39
4 25 25
11 72 20
2 9 18
7 14 16
13 40 31
11 7 12
1 8 31
9 2 8
2 47 17
6 61 8
6 29 6
15 66 20
12 29 4
3 54 6
12 46 24
10 22 5
2 20 33
1 73 1
4 47 40
4 59 8
1 51 26
6 69 25
9 14 1
4 75 36
14 26 5
5 73 2
12 74 29
3 64 17
13 47 19
12 55 11
1 54 15
4 27 26
16 16 9
12 6 24
7 8 16
2 10 8
2 48 17
2 68 2
10 17 18
2 59 35
4 42 1
1 18 6
2 13 27
2 20 39
1 37 24
6 68 14
14 66 24
8 75 24
10 65 8
13 3 13
9 18 14
8 15 23
3 27 17
8 36 29
6 80 31
2 2 16
6 74 26
6 16 7
14 62 5
7 34 22
15 66 5
7 54 2
4 49 21
9 38 19
4 64 3
13 35 4
14 55 8
5 16 39
6 39 30
3 74 28
9 58 1
2 80 12
13 2 38
16 19 24
2 3 24
6 55 2
14 58 24
9 49 18
15 24 2
2 7 16
3 10 13
7 63 2
11 13 39
4 80 16
7 65 9
8 36 29
2 44 16
8 72 11
16 68 26
4 24 40
15 55 14
1 79 33
15 51 18
15 40 27
9 50 29
14 9 26
12 50 18
7 11 32
11 39 5
14 24 24
13 33 17
2 27 5
16 69 24
15 68 27
4 78 8
4 78 26
8 61 17
15 20 28
3 20 13
1 3 13
5 65 25
1 56 15
7 61 13
15 9 38
1 51 6
2 32 12
8 46 9
4 78 9
10 49 40
12 49 33
10 28 27
16 59 6
3 5 28
6 70 35
6 48 15
3 42 16
13 52 4
2 1 27
12 5 4
6 53 4
4 73 28
8 73 39
2 41 29
10 80 3
4 33 38
16 50 1
2 52 5
3 61 19
9 42 32
1 3 29
10 69 37
3 59 37
11 77 13
1 48 38
8 44 16
10 21 12
2 2 21
11 80 9
5 47 18
8 2 17
3 55 6
8 6 31
2 20 1
4 55 3
3 23 4
7 22 22
1 31 37
13 8 39
8 72 19
7 28 17
7 66 14
6 65 11
1 29 3
3 55 40
4 42 1
1 59 5
12 50 1
12 12 36
14 58 9
12 12 15
2 52 24
7 61 6
8 33 1
1 71 25
14 60 3
12 51 8
2 18 31
11 71 20
6 11 27
16 41 11
15 9 11
3 45 39
2 11 11
8 28 36
4 8 33
12 11 9
13 52 26
12 73 17
9 10 2
2 65 4
2 45 30
9 4 12
14 47 6
13 70 18
11 58 25
5 29 21
1 64 18
3 43 27
16 43 16
14 8 2
11 40 23
2 13 2
3 53 32
6 55 33
5 22 20
16 45 35
16 22 10
16 17 11
5 12 39
7 26 34
9 69 30
11 56 35
6 68 12
4 76 13
8 39 14
3 16 37
7 46 17
12 23 21
7 38 15
7 14 25
7 11 12
9 68 6
5 56 31
1 29 33
2 77 22
13 14 23
1 4 31
10 67 27
12 35 35
15 5 8
13 30 9
6 57 22
11 32 11
15 70 11
10 41 8
9 69 13
4 12 18
15 21 3
11 70 27
16 72 1
12 37 19
6 22 38
14 71 15
2 55 7
3 16 17
13 46 38
1 7 39
2 60 35
4 4 1
15 20 1
6 39 7
5 25 27
12 61 6
16 59 12
8 35 15
15 56 17
11 51 16
12 57 26
14 39 37
8 43 13
14 63 2
11 28 36
1 24 12
9 46 5
5 58 2
10 11 27
7 9 27
2 36 37
12 5 23
14 63 25
16 26 29
10 37 35
5 23 19
9 44 36
12 68 36
1 29 30
10 71 8
16 55 6
4 77 18
8 50 14
2 40 20
6 73 39
10 35 6
11 9 30
5 45 13
1 23 24
3 30 24
7 58 13
16 68 9
13 16 11
10 38 40
15 3 39
8 15 8
7 72 18
4 36 13
13 70 30
5 51 17
3 53 37
11 5 17
9 37 6
15 56 21
4 18 15
14 35 31
11 3 40
12 30 35
10 22 39
13 52 35
3 16 23
14 67 16
14 44 40
13 69 15
10 11 14
14 47 22
13 9 39
12 3 3
16 44 10
16 53 17
10 61 23
9 21 12
3 54 37
6 5 16
12 17 19
3 19 30
15 75 32
12 71 23
12 68 3
11 4 28
12 56 18
3 34 34
1 23 35
13 55 27
7 55 7
15 67 33
11 29 9
12 69 34
14 48 26
13 70 27
10 14 26
12 80 23
5 14 2
10 15 32
3 65 18
6 54 12
13 68 8
15 7 39
5 6 16
3 4 5
16 80 19
4 39 35
9 24 37
4 69 35
9 74 11
4 68 25
16 62 25
8 34 33
16 73 32
2 21 21
6 43 34
13 3 7
9 62 13
12 78 8
6 40 16
10 23 24
13 67 34
11 17 32
14 13 38
4 7 20
6 52 32
6 29 16
16 13 26
2 18 6
7 4 19
10 55 12
1 14 35
6 80 28
1 27 27
10 34 16
16 80 7
9 56 36
15 31 22
1 47 40
2 54 23
1 16 13
2 68 31
6 12 22
3 75 35
16 9 25
6 12 22
12 27 25
7 16 10
11 51 1
13 21 38
9 41 22
2 19 1
1 54 12
7 80 28
13 41 36
14 50 15
10 59 1
10 15 5
16 18 3
10 19 13
8 34 27
5 66 33
5 21 13
8 17 23
5 80 11
15 13 20
13 53 5
14 5 32
10 24 27
4 67 28
16 65 18
13 11 33
9 75 23
10 71 12
8 52 29
10 69 20
2 77 30
9 76 33
6 33 8
16 3 1
12 39 16
4 78 38
8 52 5
2 75 4
16 70 14
11 22 12
16 48 7
4 70 29
11 12 31
1 74 38
11 11 4
15 42 15
13 56 25
6 42 19
3 69 10
14 40 36
1 42 13
7 18 5
8 38 5
9 41 14
14 9 38
2 36 31
8 59 36
7 57 38
4 1 37
2 69 16
7 39 32
1 1 34
11 55 20
7 42 29
13 7 39
7 31 5
16 60 37
15 60 30
9 44 24
12 60 9
4 17 12
3 59 36
6 12 3
8 31 9
14 11 38
9 58 35
13 74 27
5 53 30
5 64 25
6 11 21
5 44 15
10 5 14
10 37 19
3 16 20
3 53 22
8 6 8
16 45 5
1 25 36
12 23 33
7 43 36
9 49 35
15 47 29
12 15 35
1 48 10
14 59 30
2 14 37
7 37 2
8 26 6
2 54 22
9 4 27
6 38 18
3 13 25
1 40 27
7 48 11
4 27 18
15 54 40
13 3 17
15 23 6
9 48 10
4 29 30
14 70 10
14 68 6
6 66 38
4 74 38
15 28 29
5 28 16
15 54 9
11 55 23
8 42 21
9 68 20
16 52 29
7 52 11
9 25 7
15 56 39
11 65 10
16 25 12
16 21 36
8 51 9
10 48 5
7 25 33
5 23 25
7 76 13
7 44 33
12 60 10
10 48 39
11 50 32
15 70 32
16 80 9
8 1 35
3 14 34
3 52 16
10 25 17
12 48 14
12 47 11
1 19 17
13 2 2
4 14 25
13 44 36
2 39 25
3 24 19
14 1 28
1 29 22
3 32 22
4 66 23
8 39 5
9 55 29
5 35 11
16 25 18
1 25 14
13 55 17
2 19 37
2 24 32
10 27 9
16 14 5
15 55 21
12 13 23
12 14 4
1 66 35
6 27 34
11 40 15
11 45 12
4 75 28
15 51 34
10 16 12
6 42 20
12 56 20
5 14 10
1 29 8
8 45 29
16 40 37
1 64 36
12 9 4
2 6 33
10 63 39
16 76 9
9 70 29
2 78 40
12 23 33
13 65 24
11 36 31
13 21 38
6 1 8
3 58 37
4 72 31
9 51 32
3 45 2
7 73 6
1 39 10
2 54 1
5 30 17
1 50 11
3 37 40
8 29 22
5 51 29
16 78 32
12 10 9
13 43 21
11 78 9
12 4 17
7 24 11
12 6 13
4 27 14
5 25 9
16 76 4
8 73 26
3 64 17
9 14 26
12 79 32
6 3 40
6 4 34
3 23 24
1 57 36
2 44 33
1 24 23
11 24 11
10 75 29
16 33 1
12 56 35
6 61 26
13 59 17
11 51 25
16 60 35
5 63 30
15 75 19
5 22 14
3 39 28
13 2 17
14 13 20
10 65 26
11 70 5
8 42 33
16 23 1
5 65 19
1 25 6
11 32 20
12 77 15
6 19 9
8 7 13
4 24 33
15 40 2
9 37 6
13 11 32
1 1 39
5 76 17
6 45 20
4 51 13
8 41 3
10 14 22
13 10 33
16 63 14
5 13 2
2 49 29
1 12 34
16 19 5
11 3 5
11 41 6
12 51 15
4 71 9
6 26 26
13 17 13
15 65 21
7 79 34
7 15 14
13 55 25
2 24 3
9 69 31
4 77 6
5 37 1
9 78 16
16 72 40
13 6 8
4 63 3
4 2 27
13 34 10
16 28 28
14 72 12
7 72 7
11 8 33
3 74 32
10 27 31
11 31 32
10 64 35
10 22 17
7 50 13
7 51 1
2 40 1
13 1 5
3 33 33
3 67 30
14 42 24
4 18 15
2 8 17
4 50 29
3 66 31
15 27 28
6 71 31
10 48 22
8 68 37
8 43 10
12 12 26
11 6 8
7 69 6
11 13 13
11 38 16
4 11 16
7 68 20
7 47 10
13 25 31
6 64 11
7 48 4
13 7 37
4 28 29
7 19 31
13 71 9
11 70 9
1 21 10
10 72 21
1 50 35
5 25 37
7 61 6
5 3 22
6 77 19
8 54 20
15 74 39
6 43 21
11 61 15
3 8 38
3 58 29
16 48 15
11 9 22
3 57 35
3 40 25
15 57 24
3 80 26
10 64 32
7 68 6
14 63 30
11 78 5
16 67 1
8 42 9
16 66 12
11 2 4
4 63 40
13 69 28
11 49 27
12 1 28
11 59 23
7 49 1
7 26 28
9 14 15
14 22 12
3 16 30
16 25 37
14 19 13
13 21 30
5 51 29
3 70 27
5 24 19
2 61 35
3 6 30
13 54 7
5 18 36
16 55 29
16 32 40
15 51 23
1 5 23
8 55 15
9 49 5
5 53 23
11 63 29
10 19 36
3 8 25
3 64 35
6 50 11
10 38 32
1 77 27
1 5 24
4 66 16
4 38 9
5 10 17
6 34 37
13 57 28
15 80 32
12 56 5
6 68 3
5 67 16
16 42 11
11 74 16
13 3 29
11 44 2
3 28 5
8 62 37
2 45 34
16 37 3
7 15 2
9 7 15
2 63 10
9 5 9
9 12 15
10 61 38
7 49 21
1 70 38
7 30 14
12 68 35
12 4 2
14 43 13
10 77 32
10 17 39
9 58 6
8 67 36
3 37 14
2 50 26
4 46 1
7 32 30
5 52 15
9 47 6
3 46 29
4 77 32
1 43 31
9 23 16
1 69 16
7 74 1
2 40 36
9 55 36
1 30 5
8 12 30
11 46 23
10 25 4
13 21 20
16 6 33
6 42 9
15 62 26
13 24 25
7 51 30
5 79 17
1 3 32
9 65 36
7 60 8
15 35 34
13 72 17
16 47 4
10 65 36
8 9 38
13 49 24
4 4 34
12 79 38
5 73 1
14 71 28
9 67 34
6 73 38
14 54 33
8 29 26
16 14 12
2 17 22
15 39 28
2 9 10
8 4 11
3 12 40
6 16 5
13 57 33
11 28 28
16 24 6
1 68 22
14 10 13
16 7 38
3 76 36
5 70 13
11 68 40
8 78 12
15 10 21
14 51 6
4 42 27
11 73 7
7 31 18
3 29 9
2 63 22
8 24 9
13 76 37
8 69 38
13 72 17
8 47 19
7 66 6
7 55 16
6 45 29
13 51 36
7 60 12
16 49 19
1 36 30
16 72 40
11 48 24
3 3 40
9 40 4
11 78 25
10 28 20
7 58 5
6 70 11
12 22 31
13 77 30
16 7 39
11 8 7
4 77 2
10 67 1
4 27 18
4 46 24
12 3 6
12 77 8
3 37 14
4 69 35
9 32 2
1 73 28
14 74 27
5 78 38
9 44 35
11 52 21
9 4 26
14 71 14
3 62 24
13 75 10
15 65 37
16 1 8
12 41 30
5 77 19
5 43 39
15 30 16
3 27 35
1 62 39
11 36 17
13 57 2
3 33 32
2 17 8
14 29 1
12 22 27
2 79 5
3 75 16
11 4 22
1 39 13
5 23 10
14 72 38
11 70 18
12 45 9
1 70 25
9 27 1
15 13 27
14 51 9
10 66 1
1 26 5
9 35 40
3 3 39
5 27 13
2 75 22
5 33 3
2 16 9
4 62 6
6 25 15
4 63 15
3 53 15
13 62 6
3 75 35
6 39 4
16 5 4
4 8 25
11 73 2
7 65 40
9 51 10
11 39 11
8 18 11
12 79 36
9 75 4
15 19 28
15 66 24
3 49 36
8 73 32
1 53 15
10 35 1
1 65 5
1 67 5
14 53 9
16 18 14
2 49 16
15 62 27
1 69 5
10 57 26
6 25 5
16 68 22
15 25 30
5 64 30
15 68 17
1 60 9
10 72 11
16 77 21
3 6 2
9 44 20
11 62 28
13 42 17
5 66 27
4 65 6
7 65 33
9 30 22
14 22 28
1 29 30
8 17 24
1 30 3
15 55 28
15 63 1
3 32 26
2 31 39
9 7 34
8 46 13
10 42 39
9 72 19
13 35 36
8 39 15
1 41 6
4 19 32
12 21 19
5 71 18
1 6 37
6 37 4
16 30 36
11 56 20
8 80 37
7 11 9
10 9 17
9 57 33
9 76 8
12 53 22
7 25 33
10 34 11
4 14 31
2 24 37
1 36 40
9 51 3
7 78 38
6 1 28
13 71 12
2 57 11
6 75 34
14 55 17
3 11 28
1 52 20
6 28 8
6 80 29
6 13 17
8 3 5
15 8 31
4 80 26
12 37 8
7 15 13
12 10 9
3 20 11
6 40 36
9 17 39
15 55 5
8 29 18
6 28 4
4 75 23
15 52 14
13 9 32
16 5 3
11 10 32
15 70 1
3 58 31
7 9 6
1 13 34
10 56 4
11 16 32
10 57 23
15 68 4
7 6 37
6 69 26
14 31 38
6 66 21
16 9 24
6 43 8
7 5 36
6 72 35
9 38 5
9 57 7
1 35 17
10 57 29
12 67 27
15 19 10
14 76 4
1 60 40
1 57 22
9 4 13
6 61 11
2 50 22
3 80 1
1 12 39
1 39 6
10 62 36
6 54 4
13 7 1
15 75 23
4 5 28
5 22 12
10 64 22
9 55 40
6 25 16
8 49 32
10 35 5
10 3 9
7 80 11
11 49 16
5 20 18
13 14 19
9 38 12
11 5 30
2 25 37
1 5 13
3 70 19
12 15 28
8 16 5
13 31 40
10 78 32
11 17 17
11 7 16
10 17 15
5 52 24
11 17 18
2 16 29
12 41 11
16 77 32
13 47 32
7 52 23
13 70 29
5 57 22
13 55 22
1 54 38
13 65 11
8 56 9
1 45 18
7 3 17
14 67 15
12 76 17
10 39 4
11 31 38
5 29 3
10 55 1
1 55 22
3 16 11
15 78 6
16 16 7
9 32 35
5 30 6
12 8 23
14 29 11
15 78 18
14 15 23
12 28 11
2 4 28
15 59 11
6 47 14
11 62 32
11 52 3
9 63 15
16 68 32
13 49 9
1 38 2
6 66 26
14 53 8
10 27 35
15 69 14
10 56 35
14 67 15
13 10 30
16 77 18
1 47 33
3 51 4
13 53 9
11 65 38
2 51 35
6 61 10
2 8 21
3 13 33
2 60 14
10 35 16
6 64 4
7 13 39
11 14 4
12 36 17
9 61 21
15 77 2
10 50 36
2 51 35
11 7 8
16 19 4
5 63 30
11 72 13
14 23 13
7 57 22
13 33 26
11 52 12
3 58 7
6 78 24
11 24 23
12 22 14
5 6 33
7 4 11
13 32 23
15 26 13
6 63 5
5 52 35
1 1 7
15 2 16
5 41 2
6 26 32
16 58 7
16 67 10
2 62 14
6 42 13
15 17 1
16 8 22
12 29 6
1 65 31
4 25 36
5 4 9
5 5 8
3 58 36
8 72 8
14 54 5
1 36 29
1 5 38
10 21 13
2 78 33
9 75 27
13 63 4
8 12 7
10 73 36
10 22 36
7 15 22
12 77 40
7 71 18
13 80 36
5 62 22
11 24 19
6 58 36
6 44 7
11 60 38
2 27 5
3 19 20
7 20 35
10 73 39
9 67 39
14 48 15
5 6 19
5 60 19
13 32 36
4 34 31
6 7 9
12 14 7
9 78 2
3 66 30
14 24 15
2 72 8
5 61 6
4 8 3
14 71 17
6 12 32
13 68 10
7 52 23
13 36 5
8 70 34
12 63 9
5 46 13
8 8 7
1 15 26
1 12 19
14 39 3
10 10 9
6 45 5
10 61 23
1 28 19
16 2 28
14 63 28
1 47 26
4 73 6
8 56 12
7 30 13
13 75 23
15 10 3
4 38 1
9 39 21
5 22 35
12 7 35
6 8 30
9 9 30
15 45 10
16 39 11
12 16 31
2 65 17
2 20 17
16 14 5
2 42 30
11 1 22
13 21 1
7 29 30
3 64 34
1 12 14
15 42 25
12 30 37
4 24 29
10 73 34
15 12 32
2 75 21
4 27 2
8 38 8
4 29 2
4 4 6
11 8 8
15 49 12
9 59 39
2 28 37
3 76 28
13 26 39
12 59 27
15 80 6
14 75 16
6 7 15
13 49 36
6 59 11
15 19 18
3 40 19
11 22 36
11 45 29
12 69 27
8 72 13
4 9 12
13 20 22
11 18 8
6 24 32
15 76 25
4 44 9
7 14 2
8 1 8
7 61 17
9 3 26
5 75 25
1 29 14
16 27 35
15 74 6
4 44 13
4 77 26
6 12 38
15 36 24
9 19 31
7 29 35
4 31 20
5 50 8
4 55 19
4 79 11
11 27 40
7 80 12
6 24 27
3 10 25
7 73 36
9 21 25
14 69 8
5 46 28
8 18 26
15 51 3
10 60 6
16 77 7
6 9 5
6 26 20
16 73 7
1 47 2
16 27 5
10 44 21
14 44 34
10 23 29
11 8 17
10 26 5
4 37 7
16 74 28
11 70 4
16 45 13
14 10 26
9 58 28
8 4 12
8 65 36
9 13 31
10 19 12
14 12 39
10 47 39
3 11 29
1 27 11
7 35 29
4 20 5
9 51 2
11 31 40
15 56 14
14 3 27
1 3 31
14 61 28
14 57 25
6 30 25
15 12 34
5 37 15
13 53 25
15 77 28
11 33 20
9 16 13
10 5 17
14 22 13
7 17 31
9 53 31
14 18 26
2 29 6
16 43 13
13 61 23
5 24 39
13 35 37
13 53 1
10 25 24
3 15 36
10 74 34
5 56 26
14 30 17
9 2 28
10 37 17
13 10 26
15 67 16
15 10 18
6 7 29
13 31 7
5 38 6
12 40 28
16 15 13
15 42 32
6 38 6
11 36 35
9 31 38
1 15 25
12 7 16
8 3 19
6 42 17
4 26 2
14 78 18
8 36 34
15 17 31
2 79 12
12 76 24
6 52 24
12 7 23
7 53 8
9 52 14
2 21 31
1 49 28
3 11 9
13 1 29
2 30 28
6 37 10
12 25 26
7 45 12
5 9 9
9 55 28
4 21 20
14 10 20
7 49 16
6 72 9
15 44 17
1 43 5
9 32 25
15 63 5
12 4 24
13 8 33
12 13 15
6 34 40
16 73 21
9 37 5
10 37 16
6 35 40
3 25 26
14 16 31
16 80 6
14 70 33
5 57 12
6 3 36
9 8 8
15 71 23
9 2 10
16 71 33
16 67 27
16 30 11
12 64 26
6 60 38
13 10 33
7 42 21
1 6 9
4 27 30
14 11 40
1 15 37
7 53 23
10 9 39
16 52 39
15 45 38
14 8 21
10 79 17
7 3 39
3 74 12
14 19 7
3 1 29
15 62 15
9 78 4
8 45 26
10 19 37
10 27 7
15 48 22
14 61 11
14 77 39
8 66 5
8 20 30
11 69 1
12 3 40
1 49 26
12 3 3
14 43 11
10 51 17
1 37 8
13 56 13
16 23 31
8 73 4
10 77 37
1 42 19
12 51 26
13 59 36
2 22 21
11 22 13
4 76 31
16 61 34
12 8 7
1 69 9
4 57 23
15 35 24
6 48 6
12 9 28
10 15 10
13 32 1
6 57 37
4 7 3
8 42 12
9 42 13
1 56 1
9 26 3
16 69 1
11 52 36
10 22 28
9 36 6
16 71 16
2 27 22
12 48 8
14 61 6
15 56 6
10 55 17
1 65 33
11 57 40
5 7 37
16 79 6
16 14 21
3 55 28
1 50 38
16 47 15
15 20 4
2 46 21
5 76 12
5 33 38
9 23 26
14 54 26
7 37 7
5 44 29
11 30 29
4 62 4
4 19 7
3 23 18
15 7 11
15 4 22
8 69 38
1 13 31
7 43 17
2 36 13
14 70 27
16 73 16
13 59 3
3 68 11
12 2 9
2 51 34
6 49 9
14 47 25
11 30 5
15 45 1
12 20 11
6 1 34
13 50 37
15 77 8
15 61 30
12 50 11
15 23 22
6 58 8
4 4 2
15 22 17
13 17 36
9 29 2
6 23 15
10 49 21
11 51 40
3 53 31
12 55 25
10 4 7
14 52 40
13 38 28
9 22 23
7 49 17
12 59 14
12 58 38
3 44 1
11 15 20
9 52 34
4 16 26
12 1 1
9 80 29
7 51 10
2 51 3
8 49 39
5 33 31
14 30 11
2 6 37
15 33 24
3 71 25
12 24 3
13 53 29
15 65 17
16 73 23
9 56 11
3 57 24
14 62 6
16 14 37
2 12 7
14 24 33
2 1 6
9 22 40
9 33 8
7 42 6
15 60 36
6 37 37
15 55 9
8 74 33
9 18 8
10 64 30
8 59 18
14 73 17
14 21 23
9 4 8
11 17 28
5 45 20
3 29 25
15 69 34
7 63 31
9 45 9
6 69 27
3 71 32
8 65 11
13 59 39
3 30 30
4 67 16
4 64 4
15 38 26
14 41 29
11 80 1
14 28 26
6 74 35
5 9 13
12 72 17
7 41 14
15 5 39
13 12 11
12 69 13
2 74 37
16 26 20
10 67 34
9 33 1
11 42 36
3 17 23
5 21 31
9 49 9
5 9 21
6 55 32
11 22 9
10 2 17
10 10 16
1 23 32
3 20 33
5 20 11
10 80 26
10 46 23
6 72 13
4 49 5
8 40 40
6 35 30
13 55 25
2 17 17
2 55 12
15 25 28
14 47 13
11 37 32
2 34 33
16 54 15
9 28 5
5 56 10
14 74 17
6 37 26
5 62 27
4 58 23
12 71 19
9 46 30
10 68 22
4 3 7
14 77 4
14 41 33
6 2 13
5 53 15
7 14 12
7 51 27
4 14 7
16 49 14
2 64 16
12 13 36
9 42 10
9 32 2
14 41 31
15 47 20
6 38 24
12 29 31
11 39 27
12 41 26
3 61 28
2 22 12
6 5 39
4 7 10
12 74 39
6 67 10
2 1 35
7 70 32
9 50 22
15 65 5
13 9 9
3 65 40
6 36 22
13 11 31
12 3 35
1 3 32
10 39 26
11 4 3
15 46 12
1 66 22
1 60 36
5 48 30
10 44 14
5 22 33
4 21 5
12 50 4
2 17 23
13 40 24
4 57 27
3 48 40
3 5 36
12 33 1
15 17 6
10 3 35
14 17 17
1 55 31
11 29 17
5 18 21
14 3 23
16 58 6
14 12 16
9 70 28
15 80 18
8 59 29
9 66 3
15 36 19
4 50 20
11 35 35
15 29 6
14 63 27
8 38 16
12 48 24
13 1 10
8 10 27
13 74 1
10 10 25
15 18 8
2 59 23
10 71 33
5 12 3
14 71 40
10 78 32
9 24 39
12 33 20
9 38 27
2 62 27
14 24 1
6 26 15
12 52 6
12 33 5
15 39 7
11 43 28
14 53 13
13 13 16
4 11 24
12 75 8
6 16 12
6 57 9
4 47 7
4 70 32
14 2 7
1 66 18
2 26 27
12 12 16
3 44 31
7 79 1
14 3 6
13 29 16
14 79 24
8 27 5
13 8 39
11 63 32
6 22 12
5 7 19
11 22 8
15 40 2
6 2 35
2 72 23
14 32 27
1 24 24
4 79 17
8 12 7
12 60 12
12 29 26
3 36 4
12 14 22
4 39 8
8 75 6
15 44 26
11 47 9
16 19 6
9 57 31
13 49 1
8 57 25
12 7 18
1 19 6
8 35 32
9 51 38
7 70 8
3 19 16
4 25 35
5 38 4
2 30 31
12 19 14
2 36 16
9 73 2
1 22 31
3 38 38
15 40 23
7 59 1
8 35 24
2 57 25
11 65 25
16 27 26
15 46 13
9 1 1
8 53 31
7 14 4
3 12 10
13 37 29
9 16 20
3 52 11
1 31 28
8 65 29
3 31 21
1 11 6
13 46 22
13 53 5
12 23 11
10 20 16
11 77 14
5 80 33
16 80 32
16 21 39
2 14 23
16 29 38
10 75 2
14 76 16
5 80 37
7 35 5
3 17 27
14 2 5
12 58 38
5 75 31
15 4 9
4 18 5
2 75 10
11 51 19
1 26 22
15 66 9
14 38 31
6 12 22
15 50 9
5 54 4
10 57 40
1 16 26
13 30 6
6 52 2
16 3 39
5 68 16
16 56 27
7 78 12
13 17 25
12 56 33
14 8 13
8 53 6
2 5 9
2 58 33
7 15 38
2 46 38
7 80 1
5 45 25
6 67 10
11 73 37
8 56 12
7 37 16
14 50 32
7 63 33
12 2 5
12 47 20
16 50 2
8 13 13
13 27 21
16 22 10
1 43 9
15 2 38
2 28 26
10 76 16
14 13 6
14 61 32
6 6 32
14 66 33
5 72 12
14 43 25
5 11 8
14 79 33
8 26 40
3 50 38
6 9 29
8 50 24
5 61 6
6 51 15
8 35 39
14 8 21
4 33 34
11 3 39
15 73 37
1 69 35
16 20 20
5 34 7
6 40 21
9 35 29
10 36 23
16 69 39
2 56 5
6 77 1
16 17 21
5 40 27
14 57 6
6 23 21
6 4 2
12 10 2
10 59 7
5 25 10
8 44 31
7 1 40
16 16 6
12 33 34
15 56 17
15 29 37
4 50 25
1 24 8
2 63 19
12 28 27
6 80 2
3 49 37
10 46 6
4 79 9
12 21 32
3 12 3
1 30 24
10 75 6
5 4 10
16 24 23
2 15 36
11 48 21
6 33 15
14 33 20
15 5 13
13 20 31
5 45 30
16 80 22
12 29 15
3 9 21
13 73 32
4 16 36
7 80 32
8 73 13
4 40 14
11 66 16
9 38 39
6 77 10
5 2 12
7 30 35
1 53 20
6 28 19
3 11 33
16 39 11
5 2 32
13 68 1
6 40 8
13 20 34
11 44 18
9 47 13
14 13 18
9 34 5
3 63 5
3 66 21
4 23 28
2 49 1
11 35 40
7 3 34
15 34 24
16 3 9
14 8 25
15 45 11
14 73 19
1 15 8
8 46 6
3 34 35
2 52 20
12 5 17
15 27 39
10 17 26
10 6 29
4 50 14
3 77 22
15 12 20
8 44 11
3 56 39
2 21 18
5 16 21
1 80 17
1 65 38
10 64 25
16 50 37
1 9 31
5 78 10
7 79 33
10 55 30
6 33 2
3 9 39
7 58 15
4 57 10
6 6 37
11 31 20
4 62 20
1 63 7
1 31 40
16 51 28
3 20 38
11 1 16
16 76 24
8 71 22
16 62 35
15 56 11
8 25 14
12 71 21
6 56 38
4 51 18
2 69 14
14 65 4
2 45 8
8 15 6
1 55 31
16 20 39
16 41 5
10 73 7
15 24 1
6 10 36
9 75 19
1 21 13
14 53 37
8 10 14
4 52 40
15 77 2
10 38 31
11 18 5
7 39 15
16 70 18
14 33 11
4 65 12
4 43 5
1 13 28
9 61 27
2 16 21
8 62 34
1 8 39
3 55 11
10 29 4
16 59 27
16 3 2
14 48 24
4 16 20
2 17 4
10 77 19
1 29 33
5 2 37
13 31 11
2 71 33
16 60 32
9 28 36
15 76 4
9 79 1
9 45 26
10 74 34
11 71 38
1 24 5
5 64 30
15 22 4
9 25 39
12 15 31
15 68 23
10 20 24
11 50 8
7 42 11
13 15 18
12 36 3
1 57 21
3 62 37
4 44 27
3 2 28
7 40 6
16 78 11
14 32 9
6 49 5
11 78 2
2 21 15
14 12 32
14 12 24
1 54 13
3 54 7
16 69 24
9 80 24
12 42 8
8 32 2
15 26 38
11 29 33
15 68 31
3 25 27
2 61 6
7 37 40
7 72 15
11 9 20
10 1 14
5 32 34
7 59 14
4 8 16
4 78 29
2 29 33
12 45 2
2 52 9
11 64 21
11 29 3
10 71 13
10 67 34
14 41 6
5 67 22
15 68 37
3 32 6
6 21 19
13 1 21
6 60 32
1 46 40
12 38 3
11 10 7
11 55 37
8 2 28
1 11 29
11 65 33
8 60 24
3 7 31
1 23 8
9 61 24
12 27 11
13 8 35
4 40 36
14 48 26
13 66 19
9 71 11
13 49 24
3 66 23
10 22 15
7 17 2
12 25 18
16 27 28
10 43 36
4 31 10
16 36 25
8 64 32
1 2 33
10 24 13
10 77 2
5 31 2
15 65 29
5 57 2
11 11 19
15 44 36
11 40 15
5 54 31
13 60 4
7 13 8
1 77 26
6 4 16
9 20 31
12 25 37
4 18 17
5 76 2
4 27 24
13 12 15
11 29 36
6 50 22
6 64 9
7 10 29
1 37 31
1 74 33
13 52 37
3 52 20
12 16 1
3 53 19
8 80 32
8 61 17
12 9 31
4 79 12
10 68 15
8 59 24
6 77 16
9 76 21
12 47 22
1 11 33
4 68 19
14 67 30
7 22 32
5 19 40
10 46 37
4 68 21
1 52 4
2 70 15
10 4 11
8 25 31
14 25 9
11 61 19
11 47 2
4 67 40
3 7 27
16 32 5
8 25 25
7 58 31
5 78 29
1 12 37
14 40 1
15 2 22
16 34 32
10 67 30
14 50 19
14 13 21
7 28 22
12 58 17
4 31 4
11 7 3
14 50 18
1 33 22
9 40 24
2 32 20
4 17 22
10 30 4
2 18 4
11 53 22
12 70 38
8 27 5
8 63 4
8 33 30
15 51 23
3 21 15
6 65 17
13 16 24
13 56 40
7 20 1
9 60 21
2 75 25
6 19 23
2 48 8
15 68 19
5 46 38
1 73 33
8 57 20
15 57 21
3 11 31
12 33 21
12 80 10
8 73 14
10 21 31
3 2 1
13 29 19
6 32 1
6 47 7
14 65 3
2 21 25
10 12 30
12 54 40
14 28 34
9 58 35
5 60 4
15 13 39
16 65 12
2 33 9
6 5 35
2 80 25
3 66 29
5 63 10
1 69 17
9 23 29
3 49 4
7 50 31
10 53 23
4 60 19
8 26 26
15 57 24
14 11 26
14 76 30
8 47 7
12 22 20
8 62 10
6 51 21
15 72 16
4 37 4
9 15 4
8 20 12
14 49 38
8 2 26
11 43 33
16 61 16
7 26 30
10 18 29
1 58 37
1 28 22
5 55 3
9 12 10
16 1 5
14 80 12
2 71 20
7 59 34
13 44 11
7 23 7
3 14 38
4 78 9
9 61 26
10 13 7
12 8 15
1 1 5
16 42 12
5 62 35
13 14 23
12 42 25
13 49 3
10 28 27
4 15 27
3 5 25
11 2 2
14 15 11
1 16 1
12 50 1
4 5 8
14 46 19
9 3 35
2 49 17
12 22 14
14 16 20
15 75 36
12 74 8
8 8 20
15 39 12
7 20 37
5 74 27
15 38 31
8 61 20
14 66 12
6 75 11
4 13 39
6 59 31
8 45 13
12 12 32
10 64 25
5 46 16
6 65 13
6 50 23
13 57 7
7 50 34
9 35 38
4 70 34
10 49 32
5 77 33
11 27 37
1 29 22
16 61 34
10 55 22
6 77 29
14 69 28
7 31 14
14 9 3
1 46 29
6 34 2
11 69 38
4 41 39
7 13 27
5 75 20
4 16 18
14 59 8
6 41 19
5 7 37
1 73 35
13 7 5
7 21 11
1 61 15
16 76 17
9 76 26
7 14 19
12 3 32
4 46 7
16 21 5
16 65 26
15 70 12
1 38 10
4 67 3
11 19 34
6 67 16
3 4 30
2 8 9
13 37 17
2 3 3
4 22 8
9 56 7
9 72 16
3 36 38
9 52 12
10 40 16
9 65 39
14 7 9
6 49 33
3 37 39
1 47 33
16 22 6
10 31 40
7 8 3
16 65 34
12 50 20
14 79 23
13 28 30
16 74 14
7 75 8
12 49 9
16 21 9
2 34 39
5 22 24
9 42 21
1 72 22
12 9 28
4 76 31
5 7 25
4 3 11
5 47 13
2 35 26
3 46 40
11 6 1
10 47 25
12 6 17
3 36 29
8 4 37
16 65 11
7 49 13
1 47 3
3 65 33
6 47 1
8 65 23
14 55 36
8 62 15
15 62 15
5 69 35
15 16 24
9 33 11
7 6 38
5 32 24
6 14 27
16 64 12
14 64 30
10 72 2
7 67 31
1 52 26
1 80 10
12 24 29
9 28 15
5 70 34
14 18 36
16 72 18
6 47 16
6 27 4
1 2 19
5 5 36
16 5 20
15 75 38
14 66 38
12 7 26
2 75 30
9 63 25
15 6 15
6 79 21
10 28 35
5 33 4
12 70 27
9 39 16
9 49 21
1 51 18
13 29 12
12 3 7
8 68 2
2 28 28
11 54 13
14 60 22
4 58 39
4 48 8
14 66 31
9 62 18
14 33 6
13 30 34
5 28 27
9 43 28
1 79 23
15 26 16
10 2 36
9 40 15
2 38 2
15 36 32
11 34 28
7 8 17
7 42 35
3 32 38
16 70 24
12 59 14
13 22 1
12 72 8
15 43 14
5 12 33
14 56 39
6 19 15
6 5 8
15 54 18
13 74 39
14 12 2
4 4 37
13 63 28
5 78 6
11 22 16
9 54 34
12 30 21
11 5 21
6 17 25
11 55 28
13 42 24
16 46 18
2 55 33
5 46 24
10 61 14
4 39 8
4 75 39
14 26 28
14 22 18
15 57 4
6 60 37
16 40 27
1 53 34
2 76 21
8 30 7
11 39 10
15 7 21
16 35 21
11 29 28
15 77 15
11 39 11
12 14 32
8 69 28
15 33 8
8 3 6
12 36 33
11 34 39
14 32 15
3 29 29
16 49 39
4 56 35
8 42 1
2 21 11
14 39 5
11 11 39
9 5 10
4 50 5
10 48 25
10 48 31
11 57 17
3 28 26
7 2 15
5 27 25
9 66 39
16 18 6
8 73 8
5 5 9
1 67 7
16 36 24
14 33 11
5 31 14
6 49 18
4 17 9
15 70 1
5 38 7
16 26 37
12 68 10
5 65 22
15 35 19
8 29 37
11 41 30
6 38 18
5 60 33
2 64 25
7 61 33
10 38 27
6 75 36
14 47 28
9 55 8
14 12 26
10 43 32
16 74 19
12 56 31
1 6 26
3 52 23
7 1 33
7 18 27
1 32 17
14 30 17
10 14 29
1 63 7
11 34 28
16 52 27
2 67 27
8 57 7
3 4 9
6 42 8
9 12 2
8 43 36
2 52 37
1 8 1
10 47 8
5 65 22
5 76 16
6 12 26
9 35 17
14 20 38
12 41 2
7 55 22
8 49 27
12 1 1
16 58 9
2 3 4
1 30 27
8 80 16
6 56 38
1 80 17
1 57 4
14 43 17
9 27 4
5 25 18
4 13 28
16 59 33
2 11 32
12 24 31
5 34 21
4 62 4
6 77 12
8 38 30
5 8 36
8 10 27
14 55 29
1 43 3
5 76 38
10 21 25
13 31 1
12 79 6
13 75 25
3 8 20
4 57 13
10 30 40
14 63 26
15 7 36
12 60 7
10 15 14
16 52 23
15 14 8
12 34 26
3 48 40
16 38 5
14 3 22
6 41 38
10 5 7
13 10 17
1 10 26
13 8 15
12 35 38
14 15 28
5 7 9
1 74 29
5 35 12
1 41 33
3 37 9
1 31 12
12 31 27
4 69 36
11 77 26
10 32 22
14 40 22
10 18 12
4 69 17
4 28 7
15 45 13
7 9 38
14 74 12
8 32 30
5 47 13
6 76 40
2 45 17
10 7 39
13 71 26
1 37 36
6 72 2
7 3 7
14 66 34
11 7 17
15 11 2
6 76 27
4 43 28
14 14 17
14 47 14
12 24 5
14 3 24
14 29 36
3 40 33
11 57 8
7 24 32
13 76 6
12 38 19
16 41 1
4 74 37
8 58 11
13 60 40
8 24 25
1 1 18
9 25 1
2 41 9
12 60 13
15 36 25
9 60 39
2 30 25
5 62 34
13 12 24
4 28 20
4 78 34
8 5 9
16 78 12
6 78 19
3 71 9
14 70 6
4 3 27
9 14 37
1 78 15
15 56 16
3 52 14
1 5 35
4 71 12
3 13 9
14 48 37
2 19 27
13 34 8
4 77 13
13 67 12
3 58 3
8 16 7
5 43 38
15 30 12
2 34 10
15 35 38
6 11 17
4 71 28
3 53 35
6 32 28
16 80 35
14 22 33
1 42 31
16 48 4
10 53 35
6 33 22
11 5 33
13 9 26
6 34 30
15 25 1
13 35 3
2 39 9
1 45 22
3 62 20
15 39 23
9 63 7
7 7 14
8 23 40
14 28 6
12 26 24
7 61 8
9 48 23
15 75 16
1 61 16
14 10 37
6 19 16
15 55 23
8 67 3
8 64 1
7 38 39
5 48 31
10 73 3
1 6 25
13 71 3
6 41 8
4 42 25
16 11 18
5 12 23
6 57 19
4 16 36
6 32 1
14 58 40
10 57 19
6 74 36
1 74 10
15 59 16
5 18 13
1 72 38
2 18 16
15 18 23
13 10 39
5 56 31
1 3 31
14 8 13
9 27 25
16 19 17
9 14 15
4 30 19
8 53 31
15 42 24
3 61 36
1 4 17
12 17 9
3 72 11
8 68 9
4 56 40
4 55 6
8 10 30
14 27 23
16 15 12
2 25 6
5 38 27
9 9 36
13 9 31
10 36 27
10 78 33
8 29 19
1 51 23
8 9 30
4 66 32
6 38 19
10 46 6
15 34 24
16 34 3
8 49 10
16 59 38
3 23 28
16 5 21
9 26 31
11 25 15
2 46 32
15 33 19
14 80 22
14 57 14
11 40 38
13 38 23
9 45 3
3 2 32
13 11 11
8 73 15
16 38 32
9 51 40
12 40 39
14 51 9
4 70 17
4 29 19
8 28 26
15 55 16
1 23 10
6 36 21
11 3 32
16 49 16
10 77 1
13 42 31
9 14 40
4 24 7
3 63 35
15 55 6
12 65 4
8 74 38
1 22 11
8 3 14
5 80 12
10 13 12
12 61 7
10 16 6
9 57 5
12 45 3
14 3 35
6 54 39
16 75 6
7 15 6
16 80 32
10 7 29
6 50 38
3 45 29
13 60 37
2 25 23
2 4 20
10 24 36
15 39 36
15 42 29
4 73 40
16 47 4
12 27 36
13 21 4
15 52 24
1 73 25
6 37 2
1 27 22
8 23 13
5 49 24
16 52 39
3 4 18
5 52 26
12 9 10
8 22 31
14 32 32
4 43 32
4 69 38
10 8 1
10 78 10
13 40 12
7 9 1
2 66 25
9 16 6
7 39 7
16 22 10
9 38 14
12 77 13
12 12 21
3 24 20
11 67 14
2 19 6
9 2 39
15 28 8
7 20 34
7 12 11
1 7 11
9 61 12
14 34 35
15 6 28
10 12 14
11 18 37
15 9 12
13 50 7
13 46 33
8 33 16
3 47 35
11 10 7
15 36 15
12 4 34
2 19 1
3 15 35
9 25 9
10 69 6
5 62 12
12 44 26
6 20 27
8 19 29
12 57 32
12 60 33
4 35 15
14 49 27
6 29 32
16 70 31
14 39 9
3 18 27
12 21 3
12 13 21
6 37 22
2 45 20
6 76 29
3 19 3
8 9 19
10 37 7
5 59 31
4 27 24
1 36 2
7 37 1
8 59 5
12 18 31
9 34 26
3 12 31
6 41 12
12 78 8
12 67 37
1 6 28
10 20 22
7 64 21
12 56 15
16 66 11
16 47 19
11 24 32
4 35 23
4 20 30
1 34 25
5 71 18
10 5 5
4 54 40
14 60 10
14 53 29
9 42 12
5 68 36
13 48 10
14 30 27
14 32 21
4 23 30
12 45 39
14 67 13
4 22 5
6 42 16
3 8 13
8 65 33
12 61 39
9 25 37
4 61 12
11 27 12
8 58 23
5 52 11
7 21 1
5 2 22
13 56 9
2 7 32
10 25 27
9 22 7
6 6 12
5 80 31
15 25 17
15 18 1
13 16 9
3 18 10
10 26 25
8 23 10
7 13 20
15 68 8
12 26 25
12 57 22
6 33 40
14 67 39
1 41 33
2 65 7
1 16 20
15 55 34
15 2 29
2 71 15
11 27 19
13 56 2
9 78 26
14 52 5
4 16 16
11 53 19
7 41 19
13 24 34
1 70 30
4 59 29
10 20 9
14 41 20
2 58 12
9 41 21
10 77 18
9 9 26
16 18 31
11 39 19
5 22 18
15 17 5
3 71 7
1 45 21
12 59 35
7 75 33
5 42 31
9 39 38
8 37 36
11 28 26
7 51 11
5 80 32
15 61 20
12 6 35
11 72 35
14 55 39
11 76 34
16 76 27
9 64 37
8 49 21
9 76 16
7 49 33
2 49 26
1 33 5
11 9 40
9 35 34
16 37 4
2 46 39
16 77 9
12 69 18
13 1 17
6 38 15
12 34 23
6 44 19
16 58 36
10 7 20
16 61 24
14 8 33
12 15 37
12 22 30
12 44 15
13 29 4
9 54 26
11 70 13
9 47 20
2 57 33
12 63 13
13 25 9
3 23 36
11 50 23
4 21 11
16 71 16
7 32 31
7 76 21
2 21 33
7 18 40
6 35 33
10 55 32
2 42 27
16 52 30
9 67 18
14 11 13
8 48 12
3 13 4
13 12 18
3 7 4
12 16 4
3 21 11
3 30 40
16 77 17
13 21 30
10 42 37
11 72 32
8 36 31
8 52 18
13 61 36
6 12 11
5 11 32
5 65 21
11 78 4
16 36 18
3 10 31
13 60 40
9 36 5
7 42 10
7 53 6
11 48 24
9 33 32
14 27 24
9 1 36
5 7 38
7 52 4
1 42 2
13 27 5
8 27 12
15 26 16
14 51 10
13 21 13
16 54 5
13 38 3
12 59 38
1 29 33
1 48 6
14 55 3
9 29 15
13 65 13
5 4 40
6 1 9
4 11 12
15 19 28
7 33 5
5 27 37
6 22 3
3 10 22
16 18 36
9 71 9
2 4 14
16 6 34
1 42 4
10 35 13
10 35 20
8 34 4
6 17 37
7 76 35
6 15 26
4 23 35
11 9 20
8 48 40
13 41 10
10 25 9
2 74 2
5 62 29
1 39 20
7 6 18
8 74 8
11 42 35
6 52 22
7 48 20
3 49 11
16 11 26
1 13 19
3 19 7
2 5 15
2 44 18
8 46 27
15 66 34
13 16 9
3 46 22
11 15 3
8 29 32
12 6 2
14 16 26
6 12 32
2 48 27
2 12 37
1 57 36
6 14 7
5 12 21
15 71 3
14 61 10
14 44 21
3 63 39
3 72 5
14 17 23
4 26 23
9 56 40
7 68 39
4 36 9
12 59 20
3 34 3
9 57 12
16 8 16
14 71 36
12 62 15
14 72 2
10 55 31
7 9 18
10 44 28
7 48 4
5 10 11
7 27 28
3 49 17
11 45 26
16 42 22
13 12 19
5 39 10
10 65 40
16 35 23
8 26 26
12 48 28
13 37 7
9 27 35
8 58 34
12 18 18
2 66 11
9 37 29
15 68 35
1 75 1
12 23 25
10 13 27
9 34 15
8 5 5
16 78 25
1 5 21
9 34 35
6 16 38
12 51 23
3 34 6
12 55 32
11 44 3
11 2 8
2 16 9
6 3 37
10 23 1
12 9 32
1 77 40
6 4 20
7 19 4
11 40 30
11 52 31
4 34 18
8 22 35
8 40 11
8 32 10
6 46 35
11 9 7
7 40 37
7 48 12
13 49 4
9 8 21
11 78 28
8 42 2
6 14 11
3 46 12
5 10 13
5 19 28
7 76 7
13 6 11
15 58 14
6 79 14
1 52 27
2 7 32
13 8 28
9 31 12
15 15 3
6 57 20
5 27 26
16 58 2
16 38 3
11 27 31
7 75 9
5 3 30
16 1 24
4 33 28
1 68 29
11 51 27
12 53 18
1 9 16
10 66 1
15 25 9
3 34 14
2 66 33
6 31 32
1 56 21
12 22 36
7 37 31
16 14 2
10 8 17
3 50 19
8 4 37
14 61 21
9 30 6
3 40 4
1 66 37
2 17 16
3 40 15
14 35 28
9 5 17
3 23 6
15 80 29
6 16 11
15 79 38
4 36 10
5 56 29
16 31 16
5 64 22
14 79 14
12 53 2
3 30 17
2 38 20
11 52 13
13 10 3
10 78 35
8 3 31
14 61 12
6 41 28
13 10 6
3 23 37
8 55 16
3 59 27
2 55 7
13 69 13
1 8 31
14 56 40
6 65 35
12 24 3
4 35 6
7 76 11
11 74 18
7 29 13
15 58 5
9 35 21
11 53 35
4 62 16
2 42 34
15 53 10
15 67 14
3 75 20
8 72 30
1 48 27
5 3 16
7 63 26
13 65 1
10 7 8
15 48 39
2 18 8
10 35 18
14 8 3
9 72 8
9 31 31
4 40 21
3 45 15
9 69 16
16 50 37
9 64 20
15 2 3
12 34 31
4 68 17
8 55 26
13 48 39
3 21 3
5 74 8
16 41 17
15 70 35
15 58 19
8 43 16
13 45 1
7 55 8
5 16 10
6 38 13
6 79 10
9 68 17
1 10 3
14 72 27
5 34 17
16 44 7
4 35 7
12 73 23
13 40 34
16 63 27
8 30 26
10 71 9
10 43 39
14 14 22
9 2 9
2 34 8
9 60 9
9 12 22
16 68 28
4 54 20
9 16 6
8 50 12
15 51 32
11 74 16
8 31 16
14 29 37
16 49 31
3 42 9
14 64 27
13 22 30
4 45 22
11 70 35
7 38 27
13 17 4
13 67 18
6 13 8
1 39 5
7 26 16
5 52 28
4 34 32
6 47 31
8 13 1
9 3 40
8 80 38
9 74 35
2 47 18
1 80 7
10 7 11
2 5 8
15 74 2
7 75 9
5 10 24
3 13 34
5 63 20
11 27 30
7 23 23
4 71 24
10 35 25
6 11 11
15 62 4
6 48 38
9 80 34
13 26 2
10 27 30
16 66 39
1 14 3
3 72 26
7 67 40
13 52 8
5 1 2
4 5 8
7 65 24
10 75 10
3 45 16
5 34 17
10 41 8
8 33 9
9 45 1
12 64 39
8 20 26
8 61 14
1 51 14
4 62 17
15 26 7
8 56 7
12 71 17
6 37 40
11 63 39
12 46 29
1 47 4
11 19 1
5 63 6
16 79 25
5 80 26
2 34 29
1 80 2
3 44 13
12 40 4
14 46 29
4 68 29
3 22 35
1 43 9
8 79 23
8 11 29
2 64 1
3 45 5
7 60 27
2 49 1
15 76 21
9 23 26
11 76 25
8 51 5
5 52 15
1 55 20
15 72 38
7 77 28
5 80 20
5 40 30
11 62 17
9 32 3
10 42 35
3 80 5
2 50 33
2 32 30
14 24 36
9 61 18
16 72 33
4 25 23
4 23 11
3 78 21
13 80 35
12 58 26
5 60 9
11 9 12
12 19 11
6 76 29
10 80 35
14 79 14
5 61 14
15 64 34
13 44 27
5 27 3
3 12 23
15 49 40
2 39 6
1 45 39
16 53 5
7 36 25
11 64 4
2 74 20
15 80 4
2 75 12
6 1 37
3 50 37
6 66 18
12 73 7
13 21 15
16 17 31
11 45 14
14 61 3
6 80 18
7 46 22
6 53 33
1 62 37
7 5 8
8 18 25
10 43 27
7 2 36
3 59 8
9 77 37
15 66 14
7 23 38
6 35 40
2 61 27
7 9 7
16 80 27
8 27 16
7 1 5
2 75 30
7 12 26
16 1 12
14 37 33
16 18 36
4 72 40
4 36 12
8 28 12
8 31 13
10 40 13
9 16 10
13 72 29
4 7 23
10 62 38
9 44 6
11 55 38
15 23 22
8 49 38
4 46 2
16 3 16
16 3 33
12 30 13
5 59 37
5 23 26
4 22 24
16 33 23
7 33 31
14 43 34
16 62 25
7 9 11
11 23 21
16 39 3
2 80 26
10 4 9
13 59 34
13 65 40
8 50 11
9 44 37
5 54 36
3 46 36
7 29 16
11 71 33
13 44 36
8 50 18
9 20 40
13 70 4
16 39 18
9 59 35
3 62 2
2 61 38
12 10 32
4 79 34
4 11 13
15 32 18
13 43 21
12 9 26
4 3 1
4 36 6
4 38 24
13 19 32
16 50 31
5 6 28
8 27 34
10 68 24
13 58 34
15 41 14
9 28 28
3 66 32
8 28 12
16 30 24
16 29 14
11 72 30
5 3 5
12 14 17
13 45 21
11 16 6
1 33 17
2 13 37
5 80 18
14 80 1
12 46 26
6 59 35
16 22 2
4 48 24
16 46 22
2 40 25
12 9 13
9 61 4
3 42 31
5 51 23
9 52 19
11 70 20
1 29 20
1 28 30
8 39 37
16 21 15
3 80 32
8 34 20
13 1 35
11 39 35
3 66 40
6 46 7
9 58 14
6 15 4
7 71 38
10 4 17
14 28 5
4 34 3
8 27 15
4 73 33
8 23 34
7 49 39
11 14 13
3 10 25
10 75 39
12 51 14
1 62 5
3 57 3
1 55 5
13 75 4
14 49 28
4 35 2
1 16 33
15 13 31
4 62 4
10 43 31
1 18 8
13 35 20
3 31 36
16 40 40
7 26 25
8 13 27
13 6 38
1 2 20
5 43 20
5 62 20
4 69 31
3 8 26
6 10 35
14 38 36
2 10 29
14 46 27
13 2 23
8 77 32
3 74 16
13 11 11
5 9 31
2 31 30
4 28 21
4 59 3
8 69 3
14 79 37
4 13 40
13 2 40
11 70 35
5 66 40
16 70 7
7 36 7
5 9 36
13 5 10
1 1 14
14 68 17
11 18 35
7 78 16
3 44 4
8 27 15
7 23 8
13 78 1
13 65 38
12 45 17
1 52 18
9 25 9
14 44 20
9 71 30
14 12 38
1 14 38
8 4 16
16 20 34
6 1 2
12 24 24
4 1 3
7 15 13
1 72 24
3 51 16
12 37 15
11 10 10
13 52 8
11 24 22
15 24 21
12 30 24
10 59 10
14 37 4
10 64 6
1 65 18
7 20 37
15 52 10
14 77 28
3 18 3
10 53 35
14 69 38
13 20 7
14 10 37
6 2 35
12 47 22
3 41 4
10 29 34
6 74 36
9 2 17
12 79 12
12 16 8
15 25 29
6 65 8
16 47 7
13 4 27
9 28 38
12 65 25
15 18 40
5 76 20
13 42 29
16 54 1
6 75 21
16 55 4
2 66 30
5 44 34
5 65 12
7 6 33
15 70 12
1 31 1
5 45 34
7 11 9
10 24 16
7 21 17
4 25 4
1 10 32
2 53 17
4 48 11
8 67 27
7 70 23
11 11 17
13 72 2
12 70 35
4 15 1
2 60 2
12 37 40
7 26 27
13 36 39
3 70 23
11 62 35
6 46 9
2 42 40
15 51 28
8 65 9
5 62 17
16 45 20
8 52 35
4 5 11
15 78 19
9 77 25
11 24 40
5 10 33
8 44 34
6 9 30
3 55 32
1 78 27
8 79 26
1 71 36
8 46 36
12 49 2
11 22 25
10 56 40
11 57 20
4 15 6
16 31 15
6 25 15
8 74 35
14 18 22
2 43 24
6 47 12
13 30 4
11 41 33
15 40 6
9 15 19
7 55 6
9 58 31
11 10 13
8 8 12
6 57 40
14 74 30
1 77 29
5 2 30
7 21 37
6 2 7
8 62 5
15 69 8
4 32 11
11 25 6
10 50 4
2 36 16
3 63 8
9 29 15
16 58 27
1 47 20
4 35 36
7 65 18
4 60 16
9 24 9
16 25 10
16 9 24
16 30 40
4 5 15
16 20 14
6 30 38
16 29 27
11 29 17
9 42 16
4 27 32
10 73 2
2 46 23
2 46 20
15 80 12
5 30 21
2 71 29
12 26 20
14 13 7
14 57 12
2 14 13
5 48 14
16 69 9
13 49 1
14 30 5
16 12 36
8 69 18
1 66 33
8 19 34
8 79 27
10 4 3
1 3 4
4 34 16
11 52 8
4 2 22
10 73 14
4 20 5
13 4 26
4 72 7
8 67 26
16 45 18
10 80 3
4 22 33
9 30 16
2 2 5
2 10 6
10 2 33
6 13 3
4 25 27
8 22 24
14 43 7
9 49 18
14 42 33
1 57 14
11 36 38
4 32 29
16 76 8
4 28 13
16 35 11
6 51 33
16 76 25
12 20 21
12 49 4
6 58 24
3 62 27
3 33 32
4 65 3
10 37 32
4 12 31
7 26 19
6 1 36
7 79 18
7 55 39
7 10 2
10 10 4
12 73 28
16 3 4
15 68 32
12 59 27
11 21 32
4 43 26
12 60 31
10 18 15
9 79 27
12 71 16
5 31 3
15 32 2
7 59 30
7 44 27
14 4 34
8 1 36
10 56 31
1 48 29
2 61 25
11 76 1
3 38 25
1 51 7
1 55 17
2 56 40
4 12 35
3 23 34
1 52 9
5 27 3
6 46 24
10 39 12
6 34 39
12 62 39
12 21 24
16 62 28
1 45 7
15 33 9
16 45 8
2 68 2
2 22 26
10 75 1
9 24 1
3 72 2
5 58 32
10 7 15
14 7 34
14 24 31
13 41 8
4 50 6
14 21 1
11 60 10
3 48 25
10 63 27
6 14 15
12 21 1
14 16 14
12 64 19
4 61 22
15 79 28
11 2 13
10 72 31
9 57 31
7 33 27
15 44 29
9 8 25
12 68 37
12 24 1
10 26 8
1 39 2
7 3 30
2 36 16
11 29 22
5 54 23
7 72 16
11 18 25
14 61 18
3 49 12
4 35 39
6 75 7
16 21 17
3 18 13
2 66 12
1 7 28
2 25 38
13 79 14
10 18 31
5 64 9
10 48 20
5 1 17
16 63 12
6 71 4
16 34 23
12 73 27
1 60 2
12 46 33
4 11 16
8 71 3
7 33 2
8 11 18
8 41 5
7 41 1
13 13 15
2 39 18
1 77 23
4 60 11
11 21 38
10 10 23
3 12 4
1 69 26
12 18 26
3 80 21
7 9 28
14 57 16
5 71 40
13 12 9
11 18 10
9 50 8
3 10 32
7 40 31
11 6 22
14 6 4
4 61 25
9 49 10
10 53 28
16 80 7
16 22 13
9 1 22
10 79 13
10 78 12
10 75 16
4 3 2
16 23 20
11 29 39
15 48 33
6 32 13
16 13 21
5 76 36
14 30 28
15 28 3
13 9 23
9 61 26
9 45 25
15 15 15
15 31 25
5 15 14
3 75 38
4 15 10
13 79 10
5 18 33
15 13 7
4 11 2
9 8 7
8 78 4
16 65 29
3 66 32
1 36 9
10 40 21
9 45 4
2 20 34
14 29 22
5 51 34
13 62 5
8 3 14
13 18 30
15 52 9
9 8 21
3 42 3
12 9 25
7 6 34
9 38 10
9 21 9
10 57 22
6 59 15
11 63 25
3 1 5
7 37 30
5 44 25
13 60 7
8 29 12
6 27 29
1 32 5
14 47 13
6 65 20
6 44 28
5 39 15
4 42 15
9 31 19
12 63 19
11 9 8
10 13 17
8 2 37
11 50 12
2 24 16
9 79 9
1 65 9
7 18 21
9 34 32
4 55 24
2 73 18
3 19 37
6 48 12
1 80 36
5 12 26
6 20 27
16 40 7
16 7 21
13 56 18
6 35 10
9 18 5
1 69 5
15 16 10
1 10 32
6 52 19
12 64 17
14 63 18
5 77 29
3 4 32
9 78 9
2 76 20
15 40 40
6 66 26
16 55 3
6 26 30
15 14 37
9 34 34
16 2 25
14 10 10
16 53 40
1 13 19
7 3 8
4 32 38
11 46 17
2 56 35
16 61 39
16 72 11
7 2 1
15 5 22
7 47 28
2 27 32
6 19 38
9 18 11
6 30 39
12 17 19
10 46 16
14 33 1
8 75 36
14 64 12
4 9 15
6 68 26
12 7 6
6 47 29
3 7 5
9 77 7
1 1 3
3 53 30
11 37 2
11 51 16
16 50 36
9 57 4
12 59 25
15 67 19
7 15 38
13 75 38
11 47 4
9 33 14
9 33 13
15 66 14
6 25 32
9 74 7
13 37 21
13 19 10
2 58 23
7 34 11
16 72 10
2 68 25
8 67 3
12 31 16
2 54 2
7 35 36
15 66 17
7 15 26
5 14 40
9 70 26
9 68 27
6 49 6
2 45 19
4 46 29
1 34 35
7 15 5
4 70 33
13 25 11
5 20 33
3 41 2
9 36 31
14 16 15
3 78 19
16 13 25
9 12 10
4 62 31
9 39 15
11 55 11
5 43 14
10 49 25
11 24 8
4 8 29
5 72 31
16 54 14
2 60 2
2 9 21
4 18 39
2 72 4
2 2 39
8 2 1
9 63 20
4 5 38
14 13 11
8 22 20
10 76 6
4 35 1
16 9 30
8 46 28
13 57 19
6 75 7
3 27 13
12 72 20
9 44 39
12 30 15
13 77 7
2 38 5
1 52 19
4 42 24
3 47 14
16 54 2
11 75 20
13 37 29
16 50 39
16 55 21
3 11 30
1 66 19
8 69 16
14 58 27
8 53 28
10 73 33
1 4 7
13 73 39
8 62 17
10 44 3
3 12 20
2 53 10
16 65 9
2 32 2
4 41 6
6 37 10
12 35 21
14 36 7
1 62 20
8 29 21
10 4 17
1 24 11
12 52 35
14 73 9
3 20 19
14 27 36
1 79 6
4 4 26
11 7 26
2 56 40
4 45 8
1 71 36
2 38 4
15 48 16
14 58 24
4 11 1
8 40 25
15 77 40
6 16 12
6 1 11
9 49 5
3 57 5
10 34 19
12 73 25
8 73 15
3 59 40
9 58 30
10 69 27
2 54 25
8 28 9
12 23 38
16 11 25
16 4 9
6 58 40
3 58 22
1 26 3
15 36 3
14 72 29
10 30 26
15 1 5
6 75 20
12 45 11
4 41 19
2 68 30
1 67 8
7 36 22
9 34 17
7 19 4
16 31 7
4 59 2
14 44 3
1 37 8
13 76 6
16 65 7
8 21 33
12 73 2
8 42 26
2 27 26
10 22 27
7 39 1
4 42 10
15 68 23
9 18 18
5 54 33
9 5 13
3 77 18
16 35 31
12 25 24
11 45 12
8 28 15
1 74 7
5 24 28
15 37 18
1 22 36
3 64 7
4 64 10
15 43 25
8 11 17
6 25 28
11 40 29
3 18 27
13 68 22
16 1 8
10 2 25
3 41 6
11 18 20
6 72 24
7 76 30
10 80 18
11 34 28
7 62 11
7 39 12
15 69 28
16 10 26
4 38 4
1 36 30
1 16 30
14 52 11
10 55 23
7 77 31
11 53 12
5 58 4
10 65 25
5 76 17
16 30 34
16 70 2
6 43 11
10 61 28
1 58 16
14 15 21
16 6 34
6 67 4
2 37 22
1 62 3
4 53 5
5 68 22
9 4 7
15 1 15
12 9 29
4 46 12
15 52 27
10 55 8
13 62 35
11 22 14
7 6 12
14 74 16
12 48 28
10 65 34
1 47 28
15 71 39
15 45 5
10 64 8
9 65 33
9 39 28
4 71 2
3 26 40
9 8 13
4 34 10
15 41 11
12 49 23
1 16 13
9 41 34
12 1 10
11 48 11
4 46 30
7 5 11
16 17 5
11 51 25
1 63 2
7 44 39
15 7 21
7 60 29
3 66 8
6 33 6
4 73 40
15 62 6
6 68 36
15 25 30
3 20 16
16 15 33
11 3 8
14 44 1
2 75 4
12 3 34
10 41 27
1 37 27
11 56 12
13 26 28
14 1 12
15 32 11
8 41 19
13 30 36
16 30 22
15 27 15
6 42 40
12 75 25
8 73 14
11 63 15
3 76 26
7 76 3
11 73 2
12 49 19
13 39 23
11 16 17
11 24 30
10 10 23
14 18 21
6 60 7
13 32 30
5 61 10
12 64 22
4 47 19
2 77 35
13 69 22
12 36 4
5 78 2
3 28 24
5 72 21
7 50 37
15 74 32
1 74 34
7 22 9
9 61 16
9 60 33
9 46 23
13 35 1
11 76 2
5 27 32
