94 54 38 5887
2536 562 206 2727 3417 3519 4108 1311 2644 4829 4351 2984 52 2250 2233 4379 3243 3567 4452 2441 2883 571 1503 811 13 4387 2148 1362 1786 591 4444 4314 558 582 3166 1959 3478 1573 113 2297 4204 3043 2535 4855 2545 3339 3957 2955 2632 3174 4846 4857 2421 2629 
2732 437 3510 823 3621 280 875 4322 3557 357 2114 2137 1897 1927 2817 2075 298 4162 3555 1312 528 4516 1949 1727 33 3962 3434 611 4465 2208 1402 378 3634 1482 2607 1749 475 3675 2644 1840 2368 2304 642 979 3088 3408 959 3419 4605 1492 1969 1832 2208 4375 
2511 2885 182 2433 1374 1885 4710 2147 861 2215 1459 4126 4906 4267 1015 3577 3895 641 2479 1208 1357 2929 2415 2391 2480 129 2596 3001 1662 4625 2185 1924 3654 3561 2152 708 135 4792 3820 15 2524 1817 1414 4207 1806 2336 1258 4237 3423 1057 986 1612 1658 2329 
2996 4742 1243 664 3085 4696 3664 1001 2113 4719 1671 97 4517 1504 2169 2488 1240 3923 3456 1457 2810 1304 1284 439 1852 3413 4317 271 3891 537 2162 916 774 2893 155 2347 1300 3479 1994 2543 3721 2470 2431 2859 1085 2223 743 2972 3211 2256 1727 2248 1137 3143 
3085 3983 1727 4275 2790 2472 1523 1993 4254 3431 523 2762 2749 1824 1164 2158 3583 2712 3085 4070 1028 2902 1047 270 2605 805 195 1002 3310 514 1156 1829 4554 1118 2772 4048 2731 831 3996 3320 3968 4641 3678 2896 1094 1843 4510 1002 399 3382 808 2339 1837 3560 
1334 4510 2877 3948 4316 3505 800 76 1827 306 2777 4583 1035 3466 2075 4794 4384 2350 1793 2093 2291 4230 4124 4556 1510 298 1617 3402 3636 3698 608 4250 4314 3841 373 3029 4728 1243 2364 1279 2051 836 2861 1680 3645 2762 14 12 1926 899 3903 292 3618 1489 
3501 1157 1537 4159 3298 3074 2796 266 2077 217 2404 696 4339 631 2609 135 3103 1026 2743 4506 2927 3466 2867 3774 516 2587 1955 4573 108 1403 2015 293 4394 1931 1548 1032 3406 66 2558 1986 4510 3090 3115 1667 3221 2607 3283 3970 1755 3855 332 2164 4838 2077 
371 3482 2381 1848 2350 4213 1840 2078 1081 1209 3589 3837 4697 4252 3340 1244 1020 1367 161 3872 1413 4459 3261 822 4657 3957 3912 4824 1077 869 1645 2773 3339 3470 316 2349 811 2657 2952 1311 2705 4612 3120 3414 965 703 894 1431 1526 3161 1464 851 2313 764 
4608 1216 1600 3807 1967 3035 2322 2583 559 3312 2184 1009 1938 3396 3371 3525 552 4610 2252 2075 630 1112 2922 3620 4049 2591 797 1361 4749 4236 592 4860 3164 4095 1325 1938 382 1673 4361 3669 3056 3940 3403 968 1898 4293 4713 1236 2353 4906 4569 3290 550 1944 
4311 3705 1879 4836 2801 1521 4179 2820 932 142 3451 344 819 4301 2985 4377 3937 528 892 3921 4854 4448 1335 1017 4035 1647 959 3876 2014 508 2010 2672 3557 4773 388 3563 4434 206 2013 465 86 4468 3305 3169 4678 4136 1491 3032 3667 1355 2759 4173 1652 3545 
4054 3720 2516 4712 3265 196 2717 2803 2672 4709 4004 1818 770 2510 2035 4864 497 4818 4566 4437 4288 2663 82 2152 4446 1086 3085 4820 3353 1348 3095 1834 4121 1550 2031 3075 2288 3521 1255 2968 3784 3749 670 4414 3399 3539 4027 1023 4781 2541 562 3588 3736 4892 
1586 3427 3698 3795 714 4477 2676 2724 1816 1778 4100 2201 170 1479 4123 683 4464 4425 1767 226 2535 2528 3236 2548 673 4014 2551 4380 3480 3231 2722 3613 4039 840 893 4789 2268 4195 2057 3126 2960 3163 194 4091 1196 3110 2221 1524 4568 374 623 1191 2149 2171 
1167 1303 3668 4122 3700 3246 909 4091 553 2213 427 3828 895 3267 668 518 1404 2274 676 2763 2930 4055 3722 2053 1896 2643 2534 3156 1063 3820 366 3462 1863 895 3653 1152 2811 2132 4612 4289 281 2575 944 4656 1531 2813 1392 539 2574 3752 4852 118 256 1374 
4314 1489 1953 1378 3256 1341 672 4642 2905 4426 3068 1325 2447 1033 1679 4045 842 3441 750 66 4287 4732 4162 1643 46 1819 4174 507 457 4550 269 3024 2322 3701 2041 1205 2161 1351 187 198 3436 1112 806 2316 2415 3840 3643 3171 4779 3083 4564 4253 4468 2927 
977 3668 362 2908 2481 767 1222 4196 1666 748 1026 1316 1438 3667 2436 1697 1205 3620 2183 3638 721 439 1952 2837 4253 1760 3503 3423 2775 2043 3767 4733 2715 1390 4019 410 3396 1290 1637 4869 4623 3255 224 4067 3952 1526 4092 2749 218 3634 1266 4463 1239 2180 
1999 4355 2758 3739 3077 1317 4902 449 2394 3244 3911 4118 1691 1960 1312 1034 3675 1541 3294 1050 4726 3084 4451 2543 4039 3023 3471 3195 1255 1777 2447 3918 3977 4787 124 4650 3368 4171 1577 1977 4085 554 3265 3716 4516 1235 3318 1353 647 56 4038 1076 4690 103 
1119 574 2295 1601 3842 539 3858 4525 1512 2537 4052 3112 3168 2408 3486 964 1906 844 3323 992 736 365 3299 3183 718 2516 1472 866 773 3793 1269 3609 4035 1805 4515 1771 3053 867 1129 4349 4014 2357 3322 4841 525 4390 3548 3099 3466 16 3177 674 767 159 
2427 1482 580 1461 2278 3585 548 1074 4094 1695 877 3199 1254 1196 802 4747 203 2658 2204 3694 4529 2693 3538 1450 2772 3183 2721 75 78 2781 2025 4123 1121 1321 4613 555 3331 2984 1350 4734 572 4755 2253 1578 2338 2900 4720 2645 252 4624 3496 2446 197 2590 
168 1948 3691 3623 1762 4004 4104 4661 3076 3356 404 4210 3961 2899 2680 893 528 2774 4821 1192 58 3920 3879 2991 2355 85 77 4599 1374 697 1196 1879 3238 3321 2893 2356 1579 3610 1707 864 4377 4798 1504 3807 4631 3946 836 4639 4444 159 18 2562 548 4592 
604 4098 2979 4824 2011 2164 1426 3853 2825 3084 1894 4062 2588 4296 1449 1457 2952 2092 1698 4327 568 2579 238 3947 1768 2209 151 2015 4477 1733 4751 2996 4308 640 2223 561 2354 4693 4513 4303 1132 4373 2498 2237 3797 4612 4454 4634 1785 1478 369 269 4215 284 
4780 2022 432 2329 1795 2957 1757 876 4790 2855 4740 4515 1829 264 2637 1754 946 599 645 1061 2135 119 772 2630 4627 143 1234 890 1345 3250 2207 3276 3336 1257 921 2282 240 2134 4285 1476 1046 2906 306 3419 1243 2731 2500 4421 203 3166 3737 3031 2560 253 
1131 2256 4714 117 618 4162 3208 3159 143 739 1990 326 1537 1036 2120 4803 613 474 930 3537 603 3686 214 4266 3607 2527 3062 2037 1215 4378 858 2736 3127 3830 870 58 3598 1746 485 1041 4384 944 581 1034 692 3810 1518 635 1893 2327 4195 4830 773 856 
2629 1787 80 1525 4364 4409 3330 3289 933 3739 3538 2098 2873 2001 2943 691 2789 3019 3299 130 973 2392 4037 3356 1864 2031 1384 2898 4157 946 1186 465 1973 2054 4452 1792 1897 4829 3416 3533 1724 134 1885 117 1671 4607 826 1949 1298 732 3638 1612 1857 811 
3405 1669 4764 376 3775 3967 4859 222 3844 861 2313 2729 1362 3640 1608 703 1554 2492 1343 262 966 4779 1845 4273 939 3401 143 2006 4426 1812 4571 1324 1094 3524 53 1913 1846 4475 246 2404 217 1749 1301 4050 453 3766 4442 4127 55 4900 2439 1617 3732 3960 
1403 2378 1839 4114 30 3947 1487 2018 553 630 1061 1437 1167 1141 3336 2780 3567 1594 4393 4151 3810 2145 2318 2720 4198 1048 179 3522 4088 4059 1568 3700 2197 3943 1320 18 2690 1558 2993 1766 4111 771 1349 1046 3349 4440 256 152 4513 230 4167 1806 2493 3153 
4850 3797 1316 4748 66 251 4706 4651 3013 2900 1967 2825 2000 411 1843 2482 2132 3244 3122 4419 2440 3627 1875 1021 3111 581 1064 4689 1538 3179 3663 4289 1030 3364 3192 2749 3706 3926 1290 3520 4903 3552 2304 2427 3446 1587 4797 3772 4906 2228 4057 1607 2124 4523 
1703 3699 2856 2020 3172 2513 550 806 503 617 2440 1996 1209 2953 1717 4888 4581 1143 3932 2584 3147 3342 415 892 1369 4182 357 4738 4729 1769 1404 2611 3853 2692 2674 3545 3366 4562 1241 662 1399 2861 290 2151 2903 2595 2368 4643 1552 1763 4545 4541 3398 2018 
1923 2201 2627 2987 608 818 2567 3312 1822 1182 2805 3948 1976 3945 2481 192 4628 3748 696 2530 1185 2162 1644 2528 109 2670 2424 3319 3555 1186 2764 445 2539 3021 2465 22 3738 3246 4110 3613 4003 252 4732 92 1235 1535 2314 1856 4212 3612 4583 1980 404 1260 
1450 3134 4137 4034 704 3313 482 1320 4826 2372 3905 2424 4093 1857 1981 4164 1440 442 2536 4801 2842 1400 3135 95 4401 2735 3212 4686 4300 1590 512 914 3823 1457 4482 3742 3052 997 4217 3041 1728 946 3177 398 3664 4682 941 1538 3719 4405 1673 4829 2965 4299 
249 1330 226 4185 3615 2659 4469 2869 1796 2504 710 4258 3022 1709 1564 781 1718 1512 4198 1878 2299 3326 4512 2931 850 2335 1373 3617 2850 743 1347 294 3146 3465 1846 319 1366 360 3658 2986 3719 1315 2988 3104 1617 4261 1193 2174 1420 2870 4189 3733 3790 1292 
3229 4024 3527 2437 85 3098 3244 567 2879 812 1115 1052 250 3005 2367 383 655 328 2710 1355 1574 4574 1276 2354 4285 742 4379 144 2445 3943 2869 507 1456 233 987 2067 2116 1693 440 3677 1352 4481 2520 712 3337 4401 513 3821 1985 1275 972 2002 3266 2891 
2539 26 1241 97 1139 4310 2996 1149 395 3065 4206 575 4455 2848 3562 4519 3239 463 129 4825 2879 3796 1620 4398 1044 441 1235 3713 1816 573 4097 2784 2197 4864 1611 609 4118 3069 3970 3665 2337 2624 4708 235 1116 1189 2620 2339 4479 2612 4647 4095 3167 76 
3756 104 1032 4164 3718 1358 1318 1016 3127 4372 1022 106 2704 4044 2827 4141 4343 4869 868 905 4778 202 285 2485 4188 1152 4083 1118 1448 3809 4841 1857 4704 1046 482 1595 3352 4016 808 4235 2752 3968 2933 1263 3530 4720 3610 1399 2099 3916 785 925 2114 3641 
2409 2256 1192 4021 3939 3920 2125 1435 1200 914 4099 1492 4867 4651 4871 261 978 4527 437 1017 687 1266 362 1501 2012 1014 3428 3180 3051 1448 3317 3688 3582 2798 1231 3913 3998 1261 304 2985 4255 157 1361 3012 4381 1540 3153 4642 2113 1961 1283 1355 1984 140 
3127 1206 466 4732 3738 2016 4263 2469 3835 1863 1298 1672 552 2275 4497 870 3342 2542 4239 2421 1825 3947 3426 2042 2985 3213 656 1264 2409 2087 2912 1599 4018 3643 2708 4178 4202 1554 2250 2111 3436 3216 1418 1004 3347 4328 4512 678 1553 2208 3831 477 4494 4817 
2311 733 839 3187 1688 2145 3062 2204 1805 1073 1236 2576 4525 878 123 912 2888 4561 3301 2896 1871 3322 3079 888 1734 1949 2363 3879 4612 2569 817 247 4689 222 2185 521 3241 641 1257 4611 4531 4351 4351 2608 412 3012 4826 4434 3643 4718 4345 3341 2075 3712 
4230 413 3263 4043 1987 2243 4542 380 4100 1519 1709 1320 821 2616 1429 1481 1435 4687 1608 3358 1694 2994 1268 3790 1276 758 2846 3477 1864 3300 3781 2799 1172 3474 3340 399 2425 3506 1562 1922 1728 1549 1504 4229 3531 3252 1709 2288 3751 4567 438 2150 2469 2278 
4310 250 2721 1904 380 4630 1003 2773 3348 1354 2369 2951 1495 244 294 1241 3324 1944 1727 4789 1089 1164 2071 2841 1969 3492 4381 4156 4869 37 1694 4154 3412 3488 1856 291 4501 3193 4053 4278 4842 1030 1897 154 2319 2534 1379 2460 3844 2575 2138 4459 3597 4485 
273 508 1330 4778 1966 3158 888 432 264 55 677 1108 4521 474 685 4368 3870 650 52 1412 1196 2570 1770 509 2107 1018 580 885 825 192 2437 2574 3178 2100 386 2756 363 4334 2327 1325 1740 1961 4519 4194 912 3111 93 4512 3023 3252 3641 3207 2642 3233 
4090 2180 1652 1233 2935 2176 1605 2218 972 219 2499 4909 2663 4554 2839 3291 4705 1676 564 2941 4486 2416 1728 4853 1064 2748 4761 2823 1318 2844 4345 521 765 3038 558 3537 2785 192 1999 2462 4025 1434 2497 3235 2602 3438 2579 3983 3989 4142 897 2610 1196 3653 
2036 4358 841 3992 312 142 2133 3013 1072 4478 4590 4093 595 1149 132 2658 1819 774 813 3300 2994 63 4168 4659 3822 1154 1881 4323 2385 4417 3205 1343 265 4631 3604 3606 1499 3627 3802 4817 1098 257 1677 1730 931 2479 584 4147 3164 2982 3002 829 3205 369 
1488 3517 121 3187 2532 836 1845 4359 599 1864 3720 1889 350 2678 1092 3645 3349 1154 179 996 2676 3295 438 845 4257 4263 1856 566 690 2861 1893 751 4805 3862 2831 2296 680 1711 1084 516 3505 4127 1028 153 3877 25 2969 1964 4085 729 847 3911 2127 4709 
1216 4228 802 2559 4594 563 2908 174 3655 4785 3968 3510 2221 4730 410 2615 1233 3814 3437 10 4403 2559 1711 123 4522 3212 4199 4281 3537 1515 2733 3597 3544 2545 4861 4473 3231 2795 959 3431 1928 404 1737 488 3305 3406 843 600 3215 1009 4459 502 39 3901 
3344 2663 4770 2678 1280 1643 3837 3872 1662 3854 2060 4746 4542 3992 4182 2821 1569 3942 2425 2204 4219 506 4109 771 2650 4174 4533 2203 1675 4284 2629 3995 505 3124 3905 4726 2970 4322 757 3258 2571 1827 2760 3642 4225 1838 250 1010 2469 4260 3688 1878 2732 1146 
4554 3485 1088 501 2181 1376 147 1825 3302 2671 2156 4385 4067 3237 4529 910 1329 3766 4358 3128 2024 751 4889 387 2484 3053 3504 993 3375 3164 979 1790 1865 3628 4763 2221 1689 1853 735 315 2097 881 2107 145 1534 2481 1936 1911 1934 3122 934 1464 1170 2973 
365 4702 4661 2080 4261 3149 868 4135 4269 56 1914 333 1716 2402 2883 3787 1861 808 2451 3049 1762 3686 4647 4906 1311 2502 246 234 1824 2803 2631 893 4216 299 2883 1219 2928 2701 1101 297 144 4173 2371 3048 240 4209 1576 2672 2502 1103 2017 1028 4686 4345 
3951 160 159 414 3507 3960 97 1757 2452 2200 4336 735 1713 3073 1274 278 23 3622 3942 2476 1601 1719 2312 2802 2280 3781 1504 4742 4307 3393 2604 3623 2371 4331 4144 337 3728 3907 306 3293 3623 2639 2083 3319 1931 419 1055 2683 681 4005 2677 2721 3866 1894 
2761 2761 2748 3525 3024 1839 2159 2257 1813 3509 2500 2414 987 4856 3109 1252 3574 1564 1227 2286 3630 4856 4206 2439 1646 2033 1124 544 3057 4034 1266 2264 4350 2431 4237 1443 3596 127 1631 108 1830 941 25 4709 4187 1706 1489 1588 3686 4075 3115 3444 2744 3904 
4209 3369 3799 226 3138 4644 2308 4379 997 2816 4694 3999 3396 3612 19 3338 3012 3576 4660 3076 2874 1536 4866 1254 4620 4092 4019 3168 2812 4872 3986 4266 3641 1381 4821 334 2606 249 4341 4354 4840 4419 3994 286 80 2783 3377 601 2675 3723 789 4602 2578 2477 
3244 1705 4264 1727 1389 2627 2641 2131 3046 103 2882 3981 4781 4117 686 3296 2836 2406 4572 4733 4201 1974 1494 3845 376 1167 1032 1658 504 564 776 3346 2135 4538 3619 2258 530 1416 3777 3860 2589 1473 4678 339 4146 966 1524 4800 4745 1082 3099 241 4503 2352 
3049 1511 4110 1764 1937 1075 2737 414 2629 3380 1667 1760 4765 1501 387 3144 2418 274 4837 2291 4343 3441 2629 2169 1384 3352 1135 4694 2518 4209 2939 2090 4760 3329 3156 4171 3497 2021 4333 4099 1668 4061 134 3588 2240 1895 1251 2241 1895 1487 472 3422 787 366 
4179 2903 3508 4557 2942 3518 3206 2170 4134 935 4352 20 83 4614 4814 781 743 3856 165 4255 960 3657 2336 2893 3298 777 1490 3567 2864 2690 3875 1787 3582 4250 4794 2086 4458 3306 4127 1733 3765 436 1405 739 2199 4001 4159 801 2645 1947 1325 1482 1305 4253 
4424 2390 1476 1992 1195 4803 224 820 3802 4503 3692 2138 3311 4055 1936 2141 4371 313 3644 2990 2715 962 3713 4666 3254 319 4786 210 2711 4207 1481 3569 3103 4266 1193 156 2784 3610 2081 3701 501 4186 4492 2011 2127 1835 3633 2797 1014 3096 3536 2314 4386 597 
3426 3447 3000 836 153 638 686 1263 898 3786 1371 2655 951 1060 2318 2551 3688 1371 4872 4463 3171 414 4569 3778 1862 1840 2903 3016 3993 4546 4539 3723 4049 687 410 2105 264 2286 985 1088 143 784 528 1745 694 4518 3466 3786 648 2133 2037 2714 331 2116 
903 1578 177 4444 1568 1170 617 1563 2559 4850 2940 659 1483 3242 2789 4295 1111 3598 4270 4468 1094 2499 1581 2810 2665 845 4767 4194 4017 1605 2521 4147 346 1544 2588 1239 2160 3945 4048 4336 4452 907 3675 3420 992 172 4493 352 3352 2675 2823 1533 64 396 
2086 4836 4890 1033 2336 2827 743 2234 1489 666 597 3213 3989 276 1707 1784 2378 3993 36 4451 4332 2781 2705 3889 706 3763 4531 4591 89 2739 4073 4009 226 2706 1457 47 1828 3660 479 3414 3669 3756 2695 3676 1422 1427 2905 3063 3187 2725 159 4209 1713 214 
1622 1149 714 261 1673 3546 2460 3221 4605 898 1910 3247 2953 1931 4432 2889 2881 2171 2082 1733 2600 3136 1658 1400 4628 605 3305 1807 1632 334 1681 375 1749 4582 281 35 3803 2540 2140 2822 3406 3131 1112 1940 4783 1046 301 3017 2676 377 3369 1994 3605 1886 
612 4887 3460 3109 3901 641 2400 1696 1327 2953 786 1136 4392 2781 863 1162 1259 3150 4842 930 473 2180 2948 4473 337 415 4364 2795 2150 1581 566 3418 3169 2631 1363 4114 2294 1934 3223 4793 1760 651 543 4638 2220 3185 2462 4212 2926 958 4564 842 3727 1462 
1252 1735 586 3515 3854 1664 701 3072 4558 4049 150 4621 4757 1177 4595 3395 799 3285 2525 2882 3886 1786 2122 2521 4341 2143 3497 2353 3914 1439 4448 3287 118 4347 1775 3220 711 1695 465 2300 166 3382 397 1015 333 1586 362 456 1697 3661 2140 1896 3104 2263 
4157 1889 174 1724 772 3927 1043 4534 530 903 1351 3290 655 3341 1842 2204 4578 1790 1981 1282 377 2681 690 4791 2195 20 3222 2919 4763 3835 3797 1879 3230 1560 4384 4044 3421 4515 2863 3129 80 1463 4307 1212 2191 3265 1898 60 2030 930 4545 985 4021 4567 
2996 765 3245 1134 4906 1786 3587 2201 999 833 3261 1560 2691 3318 2427 3479 3918 4887 4050 2410 3297 1750 3555 1440 4105 3665 2045 2062 2098 3626 4582 4197 2773 3886 4551 1389 1623 4448 4648 1566 615 3604 3179 3474 1881 1638 2558 210 785 2929 4784 3386 915 79 
3860 88 3116 4054 1087 3095 4671 3994 2019 1789 4006 4746 4404 4539 2424 4814 2873 3289 2893 469 3739 3672 2402 439 1166 4664 2795 1753 493 4669 2987 4090 411 1346 3395 1128 89 1150 1484 2216 2008 1602 1085 1585 3634 4850 1604 3405 3441 2274 1813 4136 869 2466 
1585 2990 2510 120 4785 279 1155 1933 50 2885 883 4629 4518 1698 3314 2323 3989 1961 1474 4703 1162 3551 2326 2076 4892 961 274 4542 406 4317 4737 4689 2987 3417 3898 258 266 627 1341 1834 3953 205 2428 314 2406 4071 3733 3283 1920 70 4755 2964 3635 879 
2649 2952 2964 3084 4757 1933 2796 1912 1243 1895 2464 1438 2664 4570 729 3403 3265 4518 2382 75 1396 3860 1577 3445 3933 3481 3877 1909 1780 3680 463 4905 3129 4319 81 1594 2174 1933 2564 327 2943 4794 4868 3640 4363 3990 2260 4231 1857 2057 2815 3484 4296 2941 
4127 3443 3947 3896 741 3655 1383 1514 2201 1100 3929 1972 4755 1220 2476 4820 1748 2912 3187 3400 2761 1467 2793 2453 2398 1290 468 2613 4195 1378 770 3813 4836 4360 112 2099 3795 300 2138 666 1561 1321 3565 731 2037 3410 4070 1649 1652 1827 93 1916 468 4339 
441 474 3498 4090 3289 1916 4135 3189 1494 499 2194 2443 4748 3247 795 4677 3615 3969 1896 4205 1743 1243 531 1166 2937 2842 4692 2433 2136 932 140 493 756 4458 2640 4269 4106 81 2442 2884 3814 4006 861 195 3367 2899 1440 4022 4167 3209 2814 869 3421 2699 
2236 4512 2972 4324 2766 4806 672 458 3756 2357 1649 2932 2344 1510 772 39 970 137 2691 4162 644 3199 1301 456 792 1049 4838 66 1713 1451 4498 1886 3006 3472 3048 3865 1140 1174 2476 4179 1641 36 4907 2800 2924 1292 1108 2301 4696 3127 2882 1276 1399 3473 
2964 4027 2700 2361 4701 3790 1440 4062 3225 3258 4042 889 4909 3964 4370 3989 4717 428 1409 4235 2350 3127 959 4057 630 939 4423 3169 2947 4732 4268 3246 2127 2224 361 3176 2311 689 4480 4175 3044 834 104 2360 2686 1242 3444 1708 546 3197 4237 2200 2393 4446 
3693 508 697 399 4804 4457 71 3400 4325 761 2827 874 2205 2685 3297 3252 3466 330 1947 520 3253 2495 3033 1575 3347 4017 621 1262 1957 3086 3951 4588 557 2432 3384 4135 4598 1140 1022 973 4064 1802 2300 2166 199 1031 4664 2493 2315 1069 2671 4460 4112 1807 
2399 2140 2854 62 1944 1638 4780 1252 958 643 4517 1243 2688 4472 2642 4623 27 3531 3597 3048 4536 4610 3083 2415 4834 4823 4288 3697 4503 1503 2958 322 4716 4094 50 1223 2035 757 1640 4476 2812 1940 1552 1254 1448 3086 154 3488 1975 3430 1890 1149 758 4238 
2225 4730 201 1538 1278 3661 1221 3008 2835 2218 1113 1971 3967 1796 4525 975 162 4599 2149 151 4247 276 97 3320 4263 3047 2747 3618 4112 3029 132 1910 2409 209 2519 3248 3518 264 4758 1459 3892 2084 4760 3713 3358 4614 1473 3797 4162 3297 2642 4330 3719 835 
1337 3715 3356 2414 168 3967 819 3111 2897 2066 4836 1815 3607 2013 1922 3593 1485 3819 3849 1809 3632 2917 382 3781 1012 4333 2163 4768 3918 3663 1165 3021 1339 2573 2457 2206 1284 3542 2256 974 4121 2882 1163 2238 88 3318 241 3483 2828 2400 4584 4193 2698 1311 
1428 2942 2314 1679 1242 4753 2408 57 1438 3459 1769 3741 1028 3664 1468 4088 388 628 3582 2372 3057 2731 4646 465 4352 3396 4005 861 351 2882 3641 3059 4253 474 1190 717 3304 379 3220 2740 2942 402 3436 4019 1398 4107 3947 40 756 1215 2175 795 4380 3964 
4610 4094 2966 1636 2787 2231 1514 2935 494 481 1049 392 1804 447 2169 1229 3835 4500 3456 58 1169 1401 3710 3402 1354 4066 1655 3640 4445 4303 3396 3002 168 4328 3469 3174 4785 3055 717 3404 1011 208 2340 4901 217 3138 1503 2431 3527 3236 2286 4531 4416 4530 
2101 1868 2608 330 3939 3719 2740 407 1703 1316 4593 2740 379 3314 564 3471 3966 751 251 1556 3294 3251 3460 213 4553 3078 4211 244 3633 994 270 4185 1704 4293 2215 1877 2451 1260 1793 3263 4395 4209 1611 1451 3833 1974 2783 3803 4150 3284 4401 628 267 1033 
823 3445 227 1372 2718 4625 1599 1087 1018 4794 2573 693 4701 1447 3178 566 430 2195 1839 1874 1981 3247 699 4495 1253 2388 4777 2716 1911 540 3673 1691 76 3891 4280 791 3888 4613 701 3136 4717 3262 4436 2177 1258 1919 2432 2358 3903 4533 1687 672 3305 3126 
209 4073 2525 4420 837 854 4463 3268 3071 3962 1213 647 3743 2783 594 3835 3329 4597 1094 3340 2868 4554 1528 3866 1550 1831 3141 1280 3307 1741 63 664 2426 4621 2108 2624 96 3212 959 2732 2087 545 820 1422 563 683 3988 4891 3313 1034 3171 1804 1400 2149 
2905 4149 3232 2632 4236 2606 2844 424 4671 3814 2224 750 2001 3256 1503 4044 941 3589 655 2484 2571 4747 2576 4255 1473 3966 323 1008 1715 368 339 2863 261 628 4188 2658 346 1059 4397 1625 1171 4524 4301 3078 56 4322 4234 2011 826 2062 2982 1089 4443 3002 
999 1763 4102 1357 796 3004 4212 4120 1521 338 1803 3003 3720 690 3631 4613 3034 2090 3031 4578 216 1064 170 4429 3257 2362 377 2291 2243 4572 1865 1369 3055 1663 2097 3430 479 2971 1570 1577 4489 1259 2047 775 3731 4240 4902 2330 3319 3314 4388 3473 551 570 
4092 3056 817 752 791 4510 799 2415 1880 3713 2117 2020 4898 1308 2508 3100 4640 4780 3897 4881 124 1032 148 4330 3111 4752 4774 1168 1104 2206 4593 3839 4464 2052 4454 2572 4015 4244 2234 4457 4246 4584 2975 351 4033 4670 2401 2214 3571 2392 2830 3376 4607 3771 
83 497 1751 2220 3258 1258 3249 3399 650 505 3584 3460 1739 4318 3487 2539 4629 2811 3350 2047 4235 4695 920 3290 3687 2096 1881 2245 2862 3008 366 2925 1007 2515 1589 2812 3380 1203 4714 2841 1882 3931 3990 3661 4842 671 602 2712 4851 3604 1155 1937 1541 1805 
1580 3291 451 326 2759 1592 229 2431 4843 3335 561 3953 4425 2915 2726 3544 3043 1859 67 564 279 3452 3217 2614 2803 3425 4070 1141 1766 3737 1813 63 2793 926 307 3962 1490 2696 2833 1614 3059 4636 2679 1050 3368 3108 1823 469 893 1311 3882 3418 1535 4640 
820 2867 3293 2786 4700 2294 2325 2381 4427 130 3966 1689 4501 328 3603 239 4367 2193 1439 1068 450 3017 3748 787 616 3874 3817 1708 20 3886 1103 2967 643 1348 1184 3678 3670 3120 4731 1085 3202 1109 628 1443 3930 2543 149 4259 3767 4141 4469 2117 4291 4365 
1143 3602 1082 3142 4579 4555 3720 3169 1467 1856 285 2460 3252 707 1616 999 4082 900 4328 3036 3656 3080 890 3159 3002 607 1388 3669 2367 479 2757 2558 4740 24 1256 2547 2981 225 2732 841 1168 2883 3435 3805 2438 2678 3493 3097 2845 1289 1404 805 920 101 
2657 2538 2980 836 1309 2152 4097 44 2968 2189 3110 4637 295 1085 2427 1151 501 4227 2538 2379 3190 817 1656 2398 823 1759 1750 1937 713 3806 3455 625 1574 4147 2696 209 156 1576 2986 1015 3664 785 4720 1755 4758 2931 2807 2745 1780 4713 1068 3948 893 2428 
4539 1600 4160 125 1708 872 3617 2894 4657 3619 485 1276 1636 633 1653 1214 2386 943 3785 330 1261 2962 1815 4619 4405 4345 4363 4284 489 2817 1697 3851 2500 2792 3282 4665 2056 3625 4877 2282 4407 860 178 4191 2058 523 3003 424 3347 1890 2478 423 806 2980 
2277 3048 3236 1983 1850 4075 4591 809 1554 4694 2227 2338 2111 4249 23 4208 1996 3660 118 4608 2759 4797 1416 585 2086 2673 3322 4121 322 2451 3393 460 1560 4708 2302 1980 2329 3962 453 2940 4827 3799 496 4356 949 4332 1228 1614 895 1338 3503 3024 1552 1339 
708 1025 987 1189 997 1012 1788 294 2326 398 661 1845 4479 1465 4191 3367 1714 542 3937 197 4314 1542 4454 3575 1997 2854 3201 3112 4679 93 1623 4725 4258 4888 948 133 2339 4593 4215 1652 1410 3078 3870 3732 1727 4421 2562 3292 4855 4610 4316 201 3281 1324 
1423 1079 2304 2700 4575 3362 1182 2888 2324 1966 1109 3014 3443 2698 3381 3709 2716 1595 4010 4035 3002 579 4722 4654 1867 4677 613 1977 1606 1218 1986 4238 4619 4855 346 3875 4051 1462 3717 246 674 4153 1550 4325 2682 434 3620 1809 1210 1444 3325 152 2055 2165 
217 4288 216 3086 1320 909 4167 1279 4617 3124 3603 2309 3030 4149 4812 1831 3932 1481 851 2550 1370 3638 3837 2998 1047 2060 173 4371 3303 1872 3894 4190 2727 4081 4411 4214 862 4428 2917 10 806 3159 2110 561 3399 4273 1479 497 2210 2812 418 4316 1228 4595 
3290 529 3101 3485 319 2429 1564 2541 3054 4857 4536 4777 2089 1422 4471 4464 1201 811 1693 3903 2737 4284 3368 2431 2939 2291 2397 4020 2273 852 2755 4628 4416 745 4546 3224 2607 4001 2963 2874 4282 3081 436 4770 3677 3493 936 1722 1773 4473 3718 2175 2661 4566 
3400 4617 2483 65 2843 1836 3320 1071 981 741 281 3567 874 28 4567 3680 67 2347 3084 2811 3880 3898 2280 4818 4637 2281 4815 4013 2634 1058 381 3304 3194 1943 3082 4135 3379 4138 3968 2195 2481 1422 1667 1471 2936 3865 2760 2370 3865 1614 1817 3897 674 3567 
3392 906 815 723 2276 335 3850 519 3686 4518 3609 3066 4680 4348 3709 1293 4156 975 654 577 2628 662 3792 2666 1351 4115 2196 1250 2493 3959 1879 3192 1935 213 4753 3669 2833 4417 4597 3965 4547 1989 4905 4142 2514 1980 3039 2410 600 1240 1222 1692 1163 4271 
689 3782 2320 4349 2706 1710 811 1501 4852 2769 4614 2906 4590 665 4182 1524 1815 1515 4234 2424 1311 4104 1360 3644 914 4218 4870 3064 4852 4017 1521 1681 3569 3176 1789 3878 3532 4532 1017 240 4502 1769 4509 442 3362 4868 854 4846 1277 3504 458 850 1321 1568 
30 19 35
8 42 25
16 50 25
60 8 40
43 48 36
1 28 40
17 44 8
17 37 16
58 28 28
32 3 11
4 30 11
5 11 15
1 3 9
38 52 19
73 24 14
16 46 4
53 35 25
3 13 13
40 29 23
77 3 4
87 49 23
24 43 20
80 47 29
84 21 1
39 35 16
2 33 25
4 5 6
77 1 25
63 21 24
89 3 36
50 48 35
33 35 26
77 52 32
35 16 2
26 52 24
3 36 28
24 18 17
58 22 14
25 43 5
68 38 26
25 34 8
77 13 31
11 45 16
45 29 1
31 12 16
27 28 19
41 23 39
47 49 21
16 14 4
33 9 7
9 38 24
22 42 36
31 34 4
51 11 32
11 32 34
45 12 16
59 11 26
40 4 31
83 27 18
29 36 30
76 28 30
21 26 16
42 26 9
19 41 32
23 8 30
1 35 24
38 7 34
41 4 22
42 44 33
25 12 18
79 42 40
22 40 5
90 12 1
8 46 4
21 9 31
87 5 29
18 46 8
88 7 5
87 51 31
29 19 24
44 37 13
42 15 11
86 34 8
5 4 36
53 22 23
11 15 30
70 43 13
23 5 13
20 2 37
23 1 35
64 52 18
45 8 29
10 17 22
82 10 28
87 5 19
87 19 24
17 27 34
9 29 22
87 18 23
13 21 20
24 24 38
31 13 31
66 52 40
19 26 22
11 46 7
3 26 23
22 47 9
18 50 19
49 50 40
73 30 4
83 39 25
12 49 37
50 45 26
57 7 22
47 51 20
86 52 39
48 6 32
79 24 17
30 32 29
89 21 10
4 7 37
80 28 26
32 33 26
17 8 24
16 31 36
49 45 30
34 42 29
13 38 5
50 25 10
80 12 11
1 25 37
10 43 14
23 41 32
50 40 22
49 35 13
52 11 6
50 49 37
16 5 15
26 43 37
65 39 16
18 6 7
21 13 32
10 29 25
49 25 24
54 18 2
47 35 37
41 4 34
35 18 33
50 3 32
37 35 34
52 31 1
77 5 2
33 26 36
23 52 33
80 27 40
34 46 14
61 2 12
87 15 31
11 8 32
66 34 33
25 45 9
62 12 25
11 28 18
78 34 9
58 14 33
25 8 24
49 35 3
18 42 7
30 34 11
10 46 6
39 41 34
3 27 27
24 32 25
65 7 36
20 17 2
34 38 14
68 18 12
26 45 28
9 18 4
61 23 10
73 30 11
48 29 3
17 25 31
12 41 31
54 21 39
57 44 32
12 30 22
56 4 23
66 14 22
20 28 35
36 2 11
25 26 22
23 37 33
33 2 10
91 50 26
42 21 36
65 52 16
14 11 33
37 3 17
72 1 24
71 28 19
44 51 5
53 39 14
42 1 20
53 29 4
70 16 9
66 18 26
8 43 35
20 29 34
6 40 4
53 39 26
4 31 38
82 38 9
83 52 24
79 48 9
23 11 16
46 5 40
49 25 38
79 28 11
78 20 36
54 15 8
86 30 4
21 14 36
51 37 6
51 24 21
69 9 15
62 18 38
88 14 25
56 27 25
80 40 18
35 2 5
91 45 9
67 9 35
2 34 18
61 48 7
79 13 17
49 20 11
42 28 32
8 42 2
45 34 14
51 26 20
56 26 7
87 26 10
18 31 9
70 19 34
5 37 40
44 27 38
85 32 2
55 24 11
5 29 2
91 24 3
39 4 12
55 48 30
74 49 21
83 3 6
31 19 7
82 16 13
47 29 35
79 17 34
79 44 3
29 6 15
31 24 2
57 10 4
67 19 38
4 5 36
2 30 27
89 13 31
77 8 1
15 33 31
3 7 5
25 25 21
50 39 14
26 52 27
24 44 33
62 8 17
85 29 9
67 25 32
51 15 29
59 8 29
63 40 20
75 13 39
26 26 35
14 8 7
30 41 29
25 44 32
30 41 31
40 1 5
37 11 30
26 46 34
17 50 14
46 37 8
91 4 26
79 4 23
86 47 16
80 45 17
75 29 8
36 3 18
76 31 21
84 8 23
13 34 19
36 44 19
73 9 33
29 39 3
63 15 37
63 51 29
8 42 10
36 48 34
11 1 8
84 35 17
49 21 16
40 27 17
54 2 26
28 15 16
9 10 7
42 5 29
66 41 8
77 30 16
84 10 26
40 9 27
79 35 35
6 8 2
46 46 29
58 50 39
54 19 37
78 27 29
16 47 29
28 43 17
75 35 35
23 18 18
76 20 1
77 24 35
26 47 33
57 44 6
26 45 18
35 47 20
9 20 37
86 20 21
34 31 21
78 6 10
84 9 9
75 51 23
31 10 3
40 52 20
21 35 22
62 4 30
13 51 31
51 28 23
60 13 34
77 45 40
7 33 8
12 17 30
64 21 35
5 23 32
87 29 35
47 37 5
53 5 16
13 10 30
46 7 12
63 16 7
14 34 9
17 35 27
46 38 29
22 33 24
37 40 8
46 13 12
62 8 21
80 26 40
44 31 21
33 30 19
21 43 16
13 50 14
16 27 40
19 48 18
47 3 38
83 34 13
85 23 20
32 35 4
6 46 2
82 40 15
14 48 18
4 17 9
5 41 30
66 43 40
48 44 4
2 49 39
49 14 31
86 41 29
17 17 21
84 35 36
35 49 8
64 1 6
39 42 7
35 50 28
75 42 10
16 13 27
39 33 15
3 4 10
38 36 35
84 13 36
83 38 9
9 39 19
55 43 20
14 33 4
18 31 1
17 41 29
4 28 6
35 29 8
22 24 18
18 36 19
5 7 24
26 42 36
38 2 39
65 11 6
45 28 22
85 11 24
63 10 34
37 15 26
83 46 19
77 14 13
69 34 37
77 44 6
61 19 9
58 38 8
6 44 35
35 30 17
75 44 4
82 35 17
41 18 24
71 46 20
11 46 9
2 49 22
1 47 29
82 36 17
38 24 23
30 27 14
58 7 36
57 9 2
73 30 40
33 16 9
63 16 27
42 36 18
48 47 5
59 7 28
31 20 28
83 32 34
47 10 10
73 29 19
44 29 28
24 24 28
56 36 35
13 52 25
72 24 35
55 25 29
14 31 9
20 48 22
16 3 19
13 44 18
50 47 29
68 2 11
35 23 25
46 46 14
70 19 40
6 36 29
40 42 21
13 44 33
91 50 8
55 39 17
63 16 1
63 39 26
20 48 12
32 49 30
65 20 27
79 33 27
13 12 25
6 44 31
28 36 8
24 40 2
2 5 2
73 36 23
69 15 32
41 48 16
64 21 7
78 5 16
29 20 3
55 9 33
40 23 26
72 35 20
54 43 5
24 37 1
13 5 31
35 27 27
75 41 3
85 24 27
3 33 16
38 23 39
40 9 9
28 29 23
70 5 22
59 52 11
55 17 17
73 19 9
29 48 40
7 46 32
83 25 13
1 46 37
8 17 30
8 1 35
14 16 39
78 35 3
17 18 31
9 44 19
63 39 31
12 52 24
43 26 2
38 51 24
42 47 25
91 30 28
2 9 9
54 42 32
29 15 8
49 33 40
16 46 25
10 35 15
15 10 36
71 48 3
92 45 31
41 38 16
78 36 24
37 27 8
19 35 23
27 23 27
27 12 34
58 15 4
83 18 5
1 16 38
50 31 9
7 7 11
48 3 24
21 9 24
42 1 38
34 46 5
19 41 15
15 30 11
74 10 22
40 26 34
53 39 33
27 24 29
18 21 13
81 38 36
55 37 39
48 25 34
4 22 40
65 45 10
29 34 9
55 15 32
5 23 11
7 22 9
4 8 4
15 34 25
21 48 22
84 33 7
90 7 12
34 6 34
36 52 7
55 40 30
91 39 33
14 35 16
23 8 18
58 41 19
31 32 19
70 15 6
6 12 21
56 38 29
36 18 24
52 45 30
28 43 24
41 33 39
31 52 34
77 8 22
49 13 3
77 40 35
64 41 23
83 38 27
6 4 13
43 45 5
19 36 5
70 12 34
88 32 24
70 13 18
89 45 35
17 6 4
27 34 20
75 50 23
38 26 18
49 19 2
30 43 3
33 42 12
51 40 33
88 30 6
91 9 14
75 26 30
15 31 7
72 38 3
74 14 30
3 31 19
36 26 37
92 21 25
53 20 18
33 7 31
23 13 18
33 6 38
70 19 28
56 43 28
47 34 29
62 21 18
34 35 26
70 52 15
48 10 28
84 39 31
8 27 36
35 14 22
36 14 6
86 17 22
51 21 40
86 51 38
14 30 12
53 36 32
79 36 31
68 12 20
47 51 4
61 39 27
32 2 32
69 3 25
55 9 16
40 37 15
49 7 27
75 26 39
69 1 34
65 19 10
91 33 13
2 31 2
78 51 26
44 41 2
3 39 35
11 14 6
86 48 1
67 22 5
88 37 12
27 24 6
37 36 32
17 45 17
47 24 10
20 36 40
44 24 36
4 31 26
24 12 20
47 7 17
11 20 32
80 39 38
71 9 10
76 50 37
80 37 24
70 20 26
84 10 19
14 22 9
66 31 12
47 42 35
36 11 5
85 2 2
62 4 9
83 9 18
89 21 8
50 13 35
66 33 26
71 4 26
18 30 19
65 50 36
90 27 37
52 10 16
46 47 40
26 27 15
4 31 20
20 9 27
51 15 27
52 50 6
66 25 22
7 12 4
52 38 20
4 29 7
61 39 37
9 31 14
70 28 24
32 31 13
24 21 22
67 37 3
12 20 26
23 2 23
75 49 23
18 41 28
29 28 23
56 22 10
4 24 1
67 31 23
23 33 37
30 33 4
77 23 3
48 44 33
81 15 38
57 6 8
29 7 1
17 12 34
13 17 31
45 49 8
53 8 2
92 36 6
41 29 6
25 6 36
19 37 35
42 45 33
86 17 33
34 4 35
1 17 9
21 14 24
65 2 23
22 6 13
55 46 32
7 42 20
15 46 40
84 21 20
36 7 18
9 40 10
71 8 16
3 42 24
64 4 10
19 12 1
41 46 30
21 50 2
10 26 35
84 25 34
74 3 6
68 3 21
11 39 21
16 7 15
62 46 29
44 37 39
18 24 13
8 11 10
16 7 40
51 9 24
86 27 37
61 47 20
74 44 13
92 28 31
88 38 29
66 26 38
6 25 25
51 52 12
9 13 16
54 32 24
19 9 30
4 48 13
37 4 10
52 28 4
74 34 8
20 52 19
91 38 7
56 2 25
75 49 1
3 17 23
19 2 9
29 45 15
33 29 12
52 25 28
15 28 2
9 42 36
73 2 23
15 47 6
45 48 10
92 32 7
59 45 14
4 47 40
48 10 21
61 16 7
50 15 23
62 14 26
73 49 4
92 42 28
54 1 32
53 28 22
40 38 21
71 15 39
85 37 5
22 51 9
70 13 1
17 3 22
25 8 23
21 12 36
46 9 30
3 10 29
29 38 5
16 22 13
52 51 32
83 24 29
38 37 10
43 45 4
14 43 26
14 42 10
74 42 40
50 52 28
10 40 27
77 36 23
4 34 40
7 39 31
6 52 28
58 30 18
49 41 3
21 41 14
42 2 35
19 40 26
27 14 14
13 14 30
21 44 25
65 39 9
17 5 1
60 11 26
6 20 14
55 22 39
35 20 1
52 14 1
14 17 13
17 15 5
85 26 29
60 23 8
70 40 7
46 39 25
36 6 37
15 3 12
30 26 40
92 4 13
37 50 20
67 14 28
58 51 12
25 6 5
48 33 18
23 7 38
30 35 24
76 49 20
63 52 21
61 48 10
3 3 5
11 23 38
58 31 5
25 45 19
74 1 31
90 24 8
5 20 32
16 8 38
56 27 28
46 46 34
39 2 7
80 41 32
35 45 25
43 33 24
11 8 8
26 6 3
3 19 26
62 48 3
59 16 5
42 16 30
26 32 39
88 47 23
76 26 16
20 21 1
58 20 5
57 27 22
3 40 8
21 48 36
8 50 22
78 51 30
4 32 17
40 1 13
33 11 13
40 15 39
86 34 24
4 8 13
6 6 15
85 28 24
1 37 21
75 52 15
58 6 28
87 10 29
72 25 3
77 51 38
69 47 34
26 49 14
67 3 17
9 13 39
7 30 7
8 35 18
85 27 21
22 18 33
6 8 17
29 2 27
15 20 6
40 33 24
11 2 34
28 9 33
43 25 15
72 5 12
81 33 12
4 10 18
65 3 39
11 23 4
1 16 20
18 5 29
13 13 37
66 21 35
71 27 36
17 52 30
39 4 16
28 38 9
74 34 33
83 9 24
22 27 2
35 20 11
64 4 10
54 5 40
87 41 25
12 12 3
12 32 24
8 24 39
29 34 35
65 43 9
49 7 5
89 8 13
92 24 30
39 39 19
9 41 30
46 25 25
8 41 19
8 41 25
73 26 28
19 8 33
2 32 3
14 16 4
44 21 17
46 16 12
65 19 14
5 43 7
92 13 8
40 19 25
28 28 11
5 19 13
88 19 16
90 33 18
38 33 21
9 2 40
49 40 28
68 19 24
57 21 29
26 50 15
26 45 4
51 44 12
20 20 20
77 52 13
82 52 1
33 29 25
24 41 28
90 36 25
46 9 26
5 4 38
9 23 16
27 25 23
63 48 19
49 37 6
91 36 27
91 31 21
54 39 16
49 28 24
77 28 30
87 23 19
77 25 33
35 23 10
24 24 29
24 31 27
10 6 25
48 18 5
55 14 10
81 41 24
70 35 32
50 39 3
74 40 27
56 52 19
1 51 40
1 8 17
69 34 5
15 34 4
55 4 35
49 4 14
28 50 36
75 6 26
23 27 13
56 2 9
55 28 33
28 27 4
54 17 12
70 21 16
84 18 18
35 17 1
14 50 39
69 17 19
84 18 24
27 4 39
32 12 25
92 20 2
68 9 1
30 33 19
65 41 7
78 26 16
64 28 29
82 45 28
54 27 36
53 31 32
50 16 10
66 48 18
91 8 28
88 22 33
24 22 29
69 13 5
35 28 35
49 16 26
26 51 38
12 24 32
60 17 38
5 15 17
60 7 30
75 43 15
28 14 5
62 17 33
32 3 22
90 2 37
90 23 8
30 9 36
21 13 1
12 34 5
74 16 24
8 2 36
47 41 30
40 9 7
7 35 27
76 11 11
52 2 35
66 44 14
61 6 27
68 24 18
85 44 40
47 2 5
15 35 36
41 24 33
15 24 36
37 16 32
60 21 27
7 48 2
68 6 27
35 6 15
2 45 36
15 17 21
67 21 11
61 44 7
35 21 30
68 1 1
21 40 28
15 36 21
90 2 32
85 45 21
79 36 8
86 40 39
11 27 7
88 22 40
34 16 8
50 43 1
20 10 31
57 19 25
40 1 40
75 34 20
17 31 31
6 10 7
34 40 18
10 7 30
5 35 2
90 18 14
3 35 13
17 8 38
4 45 31
32 28 20
46 10 37
26 40 11
50 52 32
47 12 8
28 40 27
31 43 19
19 51 27
9 41 10
31 9 23
11 28 33
62 52 36
60 46 18
87 20 39
26 22 34
55 7 20
44 31 9
15 51 20
42 33 32
74 51 8
68 40 39
68 38 36
12 50 25
9 1 30
75 21 34
14 23 23
9 37 20
28 16 7
51 52 27
86 25 18
14 39 26
24 49 34
20 23 37
66 1 23
7 13 32
37 21 35
57 43 35
72 25 27
70 15 13
39 24 3
66 8 29
84 15 15
16 22 12
72 7 37
24 17 8
9 45 28
63 7 10
81 29 2
32 38 27
88 46 26
22 49 22
34 2 9
30 21 25
10 5 17
10 40 34
62 51 12
72 52 32
21 49 20
87 21 27
45 47 31
6 8 25
86 26 25
30 50 5
15 11 26
50 49 34
25 9 35
6 22 27
14 42 15
35 9 31
52 17 5
36 36 36
55 22 10
77 33 22
57 7 26
34 18 2
22 13 20
59 43 1
9 17 17
68 8 40
14 20 22
47 19 19
53 40 38
80 19 2
80 13 14
64 5 37
57 27 2
73 17 40
22 42 29
77 5 23
23 43 19
68 25 33
16 33 3
78 22 2
1 27 7
87 46 5
13 51 40
78 38 10
32 44 33
33 17 18
29 36 21
66 15 21
47 34 24
44 27 36
11 37 6
61 38 22
62 46 17
29 7 9
31 41 2
49 47 18
77 37 8
41 4 26
57 23 7
2 51 34
29 9 24
10 14 40
35 7 8
10 14 36
27 5 32
26 7 10
23 35 22
70 5 6
80 22 3
10 45 13
22 13 20
49 42 14
6 35 39
85 28 19
59 30 37
15 28 35
30 12 4
86 36 1
25 3 16
45 5 30
49 32 28
61 22 4
29 40 7
30 6 25
27 4 19
22 29 27
15 42 8
48 21 39
51 50 28
78 32 9
19 22 33
87 42 14
81 38 28
62 12 35
11 41 27
73 6 2
84 48 23
38 18 27
50 11 22
29 6 8
25 6 30
43 9 6
38 6 17
17 13 16
24 46 11
60 42 31
6 47 15
19 7 23
76 45 39
77 35 16
36 36 13
58 32 5
45 34 5
64 39 7
82 17 10
4 11 7
32 10 39
31 25 27
28 5 32
19 19 8
23 33 6
82 32 38
50 23 31
65 48 21
63 44 14
57 44 33
63 9 17
24 48 19
87 40 15
62 23 16
79 16 36
51 28 31
91 8 13
41 10 32
9 29 4
54 32 28
55 29 22
83 30 22
76 17 30
63 22 37
13 21 28
72 34 34
34 19 15
55 26 21
30 17 17
53 13 35
54 19 7
53 46 34
24 21 12
31 23 10
67 33 36
68 50 37
36 35 16
47 19 26
16 6 28
46 26 23
24 24 2
88 47 33
50 29 16
75 29 7
82 47 6
34 50 25
59 51 28
33 51 6
82 21 10
54 23 23
38 21 40
84 40 34
68 24 33
12 9 16
64 37 5
92 52 13
71 32 38
76 30 8
80 28 9
92 33 18
42 10 28
73 3 13
4 7 7
85 24 21
20 32 6
34 22 17
2 15 6
45 46 33
79 30 12
3 8 37
91 33 23
10 20 21
5 8 12
56 34 7
71 18 37
33 26 25
69 15 28
6 34 11
2 41 21
29 16 34
51 33 22
32 3 5
46 40 7
46 1 2
9 3 8
86 2 27
35 41 16
7 37 40
28 28 24
46 20 15
37 11 3
48 12 31
35 10 26
83 49 26
89 30 31
23 51 23
49 41 34
92 42 35
75 36 18
5 39 7
14 29 12
70 1 40
91 20 12
82 49 17
31 28 25
43 17 3
7 46 29
36 37 26
71 48 31
23 48 24
13 17 21
67 4 7
68 45 20
24 51 6
10 4 39
91 40 4
11 41 20
73 31 6
37 35 32
46 34 19
49 51 31
88 33 8
40 1 2
6 50 31
58 2 39
29 38 29
52 4 32
7 33 13
34 21 38
55 35 33
37 22 27
41 49 32
76 12 16
79 43 19
19 26 7
2 2 1
45 45 24
81 4 32
2 48 19
30 7 16
45 25 23
25 13 9
61 47 22
87 4 29
20 1 7
37 17 18
34 23 8
60 22 18
83 46 14
5 25 3
11 41 26
83 17 14
74 15 6
55 26 21
67 31 28
18 21 7
74 2 34
31 7 18
12 11 28
68 31 32
56 16 3
80 16 8
70 25 40
56 34 18
19 20 7
39 29 24
87 48 34
92 22 18
44 41 15
20 48 23
47 48 11
3 13 33
91 8 18
44 12 12
47 36 24
87 16 7
71 45 21
10 52 4
81 8 4
1 26 30
91 11 16
17 46 22
12 46 19
55 4 3
55 14 18
70 52 19
2 11 32
69 43 28
7 5 29
45 31 35
92 50 8
3 49 29
4 38 2
71 50 37
63 46 40
8 6 10
31 2 7
83 45 27
20 27 18
37 12 10
49 27 7
73 10 12
51 47 32
53 43 6
35 42 31
65 30 1
88 44 23
12 3 24
51 7 21
85 30 4
91 24 3
60 4 13
41 27 31
22 18 37
76 18 5
40 43 9
38 20 8
73 20 2
78 30 15
74 7 33
66 48 18
7 34 2
63 7 4
22 49 30
73 28 6
46 43 24
22 34 17
4 9 19
13 42 24
60 42 24
47 32 39
83 44 35
17 11 14
3 1 3
23 17 13
25 9 31
55 21 7
82 24 16
80 9 4
36 9 23
53 51 26
75 25 36
35 37 7
32 23 6
18 45 36
57 27 29
22 45 14
87 48 35
80 15 32
26 44 37
64 4 1
70 1 24
5 29 23
84 18 24
26 48 9
20 29 37
88 42 30
80 20 18
36 51 40
42 51 23
85 20 3
77 50 36
64 36 34
44 47 39
43 23 17
78 8 8
6 25 5
2 14 11
37 28 38
3 11 3
20 42 37
41 45 3
47 32 27
56 16 27
77 27 12
37 48 39
54 18 19
2 21 20
13 9 22
66 18 11
3 27 32
55 27 23
32 48 19
78 26 40
54 8 31
41 49 2
10 48 38
83 6 18
51 32 6
84 41 13
3 32 22
54 7 19
3 22 35
50 34 35
22 16 38
89 33 16
37 9 22
23 7 13
23 43 9
69 29 33
56 19 30
32 3 28
82 14 5
35 23 2
69 10 18
65 27 13
32 24 12
21 7 29
19 48 25
67 43 13
32 10 33
2 9 34
5 25 14
59 32 20
47 2 9
62 31 11
33 48 36
4 50 2
55 7 26
92 22 26
61 52 27
61 40 4
7 32 13
67 45 2
77 30 8
8 28 38
68 15 27
74 19 6
66 43 6
27 25 38
63 41 11
24 35 28
59 39 20
65 17 13
63 35 40
44 22 31
63 1 13
5 17 6
36 39 18
21 19 7
90 40 20
5 52 7
33 17 8
63 15 10
1 33 4
83 47 34
63 33 34
21 15 27
56 23 31
46 17 40
46 24 19
82 48 12
80 18 40
24 27 16
86 8 24
13 32 35
80 43 33
66 22 14
50 14 11
92 23 27
80 27 31
18 19 2
72 41 29
24 26 6
27 31 23
29 38 7
55 17 39
26 1 2
22 48 18
31 39 22
45 19 11
78 8 32
42 30 2
9 26 31
15 2 4
22 10 36
1 1 4
61 22 7
28 31 2
92 41 20
60 8 29
81 49 36
18 15 24
78 8 36
83 44 30
26 2 15
20 41 23
28 40 14
31 52 1
35 10 1
73 15 23
39 8 20
18 44 14
66 21 4
74 21 9
57 33 19
62 28 12
55 52 22
34 25 27
83 35 36
63 47 25
39 5 40
3 17 18
88 12 37
38 15 35
66 23 25
30 39 7
23 16 22
48 47 6
55 19 23
5 31 13
36 47 6
92 1 37
52 18 17
42 23 14
42 35 28
53 18 12
32 30 37
54 47 18
36 40 34
74 37 24
86 14 35
54 44 33
27 7 37
43 30 19
77 38 6
29 47 13
85 43 15
52 37 22
41 39 4
22 15 24
55 47 16
61 5 6
9 30 12
29 12 40
39 39 3
61 5 24
75 44 11
32 43 12
1 19 15
3 44 15
42 19 40
52 47 30
33 44 27
73 36 18
48 39 12
24 13 37
32 42 18
86 14 37
81 25 37
5 15 31
86 12 12
10 13 15
37 50 40
41 2 32
84 46 5
55 41 5
57 16 15
87 49 14
23 50 19
79 52 29
52 28 13
88 7 23
52 26 33
44 45 2
91 6 8
78 4 35
91 28 31
12 30 13
68 18 35
22 49 32
35 5 37
80 43 34
14 45 31
19 6 38
34 8 21
36 33 3
82 11 37
88 2 6
8 5 28
62 2 5
25 6 2
27 6 2
80 34 36
55 1 26
62 23 20
8 4 10
66 29 19
54 15 22
36 26 28
34 33 23
19 3 7
30 19 36
19 16 6
9 7 35
4 45 38
62 16 26
74 32 37
88 14 25
30 45 9
17 6 13
10 6 37
32 38 39
82 6 28
26 42 31
91 47 16
26 18 20
45 46 16
23 35 31
69 6 6
66 35 20
36 37 15
79 27 5
14 9 19
39 8 25
67 3 10
50 6 8
29 35 13
27 46 19
44 5 3
73 5 18
6 49 31
52 36 29
21 31 33
63 22 12
6 47 5
53 48 16
54 32 30
69 40 6
70 10 17
46 52 16
40 16 26
19 32 6
67 51 14
45 26 36
19 10 34
78 20 26
18 48 27
31 30 15
81 7 21
10 38 8
18 52 17
12 26 24
51 10 18
68 45 36
92 11 5
81 7 29
9 6 19
80 52 15
66 38 18
18 10 13
77 22 20
37 19 12
80 28 6
29 50 19
7 9 35
73 23 39
42 49 18
37 32 1
61 23 6
26 46 28
28 50 17
3 38 6
16 47 21
36 24 32
83 46 32
21 20 15
58 32 38
5 40 35
65 7 1
74 11 31
35 37 2
32 46 22
57 19 3
13 27 23
15 24 35
1 23 1
90 17 40
58 22 36
32 15 34
8 40 18
40 18 11
68 34 5
5 5 38
14 23 4
17 44 27
86 9 23
60 16 25
17 17 28
68 50 22
65 6 16
43 15 9
18 36 20
6 43 3
4 52 5
16 27 14
79 37 7
77 30 3
49 36 8
11 47 13
11 3 19
13 45 38
81 1 6
42 5 34
55 28 19
26 5 40
15 37 2
1 1 37
17 13 11
89 12 31
51 52 21
57 29 21
47 16 8
72 36 11
31 18 12
92 5 19
28 15 6
66 33 12
26 45 32
4 26 39
77 6 7
1 38 28
7 36 34
86 35 21
23 51 17
5 32 24
48 25 22
82 29 17
88 26 38
41 23 2
50 21 31
26 38 17
14 34 7
12 13 40
58 9 22
33 36 15
63 50 22
9 41 20
50 38 5
28 28 24
25 20 37
90 26 30
20 31 30
3 51 22
60 45 34
69 24 37
84 20 33
38 43 21
82 48 14
79 35 35
89 38 23
69 34 21
15 27 19
1 46 7
90 33 23
14 16 30
84 4 21
12 27 16
73 16 31
88 44 5
76 37 17
27 38 25
67 4 28
79 4 18
45 52 24
69 12 29
36 36 5
48 12 37
65 5 32
62 28 10
11 41 28
10 28 17
62 43 36
61 6 37
67 5 23
14 45 7
91 1 7
6 5 36
3 3 10
38 26 32
17 23 21
35 45 18
85 52 18
26 30 35
30 47 29
28 39 11
60 17 6
76 52 20
33 34 7
65 38 7
49 31 10
75 37 7
23 1 36
80 52 1
16 49 36
26 40 12
24 30 35
37 38 40
29 50 36
19 29 3
42 23 17
57 50 32
20 40 6
92 19 17
37 24 23
15 7 17
85 14 5
68 1 12
80 29 33
53 20 14
41 43 28
23 33 11
38 2 1
24 27 28
6 10 6
84 43 10
61 16 1
63 24 36
3 27 4
16 38 18
69 46 9
64 12 23
13 11 10
48 28 13
63 51 4
4 37 14
17 9 34
56 52 34
28 4 15
68 6 27
33 35 32
41 29 17
4 22 37
9 16 6
70 36 40
7 26 11
41 22 13
21 43 2
79 36 15
60 11 10
66 47 1
80 11 31
69 49 16
26 48 19
71 14 30
83 50 22
31 10 29
67 46 13
47 44 23
82 19 12
10 45 1
84 4 30
74 49 17
66 2 34
20 48 16
77 13 13
59 26 35
75 9 14
12 23 6
54 21 7
21 48 30
89 44 11
25 47 2
17 16 19
71 43 16
61 5 18
59 13 4
6 52 38
40 28 1
44 40 10
38 42 39
16 2 37
45 33 14
10 32 26
34 3 7
24 11 2
59 43 7
43 16 7
88 19 35
81 21 11
19 23 11
47 26 36
34 33 25
62 41 22
55 30 9
54 29 34
40 31 34
59 16 38
18 28 14
29 40 17
51 45 6
8 9 18
72 50 9
34 26 7
7 26 23
65 36 37
30 30 5
19 36 12
40 42 38
75 14 13
56 11 34
4 29 5
28 28 11
36 46 36
34 17 35
16 6 36
70 12 18
76 45 23
4 13 34
49 32 8
80 7 31
15 44 6
29 28 7
12 32 29
61 41 11
43 35 38
51 3 24
89 8 14
52 40 11
39 45 19
80 3 39
1 14 39
42 1 3
65 26 27
42 23 1
6 46 33
57 32 38
22 51 1
5 39 11
36 22 38
23 25 8
92 3 8
88 19 19
36 21 39
18 43 31
89 13 40
66 33 26
2 11 2
83 4 13
23 17 23
36 2 40
2 5 3
50 36 33
70 16 15
18 18 27
75 5 28
16 11 26
53 37 3
73 16 17
32 9 20
73 26 24
23 5 10
62 10 7
20 30 35
88 12 10
60 14 39
32 12 14
4 29 14
44 35 10
85 44 16
67 41 4
8 34 39
82 30 22
92 36 23
54 42 12
33 12 31
17 28 26
9 10 5
23 26 6
25 9 1
89 18 39
42 47 36
44 3 16
28 42 32
87 49 36
28 30 29
65 10 16
66 26 19
64 13 29
51 23 15
59 19 34
25 48 25
26 20 22
70 50 28
37 35 40
78 31 13
4 11 25
78 49 1
22 17 6
37 27 16
5 23 20
89 29 36
30 1 6
21 24 4
27 8 29
15 29 3
44 35 5
50 46 5
41 42 28
65 11 9
49 46 10
8 6 1
31 23 11
22 42 7
64 4 24
55 20 36
71 42 32
14 27 10
22 7 38
7 1 15
17 23 35
56 28 14
40 50 40
71 10 5
90 42 28
52 51 14
26 29 7
33 24 32
70 48 19
34 43 25
91 27 26
83 5 7
90 19 7
1 25 37
21 23 34
80 8 9
13 52 39
15 45 30
31 15 38
77 36 15
18 12 13
91 11 20
57 23 14
27 12 25
70 29 28
74 27 26
45 33 13
58 10 23
88 37 35
83 36 27
2 44 13
29 21 22
48 33 19
11 41 14
50 28 39
8 40 35
58 31 29
76 26 12
66 8 14
3 46 15
43 28 20
91 23 29
9 20 28
65 11 30
62 11 38
75 40 28
54 36 13
41 23 38
69 41 17
72 35 1
74 11 1
26 10 39
77 39 2
5 40 4
6 34 27
67 23 13
81 40 19
47 14 9
13 10 1
47 30 7
38 11 35
21 4 1
48 38 40
49 2 22
48 6 20
42 2 27
64 14 4
53 23 23
17 39 31
10 51 33
39 10 22
37 45 13
44 47 2
11 13 22
53 26 24
39 41 23
27 48 31
18 16 7
86 17 18
32 26 38
24 19 3
72 3 38
75 22 11
14 8 5
40 23 39
86 37 27
5 8 39
80 2 2
80 28 37
80 48 32
65 19 34
83 24 32
5 7 12
79 14 15
31 17 3
11 17 40
24 11 18
7 39 39
46 32 11
92 1 25
23 24 15
44 40 10
66 17 36
8 29 31
78 2 23
87 25 2
9 51 7
32 25 19
73 38 7
11 50 35
12 13 5
68 30 39
4 25 32
11 36 27
31 50 33
26 43 26
36 39 27
76 43 22
85 12 14
61 47 7
43 22 5
71 52 33
22 31 34
35 10 16
90 38 23
80 41 40
9 49 28
68 15 22
49 6 24
75 25 35
22 46 32
83 44 4
89 27 10
78 48 9
7 38 30
63 28 34
49 51 19
67 26 21
23 5 39
91 31 21
31 25 32
17 1 5
40 31 37
51 34 38
28 35 26
36 28 8
22 33 36
58 25 5
30 46 13
46 50 37
72 37 14
63 31 26
14 51 32
6 50 39
29 1 10
8 31 31
4 8 38
23 32 25
74 23 30
43 19 6
64 38 19
41 43 29
82 8 12
36 16 37
1 39 24
52 18 37
2 6 30
4 7 35
62 48 4
48 3 26
23 16 34
81 16 17
79 19 5
20 49 20
86 31 31
79 24 8
3 21 19
47 43 13
42 6 32
14 8 12
31 27 4
9 13 18
49 51 16
42 5 13
59 2 17
18 42 15
67 25 9
61 15 7
48 13 11
63 6 4
26 28 31
20 31 18
59 6 19
46 26 35
45 24 36
92 41 19
91 47 26
26 14 32
10 45 18
72 3 39
19 22 38
91 4 22
66 25 31
48 4 4
1 31 26
20 12 22
14 49 5
32 35 6
9 22 31
61 20 1
41 9 15
74 32 24
33 37 26
5 33 37
2 16 16
8 23 30
49 7 27
31 46 32
43 50 29
30 16 37
17 24 7
48 4 6
89 1 6
39 48 25
10 48 34
34 39 37
53 12 31
92 43 12
81 34 12
2 42 22
31 30 3
90 25 34
62 7 9
52 29 10
75 18 29
65 21 20
20 37 2
48 41 29
88 11 8
17 21 6
66 23 25
45 1 27
75 12 21
91 37 5
85 3 4
29 34 12
46 24 23
12 45 1
34 10 40
49 45 8
89 8 25
29 43 15
44 10 21
15 2 22
87 23 23
91 42 10
17 8 39
51 49 16
4 44 32
70 22 2
87 45 3
51 50 1
60 30 16
16 2 30
35 27 23
75 40 15
56 12 3
2 38 25
9 41 32
16 12 25
62 35 21
3 48 23
6 1 7
47 18 4
24 8 2
1 42 30
2 9 40
78 27 3
30 22 24
62 3 38
70 26 20
24 11 25
51 13 9
46 17 40
5 8 4
46 50 14
14 1 28
37 7 21
9 11 25
26 24 20
16 34 19
48 40 36
66 13 19
88 35 37
75 3 4
56 16 33
59 52 6
7 34 4
60 1 6
57 33 37
2 8 37
59 38 17
46 13 34
31 37 5
18 38 5
80 41 11
66 14 32
2 31 19
30 13 35
31 16 29
84 29 40
69 35 14
84 47 6
18 28 4
21 6 29
28 47 2
48 10 18
69 48 19
85 37 2
20 11 33
23 8 34
28 39 15
87 3 10
29 1 35
33 5 14
46 15 7
40 6 7
67 27 25
42 12 33
29 28 9
78 20 35
20 18 31
5 9 3
61 46 23
10 40 3
83 29 20
14 27 24
17 38 31
75 36 36
91 3 3
55 8 25
15 26 16
86 44 29
83 10 39
27 16 4
13 32 3
54 32 13
77 40 2
38 14 4
47 18 26
70 33 11
65 12 14
43 12 33
89 43 15
47 49 37
19 30 28
16 14 28
67 10 40
31 14 30
82 20 37
25 37 26
25 3 27
52 13 37
38 18 13
1 23 31
42 51 32
52 29 26
65 8 6
39 18 5
77 7 7
45 40 19
14 40 39
36 21 21
55 45 5
69 27 3
5 46 4
59 15 13
33 14 37
8 10 9
26 11 31
40 34 1
88 14 16
28 35 20
72 40 6
50 33 4
46 39 29
7 20 14
63 16 31
42 33 23
72 36 38
11 7 3
36 17 28
14 36 31
79 18 7
90 29 35
12 20 23
82 2 40
9 24 10
39 2 3
84 38 20
52 6 2
31 9 31
86 52 14
45 20 14
91 41 10
30 18 36
12 42 30
59 10 39
13 10 23
5 39 29
48 37 4
50 25 21
91 24 6
45 49 16
60 19 2
17 40 12
2 25 39
57 30 12
81 26 17
41 19 16
47 26 14
4 12 15
86 20 28
60 46 17
3 4 12
67 24 8
61 7 36
44 34 29
39 14 39
20 31 40
15 46 30
15 8 6
10 41 6
5 17 24
69 47 12
55 22 23
52 45 12
12 21 11
15 3 12
89 8 39
82 8 15
7 17 11
68 29 28
12 16 20
83 19 19
38 35 40
74 1 15
81 27 15
20 8 12
32 25 33
47 31 10
26 45 16
90 25 11
88 35 1
60 44 1
69 20 26
35 48 25
21 2 1
45 1 15
62 12 25
1 22 7
78 26 28
72 8 40
16 3 24
65 41 13
14 27 27
37 23 8
75 12 31
58 3 19
80 27 8
49 1 28
75 17 19
62 39 23
1 2 21
58 3 33
30 18 20
36 29 2
5 46 6
43 6 11
70 5 9
42 43 14
3 4 10
40 34 29
34 11 28
38 27 1
10 4 38
7 4 2
11 43 31
90 48 34
40 14 12
62 47 1
36 43 29
72 49 27
59 15 24
64 45 15
48 16 1
50 34 28
70 39 17
75 26 31
43 17 28
66 34 38
65 2 37
79 24 7
26 39 25
77 29 35
31 41 39
31 48 17
52 1 34
34 2 22
92 28 19
7 47 10
54 49 34
64 5 40
63 5 9
73 47 4
56 19 18
5 9 36
55 29 28
57 51 12
54 5 39
5 17 31
60 5 25
16 43 5
21 33 3
3 39 26
23 30 29
82 40 11
61 44 14
90 47 4
40 36 21
35 35 14
46 41 39
26 19 4
54 5 11
46 47 17
89 12 23
50 9 30
1 31 22
73 13 1
5 35 24
83 5 35
58 32 21
92 16 10
9 34 29
17 9 11
53 12 4
44 42 1
40 28 10
83 11 34
58 18 24
3 38 9
51 17 28
55 46 24
84 30 22
28 9 2
47 34 26
72 46 4
92 13 13
26 12 28
22 29 28
40 11 16
76 41 32
2 15 39
29 7 12
87 51 5
85 49 12
38 37 36
20 49 34
23 23 22
15 13 27
34 28 12
67 39 2
86 51 39
85 3 17
10 3 23
46 12 10
52 4 39
1 11 1
34 7 31
68 3 25
2 19 3
32 18 21
52 52 18
50 34 40
89 17 16
88 31 27
47 45 4
26 1 34
62 20 4
72 14 24
33 32 12
63 29 35
56 40 20
61 25 21
65 37 29
76 15 8
80 10 18
59 27 35
40 26 21
80 6 39
39 42 39
13 1 21
84 1 5
29 27 9
30 52 10
45 39 25
45 52 3
11 15 15
13 4 25
37 14 10
82 23 27
5 23 33
10 21 30
89 37 26
20 21 33
79 52 15
65 44 25
26 45 4
53 46 18
53 39 18
8 17 35
21 4 24
8 38 27
88 33 11
71 50 15
81 33 33
6 45 15
74 42 37
44 47 27
28 7 33
61 28 16
91 13 21
43 8 23
68 41 24
89 17 24
74 41 4
10 33 28
76 51 6
47 42 22
28 39 29
34 33 26
55 35 31
77 39 34
2 49 32
26 23 39
6 36 29
33 8 5
59 20 37
58 50 30
55 51 6
85 49 19
89 39 22
49 13 18
10 46 22
2 32 2
55 2 40
48 12 14
12 21 20
26 52 5
42 23 16
33 29 29
60 28 8
15 37 5
9 10 3
88 37 30
64 14 18
20 14 18
1 3 22
82 7 31
82 46 28
1 44 19
60 33 27
63 12 38
40 34 6
35 18 5
11 1 17
15 24 40
21 45 18
48 2 21
10 13 18
18 32 14
35 50 9
19 27 9
28 48 39
22 40 15
92 28 5
65 23 36
7 21 5
58 14 29
39 7 40
31 42 31
24 45 35
44 47 1
31 13 27
90 26 1
40 46 33
11 10 35
43 35 36
23 51 32
52 39 36
67 10 9
79 22 19
82 14 36
34 13 36
45 43 16
53 25 30
34 3 14
54 16 3
15 7 28
80 27 1
48 29 37
88 7 4
7 24 16
75 46 2
19 50 12
66 34 30
1 21 36
16 20 14
27 48 6
28 51 15
17 17 21
5 32 24
33 30 1
3 36 11
52 41 14
75 52 19
22 17 32
60 51 5
48 17 24
20 24 6
52 12 38
89 46 26
92 49 11
15 22 30
74 20 28
1 23 6
40 9 40
51 45 38
83 31 29
61 38 13
2 44 13
31 15 5
65 23 32
20 33 5
91 26 26
79 44 1
82 6 31
86 26 40
39 37 5
75 26 18
42 36 17
39 8 37
5 50 27
78 32 38
29 43 3
24 41 11
81 25 20
60 28 12
62 6 19
56 3 14
4 30 23
7 18 19
66 3 23
3 42 12
70 10 2
72 44 8
19 19 36
33 15 3
89 41 37
7 30 32
4 11 26
92 46 37
64 2 21
23 4 2
54 15 7
12 29 37
71 44 25
63 4 36
74 47 21
72 8 39
9 34 23
31 9 1
46 4 23
83 8 22
41 43 10
53 32 31
85 4 18
66 34 13
4 50 16
86 35 24
27 6 14
48 37 8
10 2 12
58 39 36
82 30 4
47 19 26
14 48 9
72 24 3
56 52 16
54 48 23
6 43 1
57 16 40
87 33 22
38 37 7
29 38 18
12 8 2
60 27 35
45 14 12
71 46 14
23 24 33
62 21 28
84 34 14
35 9 2
11 33 25
70 10 23
71 52 34
82 47 3
57 42 37
77 43 4
23 17 6
26 38 24
5 29 4
30 50 23
30 16 1
10 35 10
65 10 16
49 4 17
92 7 7
18 4 38
8 37 32
8 49 39
70 30 9
31 19 22
22 39 33
10 15 10
74 18 11
52 16 14
17 33 1
39 27 38
2 25 1
36 28 33
20 9 14
21 1 26
83 40 33
19 6 24
36 51 13
22 3 21
23 41 40
32 42 22
88 14 22
3 47 30
80 17 6
79 31 30
55 7 25
38 50 25
27 31 18
14 40 12
31 11 1
40 22 30
7 1 29
69 20 1
46 34 36
2 1 15
40 4 38
19 3 2
57 2 24
85 27 12
37 11 6
17 30 10
44 5 17
73 10 20
21 4 26
86 45 19
6 32 39
31 47 29
38 41 37
19 15 35
36 21 31
45 10 37
44 9 21
58 29 27
30 30 21
46 51 20
10 47 21
68 49 20
59 4 40
9 37 10
79 45 15
3 33 13
3 19 25
82 30 30
63 8 21
74 43 13
2 25 37
15 46 30
56 15 3
47 35 24
36 19 13
42 24 30
16 27 20
77 7 39
19 23 14
55 27 26
25 15 16
66 48 33
43 32 31
30 43 30
77 21 3
8 45 26
70 35 14
67 19 12
54 51 14
2 16 18
59 24 15
14 16 24
52 30 11
48 8 24
17 31 18
42 47 20
69 10 3
37 29 3
27 30 19
18 27 39
72 44 11
86 48 18
35 50 38
76 46 17
81 4 23
23 18 11
65 41 18
46 43 4
52 41 39
12 40 11
32 7 39
40 33 33
29 8 27
33 41 26
85 41 14
60 51 17
88 47 35
22 49 21
21 44 26
25 28 38
3 20 10
22 33 18
68 45 4
90 43 24
71 46 22
58 12 11
83 49 40
10 17 7
36 51 24
26 1 15
30 34 19
34 14 19
25 52 26
6 29 23
72 20 2
42 9 31
84 21 15
55 36 31
7 20 4
79 4 21
40 43 27
84 23 19
45 25 6
66 46 5
85 9 15
40 50 6
58 20 37
61 16 8
1 36 28
56 23 6
45 8 8
12 10 4
10 49 13
46 45 21
28 5 18
45 22 26
22 20 16
69 40 30
5 39 15
35 14 20
42 41 19
68 8 17
9 9 16
16 15 33
6 33 38
43 1 32
90 31 4
32 9 14
8 32 11
20 19 18
33 33 13
83 46 13
28 42 40
79 10 40
85 23 16
5 18 9
77 10 35
25 46 19
57 52 36
73 49 7
91 45 23
76 14 14
39 19 13
81 38 2
67 10 1
1 36 40
92 24 19
34 22 6
75 49 22
46 5 10
72 48 34
71 1 33
70 15 23
79 23 19
51 20 15
25 4 3
50 39 4
90 5 14
47 16 1
63 2 16
38 5 31
68 46 17
17 1 32
33 36 27
69 33 23
25 24 22
90 18 37
69 26 12
89 31 34
3 42 19
11 49 16
80 49 22
7 16 5
55 30 29
38 7 19
81 20 36
50 20 40
52 8 39
92 45 8
36 22 20
23 12 21
34 37 38
50 31 28
59 39 36
33 36 13
92 35 31
11 38 32
72 49 13
19 17 32
49 38 18
30 41 36
73 37 22
65 7 14
53 27 5
39 48 25
30 40 20
13 34 18
11 39 6
60 12 5
64 9 9
57 37 31
9 45 29
19 30 13
63 10 39
46 40 38
25 21 21
9 37 25
50 4 10
16 18 27
41 35 34
56 48 23
51 17 12
3 24 5
83 51 16
76 24 23
14 25 6
85 8 1
18 6 25
44 9 12
87 13 11
45 41 37
81 30 1
41 31 30
59 50 26
4 1 40
87 39 37
5 38 20
55 11 34
56 25 29
35 14 33
41 5 5
37 37 5
92 27 11
55 18 34
60 1 15
88 40 16
46 19 6
68 32 20
19 1 39
8 37 12
73 46 29
55 29 8
23 5 34
54 31 21
45 22 37
12 1 7
12 16 13
44 26 14
33 32 25
82 4 28
50 12 4
15 30 8
91 21 12
56 8 4
11 37 7
55 38 3
38 18 32
11 31 4
20 8 40
19 24 6
22 8 11
51 6 5
38 33 31
29 24 7
83 26 2
27 23 36
9 6 25
28 14 8
57 16 10
53 47 16
71 36 36
28 37 5
85 5 38
2 28 33
55 16 35
48 42 13
5 41 11
23 48 26
19 36 3
24 44 20
58 48 23
86 24 37
69 42 19
16 24 40
76 13 25
33 52 39
1 46 26
44 43 2
57 37 1
91 26 1
49 49 12
17 49 3
47 28 26
48 23 10
55 4 28
39 21 17
70 43 33
61 44 9
35 27 4
64 31 9
18 40 6
35 14 15
46 38 8
76 40 12
45 10 14
39 39 2
9 31 3
59 22 27
88 25 13
51 8 5
46 4 14
27 12 35
86 1 37
70 46 3
47 38 27
51 10 30
25 9 23
29 8 4
72 12 26
71 42 15
47 24 11
73 15 26
59 37 38
59 49 21
4 47 19
51 8 9
51 23 33
7 7 10
78 44 26
20 2 16
17 13 29
2 48 23
16 7 18
35 25 34
41 3 20
34 42 26
9 26 22
9 43 15
53 7 7
64 45 23
85 33 18
58 9 9
81 3 30
42 49 18
91 24 35
79 37 4
1 6 36
42 47 7
61 11 14
92 47 35
80 1 16
13 2 15
33 46 1
17 28 8
7 2 39
1 42 27
47 48 32
59 31 15
19 41 33
1 4 28
71 34 18
8 26 23
86 14 22
87 49 8
7 25 4
33 6 21
88 30 40
46 12 12
55 32 11
12 17 7
23 27 24
22 38 14
35 22 37
71 25 17
59 49 25
89 16 23
67 19 11
44 35 19
17 13 23
54 49 28
51 6 13
20 42 34
48 43 22
20 8 5
51 27 11
46 48 1
24 44 13
61 14 24
80 33 1
6 34 5
90 2 7
68 42 11
19 2 32
84 16 36
83 26 2
92 15 39
28 9 5
66 26 25
68 20 16
39 27 40
83 48 12
68 16 35
79 9 39
32 19 9
64 22 29
63 36 40
60 21 4
70 10 28
6 16 27
59 25 31
90 38 39
39 21 21
7 8 39
31 46 6
8 43 16
56 30 29
49 41 24
26 7 39
81 2 18
57 12 37
75 52 31
16 2 33
10 38 11
7 49 38
81 35 38
80 2 16
53 50 38
90 14 40
60 48 30
81 11 22
36 6 6
17 44 29
1 16 20
88 18 12
14 10 30
47 35 8
75 5 25
36 52 2
85 33 16
22 43 24
11 33 15
25 40 24
78 31 39
63 4 3
57 14 2
67 8 4
46 21 6
11 28 5
85 42 10
4 45 26
37 19 3
58 32 33
44 24 5
43 44 5
26 13 31
90 44 17
78 28 6
3 40 32
30 9 3
46 46 7
7 48 26
84 32 25
86 44 33
1 11 17
29 9 8
50 28 5
49 14 12
78 5 6
3 30 30
40 43 35
24 30 11
18 46 31
44 4 36
70 19 29
48 3 5
10 23 22
64 14 4
54 14 8
13 51 18
29 4 3
2 29 31
27 1 10
84 28 20
46 24 6
37 42 11
82 17 17
39 10 11
59 2 24
85 28 5
90 20 1
22 47 19
80 51 33
62 17 24
33 38 2
76 47 37
90 30 3
14 34 32
10 52 30
5 50 3
41 49 3
16 33 39
28 41 24
23 23 34
2 39 39
79 26 27
53 37 20
92 9 35
35 6 38
8 28 3
82 33 11
77 6 15
22 26 6
38 10 25
77 16 20
20 31 30
51 24 40
65 18 5
37 51 23
77 4 6
70 25 11
39 24 37
57 16 18
25 5 40
20 40 34
3 47 11
38 20 13
8 8 31
80 25 2
56 2 22
48 23 18
51 11 6
9 46 33
74 49 40
12 45 1
45 25 26
13 9 3
89 46 34
28 29 16
73 51 12
34 17 7
25 41 12
56 31 35
10 44 13
43 51 14
86 31 6
28 48 30
8 29 13
47 25 14
53 16 14
70 44 32
49 9 34
16 17 11
21 7 34
24 7 36
58 51 30
73 29 40
61 3 7
22 26 28
60 23 30
30 35 24
51 32 30
54 5 24
14 2 36
15 41 31
83 34 13
53 39 29
5 1 32
69 49 12
56 39 20
78 50 40
41 44 27
58 47 17
2 4 27
24 44 38
71 14 19
28 20 28
77 19 35
82 36 21
78 11 2
41 32 4
91 21 28
57 52 3
78 36 3
59 46 21
83 43 36
90 46 20
36 29 11
58 34 12
76 48 7
59 41 3
11 16 29
22 13 30
88 26 40
84 47 11
80 31 4
73 36 3
60 4 31
8 33 14
23 40 22
64 8 20
3 30 4
78 23 3
26 45 27
13 13 33
31 15 3
58 15 29
62 18 13
35 28 8
18 43 38
36 12 7
23 18 5
14 11 7
56 41 17
73 23 20
24 9 24
85 39 27
27 50 6
18 12 2
34 18 19
34 34 39
49 48 37
80 30 34
57 50 29
35 40 11
41 1 35
7 41 5
59 18 40
27 7 36
48 37 39
23 3 15
47 14 6
69 16 33
53 34 3
42 24 40
37 43 27
21 39 14
50 30 5
70 51 38
68 4 21
29 23 39
55 18 32
48 24 35
42 1 21
58 20 5
5 9 1
77 4 1
46 8 4
12 15 33
17 51 25
47 5 15
25 8 10
34 46 15
74 21 27
74 48 19
87 25 2
24 46 3
6 5 27
3 22 13
43 32 38
77 36 1
57 30 13
49 6 32
63 39 28
90 2 19
46 7 32
24 7 15
87 11 8
80 20 1
68 9 2
17 15 12
25 40 37
77 52 31
10 4 7
36 26 31
37 13 26
86 29 29
27 10 14
78 1 19
82 3 10
25 17 17
30 27 11
73 27 11
4 22 1
6 8 8
18 32 16
27 49 29
2 16 11
31 52 24
35 52 27
69 2 4
79 18 4
31 37 28
23 32 4
19 45 12
46 7 23
48 44 2
10 14 27
46 10 35
54 24 33
9 26 9
35 32 36
44 27 39
42 33 40
85 47 24
31 36 14
28 27 16
31 45 4
15 28 39
39 3 29
50 10 31
91 18 7
6 4 27
63 44 15
51 37 16
48 28 30
50 36 8
53 43 5
72 26 27
48 46 34
27 16 35
68 17 11
12 33 3
48 51 13
59 20 31
69 26 36
44 1 25
24 14 35
45 10 27
11 52 24
51 8 19
27 34 6
73 51 18
23 46 39
84 28 27
16 33 14
38 36 26
92 27 24
72 8 19
61 29 36
70 27 14
51 24 22
49 4 15
32 47 5
5 17 35
82 29 35
43 21 24
26 32 2
42 18 32
12 48 16
15 52 29
71 37 28
72 3 16
75 13 32
12 15 8
29 46 22
87 2 39
52 37 5
92 45 6
76 27 6
16 42 32
23 39 25
59 42 30
28 7 8
57 30 3
48 4 24
51 43 30
1 30 20
66 9 22
43 46 38
78 46 31
92 21 28
8 30 9
6 34 1
82 42 3
63 39 11
82 45 11
90 20 14
24 19 15
77 19 26
7 7 7
58 51 8
86 28 31
87 28 13
22 1 17
41 49 7
18 48 37
39 36 7
43 35 20
57 34 38
45 20 32
78 25 19
45 12 38
13 23 34
71 49 22
40 38 32
28 24 25
18 13 36
38 34 24
52 26 5
78 2 26
72 42 1
48 51 15
44 17 24
17 14 24
3 46 5
91 20 36
18 44 38
86 12 40
39 26 40
73 17 25
84 14 2
60 47 23
91 12 39
50 11 37
41 40 33
4 16 27
61 21 4
84 3 12
76 5 33
32 35 34
77 15 19
66 42 3
21 2 31
62 37 36
36 40 23
90 12 35
50 52 25
5 8 7
68 22 8
92 34 16
88 8 9
60 39 37
72 38 18
61 16 2
29 2 33
77 33 2
88 1 35
47 17 16
16 17 38
6 30 13
29 43 32
35 1 29
14 3 18
4 17 29
87 16 36
91 43 5
52 11 19
83 14 1
89 16 16
81 3 30
86 46 17
75 50 40
1 46 4
57 9 17
77 36 8
24 7 2
88 44 28
71 27 1
24 40 39
29 27 36
91 48 10
6 25 38
60 46 32
33 37 27
51 34 7
83 42 1
58 11 37
77 13 39
64 23 36
72 24 5
75 45 10
69 49 7
82 40 9
38 26 30
90 21 38
51 5 31
17 36 23
69 35 13
39 5 19
47 46 23
87 20 27
79 26 31
56 7 11
58 9 26
81 50 40
75 13 36
45 50 39
24 26 2
73 44 16
79 11 39
6 50 12
72 11 3
23 1 3
51 43 35
40 43 24
29 27 36
7 30 12
1 43 36
49 37 6
51 38 1
64 7 2
32 45 12
34 18 35
35 31 34
24 4 38
15 36 40
64 39 37
4 22 6
50 18 26
76 35 27
8 10 30
34 6 39
90 39 39
21 39 4
23 38 26
67 14 32
41 30 11
18 43 37
18 14 19
52 17 26
60 7 3
10 2 40
41 36 24
53 11 6
70 35 35
84 37 2
70 3 13
1 38 22
17 52 38
33 1 33
35 19 39
66 16 32
39 6 21
68 15 36
41 38 3
76 42 4
35 4 32
81 19 28
83 32 30
25 39 38
48 37 4
18 38 6
92 19 10
1 40 1
33 39 2
54 51 38
32 6 20
11 13 28
53 46 33
87 1 21
53 49 15
68 32 32
23 31 16
69 50 23
47 24 14
68 35 10
24 31 5
48 43 8
22 16 35
29 34 17
65 42 24
68 17 39
39 37 3
42 42 37
9 5 5
50 35 29
57 12 24
25 40 7
27 3 10
14 52 4
9 51 28
49 39 18
9 48 16
34 19 12
58 10 18
27 25 16
54 46 28
59 11 25
9 14 20
10 14 34
75 44 35
62 50 20
57 24 10
81 40 2
55 3 36
79 20 21
57 44 17
1 1 28
88 34 6
45 24 39
40 43 36
2 28 36
86 22 18
32 11 9
49 12 15
54 38 4
55 16 26
68 46 4
27 39 20
29 40 23
59 46 28
44 15 27
50 50 5
41 26 32
66 11 4
26 29 12
38 52 39
11 48 31
81 1 11
39 39 15
32 48 7
63 45 12
43 12 22
77 42 10
60 52 12
79 3 7
59 11 16
5 36 15
44 12 18
66 19 3
55 21 31
56 18 36
83 18 29
55 46 9
21 4 9
11 12 8
33 32 17
14 40 27
68 34 30
21 43 14
72 24 38
21 33 24
35 52 18
8 35 28
42 37 33
13 50 9
51 34 28
38 44 9
78 5 22
24 17 3
2 49 22
58 42 15
76 8 19
14 25 14
87 48 30
44 43 18
52 11 17
73 3 1
7 29 6
44 42 40
35 48 17
8 1 9
85 47 7
59 47 38
44 26 15
15 5 37
1 25 3
18 40 12
51 22 40
22 19 14
63 5 35
60 40 2
59 37 13
55 22 17
69 30 25
6 6 35
27 37 35
52 39 3
5 2 28
14 38 25
91 6 12
49 16 4
32 1 35
27 24 6
50 2 18
11 15 14
30 22 13
10 45 8
23 12 17
61 27 28
49 38 31
91 14 22
61 18 16
63 17 27
24 40 7
73 45 9
75 25 34
74 23 19
85 35 34
66 3 10
39 1 39
91 35 5
60 18 23
39 43 40
29 14 30
8 19 13
52 46 24
62 14 20
43 2 16
7 2 20
63 8 34
41 13 11
2 47 6
14 37 10
11 10 20
64 35 4
46 35 13
56 12 29
20 29 15
82 52 18
35 52 22
33 26 31
79 3 35
60 22 20
45 37 24
14 45 17
44 29 28
39 42 29
13 36 35
5 52 12
19 4 24
82 22 33
60 28 17
84 37 19
80 34 39
8 39 34
84 32 24
52 3 9
59 52 12
87 40 27
16 12 31
32 43 10
88 11 33
58 46 11
20 16 18
37 2 28
3 12 6
47 42 13
59 22 26
45 13 16
73 30 39
9 26 21
30 38 12
73 27 6
72 18 24
37 42 6
79 43 29
17 36 26
5 15 12
11 17 26
29 1 22
59 13 33
41 48 7
19 47 30
43 23 1
39 39 35
74 52 20
75 6 34
35 34 16
35 49 13
54 36 10
46 39 29
48 4 4
37 22 23
65 25 37
51 30 11
11 28 3
43 44 23
2 11 34
16 10 29
2 22 34
14 45 14
14 17 37
74 50 40
37 38 15
38 13 27
71 48 19
8 48 4
79 2 17
70 52 1
50 13 13
81 8 31
11 4 20
49 28 2
41 40 13
91 47 35
79 1 23
57 52 20
54 27 37
27 21 29
72 31 6
91 46 10
69 33 16
62 42 4
86 45 35
4 4 23
54 18 10
91 11 3
80 26 22
60 26 23
27 9 3
57 4 10
23 16 35
39 50 17
84 42 1
71 39 34
31 21 39
78 18 17
11 46 28
57 10 14
13 35 10
59 48 1
16 9 38
57 35 5
71 42 11
15 52 4
39 23 35
19 13 28
22 12 40
31 27 7
70 1 24
62 39 39
87 6 17
66 14 6
43 41 20
77 51 11
69 43 34
37 6 31
80 22 36
18 9 14
87 34 21
63 12 32
63 11 5
7 37 22
16 13 13
67 41 18
92 48 13
61 34 28
1 29 15
85 21 3
31 36 21
41 5 10
66 26 21
5 35 24
67 23 26
85 37 33
66 19 33
90 40 11
39 5 6
40 25 40
15 50 12
41 18 23
18 52 40
91 33 12
25 39 13
80 1 11
52 3 27
88 5 4
12 39 13
76 49 33
40 52 28
77 9 32
4 44 19
35 18 31
12 34 23
28 41 32
80 6 22
48 14 24
71 26 35
45 45 23
36 45 25
70 18 17
69 50 33
27 39 38
85 32 30
67 43 2
70 38 36
6 23 15
61 6 14
15 11 7
92 29 31
17 18 33
43 14 4
36 48 29
27 37 15
59 50 18
80 28 4
6 11 29
8 14 4
44 21 9
16 51 17
89 39 19
4 44 32
7 23 13
19 30 27
51 39 32
49 25 13
86 3 28
71 3 8
85 28 37
30 29 17
23 5 26
72 37 21
31 51 13
32 24 5
9 23 3
63 22 7
6 2 12
83 40 7
18 37 1
82 2 19
63 36 5
13 51 24
35 31 25
50 3 1
88 39 28
45 28 36
20 19 2
78 49 19
72 32 16
24 12 4
37 17 38
24 32 35
10 3 2
82 51 37
89 52 26
27 25 13
13 35 16
71 10 19
14 14 36
10 10 39
61 37 9
8 41 32
83 1 12
26 10 2
9 44 33
86 25 26
23 40 22
4 51 19
62 38 4
52 28 1
82 20 15
66 19 18
47 18 35
43 33 37
19 49 33
86 47 33
33 17 22
83 34 30
54 40 37
90 1 40
15 38 12
71 15 19
57 32 4
68 43 36
79 39 31
31 3 25
2 18 1
54 1 6
50 39 10
2 33 35
57 11 18
62 34 24
22 49 7
57 17 1
49 51 27
48 19 29
87 10 18
41 14 34
3 39 31
80 30 40
6 15 34
74 21 24
79 16 17
35 16 33
16 15 22
54 2 40
6 22 16
12 15 11
46 14 24
32 49 32
15 6 23
45 38 26
16 49 38
23 44 37
44 34 20
72 35 17
81 17 26
83 35 34
14 15 16
67 23 40
29 6 9
27 19 25
52 11 29
63 40 3
32 35 22
70 41 6
72 44 2
56 43 17
38 19 37
55 48 37
31 12 40
82 27 33
59 23 17
44 46 12
90 2 24
90 9 9
45 48 32
78 18 28
81 43 34
58 42 26
47 37 33
44 2 8
44 27 33
18 37 28
75 49 9
87 22 38
62 52 9
45 52 19
11 17 17
58 7 27
69 3 25
80 52 32
5 6 25
21 52 36
21 40 18
91 33 2
48 9 39
82 26 39
49 14 33
36 23 18
16 20 40
68 18 35
59 36 37
85 9 20
86 38 12
58 18 31
45 15 10
73 41 18
52 32 9
21 47 22
58 26 19
24 47 12
51 3 25
28 43 19
92 26 37
75 5 40
72 25 11
75 36 31
25 14 24
27 27 31
7 4 38
46 22 23
4 35 38
8 24 33
45 46 31
17 5 3
49 19 3
50 39 32
6 18 24
50 52 14
77 2 25
81 22 30
58 36 23
86 34 21
22 9 27
40 14 32
7 26 1
14 7 40
50 15 13
79 1 35
10 30 4
47 7 37
12 21 30
69 38 21
81 38 29
78 52 33
16 29 27
55 37 10
23 13 32
61 51 30
11 11 2
54 20 33
38 34 26
24 16 19
71 27 39
2 37 5
82 23 34
43 50 4
85 36 11
6 7 37
20 42 13
22 45 14
12 40 24
2 27 15
90 13 1
34 29 3
59 24 34
19 28 29
47 45 34
59 43 35
83 32 11
64 29 35
82 48 11
64 33 17
92 16 40
51 11 27
8 26 19
14 50 17
70 49 1
14 22 26
86 4 23
63 49 31
33 52 18
52 43 39
81 4 12
38 46 22
91 16 21
76 44 8
66 46 39
88 1 2
51 52 33
92 27 35
55 52 1
52 33 2
57 47 3
55 33 18
29 46 38
87 17 24
32 29 37
38 22 32
92 8 23
54 50 29
88 4 6
31 8 33
48 7 16
66 26 33
4 19 18
81 24 20
64 40 10
38 51 18
32 39 25
50 43 33
42 21 5
18 22 5
31 46 22
39 52 36
30 46 1
48 12 35
22 4 2
26 15 40
46 52 15
79 14 1
65 40 24
60 42 6
75 51 11
45 6 16
89 40 15
50 31 37
15 42 33
13 36 5
75 18 36
76 7 28
80 24 31
69 33 18
89 1 5
62 42 2
43 36 11
29 50 33
63 44 12
5 20 33
83 15 8
48 29 34
17 9 39
60 10 40
81 48 32
57 32 22
60 48 34
61 17 8
11 36 27
63 17 25
81 32 3
23 17 3
87 45 5
71 46 6
39 31 2
68 45 12
39 49 40
87 48 9
26 4 37
31 4 3
9 24 15
11 11 26
58 32 10
31 4 1
39 26 7
70 42 21
54 43 5
86 24 10
27 43 25
24 15 14
72 10 12
3 30 15
61 3 5
65 3 31
22 6 22
69 26 12
51 31 39
65 30 18
46 9 21
69 39 16
66 17 9
31 19 11
68 1 5
25 38 6
34 49 34
88 21 2
35 16 25
88 27 29
8 24 30
66 9 31
22 30 27
70 52 35
69 30 30
8 42 24
90 12 37
67 14 10
69 38 10
9 22 23
49 31 28
45 41 39
20 41 38
67 39 3
59 12 13
26 20 32
88 26 34
47 32 36
46 48 14
33 50 21
17 39 19
4 41 19
23 48 28
2 30 3
52 48 28
23 2 8
90 35 25
52 43 26
28 20 29
87 42 15
8 21 25
1 40 1
91 33 37
39 29 8
48 51 22
79 1 34
88 26 10
86 26 22
36 31 34
58 11 6
59 31 8
14 9 39
60 10 10
82 15 25
74 10 32
3 7 3
30 40 16
72 18 8
31 44 22
92 14 14
50 24 23
34 31 37
11 31 21
70 6 11
30 18 38
68 17 14
12 25 1
73 19 22
18 11 10
7 34 34
35 20 38
27 52 24
25 34 15
69 16 15
47 38 17
86 27 22
50 7 21
15 13 40
24 36 6
7 29 1
65 19 19
77 50 14
78 16 3
62 6 34
15 22 16
13 34 13
4 30 4
45 11 32
12 16 36
34 38 25
66 39 21
20 17 25
31 21 25
30 7 14
91 46 21
52 52 24
24 15 6
51 46 20
30 29 18
46 30 10
73 52 22
90 23 36
45 2 8
59 33 9
47 2 15
60 13 17
11 45 18
82 47 33
31 25 21
17 18 7
54 33 33
49 37 30
20 18 31
67 22 40
53 27 8
35 49 10
8 30 29
21 15 18
50 19 38
59 38 14
36 3 39
29 27 39
40 17 5
83 1 33
26 44 14
10 12 29
46 43 16
86 43 19
3 20 13
6 1 34
5 10 40
71 17 12
60 35 23
28 13 18
11 20 17
2 1 3
15 44 3
43 8 4
53 5 24
55 29 15
69 33 36
9 40 21
14 45 6
35 34 1
22 42 10
9 45 38
16 25 30
82 10 24
6 7 24
86 13 1
11 48 17
59 20 37
48 13 8
11 21 3
48 10 2
37 20 7
50 52 19
64 42 27
44 16 5
60 32 34
62 18 3
69 1 2
10 10 9
87 9 16
84 2 1
77 6 8
5 27 37
37 18 34
46 5 20
19 13 40
29 38 8
4 24 21
83 24 38
67 17 13
68 14 3
24 49 14
68 43 16
12 42 39
14 22 29
75 42 13
29 38 16
78 12 29
45 1 37
89 13 20
24 31 26
52 13 5
22 48 27
86 19 34
55 18 16
30 37 14
20 20 13
43 50 12
8 30 40
4 32 18
26 32 16
49 12 31
16 9 23
24 2 40
20 11 27
45 12 2
10 8 20
26 46 31
12 41 37
24 48 18
76 5 36
73 47 37
7 34 21
29 52 15
30 4 15
58 52 15
36 7 2
18 2 35
82 25 36
58 52 33
29 18 16
29 19 33
19 5 39
7 33 8
83 37 37
2 14 35
3 42 4
74 33 24
8 43 21
16 7 4
15 1 18
70 10 29
62 22 20
68 7 7
76 41 13
59 33 38
75 33 37
71 19 2
50 36 37
1 21 38
10 43 25
84 7 14
40 24 33
32 27 3
53 31 20
25 18 3
46 39 29
51 42 30
58 39 3
11 26 36
16 18 39
56 47 24
40 28 9
73 30 28
55 5 37
24 43 8
81 12 4
16 19 15
57 25 18
10 13 18
25 13 3
71 30 20
9 8 22
63 9 36
29 26 2
26 12 7
61 44 25
91 37 35
68 16 33
75 28 17
23 38 11
22 51 32
69 51 16
12 45 31
63 49 9
47 32 15
25 22 19
73 12 4
6 40 30
69 36 3
16 50 4
58 20 24
56 52 19
45 39 35
40 7 40
32 36 15
33 23 39
66 42 37
85 47 6
80 38 9
56 12 24
23 34 23
86 6 38
92 28 11
90 23 21
44 42 18
5 44 27
30 2 34
72 21 5
21 19 2
15 24 31
79 45 20
61 6 23
30 51 28
40 13 37
51 31 10
2 12 16
42 30 5
92 35 1
12 19 21
79 12 29
89 4 36
84 12 14
81 11 24
65 35 18
42 47 37
31 5 34
37 40 12
30 6 14
8 34 17
65 10 7
71 24 24
27 48 32
33 48 14
45 16 11
7 49 17
59 42 5
72 49 30
58 5 8
75 51 21
64 39 3
32 3 9
44 23 17
48 14 13
63 7 11
27 22 23
5 52 3
63 32 6
4 32 19
55 24 13
82 26 25
87 50 25
66 6 20
10 19 3
48 26 3
45 26 28
29 28 20
36 32 18
60 19 29
77 39 3
76 49 8
38 12 26
52 16 1
14 52 5
76 31 13
2 8 39
15 40 16
59 33 15
70 27 16
60 18 28
2 11 37
90 11 33
61 39 34
73 10 27
36 25 19
88 9 26
25 21 32
32 34 24
86 41 30
47 35 36
41 16 18
10 5 36
92 31 34
40 5 7
66 13 24
67 14 16
88 51 2
19 48 5
4 4 18
43 29 38
60 40 7
11 16 30
40 31 40
64 50 10
57 7 16
56 41 3
24 3 28
83 24 29
80 24 9
3 40 2
13 15 30
7 5 32
7 21 9
7 52 39
35 24 32
13 38 32
31 39 13
8 28 15
32 1 38
42 26 9
3 19 40
24 33 10
19 10 20
56 15 9
31 11 28
64 8 31
54 29 6
72 20 28
14 13 4
76 32 2
9 46 15
84 40 14
76 5 11
70 51 7
91 48 14
60 3 33
1 20 39
4 9 35
79 37 8
53 25 32
22 28 21
71 23 26
35 30 5
90 11 4
31 24 7
41 1 17
72 2 6
1 14 28
7 30 9
14 3 2
90 48 29
36 19 17
29 50 9
50 31 40
4 34 27
12 23 38
92 27 9
31 35 21
43 21 14
60 49 10
5 33 4
27 39 7
19 34 23
2 33 31
64 29 31
89 25 31
81 23 31
79 39 2
42 50 37
78 27 36
61 30 23
56 2 2
87 39 34
25 34 8
59 6 26
23 36 33
16 7 27
69 5 27
18 39 17
19 6 12
58 48 22
51 33 30
71 32 23
78 41 6
41 45 40
59 3 32
2 47 27
33 12 40
60 5 17
32 21 38
78 21 4
34 48 4
73 39 2
11 16 30
81 19 7
42 18 26
75 19 21
53 18 25
52 3 4
3 3 22
3 34 22
33 31 15
26 29 1
86 50 9
28 12 17
79 24 28
74 45 10
17 30 38
13 47 29
47 9 11
67 21 1
14 47 16
36 10 13
80 7 10
45 50 21
85 8 2
65 6 26
11 24 12
51 12 2
12 35 29
19 43 13
18 30 5
72 18 35
11 18 5
19 21 24
3 14 27
88 44 28
72 18 1
91 30 8
20 39 19
33 7 30
52 29 24
23 5 12
53 11 29
92 3 19
39 14 12
8 19 17
91 20 18
67 52 29
8 25 7
48 48 38
81 28 5
78 52 32
47 9 8
45 10 4
15 17 9
92 21 32
74 41 21
13 33 23
59 50 23
54 43 17
8 23 26
72 45 16
19 22 7
35 20 35
4 42 33
51 35 20
77 40 4
25 22 38
26 15 7
78 17 10
71 33 15
42 42 19
38 28 10
29 43 1
9 7 2
92 37 39
69 31 6
53 51 19
70 5 20
84 14 1
13 10 39
26 12 13
57 9 6
24 27 14
12 22 40
42 22 39
48 8 40
36 17 30
64 3 37
91 25 17
5 23 28
90 30 7
64 15 2
84 5 6
15 52 30
45 26 17
15 16 35
43 12 29
56 45 35
65 51 12
84 3 17
52 4 40
92 3 14
18 19 17
6 19 30
62 39 15
32 9 35
91 28 18
46 45 18
83 43 18
57 15 17
29 30 29
51 36 9
7 15 10
40 29 40
6 1 6
18 15 5
12 27 35
80 9 12
36 36 31
1 50 1
32 17 29
66 39 25
21 20 13
44 49 40
91 29 39
15 12 7
61 12 22
65 16 19
24 50 18
3 9 30
36 9 1
62 8 9
80 19 4
48 42 14
57 8 8
90 6 4
75 41 20
2 32 4
90 7 29
43 5 33
56 13 12
31 47 20
36 42 33
85 14 30
61 33 32
40 29 9
9 6 6
59 52 9
66 3 7
3 19 13
2 50 31
74 44 33
11 19 31
10 13 14
35 23 22
39 5 28
86 18 11
70 8 17
35 31 38
51 2 9
27 41 22
9 5 14
23 48 38
7 12 19
32 30 13
84 10 20
19 29 12
1 22 39
29 44 4
74 42 16
34 12 29
28 33 8
47 4 21
29 27 32
47 48 29
80 51 8
47 47 13
86 32 20
49 24 23
70 5 25
24 31 17
1 51 10
45 10 26
47 23 16
12 9 29
54 28 9
22 52 25
73 30 1
16 33 38
25 29 23
49 17 2
5 3 9
74 43 8
86 2 30
65 6 17
89 50 3
82 8 13
21 14 21
84 9 38
33 32 31
9 44 22
28 4 22
20 30 38
31 28 20
66 47 19
91 2 33
45 15 20
86 15 14
56 50 4
42 14 6
73 36 37
19 24 2
21 40 20
48 45 24
32 26 5
75 1 12
50 8 32
51 23 26
69 16 39
1 4 5
78 1 32
43 35 21
8 14 18
86 2 11
77 34 33
3 1 6
64 33 18
52 9 33
47 49 39
54 5 23
43 25 38
48 4 1
2 13 16
24 45 11
74 47 9
62 12 18
90 25 8
58 29 12
43 11 15
60 6 20
55 26 18
92 39 7
58 25 14
7 20 26
38 1 33
77 51 12
80 33 33
83 50 38
56 52 2
69 20 40
70 37 22
88 38 27
20 4 23
33 13 34
8 10 21
60 45 21
45 49 9
51 28 29
84 30 6
65 4 21
28 41 28
14 19 3
82 27 35
64 45 39
60 35 5
5 7 10
44 17 25
52 19 35
23 20 17
27 29 8
88 44 25
91 47 1
14 35 39
54 2 3
51 51 2
31 9 4
4 6 39
75 51 26
68 48 27
77 26 16
42 24 5
75 38 23
80 5 36
35 13 37
37 7 1
33 45 38
82 34 11
77 46 6
35 17 38
4 28 36
26 40 14
37 51 7
70 24 6
26 14 1
23 48 22
26 31 18
27 41 1
29 50 14
61 37 33
87 3 37
50 1 30
6 18 40
20 11 13
86 2 20
47 5 5
92 50 12
34 19 9
47 43 8
21 18 20
16 17 27
85 19 14
30 34 12
36 22 11
14 37 5
61 33 24
61 10 15
28 23 12
57 25 20
50 12 24
6 28 22
34 25 40
24 45 32
69 23 23
61 1 26
22 41 11
90 31 18
64 9 30
70 30 40
27 26 19
90 21 5
19 37 15
34 8 34
90 39 10
54 37 9
77 29 37
37 35 28
39 4 37
72 37 32
10 36 2
51 47 15
49 34 38
7 25 33
79 3 7
55 30 6
18 10 33
91 18 19
12 33 30
70 24 19
75 19 21
59 10 4
56 52 21
80 4 22
54 23 29
37 39 35
20 14 7
41 16 23
68 51 12
47 3 4
72 8 5
62 5 9
54 19 15
38 38 23
83 32 28
3 2 32
7 18 4
65 42 10
49 50 20
31 27 3
17 3 1
52 25 31
14 3 35
3 48 35
82 11 8
87 19 27
74 45 8
60 48 32
81 49 29
67 35 12
31 39 38
41 5 25
27 1 28
16 14 6
2 10 36
87 38 38
55 13 36
37 33 36
79 31 31
1 15 10
85 17 13
39 51 18
83 46 18
3 8 16
43 10 35
86 37 7
31 39 32
12 22 2
38 39 26
52 19 13
27 5 26
9 3 22
1 18 40
52 27 33
51 49 39
49 32 32
68 4 37
39 6 6
47 14 21
56 36 7
52 33 12
47 19 15
35 19 11
71 14 21
18 4 32
26 25 2
37 12 12
66 48 15
84 39 8
60 14 5
49 50 34
38 13 8
32 51 39
56 1 37
14 31 40
74 15 14
60 2 13
43 16 1
84 2 28
46 28 11
33 47 25
71 4 33
66 20 19
10 3 8
61 7 31
28 11 10
64 42 5
27 43 23
38 18 24
74 52 32
15 26 30
47 11 11
59 49 20
4 22 36
50 17 30
72 33 23
7 44 8
68 32 24
40 44 7
6 44 12
68 38 35
78 4 29
55 38 32
32 13 21
92 11 8
76 23 13
28 48 11
73 32 21
53 15 20
49 28 22
15 36 32
38 29 15
18 52 25
81 16 35
49 12 33
63 7 27
23 33 24
64 30 21
15 50 31
15 17 30
68 14 14
44 39 15
42 50 2
15 17 16
18 30 2
65 8 3
71 44 34
47 40 32
72 28 8
56 17 26
59 29 6
30 16 14
85 12 22
16 32 21
82 9 40
8 8 37
6 34 26
30 15 27
11 23 40
60 19 18
84 7 4
40 33 1
30 23 27
65 9 7
40 48 38
19 49 1
47 40 33
22 41 20
37 33 34
25 51 10
76 37 13
65 8 37
91 42 15
70 52 32
7 47 39
38 50 23
64 45 9
79 27 2
27 33 19
18 52 28
81 46 1
12 2 39
29 25 32
48 41 33
17 10 20
61 28 35
86 36 7
78 51 25
83 3 40
70 8 39
77 27 9
22 17 7
35 9 14
68 18 29
13 34 40
10 32 28
34 50 18
65 31 15
49 25 26
53 27 28
54 8 18
66 3 5
24 35 24
61 51 34
87 21 20
88 48 3
26 14 38
47 42 18
81 21 22
39 29 2
56 20 37
65 22 25
34 48 31
79 23 21
68 5 16
84 34 22
56 13 37
76 27 35
45 14 10
27 26 33
31 1 25
38 46 24
91 10 36
13 45 12
72 18 5
86 38 6
84 52 33
78 34 20
88 35 37
29 3 32
84 24 19
52 14 36
65 24 14
58 48 13
30 21 30
53 45 1
32 49 37
62 19 33
78 42 33
79 20 5
85 14 38
66 11 28
60 23 14
30 8 11
57 4 40
86 42 29
61 33 4
66 45 35
37 44 28
56 37 35
23 13 3
29 3 10
15 15 24
54 43 32
34 29 16
49 48 2
27 6 40
41 47 21
72 9 1
46 8 15
73 8 19
34 47 18
92 34 32
2 7 11
89 15 13
51 33 38
6 12 7
63 12 12
44 2 14
30 51 30
19 29 25
83 10 18
83 8 4
51 17 30
18 35 11
65 48 17
56 22 4
76 51 11
92 21 15
11 33 40
74 30 9
43 14 2
79 16 28
8 37 36
83 52 33
24 3 8
37 13 28
21 25 23
2 42 34
74 10 20
33 3 1
7 32 4
49 22 13
32 23 28
2 23 39
77 14 7
89 14 37
22 45 40
73 25 37
13 3 37
8 27 10
89 38 20
79 22 27
35 16 22
35 50 38
50 45 33
55 36 21
6 40 1
26 20 16
5 15 34
74 31 24
50 33 23
34 43 24
75 5 17
17 35 30
28 26 10
73 19 19
7 5 2
52 9 14
88 6 23
69 19 19
9 31 9
42 45 33
35 6 33
39 9 35
83 45 40
13 26 34
28 6 28
9 36 36
14 44 13
47 36 5
34 19 27
46 11 16
31 30 35
91 5 38
65 4 18
37 32 27
65 25 25
62 14 13
63 5 16
34 19 4
40 47 21
42 7 38
9 7 14
40 28 2
57 2 40
68 32 6
71 3 21
9 28 26
41 35 8
22 29 3
92 48 9
5 10 25
66 18 24
18 42 7
55 25 9
9 31 32
5 36 9
79 46 38
75 40 25
7 24 23
23 31 39
44 16 36
69 46 14
3 46 30
12 30 1
38 9 22
64 4 10
57 2 24
25 13 13
82 2 24
56 50 31
20 51 31
29 19 36
17 51 20
38 37 17
79 20 18
31 9 12
47 12 37
16 25 11
54 38 16
1 46 31
65 13 16
87 30 11
48 16 5
24 44 28
24 47 3
14 34 10
65 40 27
63 20 10
49 16 23
66 35 24
79 18 28
91 18 33
11 27 11
45 4 18
54 29 18
57 50 5
65 31 26
45 22 5
67 25 28
71 33 6
77 17 24
59 31 3
7 13 37
28 16 40
66 29 28
52 51 15
89 3 17
1 17 38
81 18 19
7 21 7
25 34 33
30 27 29
40 9 24
73 39 12
32 41 18
72 39 25
50 48 22
71 17 1
19 45 26
28 20 26
23 42 15
38 33 23
67 20 19
60 12 10
12 21 26
77 17 6
52 51 5
34 38 8
55 11 20
69 14 1
9 1 5
35 44 12
79 25 33
52 9 38
47 15 34
6 34 3
26 21 36
35 34 37
74 48 14
68 49 26
86 44 38
22 15 9
45 1 20
69 35 38
53 7 38
22 37 19
