70 25 1791 5954
1042 3575 39 2399 393 3088 1655 3385 4869 4419 2532 2274 1877 2130 960 932 4492 4494 2188 349 1299 2601 3214 3983 3062 
2567 3131 1526 4656 1220 2384 2576 276 4102 771 908 3740 1304 2876 4795 154 1122 664 1868 2925 4231 2557 1729 4748 529 
39 3460 3784 823 2365 383 1579 1688 1338 376 82 1274 4699 1777 2890 1675 1015 657 2596 1342 3219 3550 4867 57 897 
3934 1766 4273 2196 4736 846 751 2492 1743 2789 3525 1893 1410 2429 4867 4611 3947 4397 4111 361 2307 4063 4360 1427 3366 
4482 4789 4486 1655 4262 2218 3798 2674 4263 1747 230 4481 1876 2873 108 3443 3516 2182 4728 4889 4632 1015 4433 527 190 
3064 761 312 203 3139 2911 1717 4097 4320 1195 3474 2982 4664 2479 709 2051 4402 2272 340 1875 3492 221 4170 4184 914 
2287 4426 3114 4700 1511 4202 3465 607 3777 1387 783 1696 767 4320 205 167 1829 428 2898 3664 1557 2500 4429 3370 1559 
3591 2067 3983 2096 2679 3728 4162 1237 4106 1455 1108 839 4794 3046 3689 1247 3731 2201 3331 4570 3098 3947 3107 2311 1005 
1769 3965 3027 4094 2880 3411 1727 1580 41 2931 2712 3167 928 690 2484 131 1370 24 3090 2316 4110 699 2357 2141 2060 
3998 461 706 4276 4377 4805 3206 2941 4788 3168 3693 512 484 1619 1527 4644 4473 3778 4104 4552 2720 983 2871 3210 2835 
2133 3458 4340 3342 4367 3015 4881 1265 2872 4864 3219 716 3447 2513 1754 1747 475 3649 3530 4647 921 2045 3103 3382 364 
2980 634 2976 1483 1341 2790 163 3375 4590 707 1557 3753 1393 4531 4505 4576 4328 3366 1033 687 1079 2584 4687 4807 3887 
4122 475 2117 190 2868 758 163 2287 4272 1570 1185 2412 4141 123 4125 502 2376 2945 3676 3315 2189 2207 1457 4874 1481 
4891 373 3448 2812 2862 3674 1448 3785 1812 3870 4634 1189 1362 4773 2014 4853 4700 3030 2636 4087 3902 4590 4154 734 4832 
3078 412 1024 4012 3808 2815 2937 1831 2046 3695 2506 4821 3232 1059 3564 4839 529 1066 4908 2358 2012 3182 703 83 818 
502 2548 2169 487 3967 4349 1854 1701 4509 2105 678 4755 3838 3080 1308 1370 3192 645 1131 1918 2433 417 1170 2465 2112 
2480 2894 3553 2787 660 2203 4739 116 4270 2100 1386 722 1648 4562 1430 169 1537 3668 3804 3871 4114 155 1580 206 2353 
1820 4505 3483 4417 1978 3723 484 921 199 478 4683 2372 792 4442 1407 2171 1741 1279 1601 3224 461 3968 1350 3515 2658 
2214 570 3815 280 1660 310 2864 1546 3074 4771 3260 4542 4808 1757 281 1610 3371 2283 1226 3634 1921 1354 1124 4785 4266 
741 2064 4469 4823 1490 314 2682 4494 1132 164 3075 444 3529 2115 4789 3326 479 1515 4113 2389 4462 3635 3520 324 1680 
491 2192 1530 1344 3759 2281 2479 216 3610 2799 3234 3223 2492 3687 1528 1938 2116 161 1938 2505 960 3272 3105 4902 2289 
2118 4734 1016 3807 954 4373 1906 3100 2162 1218 1050 2388 4561 4215 2847 3135 970 3511 309 1726 927 3918 3714 2377 4553 
2276 1492 3507 3605 1557 1771 4822 878 4266 4366 718 3271 4157 905 4640 1348 4596 3333 1559 904 4511 1336 3547 4441 2911 
4899 3473 1271 3065 3421 426 4648 2393 2271 1088 2253 4605 2596 3301 4456 345 2362 355 2086 4007 2733 2284 3071 4824 780 
2632 3710 1028 2920 126 473 323 2519 2049 1543 2056 2070 2242 2744 2326 1093 1544 929 2255 3337 1610 1128 3673 1559 266 
4122 1554 1490 39 1392 4022 2649 4284 809 1373 1356 774 4908 1298 1384 1041 2383 3696 3960 1675 881 1642 1545 943 3613 
1023 1102 4790 984 2731 3639 785 1584 861 766 517 1869 4515 4255 4235 2095 2237 4032 3397 2384 4684 4528 639 3738 4651 
2442 2225 2604 1085 4147 620 100 3693 2264 1940 1242 33 2658 2775 2561 2289 21 2835 4332 1288 1673 2199 4077 4064 1492 
3913 468 305 2774 897 1568 622 1210 859 1254 556 2062 939 4661 91 2407 4227 1805 606 3122 1698 3849 3380 1786 1744 
1588 182 2770 4065 4665 2441 1903 578 1712 2147 3210 1313 492 2543 2513 2447 3786 3211 2545 1187 2844 3194 1799 837 2424 
1704 84 2518 4200 965 488 2672 3851 2999 253 2795 4474 315 3033 4446 1442 4384 109 1641 3144 103 1496 1120 1909 1188 
606 685 2390 3154 2483 4337 1100 3331 4568 1514 4103 4304 1905 3702 689 3651 4758 4655 4455 1833 4657 2048 1465 2320 959 
3925 762 4895 1363 2063 3250 1758 2905 1131 2077 957 1703 4171 3507 406 1617 3630 1878 439 4639 3272 2612 213 748 2766 
4755 2513 2596 2595 505 4758 4727 1053 4205 1686 365 422 46 802 3865 364 987 4098 1245 4677 4232 641 2667 1847 801 
4088 2421 4196 564 3318 1644 882 4792 229 3570 3112 561 3495 943 847 2683 3819 4518 642 2760 1607 2222 2054 4103 3886 
3307 632 3556 4450 1147 1878 2761 949 2334 4215 161 1669 3285 4092 4568 2533 2081 3794 4692 2844 4313 2366 2127 2032 2339 
2729 1422 598 4083 2114 4627 2975 2699 3016 946 779 2799 3989 3126 38 170 2473 3238 2275 2299 946 2296 893 2624 83 
1326 1375 2355 2844 1071 2707 4508 4439 1693 3687 2727 847 1823 15 4759 2310 4475 3365 3330 746 1550 3947 1099 2315 430 
3317 1015 712 3058 63 3918 476 3697 4288 2258 946 2069 3644 1465 4686 3358 4647 3714 1603 487 35 401 1610 2274 19 
1583 485 4195 4831 2378 608 4175 2535 3788 3248 4185 4571 3963 1454 2300 2703 569 1255 4729 458 616 3282 4538 3913 2234 
873 1837 1542 1184 1973 3801 1128 4138 3009 2681 1220 1775 2798 4540 1943 4760 4406 1466 1535 1426 2842 1880 3187 3105 374 
4877 3999 1076 1894 2236 4110 873 4105 538 4454 2107 3683 3940 1195 1734 1009 3262 1350 2319 4875 4678 3965 1331 2664 1476 
3511 3145 4782 838 4590 1989 3668 4745 205 3933 1339 3899 1904 4100 3542 2542 4551 4431 3845 2218 389 817 2311 3328 3227 
3577 1080 3603 3901 3971 2071 836 4352 3466 1046 1268 622 2910 4017 4784 4271 4136 89 1009 674 4191 1386 58 3858 524 
104 3660 2831 2413 4345 3425 408 3960 2627 4696 3212 3148 1730 990 4901 3995 2961 615 3243 4608 1001 1601 3347 3210 3809 
2702 4819 2670 4790 1643 2644 4031 485 1252 1401 1832 4145 908 3718 4243 3749 929 4436 1181 1199 4617 713 288 870 4159 
3584 4088 1711 1820 3362 3596 1820 2001 577 3571 2473 4727 2456 2869 165 3746 2968 4283 4666 4420 478 2521 2877 523 2428 
1220 2216 3455 389 4055 306 4427 2691 3054 3179 2872 3572 4213 3588 2093 1781 3037 1358 3651 568 1648 3564 977 950 2529 
2733 584 3169 186 536 4823 1318 2353 1856 1665 1047 2892 602 1024 4299 871 540 4407 1730 2149 2929 4609 3733 4633 738 
3837 364 1615 3560 3912 2992 4759 2709 334 1319 4226 3373 2104 3305 835 1604 1207 4213 4542 4124 2096 3918 3450 1312 1331 
487 475 2255 4046 2006 1591 1967 2885 3342 1429 1140 2620 1079 4883 1997 3164 2808 1353 4900 1794 3566 2341 2960 3148 3537 
3976 2218 2512 3662 3960 1709 2568 315 2582 3727 3007 2667 4376 4674 2289 2338 4051 1761 3871 1662 3063 2255 1802 2907 1955 
1777 1335 1098 1147 4267 395 3133 700 1599 2473 3787 3962 3373 2050 3450 2848 1648 4164 4332 876 4202 781 486 366 3145 
1359 3120 2952 2246 2810 3540 1972 1502 3255 977 4635 3660 1049 2849 2590 2952 2851 363 1475 1928 4827 4370 3026 572 3450 
1038 1125 74 3601 1996 3029 3898 1046 3838 377 1707 4312 4362 4798 1944 4072 3152 223 3247 3985 4354 1549 366 1741 3769 
4755 1274 506 1091 459 342 4079 1045 4838 784 3590 4153 3138 3554 3634 1719 2630 1547 4338 4879 308 1485 4026 2254 1920 
4711 165 3760 4291 1584 2052 4512 3212 4586 1614 2789 2016 1949 2378 2766 4486 409 2708 351 1623 3838 2965 4710 4897 367 
607 2876 3909 599 3327 3336 104 1234 4562 158 645 489 715 3972 3244 1652 4784 4347 60 4825 4261 1311 4282 552 481 
3947 2672 1366 340 3366 2201 2007 1321 3878 3717 4650 4538 4536 728 55 1118 488 1694 4709 3614 2272 1597 1530 2168 1331 
3536 447 3715 1168 1202 4104 3267 4738 3475 1159 470 3426 2583 4717 2892 2439 2058 3416 1475 566 2050 2143 1630 1129 727 
743 2551 2069 4051 2736 3876 1285 1684 1479 1717 700 1525 438 449 164 4794 1986 3741 824 2292 1351 3193 3849 4296 837 
3638 2124 1987 2700 2951 116 4026 3622 2424 3781 1234 3845 2837 1954 2479 3535 1876 2375 4301 820 658 3241 3158 2534 4619 
2020 1416 392 1332 2971 3984 1894 3059 2634 1798 2691 4222 783 4072 4887 644 2025 4453 633 4589 132 3695 2059 2396 4614 
746 1550 613 2710 3882 3898 1065 1455 1125 4097 3552 3499 3539 703 1187 110 1182 1994 832 1926 2980 194 2062 2889 4361 
4030 4387 1737 4395 645 3970 4669 4253 2228 4190 2821 1017 3504 286 4337 2149 2565 957 4147 1848 4140 2687 639 4415 3579 
4097 3898 2852 3446 834 3227 4338 505 4746 3705 2944 967 4192 2721 3242 743 3520 633 2617 46 1209 1647 4471 3339 2362 
756 2689 2794 669 3504 3200 4208 3364 1222 2266 3347 2703 577 1205 1876 4799 1615 1148 3746 3000 2309 3422 4190 503 3746 
3334 4558 2670 268 3359 3420 4668 4329 4788 1940 2341 2212 4849 1065 2846 936 3779 4486 4409 4309 1458 3243 688 3437 4720 
1133 4444 2177 2683 1806 153 253 2340 3709 3044 447 1304 1719 3659 1494 2891 4734 1990 1464 2888 4509 877 2959 3065 1037 
3722 3891 4432 947 1876 402 467 4624 71 4054 1517 2838 269 3418 2872 2714 1090 3872 1603 2929 1134 4388 4769 1544 4179 
15 14 25
66 6 31
10 5 17
20 10 38
39 16 6
36 10 40
30 9 37
45 5 24
47 15 25
48 18 4
64 20 5
67 15 20
15 20 7
20 2 3
3 4 29
23 4 17
38 3 7
23 1 29
38 4 27
19 3 14
24 6 5
47 2 23
15 21 23
67 1 1
4 14 24
41 8 15
58 12 17
47 19 34
28 21 6
30 9 2
52 10 14
23 11 22
55 18 12
51 9 18
26 7 9
38 1 15
33 2 14
66 16 5
55 12 18
13 17 9
54 3 8
53 19 11
55 2 15
65 5 38
5 20 27
6 17 28
35 16 37
30 20 9
22 20 7
43 2 32
32 23 10
6 20 18
51 16 8
33 4 38
57 1 29
21 6 11
4 21 34
43 12 33
8 1 25
53 12 26
20 10 3
38 12 3
24 16 27
3 5 30
1 18 40
50 23 39
56 5 14
43 16 19
8 5 23
63 15 11
51 18 4
62 8 4
7 4 2
12 12 25
45 2 33
39 23 29
63 21 40
57 19 13
11 16 26
27 5 30
51 5 24
61 13 9
61 5 7
7 18 18
65 6 9
42 3 3
36 14 18
67 6 40
40 6 3
52 7 32
30 12 17
23 15 26
10 13 14
21 4 12
57 14 27
50 16 23
8 19 29
15 14 14
68 23 31
50 18 35
13 2 19
37 10 2
47 21 19
54 7 20
7 22 21
14 4 6
7 6 36
9 12 4
27 17 40
20 16 7
43 3 6
21 11 36
65 2 1
24 1 3
5 6 37
26 9 26
37 19 21
51 20 40
20 7 37
31 1 30
18 21 35
46 17 18
33 18 22
49 7 18
28 18 13
53 4 1
10 9 36
54 17 20
27 8 29
29 8 11
44 17 5
50 7 22
39 17 12
43 13 8
26 10 24
43 4 11
57 1 30
58 13 31
18 8 40
40 18 32
41 18 21
51 6 12
34 6 35
46 14 4
36 6 33
60 15 9
18 18 24
44 14 10
59 20 36
59 7 12
16 3 3
55 14 10
36 3 15
68 8 3
38 10 15
2 23 10
31 12 24
59 4 27
11 19 2
58 1 27
43 6 7
2 13 18
64 16 7
21 15 40
3 9 14
4 23 12
5 18 2
51 23 6
61 22 28
21 10 32
42 6 28
50 19 17
34 20 16
46 10 14
61 22 37
19 5 23
8 16 38
43 18 34
11 7 30
41 9 29
62 12 10
67 13 37
50 9 25
39 22 33
52 3 25
2 6 25
39 16 19
28 10 14
2 11 5
8 11 38
31 3 22
56 10 12
58 17 5
66 11 7
65 5 39
21 18 33
25 10 26
46 22 2
47 9 3
63 12 5
55 1 36
63 14 21
5 5 8
53 8 33
36 21 32
43 19 34
23 18 35
10 21 38
23 19 4
4 4 1
31 22 18
31 5 18
35 23 21
2 23 25
64 6 18
57 20 36
50 20 9
42 21 21
15 23 5
51 2 29
64 3 23
42 15 3
19 11 26
62 11 15
19 6 25
29 12 3
34 7 37
35 12 17
36 5 37
22 12 22
30 2 1
44 4 15
37 9 39
12 16 7
17 8 3
66 14 2
27 7 25
24 13 26
59 10 33
56 8 2
60 6 32
63 21 31
54 11 21
52 9 22
48 4 23
8 17 8
22 21 6
39 5 4
23 2 4
35 16 24
32 7 11
32 7 37
2 5 2
23 18 17
54 14 14
8 5 23
45 19 7
9 11 14
6 2 11
34 4 34
19 15 34
14 5 33
40 19 8
33 11 6
24 3 27
10 4 2
6 7 14
48 15 9
10 18 14
11 16 21
24 12 23
61 21 37
62 9 6
55 3 10
59 8 9
28 22 37
28 11 26
61 13 18
47 17 35
13 12 5
31 2 26
50 2 15
15 3 21
47 13 10
30 23 36
41 14 7
35 12 37
56 9 17
47 8 14
63 4 39
12 20 28
56 9 8
63 7 16
25 17 35
34 10 25
63 15 2
55 4 6
68 7 33
47 3 27
44 13 39
40 12 40
37 7 5
11 13 12
51 21 11
41 23 19
52 13 7
55 15 38
1 10 26
20 4 36
21 18 4
19 22 17
29 18 13
11 1 5
24 18 26
17 9 27
38 4 10
67 4 35
57 5 20
4 17 24
46 15 35
55 14 32
37 5 13
50 23 13
34 5 40
21 15 23
42 6 27
63 23 20
13 14 21
8 19 17
63 16 11
25 12 32
21 10 33
53 9 16
6 13 8
63 4 8
41 4 36
7 22 19
12 13 22
58 6 16
25 8 24
65 15 9
34 10 36
17 4 25
23 6 9
11 2 9
28 9 7
32 22 7
58 19 8
65 11 22
37 15 31
12 14 14
53 2 33
10 22 13
39 6 1
66 13 37
40 15 36
8 14 16
34 16 21
39 2 16
38 22 26
45 20 2
12 19 8
63 7 16
50 22 6
64 16 30
41 9 36
52 12 24
54 14 22
43 12 17
65 7 25
11 11 29
21 10 10
23 22 12
1 22 14
20 21 34
50 1 17
34 13 36
14 3 32
19 1 5
59 18 9
2 9 36
44 6 8
59 17 6
4 6 8
54 18 12
56 4 1
22 16 10
13 22 27
31 5 3
45 9 28
57 11 8
49 11 4
57 23 6
29 2 20
21 2 39
35 17 40
35 20 12
31 17 26
35 22 8
15 7 2
54 13 31
64 7 3
3 15 9
50 11 31
23 21 38
16 18 11
36 6 38
45 7 30
30 7 21
49 19 22
24 2 11
37 4 9
34 3 9
60 18 21
67 4 13
60 22 39
22 22 17
58 16 33
53 18 33
40 16 20
33 19 18
28 19 11
61 2 39
38 16 17
7 3 28
27 20 22
27 4 8
68 19 24
34 13 17
14 22 34
28 7 24
15 13 22
18 7 36
39 23 21
19 7 4
62 9 16
49 3 28
6 9 32
53 22 8
23 3 24
46 8 8
23 4 14
36 18 23
54 12 21
49 16 11
44 20 7
61 2 6
1 20 34
33 11 23
48 7 12
21 8 32
46 18 14
43 4 28
35 22 13
68 3 4
7 19 22
17 9 34
44 20 38
5 17 13
56 3 27
4 4 34
38 15 8
64 15 3
34 10 4
43 2 7
52 20 6
51 8 21
3 5 40
20 11 25
66 11 29
58 17 32
7 14 24
53 22 16
58 8 25
4 11 22
8 11 13
59 11 25
62 3 20
30 11 36
47 20 29
15 11 38
66 6 10
49 9 8
45 22 29
47 23 11
19 12 8
68 10 38
45 20 20
1 4 32
50 21 11
35 9 40
39 12 18
24 23 6
26 8 4
61 5 24
31 9 19
36 10 12
7 12 28
26 11 37
4 20 1
20 13 15
62 13 34
21 17 15
60 23 18
58 14 31
45 18 20
67 14 16
34 20 31
58 23 13
39 1 13
15 14 34
5 23 30
63 12 22
4 21 27
40 8 10
63 3 28
32 21 5
59 12 5
7 6 15
26 23 17
59 7 30
35 17 14
57 16 7
59 23 20
42 13 24
10 21 11
53 17 5
43 7 9
66 13 30
17 7 31
15 2 23
42 14 16
2 18 22
6 18 34
22 12 32
47 8 4
32 15 12
16 1 33
62 15 39
31 3 39
38 14 32
60 3 30
3 20 32
57 13 20
63 4 31
53 10 2
35 14 8
20 11 40
36 5 5
58 6 7
1 1 32
57 6 36
4 14 1
52 4 25
60 6 18
36 22 4
33 9 1
40 21 30
28 17 6
40 15 2
3 21 24
38 20 4
59 3 16
33 7 4
54 11 9
31 14 6
60 18 13
32 3 2
59 16 25
57 8 38
63 3 7
33 16 23
21 2 38
13 19 11
46 18 23
8 6 15
16 10 19
3 11 34
50 18 7
23 11 25
12 5 31
2 8 9
8 16 16
9 8 14
62 21 29
68 13 27
17 18 21
6 1 34
44 8 10
32 5 40
49 11 17
56 20 11
46 23 26
2 3 15
4 13 40
4 7 22
1 6 32
46 9 10
13 22 38
13 6 2
27 21 28
37 20 11
53 21 27
41 18 9
38 15 23
2 23 39
54 14 5
42 23 15
37 3 36
67 9 19
51 3 13
12 4 20
56 21 6
36 5 20
5 22 23
64 18 31
28 20 13
43 9 11
47 16 35
35 22 12
40 9 19
58 22 15
64 16 1
5 5 30
58 13 23
32 15 8
42 14 40
7 7 26
45 12 4
24 16 7
22 10 36
12 13 40
9 18 20
27 14 18
22 17 24
16 14 26
61 2 38
19 4 6
14 15 19
68 13 37
30 17 14
12 10 10
31 4 15
22 21 18
26 14 5
3 12 40
42 22 27
7 9 37
2 7 28
15 4 19
45 14 36
17 13 3
53 6 1
25 21 31
59 2 23
59 12 34
64 20 24
61 21 10
37 16 21
63 18 29
60 16 24
33 2 8
11 14 23
46 22 38
61 20 14
62 9 20
20 3 33
24 10 30
15 9 32
50 18 2
26 5 10
40 16 7
66 5 25
14 14 33
20 10 5
59 2 17
14 21 29
33 6 21
39 7 35
17 17 14
50 18 13
10 17 39
6 10 40
24 12 6
63 13 21
60 12 25
37 9 35
17 13 32
20 11 9
9 5 30
26 8 7
36 2 37
61 22 6
5 5 34
39 20 23
48 11 25
27 7 3
54 6 18
10 11 9
53 7 38
16 3 13
56 16 39
11 20 13
10 11 16
20 13 6
29 3 28
59 17 24
63 9 37
66 2 40
50 15 26
13 3 22
55 7 1
20 13 34
31 8 30
37 12 9
5 17 16
42 5 37
26 2 37
5 15 24
54 9 12
12 18 9
57 10 8
64 12 35
20 16 34
13 1 27
9 19 5
54 17 5
9 4 37
44 18 29
63 19 40
23 4 15
58 19 38
8 22 29
42 4 23
47 10 27
11 21 24
51 19 39
3 20 5
42 13 3
21 22 35
2 13 32
50 16 7
41 13 25
10 8 4
62 8 27
61 14 1
31 1 35
38 9 13
11 20 9
5 5 33
50 13 11
64 3 11
56 12 2
39 9 13
5 1 13
47 15 16
59 13 10
60 11 2
7 11 19
65 9 38
47 18 15
37 2 26
49 8 16
18 23 26
37 23 28
5 14 15
48 23 22
7 16 26
7 9 11
23 11 1
60 13 22
29 2 15
62 15 2
56 17 30
50 7 10
7 8 32
62 19 3
24 8 14
53 19 24
57 23 7
43 20 4
56 9 9
24 9 28
28 19 38
58 21 12
15 6 8
61 9 22
25 8 32
23 23 21
11 5 12
52 22 40
68 6 38
31 17 10
53 14 33
19 16 2
13 19 6
57 7 16
39 6 24
67 8 34
13 6 10
66 11 1
15 2 23
9 12 19
33 5 4
9 15 9
18 5 25
17 12 36
42 19 33
64 3 13
22 14 39
54 2 26
2 2 5
17 7 38
46 2 26
57 15 15
6 15 9
58 5 21
47 7 35
9 17 25
30 8 39
13 22 7
8 12 11
12 15 2
42 12 35
4 3 4
20 15 24
4 8 4
42 13 15
34 13 22
43 10 9
7 10 33
12 6 23
44 15 34
4 2 23
33 11 24
61 19 29
11 1 39
5 1 36
58 5 20
52 22 29
9 14 11
62 3 25
6 19 12
63 11 36
64 5 9
60 17 22
9 15 11
63 12 6
20 18 9
52 18 36
51 1 31
3 20 10
26 9 35
9 16 14
19 18 18
59 10 36
8 2 30
23 14 9
26 10 40
67 17 21
59 22 35
62 12 7
25 11 40
39 21 31
2 5 9
43 5 13
35 3 10
66 18 24
50 21 6
5 15 32
61 10 35
61 22 30
54 22 38
56 3 8
4 2 23
40 13 21
14 10 31
60 10 23
19 17 36
22 12 31
41 1 10
23 6 15
60 19 31
9 1 1
39 10 7
5 4 11
17 1 1
52 4 11
35 13 40
61 3 13
17 12 27
3 1 8
8 12 27
36 22 3
7 14 7
68 1 4
64 3 40
34 20 33
11 8 26
55 4 29
28 1 36
18 21 12
7 20 20
9 6 31
7 10 28
48 21 3
19 20 14
31 5 13
13 4 33
52 6 17
48 2 23
36 3 12
39 18 11
51 22 8
62 16 13
36 17 39
59 1 39
47 7 39
26 7 16
65 5 23
18 2 28
15 15 5
7 8 31
66 16 13
31 9 29
31 14 33
5 19 40
57 21 38
36 12 33
32 19 37
7 5 31
36 22 2
20 12 10
21 18 1
44 1 21
4 7 25
15 11 10
55 9 16
35 19 23
37 7 11
1 3 31
60 16 23
66 17 36
36 4 8
65 1 21
33 14 17
60 9 40
16 13 17
43 9 3
20 11 21
21 14 7
31 3 40
53 22 6
36 5 36
49 1 35
49 22 31
38 20 18
25 3 36
18 23 23
9 19 15
8 15 13
28 22 2
13 2 3
44 3 35
4 8 29
28 14 13
29 5 33
46 9 20
43 10 13
56 4 34
44 14 27
62 11 21
26 2 25
48 4 26
32 16 25
67 10 40
23 16 38
3 4 40
9 3 10
63 22 34
48 4 37
49 7 15
23 13 9
55 15 38
15 13 26
65 11 34
32 10 8
43 22 35
25 19 11
41 1 14
56 3 11
49 12 31
8 14 4
20 7 38
15 19 32
51 2 24
19 18 11
23 8 26
43 19 24
41 16 31
43 18 12
61 8 14
5 6 16
26 20 4
29 1 15
67 6 27
45 11 24
35 6 38
19 16 17
12 11 30
14 1 30
59 21 31
52 2 31
36 1 36
13 18 10
23 20 2
15 10 15
55 21 1
46 10 20
22 15 17
66 14 9
26 15 24
21 4 39
45 22 32
21 17 8
30 13 33
66 15 16
32 5 27
62 3 20
53 6 6
34 8 3
39 19 1
12 2 7
5 9 17
19 20 29
42 7 2
52 11 35
7 13 36
22 20 5
15 15 7
44 9 15
14 3 24
64 20 35
57 11 36
67 1 40
27 9 40
62 14 27
54 17 5
55 12 20
68 14 26
27 2 4
51 5 31
57 17 38
28 8 7
12 17 19
56 14 22
21 3 31
9 11 26
32 23 8
41 17 33
7 17 6
59 17 23
24 21 16
4 8 10
61 22 34
59 6 15
42 14 9
18 22 26
58 4 30
48 8 23
17 18 14
34 6 37
19 5 17
51 18 37
60 1 24
33 20 15
65 23 24
58 12 11
65 8 29
13 21 27
41 3 22
56 12 25
24 10 14
43 13 10
23 7 26
37 3 28
31 4 3
56 13 4
25 5 1
19 19 28
30 10 12
38 21 23
10 9 28
1 11 13
66 16 36
21 17 13
35 13 25
5 21 5
30 20 17
33 16 38
40 14 29
42 4 11
1 13 7
66 23 5
56 10 24
40 14 17
62 1 20
62 13 19
55 13 3
17 5 2
51 10 29
55 16 19
17 15 37
59 4 12
5 2 8
1 2 35
25 8 27
54 14 8
57 21 20
9 3 1
23 20 13
40 10 19
10 5 34
2 4 36
60 15 19
67 19 35
2 6 24
36 10 35
16 19 32
60 19 38
26 15 25
46 3 26
10 13 4
60 18 8
10 12 10
56 14 14
59 7 20
59 21 36
11 15 4
28 22 16
45 14 21
58 12 3
14 21 30
40 8 17
2 17 37
19 5 20
29 10 3
10 16 7
24 14 40
43 18 31
52 3 5
35 17 19
60 15 27
50 13 29
23 22 14
64 22 9
6 19 26
15 10 14
64 3 31
21 8 6
49 12 33
18 22 31
62 7 37
33 21 39
3 22 21
18 9 37
31 10 9
19 17 26
21 12 38
31 8 23
6 19 15
36 23 14
14 23 36
24 9 4
51 6 15
50 10 30
64 20 26
16 16 29
16 17 40
41 6 18
35 10 7
31 12 8
3 16 10
43 2 15
1 4 15
64 12 30
37 7 20
38 12 26
24 18 35
23 23 17
62 18 5
25 7 16
2 5 16
34 20 16
17 13 15
68 20 2
34 20 1
51 22 13
43 17 11
29 1 1
66 15 26
43 17 21
61 18 25
29 4 38
44 22 25
38 14 37
29 12 34
32 22 11
49 21 21
41 3 32
22 3 39
44 20 4
16 23 20
24 4 7
33 21 34
66 5 29
58 1 34
53 8 2
40 7 37
1 19 16
5 9 32
3 13 13
14 20 33
33 4 9
66 14 40
5 4 11
21 12 22
20 21 19
2 21 9
34 23 26
7 16 35
12 17 1
32 5 15
68 22 16
14 5 19
22 16 30
59 8 17
21 6 26
24 11 18
11 19 6
25 3 31
67 2 22
41 20 23
56 22 12
57 17 13
7 4 20
62 5 19
64 7 17
38 15 39
13 2 6
21 13 23
60 5 25
47 19 8
9 17 16
47 10 1
49 18 20
45 21 26
53 4 13
10 5 12
7 21 2
18 20 36
67 11 6
11 19 35
37 4 16
25 14 5
45 6 12
59 14 9
27 2 6
55 5 16
47 23 7
24 5 37
46 16 26
57 4 17
64 1 31
41 23 34
57 1 37
37 4 31
29 6 26
27 15 11
21 9 8
44 12 13
51 1 24
43 1 40
12 19 11
19 15 3
55 11 19
44 17 27
58 12 11
23 23 32
2 16 7
29 9 25
60 18 30
3 8 27
22 1 20
18 13 27
15 19 13
33 13 31
38 15 5
11 7 14
53 19 19
7 22 10
30 21 33
63 21 22
62 23 17
61 17 10
27 8 27
8 2 17
44 6 30
46 16 21
35 17 23
50 16 25
57 11 28
30 17 40
15 9 17
53 19 3
31 11 12
20 12 4
19 17 39
54 3 11
7 16 40
27 1 27
30 9 15
23 4 4
65 20 7
54 3 5
62 6 37
49 11 37
17 13 23
39 17 33
14 14 35
10 5 15
58 6 10
2 6 2
45 10 21
22 18 40
43 23 27
27 4 8
28 10 9
15 6 36
59 18 30
7 21 3
48 2 31
12 8 21
11 19 2
56 17 15
22 21 23
55 7 40
24 16 12
41 16 12
37 19 32
39 4 13
7 17 5
49 5 25
51 21 11
41 13 10
7 19 36
2 5 38
23 14 12
32 2 3
8 22 11
11 14 16
39 3 18
21 7 37
57 2 39
41 10 34
54 16 35
5 15 34
42 16 39
44 6 1
9 10 39
27 15 15
24 12 35
68 21 39
40 14 23
26 12 29
63 14 18
15 5 18
55 6 35
23 13 15
8 8 2
50 7 4
34 12 35
49 3 25
4 1 33
14 18 40
57 20 28
56 17 11
14 6 18
19 15 23
32 4 21
15 19 24
2 3 20
45 10 25
16 20 24
29 21 39
38 13 30
1 6 37
49 22 27
39 2 3
61 3 2
6 14 4
2 22 6
67 20 19
1 10 34
52 7 26
13 17 29
46 14 28
15 15 9
62 13 4
46 5 2
42 23 27
43 19 22
32 11 16
12 23 25
3 11 1
17 13 36
42 10 39
10 9 10
4 15 7
20 3 5
10 4 32
61 20 13
54 7 7
22 15 21
53 21 4
53 12 4
52 15 19
36 9 21
20 17 40
21 10 30
2 10 37
28 18 38
21 19 22
25 3 32
65 19 12
4 13 19
18 20 4
35 1 2
38 8 6
11 11 35
29 23 33
54 6 3
50 4 40
41 7 11
36 22 6
26 9 38
30 22 17
47 9 7
40 18 38
13 12 24
43 4 34
52 23 17
43 8 36
30 21 1
51 15 7
28 16 40
7 11 30
34 18 9
25 7 4
12 13 16
11 8 32
68 1 32
42 21 1
51 11 15
6 12 23
63 17 16
53 17 39
14 16 35
19 18 6
16 1 29
25 21 27
59 17 26
24 16 29
41 8 27
11 20 37
60 12 24
47 14 37
34 3 10
15 15 39
10 12 38
68 5 35
32 13 8
16 2 27
59 19 25
50 23 34
11 14 35
15 10 22
42 11 25
66 9 31
18 1 18
54 4 13
33 19 9
15 6 1
58 22 32
64 14 25
26 7 14
68 21 4
64 20 23
46 15 4
26 2 10
17 8 33
53 21 16
19 6 23
34 17 4
23 12 20
12 5 12
32 15 26
17 11 22
68 22 37
35 5 32
45 10 21
18 5 27
30 22 40
38 14 6
14 15 11
30 18 14
20 16 33
27 23 13
1 7 33
38 23 36
42 15 2
46 19 17
63 9 31
51 20 17
25 4 9
44 23 11
41 8 13
55 22 2
64 4 21
26 18 7
2 18 29
42 15 33
13 7 37
36 13 31
39 15 3
52 4 7
19 7 40
35 10 3
27 9 24
19 14 29
22 18 8
25 20 18
51 16 13
9 5 3
10 5 1
27 16 12
9 8 16
61 11 34
4 13 1
14 9 33
67 17 10
45 2 8
34 14 24
37 23 5
11 23 30
42 6 5
26 1 11
25 6 10
16 4 33
19 2 1
10 18 39
25 17 18
5 10 17
2 2 35
63 5 38
23 21 21
6 16 29
31 9 12
60 10 37
7 5 10
5 3 36
35 1 24
8 8 3
36 9 15
17 23 3
59 9 12
61 22 3
67 14 29
46 13 11
32 8 5
5 8 23
63 10 28
42 20 22
59 8 4
68 8 18
30 18 16
50 14 1
28 8 19
61 10 35
61 4 5
41 15 1
38 7 19
24 8 24
63 6 26
62 1 29
21 11 10
39 6 13
19 9 6
63 6 39
30 13 35
25 10 23
44 5 27
38 5 18
63 10 39
31 11 33
51 7 9
1 14 39
43 15 21
34 12 15
9 15 13
45 1 5
48 7 21
13 22 36
8 3 13
60 21 19
48 20 39
12 15 21
48 12 23
30 21 35
44 12 12
36 15 16
63 22 37
1 21 17
4 22 37
16 6 3
66 21 32
44 11 26
20 1 1
17 22 22
45 22 19
31 19 8
49 6 35
31 3 7
8 11 27
37 16 2
39 11 23
22 5 26
15 13 20
34 13 14
60 4 26
12 19 36
43 2 27
22 7 30
12 18 21
68 16 7
43 14 20
27 8 39
35 17 30
68 3 7
37 20 20
29 22 20
60 16 35
16 13 37
12 16 32
1 10 23
6 12 5
7 4 26
32 21 25
57 16 24
55 9 14
68 18 5
18 22 1
40 5 30
60 8 36
46 18 8
4 1 5
30 23 35
34 11 10
9 12 37
56 13 7
39 13 13
49 15 9
34 11 14
36 21 11
67 2 29
34 16 30
58 9 2
4 5 9
45 23 19
2 3 38
44 13 18
31 11 28
27 4 17
50 22 2
3 12 25
56 11 29
21 14 3
34 2 4
53 4 2
67 1 37
17 10 23
54 11 24
3 5 7
57 10 38
10 7 17
49 1 15
53 12 4
7 4 32
39 14 2
64 2 39
32 7 20
46 13 22
38 17 27
47 23 36
27 12 15
54 10 33
54 14 19
36 23 11
14 9 30
20 4 22
56 14 10
7 8 6
9 9 6
62 9 32
66 2 18
11 14 23
61 7 13
14 4 22
60 20 23
34 2 25
57 15 1
23 4 2
48 7 15
46 9 37
18 16 33
61 19 1
49 6 2
8 5 33
37 5 9
53 12 37
52 12 31
51 14 18
10 16 22
4 1 12
33 21 10
48 4 29
31 3 5
9 4 39
59 13 36
61 8 5
16 19 12
29 2 33
24 11 16
47 9 16
16 20 28
16 8 14
20 18 24
4 10 32
55 18 10
48 17 10
33 21 4
52 9 31
2 2 30
42 14 24
26 5 15
66 1 29
58 9 14
46 16 39
35 16 18
17 22 31
50 8 35
34 3 2
1 7 11
4 4 32
34 12 18
22 2 40
47 21 8
15 9 1
32 15 36
4 20 6
38 14 2
49 23 4
47 4 40
61 20 39
20 13 30
15 17 4
37 20 17
52 15 27
68 9 21
2 3 14
20 6 8
4 17 10
16 10 28
46 9 35
65 5 34
27 22 24
16 17 13
8 6 26
22 17 1
28 17 37
49 9 20
59 9 21
24 8 34
61 13 3
38 21 18
13 9 20
60 5 39
24 20 20
40 7 36
52 13 14
21 21 5
21 6 28
2 2 5
41 20 30
62 7 8
59 4 15
38 10 8
68 22 1
59 9 10
21 21 3
18 15 38
29 1 15
67 15 33
44 1 16
38 15 9
1 18 21
65 15 19
12 2 25
44 4 17
45 2 32
49 8 33
55 4 16
59 5 28
3 19 19
12 1 3
22 20 26
8 12 16
59 8 27
30 15 32
1 17 1
46 6 30
38 17 31
61 19 28
24 6 13
9 21 30
56 4 32
16 5 15
55 10 24
36 4 5
4 7 30
57 5 13
48 15 16
15 3 24
46 3 32
39 10 8
20 18 32
28 11 20
49 1 3
26 8 21
10 11 16
27 8 33
38 5 2
6 8 28
57 5 7
44 1 26
3 22 17
29 6 20
43 1 26
29 15 16
41 12 19
13 12 4
5 1 6
62 18 20
36 2 13
39 4 11
22 4 27
30 17 17
61 21 19
39 17 11
28 19 30
62 14 13
11 22 3
54 15 8
58 7 23
42 9 8
55 4 39
62 4 26
13 19 2
40 17 22
68 15 10
65 13 18
10 16 19
63 5 4
55 20 30
9 18 37
50 1 25
55 5 1
27 14 15
57 2 12
18 8 5
65 12 7
29 3 36
13 20 25
12 19 6
9 1 27
33 4 33
43 12 8
3 18 12
37 12 12
19 19 17
15 19 22
51 5 28
58 16 38
1 16 36
62 17 39
52 7 31
46 11 29
21 10 21
32 1 32
3 20 32
32 20 11
45 5 38
33 3 36
58 2 17
46 3 9
20 21 26
18 8 26
15 14 17
34 3 28
28 7 18
58 20 9
31 15 12
65 15 8
49 23 28
13 18 29
13 2 29
67 22 10
43 3 32
9 18 14
31 16 31
49 3 8
24 13 31
67 11 17
40 2 37
20 11 30
60 22 14
37 13 1
4 15 16
17 16 3
4 2 15
63 18 39
38 14 19
62 10 12
46 1 18
54 18 2
20 2 35
59 20 26
64 23 40
52 4 37
1 3 3
41 22 11
49 14 2
9 19 13
56 20 39
48 21 17
33 1 25
21 9 1
56 2 30
59 9 27
12 8 35
65 12 15
7 22 1
42 5 31
43 5 13
32 22 30
3 7 16
38 17 28
17 22 38
58 20 23
38 18 28
11 14 31
50 10 7
9 20 27
6 11 8
31 9 39
2 22 28
60 21 29
37 4 11
30 15 27
1 3 1
17 6 28
40 17 10
41 1 20
13 7 12
22 17 36
10 22 1
2 10 11
49 15 33
10 9 37
25 23 16
16 22 4
25 11 3
6 19 12
5 6 2
31 14 5
21 18 5
51 21 9
32 12 28
17 9 26
63 4 14
47 23 38
16 3 17
61 8 6
24 23 36
14 19 18
43 21 4
43 7 31
52 4 4
28 9 8
48 12 16
13 8 2
55 14 22
27 21 15
15 21 33
33 20 15
9 22 31
2 22 21
26 20 11
3 2 29
8 22 31
66 2 25
52 15 26
13 16 30
45 11 29
16 10 3
4 11 32
19 12 17
66 5 10
7 1 39
39 5 21
21 3 21
20 22 2
48 19 28
24 18 31
33 21 20
66 4 24
67 22 1
65 21 32
54 19 35
26 15 7
21 20 38
12 20 26
20 6 36
30 20 36
61 5 9
11 21 27
66 22 9
41 19 15
2 13 27
64 22 23
12 2 33
64 10 38
22 16 15
67 22 26
16 14 29
15 22 19
40 23 28
49 21 13
37 9 40
38 13 33
12 22 11
55 23 9
24 16 15
52 16 17
50 8 11
59 14 23
40 6 30
60 16 25
42 5 18
6 19 1
58 10 1
23 14 35
53 2 29
1 9 2
66 17 33
67 22 6
48 7 19
12 22 10
1 13 3
8 20 24
58 23 8
18 16 7
30 22 13
17 16 13
49 22 34
39 19 33
22 13 35
38 19 16
60 13 14
17 22 5
66 17 20
45 10 15
22 5 22
65 19 37
25 7 4
44 19 7
26 3 30
9 4 34
63 22 9
55 19 33
38 7 36
1 4 33
41 17 23
66 6 37
29 14 3
50 2 40
29 6 8
60 19 14
30 8 13
23 17 31
37 19 15
33 1 38
28 17 15
38 4 9
63 11 26
22 16 27
52 14 32
26 8 32
10 11 7
37 8 27
48 10 37
17 1 34
38 10 21
62 13 11
10 18 24
6 18 23
31 15 7
7 5 30
64 4 32
51 14 14
60 14 28
31 14 14
40 1 14
37 3 25
4 10 34
32 18 12
49 17 27
21 5 35
4 20 36
32 11 14
11 23 15
65 5 21
29 23 31
2 22 22
9 4 37
60 14 25
38 7 40
21 2 13
24 19 7
51 1 35
46 19 39
38 1 7
6 4 32
55 19 6
66 2 7
56 17 22
25 7 9
41 1 13
3 8 23
27 2 10
32 4 6
53 20 27
30 11 29
26 3 11
23 4 26
39 17 28
6 23 31
21 14 14
46 16 20
21 4 5
62 17 4
60 16 28
18 8 10
60 19 12
46 8 19
61 15 9
6 1 26
25 8 6
9 7 38
11 15 9
16 1 5
52 13 25
67 3 36
3 4 26
18 1 27
58 9 33
4 16 9
50 2 39
62 7 36
45 2 15
10 17 7
34 21 20
12 18 1
5 2 16
19 23 9
1 10 35
60 2 38
36 22 3
30 11 24
52 2 27
53 2 27
28 11 21
26 18 18
15 10 26
55 12 21
68 15 12
67 13 17
51 15 24
36 17 36
55 13 33
37 18 35
55 9 39
51 20 25
56 12 29
15 21 28
5 10 31
51 8 38
52 4 10
49 18 10
2 9 9
18 2 31
55 21 28
1 20 8
52 8 10
4 2 35
2 13 20
10 20 7
60 10 32
42 1 5
68 10 16
56 12 6
52 22 29
12 10 36
10 22 29
9 21 15
54 10 31
56 5 31
65 20 7
27 6 2
46 7 21
44 5 22
28 5 12
23 5 8
40 12 21
64 14 1
32 16 2
68 22 21
31 16 33
45 9 6
14 15 40
65 7 8
44 17 25
68 22 40
56 23 15
67 15 3
68 2 36
52 17 24
32 9 6
36 9 32
19 5 35
34 12 30
50 19 6
21 14 40
67 13 12
4 5 8
56 10 36
21 9 30
56 22 18
11 22 1
15 22 10
21 1 10
20 11 33
37 17 9
58 22 37
28 23 11
62 18 28
50 9 2
29 6 4
58 14 13
56 8 13
17 9 25
14 14 29
13 6 5
55 12 27
48 1 6
60 3 39
41 9 16
50 5 8
45 21 25
49 20 23
37 19 33
67 9 30
22 22 4
52 6 8
7 14 7
11 1 16
31 3 21
55 9 39
1 4 31
21 18 37
26 20 17
18 7 8
49 7 16
8 2 10
35 10 26
38 14 29
6 20 40
14 3 13
34 5 3
64 13 23
4 10 25
9 11 5
51 23 22
38 11 14
58 8 4
1 13 11
67 23 3
62 12 6
65 10 7
47 9 15
20 15 25
12 21 16
1 7 39
25 22 6
35 10 17
65 5 22
23 13 38
45 21 20
4 7 3
63 23 28
67 22 40
5 14 13
2 13 1
8 17 29
48 22 32
21 11 22
32 11 14
14 15 26
24 17 20
4 11 12
60 1 18
25 19 9
46 7 20
27 13 24
25 14 6
22 2 14
14 23 23
19 11 39
60 23 34
14 7 25
16 5 18
41 22 16
65 12 10
53 19 36
64 16 37
41 2 6
60 3 25
38 8 11
23 20 39
23 16 30
30 2 21
16 11 9
34 2 35
11 11 7
68 11 40
6 2 25
7 10 16
31 13 2
54 1 23
38 2 12
22 22 38
46 1 10
48 17 10
61 10 39
60 7 28
40 12 6
45 5 10
53 7 21
27 9 33
42 12 17
27 7 4
25 3 18
48 10 40
17 8 24
37 12 3
6 3 37
4 22 9
22 14 28
61 10 39
19 17 29
66 4 20
43 1 31
34 23 27
68 13 40
45 22 7
33 15 40
24 5 39
54 23 8
38 8 25
53 11 12
13 4 16
32 13 28
7 17 33
37 7 2
27 20 12
51 4 13
30 5 9
61 14 39
4 15 35
33 16 35
54 22 26
52 5 9
25 14 16
23 7 11
46 14 17
45 18 18
49 3 3
22 21 26
52 12 26
23 9 27
1 16 12
27 12 6
24 10 5
56 23 16
11 20 13
58 5 21
52 12 40
44 14 10
16 8 29
28 21 27
46 18 19
35 8 38
7 3 10
11 18 15
46 12 15
23 23 38
27 8 9
25 22 36
35 9 37
9 20 6
44 14 12
37 5 25
39 4 18
14 18 39
36 23 6
60 18 4
66 15 14
46 7 24
16 14 40
59 7 40
18 5 30
51 20 30
26 4 8
13 14 11
52 4 21
47 9 34
15 6 14
24 18 37
5 4 35
2 8 19
5 6 40
11 7 3
41 5 4
37 10 40
3 16 18
53 20 25
19 4 9
8 18 29
66 12 40
5 13 13
52 6 23
34 22 28
21 8 14
25 14 30
37 9 17
24 10 20
60 22 21
7 14 8
29 21 40
47 23 11
40 17 11
56 23 36
62 3 30
13 8 36
45 3 28
46 12 18
52 22 23
22 17 7
45 2 1
44 6 8
45 18 1
14 23 28
5 9 28
3 12 10
45 18 12
22 10 12
30 1 10
12 10 9
57 19 13
50 8 6
19 9 25
56 21 16
39 21 40
32 18 10
64 13 29
23 15 24
10 22 3
6 2 19
18 20 30
30 17 13
58 13 39
49 6 33
61 16 40
1 10 4
61 20 17
29 2 36
19 4 1
38 20 30
46 9 29
11 4 32
66 15 28
30 14 6
50 22 6
39 10 4
63 18 11
61 8 5
25 8 18
66 22 4
41 19 36
62 11 6
51 11 8
38 17 29
40 3 3
21 8 15
41 6 24
4 16 30
4 6 34
3 21 28
62 22 38
33 4 4
14 6 23
47 18 1
4 16 10
41 16 17
67 23 8
8 21 5
6 5 24
6 15 10
51 22 27
23 13 19
17 19 19
27 16 16
60 19 25
17 19 17
68 16 6
8 12 39
51 16 11
43 1 15
45 7 29
46 10 3
67 2 5
41 22 29
60 12 12
21 3 28
56 20 20
17 4 24
43 15 1
17 1 17
39 2 31
38 11 40
62 12 25
53 22 9
67 2 6
32 8 20
17 9 21
40 20 11
52 23 18
1 23 16
13 14 22
56 19 7
25 2 33
58 21 1
35 22 14
32 17 4
19 8 1
60 20 25
24 3 15
41 7 30
24 13 15
47 21 4
28 10 16
28 6 21
43 3 33
25 3 37
61 14 28
21 11 9
24 17 27
67 18 16
35 22 7
48 13 5
61 2 20
4 7 9
44 1 40
42 21 21
1 8 36
53 10 12
40 14 25
3 17 36
61 13 26
38 11 34
10 9 36
34 15 5
6 7 30
60 6 28
68 1 37
1 22 32
27 12 19
6 16 38
62 15 35
64 11 22
41 4 13
57 13 38
4 19 24
50 23 32
67 23 34
48 12 38
45 18 5
61 16 33
1 23 25
19 11 8
37 16 15
48 10 28
15 4 16
46 13 21
5 6 30
35 7 8
25 19 33
60 23 28
6 5 15
35 20 25
39 15 40
25 22 18
49 23 27
54 8 8
47 15 31
11 12 2
11 4 5
54 1 31
19 6 21
43 6 38
7 5 4
51 9 31
18 6 21
14 19 15
49 8 6
66 22 38
57 12 14
31 1 4
5 21 38
3 3 7
27 20 30
24 1 33
67 7 33
28 8 34
5 11 35
38 5 12
1 15 1
47 4 24
46 7 3
36 3 1
50 17 25
65 7 19
51 18 14
5 8 11
31 9 23
1 1 4
12 10 13
35 11 16
67 15 37
11 8 26
26 5 21
28 19 21
14 19 29
17 20 2
60 2 23
29 22 10
21 6 27
42 3 29
40 14 1
8 6 31
5 7 34
25 21 1
23 20 32
16 5 7
57 21 17
17 23 5
7 10 20
19 21 21
41 6 23
62 12 13
14 16 26
14 20 13
52 21 18
21 10 9
28 3 30
48 6 27
49 21 22
6 13 7
28 21 8
22 16 17
67 20 3
38 22 17
40 1 31
2 7 8
68 11 33
26 15 11
68 10 4
17 14 22
5 1 4
65 3 29
51 16 38
26 23 35
58 13 10
16 2 17
47 6 21
23 18 1
60 7 23
44 11 5
13 11 4
23 6 36
16 12 34
57 15 23
11 23 17
56 2 13
25 14 31
14 6 28
18 7 8
20 18 30
14 2 25
64 2 34
4 11 7
15 6 13
21 11 9
29 17 38
23 8 31
29 7 25
48 3 6
10 19 9
43 18 1
17 19 21
21 9 11
68 13 34
45 11 13
63 5 16
31 14 20
16 12 11
30 23 10
16 9 11
68 20 22
68 10 40
50 19 12
10 4 29
38 12 26
34 22 20
21 13 15
43 19 24
30 7 3
2 16 12
38 2 29
60 5 2
31 6 36
67 17 4
46 2 35
1 9 37
13 7 13
11 9 17
8 9 39
62 20 15
16 1 36
15 17 40
1 18 33
58 11 38
23 17 34
38 15 3
37 20 32
27 23 6
29 6 34
55 8 36
60 9 33
52 5 3
46 5 32
60 23 12
12 8 13
66 12 25
55 7 28
65 16 8
56 19 7
17 6 1
53 5 18
10 9 36
17 16 26
42 12 20
54 14 38
65 19 16
12 21 30
59 12 9
40 9 4
41 9 16
3 8 21
25 4 39
39 7 16
59 21 6
34 1 9
35 10 26
50 17 15
48 23 7
46 9 31
51 1 40
63 18 40
14 11 7
11 20 36
22 9 27
56 19 32
32 8 35
57 2 31
27 20 30
29 19 30
26 6 26
22 23 35
11 3 12
26 8 33
32 15 36
24 20 6
9 17 26
35 8 12
61 16 30
31 3 19
54 10 4
9 7 39
31 21 34
62 17 16
49 9 3
37 19 16
64 10 25
58 22 6
23 23 14
57 1 35
26 17 7
63 9 6
54 2 2
63 16 31
46 15 24
8 23 13
29 21 6
57 18 40
19 4 6
1 17 3
59 23 10
57 13 33
16 13 37
19 4 38
16 21 6
5 5 24
15 17 19
35 21 1
20 15 5
11 10 9
39 14 4
16 4 19
19 22 16
18 12 6
18 6 24
20 4 31
42 6 5
47 4 11
27 11 12
44 23 28
49 7 26
28 14 11
20 16 23
34 1 6
62 22 14
50 21 40
57 7 35
16 17 33
37 19 22
55 2 37
7 16 27
13 10 32
38 22 31
35 23 28
53 16 35
38 19 22
46 13 10
22 4 13
60 1 8
68 2 31
3 17 11
16 20 36
63 2 35
23 3 31
19 9 40
46 9 38
27 1 32
2 23 25
35 10 1
36 22 34
51 23 26
66 2 27
30 4 17
48 21 20
6 3 8
62 4 25
8 8 24
52 7 28
26 3 26
65 20 40
8 12 12
13 2 31
15 17 32
47 18 21
29 18 18
25 21 24
56 18 32
18 1 1
8 14 29
31 21 31
39 2 33
45 1 36
38 10 10
4 8 26
60 8 33
67 8 4
24 21 17
65 1 13
27 9 1
58 20 21
53 4 6
65 12 3
3 21 25
33 10 6
58 5 12
42 11 20
47 11 2
20 13 12
26 13 13
37 2 25
2 11 14
13 21 20
66 10 28
31 21 3
58 2 31
28 4 28
43 15 40
16 2 10
46 8 21
58 18 26
1 1 36
57 3 8
32 6 15
31 2 13
50 14 1
65 21 19
32 21 6
33 5 5
12 8 22
35 20 34
41 10 10
25 20 36
14 15 28
68 13 10
65 9 30
35 7 16
28 2 19
15 21 27
67 10 21
52 11 23
9 16 8
67 17 32
45 10 22
9 3 18
54 19 37
16 16 24
61 5 36
64 7 38
4 16 8
51 4 4
27 12 29
30 15 27
19 23 6
43 12 33
43 4 19
64 18 15
49 3 3
37 20 37
2 20 37
8 13 5
10 4 24
53 14 25
64 4 11
14 8 7
52 20 4
46 9 14
5 5 25
42 11 39
29 1 31
30 18 24
49 8 32
22 5 17
3 17 23
59 6 21
51 17 14
15 16 7
64 21 3
40 13 27
56 3 5
57 3 19
15 13 15
31 2 35
22 19 14
29 6 24
8 10 2
39 22 30
68 21 35
16 19 28
64 2 35
30 6 5
57 17 19
22 19 29
28 18 14
38 19 30
1 9 13
32 15 22
36 13 37
21 1 28
41 18 23
15 11 5
4 19 37
8 4 34
41 14 26
49 7 19
3 13 15
43 12 21
3 5 6
31 5 7
41 7 19
35 23 24
65 10 29
12 14 36
22 2 20
68 7 7
51 23 20
18 23 24
14 18 35
9 1 34
47 1 11
6 4 22
14 19 1
10 1 2
59 7 19
5 19 2
66 22 26
51 4 37
29 20 40
30 15 32
62 16 29
60 1 32
14 1 20
44 8 18
40 15 8
9 4 5
50 16 10
55 17 21
44 8 4
24 17 19
34 8 24
65 14 10
68 14 16
54 14 14
58 18 14
26 9 6
43 4 6
60 11 26
63 5 18
45 15 15
3 13 11
52 18 1
31 4 16
19 7 17
7 9 12
11 5 5
58 1 35
35 13 38
13 11 6
16 9 5
27 2 12
31 18 13
11 14 19
52 2 18
5 19 3
17 15 31
61 10 1
67 15 30
17 2 18
64 6 7
32 23 10
2 12 21
31 6 32
44 1 40
3 7 36
64 22 22
5 13 10
19 23 29
3 21 39
7 15 6
25 14 36
55 13 6
40 9 4
43 13 36
35 11 14
15 22 29
47 9 11
26 13 2
38 7 12
62 9 29
31 10 11
5 5 37
38 18 4
8 22 23
4 5 38
45 3 6
23 8 7
67 15 9
16 12 10
30 11 11
15 16 8
54 7 29
68 5 32
8 21 15
1 14 32
26 6 21
6 16 33
43 18 27
6 16 32
26 21 7
65 23 16
26 2 6
14 16 21
3 23 35
9 23 26
27 7 17
37 22 2
54 23 38
28 17 35
47 23 33
25 12 27
52 13 31
9 5 20
60 17 25
1 1 29
52 8 25
60 14 25
57 17 25
43 23 19
2 18 28
15 11 12
40 21 15
49 8 7
20 20 15
44 8 7
14 19 17
53 3 14
11 1 14
3 13 14
9 10 21
34 17 10
32 10 33
23 9 16
26 23 28
4 11 31
43 17 31
29 22 6
23 4 1
63 5 10
39 10 34
15 3 16
65 1 1
6 14 1
12 13 31
49 23 30
35 20 38
52 15 34
5 18 1
45 21 24
36 16 35
2 11 19
54 6 20
6 21 30
66 1 38
24 14 35
63 19 23
1 21 6
9 13 4
52 2 33
44 22 27
43 14 18
8 7 40
38 11 27
27 2 29
7 5 29
21 2 7
65 15 35
63 18 5
5 20 13
47 21 29
23 11 15
6 19 1
68 7 32
1 14 18
66 16 24
41 7 40
22 17 11
1 4 35
13 9 22
4 19 38
40 1 34
45 14 3
4 21 18
6 6 6
13 3 9
12 16 25
53 1 25
14 8 32
30 2 13
11 21 29
35 5 16
1 9 28
68 8 32
51 3 38
51 6 13
8 1 39
50 21 11
55 13 29
38 19 7
42 13 11
9 23 13
20 4 36
29 12 3
33 21 31
17 19 39
13 22 34
67 3 10
46 2 35
25 18 20
49 20 29
61 23 33
17 19 18
57 6 34
53 7 6
10 15 5
46 18 22
52 9 12
34 12 15
44 5 5
26 16 14
54 14 27
37 22 10
42 21 28
61 22 20
37 5 36
64 18 18
57 4 3
5 4 2
3 14 31
61 8 27
47 7 22
28 5 33
68 16 40
26 13 33
61 10 22
28 10 40
64 2 25
58 23 39
32 19 36
24 2 30
30 12 13
51 5 19
58 2 4
5 12 9
29 13 10
19 20 10
13 17 4
62 11 18
63 22 35
62 11 15
52 14 6
35 3 27
33 18 13
18 18 24
21 8 11
47 19 31
64 1 20
61 20 11
4 23 6
43 17 28
22 19 23
28 7 9
4 1 15
54 5 9
38 12 9
51 4 33
51 4 22
8 7 27
51 11 3
24 18 1
55 12 23
25 21 3
43 14 28
41 19 14
47 11 8
41 11 10
35 9 38
54 7 28
31 6 37
47 2 37
62 21 30
23 4 6
32 2 16
44 6 22
52 21 28
2 19 1
29 6 32
9 12 11
32 11 1
62 9 24
39 14 7
1 3 33
49 8 35
35 7 22
15 18 16
12 3 21
38 6 27
4 5 23
54 10 14
56 21 8
28 19 27
6 4 38
40 16 14
57 14 26
57 17 5
7 17 27
17 14 14
29 7 5
59 21 12
67 8 2
43 10 6
51 11 17
42 17 15
7 23 4
18 6 31
22 10 1
17 19 32
39 22 32
39 20 5
65 2 1
40 3 28
28 12 37
10 16 16
19 21 28
52 9 5
38 18 40
58 9 4
14 16 13
14 14 24
33 2 22
32 2 4
23 17 15
24 3 40
66 1 23
54 8 31
14 16 9
35 18 36
42 4 40
31 7 28
61 11 9
35 23 28
27 13 22
16 6 32
4 22 33
20 13 38
46 21 39
50 18 33
26 12 4
49 17 32
9 11 6
39 16 35
3 5 6
51 10 16
16 22 15
8 12 10
43 3 19
19 22 25
7 5 23
15 14 7
24 7 2
5 11 6
36 14 31
52 8 15
67 7 11
48 14 32
68 6 14
31 13 16
22 14 12
42 22 8
25 23 14
28 21 35
33 3 18
56 22 14
48 14 26
14 6 1
37 13 32
41 6 26
45 3 36
43 17 15
57 22 1
10 8 37
14 14 18
6 5 3
44 16 33
31 2 9
13 3 3
45 7 39
68 20 40
30 11 16
22 9 26
62 23 16
52 8 24
14 8 30
11 9 39
41 15 39
42 5 26
25 17 31
14 12 35
28 13 31
65 8 10
54 4 25
13 7 36
44 9 32
38 8 38
42 4 7
13 21 38
53 11 37
6 19 20
58 8 10
65 9 20
26 13 19
18 18 28
65 3 19
40 23 24
41 7 7
61 11 18
39 18 38
59 2 37
8 5 32
60 1 24
8 21 17
34 4 4
58 1 25
22 6 34
36 3 28
11 13 32
18 13 1
6 9 19
30 22 35
49 16 16
21 18 13
22 10 22
52 23 35
27 20 31
56 23 38
14 13 16
50 6 11
25 6 12
43 21 35
47 18 18
33 7 35
23 1 10
41 6 25
13 8 13
42 23 7
42 16 34
39 2 10
42 8 1
63 1 39
42 2 21
57 9 1
22 13 19
35 13 38
58 10 14
34 12 40
3 11 37
31 18 8
48 22 10
14 22 11
54 1 25
63 3 30
13 5 21
68 16 34
6 19 20
9 15 35
67 16 4
30 21 26
35 5 6
46 6 8
66 1 8
9 22 31
67 2 23
58 3 5
8 1 8
6 10 10
59 23 12
25 1 29
47 6 21
56 5 21
21 10 40
4 4 20
61 3 17
4 13 25
19 6 6
65 19 7
48 5 2
25 8 25
40 19 11
53 21 20
15 23 23
5 9 26
42 2 3
38 14 17
32 2 17
1 1 6
30 15 35
14 23 33
1 18 17
68 6 30
64 13 40
44 4 40
11 15 12
7 2 31
62 14 31
13 7 9
11 6 34
60 4 10
20 22 17
18 18 29
1 1 17
19 22 39
33 15 3
25 19 27
55 3 23
9 10 40
10 23 5
3 11 4
45 4 27
50 6 8
11 23 11
52 15 13
37 10 13
65 1 5
65 14 3
3 13 11
26 12 2
24 9 29
38 12 5
18 7 34
20 23 11
22 10 17
3 3 39
48 16 1
65 17 18
37 4 9
47 22 14
63 13 29
5 5 10
52 13 4
30 14 13
33 8 25
44 22 3
59 23 18
9 8 20
24 12 18
59 12 40
65 17 38
40 23 38
66 22 31
23 7 27
45 5 8
40 13 39
39 23 19
15 22 18
62 10 28
15 1 30
30 6 9
66 14 29
43 17 38
15 15 27
63 20 25
21 18 38
6 14 14
25 20 17
21 8 9
65 8 27
59 13 31
6 14 2
6 9 10
48 18 19
52 1 38
48 4 40
59 2 7
47 8 20
44 6 30
37 14 20
15 14 12
3 11 32
49 4 36
41 4 16
6 6 22
2 21 21
13 14 2
43 21 3
59 4 34
6 4 2
51 15 31
21 21 33
53 21 7
58 8 38
19 15 21
48 20 17
64 1 17
25 3 27
48 11 5
44 22 16
67 18 32
15 17 24
12 16 29
52 21 6
12 14 22
63 8 9
14 14 4
52 2 39
44 12 38
61 21 7
21 20 10
20 4 37
48 7 14
5 15 15
57 4 19
52 3 38
58 8 32
61 15 16
61 2 28
41 14 10
46 4 25
16 20 38
1 20 28
39 11 31
2 12 33
54 21 17
10 7 33
67 4 28
2 11 15
1 21 36
28 4 34
17 17 11
21 1 34
39 22 5
59 20 35
9 19 32
5 1 30
35 4 33
48 7 26
31 8 10
38 6 5
22 9 6
55 17 17
39 7 10
8 23 31
1 21 37
11 23 8
61 5 22
53 23 34
18 5 33
36 8 18
12 23 23
37 23 22
67 9 34
20 1 24
64 2 40
15 6 19
48 3 16
16 2 1
5 3 6
11 14 34
51 7 36
37 17 39
57 18 22
10 16 15
66 3 7
40 6 11
13 7 30
22 17 39
30 21 7
45 3 20
6 10 31
3 12 29
31 21 21
18 1 1
44 6 29
42 2 16
68 21 1
29 4 21
51 15 23
63 10 1
10 16 29
6 9 35
36 1 14
62 12 32
21 11 24
48 19 16
14 9 19
60 16 12
45 5 9
60 10 39
47 23 11
61 9 13
58 20 25
11 8 18
22 11 40
7 13 27
16 10 36
18 7 15
55 12 4
44 2 5
23 14 15
61 5 20
60 2 7
58 14 30
24 2 3
15 23 8
47 12 36
61 14 22
20 22 28
66 3 1
11 8 2
27 17 5
10 20 22
2 23 8
42 9 5
50 2 31
31 3 27
48 18 10
52 2 18
46 19 33
26 20 5
61 11 28
15 17 34
11 7 11
44 6 31
59 9 8
2 12 1
17 4 28
66 4 2
31 4 23
14 22 23
48 13 35
17 15 10
32 22 36
55 19 26
54 17 36
19 23 10
65 3 38
53 20 11
59 12 7
39 3 28
47 3 1
22 9 4
16 23 1
31 2 39
49 4 34
53 15 36
24 4 11
50 23 37
3 18 37
24 12 23
22 15 26
54 10 14
16 15 36
52 11 32
13 14 17
57 14 4
60 6 24
8 23 9
9 6 38
55 23 22
4 12 29
41 20 35
4 10 3
40 3 10
62 14 1
33 1 4
53 5 14
23 14 15
19 13 35
14 4 9
54 2 9
36 19 29
16 6 10
21 7 31
34 6 24
15 23 17
16 6 5
43 2 26
43 9 1
48 14 29
7 18 32
19 5 4
50 19 11
68 11 13
50 22 32
44 2 10
42 20 12
16 3 5
27 14 17
22 12 12
62 11 19
55 13 15
4 15 5
15 20 9
31 18 7
23 13 26
38 7 9
32 5 21
7 16 33
41 10 38
23 13 6
63 19 10
42 7 7
39 7 19
31 21 32
65 9 38
42 1 34
8 23 9
20 1 16
6 9 4
22 10 10
30 7 6
24 17 31
52 17 20
32 16 21
21 8 14
14 14 14
65 3 37
2 13 36
44 21 32
9 1 40
56 14 3
64 10 3
12 7 30
48 17 29
34 5 15
24 22 7
40 12 37
17 21 5
51 10 31
66 18 40
18 8 19
61 10 31
29 2 14
32 21 40
64 14 11
10 12 21
58 1 22
68 20 10
10 6 33
36 4 8
49 17 32
49 19 25
14 1 19
12 19 29
34 17 9
23 7 31
49 12 15
46 7 17
38 23 24
40 7 29
3 20 30
12 15 21
30 7 40
26 1 33
18 11 17
61 7 15
38 15 26
39 22 21
17 23 18
10 11 38
35 23 18
21 21 39
17 19 13
45 17 39
48 1 33
38 15 12
63 18 21
66 6 18
46 17 2
58 11 20
48 22 6
64 20 37
24 2 10
36 8 21
19 19 2
59 18 39
41 14 30
24 7 33
34 13 38
1 4 21
11 6 1
2 19 38
66 22 19
4 6 30
7 6 22
17 1 39
43 12 13
49 3 25
61 1 16
32 8 21
68 12 12
65 15 12
4 14 39
51 10 7
62 4 37
4 8 39
39 10 5
10 6 21
35 7 4
45 5 20
50 3 11
20 10 12
67 17 24
48 16 22
62 22 21
66 3 11
6 21 12
59 19 4
47 13 34
60 23 30
5 17 30
43 11 25
51 9 38
53 17 39
17 21 4
8 10 34
34 19 11
41 15 31
46 15 17
24 6 25
27 3 23
68 8 33
38 20 20
18 19 2
11 11 4
67 21 16
3 7 8
6 11 38
7 4 7
65 11 26
6 13 40
36 22 24
57 2 10
48 4 23
31 6 32
4 20 25
35 23 38
12 16 2
32 18 36
21 7 4
17 3 7
3 3 8
13 16 36
45 3 8
18 13 18
31 2 7
58 22 3
1 5 20
67 11 31
3 16 37
11 13 35
13 5 8
31 8 28
24 1 10
8 21 14
15 19 25
30 18 24
15 16 10
12 11 11
35 2 11
36 11 24
44 17 7
34 1 16
5 21 32
16 12 21
20 23 35
47 7 39
42 17 25
51 6 7
56 13 25
29 22 19
55 4 25
20 16 2
24 4 30
21 15 36
8 19 24
30 20 22
35 9 32
6 18 12
42 18 12
58 11 6
27 20 37
18 12 14
13 15 15
37 2 35
46 21 34
7 15 5
26 10 11
16 11 3
2 20 20
5 12 12
20 9 39
12 4 28
50 4 40
24 4 32
3 8 35
4 2 22
68 15 38
35 18 18
55 5 19
25 9 18
68 18 24
57 6 9
31 7 21
12 6 17
46 16 27
10 9 30
38 6 27
2 15 39
16 21 13
1 17 21
5 8 17
45 18 19
47 7 40
53 20 30
32 1 35
58 5 12
4 19 6
12 13 40
63 1 38
33 8 8
23 4 6
31 5 33
17 21 17
53 2 8
38 8 38
41 23 22
40 17 4
51 4 24
37 19 27
19 9 12
47 20 11
1 7 3
23 22 34
44 8 40
6 3 30
51 20 13
25 8 38
49 1 3
56 11 25
9 5 10
59 3 34
9 15 34
10 17 16
67 7 34
30 6 1
34 6 36
13 20 8
21 17 33
51 21 32
28 9 6
68 6 3
2 1 6
53 11 16
6 19 2
1 6 15
67 21 20
44 9 14
17 17 20
47 15 6
67 7 21
54 2 8
28 5 20
57 1 17
28 1 6
29 8 9
13 8 25
54 19 13
51 12 10
44 8 14
22 13 33
8 19 40
60 16 2
7 13 34
16 9 25
51 11 15
23 7 11
1 3 30
65 18 34
47 17 28
51 16 34
53 22 11
54 16 4
23 3 35
9 18 9
6 9 40
65 1 25
11 19 5
11 6 6
18 7 34
30 15 40
63 22 15
45 12 5
24 2 15
20 11 1
43 7 34
43 17 27
23 8 15
56 18 15
49 3 30
24 4 40
20 8 37
2 21 2
18 16 9
26 4 28
51 14 9
45 21 20
58 22 15
22 21 8
31 22 20
26 19 6
54 1 40
25 8 20
39 21 39
67 2 22
15 11 30
10 22 32
5 22 31
58 4 20
47 3 40
28 18 22
18 18 25
54 6 6
28 5 17
15 9 23
27 21 13
20 2 14
51 2 20
49 1 29
42 5 40
49 1 30
3 6 20
8 11 31
39 2 33
18 6 38
21 21 1
55 2 5
47 21 17
44 15 34
33 4 1
7 9 40
26 13 28
59 13 19
30 17 26
34 21 39
3 17 21
17 15 4
38 8 39
39 2 17
33 19 22
4 9 7
44 22 5
56 19 34
6 19 24
58 17 5
65 4 34
13 23 9
56 18 16
7 18 13
60 13 10
35 15 1
25 22 11
3 12 20
20 4 35
3 17 17
23 23 2
48 11 7
20 3 13
53 20 32
3 20 3
1 21 8
9 2 13
5 20 35
17 17 6
58 6 23
40 6 1
37 19 7
55 13 12
49 9 20
24 22 24
20 6 14
27 15 8
29 11 4
4 1 13
1 5 8
9 4 8
65 14 3
39 22 7
3 3 19
35 19 12
21 22 3
52 21 32
51 5 26
42 11 20
17 13 39
55 17 1
1 12 38
35 7 36
30 22 15
21 14 17
9 19 5
43 7 25
8 19 9
19 3 34
52 5 40
55 20 3
54 9 9
19 2 21
9 2 25
48 16 10
56 6 40
18 16 30
4 8 5
47 13 38
41 14 14
10 21 15
64 2 6
22 3 6
15 12 40
14 17 5
14 22 40
1 12 17
16 14 10
23 14 2
26 8 4
64 1 1
51 9 20
37 23 14
23 3 17
44 23 8
21 12 2
53 6 10
45 10 40
44 10 12
64 6 31
18 23 7
4 8 32
57 14 29
8 12 31
68 22 37
47 6 22
38 12 38
9 2 2
37 11 38
14 23 19
61 3 40
39 13 24
47 23 20
58 8 16
59 22 23
60 12 35
40 14 7
26 16 16
21 16 26
67 9 19
21 5 25
13 20 18
25 22 18
46 8 14
8 10 38
44 9 34
65 17 6
40 15 23
3 14 39
29 10 26
42 7 18
40 2 6
21 13 14
44 8 25
5 3 9
30 15 27
24 21 4
6 23 14
9 2 34
12 22 6
14 7 35
50 10 25
11 7 11
24 23 9
54 1 2
43 4 28
27 23 14
56 13 12
37 21 11
8 20 30
66 12 1
53 8 10
59 6 25
41 14 1
35 14 40
5 5 23
67 16 21
4 23 25
26 20 11
56 4 19
9 16 34
2 16 28
39 22 39
61 19 35
63 6 37
42 15 21
34 22 17
67 18 16
57 5 37
40 16 6
29 6 37
55 20 1
22 2 11
30 18 19
38 20 25
5 5 33
46 14 20
21 16 5
15 9 32
23 22 3
27 5 33
40 8 25
33 5 4
35 5 31
42 6 27
55 3 1
61 9 12
15 3 18
5 18 18
34 15 39
2 5 22
2 17 3
56 8 16
23 3 18
35 13 1
28 7 11
31 10 40
35 9 17
51 1 15
21 18 18
1 15 13
8 12 30
13 21 13
44 14 3
55 18 6
35 11 21
44 22 2
14 21 35
67 22 27
56 22 15
64 21 18
14 7 8
48 10 40
46 4 15
59 7 7
43 15 11
62 11 8
5 16 23
43 10 6
14 10 34
31 21 40
21 19 32
57 14 36
1 4 9
64 13 25
24 16 21
5 2 2
32 19 33
61 8 26
26 1 19
62 1 25
14 9 36
60 4 35
46 12 28
43 17 25
50 15 38
13 13 11
16 5 23
16 1 15
5 8 25
8 5 8
2 11 26
14 3 10
65 19 4
13 7 5
20 3 22
31 21 4
9 8 20
19 3 40
23 19 2
21 23 34
57 1 6
28 3 1
12 11 28
32 17 39
4 8 14
62 10 27
26 21 25
32 17 2
46 8 11
67 20 20
23 11 24
27 19 7
67 13 36
28 11 11
6 4 30
30 18 38
43 19 18
57 13 29
63 14 3
27 18 38
42 20 12
65 16 10
2 9 20
57 17 34
32 15 3
64 18 24
59 21 28
5 12 39
63 10 18
10 19 39
3 15 19
3 17 21
47 16 8
48 1 26
15 8 8
34 14 37
54 1 36
37 18 30
30 7 27
47 9 39
41 23 16
38 1 25
11 23 15
16 4 15
57 1 20
34 8 16
66 2 17
6 14 22
39 13 29
18 14 39
21 17 15
53 14 37
29 4 24
53 9 19
43 11 1
10 4 7
47 10 1
62 7 31
17 7 11
22 19 19
29 5 15
59 4 7
17 21 14
66 12 33
36 19 22
7 17 19
22 4 18
54 21 34
19 8 26
7 22 2
60 15 3
66 6 21
42 1 30
5 10 29
15 22 9
36 23 9
38 3 39
3 14 13
61 21 39
14 15 29
64 23 28
61 6 1
61 9 21
10 1 15
65 15 10
29 2 12
15 4 13
28 13 18
49 10 18
39 12 9
47 22 36
16 21 5
23 1 1
65 16 5
64 22 27
51 4 35
57 11 3
6 21 31
56 6 36
13 16 2
35 22 32
42 12 11
20 18 13
28 3 7
6 15 30
35 21 16
51 3 24
13 8 39
37 19 37
18 23 35
61 12 17
34 16 30
4 1 26
57 6 34
55 23 4
9 19 40
4 3 1
49 4 11
46 14 9
55 16 7
5 10 22
61 23 12
13 23 33
5 13 40
51 13 4
37 5 13
43 2 5
37 22 17
48 15 28
64 9 4
23 13 11
26 6 32
62 8 33
26 20 3
47 3 33
67 6 11
57 10 3
29 15 37
11 22 30
58 5 30
61 3 5
27 14 7
14 12 3
42 18 8
7 11 5
6 23 3
47 12 17
20 19 37
52 10 38
10 5 38
49 10 9
28 14 21
18 7 33
40 13 32
2 3 27
30 2 23
31 4 5
10 19 2
15 4 29
8 14 11
67 13 17
68 19 5
61 15 4
8 14 15
24 2 32
55 8 3
61 9 38
47 5 29
53 17 7
17 10 37
55 11 18
11 2 28
67 10 11
32 8 26
10 23 40
32 2 20
24 22 5
64 6 35
2 15 40
27 10 34
18 23 27
53 11 30
28 7 26
34 22 38
39 18 28
32 14 4
44 21 19
42 23 38
34 16 11
42 1 14
3 10 17
10 10 39
36 13 25
10 14 27
22 1 39
38 15 6
12 22 5
31 7 32
11 8 14
1 7 22
54 15 8
60 2 30
63 23 8
15 4 6
3 15 4
35 19 2
27 8 2
51 11 31
48 11 20
40 14 13
43 9 2
64 2 8
12 17 6
33 16 5
65 4 6
12 2 4
5 23 21
17 16 10
38 8 32
13 9 5
5 6 29
31 8 15
17 13 9
65 20 28
62 21 20
42 2 2
56 20 24
67 3 5
44 12 4
20 18 5
8 1 24
40 20 39
67 22 40
40 9 25
49 9 20
20 11 10
11 23 35
55 3 2
31 14 38
40 19 35
24 16 23
2 8 26
24 17 26
65 6 38
6 4 24
19 9 10
47 8 15
9 1 33
66 1 31
33 10 24
55 15 10
60 3 30
33 13 5
13 15 35
23 23 15
23 1 20
14 6 38
66 23 26
60 16 23
47 10 23
40 17 7
22 22 33
61 4 36
13 6 25
3 6 22
67 22 16
62 12 23
56 11 25
35 12 33
41 14 29
23 19 26
48 1 24
54 6 3
15 7 40
6 16 26
1 7 8
18 17 30
5 22 21
25 2 38
50 22 26
5 4 20
48 16 21
31 10 11
43 16 40
39 8 14
13 9 1
6 14 38
45 17 26
10 19 23
27 5 26
27 18 38
7 20 2
16 7 6
24 12 16
36 17 12
59 14 1
59 19 17
29 10 18
24 21 3
40 18 18
49 11 7
62 18 22
37 18 1
35 20 15
4 6 11
32 14 17
3 11 13
37 2 21
46 13 6
37 12 24
50 7 24
23 16 12
46 11 4
66 22 14
26 16 3
65 22 25
17 21 18
45 14 17
36 8 24
22 16 14
29 9 38
16 14 8
68 5 24
19 3 25
25 10 29
68 9 13
43 23 36
28 6 16
41 2 32
40 5 27
67 13 11
16 7 29
45 7 7
43 18 22
19 23 27
49 11 37
12 7 15
6 17 1
14 1 35
23 8 2
21 4 35
24 15 29
16 19 27
57 18 26
35 18 8
36 20 29
25 16 33
37 8 18
20 5 39
57 9 15
26 13 19
18 19 28
23 1 2
49 8 27
49 15 1
31 23 10
52 19 16
2 17 5
17 10 19
4 1 19
47 19 15
17 1 1
68 10 15
66 9 30
22 14 20
64 19 30
60 21 6
4 18 18
61 9 7
16 21 14
8 17 15
24 15 9
40 17 22
36 11 1
5 6 34
36 8 30
7 20 38
51 7 40
27 14 8
8 6 40
32 3 16
31 11 19
41 4 22
66 1 30
43 13 9
1 6 12
56 6 19
3 8 19
51 22 19
63 7 11
5 8 10
26 9 39
24 11 31
30 2 3
21 8 9
37 11 39
3 9 35
61 23 30
43 7 13
17 11 32
50 8 39
8 11 6
55 10 1
51 10 21
15 10 19
13 1 14
34 20 40
7 15 9
18 21 17
25 8 6
13 11 4
33 19 13
55 14 36
38 6 13
14 5 8
35 5 3
39 18 2
32 15 35
67 14 6
53 6 20
9 13 12
45 15 31
53 8 4
38 18 35
15 12 10
50 5 32
12 7 1
29 16 36
67 21 38
17 5 26
40 1 37
21 19 6
7 11 30
26 23 14
9 14 19
10 8 24
10 2 1
28 21 11
22 4 18
3 16 37
64 23 16
63 15 22
5 19 24
65 13 11
15 15 14
31 22 24
26 20 34
66 4 15
25 10 28
10 1 36
39 5 32
5 13 12
21 10 39
50 3 18
50 8 28
50 14 11
19 10 12
56 10 36
13 18 21
26 3 19
51 3 15
44 19 10
61 23 22
2 4 28
57 10 20
49 5 5
13 23 21
12 19 25
58 21 15
32 4 6
46 1 17
7 1 27
15 4 8
33 6 19
65 19 7
58 19 30
20 2 23
63 22 13
58 8 1
2 9 14
49 23 16
40 12 34
24 4 22
49 14 4
47 10 40
35 14 8
60 16 8
52 2 15
2 13 38
25 15 40
29 11 12
5 20 20
28 23 9
61 17 20
14 8 30
49 12 29
67 1 36
53 6 17
8 3 3
20 1 32
56 19 17
12 6 32
3 20 31
14 20 22
42 11 2
40 8 14
47 8 10
32 20 16
27 20 33
51 11 19
26 7 24
59 12 40
46 21 12
58 7 34
22 19 32
55 1 3
22 13 17
50 23 23
56 11 4
8 13 25
62 13 39
4 19 15
63 3 19
8 16 19
47 18 24
44 11 2
29 20 16
16 2 40
45 23 11
21 8 26
3 12 7
52 18 10
24 16 39
46 11 2
40 2 32
31 11 4
43 11 20
30 9 30
42 21 32
2 21 22
64 8 18
28 15 26
50 8 15
21 6 37
52 4 17
52 3 14
56 1 28
58 6 12
50 16 8
23 12 29
24 6 7
8 22 14
63 19 22
67 2 32
19 21 20
16 17 23
26 12 20
17 4 7
44 18 14
13 15 8
26 8 28
39 14 25
24 18 25
65 1 4
36 3 7
15 15 32
40 3 26
31 19 1
35 20 1
25 12 8
24 1 18
11 13 13
68 5 4
7 10 5
43 1 31
12 17 3
24 1 38
27 10 10
62 12 23
16 14 40
9 7 24
36 11 14
1 23 37
20 12 13
42 6 3
12 6 27
45 15 8
57 15 39
3 20 36
56 20 2
24 16 14
35 17 29
33 4 15
65 2 26
14 3 19
61 9 31
33 2 8
34 20 9
21 5 22
60 12 40
26 9 8
38 5 23
62 19 27
28 11 1
11 6 31
68 6 10
14 19 33
62 17 27
15 18 32
62 11 8
68 11 27
57 9 37
50 7 5
1 6 9
67 1 4
14 20 38
13 11 9
31 16 17
65 11 10
40 15 10
1 6 7
45 21 40
62 16 4
11 3 35
62 21 12
60 3 6
16 2 2
4 21 22
65 6 5
64 15 10
64 17 28
24 16 35
27 21 29
68 5 20
64 13 10
10 6 32
36 11 15
44 11 34
35 8 21
34 12 13
28 6 13
37 19 10
50 8 16
66 12 8
30 9 23
44 14 25
21 16 18
17 3 12
65 19 15
34 5 4
15 23 30
35 8 13
36 2 30
55 1 13
22 22 27
9 18 1
8 12 9
65 21 7
39 15 2
25 7 21
67 7 10
30 6 11
65 18 2
25 15 35
29 22 39
44 12 6
19 2 39
39 11 19
6 18 19
55 11 3
28 4 9
34 16 22
25 2 17
59 23 21
3 2 17
33 2 3
49 14 10
7 23 11
18 17 1
62 12 30
66 3 4
13 10 10
22 6 39
12 6 11
14 7 35
65 2 2
4 8 9
48 17 6
25 7 30
23 7 20
7 5 40
35 5 22
67 14 14
20 8 5
39 19 25
53 7 16
49 9 27
64 20 10
57 16 29
12 11 32
18 12 13
27 19 16
43 11 22
39 10 13
20 12 29
20 11 16
41 8 11
19 9 13
49 1 25
5 10 16
65 9 7
15 4 25
1 9 1
13 3 4
63 3 25
8 22 32
51 8 33
35 12 8
30 9 31
68 15 31
11 10 29
28 22 26
63 10 36
31 17 23
64 21 21
24 18 11
39 19 37
14 1 31
5 4 37
33 10 13
40 4 23
18 10 30
52 9 1
47 12 39
8 6 8
65 20 5
47 8 8
61 19 30
27 5 6
57 2 22
46 19 5
30 11 6
22 10 18
28 20 11
45 20 40
53 6 34
45 6 4
40 9 24
60 2 7
4 22 5
65 13 14
44 2 35
1 10 36
45 10 21
8 14 9
15 10 15
66 18 40
31 18 14
19 11 24
66 23 14
68 12 14
67 13 9
60 2 14
57 20 8
45 16 5
60 20 2
44 11 17
29 18 2
22 4 36
26 5 23
41 3 1
17 19 2
34 9 5
62 7 1
13 13 6
59 14 7
52 7 14
62 16 16
35 14 3
41 6 9
38 2 22
56 18 10
5 13 19
58 12 10
27 2 34
57 4 36
51 21 36
65 5 7
5 16 16
7 5 34
61 16 20
6 8 37
25 14 26
34 2 33
3 6 14
43 3 34
43 19 10
53 4 37
40 20 16
29 13 10
12 21 38
24 2 30
49 18 30
19 16 24
52 23 13
52 8 39
52 2 22
23 20 23
10 10 20
39 16 5
38 23 18
1 21 2
28 10 16
45 8 35
11 7 27
42 8 3
67 12 5
23 21 21
6 12 37
13 20 35
7 18 7
26 6 1
68 10 27
43 18 15
8 20 6
57 11 3
9 18 13
38 13 14
46 20 8
52 4 31
7 14 39
28 10 24
66 9 36
61 1 5
62 15 32
58 12 31
49 9 12
63 1 9
11 20 11
24 8 6
29 21 29
24 6 4
60 7 14
9 8 22
30 4 8
5 6 19
47 12 18
17 1 26
10 14 25
54 22 9
8 3 37
25 11 15
7 17 7
10 7 11
21 16 1
17 14 15
25 23 38
21 17 8
3 16 26
14 11 26
53 11 6
7 4 3
25 10 33
34 16 25
44 9 8
17 6 36
46 13 38
43 15 15
54 22 10
18 15 33
30 8 26
61 5 38
18 4 19
19 23 15
50 4 24
22 13 34
64 18 27
46 20 37
52 7 15
11 2 22
42 7 11
6 12 15
19 15 4
45 8 1
51 22 29
27 19 18
48 15 37
2 18 28
47 7 2
46 2 13
52 18 37
51 12 28
8 7 6
25 1 6
19 1 23
23 15 28
18 21 39
61 13 1
46 14 14
2 20 5
8 20 5
10 15 7
47 22 30
26 23 30
51 20 16
59 2 29
1 1 7
5 19 17
51 2 24
49 2 15
49 7 21
53 7 30
38 23 37
27 5 22
33 7 15
64 4 26
9 17 29
4 1 26
39 11 5
34 4 19
41 21 31
23 5 1
67 14 23
1 10 12
21 6 34
14 17 34
14 13 13
15 9 15
9 12 3
56 13 9
57 3 34
17 19 26
33 15 36
15 1 33
28 20 14
58 10 17
4 7 8
36 12 17
61 3 8
11 19 9
45 3 21
67 8 37
15 14 1
59 6 14
51 23 20
42 21 22
22 16 33
10 5 20
54 5 5
53 8 8
15 18 2
3 8 31
29 11 23
56 14 22
59 18 35
59 21 13
68 3 20
22 19 28
6 10 20
36 23 9
6 7 12
68 5 35
54 5 17
55 1 25
34 19 5
33 7 26
15 17 13
25 19 29
28 5 13
5 17 17
53 2 40
10 7 33
10 21 40
62 2 1
25 13 1
1 12 14
2 11 15
67 20 19
40 12 16
50 22 23
64 21 23
15 4 35
52 20 3
24 9 22
20 2 38
29 5 37
9 13 10
50 18 39
47 18 11
49 15 1
55 14 30
17 1 26
13 13 2
13 6 18
31 5 6
6 5 13
59 1 32
39 3 7
46 1 5
50 10 14
12 20 4
38 5 28
36 11 16
6 15 1
19 7 36
62 3 27
15 4 32
27 23 23
7 11 2
3 21 11
68 1 29
38 23 11
67 2 13
26 3 12
5 21 19
23 21 29
31 12 25
17 8 19
23 14 26
37 7 22
56 2 25
11 4 29
54 13 12
65 3 40
35 4 38
64 15 1
58 14 3
25 15 10
9 6 12
21 19 6
37 6 27
31 12 40
23 7 2
28 12 36
55 20 16
34 7 24
63 14 39
3 10 8
33 6 5
51 1 4
31 9 3
47 3 15
16 7 15
55 2 8
23 2 22
24 8 31
4 9 6
9 14 19
53 11 3
24 17 27
31 1 13
50 23 13
6 12 7
64 18 34
54 7 16
60 23 8
20 2 39
59 2 5
23 7 24
58 18 4
37 7 33
35 19 14
5 15 18
60 16 3
11 21 21
47 15 11
57 18 40
42 12 13
17 20 36
58 9 6
34 12 36
44 6 30
42 9 6
42 16 25
9 5 8
22 11 10
22 19 24
14 3 7
19 1 36
28 15 1
43 9 10
16 23 1
45 20 33
45 8 24
1 18 22
58 11 27
68 18 5
21 14 7
15 23 26
13 3 29
61 15 39
11 13 40
8 12 35
2 4 33
51 2 31
47 1 8
6 2 21
50 13 27
20 10 14
55 8 8
22 22 7
31 19 18
28 3 5
67 2 36
44 9 23
67 20 20
14 3 3
13 11 35
36 20 31
11 15 10
42 16 38
1 19 12
55 6 18
36 6 15
30 6 8
11 2 9
51 18 33
31 9 3
27 8 14
15 13 1
7 8 27
30 9 26
51 8 7
68 4 38
9 20 2
5 19 4
8 7 13
36 18 18
60 11 30
67 18 3
34 2 2
24 23 39
12 8 28
62 14 30
48 5 37
53 23 22
56 3 34
18 10 22
27 13 32
29 7 32
20 10 12
1 6 38
22 18 20
46 9 6
64 20 24
65 1 16
57 15 18
28 14 5
13 18 32
33 6 38
25 18 3
8 19 39
49 11 25
39 20 4
19 6 33
1 23 22
45 4 8
48 13 32
68 2 6
2 15 13
7 2 39
67 11 3
58 3 28
24 10 1
60 16 9
60 16 7
56 6 39
6 16 23
45 12 26
27 1 4
3 4 7
6 7 28
31 18 16
57 16 13
24 11 33
11 17 29
65 3 30
35 7 17
2 11 14
4 11 11
19 21 38
48 11 5
32 2 32
15 14 38
60 3 40
7 16 19
8 8 24
65 17 35
36 14 23
50 17 23
58 4 20
62 8 20
51 20 25
56 20 34
37 9 38
2 21 9
9 5 14
30 18 8
15 14 6
23 18 13
8 3 34
12 8 4
12 21 23
36 1 16
23 20 33
60 18 15
58 21 14
38 14 2
58 16 28
1 22 11
10 20 14
33 11 32
38 16 10
54 6 10
39 2 20
54 17 8
56 8 21
54 5 16
36 7 26
10 1 32
30 8 22
45 19 4
29 21 14
34 9 12
10 12 27
45 12 12
28 6 15
9 5 12
56 15 22
13 20 31
37 18 16
56 9 18
7 5 5
64 20 19
63 15 20
62 2 6
6 5 20
52 6 11
62 18 6
57 10 35
58 2 1
45 11 28
22 18 33
32 17 16
3 6 21
43 1 8
13 20 16
54 18 7
54 2 24
18 23 4
2 20 22
6 3 15
22 17 13
2 13 18
46 13 33
26 22 37
13 13 24
37 5 15
15 12 39
46 20 12
4 3 26
45 18 31
3 7 35
27 13 32
12 17 15
28 6 15
27 22 20
4 18 9
7 1 17
59 18 37
42 21 28
44 1 33
39 13 11
8 17 30
2 2 21
2 1 38
15 6 38
52 2 21
3 15 17
51 21 33
62 18 8
8 7 38
15 21 7
26 18 20
68 12 1
1 22 30
61 14 7
20 6 21
43 11 36
36 21 27
67 10 30
64 15 17
23 18 11
59 17 26
27 11 14
37 5 38
37 14 31
58 5 2
35 18 15
27 9 29
58 14 36
3 10 25
24 15 28
30 8 30
44 19 17
44 4 24
38 12 15
34 13 18
32 11 28
12 13 12
66 20 25
62 20 37
18 14 29
10 21 9
66 13 4
60 11 1
4 4 40
8 23 39
11 9 26
30 22 32
61 10 19
65 3 18
53 12 21
45 9 40
68 21 37
16 16 15
40 19 32
38 21 22
18 10 37
33 19 26
27 1 26
21 7 28
57 22 38
35 5 1
19 16 15
48 16 13
32 9 26
42 3 22
63 1 16
59 17 5
36 9 1
17 11 3
61 12 35
37 2 28
19 7 20
61 1 12
51 7 5
9 22 33
1 20 16
23 6 1
64 3 3
55 21 24
61 20 27
8 7 23
38 10 3
33 21 29
65 6 38
45 12 18
9 6 15
11 10 10
52 7 6
7 2 22
52 21 2
45 17 19
62 13 1
5 23 15
8 21 37
43 22 36
19 16 7
10 14 9
58 5 39
29 12 32
29 7 19
67 6 12
21 14 1
45 3 38
21 1 4
26 9 33
15 22 1
68 21 9
45 9 35
25 19 4
68 21 6
62 6 4
17 17 9
68 14 2
27 6 20
52 10 12
38 15 39
61 8 22
38 4 17
8 8 26
39 21 11
66 21 24
50 16 26
38 13 6
49 18 35
35 12 40
16 22 6
55 14 26
28 5 24
9 1 4
9 5 12
37 12 26
30 8 18
37 9 29
49 7 4
59 7 40
35 19 10
12 17 14
14 6 26
40 21 36
49 7 33
15 17 13
37 4 21
52 13 32
44 15 27
27 1 23
62 16 31
30 3 1
61 15 21
11 17 38
8 20 37
23 13 28
16 19 17
1 20 40
54 15 37
25 9 24
36 21 31
16 19 1
57 11 17
29 21 37
58 19 11
25 9 13
9 18 5
55 22 39
37 1 31
63 9 8
41 12 29
29 17 11
63 18 32
42 15 9
46 1 5
26 14 25
49 15 23
67 5 22
47 7 26
67 6 11
39 9 36
19 11 17
65 2 26
24 15 39
12 20 33
68 9 27
52 9 8
7 14 9
40 4 8
8 21 8
4 7 3
5 19 14
13 23 39
18 20 12
37 2 38
31 17 34
3 10 4
7 17 24
43 10 28
25 8 15
59 19 36
67 19 32
29 21 3
50 10 36
56 22 40
23 7 18
16 15 22
48 7 23
11 11 37
60 13 18
2 12 11
23 15 28
13 18 2
21 11 23
34 21 29
41 9 6
28 21 3
28 13 15
22 8 28
38 21 26
20 10 7
59 12 37
51 22 38
50 5 3
28 16 13
24 5 26
10 5 6
21 10 8
64 2 17
46 17 21
61 6 3
36 18 7
39 6 2
47 18 1
1 14 27
60 20 27
25 7 2
5 19 8
46 14 24
22 13 32
59 23 1
40 23 37
37 2 38
22 14 38
37 17 19
50 18 6
60 8 35
27 18 4
32 11 26
11 16 40
68 6 5
31 6 6
30 14 14
26 2 37
65 10 27
22 8 4
