15 31 235 6456
2469 2280 4094 1171 1949 1236 2958 2427 4412 2904 1529 2294 3440 2687 4699 1674 130 1186 4529 1710 4106 4728 1846 786 843 1903 3986 197 1980 613 3753 
4339 113 1201 1049 4879 25 3575 291 3439 995 1304 363 3863 1239 1129 563 4780 1873 884 126 2945 793 3409 2818 192 3292 4591 4836 1585 3864 4254 
466 4418 1381 3388 4568 2210 1036 3302 2948 949 3236 1043 3016 1090 975 3349 2403 4512 2893 1651 1386 3383 806 1367 4524 4106 4728 1705 3218 3262 1251 
2605 3115 2501 1041 2041 3581 3560 3290 221 4478 1868 2934 2318 773 3594 2774 1301 3191 2001 4277 707 1303 2664 592 72 3171 437 4827 3100 4848 4228 
3166 1221 2716 4602 4137 3281 1223 2100 3943 1468 674 3624 1679 4488 2788 4730 1484 455 3689 606 565 2186 4683 2958 3191 560 1022 1533 3733 916 1677 
3448 4111 536 2037 367 2449 2194 558 1343 107 3835 2406 1061 2317 4473 2519 2108 2796 4878 1086 874 924 3592 4688 2845 374 1064 243 2686 3943 2884 
2633 1391 799 1148 4848 2738 1181 4197 1333 4738 996 1813 676 4355 1645 1274 4182 4645 1386 3530 3354 1615 2549 3077 4693 2220 87 774 2864 668 3607 
3160 1895 2788 316 534 1496 640 2775 3526 2850 1583 2085 1758 1492 4262 3926 1720 1438 1636 4392 1890 734 2198 4486 3043 2178 3524 1235 4811 2173 3686 
863 3391 2281 1022 100 788 4697 1098 1744 2157 3171 3175 4606 2986 3176 2287 1335 2943 1398 1653 2207 906 2150 1187 3082 270 3241 4395 3979 1041 4735 
3369 4291 691 675 2938 3453 2881 3263 3973 337 540 4440 1767 1959 4594 4293 2880 4627 571 853 4069 4200 1670 4240 1084 3358 1772 4038 1354 1668 1803 
4627 1869 492 1357 4067 975 1974 2152 349 2429 922 4268 4737 4270 1654 3703 3002 1959 1526 3051 2933 1209 2163 1520 818 4510 2210 2671 2842 4505 3387 
3566 3010 1002 1295 1500 2723 432 3316 4618 3925 4221 4503 2571 953 3465 4373 4723 2539 1150 4549 3097 690 1318 3585 1162 3359 1807 2233 4505 3534 4466 
3840 1708 4421 2400 3988 3205 3381 3853 1374 412 3775 309 653 1924 2689 4345 3863 454 3217 3661 2046 4263 1103 3765 2440 3223 3911 3963 2268 451 718 
4223 3447 1625 4483 3996 1775 2517 4871 1537 1587 2147 3616 3296 2777 2096 3284 2685 2751 3397 560 1578 3565 4636 1312 4861 218 2222 2926 3265 3880 982 
356 3212 274 1664 3355 2632 351 3149 4356 2472 3380 1201 553 3796 1298 2811 1066 4032 181 4805 4250 3584 3154 1364 374 14 3665 276 4025 3773 4354 
6 15 19
8 11 7
8 9 17
13 17 28
10 1 13
4 11 19
13 2 29
12 2 22
4 15 15
12 27 2
11 5 24
12 28 38
10 14 17
6 3 34
12 1 30
8 20 25
11 3 29
6 12 23
10 12 29
5 3 20
2 2 5
13 12 10
11 28 16
5 14 5
6 1 9
11 14 18
8 13 22
5 28 13
7 8 12
2 14 18
11 1 23
9 15 6
6 4 26
11 13 39
7 15 19
4 20 11
8 21 1
6 29 14
8 11 17
2 15 32
7 6 10
7 25 20
9 9 33
4 19 32
11 26 21
2 13 12
9 2 26
12 26 31
4 18 21
11 29 18
10 26 29
2 25 19
1 6 16
12 22 13
2 28 15
4 20 13
4 4 19
5 15 8
5 17 32
13 10 8
12 21 34
11 25 28
11 5 2
13 19 1
9 16 36
7 6 22
9 1 40
8 12 8
5 4 25
9 16 30
8 24 36
6 22 19
11 21 5
8 27 3
3 4 16
6 5 31
1 22 11
7 19 6
2 14 22
4 12 24
5 22 38
13 20 2
13 19 27
7 5 2
12 28 39
2 22 32
4 7 4
13 1 18
3 25 8
13 5 20
11 16 25
4 4 33
8 23 24
11 27 23
5 7 28
5 18 28
1 21 6
1 2 17
4 18 38
11 23 4
6 27 14
3 28 26
6 11 25
4 12 1
11 18 40
12 16 22
1 26 13
5 24 15
5 24 27
1 1 14
11 4 29
11 12 37
6 15 8
8 7 3
4 12 1
9 17 17
12 12 21
10 12 14
13 13 26
4 10 16
3 4 20
8 11 7
9 11 6
13 25 6
8 18 39
6 20 11
2 4 25
13 25 34
6 1 12
7 20 6
12 21 39
13 12 38
4 28 5
12 10 15
12 22 29
2 23 33
6 15 37
3 21 34
12 28 32
5 8 20
3 16 19
2 20 10
10 12 11
4 3 35
9 29 15
6 13 12
13 13 33
8 15 35
9 15 5
5 21 29
1 1 12
7 29 6
6 10 7
4 4 38
9 12 12
2 13 26
12 17 37
9 7 2
11 9 29
2 24 36
11 8 1
1 25 38
8 25 15
6 6 8
7 10 40
4 27 27
4 25 10
3 29 37
6 11 21
7 24 10
2 22 23
4 28 3
5 17 23
11 10 21
10 27 13
6 18 12
10 8 10
1 8 20
6 6 4
5 27 1
4 9 24
3 24 1
2 13 36
2 7 24
8 23 33
3 11 5
1 13 7
8 3 1
12 24 9
5 27 5
10 24 9
11 27 27
13 12 31
2 13 39
5 10 30
11 26 39
1 21 22
12 27 4
11 7 15
7 28 8
7 9 12
11 26 7
11 1 10
8 29 2
6 19 24
10 12 35
11 19 22
11 11 28
7 17 16
9 25 29
2 4 12
6 2 10
8 12 10
4 28 6
10 1 10
1 10 40
4 12 34
1 4 11
13 5 23
9 28 7
6 11 11
10 15 23
3 16 5
8 3 6
6 27 35
3 21 21
9 12 15
11 27 35
10 21 27
2 4 25
2 25 13
9 27 34
12 4 30
4 21 4
8 15 2
13 27 19
13 17 31
9 19 15
3 13 31
11 13 35
4 16 25
1 28 29
2 29 2
3 13 22
10 13 23
5 4 26
9 20 2
4 8 15
11 21 1
8 6 10
2 24 37
8 9 26
1 8 5
8 21 30
7 16 6
1 11 25
12 10 7
3 25 29
3 10 9
3 23 29
12 23 24
1 4 23
2 8 1
13 7 36
9 14 2
3 18 24
8 23 31
11 3 39
12 20 37
10 13 32
7 11 6
7 15 14
1 27 19
12 19 26
13 2 9
7 9 14
7 6 25
2 20 24
2 9 34
9 14 10
8 26 3
9 19 18
2 8 6
8 29 3
1 1 20
4 28 32
8 28 34
5 23 38
3 23 29
7 22 12
1 4 3
11 9 27
6 8 8
10 12 24
5 21 17
6 8 7
7 6 30
10 7 33
5 7 36
11 6 14
1 13 34
4 27 14
11 25 7
6 22 28
13 12 8
7 4 4
12 27 2
5 1 34
9 17 9
4 7 37
12 29 14
6 29 30
11 8 26
4 28 19
3 1 7
11 27 39
8 11 17
13 8 21
11 28 35
8 14 5
7 10 27
13 2 27
12 4 33
7 10 23
12 16 20
9 9 10
13 24 34
7 17 15
5 23 35
7 19 7
5 11 4
5 24 25
7 3 36
11 28 26
5 15 12
4 4 13
5 23 31
4 2 9
7 7 32
5 27 20
10 5 29
4 25 34
11 23 36
6 22 30
7 29 19
7 2 28
6 24 14
12 28 33
7 8 32
9 21 13
2 23 23
13 4 5
13 26 28
7 12 16
13 2 8
10 23 25
3 21 15
4 10 17
10 10 27
6 11 19
1 11 8
8 18 4
12 18 38
12 19 3
4 1 34
6 19 32
8 21 21
7 29 13
6 9 12
1 22 10
2 25 14
3 12 25
9 20 34
2 19 26
8 19 15
8 7 22
5 3 32
12 2 20
13 10 14
4 3 14
2 29 18
7 23 25
3 15 37
8 20 40
1 26 12
9 3 23
2 10 23
3 17 5
13 7 25
4 20 11
7 5 10
8 8 19
2 16 34
10 11 16
5 25 30
12 16 28
3 24 35
5 23 35
13 3 22
11 22 31
2 8 27
3 2 8
1 11 14
8 7 24
7 3 32
4 5 29
10 16 5
2 6 18
2 12 3
8 19 16
3 29 11
6 21 1
1 20 13
6 5 15
3 16 23
7 29 7
9 28 26
10 19 34
13 17 6
9 10 26
2 1 13
5 7 17
11 19 40
7 8 2
1 25 2
10 7 18
1 18 34
9 5 37
6 3 40
2 28 26
3 12 32
9 26 4
2 28 15
3 2 34
8 17 15
1 28 33
7 18 32
5 21 28
12 25 11
11 24 35
8 8 31
13 13 23
2 9 32
9 9 35
9 2 36
5 23 34
3 23 6
5 9 2
4 1 21
8 2 16
3 7 10
7 27 18
3 21 5
1 10 9
9 6 36
3 23 36
13 8 8
8 27 40
3 14 1
8 14 17
8 7 24
7 14 18
9 19 2
10 11 32
13 18 22
7 12 35
10 13 19
10 27 17
6 6 20
5 6 2
1 4 11
12 29 25
1 1 31
6 23 32
10 7 38
11 8 25
1 12 37
10 29 31
10 20 39
9 11 29
10 11 25
3 28 14
11 25 2
9 9 37
11 7 10
2 11 17
8 27 3
3 11 1
9 29 5
11 23 1
10 16 7
9 2 18
5 11 11
2 26 16
1 11 1
10 28 17
3 1 20
8 18 17
6 8 36
2 3 36
6 3 5
8 23 32
9 26 28
5 29 14
9 29 22
11 18 12
11 28 31
5 1 31
3 20 13
9 3 19
7 24 29
2 6 9
4 9 38
10 4 11
8 1 17
9 25 25
8 13 16
12 6 40
5 25 31
5 5 18
1 17 29
5 11 34
13 6 10
7 3 2
1 27 36
2 13 32
3 12 20
4 3 31
7 28 7
13 22 31
1 28 4
13 17 2
7 26 18
10 15 18
4 26 10
7 5 13
11 22 3
4 26 4
3 22 16
2 12 16
5 2 19
9 5 28
9 18 30
7 29 28
13 24 25
10 13 4
7 5 39
7 20 8
9 10 1
13 1 15
13 3 20
11 1 39
4 5 26
6 11 22
2 13 20
10 27 35
13 3 38
13 7 35
6 17 17
7 1 12
3 4 3
5 10 12
3 23 2
4 29 11
11 15 8
5 6 14
2 16 2
1 4 19
8 13 21
4 23 20
8 7 20
6 7 29
10 22 28
7 27 4
12 11 9
1 5 4
11 19 33
11 19 9
10 5 24
8 12 36
7 6 34
3 10 27
5 13 14
1 20 18
12 2 19
11 19 28
5 26 32
13 24 1
6 20 6
7 29 25
12 24 16
3 23 32
4 9 15
9 18 27
7 7 24
5 9 1
1 21 33
1 21 4
4 13 6
10 1 26
12 15 24
4 21 40
6 23 27
3 7 12
4 19 31
7 3 23
12 12 36
4 25 35
2 12 3
12 28 31
7 10 36
6 29 3
9 4 27
10 14 17
8 3 33
13 4 3
10 18 37
8 19 4
9 17 19
6 28 12
7 5 9
13 24 4
4 20 17
12 29 18
6 18 11
9 21 15
13 2 17
11 1 23
13 21 8
11 11 14
9 13 17
6 8 2
5 18 38
12 27 4
7 7 16
1 2 7
2 27 5
7 28 17
8 14 32
11 18 5
1 6 26
1 9 7
7 23 11
6 27 5
6 28 14
11 27 14
13 24 25
5 13 1
11 4 16
1 24 4
7 21 5
11 18 20
6 3 1
13 15 30
11 23 38
9 13 36
3 8 26
1 19 14
4 25 34
1 9 37
3 3 39
8 17 29
9 23 17
10 1 5
12 26 29
1 7 31
1 27 40
11 23 25
9 7 34
2 25 38
9 22 19
6 2 39
13 8 18
1 7 5
10 26 34
4 20 20
10 2 3
13 9 24
3 6 31
9 19 18
6 10 34
12 22 37
6 20 37
2 21 7
6 21 32
9 17 6
1 19 35
8 8 33
8 10 34
13 25 40
9 14 10
7 17 3
5 27 31
1 27 7
13 13 33
10 21 17
1 6 26
1 26 36
13 20 2
11 10 29
6 14 13
1 14 9
3 16 8
7 8 1
3 2 32
12 2 24
11 29 2
10 12 4
4 24 36
7 10 39
5 1 8
12 1 19
6 24 31
4 1 11
10 14 39
12 16 21
11 20 36
4 11 37
13 29 12
13 3 20
3 28 32
10 19 17
9 29 15
10 12 20
7 7 40
9 5 13
6 26 35
5 2 40
5 3 5
11 26 2
7 15 35
2 16 23
13 26 32
7 29 8
2 19 28
1 1 11
10 14 35
1 26 6
8 15 2
12 23 38
7 1 19
5 7 28
3 11 8
13 12 26
6 26 23
2 19 14
12 6 1
11 21 23
10 7 20
1 15 38
11 24 1
9 16 34
9 19 19
2 14 32
9 29 14
4 14 37
8 17 26
3 24 16
3 28 9
5 21 34
13 14 24
9 13 21
8 4 15
6 6 18
13 2 14
7 15 2
12 24 36
10 18 4
11 9 2
3 12 21
3 5 29
6 9 36
8 21 6
8 8 7
4 12 18
12 29 24
2 18 40
6 20 34
10 29 17
5 12 23
2 16 27
12 10 31
13 9 25
7 3 25
8 26 17
6 19 8
11 20 17
2 26 8
6 28 17
13 23 3
8 28 35
4 6 26
4 25 16
13 19 24
5 29 5
4 7 19
8 17 7
10 26 23
12 15 3
3 14 29
13 28 30
13 16 24
7 13 35
5 17 36
1 7 6
2 15 7
9 21 8
12 11 35
9 5 3
7 29 23
3 26 11
12 27 24
2 5 33
1 28 9
3 12 26
13 4 33
11 3 23
2 6 19
5 23 15
1 20 24
9 2 7
1 11 30
3 6 24
12 27 35
8 28 18
6 14 6
3 12 27
3 20 11
4 18 40
13 23 7
4 23 8
4 16 25
12 18 12
6 14 11
5 12 16
4 3 8
5 12 6
9 26 6
10 29 23
13 16 4
4 11 1
10 14 33
5 12 37
10 9 26
1 5 7
4 10 19
11 5 5
6 29 17
4 20 21
7 2 22
2 6 40
11 21 13
3 16 24
12 10 5
8 18 14
11 11 37
11 4 27
4 29 10
2 5 3
1 6 6
9 27 30
10 22 33
12 19 19
7 20 18
7 8 11
3 29 2
4 21 4
8 3 3
2 3 39
2 20 37
5 19 13
6 16 14
9 12 27
10 10 22
3 26 26
13 12 26
8 26 24
11 17 7
11 25 8
6 23 10
1 12 30
1 13 31
13 11 32
10 21 8
11 22 39
3 12 34
1 20 5
2 29 28
11 14 8
13 27 16
12 29 30
7 11 10
6 4 23
2 28 16
12 12 12
9 2 3
13 10 39
5 28 16
13 23 20
10 23 25
2 3 30
8 25 20
4 27 27
1 1 33
13 3 40
8 18 12
6 14 20
12 6 36
7 14 32
4 21 32
3 22 8
11 27 13
8 1 10
4 18 30
1 13 3
6 14 24
1 17 20
13 3 21
4 15 37
10 23 15
8 28 7
2 7 26
9 19 21
1 2 10
3 3 40
2 20 10
11 15 8
1 10 39
2 12 5
2 4 29
12 15 37
5 21 35
12 1 40
7 28 7
10 8 21
2 11 27
2 26 33
12 5 32
9 6 27
1 1 31
13 14 21
2 14 18
13 29 32
3 8 7
7 6 18
10 19 8
11 3 3
12 15 31
13 19 20
9 10 2
13 13 6
7 12 17
13 25 27
6 4 8
6 5 39
2 27 40
11 19 16
12 17 38
11 14 15
8 19 27
2 6 34
3 8 16
1 22 39
4 16 6
5 18 13
5 10 39
3 22 34
1 20 8
3 23 38
3 20 17
12 4 30
8 18 28
9 16 7
9 11 31
6 16 22
3 8 22
5 14 10
5 21 11
10 7 23
1 22 11
2 22 8
2 1 40
1 14 1
1 17 32
9 13 33
3 10 7
11 4 38
5 12 26
6 17 29
3 23 16
6 4 4
1 29 28
10 23 38
2 9 8
1 17 2
1 25 26
12 8 3
12 6 10
6 25 14
1 13 7
9 25 18
4 2 11
2 3 23
11 25 5
2 19 30
7 7 1
2 20 19
6 21 20
5 26 20
13 10 37
5 11 26
10 22 27
6 11 24
11 7 16
8 12 17
5 20 20
13 26 12
9 17 25
1 17 17
4 20 37
8 26 17
9 12 6
3 2 28
4 1 21
2 5 16
12 24 29
8 12 13
9 10 14
6 26 14
10 10 20
5 20 14
12 2 22
4 12 8
13 29 8
12 14 40
8 4 7
1 11 29
1 21 25
9 15 7
7 9 14
4 9 20
13 8 27
3 20 23
4 24 26
10 22 21
11 26 30
10 27 37
1 15 14
10 14 35
6 7 33
1 22 21
5 7 27
8 5 27
9 9 37
9 11 26
1 21 3
6 28 2
13 3 15
10 16 32
6 11 3
13 23 15
11 27 22
12 2 39
9 29 10
1 9 29
2 24 9
3 8 11
11 24 5
8 14 22
13 6 34
10 26 2
2 18 14
6 16 34
10 5 24
2 1 6
12 19 39
4 27 6
2 26 12
11 25 3
8 10 39
6 1 21
10 10 29
10 14 37
9 8 27
5 10 33
11 5 19
13 21 32
9 20 4
7 10 25
7 24 18
2 27 30
3 14 34
5 1 37
6 16 35
6 5 22
5 23 16
6 15 7
9 16 10
1 12 14
5 29 19
7 25 6
9 26 26
10 15 26
13 19 13
11 9 28
6 28 19
7 16 10
3 5 13
8 5 24
1 4 18
2 5 36
13 12 4
4 18 17
8 24 36
3 14 12
10 21 25
3 19 5
5 19 23
13 11 4
5 17 4
11 13 38
6 20 13
12 5 9
9 12 20
5 2 4
10 17 10
9 8 12
8 18 26
3 25 26
7 10 37
8 11 25
7 12 40
13 12 33
13 9 38
6 6 19
13 2 21
3 21 39
12 3 11
1 24 18
2 14 28
5 17 29
4 2 22
5 17 30
6 8 38
7 12 20
12 27 15
13 4 9
11 6 19
11 25 24
8 28 13
6 27 15
11 17 19
10 20 19
9 17 10
9 25 4
4 7 22
8 6 17
9 19 25
2 27 8
9 28 35
6 6 32
10 2 32
13 27 33
12 22 7
10 18 10
4 23 39
11 19 39
12 2 36
5 22 1
4 8 36
12 13 5
1 6 24
5 5 18
10 6 37
8 25 11
10 25 8
7 27 3
9 29 1
9 11 8
1 17 38
1 20 17
7 16 32
11 23 20
5 13 25
9 20 39
5 23 1
12 26 5
1 22 10
2 28 40
13 15 9
6 1 5
8 19 39
6 19 22
3 1 29
5 8 12
7 4 37
13 27 32
12 12 1
2 2 28
2 13 24
6 8 23
2 11 4
8 14 27
6 3 8
5 21 40
6 10 2
13 9 30
5 11 33
7 14 28
7 13 3
5 29 39
5 13 15
4 19 6
3 5 31
9 10 24
4 16 31
2 2 21
10 16 8
10 13 9
7 10 2
5 6 4
2 4 38
11 17 15
9 28 2
2 2 8
1 6 18
3 10 16
10 23 20
10 22 10
2 4 16
9 16 35
8 25 21
2 2 26
9 17 32
8 13 2
12 22 31
6 13 26
1 15 4
8 7 22
2 22 16
6 24 19
12 27 34
4 29 6
13 28 27
6 24 26
11 3 33
5 5 33
11 11 25
8 24 33
1 23 13
3 27 9
10 19 3
11 19 38
7 2 37
6 9 6
2 2 32
5 2 28
10 17 25
6 11 5
1 5 23
6 14 19
7 6 20
2 5 39
2 6 19
9 7 6
6 23 14
4 10 18
11 20 22
12 17 22
12 14 28
8 3 1
1 6 27
4 1 16
11 24 35
4 8 37
11 1 27
3 5 36
4 20 23
6 9 2
7 2 19
4 25 22
6 10 23
6 3 31
5 24 1
6 19 27
10 22 17
6 23 26
6 25 7
13 24 11
8 19 38
8 22 5
8 29 31
8 24 24
8 19 14
9 23 32
2 17 6
10 25 12
12 8 20
5 5 16
13 18 21
9 5 35
1 16 33
3 14 18
6 29 10
2 26 40
7 28 40
13 20 8
10 21 29
2 1 9
5 27 12
2 10 3
2 10 23
5 17 8
11 26 27
1 23 11
12 4 13
12 8 25
7 21 3
13 24 4
9 23 9
3 20 2
10 10 17
9 29 38
6 29 11
9 11 14
3 12 9
1 23 29
11 6 28
9 21 24
9 17 5
9 15 35
12 4 33
9 9 10
4 9 7
9 18 15
2 16 25
13 29 15
10 19 6
4 4 37
3 20 12
11 23 33
1 23 32
5 29 35
2 20 28
10 29 3
12 27 33
8 15 21
13 10 18
8 16 35
8 10 40
9 23 8
2 5 9
12 10 12
5 3 8
12 8 12
5 10 30
11 15 21
13 4 25
1 6 1
2 19 18
9 17 37
8 23 23
1 10 1
13 10 7
4 16 17
3 1 25
1 2 3
3 24 18
9 23 10
11 25 35
4 1 24
3 8 10
6 24 15
5 5 13
8 21 13
2 21 36
13 28 17
12 3 5
12 16 3
5 25 19
6 27 40
12 6 28
1 16 32
13 14 4
11 2 25
4 6 13
13 21 37
12 26 19
1 13 38
3 24 16
4 4 33
1 13 29
6 16 33
7 21 8
10 8 27
2 27 22
7 16 3
9 26 37
9 16 19
10 27 4
11 7 19
10 16 22
11 2 5
3 11 40
12 23 5
1 16 38
1 27 37
3 24 26
6 20 2
1 20 8
13 6 14
3 25 1
3 7 3
11 26 28
9 14 33
1 8 1
7 12 21
7 13 38
5 15 16
10 9 36
4 18 20
10 13 9
10 8 32
11 23 8
12 16 10
12 23 33
5 26 21
5 17 8
5 28 40
1 27 30
7 5 39
3 22 14
5 2 28
8 21 19
10 2 34
9 1 2
6 28 37
12 20 5
8 21 37
9 1 6
9 10 39
5 13 40
13 8 24
5 18 14
11 14 1
4 16 34
13 23 14
5 28 15
8 19 9
6 25 33
1 22 18
11 18 3
11 5 18
4 16 13
7 22 25
7 18 11
4 10 11
2 24 39
5 12 10
4 13 35
7 15 21
4 19 35
12 24 39
2 10 14
3 11 9
11 2 26
11 8 38
9 25 34
3 4 32
12 18 21
3 3 29
9 6 35
7 8 17
2 15 33
2 24 14
4 10 23
3 9 38
5 28 22
11 1 4
4 5 31
4 14 28
9 25 30
5 25 12
7 23 33
7 26 1
12 22 12
11 10 13
10 24 29
9 18 15
5 6 37
3 16 6
12 26 14
10 18 4
13 17 30
7 25 8
5 27 2
11 29 10
7 9 11
9 21 36
8 2 32
1 11 27
1 1 1
2 27 18
10 11 19
4 3 4
13 26 33
3 7 3
8 26 19
3 12 6
8 2 19
13 25 3
7 29 21
10 16 40
2 20 27
2 4 16
2 28 28
6 8 11
9 24 16
9 20 1
8 22 29
13 8 24
6 10 9
3 19 32
7 21 3
13 21 10
8 13 10
10 2 25
7 22 22
10 22 12
3 23 39
4 29 14
9 12 22
11 10 8
4 17 3
5 18 29
11 13 27
10 7 26
11 25 16
9 12 39
10 6 8
13 10 37
9 11 16
3 2 19
9 28 10
3 21 30
4 24 29
1 20 14
10 13 22
5 23 3
1 16 36
1 2 38
7 2 2
8 5 15
7 9 17
6 1 3
8 7 8
3 15 28
1 26 23
1 19 17
5 22 39
10 11 35
5 28 1
13 3 5
10 20 20
12 24 6
6 21 9
12 19 35
3 3 34
11 17 18
10 21 7
6 9 6
13 14 19
1 17 38
7 22 12
12 1 32
13 22 31
5 11 2
3 2 25
6 10 4
4 11 4
3 19 24
10 11 33
12 2 24
7 20 19
10 26 9
4 21 40
13 23 18
4 29 33
10 23 30
10 16 24
11 26 13
11 21 15
8 4 14
1 16 32
11 23 28
6 8 28
6 10 28
9 23 37
10 22 10
3 24 16
3 21 18
12 26 2
5 22 1
4 1 35
9 22 34
12 17 31
2 1 13
6 16 9
5 23 15
13 11 16
11 29 16
5 10 37
12 11 30
5 21 33
9 23 10
11 3 18
2 26 36
13 26 23
5 13 15
7 15 15
6 5 37
4 5 11
13 19 4
11 17 4
9 13 7
8 21 26
4 25 20
9 1 30
10 2 8
4 4 25
11 3 29
7 12 24
2 25 24
3 8 21
1 12 35
5 2 17
1 7 31
5 1 24
8 7 30
7 13 21
8 4 1
1 11 9
8 10 19
4 14 21
3 6 4
2 9 19
12 6 27
9 25 7
6 27 35
1 9 16
3 9 10
12 9 20
2 12 34
13 29 17
13 9 13
13 1 8
4 22 14
10 14 36
6 28 1
13 11 9
2 6 6
5 20 2
6 17 26
7 18 31
11 19 7
2 17 12
2 27 34
7 29 22
3 22 26
7 19 27
12 18 3
3 3 35
13 14 23
12 28 25
13 15 39
5 18 34
4 5 36
2 22 22
13 23 4
3 9 25
2 17 30
3 7 3
6 18 6
12 8 36
1 17 19
8 15 32
4 1 18
11 7 11
4 21 40
4 14 4
11 15 26
10 20 4
6 11 17
13 20 31
9 23 40
12 27 21
8 20 28
1 9 3
12 19 36
8 24 4
2 20 9
13 3 4
7 7 32
6 25 28
8 2 28
5 1 32
10 6 6
4 23 38
2 24 18
4 12 33
10 6 18
12 20 7
7 6 12
12 19 20
13 13 14
8 4 26
2 1 14
12 12 8
3 29 4
12 4 18
1 24 15
3 29 22
11 25 5
12 24 26
9 6 26
11 22 39
4 28 19
8 26 14
1 16 27
1 21 28
3 9 15
1 21 28
7 1 32
2 10 20
2 27 12
13 22 37
3 26 10
4 22 15
4 1 13
13 29 32
4 29 26
11 19 38
8 18 30
12 10 7
3 1 18
2 10 2
11 11 25
5 9 24
1 28 15
10 21 1
11 8 24
10 16 26
2 24 39
12 2 5
13 24 39
12 6 17
12 16 39
7 1 22
10 29 17
12 10 16
6 5 2
13 2 21
7 27 20
5 2 16
10 7 34
8 26 32
7 28 20
11 3 3
7 14 22
6 21 9
8 5 22
7 5 22
12 28 35
6 1 27
3 1 40
1 8 35
6 15 31
11 13 5
2 22 5
3 27 8
4 26 24
9 8 2
3 19 28
5 28 2
10 23 3
3 1 9
2 8 20
9 17 22
7 13 40
6 22 19
6 7 17
13 3 28
4 6 24
1 4 36
3 6 11
12 18 20
4 21 2
5 10 35
11 3 32
9 4 7
5 29 35
3 19 25
9 28 22
6 13 38
1 21 40
13 5 10
6 19 39
9 27 32
13 28 37
7 27 31
12 1 10
8 4 15
7 20 18
2 12 16
1 20 28
7 3 38
7 8 10
7 7 6
13 5 28
11 22 11
5 23 40
5 28 8
5 27 21
4 26 11
8 24 28
4 5 3
1 29 26
9 23 27
11 2 25
10 6 33
4 27 6
4 29 21
13 15 16
6 9 28
4 7 38
4 17 40
5 19 34
8 10 4
10 1 22
13 2 39
4 11 28
7 19 30
5 11 4
5 19 35
2 20 3
9 27 30
1 9 27
12 10 26
12 23 15
10 1 22
9 20 26
11 28 31
12 25 15
5 18 25
11 11 21
11 14 36
10 20 11
11 21 12
3 1 36
9 16 11
5 5 34
13 3 14
4 10 26
1 29 33
3 19 1
9 12 3
10 14 26
1 21 31
6 9 22
8 25 31
3 2 5
8 8 32
11 20 40
2 15 24
1 17 31
5 18 25
1 2 40
7 6 37
6 13 1
12 21 34
5 12 34
12 28 7
2 22 1
3 23 7
6 12 14
7 19 1
6 2 25
12 2 31
3 7 1
4 29 6
5 1 9
3 6 2
12 27 29
12 25 12
13 14 39
9 26 23
12 6 38
10 3 29
13 12 23
8 14 30
5 13 25
1 9 7
8 8 15
5 9 36
5 27 10
5 21 11
3 9 10
10 16 22
12 15 1
7 21 21
7 25 9
6 22 1
1 22 38
6 5 40
3 20 40
5 10 34
13 26 36
13 20 18
10 9 9
11 26 30
11 3 2
9 13 2
11 22 25
7 17 33
11 24 4
13 6 20
5 15 17
12 24 29
11 11 39
4 18 7
3 26 25
7 29 5
10 13 35
10 7 36
12 16 8
3 24 13
3 1 2
5 18 30
13 6 14
13 20 21
6 5 14
3 20 38
1 10 39
12 2 12
9 6 21
4 8 19
13 4 8
2 15 39
1 24 1
2 18 10
3 21 2
8 5 21
3 29 15
9 15 9
4 24 40
11 14 32
4 4 37
5 18 3
13 7 3
13 1 21
8 29 19
3 26 34
5 29 32
13 17 20
3 28 34
7 26 40
13 24 39
6 19 3
12 20 37
11 14 39
3 25 39
8 16 22
13 21 1
11 2 30
13 4 12
7 20 16
8 6 37
10 7 40
10 10 3
3 19 12
12 16 7
8 22 35
9 13 18
4 6 10
9 16 4
10 18 30
7 5 26
7 10 29
13 3 29
7 9 22
8 10 6
3 10 30
10 5 12
3 27 33
12 4 26
4 12 32
4 17 12
10 19 33
6 12 40
10 22 29
10 9 22
2 21 7
7 12 26
12 22 14
3 23 20
4 19 40
5 20 11
2 7 37
5 3 7
4 18 27
3 13 22
7 13 9
12 7 38
4 29 38
10 5 5
12 24 16
12 17 22
8 16 32
8 7 31
7 6 27
1 12 15
7 15 29
13 11 28
5 10 39
11 28 11
12 28 23
4 29 2
10 12 17
5 1 6
13 2 13
11 3 9
3 26 15
4 16 4
12 10 8
4 27 9
1 1 40
9 19 23
12 17 2
10 13 26
9 16 34
1 29 16
6 29 18
5 11 25
7 1 2
13 1 1
3 8 23
9 22 30
5 1 32
1 21 34
9 26 16
3 6 15
13 23 29
5 4 5
9 6 13
3 22 19
10 7 9
3 14 20
13 4 11
13 28 2
2 20 28
1 15 17
5 21 15
3 1 8
11 14 36
3 26 31
10 15 16
4 17 36
6 15 38
6 4 24
5 1 24
7 1 1
11 12 12
6 26 20
8 22 12
1 21 27
5 7 21
2 18 17
6 13 33
6 29 13
2 23 38
8 2 21
3 25 5
2 14 17
3 29 10
2 16 39
12 22 11
3 1 7
9 25 40
1 8 15
11 9 5
5 13 4
2 25 22
10 10 29
3 27 22
8 7 14
8 13 15
3 15 29
5 14 15
3 11 21
3 8 9
7 19 30
11 3 36
12 24 40
9 26 21
1 7 3
13 1 33
2 23 25
11 11 27
9 22 37
6 5 29
1 12 13
6 8 26
9 3 26
8 9 9
1 13 10
13 19 3
3 20 39
2 2 1
2 12 31
6 19 8
12 25 21
1 5 1
8 7 18
1 23 14
2 17 27
4 3 38
12 4 16
5 16 28
10 11 8
11 23 16
12 4 2
12 8 37
13 22 28
4 3 10
5 10 32
12 12 11
4 14 23
1 27 36
1 10 21
1 29 32
9 14 31
3 10 3
11 18 16
13 8 30
3 3 39
3 2 2
11 15 5
9 7 10
7 15 8
12 26 6
10 16 6
6 13 26
8 12 5
10 19 16
9 24 39
11 22 6
10 11 37
13 24 21
5 14 5
1 26 28
11 17 33
2 20 29
4 11 10
12 4 39
6 21 25
5 26 27
8 12 2
2 12 6
7 4 33
7 29 36
6 28 17
8 29 33
8 4 27
6 9 38
11 25 7
10 22 10
11 14 17
9 13 20
10 9 3
5 6 32
1 29 26
5 11 8
4 21 6
3 24 29
7 27 17
5 10 20
10 15 36
3 13 3
8 5 1
9 22 13
10 7 12
3 24 7
11 4 11
13 22 15
1 1 32
3 22 3
5 13 9
2 17 2
6 6 29
5 7 18
5 24 21
5 28 29
4 8 16
11 2 30
3 24 38
4 26 6
1 14 15
6 22 25
10 19 36
8 29 38
13 8 9
4 12 37
4 1 22
10 26 35
11 27 23
1 11 8
4 18 27
6 16 27
13 8 8
5 17 1
5 7 36
9 10 14
1 10 37
12 21 17
7 16 6
9 22 6
2 21 19
8 18 38
8 16 5
3 17 12
1 23 24
4 5 8
7 24 13
10 20 24
2 1 35
8 6 21
12 8 1
6 7 4
7 8 7
5 20 18
1 27 6
7 17 14
6 11 38
6 21 8
1 20 36
3 4 17
8 15 27
2 20 15
5 8 38
4 8 3
6 5 36
8 19 20
9 21 16
1 2 17
6 25 29
7 14 39
5 9 40
10 27 27
10 29 29
11 19 30
2 26 24
3 18 32
4 16 25
9 22 15
7 20 38
12 10 25
8 16 6
2 17 3
8 21 4
8 4 32
5 12 29
10 13 5
13 27 6
8 18 20
1 4 24
12 28 14
8 20 7
3 10 4
2 2 32
11 25 20
2 5 28
12 16 23
12 27 33
4 26 35
5 15 5
4 18 14
5 7 32
5 24 16
5 26 30
3 9 4
11 5 12
4 12 37
7 5 16
10 12 10
10 10 30
3 12 16
11 7 24
13 1 36
4 12 13
13 23 23
2 3 7
12 16 7
10 1 6
11 12 1
10 23 19
3 19 28
13 25 16
4 4 1
5 10 17
11 28 10
11 6 12
13 10 16
12 4 4
3 3 34
8 24 22
1 14 30
10 19 19
3 23 12
5 29 29
10 8 27
2 20 14
6 11 23
2 27 16
9 5 4
11 22 35
5 2 23
7 16 1
13 7 38
3 17 27
7 9 32
6 13 9
9 29 38
5 16 8
7 5 27
12 29 19
13 28 33
4 5 5
10 3 22
2 6 21
11 22 34
13 15 20
9 10 10
9 5 30
9 20 15
12 24 39
10 5 35
12 15 22
8 3 26
2 1 1
2 5 28
1 16 24
5 2 21
13 18 23
3 2 16
2 24 31
2 19 12
7 28 19
13 7 11
4 16 32
5 3 37
7 25 27
3 9 22
9 26 33
1 21 30
4 29 20
4 23 1
7 24 1
2 26 38
10 5 16
13 12 1
13 26 21
10 17 37
10 22 21
6 29 1
6 4 7
3 26 10
8 9 30
13 16 19
10 19 25
1 16 36
9 1 4
11 9 35
9 10 28
8 11 6
4 13 4
1 22 6
12 8 16
9 19 20
1 10 11
6 9 33
5 10 12
9 28 31
5 16 13
8 27 35
4 26 30
4 20 8
6 12 23
4 4 14
2 27 6
3 23 24
8 16 11
4 3 36
10 21 36
5 17 10
5 1 30
8 21 21
9 4 37
6 23 36
10 26 35
9 2 13
5 10 28
1 26 35
3 23 24
11 5 19
11 4 2
5 28 7
11 1 1
9 25 4
5 14 3
7 8 12
4 12 38
3 20 16
11 13 19
4 15 36
6 20 4
3 8 4
9 5 6
1 23 14
4 20 39
11 19 15
2 4 35
6 13 27
9 5 31
7 16 9
10 25 2
2 2 30
10 11 22
6 9 30
7 29 20
11 23 30
12 4 9
12 1 40
3 25 27
4 17 11
9 14 2
9 18 32
4 22 20
7 24 35
11 1 10
12 12 3
12 6 21
1 4 37
8 15 34
9 19 40
11 3 33
7 25 21
9 28 33
10 9 19
2 28 27
9 19 33
9 10 22
6 8 3
9 10 4
2 1 5
10 27 31
7 18 10
12 8 12
1 29 10
1 29 26
12 5 27
6 22 25
11 25 31
10 3 2
8 4 19
12 26 22
9 28 40
10 24 38
13 13 17
6 20 35
4 7 21
13 21 24
6 24 12
9 27 24
11 25 16
6 29 18
2 6 23
11 22 39
13 23 25
13 1 24
13 29 23
5 4 35
2 2 16
7 3 36
6 4 19
11 16 39
4 4 23
1 14 37
12 23 20
8 20 16
7 28 36
4 14 26
9 20 34
13 4 32
2 18 22
9 3 36
5 18 28
1 23 2
2 1 32
6 2 17
2 13 12
3 14 19
12 4 11
11 2 28
9 11 24
13 5 31
11 1 6
7 16 39
11 7 22
10 17 39
1 29 8
5 13 2
7 13 9
7 26 31
5 29 9
7 28 3
2 5 27
7 3 17
13 1 3
6 22 1
13 8 1
9 9 2
2 21 32
11 9 35
3 6 34
5 7 34
7 28 28
4 8 1
3 16 23
2 3 7
10 14 29
3 27 37
2 20 31
3 26 33
5 12 36
10 6 20
8 10 39
3 9 39
2 1 25
5 28 12
4 3 26
5 14 6
2 18 36
7 10 26
11 9 16
7 4 24
13 17 40
5 7 20
7 11 5
12 4 40
11 15 9
4 8 12
9 25 5
13 10 33
11 20 29
2 22 12
2 27 6
13 24 37
9 17 18
1 24 33
2 11 1
6 14 6
11 23 14
4 3 18
3 10 3
6 17 24
13 27 6
13 1 33
1 21 8
5 4 20
10 17 11
4 28 3
11 5 29
8 7 9
2 7 23
10 22 19
8 17 23
9 22 36
5 17 23
6 9 10
5 21 13
12 9 2
6 20 20
5 28 13
2 9 4
8 9 14
8 7 16
5 23 33
3 12 16
1 12 24
7 2 25
4 8 30
2 27 17
2 20 27
8 24 18
3 19 29
7 12 3
6 29 34
8 10 3
3 1 7
10 6 35
10 13 12
6 4 35
6 9 4
6 23 6
2 1 18
5 22 20
3 29 3
5 18 8
1 14 34
1 27 29
2 29 17
9 2 17
13 22 1
5 5 31
13 4 37
6 21 15
2 29 22
9 9 30
3 10 35
12 26 24
5 23 9
11 3 29
8 28 11
7 8 11
6 26 14
9 17 1
6 29 36
5 25 3
12 9 22
3 15 34
4 11 1
2 9 24
1 27 19
3 19 36
11 9 3
11 17 13
12 26 12
11 26 19
13 13 27
5 5 23
3 18 34
2 17 7
10 23 37
6 11 18
13 12 40
4 11 8
4 20 17
5 19 32
4 8 15
1 14 21
11 29 2
13 12 34
8 2 31
7 22 10
13 26 9
6 10 4
13 12 12
5 2 16
7 29 15
3 3 5
1 29 6
5 27 26
8 10 37
5 23 15
6 8 4
13 24 14
11 12 13
10 21 9
9 22 4
1 18 16
2 9 23
9 3 30
9 17 13
13 21 38
1 27 15
1 9 23
13 12 27
7 10 11
7 22 6
9 20 12
11 14 27
1 29 5
12 16 10
9 15 7
7 11 22
1 12 18
4 25 13
2 9 24
8 8 8
11 20 26
7 4 33
4 14 15
13 8 32
8 16 33
11 1 16
2 6 19
12 17 2
1 3 25
9 3 4
9 24 27
3 20 9
4 5 4
3 28 37
9 27 34
13 27 29
9 3 33
2 27 13
3 28 24
1 22 12
6 11 4
3 6 6
7 5 26
4 28 13
6 10 33
5 6 37
7 29 24
5 13 18
6 18 6
4 18 2
10 16 39
8 17 17
3 17 9
5 10 22
5 9 30
5 2 12
6 19 16
4 28 21
5 29 9
5 2 19
7 18 33
13 2 35
6 18 14
3 4 10
11 28 8
8 7 19
3 26 26
4 15 37
10 14 8
8 7 30
6 24 33
1 15 8
9 13 1
12 26 8
13 11 24
11 19 22
4 24 37
12 21 19
3 29 26
7 28 14
7 7 36
11 16 22
9 19 30
3 17 19
1 15 38
6 19 2
12 24 39
3 29 30
3 13 31
12 15 12
9 14 16
13 22 6
4 16 10
12 18 2
4 13 18
4 22 20
9 28 19
11 7 37
1 2 11
6 27 30
12 21 3
13 8 26
8 2 7
8 24 7
10 13 19
4 22 39
2 17 9
5 9 23
12 12 24
13 3 9
12 9 34
7 13 33
3 1 15
8 13 3
12 25 17
1 11 29
9 20 5
3 10 36
11 22 26
6 25 9
6 4 25
2 2 31
1 13 20
13 24 10
13 17 1
8 8 31
9 14 11
3 7 37
1 10 14
2 6 7
8 28 12
13 6 33
4 24 17
5 15 7
10 1 12
3 13 22
4 24 38
2 8 26
4 25 20
8 18 23
13 4 20
4 6 10
7 26 24
5 9 36
11 8 36
7 16 18
11 18 37
5 20 12
10 5 40
12 9 31
11 23 29
9 5 31
4 5 6
3 21 36
5 18 25
11 26 16
4 25 8
6 21 6
1 12 16
1 13 1
11 7 27
4 20 7
4 6 39
1 24 24
9 7 27
6 5 26
8 28 15
6 16 4
10 15 17
1 10 24
1 18 3
3 22 29
11 10 3
11 23 30
7 22 15
7 1 16
12 22 22
3 26 38
1 13 29
7 29 12
11 7 14
5 18 34
3 14 9
10 27 21
5 23 19
2 3 6
9 19 14
12 20 37
5 24 37
8 29 24
5 18 32
8 27 10
11 24 26
4 2 31
4 14 30
1 24 27
5 14 19
5 20 7
6 3 29
10 19 20
3 2 36
11 6 10
4 24 20
12 5 22
7 12 32
12 28 23
1 2 2
1 25 9
2 26 2
9 21 11
1 29 28
3 23 8
9 4 21
10 10 12
11 13 4
11 26 13
11 21 15
12 18 33
6 8 39
9 24 12
1 23 36
13 23 22
11 2 15
10 16 15
4 21 10
8 3 33
4 20 2
6 9 15
11 1 34
7 22 8
2 23 40
9 23 36
9 4 7
8 19 22
4 5 17
2 16 27
5 19 32
1 13 36
10 9 20
10 14 3
5 10 15
4 17 32
1 11 35
6 7 25
11 3 19
7 21 5
6 22 20
1 26 13
7 11 10
13 19 13
12 24 39
7 4 38
6 5 7
4 5 11
5 28 28
2 11 19
9 15 20
2 26 28
9 17 16
3 4 22
11 15 13
11 19 26
11 3 17
12 4 30
2 28 39
13 18 11
1 18 12
1 3 24
6 16 30
2 18 14
8 29 20
5 5 12
9 16 9
3 2 13
6 26 29
11 25 8
8 19 11
11 11 15
13 12 4
11 8 2
9 23 10
6 9 30
3 20 26
9 26 9
9 17 1
3 12 1
11 9 40
1 25 32
13 17 20
13 7 39
11 12 20
6 24 28
10 26 27
2 16 37
13 16 13
1 16 36
13 9 13
7 25 34
10 8 6
6 3 33
7 4 38
13 8 9
1 12 32
4 27 5
2 26 39
10 10 27
13 19 19
6 22 32
5 28 29
2 29 12
11 11 35
7 28 22
6 17 34
10 7 33
13 10 11
5 14 26
12 19 14
6 10 19
7 27 18
1 9 5
11 6 9
5 23 12
9 24 40
11 24 6
9 6 19
10 10 22
2 2 2
6 22 39
11 21 39
4 27 11
9 10 27
13 17 13
9 21 24
13 6 40
12 20 24
7 5 3
11 19 32
2 18 34
11 27 30
7 23 39
8 18 13
8 3 2
2 19 40
4 14 35
2 8 15
2 21 39
1 14 3
5 10 20
11 17 37
12 12 15
7 19 24
3 11 12
2 25 37
3 27 23
10 6 2
12 27 32
7 12 15
5 16 31
2 9 37
11 11 37
9 23 14
13 14 19
8 10 23
3 12 2
13 20 25
4 11 3
6 6 40
5 13 20
3 19 4
9 27 11
3 9 21
9 9 24
9 20 16
8 8 17
11 19 1
8 7 35
7 20 2
4 3 25
12 15 35
10 3 18
13 8 14
6 20 14
6 20 8
8 8 40
3 25 20
11 21 16
13 1 19
5 27 33
9 14 11
6 16 21
4 2 22
3 17 37
7 26 23
13 20 25
6 26 7
10 13 36
12 24 10
9 1 37
8 27 4
7 16 26
1 26 2
9 7 16
12 11 11
7 25 36
6 26 19
8 8 3
4 23 12
1 8 2
1 26 10
13 13 39
4 1 30
9 24 25
9 20 35
10 15 8
1 10 3
11 20 31
4 5 17
9 25 31
5 19 38
6 18 29
3 22 32
4 28 25
6 5 18
13 20 18
10 28 33
12 4 2
4 4 10
12 7 33
9 19 12
3 15 8
8 16 34
11 19 29
12 15 24
4 24 18
10 17 14
10 8 21
2 3 3
13 25 27
1 15 28
8 28 37
1 3 34
3 7 27
4 27 36
9 24 35
2 11 30
4 24 4
10 1 21
12 7 14
5 12 24
6 13 38
5 11 25
7 28 29
9 16 10
1 16 14
2 10 33
13 6 24
2 22 35
3 18 4
7 4 5
10 18 8
1 3 21
13 17 13
5 7 27
1 1 13
6 29 21
1 17 22
2 7 23
9 2 5
10 2 20
11 14 26
11 5 21
4 9 14
6 27 38
9 21 4
13 10 3
2 14 10
9 6 22
12 11 16
11 12 27
9 7 5
9 7 30
7 10 26
10 13 33
9 19 10
7 2 22
5 29 37
8 15 24
2 2 28
2 5 35
3 16 18
3 27 38
10 20 15
2 16 4
3 28 11
7 5 37
1 24 3
13 19 31
12 4 36
2 27 11
13 25 37
8 14 4
9 11 34
9 19 26
4 1 14
1 28 32
13 3 22
4 10 33
13 9 29
4 13 4
12 16 18
1 23 13
11 18 38
4 2 33
7 9 21
12 20 6
4 16 34
10 13 21
7 6 26
6 11 31
7 4 8
1 27 22
13 10 20
9 1 15
9 9 30
6 24 26
13 6 23
2 1 32
13 26 25
10 8 11
10 21 19
8 6 15
2 13 28
9 2 24
1 28 34
10 24 2
7 13 2
5 16 6
12 5 3
7 8 12
9 14 10
7 4 11
9 5 31
9 24 35
9 26 11
7 17 34
7 4 30
1 5 26
2 28 5
12 7 21
2 23 5
11 1 37
13 23 29
9 14 15
6 8 11
11 14 13
9 9 28
10 21 7
6 14 23
10 21 19
3 12 28
12 4 24
5 16 27
12 6 28
3 16 2
5 5 35
12 14 1
11 15 15
5 4 36
1 22 17
13 10 2
13 27 9
5 10 2
6 16 13
12 23 17
10 18 25
9 24 9
2 5 33
6 2 1
10 9 16
11 16 7
12 23 3
8 20 21
11 1 1
11 3 15
8 3 12
4 10 9
8 17 7
3 15 3
4 20 22
11 3 38
6 19 19
10 3 22
2 6 13
9 7 19
5 28 33
8 13 27
12 16 29
7 18 14
7 19 38
3 4 4
1 18 27
4 18 25
3 15 6
3 9 39
13 1 15
11 23 26
1 17 9
5 28 13
12 29 4
6 14 28
13 23 14
11 27 3
11 12 5
11 8 20
13 20 22
13 27 18
11 9 17
5 17 24
2 11 37
5 17 29
1 22 1
11 28 20
9 25 11
1 8 25
4 15 8
8 26 30
8 18 31
3 9 10
5 7 7
3 24 5
1 16 39
2 8 18
12 24 17
8 28 30
11 8 33
7 5 16
6 2 1
12 12 32
4 8 18
9 17 8
4 20 34
6 22 10
13 10 9
11 12 29
13 6 6
12 11 39
6 15 30
3 12 8
8 14 8
13 17 35
13 2 1
1 10 20
10 19 5
10 5 6
1 18 8
5 22 21
3 1 39
3 26 28
4 3 12
1 7 7
3 23 33
3 16 2
9 17 36
13 22 8
3 7 33
8 29 4
1 25 37
1 4 6
8 14 21
8 9 19
10 21 7
8 24 25
1 5 32
1 19 33
11 9 36
6 24 38
6 18 29
1 27 21
11 29 8
11 24 36
8 24 26
12 8 19
1 26 38
8 8 12
6 8 31
12 11 9
11 10 20
6 4 40
4 11 5
5 9 31
13 28 11
7 3 39
6 26 20
6 25 22
5 3 4
3 1 11
9 3 8
6 25 26
13 15 5
1 25 32
2 4 33
8 1 33
3 19 25
7 6 32
13 21 11
10 16 15
2 20 34
8 22 28
6 27 19
5 16 27
12 19 25
2 10 12
5 13 40
6 20 33
1 1 20
4 7 19
12 9 26
7 21 38
1 16 31
7 12 22
9 10 4
3 14 24
10 11 10
8 2 20
8 29 12
12 7 18
10 16 36
8 26 33
7 7 25
9 6 40
9 3 6
12 2 5
9 19 7
12 4 13
11 14 37
9 4 36
12 10 17
1 4 27
5 8 39
9 1 31
6 8 36
13 19 27
11 3 37
1 13 6
2 21 19
1 16 21
8 4 1
1 18 17
13 8 28
4 19 11
6 6 21
1 21 39
12 1 26
10 24 18
2 19 19
11 2 34
8 9 20
8 21 28
11 21 27
12 26 37
7 17 40
4 23 27
9 14 16
3 21 35
11 11 30
10 29 25
10 26 28
1 29 33
4 9 32
9 14 30
9 5 26
13 11 21
3 15 33
11 14 19
4 24 22
11 11 1
5 3 18
12 13 34
1 15 4
3 13 21
4 18 5
2 14 31
3 10 4
8 13 13
2 21 21
4 24 25
6 19 38
11 18 7
1 2 12
7 5 20
8 17 12
7 23 18
12 28 8
11 25 26
2 8 21
11 16 33
2 27 29
3 19 26
5 12 11
1 6 11
5 26 39
7 4 26
8 16 37
1 12 37
1 26 33
7 20 34
10 21 40
12 21 19
2 22 25
2 25 21
5 6 9
7 27 10
2 2 16
4 14 3
6 22 31
11 12 40
3 27 10
9 11 13
1 24 39
9 29 36
9 2 7
6 28 26
10 2 32
12 18 19
7 1 18
3 7 15
6 19 19
13 15 39
4 13 19
6 29 1
4 13 29
12 18 1
10 21 31
11 16 12
2 16 4
6 23 37
8 11 5
7 1 39
9 6 25
8 18 15
5 28 29
4 26 28
5 27 4
8 9 19
11 14 25
3 8 9
5 6 5
13 13 11
2 9 15
8 12 30
7 2 22
4 11 7
3 6 3
10 22 3
3 2 16
1 17 23
9 20 7
7 8 30
11 18 27
7 23 2
3 17 2
12 4 30
6 12 20
4 8 18
8 24 13
8 22 26
6 17 20
13 21 2
9 19 23
6 9 1
12 12 28
6 23 19
12 9 12
11 21 5
11 9 32
3 20 8
12 17 7
6 4 25
4 19 24
7 8 32
10 14 33
11 17 10
13 11 23
1 17 20
4 22 14
3 16 28
4 3 24
13 18 25
6 13 31
11 8 20
8 10 22
1 26 10
11 15 34
2 2 39
4 6 4
12 9 11
9 11 28
1 9 8
10 21 20
8 18 5
3 8 39
13 19 7
3 21 33
13 4 11
11 13 29
10 1 28
10 12 16
9 16 16
12 8 23
13 29 33
13 25 20
11 12 28
12 11 19
3 12 4
13 4 29
6 24 33
8 11 13
7 4 21
8 19 23
9 22 30
3 9 40
11 5 36
4 25 5
6 28 12
7 7 28
2 18 14
9 25 5
5 29 28
6 14 24
11 14 24
1 13 32
3 28 16
10 27 23
5 25 34
10 15 11
9 13 5
1 29 24
6 18 10
10 20 38
5 1 3
5 29 19
6 10 1
9 4 2
6 17 21
4 14 5
9 17 1
6 5 2
10 24 22
8 20 36
10 17 38
6 7 40
6 7 25
9 21 8
1 8 21
5 25 4
5 18 27
9 3 1
6 14 8
3 16 18
10 10 24
5 6 17
8 22 22
5 20 37
6 21 33
5 3 36
2 7 3
11 6 40
8 9 22
5 16 14
1 20 15
3 22 15
5 23 31
13 14 7
4 13 17
12 15 27
7 6 34
3 26 22
4 13 22
13 23 22
12 1 3
13 1 21
13 2 15
13 12 34
13 11 32
3 26 9
3 17 15
12 1 40
8 19 4
8 17 13
2 22 12
8 21 31
11 19 3
8 2 19
2 11 1
13 28 3
7 18 28
12 27 32
11 13 12
6 12 24
9 14 35
8 8 37
9 23 33
3 26 36
11 1 5
10 16 4
3 2 4
8 28 32
1 5 32
3 23 39
10 25 40
2 2 4
7 10 20
1 10 10
8 4 38
8 8 27
9 4 22
13 7 9
9 26 12
8 11 28
9 5 11
4 12 38
10 13 31
2 15 17
11 12 11
8 11 21
4 10 30
3 24 1
7 24 15
8 9 29
6 24 10
3 15 26
6 5 2
11 11 39
7 13 37
9 14 25
3 21 27
4 10 29
11 3 38
6 1 22
5 26 1
1 6 27
9 10 13
4 16 20
4 24 19
9 16 11
6 23 33
1 27 37
9 16 33
12 8 37
2 21 21
2 26 1
1 3 39
1 24 1
2 16 6
12 15 6
7 16 16
6 9 22
3 19 30
11 21 22
2 1 16
4 9 11
7 23 7
7 13 9
5 28 31
3 2 7
2 29 13
8 23 18
10 3 5
2 25 26
11 15 40
13 18 38
8 19 33
13 26 33
9 5 26
9 29 2
12 22 21
9 29 22
5 7 10
10 17 32
12 19 14
7 15 2
13 25 25
10 11 33
1 21 6
11 3 28
1 29 32
11 22 23
6 24 39
13 22 29
6 19 14
11 24 33
2 17 32
12 19 37
13 16 13
8 17 31
13 20 32
12 21 29
4 12 39
11 1 40
7 15 26
3 11 38
1 27 36
2 1 14
4 3 25
12 17 25
8 4 22
6 16 2
9 3 15
12 2 26
11 22 16
4 14 39
12 18 12
4 21 1
5 22 20
11 21 7
7 19 23
3 12 26
6 9 25
10 20 26
3 11 17
8 27 27
3 20 15
3 9 12
7 25 27
10 21 9
3 5 28
9 3 3
5 19 22
1 8 9
12 17 16
2 19 3
3 8 22
5 18 31
2 24 30
9 10 37
4 28 21
8 14 33
1 8 6
5 2 33
8 28 25
2 11 4
5 18 40
2 9 39
10 1 35
7 19 36
13 22 34
5 9 32
8 25 21
4 24 30
12 27 34
9 25 10
8 26 33
12 20 3
1 7 20
13 24 26
11 3 38
1 18 37
9 16 34
7 14 27
1 5 39
4 23 30
3 29 4
3 25 10
9 4 2
8 26 12
9 13 1
6 27 23
2 7 13
2 24 7
4 26 35
4 20 30
2 11 34
3 25 23
5 17 22
9 27 18
13 19 10
13 13 24
10 22 30
8 18 29
3 4 31
2 18 5
9 13 13
4 12 16
2 16 38
1 13 12
12 23 38
6 6 4
10 8 23
11 13 25
13 4 9
8 6 13
2 8 25
6 13 8
2 5 16
13 9 26
7 17 23
10 10 26
2 26 37
4 7 7
6 12 23
7 1 17
13 27 2
6 20 30
7 15 24
6 7 30
1 14 22
4 6 40
10 29 39
1 2 14
11 1 19
6 4 18
13 19 36
1 24 14
10 15 30
13 5 12
8 13 21
9 11 20
12 17 20
4 15 36
7 8 25
1 3 20
1 17 23
9 20 36
4 18 3
4 19 30
2 26 15
9 11 2
10 22 38
12 24 16
3 8 34
11 29 29
5 29 3
12 24 17
6 12 4
3 19 36
8 26 39
10 28 3
12 26 7
4 2 38
2 20 10
1 6 12
1 12 28
3 15 38
1 28 30
1 1 35
12 10 15
10 22 40
7 13 32
11 15 33
1 1 21
10 3 8
4 11 3
1 28 16
5 16 27
2 22 13
10 26 16
11 10 34
12 13 3
1 6 10
2 11 8
3 20 6
10 10 6
10 11 7
12 9 21
8 16 22
8 15 31
4 19 14
6 1 10
3 28 5
13 14 2
5 28 29
13 23 30
2 1 25
7 19 30
11 1 8
2 2 7
2 14 35
11 11 38
8 3 1
10 27 13
12 18 40
8 25 21
3 8 38
5 28 21
3 3 4
10 4 11
1 27 40
11 3 3
9 24 6
12 27 1
8 9 26
3 1 13
10 3 13
5 6 10
4 19 7
13 18 13
6 4 9
1 8 28
7 1 19
2 4 34
7 27 30
1 3 13
7 14 4
10 6 23
7 26 24
2 28 13
12 6 40
5 22 3
13 8 4
6 5 32
1 29 18
6 28 40
2 21 38
4 4 30
6 24 10
8 15 10
6 16 33
3 6 11
5 8 12
10 10 5
8 15 35
5 4 1
9 12 3
3 21 16
12 8 13
6 10 31
11 26 9
6 6 35
10 26 40
10 3 9
11 5 10
12 11 19
9 29 1
1 15 2
9 6 38
8 23 17
5 9 2
1 2 10
5 22 29
8 11 26
6 28 8
7 13 12
2 4 2
7 24 13
9 13 40
12 23 5
1 6 37
2 18 20
13 2 6
3 3 9
4 12 16
9 27 15
8 2 19
5 19 1
5 14 35
6 15 4
3 10 37
3 27 6
10 8 2
8 6 36
3 22 19
9 12 18
10 16 39
10 1 25
2 7 40
1 7 27
10 24 12
2 8 8
11 6 7
9 2 27
7 18 30
9 17 34
8 13 7
5 21 16
1 10 35
13 18 37
10 3 39
3 9 20
7 15 6
8 19 8
12 25 35
12 21 1
8 22 12
5 11 5
12 25 11
8 25 18
8 26 12
12 19 6
1 4 30
7 10 15
1 3 9
7 5 8
13 19 33
9 6 19
2 3 1
8 5 10
7 22 34
4 17 1
12 16 10
9 21 24
13 18 13
9 2 17
7 17 33
5 15 7
4 24 1
2 20 24
1 26 40
9 4 15
6 14 32
4 15 36
4 6 25
2 10 23
8 23 18
13 19 35
12 29 10
9 5 39
6 20 30
9 17 26
10 4 39
3 25 13
2 12 10
2 27 40
3 15 2
4 6 15
6 12 16
3 9 2
12 26 7
11 13 28
6 28 16
3 28 9
2 22 27
5 1 4
13 5 13
13 16 22
3 21 29
2 6 29
12 27 36
2 9 4
9 10 19
4 3 10
1 18 8
8 1 16
13 19 31
3 22 15
13 17 20
7 17 16
11 24 3
3 7 36
7 12 27
3 23 25
11 13 34
6 19 21
11 10 30
3 1 18
5 13 25
11 7 9
4 15 24
4 16 10
4 25 38
11 3 35
12 27 30
3 16 5
9 23 29
5 28 9
5 11 35
11 14 12
5 15 14
6 7 12
9 17 6
3 26 6
7 9 23
9 16 13
6 25 31
10 12 39
2 5 12
2 13 2
3 20 22
13 4 13
1 3 10
11 1 24
9 11 34
2 20 4
2 28 11
8 10 6
7 3 33
12 8 19
2 10 11
6 17 38
5 12 1
7 14 27
3 1 6
12 11 30
7 9 5
7 4 32
7 5 35
5 2 3
1 21 8
5 7 3
8 22 32
2 17 2
9 22 37
1 16 28
8 24 12
13 15 7
3 2 9
5 1 22
13 7 38
3 28 18
4 27 4
12 21 35
1 24 30
13 22 6
11 19 30
13 21 23
5 27 12
3 24 31
3 21 34
9 3 38
7 24 7
1 19 38
1 28 33
2 1 23
1 20 38
6 4 39
1 6 6
12 3 22
5 27 40
12 2 34
1 8 6
6 5 40
4 7 38
5 21 8
8 8 36
8 22 14
5 19 8
12 25 39
1 14 34
3 27 27
9 28 22
13 18 22
8 21 39
4 25 1
3 26 21
11 28 30
8 20 30
8 12 3
10 6 11
3 2 1
12 16 39
13 16 39
12 1 5
9 6 25
6 4 17
2 19 22
13 6 37
2 14 35
10 11 8
4 26 30
3 7 36
12 17 2
8 10 9
8 29 12
2 6 5
13 3 39
5 11 5
3 8 16
6 1 7
6 19 18
6 9 14
8 29 39
5 25 11
9 5 22
10 10 30
8 15 21
10 23 35
13 28 36
4 9 16
2 22 25
3 6 28
10 12 23
11 8 3
3 6 37
3 16 32
2 10 26
6 28 11
9 15 13
3 19 18
13 2 25
1 24 2
13 16 15
2 9 37
1 25 22
12 21 4
11 25 14
3 11 40
9 20 38
6 4 18
7 12 13
5 18 38
13 10 10
5 27 31
1 14 6
3 18 6
2 12 8
12 20 26
3 27 16
2 14 18
1 6 30
4 20 39
3 15 16
5 20 13
13 12 28
6 29 10
3 17 10
2 11 3
4 8 11
3 19 4
4 8 27
3 2 16
11 6 26
3 15 34
10 13 17
2 13 38
1 27 4
7 20 15
13 10 28
5 1 38
5 28 20
12 6 34
9 8 15
13 20 18
13 16 18
5 4 33
1 14 9
12 20 34
7 6 14
10 28 22
3 16 26
10 22 5
11 6 24
9 25 12
6 7 37
2 9 17
2 27 34
12 25 12
4 18 1
4 12 21
1 2 3
13 8 9
3 19 36
11 21 3
11 19 15
2 8 11
9 18 37
9 18 21
8 29 4
4 20 16
9 26 18
9 13 16
11 27 23
2 1 8
6 16 20
1 15 19
10 29 13
12 23 17
2 5 35
12 10 32
13 15 29
8 29 11
11 6 10
12 22 19
8 4 37
4 11 34
11 25 23
4 28 19
11 9 17
10 11 28
5 12 3
11 22 21
1 19 31
12 7 12
4 20 9
10 22 11
5 8 7
11 4 36
7 24 34
1 23 13
11 26 21
2 1 23
6 11 37
5 18 22
12 17 25
8 2 12
5 7 19
10 3 34
1 17 15
4 20 13
9 20 6
9 21 12
1 5 3
12 11 4
5 16 14
7 20 8
10 18 10
9 5 4
3 14 10
5 18 38
9 23 4
12 22 24
9 8 7
10 24 6
8 1 20
4 12 40
1 23 29
8 28 28
3 5 19
12 21 37
3 10 23
1 3 33
1 4 5
8 1 32
7 3 15
8 1 15
6 14 40
12 9 1
8 2 9
8 7 25
13 28 25
12 13 11
11 23 13
8 18 7
1 4 16
6 7 23
6 28 25
3 24 40
4 15 28
10 18 38
12 9 17
11 12 17
1 16 39
9 21 11
1 1 27
2 6 29
5 1 3
4 4 16
9 19 11
13 27 28
3 29 12
3 4 3
7 22 13
2 23 8
9 27 38
12 2 2
8 20 11
2 28 35
1 23 14
1 2 35
7 17 26
3 11 18
12 1 8
11 4 6
1 12 9
6 23 19
10 27 26
11 2 25
7 6 4
4 20 25
6 11 17
13 1 32
7 25 15
9 25 34
5 12 15
6 9 24
6 15 7
4 29 11
9 28 32
4 26 6
9 22 37
2 13 4
4 16 35
11 22 28
6 27 7
8 19 24
4 14 3
7 9 21
8 21 23
6 24 18
4 4 15
2 4 27
11 1 13
4 13 20
4 27 1
9 16 24
13 18 20
9 11 23
2 9 14
13 21 29
4 26 4
13 21 8
3 24 24
13 10 14
7 15 25
11 10 10
1 8 28
2 1 3
8 9 21
2 14 21
7 17 11
13 27 10
9 15 14
9 29 14
2 17 25
4 17 14
1 17 38
2 18 19
1 20 19
3 10 25
9 4 14
11 23 25
5 8 35
13 28 22
3 6 30
2 7 14
2 7 36
12 8 27
8 23 16
12 19 14
12 7 33
3 1 21
9 25 16
7 26 28
9 6 15
11 25 5
4 8 30
2 4 19
8 17 18
3 12 31
2 25 7
2 24 39
12 17 25
9 4 34
8 20 33
7 18 37
6 25 13
5 23 9
6 18 29
7 21 13
12 27 15
4 7 24
12 6 27
5 23 4
7 18 39
3 8 7
9 14 29
12 18 9
6 9 33
11 19 37
4 4 24
2 1 33
10 5 17
11 5 25
2 25 28
6 24 35
2 21 16
5 14 39
12 23 13
8 2 14
13 4 29
13 18 33
8 21 28
10 7 11
8 29 31
8 10 17
3 22 3
12 2 2
5 15 22
6 9 12
13 3 11
11 5 25
6 6 26
4 26 3
12 18 26
2 16 36
3 29 25
10 24 8
3 12 37
13 12 24
6 1 18
4 3 25
4 7 20
2 5 34
10 10 8
4 16 25
13 17 13
4 25 9
10 15 9
1 4 35
2 12 6
12 4 38
11 29 32
10 9 36
12 1 19
4 6 32
6 29 13
11 22 9
9 28 28
5 4 20
1 18 18
8 27 14
1 10 39
4 20 40
2 15 23
6 10 7
4 28 36
11 5 33
5 1 16
3 16 3
6 7 39
2 5 31
12 21 37
9 23 13
3 3 22
13 16 7
3 16 21
1 3 14
10 24 8
7 23 13
3 9 11
5 10 1
11 27 32
10 27 8
1 23 40
12 26 5
7 11 30
9 3 25
9 29 11
1 20 30
4 2 27
12 5 32
7 28 21
1 14 17
10 8 35
5 6 25
2 10 29
13 25 21
7 4 3
8 17 7
6 10 16
10 19 36
5 25 14
3 16 2
2 5 38
13 11 20
1 7 37
12 6 29
10 3 14
2 14 20
12 27 3
8 12 16
1 26 37
10 4 8
13 6 9
1 8 33
13 10 33
5 27 8
8 20 36
10 28 21
5 27 10
12 12 30
3 28 6
6 2 26
13 4 38
5 10 23
9 25 40
10 20 38
4 20 13
5 16 35
11 11 32
13 19 31
10 8 25
2 14 33
6 25 38
10 15 33
7 8 38
10 5 30
2 5 23
7 19 5
2 29 18
6 21 14
11 17 37
4 19 4
9 12 32
2 8 10
7 5 37
2 15 10
7 5 15
3 23 31
1 19 1
11 19 17
9 21 38
5 16 16
4 29 24
7 7 20
11 27 38
8 5 23
7 6 38
6 11 25
9 2 23
10 2 28
9 10 27
2 5 3
12 19 16
12 29 13
1 3 28
7 10 8
10 15 30
3 9 34
9 3 9
13 1 16
6 12 39
1 4 35
6 20 28
9 24 26
12 10 17
5 14 40
7 1 1
10 18 5
1 24 35
11 19 38
7 5 23
1 1 40
7 5 29
6 9 22
12 27 37
9 29 22
1 24 23
9 26 14
7 11 30
10 28 28
4 24 22
8 22 7
6 15 30
9 12 30
2 3 5
2 28 6
13 7 17
2 6 25
6 28 9
11 16 17
4 24 37
10 21 7
6 11 10
13 9 37
12 19 9
6 29 39
2 3 2
7 8 11
1 24 35
4 22 30
13 24 26
9 16 10
5 5 19
11 20 21
2 26 22
5 10 19
4 27 7
12 7 33
1 24 19
4 29 7
4 28 36
12 11 40
12 25 39
4 20 14
11 21 3
2 20 10
12 11 14
5 11 3
4 21 37
6 20 39
6 13 19
6 29 24
1 28 27
6 1 30
10 18 36
11 19 36
3 24 21
6 27 19
13 21 30
6 20 10
10 6 28
6 2 2
13 13 11
4 25 25
3 18 14
6 16 40
9 22 5
5 20 29
13 26 12
12 4 24
12 16 10
13 25 18
7 14 30
2 20 33
4 10 22
6 13 27
6 1 24
2 9 38
7 26 37
2 22 14
6 24 22
6 27 30
13 27 40
7 3 5
3 9 13
11 4 31
11 29 4
1 24 19
11 6 6
1 28 27
8 26 31
11 16 1
9 9 27
1 24 23
3 9 34
6 3 35
11 20 4
3 4 23
3 9 15
7 26 9
11 28 6
4 11 3
11 18 35
2 20 25
11 11 40
13 2 39
9 28 19
7 19 23
7 2 10
11 19 8
2 19 25
11 5 40
10 3 25
6 20 25
13 6 9
12 5 20
3 18 33
3 6 40
1 21 7
3 21 25
7 11 38
9 7 14
9 2 5
3 23 16
13 4 2
4 14 36
13 12 25
5 16 10
12 15 23
5 25 5
8 17 1
6 18 29
6 11 34
12 10 11
7 2 10
9 10 11
11 28 24
5 9 32
5 5 3
9 8 21
4 1 10
2 23 35
10 16 31
13 3 27
7 3 23
2 23 4
13 25 16
8 22 23
7 10 24
3 3 8
10 5 19
12 17 37
8 22 39
9 10 31
9 3 17
9 4 39
3 27 32
7 14 6
6 13 2
10 23 11
4 22 26
10 12 2
13 4 22
1 3 16
2 16 11
10 27 4
7 9 13
7 20 26
2 26 33
6 12 27
9 25 30
7 13 5
11 18 36
11 24 5
12 13 13
1 27 23
9 5 33
6 24 24
13 8 21
10 21 13
5 5 9
3 26 22
12 24 12
2 7 5
5 2 32
7 28 17
4 25 40
13 28 23
11 28 6
10 22 35
1 9 27
6 25 35
11 21 21
7 22 21
5 12 13
11 11 28
12 9 37
11 7 35
10 6 6
4 29 8
2 19 23
12 13 31
2 3 14
9 18 27
13 23 10
6 4 7
5 4 4
9 9 27
1 19 17
3 5 25
11 9 27
2 1 31
13 1 15
1 28 8
1 13 12
12 24 38
7 3 33
3 23 23
5 7 10
13 14 24
10 18 30
8 28 6
4 22 28
11 1 28
5 20 7
13 5 33
7 7 39
6 11 24
6 16 37
7 20 37
7 8 16
6 23 25
13 14 40
5 21 33
10 14 19
2 18 32
13 24 12
5 9 30
1 29 12
9 3 9
6 9 19
2 1 13
8 21 22
8 9 14
13 3 37
10 5 35
13 14 4
3 19 3
7 14 5
10 2 22
12 13 9
5 3 4
5 14 33
9 23 36
12 17 21
1 21 32
5 9 5
10 13 35
13 17 8
3 8 34
12 27 14
10 11 20
10 10 2
11 18 38
13 10 12
4 4 19
13 4 12
1 9 14
11 23 14
12 16 16
1 6 10
13 11 20
5 27 9
5 29 8
5 4 9
1 10 13
12 18 20
8 7 3
1 26 39
13 7 19
4 4 11
4 23 35
8 11 18
6 3 25
10 29 26
4 9 20
2 23 25
12 21 16
13 13 22
4 19 10
9 17 20
5 12 26
8 29 29
2 20 35
2 13 9
10 17 39
7 11 31
13 22 26
6 18 21
12 9 30
1 3 26
8 17 10
4 4 15
3 20 28
1 7 2
13 21 3
3 11 7
8 28 25
2 1 1
11 20 10
13 29 2
9 23 38
12 18 27
1 17 38
10 12 2
8 12 28
2 1 16
7 24 22
4 29 29
7 14 40
4 8 17
10 22 6
1 28 16
1 1 26
12 14 35
8 6 33
13 21 22
5 18 38
5 14 9
10 23 5
3 20 22
9 2 11
11 12 7
4 6 38
4 29 21
9 18 10
4 2 38
11 23 17
6 19 24
7 27 32
13 15 30
8 17 15
6 18 20
10 19 36
2 23 38
11 22 33
11 10 6
12 29 15
7 29 37
1 3 4
10 11 4
10 27 33
3 11 7
6 21 36
9 14 36
11 20 37
7 26 40
11 19 7
13 25 19
8 9 17
3 1 20
6 20 28
13 10 2
1 29 34
6 21 33
11 22 39
12 19 14
11 19 12
11 23 6
4 28 32
1 12 40
3 17 13
3 16 15
8 28 29
13 20 8
6 10 16
5 26 23
7 13 8
13 22 14
13 28 38
7 5 9
1 10 33
10 18 13
8 10 14
6 14 14
10 1 19
6 20 5
5 15 18
4 7 36
10 9 35
5 21 40
13 23 23
2 4 13
4 13 5
3 5 22
2 4 1
8 24 30
1 9 36
10 24 8
11 4 15
2 25 1
2 20 24
6 5 32
13 5 3
7 27 18
6 3 32
6 25 20
2 17 19
11 20 2
2 7 34
10 9 25
10 13 7
12 27 30
3 28 30
12 3 39
9 16 8
9 2 24
13 27 16
10 2 7
7 3 27
5 5 24
1 22 38
7 27 23
13 4 17
9 25 16
11 9 28
7 4 23
3 26 3
7 22 37
3 14 14
6 15 3
2 20 17
13 23 6
10 17 1
7 18 22
13 21 4
4 29 5
8 11 33
6 13 13
8 17 26
12 27 34
12 22 1
13 15 21
4 10 21
7 21 10
6 7 40
12 16 39
8 7 6
2 16 3
1 15 37
7 6 13
6 8 21
11 6 1
6 12 2
4 8 16
7 21 26
4 24 27
4 19 38
3 4 27
3 29 19
8 25 4
3 7 32
6 16 32
13 17 40
12 11 34
13 18 17
12 6 5
10 8 26
4 27 39
9 6 1
1 18 18
8 23 27
11 3 3
7 25 16
8 25 14
12 15 28
6 1 29
3 10 37
2 17 30
7 23 25
2 10 36
2 17 12
8 14 18
13 14 15
4 12 10
9 27 40
13 22 30
8 29 17
3 3 40
11 3 19
10 12 2
3 23 29
3 22 34
10 5 31
13 14 25
3 21 30
2 27 29
5 4 26
2 18 12
8 1 17
2 14 12
3 8 23
1 26 3
8 21 29
10 11 1
12 21 3
7 24 33
13 6 24
11 15 26
9 24 19
9 1 3
3 3 10
3 17 35
13 5 19
3 21 26
10 3 24
3 1 24
13 12 31
10 7 28
7 15 25
7 8 37
8 24 5
13 20 10
2 22 2
12 24 36
3 20 20
5 22 39
2 17 7
6 2 21
3 11 36
13 25 20
7 29 3
13 29 16
3 28 21
13 23 25
6 28 20
6 24 11
3 15 34
1 15 40
9 18 9
11 18 19
13 23 28
12 24 29
3 23 26
4 25 23
11 26 37
1 10 6
7 8 4
10 21 14
3 29 25
9 12 3
10 3 11
6 23 32
9 8 24
9 26 2
13 11 35
8 20 36
11 29 15
4 4 15
3 16 25
1 16 17
7 5 29
11 10 33
5 24 38
4 16 15
13 3 7
7 24 37
12 21 37
5 25 31
9 29 35
7 11 11
6 26 7
5 7 16
13 2 27
1 25 31
3 20 25
1 4 21
3 28 30
4 17 22
12 22 7
7 23 16
3 20 19
6 19 28
13 11 4
11 12 2
3 1 36
2 26 31
10 27 2
12 9 2
9 20 4
5 6 31
3 13 16
6 12 11
4 22 8
4 8 16
2 28 6
1 7 1
13 28 19
9 17 14
1 7 34
10 29 14
3 15 13
10 3 29
10 5 3
7 22 10
2 27 20
10 15 39
10 10 18
12 4 33
8 2 7
12 1 4
9 3 32
6 20 17
7 15 22
7 13 27
3 15 22
12 11 35
13 28 18
1 21 29
5 1 29
7 24 16
8 2 35
9 13 40
5 11 16
13 13 13
4 5 18
9 10 34
6 25 31
3 3 39
9 13 37
7 12 19
9 24 4
11 21 17
13 13 24
7 26 32
8 1 19
10 7 35
1 18 31
6 22 8
4 2 20
10 25 36
8 24 38
3 16 19
6 10 34
6 27 5
8 26 14
12 2 10
4 5 39
4 2 37
3 13 6
13 28 36
3 27 4
10 4 6
5 18 29
5 4 24
1 21 30
6 23 6
9 15 18
7 22 2
8 16 17
13 26 5
10 16 21
8 25 36
9 24 33
11 25 40
4 15 21
9 27 2
9 5 35
1 2 19
10 19 1
6 12 23
3 6 7
3 11 18
11 10 17
13 4 24
7 11 31
11 2 32
10 4 29
12 5 27
12 23 37
8 22 19
8 6 36
3 4 40
3 11 34
1 12 11
13 15 18
5 29 29
10 14 33
10 25 27
1 22 37
8 5 12
6 20 38
3 9 13
2 4 4
2 23 13
2 3 39
8 25 29
10 17 38
8 6 15
1 4 6
1 15 18
4 24 26
10 19 16
2 9 35
3 19 30
1 26 22
4 7 35
6 6 23
12 29 4
11 11 11
6 2 16
1 29 38
5 26 30
6 1 9
1 22 24
13 19 15
10 3 13
12 17 13
1 18 18
7 23 17
3 14 27
1 17 26
7 9 18
12 9 19
1 11 14
13 24 29
4 14 31
2 17 6
12 20 20
7 21 24
1 9 7
2 21 39
2 23 13
2 4 40
10 22 26
2 1 17
8 6 9
8 5 13
2 16 21
2 25 34
8 19 5
12 16 5
2 27 19
13 14 17
7 2 22
4 3 11
3 13 26
9 23 26
6 23 24
5 14 23
5 12 11
2 21 13
8 7 13
7 21 38
10 16 21
5 13 25
11 7 39
3 10 27
11 5 13
10 3 23
9 19 6
3 12 40
6 24 3
10 4 31
2 11 3
7 29 27
3 3 21
13 27 29
2 7 4
2 13 14
11 11 13
10 5 8
8 18 30
3 28 24
6 11 12
12 23 31
11 4 36
8 2 34
8 3 7
6 4 2
7 24 22
12 4 25
10 25 35
13 13 38
5 8 10
10 6 17
8 25 19
9 17 7
12 1 19
11 25 11
5 19 28
10 18 17
2 20 14
6 29 39
9 21 33
7 22 30
10 11 18
10 28 6
12 14 16
13 21 20
10 19 21
6 6 28
12 3 17
8 6 34
4 8 3
4 18 25
13 13 25
7 24 34
7 14 16
12 27 3
13 20 13
9 3 24
2 26 12
1 11 37
10 19 2
1 8 15
9 29 18
3 5 39
3 29 10
4 12 22
8 29 11
3 23 12
3 9 24
8 12 17
13 22 33
4 17 40
5 5 8
8 1 6
8 11 36
12 9 24
13 16 35
9 18 18
2 1 35
1 2 5
4 4 24
6 13 23
9 5 13
9 9 39
4 12 22
4 29 25
11 19 13
12 24 34
4 1 19
1 4 21
13 22 21
5 21 34
9 17 5
2 15 23
1 14 37
3 23 39
9 22 1
6 4 6
4 2 35
10 20 18
10 8 29
4 25 22
3 19 33
6 26 8
11 10 22
9 16 38
4 12 17
1 7 38
9 19 11
5 3 28
2 26 3
2 16 12
8 21 23
12 22 34
13 13 33
6 14 37
6 9 5
5 9 5
8 3 12
13 5 38
4 24 31
5 2 28
1 13 24
13 23 2
9 9 9
2 2 34
9 16 6
13 15 35
7 26 31
9 14 13
6 10 2
6 17 3
10 24 26
13 7 3
13 26 33
1 17 11
12 27 12
10 14 23
1 5 34
7 1 12
8 22 4
5 22 8
13 5 24
9 22 24
13 16 32
2 1 6
5 22 15
5 23 10
9 13 1
5 2 20
5 14 7
1 1 4
12 6 34
11 19 35
7 20 39
12 15 28
9 13 10
4 14 26
9 22 39
2 10 34
11 26 3
12 20 3
2 7 9
7 11 15
6 6 14
7 23 39
12 29 22
6 21 33
7 9 30
1 7 2
5 17 15
2 19 18
2 22 2
7 15 31
8 4 13
11 19 31
8 26 7
10 25 26
10 9 29
13 18 10
2 5 16
13 9 24
9 22 40
7 20 19
2 3 32
12 5 28
5 15 30
11 23 16
3 2 30
6 12 15
4 28 36
1 21 33
7 3 2
6 26 31
9 17 8
4 16 17
3 13 20
4 3 13
3 25 40
1 19 40
13 14 13
3 11 11
12 11 9
12 17 30
9 1 4
6 1 5
9 6 35
13 1 9
13 24 16
3 11 3
9 2 16
2 24 11
3 1 7
13 3 18
10 28 19
10 20 12
7 8 14
8 19 8
12 29 21
4 17 2
10 7 8
10 28 35
13 24 14
11 9 30
3 7 30
3 18 3
13 27 1
13 7 37
2 21 24
5 22 8
9 15 6
7 24 7
2 28 30
6 19 24
6 10 27
11 19 9
13 3 36
7 13 9
10 13 7
6 16 13
5 25 12
4 19 37
6 13 33
9 28 12
13 3 17
6 14 16
1 27 17
2 21 37
6 10 17
10 28 21
2 16 22
11 25 3
13 28 22
3 20 26
4 27 14
5 8 3
6 1 26
8 22 12
12 13 9
8 8 35
4 18 27
11 7 24
2 4 17
7 4 5
13 3 30
9 14 28
12 10 10
11 17 32
8 20 14
5 3 34
2 27 4
5 28 2
3 19 17
5 29 29
4 2 19
6 19 32
5 13 2
5 11 1
4 12 27
2 8 35
9 6 32
4 15 33
8 5 4
9 4 36
11 9 37
12 13 30
3 16 17
9 21 20
6 2 18
11 13 36
9 22 8
13 24 23
10 26 3
8 25 36
3 6 33
2 13 10
6 11 35
9 17 22
5 26 14
7 10 4
11 2 22
7 29 23
1 18 23
12 25 32
4 3 4
13 20 30
2 22 22
8 1 1
11 2 32
1 20 31
2 14 6
7 2 12
6 13 1
12 24 23
11 3 39
5 1 27
11 22 25
5 25 29
3 16 31
5 9 37
1 4 3
7 19 9
4 29 35
2 1 39
5 14 18
11 11 10
3 28 1
10 8 6
3 11 24
4 27 34
8 28 31
3 29 1
11 11 33
5 1 29
13 10 35
2 10 23
5 17 17
10 28 37
6 29 30
1 21 10
8 26 15
11 2 21
2 29 8
2 27 29
7 16 32
7 22 34
9 23 22
12 9 8
2 26 16
13 22 34
4 14 22
7 9 31
2 11 39
12 14 20
11 15 28
13 2 7
2 20 6
9 12 19
13 5 37
9 26 20
7 17 25
9 20 23
10 27 34
12 23 2
10 16 9
7 20 34
10 1 3
9 2 12
3 18 34
10 9 34
11 8 10
1 26 21
13 3 36
5 9 20
12 17 5
9 2 38
10 17 13
5 16 5
9 23 28
2 28 7
2 8 39
11 2 21
2 4 27
10 21 17
12 8 27
3 8 5
10 9 29
13 5 6
10 16 31
1 9 40
1 1 10
8 15 1
3 19 22
11 26 30
3 22 28
1 9 20
10 9 4
9 1 10
1 11 32
5 20 21
7 12 28
5 19 15
2 4 5
5 19 24
3 24 26
13 20 18
3 17 3
6 10 9
8 26 1
8 15 11
2 10 13
1 18 27
12 14 32
12 23 7
11 29 24
9 20 40
10 6 22
9 11 7
8 2 4
6 11 33
6 18 38
9 13 10
4 12 22
5 23 33
12 27 27
13 25 20
1 16 24
10 1 3
2 9 38
2 24 33
2 12 15
1 9 7
3 7 5
4 13 40
9 1 32
4 15 36
12 22 36
11 27 5
11 16 6
6 26 26
2 16 22
6 22 25
10 28 32
10 4 31
7 20 39
1 8 2
13 8 19
4 8 13
2 28 34
10 27 7
10 12 30
9 28 16
9 24 20
9 11 6
10 10 19
8 16 38
10 5 3
2 6 22
13 11 31
1 10 32
3 22 23
12 29 11
11 22 37
2 11 31
5 13 10
9 7 38
10 22 35
7 10 8
11 12 9
4 25 31
8 20 24
5 1 36
5 6 2
3 6 22
11 5 40
6 20 26
13 3 23
2 27 22
4 27 23
10 9 8
12 28 38
1 24 2
12 5 10
11 19 32
13 24 23
13 15 37
1 20 6
5 26 8
13 13 1
1 28 23
8 3 19
13 5 40
12 5 19
7 7 15
7 22 1
6 21 32
11 3 28
6 5 9
5 25 7
4 14 1
9 11 36
11 29 13
11 21 22
5 12 8
3 7 21
13 24 1
3 22 12
10 23 26
10 1 7
13 23 28
4 9 39
10 19 35
10 25 1
6 7 20
11 5 39
8 22 16
9 8 16
5 3 4
7 5 35
7 10 9
4 15 20
4 26 6
13 21 2
12 19 29
13 9 17
2 2 23
3 28 16
9 24 8
5 25 1
5 7 2
2 21 3
13 1 27
3 25 20
1 21 12
6 2 30
11 10 16
11 2 26
6 5 30
7 3 37
4 21 37
5 23 20
7 23 34
11 15 12
8 17 32
1 21 24
6 29 14
8 6 28
5 16 9
8 18 1
5 4 34
3 12 5
1 12 29
8 5 4
9 9 31
12 26 22
4 13 12
5 16 17
4 25 35
6 3 39
8 14 18
1 24 34
9 6 16
9 9 2
11 13 17
10 16 40
8 10 15
7 4 29
13 12 20
12 23 29
13 5 6
1 23 27
5 6 38
9 9 23
12 26 29
1 15 2
10 16 26
9 27 34
7 18 19
2 2 1
7 4 2
2 3 13
11 25 20
3 21 30
8 10 4
4 1 3
2 22 12
5 18 18
6 15 7
8 8 31
10 9 37
1 27 4
13 14 18
12 2 34
6 8 40
4 18 16
10 14 29
8 20 35
1 20 40
4 24 1
11 15 10
3 2 34
6 3 1
13 14 28
13 8 25
10 20 33
3 22 21
12 5 34
12 2 21
3 21 27
7 7 29
6 5 20
2 10 3
5 22 18
7 11 15
7 13 16
8 1 11
7 16 31
3 11 12
4 7 25
2 10 40
10 20 19
13 6 18
9 15 5
5 23 4
8 28 14
13 18 14
3 10 17
13 2 5
3 10 19
8 22 13
5 16 32
13 21 8
13 5 18
6 28 3
7 1 25
5 15 19
8 2 28
3 13 21
7 22 8
8 25 18
11 25 13
1 1 7
13 2 28
9 28 23
12 3 10
11 12 29
13 4 11
12 13 27
5 3 6
7 1 5
5 22 21
4 28 39
9 25 31
3 7 28
12 27 5
2 25 33
13 3 29
10 15 10
13 13 23
12 28 38
4 2 36
11 25 15
10 5 31
12 27 30
6 8 38
7 24 38
5 26 37
3 14 1
6 21 14
5 17 30
10 13 12
4 11 6
6 16 6
5 20 27
5 13 27
5 6 39
3 19 7
3 16 8
1 24 2
13 28 22
2 19 25
13 8 31
5 7 32
5 20 18
12 28 10
6 5 17
4 23 38
6 3 15
10 9 22
13 10 12
10 12 7
6 1 23
13 18 29
1 19 18
10 9 5
8 6 27
12 7 32
6 22 16
12 21 20
10 5 26
3 17 26
4 15 38
12 12 7
13 17 2
2 16 28
9 11 23
12 11 25
4 14 6
2 1 13
1 14 8
11 9 2
9 6 24
3 10 7
10 27 14
8 16 36
12 26 30
10 22 28
13 11 39
1 13 20
5 24 4
12 25 27
2 9 35
7 13 2
7 12 30
7 7 16
12 23 32
12 4 40
2 29 31
10 10 26
6 21 31
11 5 26
9 5 16
5 20 19
1 29 35
13 22 7
12 17 20
5 17 38
2 22 33
3 19 33
2 9 39
7 29 31
11 21 30
13 26 33
10 2 29
4 18 31
8 14 24
3 14 5
8 25 11
9 11 26
3 12 24
11 8 6
3 5 8
11 6 23
5 23 9
2 3 28
10 10 12
8 18 21
2 18 21
10 29 38
13 27 33
1 11 36
10 29 25
13 3 2
2 20 13
8 7 7
5 25 29
12 4 20
1 3 8
1 5 33
9 8 2
4 15 32
11 13 39
6 29 4
9 12 25
5 16 28
8 25 4
12 8 34
8 7 28
11 24 35
1 7 31
9 10 39
5 28 3
2 2 27
9 15 17
12 16 3
1 23 35
13 1 22
6 17 3
11 24 24
3 1 32
7 17 35
11 12 29
3 2 10
3 15 33
2 28 5
13 28 34
4 18 15
3 6 32
4 8 7
10 26 4
12 8 1
9 24 12
5 15 29
2 19 19
6 24 8
8 12 20
9 26 34
13 28 18
5 2 9
4 7 15
1 1 5
3 18 3
7 23 29
9 2 24
5 26 5
13 2 35
8 1 9
1 15 8
8 1 19
11 4 38
8 27 39
3 29 10
11 11 40
9 5 37
10 18 35
9 21 21
10 10 32
11 28 23
9 26 35
6 18 27
1 24 6
1 8 11
12 22 1
6 16 24
3 25 8
6 4 35
13 18 19
10 20 22
2 21 17
4 12 27
11 11 7
5 28 9
5 25 4
5 2 31
5 1 15
2 14 33
8 4 8
1 16 6
7 28 22
8 15 16
1 15 27
7 29 15
8 5 2
8 20 23
11 2 11
11 4 7
7 18 21
11 19 34
4 26 9
7 9 7
12 10 1
4 19 9
12 22 28
11 5 9
12 15 16
11 24 2
3 19 39
9 17 3
1 1 36
1 28 11
1 25 5
11 3 24
5 7 32
5 13 10
9 9 17
2 12 17
6 8 40
10 11 10
9 23 27
2 11 29
6 11 12
13 20 26
8 23 25
3 4 40
9 6 27
8 16 21
4 11 40
10 18 16
5 2 2
1 2 16
13 11 37
4 9 25
9 9 6
13 24 8
13 11 4
6 9 12
10 13 13
9 23 7
11 21 15
2 14 14
9 18 36
4 15 20
8 26 28
7 24 40
10 16 24
3 24 27
1 2 6
4 13 33
4 18 3
11 8 35
2 25 11
13 29 24
5 24 10
2 28 13
9 3 20
10 3 18
12 20 36
10 1 3
9 12 20
7 18 37
7 25 2
1 2 15
13 5 6
4 16 28
10 14 13
2 14 40
5 12 19
7 20 22
6 1 15
12 21 10
11 14 21
7 15 13
6 19 34
1 12 27
3 17 6
10 27 3
3 15 13
4 26 5
5 23 16
11 13 24
1 13 13
11 5 37
3 9 22
8 9 4
2 13 21
11 23 33
4 17 23
5 12 26
3 6 34
5 28 33
13 21 16
3 14 33
7 7 37
13 24 23
10 21 23
6 13 25
2 7 16
11 5 23
1 16 37
3 4 25
11 23 21
2 2 7
11 3 4
5 7 11
11 29 16
13 18 16
13 6 30
9 29 32
3 13 4
6 28 32
4 29 1
8 27 4
1 20 30
2 1 3
9 27 13
7 18 1
9 5 31
6 7 14
6 17 7
12 13 5
11 6 38
13 1 24
10 28 31
9 23 28
8 23 4
7 20 1
6 15 1
7 5 4
10 4 9
1 6 25
12 22 2
3 12 4
11 17 19
10 10 20
