22 88 3640 4780
2635 2511 4907 2737 3973 2738 1833 419 4093 1218 948 1873 1630 4755 2447 3335 46 3249 1342 178 4353 2587 1635 2276 1970 98 1717 3852 4236 749 2885 3239 1658 3857 1785 2650 2828 3454 1993 2753 3349 4747 1433 3534 1744 1283 4164 168 567 3238 4820 3672 3440 2740 3293 582 4410 1312 4820 3246 2132 772 4142 1702 960 361 4608 2967 4825 753 2738 3241 911 538 2168 1008 1173 2452 3269 277 2748 2482 1881 410 3001 1244 3974 1645 
700 3809 1011 26 1151 1536 3333 2929 3372 3523 3010 2087 2132 2305 696 1669 721 4284 2998 2133 4490 4077 1036 1508 4523 3664 4698 1721 1425 4598 391 2248 4465 1052 1921 2316 4329 669 3329 3379 1735 3994 1048 3617 4709 152 2474 907 3915 4289 438 1485 3919 356 3253 2591 3392 3170 761 1368 1243 2983 1859 4670 1934 4438 3851 734 3561 4675 2049 1738 3212 3437 3003 2980 3514 1489 813 4695 4049 978 3181 4042 1660 2711 1581 3682 
1741 3958 3000 1964 2356 1663 2161 387 1674 128 3896 2466 2535 4284 3822 72 925 3504 410 4642 3555 1877 966 1948 3137 3533 4736 1072 4031 1049 248 3226 3594 251 3118 3419 1389 4599 1649 3992 2240 191 2592 2863 1694 29 2598 1305 720 942 4408 1374 4246 3769 4205 1299 4425 3256 1382 1142 2146 4655 4753 950 2790 2653 4558 2410 2072 4203 1150 142 267 1882 2882 2370 4022 4549 664 3020 155 3523 917 3730 607 1971 2355 3147 
1484 2051 1553 3560 2811 1004 2008 2079 1785 791 2795 2869 2344 1698 2021 4429 4669 2034 519 172 2454 2014 4096 2293 3013 3096 143 2153 378 4628 2944 2353 2832 2939 2149 2435 1848 3999 499 3175 2275 683 1148 3209 2279 4224 2509 2980 3075 2888 183 3774 2809 1878 4735 1740 740 3771 4005 3808 3157 1527 1685 1939 3872 1791 366 1766 2738 539 3070 3704 1946 4531 3321 4361 3443 3549 247 1076 2985 4438 3427 596 3851 755 2584 2098 
4111 2320 4184 2037 370 2231 287 3532 4172 4792 1858 2351 2202 1203 541 4126 2257 1534 2269 4348 4571 123 871 4401 652 2905 2750 4303 3078 4321 34 930 2613 4109 1006 943 964 1940 976 3916 1449 3026 720 4632 1490 3970 835 310 2730 4039 4588 3878 3372 3840 3366 1513 190 237 1394 4350 3726 1440 2211 2348 3465 1053 3940 1992 4418 2471 2259 2621 1495 2183 4792 2950 4210 3253 551 3679 1387 1599 2226 3359 4458 1741 1330 1439 
4507 129 61 62 3411 3216 3855 3472 3252 4693 3925 1648 4391 166 801 930 4822 4503 3402 637 673 167 1842 3767 1293 4471 4230 1149 4000 429 171 3903 2558 378 4463 1631 3583 4870 1912 1705 4888 2105 828 26 3382 4425 4331 2115 4326 1731 16 1826 2466 4213 1131 622 3635 130 1103 2820 101 1117 1221 164 1933 1148 4693 2941 616 2742 4466 3237 1508 1226 2715 979 4128 3567 1670 3096 3790 3603 2025 4490 4751 1901 3547 4108 
2022 4115 3901 2253 4408 397 1781 4499 3859 4676 4820 4622 2614 2716 1682 3373 777 3911 1857 3598 2214 509 2593 2024 3295 3860 1955 4507 3685 78 4289 158 2512 4292 1243 3157 1033 2038 1291 3588 3934 1493 4709 4018 3351 472 1686 2385 1434 4713 958 4746 4422 674 502 2194 570 1384 4000 943 373 1902 606 1532 763 4349 853 2615 4714 603 3821 246 3885 1969 2670 1095 1527 2166 3959 2995 448 684 1404 2817 4189 1126 37 2476 
3362 2955 2777 2565 1134 3626 118 1810 4505 4814 3725 350 2589 597 2187 4463 51 493 4228 660 1657 2227 3364 4171 1414 2411 2544 2711 2406 529 1804 3675 3825 2742 2517 1284 4303 2413 946 4108 3347 4895 4014 4318 104 2535 2500 1183 2485 4566 2717 1114 1477 1587 297 1061 4560 2166 2191 2447 29 526 3034 1417 3148 2212 3166 711 2953 474 2476 2018 3499 647 4846 3233 4438 41 927 2592 1392 1428 307 4027 185 2629 2258 845 
2889 2086 3247 591 1723 3448 4356 4759 3091 1864 2425 1850 3543 637 2647 977 23 3967 1065 4002 4259 2664 889 3647 3385 4304 842 438 2993 469 2150 610 4042 4382 1961 12 1132 1451 3111 2121 3661 3992 3903 4704 1690 3129 1361 1650 4211 4011 2393 1801 4604 1128 2079 2523 363 1881 3918 2478 2422 4853 1909 758 4385 2764 1902 3065 1661 1168 2578 1945 2005 1974 2005 1321 3267 3597 221 4156 3582 3332 3922 365 4182 2399 501 2678 
3324 2101 178 2724 4903 4485 3046 32 3526 4497 4663 3095 4203 595 2830 1085 2328 177 2341 4350 2626 2142 3491 3700 1513 1353 1927 4110 3302 2280 4443 1459 3891 3692 2130 3370 4721 1180 3325 1566 446 4683 1788 1672 973 1501 2617 3409 2538 796 4155 3332 1246 3785 687 2142 4185 3555 1109 1671 3228 3335 2666 4418 775 3208 2695 2530 3268 1140 4465 569 671 963 2224 2544 4880 3456 2468 439 1717 1716 3588 609 3105 559 4283 1190 
3864 2496 3456 4579 1859 4632 2425 1660 2954 3310 3579 1362 131 2555 1457 2627 154 4549 2201 1920 1713 3992 4122 2207 3916 498 3060 4368 1478 3817 452 1712 2595 4156 3239 3848 431 2513 111 4217 4679 2660 769 2619 103 4027 2520 4026 4693 3477 429 4474 1561 4885 1389 744 3571 4487 2280 3296 1259 4277 3928 4280 2835 1597 2819 1298 1648 2390 2117 3243 910 1748 654 622 1819 4430 1272 2712 1565 587 4734 1382 3257 63 1622 3383 
1553 2951 278 1273 3312 1884 1388 1131 4199 3765 293 2896 4133 2367 2837 3936 3970 135 3069 1862 2312 3978 4032 664 993 3729 700 3471 4136 3942 4330 3598 2832 4143 3564 4282 4739 2597 3871 3662 1439 1796 2857 3526 3011 2582 3075 1887 2626 4734 271 2725 2805 1629 4441 2602 431 2494 4856 2106 1236 2577 604 2065 677 82 1213 3649 381 1708 2409 2547 3243 271 2196 2386 1510 1081 298 4749 802 102 1630 2740 1013 3516 3412 1211 
3982 63 1472 4794 3509 4051 3173 4440 1271 1169 4872 4603 241 2676 3292 2573 3260 671 98 4899 4191 710 4596 1237 3603 3266 753 4357 4285 3192 907 2796 3832 2194 3090 3415 1164 1880 4190 775 559 3422 1795 2164 4029 2893 851 4806 1355 778 995 1366 1603 2540 1980 4848 4580 2175 2630 4147 4763 2313 3634 261 2116 2521 4475 2479 4834 3349 2828 50 1516 1034 2200 2357 1437 277 477 4688 1579 189 829 728 259 506 2198 807 
3606 3165 3005 4823 4765 3133 4572 1211 4604 3389 1491 4508 2664 265 4719 2229 3242 165 4556 549 3037 1079 3650 1144 1576 2157 1640 1863 4845 1784 4478 2042 1487 1268 3273 3996 4194 2238 2918 3379 916 3603 1406 1541 1934 4643 3005 952 1081 4545 1289 211 3801 4429 4004 2030 2803 1962 2881 405 1642 4282 3697 3480 693 726 2099 3745 3880 191 767 683 4763 2114 120 2168 3295 2315 4722 2138 2667 2318 414 3507 1752 2796 4217 1395 
2386 1000 3759 1687 1988 4763 2673 1267 2413 2447 2964 1819 332 2613 1004 301 2304 2917 4714 981 737 860 4500 4622 1092 3097 4299 3103 3135 3276 4716 2072 892 2501 1900 607 3650 3287 1184 3417 4841 2473 3341 3664 1331 2884 1536 1777 4639 1588 3330 3161 2383 364 3600 1614 3201 2755 4343 4610 4316 1113 3421 296 1533 3572 3038 1930 2433 3985 912 2482 2680 1483 4687 1370 3533 366 534 1844 3523 2433 4873 1281 3502 4602 765 2986 
315 3331 1390 1244 4303 3429 1600 939 790 3164 2530 2597 105 2354 1807 3353 2577 812 4062 2849 710 261 2913 483 1800 2570 1538 2341 4851 4047 3903 4875 3869 4770 2858 3610 3795 296 1163 4585 4764 1464 2397 4677 3756 3174 4585 3277 575 4605 1683 3432 3006 4882 3527 3299 972 1734 1163 2118 2844 4199 3792 4626 3888 2783 1500 2122 554 722 3168 711 2651 513 188 129 1871 460 4644 2507 4902 3584 4787 2796 3525 1258 998 625 
4682 3509 2006 4853 540 1250 2909 2243 2178 2630 4389 4134 703 1262 2659 1309 246 1147 3570 901 439 2723 1905 1474 1172 4153 3331 3515 42 3859 2959 1746 3831 3075 3047 56 264 3061 1389 3081 2645 4738 4322 3706 1851 4863 4330 2226 766 1167 2045 1647 1478 674 2085 4080 2123 4817 814 1032 3234 548 3136 1758 2116 699 817 4236 2344 2371 3801 2150 2845 1329 1459 1592 1936 1724 210 4525 1602 4527 3586 2471 2394 4742 4484 2628 
567 3232 2221 4263 2045 2658 3740 3545 3590 1729 2149 958 180 231 2658 3952 1446 3686 1681 1949 4402 388 2476 2784 2094 2354 3904 3495 1454 515 808 3161 1979 4480 3197 3518 3768 3194 4797 1778 1456 3132 3855 4625 1034 1264 2345 4341 2029 2038 1468 479 95 1254 3989 4003 2734 4192 1039 654 4496 3418 4610 3038 4400 1165 39 3355 1857 4859 4493 2449 2375 843 3031 2984 3950 342 174 3005 3404 172 3415 3189 4286 716 3755 3651 
689 1865 1373 2315 3452 1900 3559 4029 4071 3738 920 2752 3762 305 751 4419 3009 3250 3681 3757 3390 4799 2967 2478 956 2264 3561 2279 1817 1429 4214 2128 1255 3172 2373 3019 207 4762 1131 2139 2288 3446 4037 1009 1188 2612 3831 1801 2080 1794 74 4098 3905 3963 761 3473 3915 948 4451 2255 1278 4198 4849 2859 1128 3105 1051 2551 2276 1498 728 3155 3688 203 1477 4872 381 3488 1150 2260 3861 1602 516 471 1724 3613 535 1442 
4848 896 17 3166 2202 1089 1927 1806 2311 389 3659 1735 108 2267 824 215 1050 2291 3918 2585 4641 1294 1736 2441 3291 4338 3356 4664 1873 2861 2373 3959 4283 4432 886 4667 2685 4072 4155 2712 2736 550 2300 4353 4413 688 1129 1609 535 2784 2849 2862 2951 899 3501 3826 1708 2089 3612 2213 2213 1661 1334 334 2250 3265 2119 1507 3340 1385 572 4166 2816 610 1772 684 1421 1559 183 996 4035 1295 2612 1589 3945 55 939 407 
4217 1863 826 260 3209 4644 369 1041 853 853 1161 4742 2666 3320 3159 2590 3421 4398 3526 1279 2457 806 3976 2758 2563 2449 4681 3649 2485 1499 3850 1893 3579 2325 3236 3136 4223 1672 4844 4882 3161 1690 2334 470 3444 1039 2475 1360 178 4799 667 3353 1645 949 1489 4464 253 883 2951 1872 1380 1779 3393 4236 4518 1147 3786 3869 1025 3524 3597 1672 3533 1813 2941 2896 765 114 2920 1546 3497 1519 3556 2501 3440 3301 263 174 
397 1768 4764 1312 12 905 3056 588 269 3590 1445 1411 4141 402 219 644 3658 140 197 820 672 1389 420 3674 1023 475 2962 746 2378 1388 4393 4555 2500 3361 4151 642 3804 3430 1856 3274 4231 2906 4168 4394 4514 63 1462 1288 428 1231 4293 3348 838 2673 542 918 4612 4615 3017 1104 3259 90 3543 4732 563 374 409 4183 602 1145 3268 3297 4465 1175 3666 1819 4100 3483 1966 4607 4429 4577 3678 3528 1858 1650 3528 2920 
3 19 13
14 59 14
10 28 18
14 56 7
9 20 8
19 48 16
2 63 30
6 80 9
4 86 2
9 3 1
2 36 31
14 15 10
2 55 19
13 85 1
19 56 21
5 78 5
3 73 4
15 20 9
10 72 40
15 21 21
8 70 36
19 17 16
2 83 11
16 67 39
11 40 9
17 68 1
14 21 20
9 66 31
9 26 15
4 1 11
14 68 26
6 11 32
9 67 4
4 74 3
3 80 34
20 51 30
4 20 6
9 52 10
14 59 6
10 36 29
7 44 17
10 35 31
20 6 7
1 28 27
16 44 31
3 53 35
18 54 32
20 45 35
13 23 3
5 35 12
5 31 20
3 33 7
3 31 38
4 65 32
6 84 4
1 79 34
10 22 38
16 32 33
6 3 40
20 27 17
5 23 16
10 54 38
16 2 35
19 41 12
14 80 12
2 60 11
2 80 22
5 26 36
8 1 20
5 3 19
8 38 21
17 26 29
4 26 34
18 47 19
11 1 40
15 15 15
13 35 35
1 84 30
17 34 8
19 57 14
12 49 29
12 35 11
18 44 23
3 56 37
1 62 19
3 22 11
7 55 10
8 9 38
19 34 35
5 33 37
19 53 36
9 38 23
15 2 33
11 15 37
7 48 35
20 38 35
12 2 38
11 85 11
20 29 26
16 40 32
11 2 10
5 85 15
13 81 29
5 79 16
15 76 20
10 78 11
14 7 37
15 28 13
4 80 21
14 77 32
19 8 7
10 1 18
1 51 35
20 2 17
15 78 28
15 72 38
11 48 8
20 71 21
17 46 5
19 44 14
14 32 24
6 70 39
19 54 2
15 16 28
1 62 17
5 21 18
4 30 35
10 74 39
2 31 29
7 48 31
7 12 38
10 83 12
11 44 1
1 77 10
3 80 7
1 83 15
2 17 17
3 32 3
9 63 37
12 34 33
4 6 15
18 84 5
18 70 27
5 80 3
10 8 8
3 73 22
9 17 32
17 20 35
13 86 5
13 24 33
20 52 21
10 30 14
13 6 4
11 48 34
12 79 9
17 17 37
8 46 31
6 34 11
10 35 14
16 18 11
10 10 34
17 18 21
6 43 40
6 7 19
19 73 36
3 65 32
8 15 6
9 40 11
2 48 10
14 70 15
2 32 38
6 71 11
3 51 11
18 33 39
3 77 6
9 81 26
18 60 16
7 20 3
19 39 13
14 84 18
6 12 14
19 37 22
6 50 5
12 3 7
9 66 19
1 11 15
6 6 33
6 60 34
1 22 26
11 83 40
20 27 38
18 25 20
5 38 23
4 84 14
3 27 15
4 1 21
1 23 15
2 54 17
2 86 17
10 5 27
19 68 34
3 69 5
13 75 34
18 78 40
7 68 39
12 84 9
20 48 24
1 54 10
19 15 24
18 61 40
4 71 36
3 62 22
2 67 17
18 65 26
6 52 9
19 49 40
4 39 2
19 39 21
6 85 35
11 57 25
10 13 39
5 32 31
3 76 35
20 18 22
12 70 21
13 47 10
1 80 12
1 47 30
20 57 35
16 31 3
7 8 1
17 44 9
19 61 27
3 60 8
12 38 15
17 9 21
3 38 37
5 48 13
3 62 39
11 55 26
10 73 40
9 50 10
17 31 31
11 36 14
16 40 29
6 18 23
12 13 24
7 12 9
12 34 15
13 11 34
11 80 10
17 13 7
9 4 24
13 37 12
1 16 13
4 45 29
1 55 28
6 86 37
16 14 14
3 6 1
5 69 5
6 49 9
13 47 16
11 39 38
19 62 36
16 78 29
14 58 28
3 49 31
5 81 22
19 36 10
6 11 38
18 5 32
8 36 30
19 60 9
5 16 35
6 38 32
10 66 5
9 35 14
5 19 38
8 8 1
4 80 38
2 63 5
11 57 10
16 9 28
16 50 30
19 12 37
18 63 13
9 63 15
5 11 12
19 66 21
20 47 25
8 70 16
1 59 6
15 79 4
7 8 30
3 36 1
12 71 7
11 32 1
8 73 35
1 81 40
12 76 19
17 17 31
6 59 26
10 84 24
9 78 10
13 52 28
15 76 40
10 85 17
16 67 39
7 81 1
3 62 4
19 83 38
19 42 31
11 47 5
19 74 9
7 11 24
7 78 17
11 46 2
9 82 29
1 83 23
3 37 8
5 73 18
10 70 38
11 26 33
13 17 8
10 53 7
8 61 20
20 7 19
3 64 15
8 35 20
2 43 34
20 32 18
5 55 10
4 78 6
6 3 40
15 24 29
12 78 19
6 75 36
5 5 9
19 54 7
10 79 12
18 4 6
19 8 35
5 82 4
3 81 16
3 35 37
17 74 27
10 65 14
14 35 9
2 80 35
1 80 20
18 76 16
8 81 15
4 21 30
17 62 21
18 11 13
19 1 8
14 12 33
4 28 14
17 68 17
5 32 31
8 60 37
20 21 18
12 74 28
13 35 11
1 22 31
3 38 35
13 66 34
11 4 24
14 56 29
13 26 21
1 14 31
5 76 12
10 37 31
20 25 1
18 41 10
3 8 6
6 78 9
19 51 18
11 71 36
17 75 13
8 27 13
11 31 9
9 84 3
18 84 30
14 63 17
12 81 28
15 74 16
12 62 9
16 18 20
12 80 6
13 26 20
7 34 16
8 47 3
18 73 37
3 65 37
19 32 34
1 16 12
8 74 1
12 36 7
9 66 2
11 46 20
10 22 34
13 66 2
11 85 37
20 37 18
15 78 16
16 12 17
3 46 26
16 62 39
6 63 9
16 12 6
15 64 30
6 3 4
20 69 38
14 79 24
15 50 9
11 67 9
17 37 38
20 28 19
18 18 16
13 7 30
15 70 16
13 70 13
18 25 23
1 40 12
9 44 16
1 48 27
19 14 23
1 59 38
16 25 31
12 4 38
15 23 20
11 58 25
10 86 7
8 26 34
3 56 36
10 29 26
4 47 19
3 70 25
8 58 17
12 31 10
16 14 13
1 36 30
19 67 35
10 65 11
15 9 4
6 26 22
4 59 37
10 65 23
3 72 15
16 8 37
7 31 35
10 3 34
5 8 29
16 18 20
2 41 35
17 76 29
13 41 31
16 84 29
18 49 2
18 76 1
2 32 11
16 3 23
14 67 20
9 5 32
12 62 39
14 82 31
9 14 39
18 6 16
14 47 3
4 2 33
2 2 1
10 82 20
15 57 24
17 36 5
18 69 8
7 52 35
16 13 36
6 52 6
5 38 34
15 37 30
16 26 1
15 14 40
5 77 10
14 7 21
10 46 33
3 51 28
18 61 4
17 19 17
12 70 39
3 17 9
14 45 27
11 25 28
1 19 33
15 40 29
13 3 36
16 14 12
9 47 36
1 6 25
9 59 10
6 1 4
3 73 9
14 52 11
9 65 6
8 45 33
12 76 32
8 35 32
3 73 15
4 56 31
10 71 28
17 31 24
3 71 23
13 59 16
20 42 37
1 86 13
13 43 5
4 86 35
12 47 16
19 2 4
4 66 29
3 12 39
4 44 6
5 39 7
9 21 34
18 35 6
9 49 27
17 37 30
19 85 38
12 62 21
12 58 31
8 20 27
9 50 38
20 11 24
19 15 18
19 53 36
20 43 9
8 23 28
3 39 37
6 66 34
1 42 15
8 45 38
5 23 39
2 51 25
5 46 12
9 36 7
13 65 38
4 60 16
8 27 35
10 47 26
16 43 28
8 46 35
2 36 20
3 10 7
13 65 16
12 67 40
4 65 14
1 45 30
19 5 29
19 53 18
16 72 17
10 77 37
10 67 28
15 61 24
16 76 17
6 31 27
20 36 11
2 33 8
6 37 1
18 28 32
15 44 5
5 82 30
10 30 5
6 37 34
15 25 8
11 49 13
4 6 6
12 73 31
5 62 10
14 45 17
14 38 31
20 84 30
7 22 37
7 34 11
17 45 11
8 10 6
14 44 25
11 8 19
15 46 37
1 67 28
7 73 32
1 6 38
11 21 39
17 48 39
8 54 19
20 81 10
18 4 8
3 19 22
20 27 36
8 86 5
8 43 29
13 50 9
1 29 23
18 57 18
1 2 8
16 22 4
5 11 8
13 60 6
3 11 31
2 78 2
18 2 31
2 52 19
13 84 11
3 68 38
5 77 8
11 54 21
10 46 4
9 64 22
7 33 26
13 39 38
20 46 9
20 37 31
1 43 3
19 30 36
4 70 35
8 75 21
11 82 15
10 40 39
9 1 21
9 57 31
19 32 2
3 74 14
4 3 5
15 75 32
10 28 33
5 19 22
6 7 35
18 4 17
6 36 23
8 65 12
13 15 3
3 84 23
14 23 2
7 79 34
2 3 25
10 61 34
6 74 22
13 65 17
6 11 24
7 37 3
1 50 21
18 55 28
8 27 36
4 39 17
17 2 26
19 71 38
4 73 36
1 16 19
19 48 40
1 2 5
3 41 4
18 21 14
3 84 17
9 53 33
13 46 3
5 31 31
16 13 5
2 24 35
9 42 11
11 57 32
8 35 25
11 26 12
5 27 8
2 74 8
11 28 12
9 45 24
19 19 27
7 80 9
18 11 13
6 72 31
2 10 23
12 86 10
9 31 10
11 77 25
11 50 1
15 32 40
15 23 20
4 16 16
6 28 21
19 7 19
17 66 20
15 75 28
3 30 38
4 38 4
14 74 38
9 24 22
8 60 10
4 21 30
19 18 16
12 61 13
2 6 3
14 64 35
4 35 11
15 37 29
16 40 40
13 1 7
19 71 28
17 4 16
9 22 37
20 53 13
6 70 30
9 59 16
18 56 35
11 38 19
6 40 23
12 2 2
8 69 29
5 19 16
10 41 21
20 33 8
19 12 10
13 61 6
18 81 38
20 37 13
8 53 26
5 25 10
12 61 24
19 53 18
7 63 7
5 47 29
19 30 3
12 69 33
9 40 3
18 75 28
20 50 16
20 56 16
14 54 17
2 81 11
20 78 37
2 36 27
18 71 35
8 56 33
17 80 33
15 37 11
19 57 16
13 79 10
17 4 7
7 55 3
2 21 1
15 82 31
14 16 6
8 51 2
15 49 16
12 34 10
7 42 4
12 10 21
15 22 31
16 24 13
10 10 14
19 68 31
20 81 14
20 33 25
13 65 14
10 55 26
8 9 13
17 85 23
1 72 11
13 15 22
13 47 13
2 84 9
19 19 2
12 69 37
10 70 25
9 56 25
18 36 11
16 20 29
15 41 26
7 5 30
19 54 38
6 62 33
18 11 2
3 83 26
16 21 32
2 51 36
2 4 38
4 41 15
13 75 13
20 38 7
12 49 25
3 37 11
4 62 13
13 20 20
12 37 31
20 25 30
13 15 29
1 69 38
10 52 12
1 10 11
14 7 18
5 21 21
7 50 23
14 21 17
17 14 19
9 78 12
9 51 25
8 13 10
8 40 40
15 28 14
14 69 5
2 41 21
3 46 28
5 36 5
10 10 13
11 74 6
20 20 35
17 30 26
7 11 29
11 33 32
1 6 27
8 32 9
9 62 4
6 60 29
18 51 16
13 67 5
16 24 29
14 79 36
17 29 31
18 21 21
11 29 22
4 22 20
5 62 29
16 83 20
14 68 13
4 72 40
5 37 13
5 32 20
13 64 33
12 14 8
10 84 29
19 23 23
12 74 12
6 50 21
5 31 39
16 5 21
4 83 20
4 50 28
9 4 36
7 67 2
18 63 31
19 85 20
17 13 18
5 83 24
4 37 39
4 49 30
7 82 29
10 7 29
6 63 28
19 78 12
16 59 4
11 45 34
12 20 12
12 50 19
11 28 17
6 12 24
7 28 20
17 24 34
12 61 40
18 51 32
18 79 37
7 76 30
9 36 25
11 37 3
13 73 29
1 45 18
18 71 8
10 42 13
2 48 7
1 57 23
15 61 34
8 77 36
16 54 6
3 16 17
8 17 34
13 13 22
4 4 14
10 82 25
14 2 35
3 18 1
2 70 23
10 2 8
15 22 20
18 13 18
11 77 23
11 75 36
10 56 38
14 46 7
18 1 26
8 24 9
9 63 37
5 54 20
2 85 2
4 61 40
16 72 25
19 70 37
14 48 13
15 49 8
12 74 1
9 50 1
10 6 3
16 69 8
14 42 39
8 7 22
10 15 27
12 62 11
15 34 34
15 81 1
1 71 9
1 25 39
15 18 37
5 47 7
15 11 9
19 54 14
12 78 26
5 25 11
12 79 14
6 18 8
14 71 19
11 26 18
6 20 39
19 58 14
20 43 28
9 39 16
9 38 16
3 40 37
17 8 25
9 85 14
10 32 1
3 47 24
19 75 40
13 3 2
12 35 17
9 58 12
4 22 19
16 59 20
14 25 9
18 26 5
9 37 17
6 57 18
19 33 26
6 80 6
12 44 1
2 81 8
15 72 5
14 20 38
3 65 27
12 59 26
2 40 8
6 77 32
20 73 6
12 59 9
9 1 25
4 55 20
6 67 11
14 40 30
12 86 23
17 79 5
3 43 6
2 35 23
13 33 26
8 57 21
19 30 15
1 36 24
13 80 21
17 86 20
13 5 35
6 72 15
15 62 4
11 82 25
8 9 39
15 57 24
4 47 29
7 62 32
8 17 39
5 7 12
11 6 17
6 43 33
16 75 10
1 70 6
10 9 40
11 53 39
8 26 5
5 84 1
20 38 7
15 12 1
2 76 27
8 12 11
9 50 25
16 43 12
14 42 5
10 78 39
6 72 39
16 46 4
17 57 10
9 38 30
18 38 29
5 71 6
5 85 11
9 44 7
2 44 26
7 45 12
7 20 40
8 10 40
2 27 8
13 81 30
7 59 15
1 11 34
12 33 5
7 26 33
7 17 30
10 24 1
1 76 33
20 79 25
19 26 14
1 59 14
13 17 22
18 58 40
7 58 27
10 10 21
2 30 34
8 28 17
16 64 40
11 38 15
8 71 2
3 37 11
20 11 40
2 48 40
4 28 22
15 8 12
16 24 40
16 76 24
1 64 11
2 55 5
3 65 4
12 11 9
16 14 2
17 31 6
3 59 27
17 52 2
11 52 22
17 17 16
1 65 36
19 46 27
20 58 17
17 74 23
10 65 4
3 2 13
4 42 37
10 19 30
17 66 36
18 28 24
18 14 19
9 37 37
15 36 5
15 12 32
2 15 37
3 73 20
1 30 31
4 59 33
16 7 40
13 40 2
14 52 25
16 74 33
14 44 24
12 59 14
15 12 2
16 8 28
14 44 22
14 54 31
5 59 27
18 45 28
16 76 5
15 5 20
19 7 13
4 64 15
13 64 22
4 83 34
15 69 8
4 47 18
12 12 5
20 39 40
2 8 6
6 47 30
18 22 31
15 20 3
7 59 10
3 43 10
13 56 16
5 20 33
11 63 19
14 24 26
2 81 12
9 30 5
3 66 40
6 81 18
4 16 30
4 21 24
19 82 11
1 29 26
18 47 14
10 78 28
20 47 13
1 68 40
9 81 12
20 79 34
6 81 27
19 85 17
9 49 33
16 30 20
16 49 8
3 17 26
9 80 4
3 18 35
8 53 38
9 7 30
10 2 18
7 30 37
16 48 18
4 85 32
1 32 6
6 4 6
9 30 34
11 55 36
2 78 29
9 20 24
12 38 30
3 22 24
7 75 8
20 49 9
19 69 23
13 78 15
1 20 40
15 63 5
7 34 24
8 72 5
5 60 33
7 20 6
15 18 35
19 57 14
4 82 27
10 22 18
9 8 36
16 36 27
8 20 30
5 16 22
8 31 12
20 65 39
6 24 3
5 45 5
19 75 6
13 60 7
6 41 4
7 2 28
2 82 32
18 36 24
12 80 28
10 20 1
12 30 33
3 79 20
4 15 21
18 48 33
13 36 40
1 63 26
6 46 26
13 11 19
8 73 30
4 40 15
19 1 8
19 14 35
1 12 21
9 12 18
15 30 26
4 55 27
7 52 5
18 53 23
3 75 38
8 80 30
8 54 33
12 15 11
7 49 2
6 77 9
16 52 22
6 41 6
19 5 40
7 61 34
11 32 5
18 39 33
4 28 10
1 77 28
12 50 18
3 50 1
3 15 28
9 63 3
9 8 2
20 79 18
14 1 37
10 85 31
17 33 28
20 5 9
15 66 18
16 27 2
11 62 30
3 61 26
17 34 38
19 13 27
20 81 34
10 77 23
12 19 33
10 4 38
14 47 3
5 12 24
10 73 25
9 45 7
19 34 3
12 4 21
13 31 14
14 20 6
17 85 10
8 67 30
20 46 26
6 22 6
7 14 13
7 24 29
3 55 19
5 52 38
7 18 5
4 36 40
10 43 9
18 59 13
14 85 37
6 76 7
7 12 39
13 51 21
15 39 5
19 62 16
2 70 4
4 25 1
19 26 12
5 85 4
2 51 15
15 55 13
7 67 39
12 39 6
19 32 6
6 6 40
11 28 13
6 58 11
6 12 17
9 28 21
18 52 17
3 78 31
1 7 8
16 15 4
7 82 39
5 41 40
4 47 39
9 27 33
2 18 9
10 74 35
4 18 4
4 82 18
9 10 9
3 71 39
13 14 40
2 32 9
2 19 37
4 86 4
10 37 1
13 76 20
13 18 27
11 35 5
5 71 7
3 4 18
13 49 30
3 71 32
8 73 32
11 74 35
15 84 7
18 67 37
18 36 25
4 52 34
4 43 5
4 35 35
12 60 21
3 72 13
7 61 15
4 34 22
3 72 29
10 35 9
16 59 31
8 55 24
6 79 39
9 86 28
7 67 2
1 13 10
9 48 34
20 78 36
2 44 27
8 48 22
17 50 12
3 63 1
3 64 31
1 86 29
12 14 17
12 70 32
19 81 37
16 13 25
18 70 9
1 6 13
15 58 1
4 4 4
4 30 6
19 8 29
8 63 24
5 59 14
1 78 32
18 53 3
14 38 35
13 52 40
10 27 30
4 82 27
13 66 39
15 22 12
18 50 3
9 75 5
15 1 36
3 66 8
14 61 31
16 82 38
12 74 33
15 39 29
14 51 27
9 44 12
6 85 3
8 45 36
16 29 13
19 76 32
3 24 27
15 1 32
10 23 32
2 23 27
13 4 19
5 57 19
8 35 32
8 2 17
5 62 30
20 86 28
12 53 20
2 9 24
7 86 17
15 73 39
19 1 40
1 76 24
15 62 4
11 85 27
18 86 27
1 6 2
5 44 7
19 44 20
10 5 36
17 58 26
10 44 33
4 83 36
8 60 31
20 5 13
20 68 39
10 59 24
2 85 20
7 5 4
8 84 11
9 26 25
16 52 33
15 12 32
9 72 3
3 70 37
20 73 5
8 69 9
14 5 14
15 69 29
15 10 8
10 37 38
6 81 35
12 7 6
13 47 40
13 49 34
16 74 8
5 58 9
19 80 20
14 40 29
9 45 36
12 72 30
1 48 20
18 72 18
5 36 12
13 7 34
9 7 8
9 59 17
17 59 19
7 25 4
15 18 36
4 63 34
17 47 3
16 28 36
16 63 4
10 41 7
18 76 20
17 38 32
18 27 28
14 32 39
15 48 10
2 18 2
14 28 32
10 68 38
10 52 25
10 70 29
20 83 34
14 58 7
3 59 4
20 75 29
11 24 18
4 29 23
6 4 8
6 59 33
19 48 17
3 13 28
5 31 20
10 4 16
1 19 28
7 80 14
1 12 27
20 62 21
2 39 31
12 75 24
17 69 17
1 84 22
2 39 33
7 37 3
7 36 33
2 24 28
3 71 33
17 56 28
10 52 5
8 76 26
18 14 33
19 26 27
14 40 25
20 63 9
15 56 11
14 20 4
18 19 22
12 13 38
2 56 19
18 71 23
16 19 22
1 55 26
18 67 34
3 82 17
2 37 10
5 35 7
19 39 31
10 43 30
9 6 3
19 53 27
12 54 39
19 14 6
9 33 1
4 16 19
8 11 25
17 1 1
2 54 8
19 6 8
4 81 14
9 31 32
17 59 13
14 86 36
5 30 4
12 2 32
13 65 17
2 35 10
3 55 6
13 86 38
14 57 25
4 65 27
11 13 38
20 44 31
11 83 26
10 24 11
6 60 10
3 12 27
1 63 28
15 5 32
14 70 14
5 34 34
18 39 28
12 71 4
3 40 20
20 48 28
15 44 21
5 61 24
20 51 34
12 71 21
7 36 23
6 12 2
5 11 27
14 6 9
19 18 38
16 49 24
1 24 28
12 24 21
14 23 26
3 44 35
9 2 2
3 2 12
1 21 16
9 39 33
7 30 36
1 23 7
19 79 11
9 72 1
10 85 27
17 19 27
19 23 28
3 65 37
14 11 33
2 33 14
19 37 25
17 51 16
15 12 13
18 79 19
2 86 9
11 6 9
14 20 8
19 7 7
11 40 34
11 10 25
2 45 11
20 35 38
5 52 8
12 85 20
16 23 38
2 19 23
10 42 24
13 86 35
13 64 14
12 42 15
20 35 40
4 50 1
1 50 35
13 37 38
11 52 22
17 6 6
19 38 5
4 73 26
4 15 12
11 62 40
19 28 13
13 59 23
11 35 34
10 3 32
8 9 14
13 3 12
19 41 11
5 71 27
3 37 20
1 69 31
11 39 10
20 80 15
15 67 9
20 55 36
16 52 7
18 68 35
11 1 36
6 52 22
18 78 6
6 68 25
10 48 5
18 70 3
11 11 24
17 43 10
20 37 31
17 11 27
6 67 15
20 35 15
17 78 17
7 30 26
5 16 19
15 52 35
19 4 10
13 78 40
5 54 9
3 71 40
4 20 34
13 69 23
12 80 33
20 83 6
19 18 35
16 32 33
12 56 33
17 8 36
2 26 40
15 36 31
10 68 18
19 66 19
4 24 38
17 77 16
5 57 38
11 48 34
15 25 34
18 86 36
1 48 1
9 7 33
14 48 7
3 77 39
15 15 8
1 29 4
1 57 1
3 62 26
20 20 3
2 53 39
13 36 39
7 15 32
11 71 32
18 10 5
15 14 32
18 60 21
8 35 29
6 65 27
12 8 35
9 20 13
18 62 14
1 20 37
15 54 27
6 73 19
1 42 18
15 15 27
8 75 29
3 46 12
17 29 32
2 66 1
13 26 33
19 16 14
3 80 14
18 57 29
11 58 26
4 52 17
14 29 37
12 4 22
16 81 17
15 61 3
14 42 6
18 83 20
19 19 37
6 53 34
11 19 10
3 67 8
12 80 36
14 43 24
19 8 10
11 53 27
4 25 11
4 80 28
20 57 17
18 69 30
8 12 9
6 61 22
10 64 29
10 27 34
5 72 8
5 45 26
14 9 12
19 3 22
15 22 13
12 45 22
10 56 33
5 9 36
18 70 20
12 45 27
17 73 6
15 24 10
7 63 19
7 23 11
2 42 15
14 43 38
20 12 29
1 6 36
12 65 31
9 73 24
9 68 18
13 21 10
3 41 7
12 37 17
13 6 28
7 25 4
6 16 29
8 12 35
20 82 4
1 1 37
20 60 21
19 29 6
19 78 6
15 18 15
9 2 29
8 61 28
15 5 21
13 21 40
10 60 3
10 11 4
6 74 32
19 59 30
20 58 24
7 44 35
9 72 10
5 15 23
11 52 33
7 57 40
10 32 36
7 80 39
15 45 2
18 15 35
18 32 27
13 37 33
12 80 5
15 80 34
3 32 36
5 86 35
7 19 30
5 58 36
13 8 9
13 67 1
14 9 31
10 22 9
14 20 28
2 31 20
14 59 8
10 57 15
17 11 3
10 86 27
2 22 22
7 83 32
3 29 18
5 48 26
2 75 35
6 24 8
2 13 38
10 82 12
17 60 39
11 54 17
6 42 17
10 34 2
15 48 22
14 37 36
2 3 13
7 44 30
20 35 2
12 48 31
13 65 35
15 22 7
3 57 20
15 44 22
10 84 35
9 4 40
17 18 3
5 23 24
19 25 9
4 41 37
8 1 5
14 34 19
5 77 32
13 38 15
7 48 8
12 18 20
7 31 30
6 75 13
5 40 18
7 78 12
10 19 5
3 84 9
17 10 40
10 63 19
20 41 34
20 77 40
17 62 40
17 22 4
4 37 17
1 51 4
12 40 4
9 25 9
20 44 23
2 73 8
3 39 25
8 11 6
17 1 10
20 16 7
9 64 7
4 22 34
19 14 21
18 27 22
11 35 33
15 28 4
17 44 17
8 9 13
16 5 15
10 73 3
7 85 40
12 66 27
15 54 31
2 26 6
13 6 8
5 83 9
13 73 3
3 12 14
12 7 25
10 65 29
13 1 10
1 65 1
8 40 12
4 32 8
13 45 25
15 2 35
17 7 27
14 30 8
12 73 32
3 34 11
12 49 36
14 32 36
16 25 21
4 55 19
6 79 8
6 65 16
7 5 16
16 35 18
6 73 38
20 39 39
3 67 3
5 63 23
9 58 20
11 12 38
2 6 35
2 11 14
14 18 6
18 45 6
17 83 16
19 65 40
3 34 16
16 11 26
3 82 8
6 14 10
16 26 38
17 35 25
7 33 24
2 79 5
6 56 26
7 55 3
8 83 11
13 76 22
2 11 31
4 35 22
11 71 8
9 31 26
20 32 12
15 68 17
4 46 35
17 77 28
2 64 38
19 18 2
9 82 11
3 5 7
7 9 31
10 22 15
5 63 37
9 17 4
15 83 22
15 11 38
5 26 38
20 33 6
19 58 1
6 17 12
2 35 6
20 70 12
20 67 17
20 44 15
1 80 40
2 19 1
6 8 6
14 53 3
17 44 28
13 26 31
15 64 5
18 62 32
12 49 38
16 17 20
15 86 6
12 76 3
7 57 28
7 42 5
7 39 10
8 85 38
2 77 29
15 30 17
17 10 37
11 57 40
3 58 15
6 9 18
19 1 29
7 22 4
9 37 34
2 14 26
17 39 15
10 50 14
14 37 12
2 26 3
15 4 32
4 47 15
11 16 31
13 17 28
14 8 18
19 20 34
19 77 12
6 28 15
12 59 39
11 56 3
4 85 26
3 28 17
4 17 22
14 43 17
12 54 11
2 50 26
6 38 36
1 9 12
15 12 33
2 37 28
18 7 18
4 25 33
12 16 38
20 7 32
17 16 12
3 64 11
3 71 35
5 20 36
17 70 31
4 5 28
6 54 22
17 86 18
10 32 6
10 27 7
17 46 33
14 32 38
10 47 18
15 62 23
12 41 2
15 49 40
6 29 28
7 85 18
17 13 34
19 5 32
19 57 4
11 80 22
4 21 40
10 76 17
7 28 12
1 58 31
14 67 32
12 77 34
20 29 4
11 68 6
5 26 15
4 17 30
18 44 36
12 42 5
7 27 5
11 55 27
20 2 12
4 38 36
13 43 19
5 58 36
19 25 32
14 69 33
17 20 13
17 2 40
20 17 23
7 7 22
12 7 18
14 74 14
6 39 36
1 61 22
17 27 30
2 82 35
5 16 38
11 28 39
4 58 8
14 21 37
7 12 23
11 81 8
1 16 5
16 55 15
10 86 3
10 17 7
18 32 35
7 57 37
7 46 3
9 31 22
18 65 2
2 43 11
8 30 31
1 71 36
4 22 26
9 42 31
2 80 35
10 57 9
13 13 11
10 77 31
11 44 8
6 72 35
6 70 10
1 63 14
7 45 18
11 6 34
2 59 5
2 5 38
6 46 20
9 5 21
16 14 33
11 59 36
2 68 14
19 76 33
19 66 12
16 64 14
11 81 23
8 66 36
18 1 8
7 46 16
2 73 26
7 25 2
9 85 28
2 37 23
9 12 24
9 81 37
12 64 6
10 15 22
18 60 8
8 79 18
19 71 13
2 15 3
13 76 9
13 3 18
16 7 23
10 20 23
19 37 38
10 71 10
1 47 36
7 41 29
17 60 29
2 17 14
4 16 32
3 67 4
3 74 23
16 2 40
4 16 26
7 49 9
3 12 15
16 12 7
7 20 36
13 49 5
6 77 4
14 61 12
9 2 11
11 17 32
16 12 3
5 80 26
16 58 14
11 45 11
8 4 6
12 75 21
9 55 31
14 64 10
16 82 34
10 40 8
11 76 8
18 74 31
12 39 8
7 65 30
13 42 28
18 11 2
13 29 17
12 33 10
9 71 5
6 15 28
13 42 28
18 46 37
16 60 23
14 10 10
4 8 35
12 56 5
11 77 29
6 31 26
12 4 12
17 21 7
8 42 30
18 58 6
15 8 40
8 17 25
16 8 36
17 2 22
9 57 5
20 36 15
1 32 40
16 53 1
1 26 26
12 17 23
14 28 11
8 76 33
14 30 6
10 42 21
2 6 27
1 73 31
13 41 40
6 74 8
17 26 40
16 39 19
14 62 8
8 54 30
5 69 40
13 55 27
7 57 8
4 1 30
19 27 15
7 63 7
5 73 23
3 44 29
10 26 38
20 81 36
12 48 10
13 56 38
10 11 3
11 73 22
10 68 40
15 36 39
15 81 35
9 63 27
14 27 38
5 24 14
7 37 2
1 73 32
6 72 1
18 41 9
8 51 25
15 52 37
2 41 6
10 68 8
6 72 6
20 16 31
14 79 2
12 2 39
10 7 40
9 40 31
9 6 28
8 12 30
20 19 17
16 32 32
18 51 33
19 32 32
11 54 33
8 67 25
19 86 37
17 8 9
14 78 10
5 2 10
16 74 37
17 41 36
5 35 28
6 75 8
20 31 13
14 66 19
11 15 38
13 26 18
6 24 23
13 28 16
7 10 17
16 11 2
2 22 7
3 69 9
19 70 21
14 20 5
9 45 32
8 79 36
14 32 32
8 12 22
16 14 28
14 24 28
12 76 22
9 60 40
1 14 3
3 24 16
17 5 34
16 24 35
5 10 24
19 80 28
11 72 28
2 81 5
13 28 16
1 74 39
6 18 6
8 79 5
12 13 21
5 83 16
13 62 2
19 72 28
19 48 30
19 22 16
13 75 27
9 52 2
3 59 10
17 68 24
8 3 8
11 33 34
14 5 29
14 84 23
17 10 36
11 66 7
8 79 14
18 35 13
12 46 40
18 3 17
13 2 8
8 81 33
14 6 33
15 66 32
12 36 30
4 7 28
3 5 24
2 83 33
5 70 19
2 65 9
17 60 27
20 29 8
14 33 18
7 78 23
3 1 21
15 30 25
10 25 22
9 80 8
10 65 16
7 69 34
5 31 5
2 2 24
17 31 22
1 10 1
13 29 5
8 63 33
16 1 22
9 52 10
8 21 36
1 69 8
12 2 16
8 83 33
15 45 34
9 19 29
16 59 36
15 86 8
20 5 25
10 17 12
6 11 13
11 39 15
4 39 19
19 58 3
20 75 39
8 77 21
16 58 20
2 8 7
10 47 21
15 44 21
3 20 5
14 39 36
2 15 15
12 27 32
4 45 2
14 32 4
10 49 23
9 61 27
9 83 6
2 14 22
11 73 17
12 81 32
16 85 2
4 82 23
17 62 19
4 84 17
15 43 30
14 27 18
5 39 31
7 49 39
10 79 8
19 4 10
16 3 38
19 80 17
1 46 23
13 20 35
12 33 37
9 57 40
13 56 8
18 45 2
3 32 12
1 52 13
5 83 5
15 59 3
17 6 14
3 12 36
14 25 31
15 81 31
5 37 27
13 45 7
18 8 24
14 41 18
16 59 20
10 13 34
16 16 32
3 57 19
16 60 21
13 32 11
10 2 5
3 7 28
7 50 8
16 47 19
17 82 16
14 21 7
11 37 4
15 44 30
5 26 39
4 5 20
11 67 18
18 17 28
4 34 37
10 79 39
7 36 21
11 39 9
12 70 13
4 61 23
6 26 31
8 36 20
11 5 2
8 72 12
19 6 15
4 54 39
6 33 7
14 24 25
14 18 13
15 10 6
15 49 10
8 37 2
9 10 31
9 28 5
1 39 18
7 68 22
8 38 29
14 37 12
10 62 27
5 13 39
9 5 35
20 56 9
5 10 7
12 5 17
3 2 1
10 7 1
7 2 3
18 17 6
7 86 34
2 64 20
7 2 17
8 56 24
17 16 22
1 46 13
5 25 9
5 18 37
5 46 28
16 51 23
20 19 31
5 76 36
13 30 16
12 67 6
14 36 35
16 6 11
3 76 2
2 33 15
5 68 19
17 82 16
14 19 28
16 25 19
7 25 30
14 6 19
18 43 7
10 5 30
15 69 19
5 71 33
15 21 4
14 51 20
4 56 15
3 22 40
13 52 31
4 41 29
15 17 8
2 60 38
3 21 11
5 32 19
7 35 5
17 53 14
8 58 13
18 47 25
14 24 12
17 75 37
18 14 34
7 1 4
9 40 40
15 47 27
17 51 31
8 86 13
1 12 15
17 41 20
16 74 20
13 17 25
8 21 24
8 59 17
6 11 9
16 76 24
12 24 34
17 34 3
9 61 40
5 62 12
5 43 13
17 81 40
1 82 32
14 70 4
9 81 34
15 31 19
5 34 21
17 73 36
18 2 7
6 45 25
15 19 19
13 47 18
1 14 21
19 83 40
18 84 17
16 65 30
5 21 17
4 12 23
20 56 11
15 42 30
13 51 10
17 9 23
8 23 3
14 78 18
5 6 30
18 61 24
1 32 16
2 17 3
5 33 36
1 17 18
12 12 35
10 36 33
10 25 11
1 27 4
1 21 23
17 86 3
16 70 24
20 2 38
18 14 21
3 65 5
3 31 36
11 14 24
18 13 25
19 9 28
1 42 8
4 8 26
18 64 23
13 27 34
5 49 15
14 69 15
10 59 3
2 9 20
2 21 36
18 5 26
14 65 25
6 63 28
17 61 31
18 75 9
10 13 6
13 59 6
5 2 5
13 24 5
17 13 6
9 1 20
13 76 8
12 10 2
9 61 29
19 57 10
13 43 23
10 59 39
13 25 38
15 64 2
12 4 15
6 47 15
16 22 32
18 3 12
18 4 22
10 66 38
6 60 40
15 84 10
2 29 31
13 67 7
5 20 29
9 43 27
20 39 31
19 78 11
19 59 26
9 64 1
14 34 40
16 4 31
7 52 13
2 49 29
11 44 26
4 61 13
1 4 37
10 86 35
1 16 11
9 47 12
11 35 20
10 30 19
7 19 33
11 3 16
18 46 6
11 56 7
2 82 8
14 68 5
6 85 34
9 46 26
16 27 37
17 52 26
12 18 9
3 80 3
9 43 26
20 39 26
5 54 30
13 24 31
17 40 8
8 63 35
7 43 6
8 15 13
2 65 26
6 65 28
6 3 30
9 70 33
17 16 31
8 35 31
16 67 37
2 84 1
7 25 12
8 19 32
19 21 38
6 18 10
14 35 32
16 59 26
12 66 19
4 3 38
6 44 29
3 58 9
19 53 8
6 41 39
7 19 27
14 22 35
3 77 25
8 22 8
6 33 32
18 44 7
19 14 34
5 80 8
20 13 34
19 49 17
20 70 7
12 8 13
15 7 40
3 65 29
16 18 37
17 54 5
17 25 6
4 86 18
1 23 17
20 78 4
17 74 23
20 41 15
5 21 13
10 11 15
10 57 34
5 62 27
13 20 32
14 82 21
10 6 11
5 40 16
14 42 27
20 3 9
19 7 13
10 34 38
13 5 21
8 35 1
20 15 31
18 23 7
14 43 15
15 84 3
8 10 18
12 86 12
6 79 21
20 29 12
16 86 34
10 3 13
8 65 3
1 6 38
2 3 4
17 7 21
18 72 28
3 50 6
14 69 39
17 67 9
10 10 19
18 72 31
8 77 6
9 38 34
3 16 22
5 3 25
9 60 36
18 80 16
12 60 31
8 36 31
15 76 3
9 13 17
10 23 28
5 62 13
20 59 5
3 28 29
12 29 39
3 28 7
9 81 36
6 7 18
11 38 28
14 55 6
10 20 17
1 1 8
14 78 18
18 5 5
9 4 2
8 58 21
17 86 18
17 31 12
14 9 11
18 49 21
6 2 36
10 48 26
10 64 30
19 41 12
4 55 31
8 64 24
15 4 9
1 61 31
14 74 36
4 4 31
5 64 14
10 54 18
14 20 2
10 25 25
9 33 28
2 35 16
9 25 28
9 78 8
19 64 11
3 44 32
15 27 13
3 5 27
20 59 11
17 77 19
8 42 34
1 50 17
15 77 18
4 80 34
5 40 28
19 10 1
4 3 27
3 13 22
18 52 27
6 60 35
18 25 39
19 79 15
20 40 15
6 79 2
2 54 20
5 68 35
7 25 5
20 71 21
20 57 31
17 68 14
13 82 18
8 8 21
7 59 21
3 44 18
4 8 3
14 50 15
8 3 20
11 85 34
13 80 15
19 58 2
13 70 23
1 39 24
17 9 14
20 7 5
12 84 27
2 12 19
13 32 33
7 45 33
4 43 27
15 3 34
11 24 37
11 73 23
14 81 39
11 86 19
14 61 39
9 50 10
5 20 8
17 35 8
15 25 3
5 60 8
14 43 15
20 44 18
14 9 3
16 31 22
16 36 26
18 23 4
10 84 26
7 24 40
14 58 40
4 79 24
1 54 9
5 42 29
18 16 25
3 74 39
4 56 16
6 20 31
10 58 17
4 74 34
1 69 32
19 42 37
13 63 7
1 33 30
6 65 12
18 7 3
3 54 28
13 67 40
2 11 23
12 86 11
14 57 18
1 1 37
7 66 3
17 43 29
6 19 37
5 80 6
7 53 28
16 11 1
9 55 14
6 47 9
3 31 26
9 29 26
16 23 26
7 24 29
9 28 14
20 49 13
10 27 25
5 82 21
17 2 2
4 69 11
5 57 10
13 41 6
14 47 36
12 77 23
9 10 29
1 63 2
14 73 34
2 40 40
6 20 32
10 14 29
7 6 32
11 80 37
4 55 40
11 57 28
8 7 21
11 2 3
12 32 26
19 7 11
8 52 19
6 9 14
7 55 23
7 28 3
12 60 40
13 18 12
17 55 4
10 64 37
15 43 32
18 43 4
14 61 28
16 53 26
1 6 19
8 80 9
12 48 11
2 72 30
14 7 14
6 52 7
16 33 4
2 4 4
6 42 7
15 66 23
2 20 8
13 20 7
15 39 7
19 16 17
18 6 14
4 44 30
12 12 24
2 31 25
20 71 5
9 55 25
7 43 30
20 73 18
20 16 28
16 72 24
19 60 21
15 25 37
8 58 4
7 15 22
11 33 22
5 3 10
18 23 2
7 43 17
13 71 32
18 47 17
1 63 14
13 23 33
12 73 20
2 55 4
19 85 8
18 81 38
14 1 27
9 47 17
4 59 22
11 64 20
3 13 34
10 36 31
8 41 5
3 56 4
19 62 4
5 36 33
8 67 20
4 9 33
9 32 15
8 85 19
10 7 15
5 81 25
12 62 14
8 6 7
3 31 18
13 15 21
5 31 14
6 86 36
10 69 27
16 78 39
5 85 3
9 3 31
1 43 9
1 64 20
4 62 3
8 60 14
4 66 4
12 12 35
10 61 8
20 29 9
4 29 6
1 78 19
2 45 16
3 16 36
8 58 32
17 15 5
6 12 26
3 71 10
10 84 33
16 7 18
9 53 5
12 84 34
5 78 35
11 61 22
2 37 30
4 45 16
11 7 29
13 4 21
12 62 25
13 42 1
18 76 36
15 2 7
13 56 22
1 19 12
4 35 8
19 35 33
17 70 29
9 76 30
12 70 11
7 23 5
2 49 33
4 19 3
20 6 1
18 35 30
19 20 36
20 19 28
3 66 16
18 39 17
9 85 2
19 80 27
8 15 31
15 78 11
19 66 11
10 69 17
12 5 15
5 25 7
18 58 37
8 66 38
19 13 29
16 80 12
17 47 30
20 22 31
19 83 22
1 27 24
5 21 11
12 50 16
3 77 33
17 20 17
13 36 35
8 57 12
1 53 11
16 71 36
16 32 1
10 47 26
10 53 12
4 59 14
8 29 18
15 84 18
16 31 31
8 62 35
5 28 39
17 13 24
3 82 24
2 38 34
1 62 25
3 19 39
18 84 30
10 9 36
1 60 16
4 77 22
19 56 32
10 17 15
7 79 26
4 34 40
11 56 5
16 19 26
2 66 31
1 56 21
3 11 40
14 86 5
2 27 30
19 11 30
4 41 23
7 39 21
8 80 38
3 82 1
12 37 31
11 39 19
19 49 26
6 36 20
3 84 1
8 76 30
5 86 34
3 50 34
17 52 7
12 17 19
16 86 25
10 2 36
16 62 20
20 10 38
9 45 16
10 14 10
20 41 29
4 10 36
7 31 14
8 23 1
7 26 16
5 11 1
20 25 6
11 64 39
8 10 11
6 47 33
5 21 27
20 37 14
2 12 22
19 32 2
13 53 2
10 56 16
8 75 34
7 43 22
7 79 22
12 7 6
10 67 40
14 48 22
3 17 40
12 66 26
17 40 22
17 58 4
11 42 37
7 58 7
16 59 40
11 45 4
16 51 20
14 29 10
18 50 20
15 64 34
3 47 4
11 54 29
1 76 2
11 40 15
14 54 12
3 79 34
9 10 14
11 16 37
9 56 28
20 48 8
12 59 34
18 18 38
8 17 34
12 76 12
7 57 22
1 59 17
1 38 26
14 27 36
1 47 9
14 33 23
4 32 2
20 68 27
8 27 21
1 81 31
17 20 35
9 14 28
19 59 33
7 53 18
10 63 30
6 31 9
5 52 29
19 5 13
5 18 27
6 9 29
9 2 32
1 19 7
11 30 21
7 11 21
11 14 34
3 36 20
20 62 11
19 25 11
10 57 38
7 81 2
10 70 5
1 65 37
9 46 35
3 22 37
10 32 20
5 78 28
7 72 6
20 50 3
18 22 25
7 52 21
3 16 25
9 38 7
8 52 25
20 9 24
18 11 23
17 73 26
2 20 29
15 19 34
11 52 1
13 36 13
5 29 27
13 69 40
6 31 23
6 49 40
10 83 8
5 62 3
16 86 18
12 81 11
15 53 20
1 35 13
8 45 1
5 11 33
9 26 8
1 15 35
11 14 20
18 25 24
2 28 3
1 67 30
16 44 14
7 68 20
3 23 7
15 52 22
7 29 8
14 13 18
9 58 7
3 7 2
6 54 30
1 24 5
14 29 5
16 8 21
16 14 32
7 13 20
3 56 18
12 22 28
20 10 3
3 73 35
1 38 35
15 8 9
2 16 5
4 71 15
18 83 9
11 18 18
10 18 39
11 39 34
1 59 22
16 15 33
5 29 21
13 52 32
13 1 31
17 10 12
16 31 14
3 6 6
2 9 6
17 40 22
19 36 38
20 75 12
18 70 37
5 26 9
2 60 38
12 13 32
17 72 16
19 61 14
5 54 6
2 42 16
2 20 40
5 52 2
16 79 23
4 59 1
12 77 22
4 58 12
13 35 24
14 86 26
4 54 30
15 21 17
17 8 29
15 36 24
1 3 22
19 31 35
11 32 26
7 54 35
5 78 23
12 52 39
20 11 14
12 21 34
3 46 18
9 15 8
5 7 19
12 71 13
12 54 12
13 32 22
11 72 15
8 65 37
10 3 28
1 2 18
11 62 7
15 60 33
2 45 12
19 82 30
1 77 31
8 43 26
5 49 6
19 10 23
9 12 14
12 81 4
5 61 23
7 21 37
10 7 37
7 36 15
14 35 30
10 63 32
6 71 20
4 71 30
20 38 10
12 85 37
11 56 18
14 41 3
5 48 1
12 32 13
9 53 9
13 41 24
20 3 26
10 41 3
1 64 20
8 50 7
8 74 8
6 7 16
2 26 17
17 43 20
19 40 28
13 12 20
14 86 11
17 10 13
8 3 15
12 63 35
5 44 18
7 55 22
7 68 20
18 34 5
13 4 22
2 74 21
17 18 40
20 57 28
9 33 8
15 9 24
8 19 7
7 74 31
1 35 1
5 2 9
20 63 30
10 83 27
16 83 30
4 58 19
11 57 19
1 58 12
10 74 39
17 56 38
11 26 17
10 12 1
7 36 24
17 63 36
16 1 28
20 46 29
8 52 35
19 65 7
20 61 26
2 15 15
12 32 37
11 74 26
1 40 34
15 69 23
16 40 10
19 68 1
17 58 10
12 14 34
16 4 12
17 58 2
13 56 2
5 61 13
6 10 15
19 29 7
20 63 28
20 76 33
16 86 40
11 81 27
1 41 35
17 47 5
18 13 35
5 15 8
20 5 4
9 7 17
19 55 24
6 18 19
14 62 1
1 27 25
7 27 21
17 16 31
18 46 18
8 38 26
6 60 13
20 46 2
13 2 5
18 19 11
16 23 18
11 49 4
5 59 7
20 34 38
20 47 32
9 1 8
9 63 3
15 18 30
16 65 21
2 30 4
6 24 16
4 18 17
15 83 3
13 6 26
17 56 8
16 2 2
1 7 6
7 34 39
19 39 40
16 3 5
10 47 27
12 78 39
5 67 30
11 67 20
15 4 9
3 13 36
6 84 32
1 1 38
19 15 20
15 47 37
6 47 31
11 4 4
7 3 39
19 72 13
3 70 19
17 37 12
12 4 24
2 17 14
18 10 15
16 65 4
18 68 18
2 4 19
17 11 23
9 39 23
5 18 2
1 84 6
2 60 40
14 43 24
9 79 11
11 62 34
20 51 8
15 23 29
2 51 38
16 31 6
16 13 35
8 10 11
6 31 10
9 5 32
19 20 3
7 30 35
18 8 27
16 54 21
16 9 8
7 45 9
9 32 40
13 74 30
12 46 40
5 21 26
11 4 40
2 32 28
13 37 21
7 23 33
13 49 19
14 23 17
19 46 40
9 15 21
13 17 12
15 70 40
18 73 6
13 17 6
17 23 11
8 9 3
14 66 24
9 27 21
16 10 7
12 26 25
15 2 1
12 21 10
5 8 32
18 81 24
17 60 2
14 48 5
6 36 24
7 54 12
9 22 8
10 20 7
14 46 36
12 79 20
1 75 23
16 2 37
18 47 26
8 51 13
10 73 18
4 19 34
17 4 33
3 66 11
2 63 29
9 66 25
15 67 29
13 19 13
20 61 15
6 64 34
12 67 35
9 53 10
6 10 21
7 31 24
6 56 24
15 50 40
2 43 20
17 1 6
3 8 25
5 52 40
17 61 2
17 29 21
9 17 12
3 81 1
1 70 13
13 71 32
17 30 33
15 10 16
12 7 23
7 54 15
13 44 22
9 67 19
20 79 24
5 80 21
2 66 22
14 42 10
13 76 14
4 47 23
15 51 22
1 2 26
6 6 36
18 6 34
9 20 35
4 33 8
18 46 32
2 76 1
6 42 14
15 26 13
8 49 18
4 53 16
11 33 6
12 5 5
5 43 28
18 17 17
11 11 28
2 20 11
11 75 35
2 86 24
18 31 2
15 31 2
17 63 11
12 33 1
2 42 20
16 5 4
6 50 10
14 13 11
7 5 27
7 17 28
9 8 32
14 8 30
15 74 10
6 84 30
1 9 13
11 39 28
10 66 2
13 57 5
12 74 36
3 49 15
10 38 34
12 18 27
13 20 17
6 22 28
7 38 24
7 20 31
10 36 17
4 79 8
7 40 31
7 36 3
10 1 35
11 65 17
1 15 38
17 53 40
13 86 39
11 7 8
2 50 27
17 21 26
10 45 5
16 66 40
15 41 24
17 18 9
18 72 6
5 68 38
17 33 24
1 82 9
20 60 36
3 81 7
14 35 36
11 19 34
5 19 17
8 31 20
7 81 18
16 33 2
12 1 4
3 6 30
14 71 27
5 74 32
10 36 30
14 17 3
11 7 31
6 73 40
18 72 16
17 69 9
4 15 38
2 31 14
9 14 29
8 18 21
16 54 19
7 54 40
3 65 14
12 80 8
4 43 28
19 43 15
3 40 34
1 56 16
7 63 7
6 15 32
1 8 35
5 77 10
4 71 36
12 82 22
18 65 32
5 81 20
14 27 23
20 9 24
11 50 11
3 23 14
1 84 6
13 61 33
16 64 14
8 56 11
19 77 32
1 69 8
9 61 2
19 32 10
13 31 1
14 32 12
6 37 6
11 46 37
13 48 24
17 3 33
13 32 19
3 26 2
2 46 8
19 84 13
13 11 1
13 36 33
3 67 2
3 74 20
16 68 10
1 76 9
2 34 2
3 66 22
5 42 11
12 29 2
2 26 33
3 2 34
1 64 3
7 51 26
14 23 40
10 86 6
5 82 30
5 84 7
3 35 21
2 15 40
19 67 36
4 14 10
19 43 2
20 61 12
4 81 16
2 68 5
11 13 17
4 2 3
11 59 35
17 50 31
8 7 14
9 7 39
13 71 8
19 76 40
15 35 24
9 8 12
18 54 26
20 67 11
13 35 17
16 60 18
12 44 6
12 64 31
17 79 22
17 46 23
17 55 24
16 81 25
20 37 24
15 6 34
19 9 39
17 37 2
7 55 17
3 39 19
17 17 20
2 47 9
19 48 33
20 83 8
6 7 29
1 62 5
2 79 26
15 44 27
12 43 16
19 32 14
10 15 32
5 45 13
9 68 8
6 38 12
1 44 33
18 73 38
16 19 23
11 8 4
6 53 9
13 22 20
14 30 6
19 66 3
13 41 19
20 42 19
8 10 16
10 28 39
12 2 10
17 27 16
3 19 26
4 43 30
14 15 31
7 81 22
2 56 3
17 7 6
10 25 39
19 65 33
13 83 34
14 30 11
12 23 4
9 41 26
1 56 8
11 11 17
4 12 10
14 38 34
10 4 10
20 77 33
11 22 24
5 29 3
16 45 29
14 53 1
8 3 37
10 6 8
4 60 10
9 63 8
10 74 31
9 2 17
8 41 30
5 86 3
6 31 40
1 34 3
17 4 9
14 74 32
6 50 21
16 18 5
10 10 12
13 21 7
13 16 18
9 38 23
4 24 36
4 40 8
15 84 33
8 1 16
13 78 37
14 44 17
17 45 9
5 53 18
18 24 18
15 51 18
19 42 18
19 56 18
8 64 33
14 19 4
19 77 31
12 67 8
18 19 21
10 29 15
14 9 10
10 64 36
9 38 28
17 79 12
7 44 21
16 53 6
4 86 23
7 50 32
3 84 32
20 68 21
16 70 35
12 31 36
19 47 38
7 13 22
16 24 21
5 35 15
18 68 20
10 52 3
6 82 39
13 79 2
18 25 18
20 7 20
3 80 14
14 60 12
1 48 18
16 47 25
13 42 16
1 3 24
11 82 16
3 6 12
3 73 21
4 48 14
20 17 33
13 11 20
8 22 28
13 31 21
5 60 21
18 58 35
9 32 27
10 49 35
18 80 4
18 17 9
11 48 30
17 77 37
9 84 33
14 5 28
14 8 9
7 5 22
10 37 39
9 55 21
9 62 7
12 23 34
10 24 38
19 77 40
20 47 36
11 67 18
6 25 16
3 49 30
20 7 6
8 63 31
15 1 34
15 14 39
3 3 21
10 65 7
9 10 11
16 17 40
10 18 10
8 75 39
8 71 5
13 46 38
1 72 30
6 23 21
18 47 25
19 7 31
18 11 16
15 79 36
3 78 4
16 68 14
4 21 33
2 11 33
17 62 8
20 19 6
11 1 29
9 1 6
12 81 36
2 21 13
19 30 25
18 54 36
11 13 8
1 30 25
6 22 6
6 14 31
10 58 31
6 29 34
15 48 17
14 7 9
20 11 9
14 32 14
18 22 37
20 38 6
6 30 28
17 57 12
1 14 18
20 51 29
13 72 26
14 62 5
14 13 11
9 67 15
8 52 35
14 20 37
15 38 19
14 53 25
16 86 9
6 13 12
11 19 8
20 44 10
1 22 16
20 61 35
8 10 37
19 31 28
4 73 20
17 21 3
2 86 31
11 19 39
2 30 33
20 71 26
16 28 26
3 10 14
12 30 11
5 57 6
14 5 27
19 76 8
17 30 36
17 35 35
11 15 14
19 14 10
8 28 19
4 63 35
20 2 31
15 15 12
5 20 32
1 47 37
14 51 25
15 54 6
4 74 28
19 19 30
2 43 38
5 42 32
4 83 27
8 73 8
14 24 33
8 59 16
2 84 29
18 12 22
2 60 15
12 80 13
20 48 16
15 85 10
1 50 12
3 63 20
10 46 28
12 3 10
16 4 7
14 46 18
17 71 35
6 62 34
13 82 36
9 60 7
2 80 16
3 4 7
12 16 7
1 27 23
5 23 40
14 28 9
3 13 19
12 31 39
3 86 13
9 65 18
11 84 32
1 73 18
7 85 16
10 85 9
16 20 34
11 44 32
8 3 6
14 47 33
17 40 29
2 70 4
2 38 22
11 51 3
20 28 29
4 22 16
18 11 37
4 9 28
9 82 32
8 14 6
1 28 29
3 7 3
14 32 11
3 65 28
7 7 1
19 10 24
19 54 40
17 34 35
19 16 1
4 18 19
8 47 18
6 32 40
17 36 32
17 31 22
10 35 32
19 67 33
2 18 15
20 25 36
17 83 7
14 69 35
20 58 13
3 82 11
19 75 11
19 39 38
12 42 9
12 43 28
9 79 6
9 73 23
12 50 26
2 86 34
10 43 15
20 12 20
1 66 16
3 57 32
7 65 28
9 59 12
18 1 32
2 29 12
5 57 21
18 34 34
12 25 12
3 43 36
17 6 2
9 5 18
5 77 38
3 86 27
10 80 17
7 79 22
4 29 16
11 5 38
7 77 40
16 51 34
20 15 31
20 33 2
3 59 35
8 37 40
5 52 28
20 46 29
14 5 27
7 9 23
4 74 4
11 45 29
13 23 25
8 72 40
13 42 25
9 67 20
8 76 1
7 68 37
4 41 32
16 72 24
18 75 26
11 85 11
19 76 27
17 24 9
5 73 1
20 39 15
13 49 37
17 16 19
19 12 38
13 4 34
3 15 18
14 26 36
20 82 9
7 27 32
5 18 37
14 25 30
18 12 29
10 29 18
18 31 11
9 47 34
17 76 21
16 86 24
7 27 17
16 51 30
2 82 19
18 27 37
12 52 6
9 49 2
11 17 17
7 70 27
7 46 30
1 34 21
4 35 39
6 69 36
11 59 4
3 48 39
2 14 26
4 22 7
14 83 2
1 52 11
6 39 39
5 64 40
2 6 39
17 43 18
16 84 15
12 36 12
10 65 7
11 49 6
4 18 22
16 17 8
8 44 8
9 74 13
4 37 17
2 85 2
5 55 17
7 71 20
2 70 39
1 20 6
4 50 14
20 80 12
11 24 21
19 53 21
3 60 17
13 55 39
20 44 40
10 77 1
1 37 37
18 71 39
6 81 14
1 1 25
8 6 17
13 70 11
11 52 19
3 45 17
9 49 24
8 65 36
1 21 28
16 14 10
15 38 17
14 83 16
9 24 2
5 4 33
5 66 38
8 70 17
4 22 16
11 32 27
12 22 26
4 41 1
13 25 9
10 1 4
14 9 32
14 58 23
10 51 24
19 9 16
11 23 2
13 48 27
1 16 29
8 41 34
16 68 3
3 67 40
1 52 18
18 61 31
17 73 10
17 25 28
18 44 28
19 6 30
8 38 40
5 85 4
2 30 23
19 59 9
10 80 29
19 55 12
16 2 23
7 66 37
9 68 21
9 60 18
8 30 27
3 86 34
10 70 17
7 52 5
19 2 21
6 21 6
5 5 21
11 86 27
10 35 3
5 41 24
2 86 6
20 16 33
7 26 21
13 78 26
18 44 26
20 28 34
2 2 15
1 43 23
11 73 39
15 66 13
16 28 28
12 71 7
3 74 40
14 49 14
16 27 10
15 30 33
13 63 4
8 84 37
14 46 39
13 20 14
9 44 13
2 72 30
15 28 37
10 6 37
19 86 23
17 37 40
16 85 3
11 34 5
18 85 4
17 14 1
10 4 16
1 56 9
2 77 24
9 49 32
15 65 6
12 78 16
4 71 31
8 69 21
20 74 39
4 60 13
14 13 5
11 55 9
18 62 37
12 64 11
16 72 2
9 10 33
13 79 25
10 24 15
10 13 36
12 63 12
11 58 38
6 55 9
9 52 39
7 85 4
3 67 31
2 30 5
2 53 37
14 3 7
15 84 22
16 59 39
1 50 6
8 34 7
8 35 1
16 80 2
7 31 39
16 83 38
15 4 2
5 4 30
16 5 25
9 44 30
18 9 40
10 7 26
1 50 36
10 75 38
17 43 1
3 29 30
6 82 30
11 45 4
19 24 18
18 19 35
19 45 38
13 27 29
18 64 14
3 10 26
16 24 22
1 78 13
6 86 16
13 42 20
7 70 19
8 19 26
16 23 4
6 22 39
17 47 11
13 6 15
6 49 25
1 1 24
18 48 37
4 30 40
17 85 35
5 39 36
15 46 33
16 37 28
11 69 3
5 31 22
14 5 23
13 79 20
13 34 1
4 86 28
10 26 33
7 24 34
10 64 31
5 52 7
19 64 21
17 36 37
9 28 35
15 48 4
2 24 4
5 26 10
13 73 24
18 61 5
8 62 18
7 60 9
2 47 28
4 53 37
7 57 34
10 18 22
7 75 30
1 12 19
8 2 6
16 7 13
14 62 15
3 72 6
14 63 38
7 19 39
5 13 29
13 83 35
7 28 21
5 6 8
18 12 29
12 44 1
17 62 8
18 6 1
17 82 21
11 73 20
6 81 39
11 71 27
16 36 3
17 66 32
18 15 9
7 73 23
14 79 38
13 55 30
6 16 37
15 39 10
2 13 25
19 24 27
3 14 17
5 7 19
7 9 18
13 48 33
2 43 13
17 77 32
18 83 17
4 59 15
9 60 16
2 42 35
7 66 29
19 4 35
12 75 6
20 81 5
14 64 9
20 74 38
17 18 17
2 43 4
17 14 18
17 82 40
16 45 4
20 45 26
20 73 17
4 67 20
20 74 3
20 59 20
13 83 14
15 45 15
4 75 20
18 36 18
17 38 2
20 60 36
7 22 8
11 16 8
1 81 17
18 19 13
19 8 19
11 10 28
18 45 11
14 64 38
18 55 16
12 19 35
1 17 27
17 63 4
19 7 20
5 23 16
8 11 35
13 22 6
6 55 10
20 21 23
9 79 11
3 28 31
2 33 21
17 2 21
16 74 35
2 43 18
6 29 25
6 77 9
2 45 23
14 44 15
5 43 8
3 34 2
11 49 11
1 37 9
8 85 31
17 34 27
6 60 9
5 65 3
17 53 16
14 10 36
19 3 9
9 65 30
2 72 18
1 55 11
1 61 35
16 56 21
7 58 19
4 79 11
2 75 15
7 38 30
4 65 25
3 23 35
8 70 1
11 73 3
12 34 10
10 85 9
14 84 19
2 44 21
2 62 38
10 44 29
2 74 17
7 33 27
8 39 36
18 12 10
8 30 30
20 47 15
11 28 7
1 37 31
18 27 35
9 53 3
12 16 25
6 1 12
13 86 10
19 37 24
17 70 31
4 6 14
1 31 15
5 60 39
12 34 6
20 15 30
13 29 6
20 21 29
12 28 29
10 39 14
19 58 32
17 15 28
20 12 29
19 86 24
10 17 11
20 18 35
12 45 5
17 46 2
7 11 32
16 33 14
18 47 24
4 72 31
14 41 29
11 26 33
12 42 3
8 46 15
5 47 21
12 49 24
5 8 11
9 57 27
12 84 12
15 60 32
3 59 7
5 25 18
17 20 13
7 86 26
15 77 17
8 22 11
16 80 37
1 28 29
17 56 15
6 31 22
13 70 25
13 30 28
5 78 37
17 62 9
5 26 22
14 14 18
17 14 40
13 29 21
1 64 9
13 32 10
15 8 9
17 61 34
3 84 37
19 5 22
11 42 14
9 33 33
11 39 20
8 35 9
16 80 20
9 74 15
2 12 15
11 14 1
5 75 6
1 82 23
5 86 23
9 20 5
16 81 33
4 12 33
16 60 27
10 23 31
1 18 29
8 29 31
19 61 21
1 53 14
20 80 31
18 17 17
19 47 10
2 59 5
5 62 22
7 27 17
6 7 25
10 19 7
12 15 28
19 81 11
8 77 22
19 37 39
12 2 35
16 23 26
1 10 29
12 70 28
2 82 38
6 67 32
11 1 10
2 71 15
12 77 9
11 33 40
16 61 20
15 9 14
12 74 26
12 41 7
19 13 26
18 74 23
16 57 2
17 64 37
4 68 1
1 40 11
17 74 33
1 38 27
2 40 26
5 63 34
14 86 8
9 61 35
8 30 3
10 35 36
17 21 2
4 68 35
17 18 22
2 63 15
15 46 17
5 49 16
18 52 40
16 58 16
14 58 23
7 64 27
12 40 7
7 10 30
11 53 15
8 45 17
3 68 4
20 11 7
19 14 11
18 1 14
12 27 34
19 51 36
1 4 38
8 53 23
17 49 33
7 84 40
5 47 9
14 26 8
19 6 11
17 85 3
5 63 22
2 64 36
1 69 13
10 83 35
14 74 36
2 5 3
16 4 4
3 56 16
6 44 40
2 32 35
15 17 2
11 37 35
14 62 28
2 12 35
18 83 39
6 3 17
14 48 4
19 21 3
4 33 13
13 52 33
5 41 33
12 85 18
6 2 22
14 47 5
12 19 29
15 32 4
2 85 22
16 36 19
9 81 31
7 43 28
12 16 3
18 16 25
9 14 15
4 3 33
20 6 39
2 48 37
19 68 12
14 57 35
16 10 13
17 8 31
11 9 14
19 40 22
19 77 11
10 72 21
17 83 11
11 55 10
1 9 17
14 63 36
2 51 12
11 66 10
20 70 28
1 81 36
20 66 38
10 86 25
6 47 10
15 27 14
2 49 2
13 81 19
6 86 3
11 1 7
16 38 17
4 4 22
11 7 39
10 67 21
1 65 31
15 10 33
12 78 15
4 78 7
16 26 23
3 51 39
20 37 12
18 38 16
1 81 30
9 42 10
18 5 12
1 76 37
17 78 17
8 60 39
10 27 27
18 14 2
20 70 24
15 40 1
14 39 4
6 6 18
15 63 39
4 84 16
8 28 28
5 32 16
6 86 29
11 3 34
7 34 32
17 5 9
2 23 38
9 64 40
8 32 13
3 62 10
12 24 27
10 37 37
3 1 20
14 35 17
16 57 26
4 5 3
7 14 15
5 80 25
17 18 36
9 32 1
13 41 12
18 86 34
3 20 10
16 18 35
5 78 5
7 7 15
15 59 4
6 70 13
10 57 36
16 27 13
6 39 12
18 40 7
9 9 15
6 54 9
9 6 39
4 62 30
8 83 14
16 19 32
11 25 33
5 8 37
3 10 4
5 56 10
10 86 18
9 28 37
17 23 7
8 3 21
4 1 19
3 74 27
4 79 21
11 26 29
2 1 14
6 2 17
17 42 32
7 44 2
13 62 35
9 46 9
5 26 20
5 27 28
20 39 40
14 59 40
2 14 12
11 27 35
5 31 36
5 17 39
3 19 1
10 13 27
3 45 30
15 19 13
19 67 21
12 13 35
10 85 16
14 30 21
18 20 35
10 16 27
8 23 38
6 47 37
15 8 24
4 37 9
9 32 33
18 5 34
3 15 10
15 63 33
20 76 33
15 21 33
12 48 35
8 26 40
16 28 31
6 57 27
7 47 5
19 14 37
19 65 30
16 69 20
13 44 34
7 29 30
11 33 10
14 70 17
18 14 24
17 24 15
1 83 13
18 84 34
1 71 14
17 20 7
19 55 12
19 75 18
2 5 14
4 46 10
12 22 23
11 64 35
3 12 39
14 29 7
4 80 6
4 76 16
2 77 18
9 2 32
14 61 8
8 81 5
3 79 6
4 70 37
4 49 7
9 60 19
9 4 21
11 20 8
3 46 18
20 43 18
5 79 17
8 67 4
8 33 17
15 77 6
19 34 11
17 74 30
10 67 13
10 82 24
13 73 23
7 65 13
17 77 8
20 59 3
10 29 2
1 31 23
16 83 37
3 36 15
17 15 21
13 21 4
2 56 38
9 76 13
10 46 29
13 84 22
16 63 12
7 44 29
3 48 23
1 19 7
18 11 2
10 51 34
18 51 7
12 26 9
6 15 11
17 62 32
9 21 7
3 78 36
11 72 18
1 26 6
4 36 37
17 71 26
9 36 27
7 16 35
8 34 9
16 13 10
1 38 22
8 32 8
17 19 7
17 80 25
6 44 11
4 2 37
10 21 27
4 19 16
7 86 7
7 25 14
5 20 35
14 8 28
16 80 13
20 51 26
17 41 2
4 75 30
12 61 40
13 5 33
4 51 23
4 54 35
10 79 16
6 22 35
11 29 37
7 75 24
13 64 34
19 51 27
5 8 29
14 84 33
