90 58 4512 2474
423 1061 3795 709 2849 2409 2023 178 1684 2729 955 285 405 4621 1818 3107 3830 2504 736 2278 2421 2250 1985 1149 561 1688 4535 2727 3169 4907 2450 1582 426 932 4768 2274 1995 3845 2742 2385 1448 1554 617 329 1142 3613 4161 1942 1081 1546 3192 4629 4695 3538 362 3936 2795 2192 
3926 3827 149 4382 4304 4894 1373 3281 3773 3916 3297 4056 3945 2071 3759 405 1096 155 3403 1405 4867 1788 1415 3955 3939 2447 4504 3781 767 4659 2447 2675 1342 3009 2248 1083 3049 4170 2730 1616 1036 1812 1477 2419 2297 2006 1837 1020 2017 688 4593 2522 229 620 4233 4319 2001 731 
4885 1031 2037 3406 1325 2615 3800 4549 588 3007 2387 121 4650 1805 577 1633 2615 3760 4427 4649 846 2934 4462 4543 281 1497 4611 2724 4053 4417 2944 3950 2495 4116 4767 1641 421 2851 3067 866 3617 2610 1345 2832 2035 4703 1302 1249 3679 2361 1019 3579 2478 3561 2357 1484 3227 3926 
347 3084 4791 1366 766 4259 2046 2553 711 4043 4702 1371 1961 2686 2850 3377 3572 2064 4342 4700 4010 4056 2665 1487 927 644 554 4396 4493 4102 4843 4658 1561 2395 971 1474 226 333 2566 1393 2607 1977 4624 135 2678 1845 3538 3521 3375 2477 2698 4198 30 4127 180 4739 2814 4747 
2350 3750 3863 1428 1570 1499 1610 3696 4260 1036 1188 2736 4488 3382 1730 2285 2972 3320 1253 3901 2662 503 2377 1279 1947 4809 281 1989 2236 3732 2311 2448 2150 506 2134 1962 2884 352 153 431 2624 2639 3796 1309 3260 2157 168 3403 3723 2086 2830 3186 2452 1680 2898 1400 23 4683 
1856 2025 4675 1302 410 3294 125 4000 1034 4433 1326 1971 2047 37 4014 3306 170 2383 3782 1156 218 2102 2141 4669 3875 3172 627 1877 2563 1387 2845 1954 4833 1300 3323 1626 3274 3074 2832 1025 4770 4082 2561 4652 2767 4657 2872 3455 1631 3520 1769 4361 4819 1459 587 4004 98 3771 
1465 1383 4831 1232 1239 4320 910 4112 456 1584 3678 2200 446 2466 4069 170 2753 3235 4448 2868 1768 2386 3445 3773 638 3368 4499 445 1060 466 511 4550 3595 676 1358 4520 2984 640 2468 3470 2707 2932 2870 808 4009 2955 647 4709 1477 4043 3759 1853 4856 4797 4700 482 218 4871 
4748 4345 3864 1338 3504 4281 3716 1266 4572 2198 2380 2359 4249 2995 586 1207 4262 4891 609 552 3497 3421 1145 1842 593 1978 2761 4019 4901 1983 1387 580 727 2101 2597 1908 3552 1708 1543 2869 3088 1679 51 2858 177 847 3131 354 3441 4255 2880 2951 1906 1223 2760 2123 3089 2006 
2783 778 1794 2347 2136 2065 2186 3675 4864 2084 4042 2446 1067 1803 1631 3264 4359 1732 1382 4277 281 4082 3909 695 1735 611 3400 331 2903 513 4478 636 1534 3587 212 1447 4654 3317 818 246 320 4642 1929 2597 3257 413 3402 2288 4654 887 1570 1302 4878 3538 4646 3102 3612 4817 
4307 4096 1734 2608 350 4160 2896 951 2551 1746 4039 3341 2537 4026 3432 4892 3011 2999 4871 3012 3455 2296 4547 1866 2400 2209 2787 515 3597 4193 355 3652 750 2461 2423 936 2248 1051 2904 3413 465 1411 2738 573 2173 1101 4372 1172 4140 196 3404 3261 2905 41 2502 4399 901 3879 
2250 2476 2388 2564 4016 2513 861 2743 2005 2136 3492 1472 357 3511 2089 3352 1705 3218 3505 3498 4428 1668 1142 3132 3255 2157 4759 1108 3057 1278 2603 4341 1157 4109 2460 1473 4483 2136 3927 2842 3064 1472 120 4517 3748 666 1689 985 2592 1617 1308 4479 3650 3056 2878 2070 3516 2764 
1179 2461 4775 3860 1598 3849 4548 4407 2440 3941 1829 2356 353 4875 2134 2667 3257 965 225 2797 4430 4425 1355 638 3826 3658 4408 4674 2421 2443 1697 1253 1154 719 4113 185 1028 2279 4132 466 1619 4185 695 2187 2255 630 3834 4658 3713 1772 4176 4659 3381 4195 2698 4292 2581 3942 
1485 4313 3359 1118 3563 3676 618 1652 514 2534 490 2663 3145 2121 4677 4770 988 1126 1775 2353 1918 4288 1500 4079 4133 1700 1831 4770 1428 1572 2191 4801 2795 137 3225 3095 4806 4766 2773 1506 2735 3101 4278 1234 3215 3692 3109 691 4510 1690 4126 1253 762 208 2277 2549 4011 258 
2539 538 4248 2521 2424 1656 2317 3627 2650 228 3336 2253 453 3850 2087 4389 1437 3207 2269 1065 2001 3876 3211 3366 3053 740 3766 2917 321 1927 1864 4462 3108 1990 3762 2020 1076 1201 3265 4748 1043 168 2998 2618 3801 3353 813 1843 951 578 3452 197 3908 319 2965 2697 1629 1873 
2983 1919 1921 1427 4169 4382 2383 4334 2720 3607 2967 3640 3274 2046 3297 2633 3819 3559 579 178 2477 1994 4454 153 780 2342 3773 1529 4473 4385 4872 4755 4278 2706 995 4845 2135 4580 3170 1435 271 416 771 860 420 4565 3212 1408 3272 2191 1001 908 3590 2636 4665 3796 310 304 
4664 4117 92 4227 3780 1330 4707 1271 39 2490 3135 4907 1489 979 3957 1441 1167 320 453 691 2454 2259 3673 4468 487 1097 1154 3628 4646 4611 3345 417 436 4495 1286 2665 4708 3726 524 3940 2894 3349 4568 2109 1542 1660 3721 231 3209 1167 768 1720 1335 2884 1195 1528 2447 3337 
1434 4214 3989 3938 654 1646 3722 107 3603 4873 1148 302 1308 4333 3840 4772 3240 2469 2514 999 1046 3600 2437 984 93 3352 611 3481 613 1169 3087 2262 555 1579 928 185 2221 418 1646 1687 1878 2460 654 1142 1222 747 2420 2583 1074 1367 1295 4376 114 2775 1092 3749 4502 2315 
4517 3842 1873 1739 1944 172 621 420 570 3376 4525 1572 958 2634 1760 503 3981 1455 492 66 4778 2417 2243 3267 1327 1003 194 4554 4875 4534 358 4399 520 1677 2583 1566 3841 4275 2563 4149 4759 1927 3131 1140 901 3522 3065 1701 149 110 3614 3295 1734 2878 1728 3734 3076 4803 
3957 4902 1318 4821 1976 4333 3993 1956 1733 4700 2466 669 210 2416 3161 4152 1620 4649 1599 3525 3956 1561 1940 4695 4081 2122 1975 4429 4504 2065 633 3435 2508 2965 3089 4541 2513 1177 1226 2980 4636 3385 4387 3034 84 3959 4770 2585 2139 2549 3867 2875 1439 4399 4207 3501 4645 1199 
2778 4800 1847 460 4033 1623 851 1611 4314 244 4484 237 1451 3279 4599 959 376 4560 3223 2081 2050 3234 2069 767 456 1638 2897 1375 2222 2426 4491 2454 1153 526 2768 4399 4005 2029 473 4295 1829 4092 2501 1515 1895 4829 114 1673 1670 4591 2925 148 4888 2160 1733 3485 2808 4624 
4537 3648 1441 4310 2346 423 1311 4407 2971 4665 1645 2034 2759 3351 2958 375 1538 4074 3063 2801 3474 1739 3956 2204 3322 4016 2287 2472 3512 2042 452 3015 473 3256 3993 4196 807 3313 3761 493 4038 4674 110 1560 3827 3806 212 1253 2123 1830 738 1027 1622 1204 1571 803 4874 979 
3668 3159 2401 4263 13 1315 2824 3827 1297 507 2102 1382 530 3199 4437 43 2448 2302 391 4323 1113 823 1448 175 3714 4199 1513 2342 2940 4144 890 3646 3012 3842 2279 1314 1750 1437 4243 3504 2208 2558 164 253 1005 35 1556 3473 837 3298 1746 3864 451 3912 615 4422 3745 1489 
3210 4382 3130 3784 4675 1940 3017 948 4010 4378 1822 2704 471 3607 3578 87 3340 1546 204 3373 4761 2265 1366 2615 3780 4683 2751 2196 3297 4566 629 392 3603 4349 1734 2055 4403 4525 1285 4711 4567 4159 677 3078 4309 3809 1249 2616 4422 4337 2172 529 680 357 1027 264 3413 1841 
1883 539 928 486 4009 2998 1349 4041 2379 1960 2510 3051 2229 3503 2281 210 2860 1618 2029 3448 2273 1628 902 2944 497 3076 3012 2784 240 2337 4457 3346 1082 463 3221 3861 2103 3090 3044 3524 3653 3202 2415 1337 813 2880 3317 2085 3359 2155 4094 4054 4047 2583 1750 635 4161 4279 
662 1368 1900 1876 204 2521 4801 4437 1303 2113 256 4059 1211 754 1069 4323 1371 1663 1806 2165 4872 2321 4560 3503 4015 3308 4085 4242 1124 65 901 1458 196 833 1850 157 1336 590 1984 1799 687 1975 1924 3754 2523 2222 42 1190 4132 2101 1076 1643 4097 4537 144 683 2123 20 
1209 3732 2297 4733 212 4869 928 2035 180 4709 1364 1099 4474 4894 1553 788 672 150 3344 530 697 1381 3548 4862 2390 1194 3351 3765 4292 2081 1180 341 2862 2825 3615 2065 4060 3723 628 1133 3949 4049 2086 654 3329 3143 4770 3118 2808 3143 796 2184 3505 619 1590 1373 1159 139 
1973 2301 3731 3727 3199 689 4253 749 375 1629 3332 2015 2454 4673 1731 2447 1080 488 4782 1637 4435 4299 2232 3473 153 2719 1436 4513 2195 2675 3691 3220 3980 2286 4093 4000 2598 1307 3021 2917 2633 1064 4901 1687 3513 1797 3090 2018 11 4549 3711 2150 1235 4605 621 1668 3860 2246 
2740 2536 436 2449 3579 3303 2494 4408 4002 4858 180 1445 428 1488 335 2243 1124 1717 4243 1388 877 732 4368 4120 2443 86 2337 139 4328 3914 1776 2620 1059 2021 2319 68 3412 4498 4587 2927 4693 4491 3634 666 3777 1248 3167 4155 4259 3326 4324 1827 3352 1458 4828 2855 1377 2243 
2907 4356 2913 4451 1840 941 657 4588 1704 369 3409 2420 3463 1533 1244 1003 4761 1378 649 2621 3245 1917 3714 1716 4708 1182 3834 2623 3943 3850 638 1707 3147 2205 2796 3491 3165 3876 3674 3387 2552 4854 1081 4859 849 1024 4444 2215 2029 2789 2973 597 2711 1705 2910 3532 1082 3723 
571 4803 4848 2827 2951 2967 2060 3500 3340 1868 4659 4002 3513 1176 3193 4119 1913 4682 1223 2905 181 2398 4748 989 4118 4494 3371 2617 3481 1445 3046 3154 3138 3842 1203 2157 3042 4162 2239 4409 3547 1806 162 1482 3945 219 1429 895 1878 2964 2366 4420 3151 4323 4175 57 908 140 
2445 4256 493 3866 629 1383 864 4782 2650 1597 2766 143 1184 4078 196 4013 4220 2461 240 3208 846 35 569 3935 1829 4602 4001 3344 4639 4791 2161 1479 4251 839 3386 2180 616 4002 1072 2734 2703 52 2952 1468 3443 2872 1890 1103 675 3988 725 712 3670 4603 862 1360 4642 1758 
992 2104 1995 4865 4162 507 3709 1032 4245 2908 411 2307 4861 4167 1759 3476 1388 719 4573 1846 241 1642 284 4662 568 3951 4828 3407 4900 437 2830 1962 3486 1959 2501 4312 1648 1728 475 10 1195 2295 2319 630 3696 418 1935 4575 1814 3745 833 3435 1067 1517 1562 1802 882 395 
1954 3844 1501 1727 265 4291 2357 540 3720 3227 29 3935 4489 1739 3422 1317 4554 802 1735 1235 3129 2960 4550 3325 97 3577 2928 632 1849 4551 4560 3686 1703 2279 3798 1006 4442 1978 436 328 1148 300 4325 2822 3564 3290 3113 2319 3275 2546 173 937 308 2003 3250 3069 4595 4655 
1375 1229 4704 4091 3528 1888 2801 4643 4796 138 4778 4384 67 3761 965 1475 4439 4616 786 4870 2532 1976 743 182 2421 4611 1617 2033 2473 3326 4680 266 4232 2532 4023 3893 1533 59 4815 4156 2757 4480 1133 1409 1701 4662 4618 425 842 1732 4148 1480 3109 180 4904 171 898 1616 
3620 4550 2189 3030 3212 415 3997 1519 3684 2187 3845 352 3447 4383 3314 1907 4164 2614 3707 495 4413 4366 2094 3558 2701 306 663 350 799 673 4255 4030 2060 2967 3101 2772 1982 4034 475 4715 4110 162 3293 2936 1761 4304 3201 1864 2596 4078 3409 944 4854 2281 3981 4764 2742 120 
1444 1168 1599 1737 2126 3010 3845 3972 3395 4182 4041 2123 130 2017 4768 1586 1817 3246 3023 4216 4616 2144 323 576 4252 3421 1087 2984 4187 3832 1510 1322 207 4239 2859 2013 4595 4784 1059 1126 1622 756 2574 1726 1961 534 2982 3854 3858 255 4775 3056 1407 987 830 3878 4590 4090 
2682 892 3482 3217 1325 2495 3602 3381 1707 1592 4501 4162 103 3570 792 4193 387 2116 4212 861 3779 58 1155 1075 3932 1855 780 609 2646 3484 2397 326 4731 1842 3239 927 440 3089 895 4530 2550 1163 4652 3378 3051 2272 3904 3365 1219 1620 2497 3973 1558 1886 2888 2279 3103 3511 
2137 2153 916 2072 1209 4195 4283 1112 4175 2935 4721 2436 4513 2781 4408 2405 2182 2752 42 1191 895 2906 2286 762 3853 4644 2180 43 3326 1848 3433 3987 1634 1864 4898 3178 2585 3255 3288 1886 1420 2505 1354 4876 3616 4748 4173 4699 3517 2382 2089 666 917 4232 2745 1729 2824 799 
2186 4298 4614 2550 3580 4341 2868 3193 2795 100 4693 990 2980 630 405 4859 2374 1625 2187 3148 1092 3066 1376 155 1617 1634 2137 2483 3582 4166 2859 4073 3546 1458 1580 1830 4809 4371 4284 725 1294 323 2130 4563 4378 3100 4581 4051 1222 2853 4454 1615 2476 2026 1991 787 2823 1270 
1963 4290 3830 2199 4646 2618 217 2760 2065 2542 2611 2393 2514 4524 2649 2177 1655 3996 211 2373 4361 282 4025 2397 1537 1532 1236 1290 4558 1588 4265 4552 3596 2666 2905 2271 562 3517 247 4299 4382 392 4054 1142 1837 2017 2576 2113 4855 1573 2375 2204 1583 3728 3303 2496 3412 4797 
3637 2272 1509 3952 2273 2753 4205 2125 4174 3019 4657 2929 84 2571 496 2013 2249 193 361 4393 4077 3203 1829 3273 2007 2407 905 401 1895 546 3511 3104 4385 1124 4507 1568 486 2155 3928 925 144 862 551 1563 4226 1446 35 167 1048 4315 1936 1129 3092 375 409 1623 4288 162 
2420 2529 3821 1590 3339 2760 2136 2599 3073 4163 1012 91 1395 3931 2980 1721 3269 1772 1982 765 1618 4061 1768 3644 4789 3940 4773 1160 2692 3877 772 2345 398 2169 1458 2623 4018 1713 1527 842 2829 3663 1719 1411 286 2413 2736 4566 4694 970 4273 862 4613 2303 934 4087 1184 3761 
1778 3574 2406 2624 1736 4785 2853 4433 3146 2629 3960 2123 1738 599 1277 384 4541 1873 2401 4059 332 882 3542 984 3243 3411 2521 572 3950 139 2806 2443 2804 4618 3096 1512 1160 2145 3332 3152 3222 4042 2657 4538 974 457 3990 1045 521 2155 1960 520 2534 4762 2271 3919 1708 3699 
2083 1716 797 2841 3673 1583 3528 211 3242 3010 1727 3929 2935 1854 2270 725 805 3312 2171 1803 2838 3310 169 3501 734 4774 3474 929 308 4355 4618 3722 4410 1778 1753 352 3071 2375 2889 1037 2194 2282 1853 2715 4153 1676 4106 1484 1644 2838 337 4317 4437 1146 1347 4585 4793 1523 
1689 1776 3202 2368 1956 2004 2041 1942 842 3050 312 1785 980 631 2434 1895 3537 2406 1038 296 4183 903 3734 711 501 2680 1019 1219 2488 4499 2882 1707 3686 2741 3604 3076 1852 4250 1726 2109 4199 1653 524 4657 3078 3472 3269 3245 1841 3617 4893 1888 3720 400 4742 1510 2606 4113 
1333 1305 2325 2070 4820 245 4230 2591 2672 2706 1226 914 4333 592 873 76 2056 2733 390 423 640 4119 88 79 2586 3807 558 1113 1568 2415 2312 3042 3964 4229 857 1306 2730 3606 2162 453 3297 395 1761 4797 678 4843 3444 501 4716 3911 1028 4174 2863 2367 1796 769 4297 4100 
841 2910 1486 4539 2831 1081 1283 3629 1535 3352 2086 4700 2738 3846 4561 1404 2590 1668 2887 4202 1671 4379 4532 3918 3410 2627 3490 810 3825 4270 4278 433 2521 4625 216 988 3485 3747 4219 346 4873 4590 94 3093 1592 3660 2312 1970 4017 113 3471 2665 661 4855 4435 3312 281 1694 
4402 3572 557 3749 1650 51 4590 613 416 451 4193 3701 4559 438 3288 848 4484 1953 4229 4240 773 4770 2660 4204 4240 3889 1470 17 1670 1211 3567 731 916 3831 3996 2965 2818 1565 2834 3039 2003 3008 1374 4404 2166 4620 1655 2645 4546 1314 2635 816 864 1322 2518 2100 2331 2313 
2517 2472 934 43 1845 3485 2429 2201 1399 4098 608 2454 1514 1684 3500 1667 4687 908 4032 3826 4803 2654 2175 2371 2126 2236 4463 4601 2765 4865 1967 4904 2238 1146 4230 1720 2344 879 377 1835 2327 1709 3643 2901 1773 3383 4599 4727 1086 1070 48 500 1319 3194 47 3194 401 1043 
280 4487 1469 3217 2938 237 2951 2711 1960 145 669 4009 1127 4757 3620 2421 3224 1051 1063 4081 165 558 3402 3887 3700 1708 2489 847 821 574 2143 3563 4865 2836 533 3900 108 2285 1254 731 4428 4335 752 4875 1288 4517 4604 1720 253 4193 3604 1319 4846 2021 2157 3561 897 3681 
4057 1696 2666 2887 527 2429 1933 771 2063 3582 3749 2350 4149 4840 1082 3973 1723 2035 3451 4567 3914 1193 3973 1968 2664 3045 525 3895 1894 4582 2913 2075 3115 3491 910 90 4061 4220 520 1909 1065 3172 2297 607 2285 2542 4268 4788 713 2981 3750 3570 2448 2482 2535 4501 3263 3346 
2585 344 4835 3748 2565 3463 1513 3544 717 3535 955 4434 1264 2101 3857 3774 4731 4580 3229 634 1119 1451 1776 3245 254 1528 2648 2462 3388 3363 2004 3508 4908 3602 667 2796 204 3749 697 2938 1587 3711 3104 2879 3106 4905 3616 3853 887 4340 2265 4159 4666 705 1538 1025 2576 2235 
4096 4354 1397 2349 2432 4901 4490 182 1650 2668 1547 2104 2668 2173 2684 2714 3112 694 1418 3981 1246 2538 1385 2826 3412 1480 3269 1617 572 3237 3516 2262 346 650 2082 487 2208 3089 2786 1413 551 3896 2016 1435 2371 2930 4482 3839 1121 3488 2063 1009 2970 4136 386 3298 2474 4478 
4381 1555 1300 3399 920 757 1476 1373 1989 773 1120 2764 3386 2103 3300 3317 1716 269 907 1260 1847 2394 3487 1218 2365 340 4449 4287 3276 2907 706 1781 1134 3387 2211 4827 1171 674 3962 4757 4577 529 512 4504 1101 4121 4079 1812 2030 572 371 1603 2833 2246 3060 3174 2723 4861 
623 1830 1675 2195 115 1411 3844 4309 3119 969 4304 1433 986 3454 3037 2581 3939 2560 1688 2013 825 3464 3444 2084 4809 2628 4613 4186 4808 701 4731 3293 1682 2106 3563 1119 4880 1160 4152 599 1827 1054 139 2597 3759 1765 3533 3174 4348 3465 3594 4133 2167 1248 4593 2789 2810 3894 
23 423 3650 4645 739 2810 1256 1871 943 1197 4394 4290 4082 3389 1836 3073 4848 3873 375 4697 668 700 1883 1766 522 1108 1285 3145 2535 595 316 3949 43 4599 2724 718 3828 4087 4637 4853 2422 3986 1642 2159 2225 1771 1662 2280 746 1450 4088 3341 3177 757 3317 1085 4832 4123 
4892 678 4048 1157 757 4538 3598 4635 3476 4096 612 2066 4317 4218 3314 975 3593 2169 750 621 92 924 4698 246 4816 685 2040 2832 3106 2106 3555 1129 4641 2373 3853 2411 1116 1348 2881 93 1877 2533 3276 2656 860 567 1079 3914 3022 3045 3842 852 2651 4498 563 2893 267 4339 
3529 2910 4870 1580 3841 2485 3666 4750 3260 4842 3914 473 4605 1574 559 3609 4819 1451 495 1560 2173 2857 755 731 2657 491 4807 4518 252 4837 3791 894 4669 2205 4899 2362 1224 4512 231 3735 645 3368 1020 1805 3480 1930 2585 4798 4140 2876 4130 3163 737 3843 4644 416 713 1879 
893 1728 3123 474 4457 103 4233 2422 1383 172 3025 3286 2020 2394 2744 58 2793 3247 1013 2610 1535 3960 2939 1358 2502 1520 2597 4085 358 386 1295 497 4056 1130 689 298 1860 1889 257 2232 4870 975 3963 4743 2445 300 2877 3372 4738 1258 1032 2028 2220 1260 3850 2918 1938 1145 
1502 2702 1809 1598 995 4423 3733 3330 2159 288 2942 3773 3482 4788 941 395 2205 1719 2278 3719 4495 4122 4399 2416 1543 4749 3428 2316 4887 3898 2351 4753 679 2863 4793 3779 4068 1101 2750 2023 2400 1504 449 4633 3020 1955 2321 3545 1932 1210 3111 2721 1855 1662 4762 1908 2497 2515 
1482 2962 34 299 960 4301 1314 462 669 2752 3719 3749 1742 2295 125 1526 1606 4784 1847 3865 4207 1993 2438 3857 2039 3420 1115 1904 4203 2449 98 580 4835 4645 637 3257 2131 2658 2060 3414 1045 3687 3816 982 4410 950 2610 1802 4121 2386 4517 1105 4526 938 3144 4258 2267 2636 
3457 1854 2339 120 1926 1182 882 1644 4144 1836 3944 2208 4672 3185 4908 1275 2621 765 4390 2361 2228 1531 2811 872 1207 1622 911 3527 49 2305 449 2981 4139 4781 2223 834 4089 2933 2401 3814 3251 548 688 4470 1258 1431 1266 329 2251 2091 2752 1253 3214 2567 2356 2909 1979 255 
3611 1286 2995 1042 4640 4673 2562 2301 3951 3727 3898 1436 2118 1753 1186 4200 1278 1141 1966 3582 2420 3308 4665 2178 2228 1004 654 850 1875 676 3675 3395 619 79 262 854 4485 3475 3769 1793 4402 475 3966 929 1995 1796 3709 3963 4801 672 190 3832 60 3966 3975 4903 2657 3773 
4798 3557 330 1671 2134 968 2428 3193 2790 4676 1425 4555 1572 1140 3096 333 2838 2651 4551 3437 2545 3868 1777 2166 2701 767 986 1831 4478 1045 2564 1851 2897 3386 3153 1843 728 3340 4715 550 1421 4832 932 3272 2095 3892 4384 2501 1540 4235 493 2469 4135 4427 1162 4796 2207 4411 
355 3202 718 3670 1954 4546 671 3060 695 4046 537 1054 1239 3237 3772 493 1064 1496 4449 1353 1260 4015 1553 324 1688 255 816 2177 4656 3753 129 403 252 3774 2872 1426 1443 2577 1289 1854 1810 3426 1532 4186 2880 868 3725 1662 1857 637 2229 4898 4494 3965 4018 4016 1849 4422 
2026 251 1853 2122 1217 3592 85 1891 4559 1274 2599 2311 292 2953 52 3421 99 4525 3988 3471 1151 91 1223 813 937 1112 4400 4030 358 928 2155 1378 3031 576 908 4372 4474 162 2907 3216 876 3838 4624 2410 1323 2431 4804 3595 2474 2687 3868 1291 3252 210 1892 1237 2329 1251 
2417 451 3329 2490 3783 3558 3881 2187 1626 1286 218 3682 3365 2136 2757 4481 2248 1113 3698 3953 132 3395 215 2143 84 4230 2631 2292 4868 1825 4691 3737 4723 1714 900 2463 1680 4792 188 781 4085 200 2662 4577 1365 3587 3561 509 4458 4735 988 409 2861 2232 788 4478 2587 4105 
688 1540 4112 1141 4330 1965 2373 3373 4449 3278 4049 597 4529 4179 3776 2582 422 4127 2274 1998 780 4494 541 3102 434 868 4276 786 589 976 75 1831 2838 3093 2049 454 3206 3148 1658 3286 193 4410 4067 4799 477 27 2674 2423 1348 692 3637 675 4273 29 866 96 4390 4854 
1254 3540 3281 4626 1071 1534 257 3967 1807 4127 3070 4278 1797 3382 4734 1761 1820 3677 753 3114 1928 563 183 1659 2726 2993 1629 1604 477 1341 2779 2354 4111 2932 166 53 2730 979 1850 715 672 1632 845 3618 3242 2852 4240 2985 2975 4427 3709 1019 678 638 1344 2318 411 4827 
3154 3006 2719 3100 1086 4450 1582 3943 768 2480 67 2838 3747 3212 4370 4682 4819 3611 2519 2364 2643 4827 3963 1560 26 3881 1004 1348 3729 255 1355 2898 4774 447 4891 2006 572 1667 526 896 958 311 1315 2666 4122 664 3380 2301 3069 325 2990 4607 2466 1092 2899 3322 248 2291 
4288 4658 1449 1184 735 4352 1178 2216 4713 1117 4210 1959 3148 4492 1291 1833 405 2618 4538 2351 4365 405 1708 3515 2339 1351 1571 1633 1919 534 4732 4819 3911 719 486 1487 1589 3255 172 354 3135 2491 4248 1312 156 1465 2074 4756 4572 1878 2716 1179 4031 3820 660 4009 881 942 
941 3574 945 363 4231 3252 3668 3014 2276 1393 3988 2423 3972 2357 3450 991 399 4573 4335 3664 4556 1265 4382 3021 1232 2173 3412 4413 56 1127 1305 3116 3874 2950 2478 2516 1297 2772 3114 1431 3211 4675 330 2171 1505 403 1855 3810 4555 3404 2053 358 3545 3910 3794 4897 2731 3185 
3777 4763 2956 1919 4730 4441 1714 2671 2909 1157 3506 4344 3729 4759 279 4873 1264 84 1150 604 3715 2231 2624 4464 3987 4868 853 4104 2436 1639 1479 1330 3763 3841 4598 2025 3095 81 4898 2120 4662 2754 3217 3043 1615 1111 2813 2143 4031 1824 998 4478 1869 3399 893 13 3971 4425 
355 467 3610 2502 627 649 2638 3527 2471 2071 2170 1488 1736 2667 156 1045 2650 2293 1009 2871 1382 1730 1244 3750 4437 1459 252 4527 118 3440 2784 4349 4290 3874 3927 3916 1307 1391 4780 1647 2713 777 1691 1418 1708 4610 1098 2233 987 4845 4531 4663 1589 3868 675 1267 2659 1816 
4444 2623 236 2722 3739 4855 969 4546 3756 1976 2755 329 887 933 3232 4001 1226 3869 1592 446 396 2405 2305 64 4649 1353 309 4701 2181 3308 2499 2209 3646 544 1402 3298 4623 3587 2720 4051 4212 1248 3650 2092 4312 4513 2555 697 2359 1353 1814 3662 3899 475 228 1456 873 2368 
2344 3336 351 3927 1595 1463 2877 4475 1358 3579 641 4274 1757 4442 456 305 4687 2331 421 2826 100 3813 2300 2377 4425 348 4564 2555 3004 2111 3474 3142 4008 311 3074 4126 3971 2873 2500 3029 3815 1076 3297 2106 766 3514 727 2988 2573 1498 76 953 2575 4198 3427 1369 2501 47 
1942 3045 1013 4872 4124 1891 2429 2196 2337 610 2549 3027 3470 1480 3569 4652 1695 4650 628 1083 2500 1486 4842 262 1245 3085 2202 4141 4442 3712 169 4517 3298 1256 4095 4734 1669 2908 1184 2918 146 253 2084 1460 4011 3312 2240 3906 3468 72 4054 1600 4163 4749 1804 1045 833 3110 
258 3141 2562 3010 4457 2222 1447 4552 1701 1859 4616 1483 2457 609 1372 1507 4124 1729 2410 2801 736 3475 3429 98 856 3279 3225 4423 3414 980 2844 922 2457 4492 1830 3685 3672 3256 2818 3317 2676 1128 557 4356 422 976 2923 1520 2995 3918 1049 3313 2737 4668 2450 897 3437 3157 
644 808 3862 800 3265 362 841 3497 3051 683 900 1977 2850 1052 2759 3106 309 2383 344 2305 3739 4493 2612 3260 1846 2539 4715 3013 3062 3981 206 3377 1486 640 1300 248 669 3482 1006 1408 4753 4524 4630 4582 1801 1593 2317 1140 4880 3235 4619 1280 1314 1847 214 4692 2937 3441 
1865 1743 1385 4045 3323 3996 2105 1405 4081 4513 3156 1127 1549 990 475 3860 1007 3992 2190 2453 794 4179 3068 1621 27 34 4141 2632 724 4330 1469 1936 176 2002 4779 2514 4564 1916 3043 1373 3931 2491 2208 3953 4140 3312 1781 2773 808 77 2561 4094 2193 2019 4573 4634 113 4623 
1284 1444 2932 1573 2528 298 313 4067 1722 2732 1009 844 3570 1053 4243 171 1670 1162 320 857 3692 484 4342 1490 2277 817 2179 375 844 4423 596 222 1777 1481 1612 2626 4787 2182 2335 12 1511 1466 2364 2876 2331 982 596 1344 3866 3764 3625 1266 350 1699 1876 4242 2629 2284 
908 3273 646 1090 4604 1050 1739 4514 650 753 2082 3984 1829 1882 1693 1233 301 1300 4132 734 1703 4246 1826 869 4532 3299 1908 3670 4685 889 4279 2362 2382 1573 3150 2312 125 3519 1726 2091 2906 1858 907 2113 1979 2497 813 4264 2720 4034 3444 4050 2574 4308 2148 492 134 3424 
3638 4091 3830 750 1027 3088 326 1916 1657 4589 2392 4307 799 2257 1304 2279 4844 1499 2347 1189 2595 2779 648 4382 3431 706 3018 3054 79 2998 535 3633 366 409 3657 2354 4195 668 4494 2989 3237 214 4393 57 1620 3611 536 2120 209 818 3595 1347 1742 4797 48 2017 1909 3488 
2858 3502 4828 261 2174 881 2139 167 2624 1399 4550 2092 4498 2427 598 170 2098 2999 2076 4873 799 202 1727 3446 3615 4304 365 2365 967 688 3027 3107 3277 1907 2396 550 1574 2247 2111 3169 4752 4854 4035 3778 3459 28 3978 4356 1319 3901 2823 992 2360 38 1429 239 4700 4440 
1135 4718 2398 2255 768 2733 4487 317 2937 747 513 2129 4450 4474 2899 2166 4641 845 3890 2202 765 2428 1294 4839 1357 64 1533 2335 2081 2534 2324 210 1660 4054 3473 1944 2885 4755 4625 763 1138 3878 2622 4752 4480 3504 2463 1411 3395 2501 4597 3137 4539 376 3988 4201 2011 2289 
2596 3624 2831 2877 4564 1501 4787 1346 982 4432 2153 3661 4771 668 1532 3582 1408 3811 4339 4594 2207 2957 3273 4566 3711 1502 2440 4217 132 2505 2676 4639 1524 1005 781 680 3734 3908 731 3973 2808 1956 2750 4653 495 4183 931 4093 3804 2535 471 4049 810 3756 841 2415 2938 3660 
1763 20 577 4549 2348 1865 347 3031 3591 4595 3146 3447 4328 73 3400 2642 3765 4279 4022 449 1483 2256 1036 674 1732 2944 4643 2864 4522 245 3242 3615 4271 3752 273 3188 97 3417 3141 2603 4099 1817 1004 2673 408 2727 4564 1268 3525 1693 3934 1881 454 165 4428 2314 4629 1531 
2469 3280 183 1972 1747 3386 1345 4549 2284 3528 166 2594 3431 103 272 2116 14 3346 3104 2263 3173 241 253 1338 4481 383 842 4322 4019 417 4084 4683 172 317 1251 3347 4565 300 4646 2314 3812 4252 3589 826 2232 3241 1682 4689 3522 305 3673 3091 4616 2412 3748 2157 2433 3180 
3607 1528 1913 1787 517 4064 2801 589 2053 4900 1652 11 4511 2439 3059 4668 1041 3763 2806 3633 2902 535 3079 1071 2853 2956 3163 201 4191 2727 4345 1280 1130 4595 2753 4254 3261 712 2756 3036 982 1613 1686 1348 3073 1953 2408 3181 1206 3912 1750 3603 2234 563 1528 2582 339 2821 
2752 261 974 2720 953 2861 1297 1281 515 4491 898 4360 3478 756 385 3207 4473 1983 4497 1389 3029 1895 1575 3677 903 110 2054 1215 3020 3446 184 3273 4709 359 3358 685 1594 4183 3808 2459 836 2156 1419 4576 283 3684 2779 1765 3971 428 1558 3189 713 2633 4565 440 884 4198 
11 4 35
49 32 18
29 21 25
52 15 8
40 38 4
7 2 16
29 42 28
77 27 34
47 18 21
76 7 19
14 33 37
79 19 40
48 37 14
61 15 31
49 9 16
81 26 20
47 14 21
82 41 23
14 53 9
49 7 7
22 8 31
11 42 23
81 13 25
27 8 14
81 29 7
49 55 3
32 2 40
14 39 35
12 47 10
48 55 24
19 17 4
66 56 27
8 23 7
34 9 35
68 25 34
7 24 22
14 28 2
43 48 27
13 33 35
55 51 4
54 11 1
25 2 8
68 38 18
40 26 5
67 47 1
40 41 40
29 51 29
19 36 11
23 26 28
39 42 37
87 55 27
56 11 31
63 48 38
4 42 39
35 41 29
41 16 38
34 5 3
54 4 5
22 39 29
2 13 9
26 42 3
45 7 37
37 44 31
8 23 27
31 7 26
30 56 32
82 39 22
70 46 25
3 39 9
51 5 21
55 28 26
22 49 40
42 3 14
47 46 37
55 4 37
8 46 17
17 51 29
78 1 29
64 2 6
62 41 7
65 50 32
28 42 4
77 6 40
77 40 30
76 54 9
36 52 6
62 32 1
47 31 28
7 23 9
24 56 16
56 7 3
12 1 3
84 10 8
63 8 38
64 56 30
53 55 28
5 15 28
38 48 26
44 2 6
36 27 31
79 42 16
81 6 4
44 30 25
35 36 24
37 35 32
40 54 23
85 15 7
65 33 2
48 35 1
58 30 23
26 36 31
6 31 17
44 6 12
29 9 36
17 40 15
53 18 33
62 27 39
45 17 13
38 16 25
41 25 14
70 31 2
82 24 35
9 43 30
24 19 22
23 23 20
53 43 22
83 27 7
84 14 33
86 17 33
58 31 13
67 28 36
63 53 31
71 47 19
35 31 31
66 33 13
80 47 39
20 53 35
83 4 28
30 44 33
9 21 9
33 11 22
79 53 3
52 56 33
29 25 19
57 25 20
23 15 20
14 38 36
35 30 24
38 55 16
66 19 38
27 53 23
6 13 31
11 36 32
86 8 31
49 24 26
59 7 11
35 31 22
76 26 40
51 32 25
36 24 19
4 51 24
9 9 4
58 1 30
84 27 27
37 34 24
70 12 19
1 40 30
12 41 14
37 54 35
83 38 31
18 2 28
7 2 5
2 6 30
69 35 37
10 51 28
31 23 15
56 50 21
3 27 24
3 17 25
52 1 9
72 21 39
21 54 4
65 28 21
39 26 10
71 44 3
88 5 35
87 25 17
53 40 6
58 27 19
11 55 17
80 54 10
31 44 35
15 48 36
11 22 38
14 33 14
43 30 22
52 3 32
48 13 30
10 42 7
61 6 27
45 40 30
69 8 19
74 31 17
47 39 30
68 8 2
32 28 9
41 24 18
47 13 7
15 2 34
5 56 35
55 30 23
88 5 20
2 3 9
62 50 31
44 37 25
79 46 39
9 9 35
19 19 35
45 49 6
17 55 22
61 55 14
77 21 6
24 30 11
17 47 27
34 11 17
75 15 4
72 27 9
53 19 29
21 44 29
64 32 18
2 12 5
26 7 7
68 23 4
65 49 8
44 18 9
13 51 7
26 38 7
54 54 8
73 41 8
72 6 32
34 28 35
74 22 21
85 26 8
85 37 7
43 13 19
57 12 27
68 42 27
78 16 2
61 27 27
13 33 5
53 1 8
45 46 28
9 6 17
61 2 19
52 21 31
40 7 33
7 39 16
80 2 33
56 54 16
65 50 11
38 29 28
30 38 25
83 20 34
85 35 20
87 5 16
70 49 40
70 22 39
57 12 4
27 11 30
73 13 2
54 21 8
77 23 1
31 22 28
79 49 14
24 51 40
50 8 20
20 31 3
63 14 2
31 2 25
29 22 16
52 27 40
45 32 26
62 11 21
73 36 8
16 54 5
63 4 31
21 3 25
6 5 29
57 33 27
37 19 17
12 1 2
68 8 23
65 42 37
74 24 14
60 32 25
36 27 29
64 13 32
64 26 27
35 49 22
24 50 21
39 5 3
13 46 2
36 36 29
51 39 29
63 14 14
67 24 31
19 30 14
15 48 1
27 50 29
32 30 2
18 11 5
12 46 8
38 51 38
40 6 15
80 46 5
20 16 36
85 29 29
26 3 25
6 12 29
5 12 25
21 23 32
20 37 21
61 25 24
61 25 14
76 45 4
80 24 13
22 55 28
62 24 1
53 49 27
35 10 5
77 56 17
36 51 30
42 38 13
38 13 1
14 13 26
68 52 17
59 55 4
41 22 11
27 51 31
10 32 26
47 28 11
65 14 39
11 1 22
1 16 17
1 37 9
82 4 21
4 30 24
36 9 7
51 43 32
2 42 16
63 23 17
27 22 10
80 16 27
36 53 27
15 14 37
43 9 30
43 53 5
38 16 9
67 18 14
15 52 7
87 44 34
24 5 34
78 29 17
51 11 27
65 29 31
24 5 34
50 14 34
15 8 3
17 15 7
6 16 4
59 5 7
69 15 35
40 18 20
72 39 4
72 25 3
42 35 29
1 3 13
35 46 16
85 48 11
67 33 40
61 9 21
78 23 40
13 1 16
59 37 30
77 20 9
87 30 1
61 10 37
21 37 32
31 53 7
73 27 25
48 1 3
52 26 24
79 3 31
23 13 38
50 22 35
52 7 7
64 49 19
36 18 15
75 16 7
56 4 40
36 5 19
49 48 6
86 12 22
73 16 18
54 35 10
71 12 22
8 43 7
12 2 16
3 30 36
63 44 13
1 52 12
56 26 34
34 17 20
65 3 32
46 41 19
34 2 30
12 22 16
82 19 19
70 29 8
46 30 5
56 43 39
46 11 40
46 34 7
48 53 26
7 41 11
66 20 3
17 36 34
2 15 37
8 35 40
23 39 24
52 49 22
56 17 11
33 31 31
81 16 4
60 31 37
57 28 3
86 45 39
69 9 21
31 8 9
21 46 33
73 31 19
33 15 38
74 24 5
87 2 14
14 43 24
3 5 39
16 50 39
51 36 34
24 47 18
33 15 35
61 15 6
2 50 33
50 29 10
64 31 4
69 15 23
11 25 37
38 51 4
79 51 34
4 29 34
77 22 13
67 8 26
66 32 1
86 13 10
83 23 6
85 52 5
51 46 34
41 34 14
18 56 23
64 30 8
54 18 28
34 15 17
39 6 3
74 39 18
75 36 22
39 1 6
10 8 21
20 21 14
62 18 40
88 28 3
16 13 6
46 51 14
13 48 23
84 22 6
40 13 26
21 41 24
40 7 21
47 43 35
73 9 2
56 55 11
18 14 21
55 50 19
48 40 32
31 40 28
38 49 9
17 5 25
57 36 34
11 2 18
82 31 7
84 38 18
83 47 39
15 1 23
4 21 39
28 26 2
77 54 23
85 56 7
30 35 37
34 39 31
69 27 2
4 26 8
41 54 12
80 6 28
86 40 11
9 6 27
39 12 9
24 25 5
53 11 18
66 43 20
72 27 17
13 30 22
64 38 24
3 5 4
25 6 26
88 47 25
85 20 12
77 55 2
68 27 33
13 52 33
30 32 25
22 40 15
23 23 25
61 30 35
11 7 14
2 40 39
13 49 15
76 47 30
32 43 14
48 36 16
57 53 11
34 36 20
43 17 40
12 39 15
18 3 18
67 11 12
86 4 17
71 49 16
79 10 35
51 18 12
69 49 33
49 32 22
44 18 28
49 55 24
72 17 15
69 52 39
81 22 15
40 38 33
10 9 35
56 45 39
66 31 22
32 20 1
52 10 39
83 40 15
71 28 28
30 18 16
25 13 15
78 3 33
83 7 9
74 47 11
3 44 13
55 47 2
34 7 19
7 13 17
7 14 23
10 48 34
62 9 8
27 39 12
1 34 31
70 29 13
64 43 3
35 28 8
38 9 5
6 36 40
50 28 10
79 11 12
68 52 32
18 39 2
36 4 25
40 51 27
56 32 37
33 10 14
60 26 25
17 48 26
62 7 8
84 42 7
14 35 10
14 45 35
85 30 19
82 38 36
24 40 25
80 50 17
6 55 34
43 49 1
33 37 19
1 17 37
46 26 10
86 3 16
53 9 5
52 47 15
51 12 8
59 26 21
25 43 23
36 11 36
1 29 18
42 16 22
40 35 23
31 43 8
70 50 24
42 24 13
2 27 33
63 47 32
74 1 7
63 37 35
31 38 17
20 35 6
57 15 6
31 43 13
78 5 6
62 48 29
70 2 7
82 35 4
87 51 6
49 26 5
64 8 21
34 34 21
30 18 2
83 38 25
87 55 10
56 6 11
53 25 14
37 6 14
83 8 40
73 33 40
69 42 4
24 3 21
7 45 11
82 55 15
21 36 21
22 50 20
68 15 32
39 23 39
80 42 27
59 55 34
76 17 15
72 46 27
21 5 12
86 44 25
27 24 10
86 31 5
28 41 6
72 5 20
58 29 20
40 3 28
26 32 29
29 19 38
56 11 15
52 55 14
73 46 34
32 52 23
15 18 39
64 15 30
81 17 22
23 35 1
40 47 11
1 3 32
23 9 12
70 52 3
64 31 40
71 13 16
17 46 16
46 39 21
62 14 40
74 56 35
5 32 10
7 10 36
8 22 34
28 2 7
19 30 31
74 47 8
80 25 30
15 31 26
68 12 4
69 49 34
23 48 39
31 3 25
39 13 36
34 54 27
30 46 4
53 54 26
32 31 21
26 20 27
76 22 39
58 3 7
87 29 7
20 39 21
16 5 5
11 6 8
75 42 2
15 56 15
18 20 38
32 27 32
45 1 15
17 53 22
33 51 26
52 31 18
57 8 15
84 33 36
79 25 28
38 28 10
25 28 35
21 17 6
72 25 11
62 52 8
71 32 14
78 31 24
72 30 19
46 38 10
52 20 10
13 18 13
7 13 27
63 39 35
80 47 8
24 18 19
65 35 4
76 26 7
37 16 40
37 30 30
66 25 14
30 21 7
20 17 3
55 5 13
65 31 18
53 18 31
30 1 32
34 47 33
20 10 37
46 45 28
51 25 8
61 8 26
48 53 33
42 32 14
62 9 31
8 38 24
39 19 24
83 47 37
81 1 17
1 44 6
13 27 27
73 23 8
82 55 40
36 49 8
69 20 8
63 44 36
45 10 11
57 42 38
38 14 30
35 18 4
20 21 31
42 22 2
36 51 17
34 12 10
35 26 24
22 13 20
65 9 14
30 53 28
5 16 13
29 8 35
48 2 26
15 11 21
26 36 4
43 9 29
33 19 21
39 15 16
31 38 28
39 29 17
42 34 23
33 4 26
30 53 32
63 24 6
72 6 21
34 38 20
14 29 5
42 43 18
39 5 38
86 2 19
22 49 11
13 49 37
78 3 23
60 1 29
22 24 17
32 48 12
38 41 20
11 29 14
55 53 21
7 28 32
10 4 26
51 53 6
68 51 30
71 29 2
76 53 15
1 46 8
69 52 25
88 16 35
26 37 9
82 3 13
18 35 37
43 56 9
36 21 23
19 45 1
19 14 11
31 19 11
65 35 3
86 38 2
2 45 15
65 20 23
49 52 28
55 15 39
34 51 10
49 13 10
76 6 12
50 20 11
76 37 4
44 17 39
59 38 36
34 29 5
64 54 23
39 6 22
82 26 18
11 12 28
12 46 17
65 10 12
53 35 2
66 14 15
83 22 2
19 34 26
35 34 20
32 48 14
25 48 16
57 28 35
14 36 32
39 37 34
78 50 8
54 37 20
78 35 19
77 31 9
24 25 32
31 52 18
84 44 17
11 24 10
70 5 1
76 2 31
70 1 32
56 41 22
85 43 30
84 46 35
35 20 30
7 5 20
46 51 37
47 42 27
27 29 5
35 12 21
26 11 31
3 43 8
1 1 20
2 52 37
6 17 33
55 56 4
86 41 7
33 23 12
58 23 3
6 32 35
13 45 10
81 5 31
51 36 11
16 15 17
22 48 15
64 38 31
71 21 19
27 40 19
73 8 36
88 56 33
59 17 5
37 32 3
74 11 22
64 31 19
13 56 38
10 11 22
39 52 35
36 9 12
52 11 39
25 8 12
43 18 27
52 22 19
19 11 8
69 21 13
28 23 24
22 32 14
60 32 19
56 49 38
56 54 1
40 40 4
71 47 3
25 2 17
39 25 22
79 50 3
20 8 14
64 24 33
17 15 16
73 17 38
3 40 13
51 3 40
3 15 1
76 38 14
35 9 25
51 3 34
19 29 9
63 50 30
15 32 32
36 13 22
46 51 34
50 18 12
21 28 14
35 51 17
24 2 20
88 55 15
15 51 40
47 56 28
10 56 11
69 56 17
54 30 26
16 55 34
72 22 11
78 49 28
18 39 23
14 30 18
24 22 16
60 2 36
50 10 24
8 48 29
76 20 38
55 18 1
47 44 16
65 56 38
52 52 38
59 7 11
67 50 16
33 32 5
63 13 19
53 22 33
59 19 10
36 15 21
70 26 22
44 52 21
67 10 6
66 32 2
53 21 12
54 49 20
47 28 34
88 8 25
3 31 5
28 2 31
20 47 24
60 34 40
36 9 31
82 5 6
11 18 15
6 5 36
65 51 39
53 40 18
49 17 1
71 46 14
87 40 11
33 28 32
85 27 14
52 53 29
43 9 35
18 12 32
34 24 24
53 24 8
52 56 4
66 22 7
8 33 21
13 56 27
68 36 26
84 6 26
79 47 25
82 1 11
43 14 8
1 53 16
67 41 9
76 35 28
60 23 2
40 52 6
3 42 23
11 53 40
66 46 6
19 56 37
68 45 15
28 6 18
68 18 28
18 38 33
83 29 40
67 34 25
76 46 30
19 37 21
15 49 39
20 38 20
61 21 26
80 19 1
32 41 15
7 34 19
50 19 16
41 24 28
83 17 38
56 32 22
33 11 24
75 20 32
54 23 32
9 52 40
8 41 10
35 25 38
62 34 13
82 40 8
66 35 8
59 37 25
40 32 34
49 40 32
70 41 13
36 9 20
47 16 22
73 27 12
33 41 14
59 44 28
11 20 9
14 17 31
54 7 19
28 23 8
53 50 14
22 31 18
44 38 40
71 4 16
19 22 35
17 32 23
13 10 34
68 44 16
17 23 37
61 44 1
28 20 32
75 7 21
4 9 24
9 41 19
12 11 40
3 43 20
8 20 2
43 29 19
40 29 8
35 46 9
79 26 30
54 7 6
47 50 8
13 47 9
57 25 2
8 5 11
6 3 9
50 46 22
26 14 37
68 39 8
62 18 40
35 51 31
87 33 34
26 5 25
85 29 33
73 2 17
5 33 16
55 16 40
23 45 33
39 28 18
2 29 8
1 40 20
55 3 34
14 45 3
67 13 5
65 36 20
43 46 23
69 21 22
27 34 16
82 34 34
18 20 25
38 35 25
3 16 37
50 52 5
63 48 28
18 4 16
85 16 24
28 25 8
59 18 28
67 33 1
68 52 8
34 27 24
60 51 19
39 2 38
12 17 26
65 32 26
69 25 32
26 2 21
1 56 37
40 25 25
85 50 33
31 24 15
66 43 14
40 29 15
51 15 15
53 51 35
21 12 6
38 52 25
10 9 26
1 6 18
39 48 39
55 44 27
40 16 27
49 4 14
33 55 4
29 51 39
68 3 1
77 54 22
7 7 2
79 31 20
16 9 3
55 11 20
55 19 28
43 40 17
14 3 33
62 36 38
17 18 20
64 8 4
25 15 5
61 24 13
79 21 33
30 2 30
53 54 34
80 41 18
5 55 21
53 24 33
67 42 31
83 30 10
53 7 37
1 35 22
11 11 2
57 31 17
44 7 32
5 18 21
85 32 5
40 27 37
4 53 33
86 26 3
2 13 1
60 7 7
56 48 13
7 12 2
6 34 16
43 35 40
48 35 22
25 31 18
9 33 16
79 13 34
83 38 21
35 1 29
61 20 29
59 41 39
14 54 33
13 3 12
7 52 35
84 29 20
38 1 18
51 6 27
35 46 16
44 1 17
55 32 9
74 14 3
19 26 15
50 46 36
85 54 18
12 12 32
9 4 22
71 19 24
73 43 21
29 26 19
9 12 5
25 33 16
80 26 23
77 18 12
64 8 40
27 30 11
82 22 20
77 10 27
28 17 29
62 45 32
44 13 21
32 52 11
63 12 20
27 32 38
2 27 9
56 34 9
37 2 35
66 39 30
79 23 29
10 8 33
85 35 2
79 49 33
84 5 26
11 53 38
21 24 35
18 28 37
50 35 11
78 49 22
49 53 33
61 10 39
44 17 39
77 29 10
55 51 4
54 42 8
55 44 18
26 36 24
17 50 29
60 21 11
24 21 14
63 55 19
19 34 24
44 48 29
18 54 13
45 49 13
23 20 35
52 39 34
83 8 15
48 6 10
54 50 35
25 12 9
82 17 12
73 50 19
4 29 19
18 2 21
51 53 3
44 42 10
11 18 25
32 52 4
25 28 1
24 53 17
23 33 30
24 47 11
32 41 32
80 14 19
17 31 18
29 38 26
7 29 34
63 37 32
9 15 38
86 36 26
69 3 21
31 5 37
70 12 12
29 48 13
64 34 21
83 10 19
48 24 31
23 28 28
22 3 16
74 45 30
55 54 8
70 25 40
63 29 7
70 31 4
36 34 14
20 12 38
55 54 21
80 15 32
2 52 3
32 31 19
52 45 27
32 23 3
45 50 1
50 6 16
2 14 15
83 55 7
47 8 37
43 39 22
38 28 29
55 45 5
84 38 19
72 27 25
19 47 6
32 2 23
78 14 10
11 42 4
44 23 18
21 35 31
28 23 21
65 29 12
10 48 7
24 33 3
71 4 13
53 44 4
47 1 21
34 22 10
33 45 15
7 39 39
22 37 8
57 24 40
54 44 21
34 45 34
2 34 16
56 1 24
35 38 20
61 16 30
41 34 35
34 37 32
83 17 3
36 3 14
28 10 7
44 47 12
47 29 29
68 28 10
88 17 1
54 37 6
63 34 29
18 48 34
32 14 13
85 56 15
39 20 13
36 21 40
59 25 21
9 55 33
29 18 21
10 37 12
49 26 32
22 19 34
33 49 28
1 10 4
87 43 27
64 34 30
70 41 11
7 50 14
83 52 2
59 45 17
43 24 24
20 17 32
32 11 26
35 53 25
87 10 17
78 5 1
56 24 37
4 31 34
58 29 20
27 46 24
52 39 8
59 24 35
50 24 39
87 53 8
36 51 27
35 48 15
54 11 30
14 49 21
42 15 29
14 22 30
13 11 4
10 34 19
64 7 14
63 43 29
77 50 24
44 1 37
14 46 21
40 51 35
48 24 22
34 12 8
44 13 23
83 2 8
58 12 40
69 55 14
52 14 32
4 36 30
40 41 24
55 23 27
60 27 36
49 38 30
14 14 20
84 22 22
11 45 19
47 43 28
78 53 17
88 31 27
18 40 2
47 25 7
43 40 26
9 23 8
17 27 7
11 37 19
83 56 25
31 40 40
87 5 6
25 32 8
32 48 10
47 37 40
56 5 4
25 45 17
3 25 8
61 38 28
85 7 33
1 13 13
31 53 28
86 27 27
5 18 4
66 18 40
47 11 37
74 29 36
38 15 3
61 6 12
6 50 19
72 32 20
19 54 18
53 50 1
38 30 16
6 37 27
9 17 39
29 52 29
76 3 4
53 35 18
42 39 19
5 46 36
44 22 31
24 17 19
67 28 30
39 26 9
71 35 1
20 19 28
73 42 21
77 52 23
2 18 4
13 26 20
20 19 32
77 37 10
81 48 2
45 4 6
64 3 38
77 14 15
22 48 40
21 28 29
13 51 28
28 13 4
13 13 18
21 53 24
10 17 24
81 36 23
76 2 27
71 26 1
83 41 6
17 56 8
27 11 36
50 11 15
18 44 21
13 7 21
21 14 37
8 44 25
55 19 24
65 27 21
13 56 30
54 55 20
81 20 38
42 10 26
42 3 12
24 4 8
47 46 30
47 45 16
27 9 14
52 7 4
85 3 35
61 25 23
13 3 33
11 8 29
21 25 21
65 39 23
48 1 10
63 20 4
5 22 28
50 43 21
38 15 31
33 28 20
81 45 34
64 26 3
77 46 1
79 56 28
74 55 2
65 17 8
9 51 18
10 48 26
25 13 19
9 47 4
22 14 19
65 25 23
31 22 8
41 2 10
41 45 3
74 25 1
50 18 36
83 17 9
82 1 20
46 23 33
2 14 40
43 11 33
24 21 39
79 9 12
22 47 22
10 16 19
70 20 13
14 14 37
77 52 20
39 21 34
2 52 5
37 56 33
65 33 25
67 18 2
15 24 22
26 32 4
14 12 14
57 3 2
44 21 2
19 51 24
68 34 13
31 53 36
81 35 10
87 51 14
49 15 18
20 7 37
22 41 14
84 26 39
57 55 4
8 4 17
80 46 39
56 33 33
80 16 40
85 36 39
26 11 6
55 44 11
28 18 36
14 7 31
6 37 26
27 14 25
76 45 26
17 35 1
35 31 24
29 25 32
87 17 10
46 55 27
55 35 26
22 33 16
11 44 8
58 49 28
66 4 10
60 37 3
80 2 8
7 40 36
23 20 14
53 36 28
85 27 12
20 5 33
63 18 19
36 40 39
27 20 5
32 36 21
34 32 1
37 49 21
32 15 4
81 34 30
1 24 31
5 26 33
55 45 36
5 3 29
53 30 5
36 54 15
79 28 31
38 35 37
61 47 16
63 28 26
71 19 38
17 41 38
3 42 39
28 48 17
9 7 5
26 2 27
49 36 19
18 6 10
1 55 21
54 6 11
28 44 23
53 48 2
20 2 2
32 37 29
82 39 1
26 24 19
1 30 30
14 43 26
23 38 3
76 10 36
21 43 21
11 47 17
1 26 5
63 56 16
30 38 16
58 21 11
38 5 38
19 1 20
67 24 40
19 44 32
15 15 3
11 56 29
68 37 30
57 28 8
31 42 9
54 25 37
26 56 36
77 48 6
76 4 37
22 37 39
73 31 24
37 54 36
78 38 3
68 51 37
61 5 12
45 54 13
8 20 1
75 38 9
20 39 18
71 15 26
2 46 23
13 15 26
86 3 39
44 22 23
54 29 22
29 43 8
54 47 24
80 38 26
33 29 22
13 22 38
71 53 21
64 6 37
20 47 32
2 22 16
4 17 12
37 47 10
62 8 40
51 53 27
31 43 7
65 13 34
80 5 5
45 29 18
68 41 15
50 1 1
53 3 1
2 46 29
15 47 25
37 5 30
55 4 18
52 49 10
57 38 8
55 14 10
1 15 31
44 17 22
39 28 23
42 11 5
6 55 34
47 14 28
87 52 30
43 9 6
21 44 20
66 2 10
71 12 23
26 1 39
58 11 37
2 16 10
65 10 26
86 9 36
61 28 33
1 14 38
34 3 23
75 22 13
49 44 17
68 22 27
33 39 16
57 9 12
27 51 37
84 49 26
79 44 25
68 56 12
48 9 30
54 31 9
65 3 22
30 15 28
63 15 3
28 31 33
88 23 38
60 2 33
85 18 6
66 46 22
79 49 11
74 49 14
27 43 31
35 32 25
2 35 22
47 13 3
10 47 32
35 15 14
53 14 24
16 10 22
79 53 21
26 17 9
4 31 31
43 53 13
73 24 37
80 21 25
85 30 8
61 6 2
59 27 36
61 35 39
69 4 14
45 29 17
10 42 36
23 11 35
44 13 33
59 10 21
46 43 15
54 27 6
65 54 20
73 35 24
86 53 32
34 48 23
50 33 12
22 33 16
4 22 14
21 29 12
54 13 16
76 3 36
81 45 31
65 6 2
78 44 2
8 41 6
61 2 33
81 19 3
2 12 3
28 5 20
67 38 21
16 7 16
57 1 23
56 5 27
84 33 17
84 2 24
80 9 26
40 41 4
62 37 21
81 33 34
40 54 35
19 44 23
50 25 37
50 50 23
9 22 5
77 4 23
67 31 25
19 49 7
4 2 6
32 29 25
8 16 34
32 23 8
23 35 14
20 40 39
2 19 24
2 55 32
42 51 26
79 40 11
26 46 6
24 9 16
62 28 5
61 11 15
38 47 16
71 14 23
46 48 23
65 53 16
17 18 5
32 53 28
19 42 1
13 28 6
81 10 13
15 13 28
87 55 30
51 6 14
81 47 3
42 29 37
57 32 36
37 24 1
14 29 19
6 12 37
49 28 9
71 39 17
41 26 30
29 31 33
84 53 30
1 11 20
26 6 34
68 6 14
31 29 36
16 17 27
86 11 26
51 46 33
7 3 32
10 30 23
26 33 18
63 53 6
9 1 14
41 24 10
45 51 1
3 43 31
49 54 30
77 22 8
86 18 30
9 5 7
69 2 34
64 37 19
88 47 27
76 40 11
7 36 14
30 40 29
56 41 34
67 41 14
8 1 10
12 12 11
2 25 18
68 39 10
18 10 12
25 7 40
86 19 34
49 37 2
12 11 6
40 28 33
62 29 28
23 30 15
81 28 23
5 19 8
68 44 11
55 56 10
4 20 17
47 40 13
63 52 33
33 23 36
81 45 1
9 35 24
32 14 37
85 28 30
57 56 6
55 3 22
19 25 16
76 29 35
54 56 29
62 51 23
86 33 39
19 49 3
21 13 21
4 4 9
19 24 37
36 11 25
28 36 15
23 55 26
42 28 24
64 44 28
4 42 7
74 46 37
72 21 10
30 39 17
19 36 33
88 56 24
88 35 13
26 47 21
10 30 12
19 14 10
11 35 27
19 26 8
76 38 23
87 31 27
59 53 35
85 28 16
45 22 35
6 54 4
76 37 22
79 48 1
38 35 21
83 27 13
21 9 2
81 51 6
20 21 23
69 53 17
3 50 15
19 16 30
6 51 29
2 30 23
32 6 6
37 54 8
4 33 33
10 16 1
12 42 35
26 20 36
75 39 27
57 37 11
85 55 5
11 55 24
32 7 2
79 45 35
63 35 39
4 38 25
27 26 16
24 5 8
65 7 33
38 11 24
62 2 9
76 5 2
31 42 37
41 3 23
51 25 18
20 51 30
79 42 25
53 32 24
26 27 4
73 26 38
22 18 17
77 35 38
47 41 16
41 35 19
53 37 7
63 36 36
18 37 38
82 38 17
18 18 29
1 48 26
45 56 37
48 53 4
68 56 40
75 42 26
54 2 19
77 40 11
37 45 20
58 34 34
46 36 36
26 39 13
3 27 1
10 32 25
38 56 20
13 37 3
45 39 4
35 35 15
83 8 17
10 40 37
29 35 18
9 38 12
23 54 1
71 33 37
77 15 8
44 8 6
17 18 36
45 3 23
8 6 28
17 1 38
30 27 22
29 2 16
76 3 34
6 34 8
77 45 10
67 55 28
21 4 35
64 4 20
13 6 11
37 28 2
65 27 35
84 33 28
29 35 2
40 19 16
28 4 23
73 19 4
56 46 14
2 54 19
31 51 33
14 12 3
53 4 2
40 25 32
43 1 19
51 19 4
33 17 38
63 17 39
77 37 38
47 6 13
30 1 24
54 45 28
33 16 6
55 12 34
85 26 15
40 19 3
86 2 36
20 18 26
4 23 30
85 37 11
61 46 17
60 42 32
58 1 21
11 33 27
52 42 7
1 49 17
53 30 38
58 47 11
38 55 25
26 19 30
80 54 16
39 11 10
80 11 31
44 51 11
29 30 2
51 13 40
75 20 38
78 8 4
29 9 27
30 32 27
12 12 32
88 23 3
57 55 13
35 27 27
59 44 31
83 32 21
32 28 17
51 33 24
47 32 32
19 18 34
15 28 21
62 10 18
5 33 17
81 44 20
42 22 21
32 25 12
39 12 35
33 10 27
2 5 29
23 32 38
46 18 32
22 47 16
73 25 3
27 36 12
36 54 19
34 40 27
37 15 8
55 17 39
54 42 2
27 39 8
61 29 6
81 23 19
66 19 31
80 11 18
3 12 15
62 4 1
10 1 2
45 15 13
3 44 40
30 52 23
78 31 38
64 12 34
41 42 33
82 45 21
13 56 15
66 6 21
1 15 29
19 48 31
50 45 33
62 12 10
4 41 15
11 5 5
31 20 36
68 19 11
41 50 24
76 55 3
63 38 20
5 16 33
67 7 20
24 53 8
9 44 21
35 24 4
36 17 27
8 25 36
34 5 1
86 34 7
70 54 25
65 47 28
23 25 21
50 8 20
25 50 34
20 13 28
26 55 22
62 42 23
25 39 6
65 49 35
20 45 12
48 21 31
41 35 39
38 22 30
65 56 36
47 46 23
14 2 8
82 24 14
85 53 31
81 32 23
11 36 15
26 54 11
82 34 39
44 55 31
7 5 14
50 35 35
42 25 30
17 33 8
59 3 3
6 27 28
7 24 17
51 47 38
85 7 37
51 33 16
76 14 37
84 46 33
18 5 26
29 45 29
62 48 2
70 51 30
55 47 31
40 5 28
75 3 38
9 17 12
69 18 3
71 19 13
1 11 15
32 54 2
29 28 12
73 14 12
48 14 22
53 36 8
35 15 19
52 10 38
33 44 11
88 4 10
46 27 10
14 21 27
62 25 39
56 35 4
84 1 21
8 27 25
19 47 11
84 32 2
81 9 31
76 2 34
74 4 15
11 1 22
61 49 25
31 17 22
73 15 6
14 22 4
67 54 17
74 56 36
82 25 5
13 51 33
75 14 20
61 36 24
76 20 1
87 19 34
71 16 13
17 30 7
50 35 1
55 30 28
38 11 23
63 12 31
59 8 36
8 14 33
41 27 28
53 26 34
61 35 27
17 34 3
39 17 13
7 41 8
60 56 12
52 22 12
21 3 10
68 34 19
46 2 39
30 11 20
87 49 24
72 8 29
30 38 32
44 7 31
15 44 11
61 44 16
1 54 12
13 15 16
85 40 18
72 14 33
43 51 8
7 52 35
3 29 21
68 22 23
11 47 13
7 51 30
34 43 36
79 4 23
20 6 31
59 24 24
48 46 6
7 16 22
71 45 18
72 3 39
43 29 3
53 15 36
36 49 1
2 40 2
73 37 6
19 21 9
19 9 27
17 22 18
16 48 3
54 43 2
44 33 20
21 10 1
64 44 9
51 18 19
79 39 16
31 21 17
48 56 39
32 40 18
41 52 7
87 3 3
83 36 4
4 7 15
56 30 36
83 51 20
26 16 24
29 40 5
73 11 28
33 38 39
86 42 20
26 25 14
40 36 38
11 56 10
47 23 39
2 29 16
4 56 6
61 42 27
22 10 15
28 11 33
79 46 7
25 14 36
19 7 29
59 33 23
77 18 39
11 54 6
9 19 10
74 20 19
34 2 3
5 19 33
7 19 25
22 48 32
47 28 33
73 26 36
37 6 23
64 31 7
56 44 25
85 31 17
2 34 13
87 50 8
53 4 39
19 28 28
6 17 21
54 15 6
11 4 4
67 12 15
14 55 24
83 15 9
84 52 20
19 53 3
33 2 24
14 13 2
19 35 15
21 27 32
83 55 4
5 46 26
36 8 37
81 28 25
40 1 10
83 8 34
37 54 37
15 43 20
27 3 6
61 53 26
65 21 22
70 49 39
4 15 32
62 33 25
86 11 10
62 6 13
49 42 39
69 21 36
11 38 19
41 22 6
6 44 37
37 18 7
47 32 24
8 46 16
36 38 23
80 47 27
39 5 32
69 25 28
22 47 11
59 37 17
69 22 33
80 19 34
52 36 21
10 45 18
62 33 4
40 6 26
33 14 37
81 4 8
32 41 6
3 24 2
63 48 19
3 53 11
64 52 15
66 33 9
6 34 31
3 9 13
14 54 3
83 47 24
43 50 33
78 11 4
78 43 28
73 27 37
16 25 10
77 22 15
6 5 25
12 54 31
34 51 38
29 27 33
17 45 9
76 54 20
14 41 25
78 34 2
59 31 22
78 32 35
32 16 12
1 26 22
46 56 28
78 16 29
2 6 1
20 46 37
48 39 17
34 11 33
21 31 38
69 5 26
38 12 14
2 26 2
59 3 4
31 7 29
87 19 36
22 53 34
74 30 35
37 20 14
79 31 17
69 35 27
76 29 14
61 32 36
40 54 35
65 55 18
6 48 13
55 3 37
4 28 26
16 43 16
3 50 6
39 18 33
11 36 4
18 25 15
29 20 8
44 3 38
54 27 37
14 46 24
48 30 35
59 31 28
9 27 2
65 7 38
16 52 37
79 33 39
72 25 10
46 5 33
37 41 15
39 43 18
36 18 5
76 49 22
6 54 11
23 35 34
56 42 9
19 36 4
37 22 36
35 40 2
68 9 33
83 32 7
37 25 25
62 54 1
79 19 26
78 7 37
3 21 13
20 39 31
53 7 37
29 8 22
55 9 3
78 7 4
65 51 31
75 9 21
72 30 1
71 23 25
4 16 9
74 53 39
41 47 16
37 47 14
5 34 15
1 14 26
4 49 4
5 15 34
63 36 11
70 39 5
24 53 13
15 36 30
16 40 21
31 45 11
65 8 13
59 56 9
48 45 3
59 23 8
59 32 1
58 20 32
87 49 13
2 44 40
38 5 15
32 53 28
3 26 31
35 18 16
65 38 33
23 46 19
79 13 7
9 4 23
26 51 10
32 21 12
51 32 30
50 40 21
6 37 5
17 32 32
71 22 29
63 33 13
35 52 25
1 33 25
74 46 25
15 48 9
71 40 16
20 22 27
59 52 34
74 32 11
34 15 33
